0 0 0
0 1 0
0 2 0
0 3 0
0 4 0
0 5 0
0 6 0
0 7 0
0 8 0
0 9 0
0 10 0
0 11 0
0 12 0
0 13 0
0 14 0
0 15 0
0 16 0
0 17 0
0 18 0
0 19 0
0 20 0
0 21 0
0 22 0
0 23 0
0 24 0
0 25 0
0 26 0
0 27 0
0 28 0
0 29 0
0 30 0
0 31 0
0 32 0
0 33 0
0 34 0
0 35 0
0 36 0
0 37 0
0 38 0
0 39 0
0 40 0
0 41 0
0 42 0
0 43 0
0 44 0
0 45 0
0 46 0
0 47 0
0 48 0
0 49 0
0 50 0
0 51 0
0 52 0
0 53 0
0 54 0
0 55 0
0 56 0
0 57 0
0 58 0
0 59 0
0 60 0
0 61 0
0 62 0
0 63 0
1 0 0
1 1 -37174.23124866173
1 2 -20779.132745462903
1 3 -46804.10049831494
1 4 -24145.360799968785
1 5 -42611.799924821978
1 6 -23702.651948576658
1 7 -38922.955645705311
1 8 -24083.271347910795
1 9 -34508.150624799324
1 10 -24238.230851710796
1 11 -29685.047881883977
1 12 -24145.838309391365
1 13 -24783.257950412008
1 14 -23712.269673006856
1 15 -20080.065872349449
1 16 -22888.156069114986
1 17 -15793.308200500178
1 18 -21667.810406040644
1 19 -12067.375733482777
1 20 -20088.806356704936
1 21 -8972.6474396059075
1 22 -18224.322751547108
1 23 -6513.8510376641534
1 24 -16170.959223649106
1 25 -4644.6612408715282
1 26 -14034.697345510949
1 27 -3285.1262952362958
1 28 -11917.603362661566
1 29 -2338.8164232301278
1 30 -9907.2582818791943
1 31 -1707.3558077584039
1 32 -8070.0290236848105
1 33 -1301.006024112894
1 34 -6448.3952627199415
1 35 -1044.9538470766129
1 36 -5061.8126760070936
1 37 -881.73399889228676
1 38 -3910.1346562688377
1 39 -770.69427275091584
1 40 -2978.4529405219473
1 41 -685.58282914636948
1 42 -2242.3046148560388
1 43 -611.26638730684135
1 44 -1672.4405080196902
1 45 -540.36608132719266
1 46 -1238.6621231769368
1 47 -470.31825318413212
1 48 -912.53132157476102
1 49 -401.1035139399155
1 50 -668.98845934701967
1 51 -333.68253020853444
1 52 -487.05805918416445
1 53 -269.0453977152174
1 54 -349.911705706063
1 55 -207.77905982072298
1 56 -244.30369608126057
1 57 -148.84355283015793
1 58 -160.6079803650573
1 59 -103.90931611823362
1 60 -109.81752438965486
1 61 52.671733993747694
1 62 369.75395624381235
1 63 0
2 0 0
2 1 -6334.7168502161821
2 2 9617.4801637971541
2 3 -16329.514908375131
2 4 5546.7613901100776
2 5 -13218.352753335694
2 6 4705.6457822577613
2 7 -11106.42272302016
2 8 2596.8333346554573
2 9 -8685.7441894210297
2 10 354.96955555345266
2 11 -6164.7625450120813
2 12 -1891.3458364522739
2 13 -3757.9395633713375
2 14 -3939.8487302662488
2 15 -1630.1012940516557
2 16 -5637.5364933330729
2 17 103.24248148663173
2 18 -6886.4031104055812
2 19 1384.0947319010866
2 20 -7647.688029243227
2 21 2209.0049343034934
2 22 -7936.8931343424265
2 23 2619.4378897969273
2 24 -7812.2997379068693
2 25 2687.904068949365
2 26 -7359.9189267156362
2 27 2502.8023475783812
2 28 -6677.8817726572015
2 29 2154.5336007250171
2 30 -5862.7358163107601
2 31 1724.6794136497101
2 32 -4999.2365495313607
2 33 1279.1092810857663
2 34 -4154.2583708121583
2 35 865.01294556455832
2 36 -3374.6131338375562
2 37 511.20975852541051
2 38 -2687.989167611704
2 39 230.7344179428128
2 40 -2105.95122042605
2 41 24.626626816370845
2 42 -1627.9377317346189
2 43 -114.00697658245917
2 44 -1245.3753216334462
2 45 -196.32952320307595
2 46 -945.30651437025881
2 47 -234.88820363581908
2 48 -713.21231018259823
2 49 -241.62801382203725
2 50 -534.94964798801448
2 51 -226.74068382571022
2 52 -397.88566636502765
2 53 -198.17703806666032
2 54 -291.424606621149
2 55 -161.6722031315021
2 56 -206.89664067958802
2 57 -119.96076185596394
2 58 -137.99675216432661
2 59 -87.241457907794029
2 60 -97.800456006780223
2 61 57.777242142265095
2 62 364.54161261190166
2 63 0
3 0 0
3 1 685.15715898911367
3 2 16457.801411195305
3 3 -9080.1658226439486
3 4 12424.302654835628
3 5 -6112.3625520735914
3 6 11474.249488634314
3 7 -4183.8100070265227
3 8 9216.8151838734502
3 9 -2012.9476573515603
3 10 6767.9715930864859
3 11 199.33644446155085
3 12 4259.0881784576595
3 13 2246.4606418907351
3 14 1894.4651855008487
3 15 3971.9776209494739
3 16 -168.44068005639201
3 17 5269.7350121832187
3 18 -1824.5333232471239
3 19 6091.9429164130179
3 20 -3025.4322884786689
3 21 6445.9386696682941
3 22 -3775.0387364326343
3 23 6384.1236574035065
3 24 -4118.9164739932949
3 25 5989.5630286689538
3 26 -4130.2618106499267
3 27 5360.2750659649701
3 28 -3895.2990444499846
3 29 4594.8477111323882
3 30 -3500.4218301025958
3 31 3781.2426450216208
3 32 -3022.5695947819986
3 33 2989.6927001630047
3 34 -2523.4203853813142
3 35 2269.7031160191727
3 36 -2047.1987193275254
3 37 1650.4951972422077
3 38 -1621.3628791888368
3 39 1143.8573910766081
3 40 -1259.1875217708548
3 41 748.28481268127689
3 42 -963.25980446181347
3 43 453.42612945091787
3 44 -729.08287413611106
3 45 244.12235621866785
3 46 -548.23973534325887
3 47 103.62423692527045
3 48 -410.83543264335276
3 49 15.844507726114898
3 50 -307.15399819882805
3 51 -33.300205399200422
3 52 -228.61237724214334
3 53 -55.285433205654044
3 54 -168.19573098132423
3 55 -58.952649794719036
3 56 -120.33315869643957
3 57 -49.76099153850555
3 58 -81.355626599588504
3 59 -43.836280792675097
3 60 -65.986173950705052
3 61 73.712358096145181
3 62 358.29590768230446
3 63 0
4 0 0
4 1 -955.05112229830047
4 2 14768.057832918657
4 3 -10302.138762676805
4 4 10882.191083442194
4 5 -7368.5049844073092
4 6 9977.1250467767914
4 7 -5416.6236535195367
4 8 7813.2402826042835
4 9 -3210.419047798041
4 10 5476.1249248997501
4 11 -947.26149090433864
4 12 3096.1363918947882
4 13 1168.3455405432142
4 14 872.60272879348122
4 15 2979.8109099829162
4 16 -1042.435890269644
4 17 4379.0082068085212
4 18 -2549.5296465749107
4 19 5314.4944638802372
4 20 -3605.7238760520249
4 21 5788.7416241271694
4 22 -4219.7268605775662
4 23 5848.6876813844901
4 24 -4440.9740241917461
4 25 5571.990827411355
4 26 -4345.3956334303712
4 27 5051.903413590253
4 28 -4020.7381633933892
4 29 4383.3215728056985
4 30 -3553.7538248775036
4 31 3651.827682926978
4 32 -3020.7258674522564
4 33 2926.6281050468024
4 34 -2481.8793920985627
4 35 2257.4262823013669
4 36 -1979.4409240262212
4 37 1674.6202824435841
4 38 -1538.578021683179
4 39 1191.8478550114742
4 40 -1170.2081037583412
4 41 809.81388455825254
4 42 -874.67686091713404
4 43 520.4607352709445
4 44 -645.49158651061589
4 45 310.79164006655446
4 46 -472.56219953055734
4 47 165.94362723481026
4 48 -344.67388063035287
4 49 71.363273650604242
4 50 -251.13754796279864
4 51 14.128542773050867
4 52 -182.71168549404138
4 53 -16.426457585794196
4 54 -131.9898129622743
4 55 -28.637066765213604
4 56 -93.229916905102073
4 57 -27.743880411890132
4 58 -62.740599884136827
4 59 -29.285501597087205
4 60 -54.51050445230976
4 61 76.133407191036895
4 62 342.80915191970962
4 63 0
5 0 0
5 1 -2170.6975821587093
5 2 13631.82250237287
5 3 -10960.097100360144
5 4 9908.9315979881576
5 5 -8104.2665371171552
5 6 9001.8780162040457
5 7 -6174.1069300751406
5 8 6877.3991173031845
5 9 -3989.7933138092867
5 10 4585.0647231020503
5 11 -1742.9897727595289
5 12 2257.9409786317228
5 13 366.82923357602704
5 14 93.899525501228709
5 15 2186.2109409937602
5 16 -1756.5694012546373
5 17 3608.5778939650481
5 18 -3195.7678117350952
5 19 4582.3447938744266
5 20 -4182.5277107534475
5 21 5108.3500562754125
5 22 -4727.2642010568688
5 23 5230.7592053011831
5 24 -4880.9592928535039
5 25 5023.7606950020108
5 26 -4720.8803830869783
5 27 4576.8953279832658
5 28 -4335.8751295897946
5 29 3981.5121688718591
5 30 -3813.5488620469005
5 31 3320.1245440466209
5 32 -3230.7864037704803
5 33 2659.5473265956571
5 34 -2648.1657804424685
5 35 2047.8550444124721
5 36 -2108.027562104553
5 37 1514.5652987655467
5 38 -1635.4327570070382
5 39 1073.0957101486638
5 40 -1240.9995640553007
5 41 724.45794728537294
5 42 -924.61885361672103
5 43 461.27641851967383
5 44 -679.23129252562831
5 45 271.46382752789577
5 46 -494.11498264930742
5 47 141.16543623003963
5 48 -357.40301203190938
5 49 56.833847310144847
5 50 -257.77294544013785
5 51 6.4802120675722108
5 52 -185.39871809934994
5 53 -19.743079002410013
5 54 -132.35646610496588
5 55 -29.483012832542954
5 56 -92.470216634410463
5 57 -27.470441392551948
5 58 -61.673928001937384
5 59 -28.192068225507683
5 60 -52.662435223282955
5 61 71.769727185255761
5 62 321.61529603058625
5 63 0
6 0 0
6 1 -2692.6261338132917
6 2 13280.580362294359
6 3 -10793.58557627188
6 4 9750.4498842909015
6 5 -8032.3392665150095
6 6 8826.9958263822446
6 7 -6132.0242603983388
6 8 6731.3631602360147
6 9 -3981.8265232383965
6 10 4468.2793720880909
6 11 -1769.1294337510044
6 12 2172.8796931483885
6 13 310.56706613981078
6 14 40.536591740192307
6 15 2106.2362356815356
6 16 -1780.3332291521201
6 17 3512.6875244884559
6 18 -3193.7500372691829
6 19 4478.6249542994483
6 20 -4159.6985998637592
6 21 5004.2650026512092
6 22 -4689.1097876653021
6 23 5132.4994481490194
6 24 -4832.8814786032126
6 25 4935.8808387694353
6 26 -4667.7176518414853
6 27 4502.2224401691346
6 28 -4281.5898783430839
6 29 3921.2714284246886
6 30 -3761.0894358238056
6 31 3274.2111481184111
6 32 -3182.1013026103628
6 33 2626.8715187597991
6 34 -2604.3285769276281
6 35 2026.6969986550976
6 36 -2069.4245732840955
6 37 1502.8935145494415
6 38 -1601.9693379575983
6 39 1068.8216337769063
6 40 -1212.2913348662223
6 41 725.61684764878009
6 42 -900.14724271441082
6 43 466.13773271246828
6 44 -658.45517576690327
6 45 278.58240756586383
6 46 -476.53980872155444
6 47 149.38873034111566
6 48 -342.61478875237117
6 49 65.280119633825962
6 50 -245.44698236468321
6 51 14.500768628522565
6 52 -175.29298183376341
6 53 -12.607913868123433
6 54 -124.29640527784613
6 55 -23.544362773009198
6 56 -86.340955544983444
6 57 -22.984371190659658
6 58 -57.386977550777374
6 59 -24.634901978970447
6 60 -49.029513456844143
6 61 67.735923738609927
6 62 297.95690151672716
6 63 0
7 0 0
7 1 -3264.8920727353925
7 2 12996.6756100373
7 3 -10540.301141799091
7 4 9698.5765821955283
7 5 -7878.9893223131457
7 6 8755.3548272239823
7 7 -6003.1931544756389
7 8 6690.8820558353455
7 9 -3881.3822182646618
7 10 4458.4318906856879
7 11 -1696.9750358327929
7 12 2195.8150372370255
7 13 357.99246286387643
7 14 95.6798780293866
7 15 2134.3336733934848
7 16 -1695.8078882282734
7 17 3527.7714946914784
7 18 -3084.5507659591931
7 19 4486.9680257136224
7 20 -4031.8119640687655
7 21 5011.3523401137172
7 22 -4549.1108713292761
7 23 5142.5412641037838
7 24 -4687.2721626243674
7 25 4951.5951041030348
7 26 -4522.382049810858
7 27 4524.8571597824139
7 28 -4141.4182589733173
7 29 3950.8077938819497
7 30 -3629.7842296846738
7 31 3309.6760781802459
7 32 -3062.1480017373415
7 33 2666.6895739879237
7 34 -2497.0944466645051
7 35 2069.0238167162534
7 36 -1975.3397719057375
7 37 1545.8910602035303
7 38 -1520.7464428442563
7 39 1110.855044072423
7 40 -1143.1472088986538
7 41 765.36979166803576
7 42 -842.00218784644676
7 43 502.65575733305923
7 44 -610.09550562403092
7 45 311.26094951332561
7 46 -436.73938403685497
7 47 177.92478938645218
7 48 -310.21777181194921
7 49 89.605207853082902
7 50 -219.41797505178329
7 51 34.709142647670888
7 52 -154.74238383603733
7 53 3.6736943854975834
7 54 -108.48733084571904
7 55 -10.957398586697309
7 56 -74.695957312087558
7 57 -13.923669774840164
7 58 -49.458074886388204
7 59 -18.183105191837967
7 60 -43.26011527382434
7 61 64.379857025187448
7 62 272.31597701984356
7 63 0
8 0 0
8 1 -3962.8037742829747
8 2 12657.276410050144
8 3 -10309.398363443734
8 4 9616.3021837980978
8 5 -7761.0282790601559
8 6 8644.8608727494047
8 7 -5911.6292643409452
8 8 6610.0746724998771
8 9 -3819.498167393931
8 10 4406.93559456804
8 11 -1664.2249717278901
8 12 2176.3898126380354
8 13 365.55324501250652
8 14 108.18734758686332
8 15 2122.4249077761215
8 16 -1653.7923590817627
8 17 3503.0475635437597
8 18 -3017.3152907195799
8 19 4456.1020080493563
8 20 -3944.8756161959864
8 21 4980.3004244324711
8 22 -4448.5335390220371
8 23 5116.0368113698951
8 24 -4579.0171120586365
8 25 4932.8920264770204
8 26 -4411.8124198860187
8 27 4515.7023452247813
8 28 -4032.9684968241963
8 29 3951.5951137389038
8 30 -3526.8096231447998
8 31 3319.7200009112748
8 32 -2966.9267699887314
8 33 2684.5545001719984
8 34 -2410.9404666546652
8 35 2092.8534228119133
8 36 -1898.7795992700285
8 37 1573.6964600534975
8 38 -1453.7190844180259
8 39 1140.7374548355165
8 40 -1085.1953193537156
8 41 795.66921843934324
8 42 -792.43531646397969
8 43 532.02968709342713
8 44 -568.11692043083895
8 45 338.70512455678181
8 46 -401.53624872232285
8 47 202.75186570302139
8 48 -281.01955835495573
8 49 111.39729937212905
8 50 -195.53026442054033
8 51 53.25806868086147
8 52 -135.56351732972871
8 53 18.919238692660656
8 54 -93.512793432637409
8 55 1.019480515651594
8 56 -63.528078970875868
8 57 -5.2004076223965967
8 58 -41.777959364708295
8 59 -11.835863085707388
8 60 -37.499529526030528
8 61 60.484660593829176
8 62 244.60743246663696
8 63 0
9 0 0
9 1 -4787.2250596412869
9 2 12290.340123428223
9 3 -10094.121572251424
9 4 9537.2959817268566
9 5 -7664.3863654794586
9 6 8531.8694312263688
9 7 -5838.820539702283
9 8 6525.3046357895528
9 9 -3774.1841758247574
9 10 4348.793134704465
9 11 -1646.1910171301497
9 12 2147.3732476067653
9 13 359.83942943857983
9 14 108.06847466824365
9 15 2098.1263899443547
9 16 -1627.3283216719392
9 17 3466.2250711505749
9 18 -2968.26311159748
9 19 4412.8976015997523
9 20 -3878.3010952897712
9 21 4936.2826242202118
9 22 -4369.921238827601
9 23 5075.7415582836529
9 24 -4493.6814629693345
9 25 4899.5758963826574
9 26 -4324.4471334446644
9 27 4491.2921989180177
9 28 -3947.3683864912346
9 29 3936.7962836479364
9 30 -3445.76224431421
9 31 3314.2326604604477
9 32 -2892.2446954823045
9 33 2687.3453815085213
9 34 -2343.5909257955245
9 35 2102.4358048236991
9 36 -1839.0657590714454
9 37 1588.3825461571632
9 38 -1401.4734300360487
9 39 1158.840761229385
9 40 -1039.9565516536313
9 41 815.64761587742396
9 42 -753.59233529184166
9 43 552.57031626751996
9 44 -535.01415766277205
9 45 358.75955958886152
9 46 -373.54240611193745
9 47 221.53355186560475
9 48 -257.5663300603992
9 49 128.35400381732143
9 50 -176.12928405696948
9 51 68.030744586167202
9 52 -119.80952227190755
9 53 31.296121613877403
9 54 -81.077828792786022
9 55 10.895755991668921
9 56 -54.164988011962123
9 57 2.0673186099884333
9 58 -35.285610664459455
9 59 -6.3392712945642415
9 60 -32.316624998429688
9 61 55.803554323574645
9 62 215.11964073965828
9 63 0
10 0 0
10 1 -5654.3221326990079
10 2 11930.55287246807
10 3 -9847.3531608306075
10 4 9483.6350271407355
10 5 -7548.7526100857849
10 6 8436.1606976131043
10 7 -5749.853837022556
10 8 6455.808599912416
10 9 -3714.8398303997965
10 10 4303.8312435214721
10 11 -1615.8845598170046
10 12 2129.6598213496054
10 13 364.83510891685
10 14 117.37788191226173
10 15 2082.9983072360392
10 16 -1593.3753650642757
10 17 3436.9823352506046
10 18 -2913.7173249011994
10 19 4375.6215961366252
10 20 -3808.2234173714369
10 21 4896.5190819046711
10 22 -4289.705686568368
10 23 5038.0669226399277
10 24 -4408.4647608258365
10 25 4867.3571486290257
10 26 -4238.6737777974304
10 27 4466.6289580163721
10 28 -3864.5378929231811
10 29 3920.6126405929353
10 30 -3368.3491275667166
10 31 3306.4733596575024
10 32 -2821.7566906903357
10 33 2687.2274336028568
10 34 -2280.7188885508367
10 35 2108.71109323989
10 36 -1783.8781771501999
10 37 1599.5769869675769
10 38 -1353.6161812055525
10 39 1173.4481127916752
10 40 -998.83045924684666
10 41 832.26837581946711
10 42 -718.49364170475383
10 43 569.99629910592375
10 44 -505.23374097792839
10 45 376.01169058234518
10 46 -348.42711870624044
10 47 237.86400660696927
10 48 -236.55002742088982
10 49 143.22458318360987
10 50 -158.74243858888804
10 51 81.078151072233595
10 52 -105.67580671931864
10 53 42.292363571050373
10 54 -69.902593827464443
10 55 19.713814043598177
10 56 -45.734742042213838
10 57 8.5724353482419247
10 58 -29.427581614527298
10 59 -1.2894685767150804
10 60 -27.432910786728826
10 61 50.604189937075716
10 62 184.3267316417041
10 63 0
11 0 0
11 1 -6603.6489765963324
11 2 11565.584290644892
11 3 -9600.3049799946893
11 4 9448.4098378472936
11 5 -7436.4624501527032
11 6 8353.6015867082369
11 7 -5661.5874827059542
11 8 6397.8879629644325
11 9 -3653.8351699448413
11 10 4268.0090702958751
11 11 -1581.8930044702029
11 12 2118.5831588184101
11 13 375.12095930765099
11 14 130.8781217574051
11 15 2074.2118753389605
11 16 -1557.4932816377896
11 17 3414.5328090801286
11 18 -2859.2229616094755
11 19 4345.0240939591822
11 20 -3739.8292378952647
11 21 4862.850178926692
11 22 -4212.4238925055124
11 23 5005.5681869650925
11 24 -4327.0509967442194
11 25 4839.2057780233699
11 26 -4157.2214958932818
11 27 4444.8690974718374
11 28 -3786.2465298928782
11 29 3906.2220434232131
11 30 -3295.4552160106232
11 31 3299.5275301118454
11 32 -2755.5940554293556
11 33 2687.1187462404578
11 34 -2221.8634334080889
11 35 2114.3829857521723
11 36 -1732.3328772931745
11 37 1609.7412781618914
11 38 -1308.9995017594447
11 39 1186.7642566357972
11 40 -960.54278247947877
11 41 847.4745167745823
11 42 -685.84811330651974
11 43 585.99141050876824
11 44 -477.54794181287252
11 45 391.89475717762434
11 46 -325.07897841469457
11 47 252.93988346675178
11 48 -217.00524897596551
11 49 156.98719691954466
11 50 -142.5618854170807
11 51 93.180826428351793
11 52 -92.510795985845107
11 53 52.512939510052092
11 54 -59.482585851355907
11 55 27.924557446112885
11 56 -37.86691264053843
11 57 14.631912068807651
11 58 -23.954412034754569
11 59 3.50216154743066
11 60 -22.726306491449577
11 61 45.057354606115041
11 62 152.62794613590813
11 63 0
12 0 0
12 1 -7572.0201811577681
12 2 11211.365309276289
12 3 -9328.2893621449148
12 4 9435.1398752507976
12 5 -7310.1274514840497
12 6 8285.7813095699839
12 7 -5562.4811312100064
12 8 6352.4811061654418
12 9 -3584.1641137267288
12 10 4242.4936077054554
12 11 -1540.8169146837736
12 12 2115.8332232459998
12 13 391.28613402112933
12 14 150.79658114132144
12 15 2070.286113308839
12 16 -1517.0522596179126
12 17 3396.0058775960533
12 18 -2801.94602672168
12 19 4317.4427617884703
12 20 -3670.2843040870903
12 21 4831.3143418283744
12 22 -4135.4146965659311
12 23 4974.3584426209964
12 24 -4247.0759878938225
12 25 4811.5644991241879
12 26 -4078.0923723275464
12 27 4422.9322504463653
12 28 -3710.8821307413109
12 29 3891.0800931205358
12 30 -3225.8345478737738
12 31 3291.3807215663837
12 32 -2692.8316798091601
12 33 2685.4866678434064
12 34 -2166.3619687558366
12 35 2118.3301551332079
12 36 -1683.9690583140055
12 37 1618.0877687531847
12 38 -1267.3087237487834
12 39 1198.2605880518804
12 40 -924.87867427166748
12 41 860.93066882995117
12 42 -655.50531506914922
12 43 600.35895056671507
12 44 -451.8458233178535
12 45 406.30758160205005
12 46 -303.41054058453665
12 47 266.72268494962736
12 48 -198.85885900521316
12 49 169.64182418064411
12 50 -127.52434884646391
12 51 104.35990112682703
12 52 -80.25956711321669
12 53 61.98807960799968
12 54 -49.771319754654542
12 55 35.559142196461835
12 56 -30.524070325554931
12 57 20.273278317972654
12 58 -18.838625521766517
12 59 8.0464702705285163
12 60 -18.195918784158494
12 61 39.25061723748513
12 62 120.36963916557397
12 63 0
13 0 0
13 1 -8596.3799608236968
13 2 10854.011948731568
13 3 -9060.5370634250448
13 4 9434.4613924931764
13 5 -7189.6048479914043
13 6 8225.9541659311708
13 7 -5466.8282727902806
13 8 6313.2802028064816
13 9 -3515.7978242693844
13 10 4220.8590244058541
13 11 -1499.2140864990233
13 12 2114.710465968983
13 13 409.41798898757042
13 14 170.2563446201566
13 15 2069.2809465458595
13 16 -1478.890489886453
13 17 3380.8491984189004
13 18 -2748.4366443161434
13 19 4293.221827066418
13 20 -3605.6264471937993
13 21 4802.7600218631505
13 22 -4064.0388818644624
13 23 4945.4962779009293
13 24 -4173.1321461384141
13 25 4785.4988989058711
13 26 -4005.090607904549
13 27 4401.7659544067556
13 28 -3641.49974975021
13 29 3875.9531774587686
13 30 -3161.8731090020447
13 31 3282.6000607940387
13 32 -2635.2889077827513
13 33 2682.7102513266254
13 34 -2115.5757480983084
13 35 2120.7710308203787
13 36 -1639.7925149760795
13 37 1624.7082156610304
13 38 -1229.2834627771754
13 39 1207.9361203063854
13 40 -892.38417942283377
13 41 872.57325643008699
13 42 -627.87345059973632
13 43 612.99747665657378
13 44 -428.43836766905952
13 45 419.12988281751495
13 46 -283.66380998932073
13 47 279.0871701222386
13 48 -182.30269463401783
13 49 181.0678977221869
13 50 -113.78354853377459
13 51 114.50584886461002
13 52 -69.045188996597062
13 53 70.623295511040851
13 54 -40.865738134243657
13 55 42.540440318816763
13 56 -23.779618481967191
13 57 25.438773440100704
13 58 -14.131793130900405
13 59 12.296443969717075
13 60 -13.88745687336268
13 61 33.237839630828603
13 62 87.858138590490853
13 63 0
14 0 0
14 1 -9617.106298054523
14 2 10511.393998109497
14 3 -8774.7116881701004
14 4 9452.7727484091884
14 5 -7059.3736678972618
14 6 8179.256523908407
14 7 -5364.4860564361352
14 8 6284.9502266089985
14 9 -3442.5657131635035
14 10 4207.9189300523012
14 11 -1453.882256879524
14 12 2120.2972101150408
14 13 430.56642595615813
14 14 194.5256520627936
14 15 2070.792010488276
14 16 -1437.7246689434742
14 17 3367.7904703324657
14 18 -2693.5844786009966
14 19 4270.6896019922169
14 20 -3541.0824838834287
14 21 4775.4634051102585
14 22 -3993.9799322837644
14 23 4917.4367970067578
14 24 -4101.4281180878243
14 25 4759.7718120925947
14 26 -3934.9710018768747
14 27 4380.4877143372778
14 28 -3575.3831517581602
14 29 3860.301638241026
14 30 -3101.3399837263478
14 31 3272.9404810652341
14 32 -2581.1615435145541
14 33 2678.773417130742
14 34 -2068.0633706376739
14 35 2121.8499235658328
14 36 -1598.6623753178719
14 37 1629.8451433215178
14 38 -1194.02705628886
14 39 1216.0808444264148
14 40 -862.35848053775044
14 41 882.7020239095873
14 42 -602.40749729132403
14 43 624.19112852580838
14 44 -406.90396474474255
14 45 430.61524383460892
14 46 -265.51475985456818
14 47 290.24938081647633
14 48 -167.0898280167421
14 49 191.44249541795944
14 50 -101.15343011989353
14 51 123.7588382366539
14 52 -58.729642927346504
14 53 78.52573085642689
14 54 -32.66577731437792
14 55 48.947030450108286
14 56 -17.563554882826793
14 57 30.183354078872071
14 58 -9.7882771910917654
14 59 16.278194470942253
14 60 -9.789579951302585
14 61 27.102557680791506
14 62 55.394089650917522
14 63 0
15 0 0
15 1 -10665.161093351117
15 2 10169.800090972103
15 3 -8495.6420319883819
15 4 9479.7560671963765
15 5 -6935.1857673552786
15 6 8137.8349174372033
15 7 -5266.0385116553243
15 8 6260.1739434569481
15 9 -3371.2131611821405
15 10 4196.5473176446721
15 11 -1408.6979824583068
15 12 2125.6029239964391
15 13 452.93940329997895
15 14 216.86677911816332
15 15 2074.4681977078017
15 16 -1399.8638130146901
15 17 3357.3992152469145
15 18 -2643.1005419340181
15 19 4250.932039201416
15 20 -3481.6402956835191
15 21 4750.7301129883217
15 22 -3929.4380233229731
15 23 4891.5033603009306
15 24 -4035.3729993114484
15 25 4735.6010977694041
15 26 -3870.3996357753567
15 27 4360.1473863645879
15 28 -3514.539763943958
15 29 3844.987847099901
15 30 -3045.6882705607313
15 31 3263.0846659401413
15 32 -2531.4581272368741
15 33 2674.2015828119747
15 34 -2024.4929867089922
15 35 2121.9628788571754
15 36 -1560.9978993950335
15 37 1633.7927485722048
15 38 -1161.7852859842515
15 39 1222.9111461067532
15 40 -834.93263185232536
15 41 891.47495661450193
15 42 -579.16719488275703
15 43 634.05436816310612
15 44 -387.26146201497613
15 45 440.84566260380598
15 46 -248.96147273807401
15 47 300.26699881204877
15 48 -153.2100054134844
15 49 200.80505692021688
15 50 -89.622386309429203
15 51 132.14471661626703
15 52 -49.30332038384222
15 53 85.711305001723304
15 54 -25.164947840039531
15 55 54.787796312893988
15 56 -11.872293146097945
15 57 34.51181046898455
15 58 -5.8068548128176189
15 59 19.985969004210347
15 60 -5.9156543045446597
15 61 20.907744664100392
15 62 23.246563119982966
15 63 0
16 0 0
16 1 -11689.832700147917
16 2 9846.064858123782
16 3 -8206.3272050504565
16 4 9522.114591237596
16 5 -6805.814488075157
16 6 8107.7156748563084
16 7 -5164.7862837285174
16 8 6244.5860154753063
16 9 -3298.2303314327055
16 10 4192.3688459405639
16 11 -1362.3895481487125
16 12 2136.235168740086
16 13 476.31052173642274
16 14 242.74633454410832
16 15 2079.1803279962551
16 16 -1360.1362004237671
16 17 3348.1084689697127
16 18 -2592.2430361219995
16 19 4232.2866345216426
16 20 -3423.081434004871
16 21 4727.0315549894804
16 22 -3866.7634869739231
16 23 4866.4333629290013
16 24 -3971.887201618074
16 25 4712.0446163205543
16 26 -3808.8337125714133
16 27 4340.1217378061574
16 28 -3456.9074042849479
16 29 3829.6704413482985
16 30 -2993.2686407050824
16 31 3252.9180633048327
16 32 -2484.8721461353307
16 33 2669.0471461506604
16 34 -1983.8351891621642
16 35 2121.2733740867407
16 36 -1525.9892759331706
16 37 1636.7785699685555
16 38 -1131.9202016750296
16 39 1228.6822766725436
16 40 -809.60250186308258
16 41 899.14910107609103
16 42 -557.75280047782871
16 43 642.82914248110501
16 44 -369.19316375474409
16 45 450.03822203852906
16 46 -233.75147441697663
16 47 309.32768887623752
16 48 -140.46327530081726
16 49 209.31279070737219
16 50 -79.033313289755824
16 51 139.79134980672825
16 52 -40.644507981824063
16 53 92.280781024101088
16 54 -18.271154101512366
16 55 60.138995331726619
16 56 -6.6388147331508662
16 57 38.479009083403071
16 58 -2.1423686121124774
16 59 23.447677915555687
16 60 -2.2520052766594745
16 61 14.728456454804473
16 62 -8.3274416965650744
16 63 0
17 0 0
17 1 -12714.743183795463
17 2 9527.3453044853795
17 3 -7926.4611015730679
17 4 9569.1831605961397
17 5 -6682.8227755479475
17 6 8080.5010206631778
17 7 -5067.9173539833755
17 8 6230.3973137375124
17 9 -3227.7111288749438
17 10 4188.0260474385977
17 11 -1316.8782427840142
17 12 2145.2647193882513
17 13 500.2173685170419
17 14 265.7653374342317
17 15 2085.3747875264617
17 16 -1324.2929883915622
17 17 3340.8597282630126
17 18 -2546.0253700600788
17 19 4215.8943842821373
17 20 -3369.6388511259556
17 21 4705.51230187084
17 22 -3809.416571886004
17 23 4843.2592198082602
17 24 -3913.7093534577616
17 25 4689.9673416703536
17 26 -3752.3721131890397
17 27 4321.0949199874449
17 28 -3404.0439036800763
17 29 3814.8652635072722
17 30 -2945.2008069824842
17 31 3242.8139798639677
17 32 -2442.1827163735088
17 33 2663.5708879098274
17 34 -1946.6144172497479
17 35 2119.9582303893294
17 36 -1493.9775895982166
17 37 1638.9196387194715
17 38 -1104.6457684756206
17 39 1233.4702655948604
17 40 -786.49726701769396
17 41 905.77313897028944
17 42 -538.2392135857117
17 43 650.54617698478978
17 44 -352.74077329177089
17 45 458.21188374475241
17 46 -219.90721464817398
17 47 317.44263204700474
17 48 -128.86162096492626
17 49 216.97166400826973
17 50 -69.392951604640984
17 51 146.70120450546165
17 52 -32.757572205355245
17 53 98.234343909098243
17 54 -11.9877927431844
17 55 64.999419328160002
17 56 -1.8659997635950276
17 57 42.083616199306562
17 58 1.2026091553707374
17 59 26.655263889097114
17 60 1.1881657314916083
17 61 8.617637445240689
17 62 -39.100242952372355
17 63 0
18 0 0
18 1 -13699.932574547802
18 2 9228.6560299896792
18 3 -7644.5862287187083
18 4 9627.431840982581
18 5 -6559.1353504260042
18 6 8062.4804801630034
18 7 -4971.8095301159337
18 8 6223.5472810641568
18 9 -3158.3365707263056
18 10 4189.3003008397045
18 11 -1272.3383614570594
18 12 2158.2308750566881
18 13 523.59425052372899
18 14 291.09442166372901
18 15 2091.5506092137548
18 16 -1287.6469871571317
18 17 3334.0467144512331
18 18 -2500.3201436959444
18 19 4200.2636329186771
18 20 -3317.7759893305847
18 21 4684.9226100107444
18 22 -3754.4412799320526
18 23 4821.0274114694585
18 24 -3858.421930010536
18 25 4668.7137364756381
18 26 -3699.0733428638123
18 27 4302.6776934766531
18 28 -3354.4118840268311
18 29 3800.4003632750027
18 30 -2900.2789760056658
18 31 3232.763623543633
18 32 -2402.4486619737218
18 33 2657.8760777283605
18 34 -1912.0962411193432
18 35 2118.1892930030699
18 36 -1464.3876959553381
18 37 1640.4222973505966
18 38 -1079.5088005465914
18 39 1237.4911921710918
18 40 -765.25727970420121
18 41 911.55626886347818
18 42 -520.33917080507308
18 43 657.39767742343247
18 44 -337.6738527776979
18 45 465.536570425229
18 46 -207.24364530906314
18 47 324.75750469984632
18 48 -118.25689484794566
18 49 223.90326272443417
18 50 -60.58364556338347
18 51 152.97314039344201
18 52 -25.550424675202521
18 53 103.65005140329231
18 54 -6.2445295043289661
18 55 69.428332506049628
18 56 2.4977601128739479
18 57 45.36848077805189
18 58 4.2630606344573607
18 59 29.630036658545578
18 60 4.414642808114877
18 61 2.6383431077192654
18 62 -68.855719212024269
18 63 0
19 0 0
19 1 -14661.079957971879
19 2 8938.901826803658
19 3 -7374.8748145817444
19 4 9686.7816487758773
19 5 -6442.1548650159366
19 6 8045.6060426229214
19 7 -4880.4920095960824
19 8 6216.6225747887438
19 9 -3091.8868610001482
19 10 4189.3603577705107
19 11 -1229.0904175245032
19 12 2168.9023826240827
19 13 546.99620868632337
19 14 313.17332069988879
19 15 2098.7174553624754
19 16 -1255.0273600822948
19 17 3328.8420087046688
19 18 -2459.2002615918318
19 19 4186.5421986472029
19 20 -3270.8255877764714
19 21 4666.2787132618178
19 22 -3704.4828462512669
19 23 4800.57514996588
19 24 -3808.0615926446626
19 25 4648.9347774581802
19 26 -3650.4586938008288
19 27 4285.3517822550202
19 28 -3309.1137432279538
19 29 3786.6169966832786
19 30 -2859.2778884330983
19 31 3222.9996597493482
19 32 -2366.1975738491492
19 33 2652.1163657548641
19 34 -1880.6282136210939
19 35 2116.0657444056596
19 36 -1437.4403891338261
19 37 1641.3499683380905
19 38 -1056.6438422756619
19 39 1240.7859633754015
19 40 -745.96044756845004
19 41 916.52563908155571
19 42 -504.0948095938802
19 43 663.40245201672587
19 44 -324.01295858335288
19 45 472.02589543076101
19 46 -195.76904503537662
19 47 331.28245332818551
19 48 -108.65095958934035
19 49 230.11519322153617
19 50 -52.604362463171128
19 51 158.61274705457618
19 52 -19.021121022433363
19 53 108.53182463961275
19 54 -1.0395358572168334
19 55 73.428238704309479
19 56 6.453802984651702
19 57 48.335412122924026
19 58 7.0395828629443713
19 59 32.367186429382855
19 60 7.4180084084218834
19 61 -3.1633972525924037
19 62 -97.402474818863993
19 63 0
20 0 0
20 1 -15569.384005618758
20 2 8670.6830294701831
20 3 -7111.0268910103969
20 4 9752.9555430185155
20 5 -6328.4738956156161
20 6 8035.8055107694781
20 7 -4792.8983004396741
20 8 6215.2293584176732
20 9 -3028.7448320109434
20 10 4193.548219512877
20 11 -1188.345147926384
20 12 2182.2387363954476
20 13 568.82317930444515
20 14 336.47318217617794
20 15 2105.196737602455
20 16 -1222.5206100424657
20 17 3323.6925418123064
20 18 -2419.3346993001796
20 19 4173.4193627007699
20 20 -3226.023904937847
20 21 4648.56132107343
20 22 -3657.2994204220777
20 23 4781.1751855533657
20 24 -3760.8441805105031
20 25 4630.1651023100021
20 26 -3605.1292870979523
20 27 4268.8675963404421
20 28 -3267.0637588921636
20 29 3773.4304493255877
20 30 -2821.3589863753441
20 31 3213.5540481249336
20 32 -2332.7814798335567
20 33 2646.3990921911318
20 34 -1851.7069313816137
20 35 2113.7376008482534
20 36 -1412.7410067317214
20 37 1641.8711832670851
20 38 -1035.738053053592
20 39 1243.524972267096
20 40 -728.35606875969461
20 41 920.84288995692987
20 42 -489.30342416042549
20 43 668.70730013306456
20 44 -311.59327978684814
20 45 477.80890786270902
20 46 -185.34923517563584
20 47 337.12795790279415
20 48 -99.934950014812785
20 49 235.69981605078283
20 50 -45.367555014763639
20 51 163.69539806646571
20 52 -13.100354283324123
20 53 112.93946529349341
20 54 3.6806521507060097
20 55 77.044773149737011
20 56 10.041689915851748
20 57 51.017599503211386
20 58 9.5591432341279869
20 59 34.882832471794245
20 60 10.205178227806755
20 61 -8.7352910213667201
20 62 -124.5610463797675
20 63 0
21 0 0
21 1 -16433.134019104044
21 2 8415.1289537032881
21 3 -6862.058611750399
21 4 9817.1085102990219
21 5 -6221.8745390055119
21 6 8025.9904726574405
21 7 -4710.4722831022627
21 8 6212.8829319476608
21 9 -2968.9193419869753
21 10 4196.0134031683083
21 11 -1149.288378115898
21 12 2193.0445758584938
21 13 590.28259681781492
21 14 356.49178788617064
21 15 2112.3038605878719
21 16 -1193.921706033052
21 17 3319.8447510130791
21 18 -2383.8304572109337
21 19 4161.9768278110314
21 20 -3185.8404784316008
21 21 4632.6494901791193
21 22 -3614.7964568272073
21 23 4763.5041852345239
21 24 -3718.196945692398
21 25 4612.9014928965262
21 26 -3564.1228254803536
21 27 4253.5747569331761
21 28 -3228.9939076918017
21 29 3761.0778159773872
21 30 -2787.0225746369215
21 31 3204.5828432046619
21 32 -2302.5308857540949
21 33 2640.8251278326134
21 34 -1825.5423907135082
21 35 2111.2701243851006
21 36 -1390.416695710428
21 37 1642.0293711689737
21 38 -1016.8634539468258
21 39 1245.7388360758159
21 40 -712.4807703235092
21 41 924.531298767306
21 42 -475.97986093705913
21 43 673.33119537806851
21 44 -300.41699883440742
21 45 482.90178210663726
21 46 -175.97965888853651
21 47 342.30802669981131
21 48 -92.101296240798547
21 49 240.66917492291395
21 50 -38.86489350861666
21 51 168.23120492972521
21 52 -7.7803270983167749
21 53 116.88115365586782
21 54 7.9226041066249309
21 55 80.284181979095592
21 56 13.266499854580616
21 57 53.419809580645961
21 58 11.825103285900695
21 59 37.175152249346866
21 60 12.770089699642995
21 61 -14.037755499884952
21 62 -150.17282041753788
21 63 0
22 0 0
22 1 -17233.768078989444
22 2 8182.1621101823894
22 3 -6625.9105730523515
22 4 9883.8936173649472
22 5 -6121.8272302824062
22 6 8021.2828180776796
22 7 -4634.0269560857905
22 8 6214.4169496036739
22 9 -2913.9500167502774
22 10 4201.2756017584252
22 11 -1113.7609511251867
22 12 2205.4031722973377
22 13 609.51324367124471
22 14 376.80012554801579
22 15 2118.3387451969793
22 16 -1166.2013195518739
22 17 3315.8608593907957
22 18 -2350.1878839510937
22 19 4151.0787842184982
22 20 -3148.2628670801205
22 21 4617.7053404903745
22 22 -3575.387589694401
22 23 4746.9906086575975
22 24 -3678.8904335708139
22 25 4596.7930607616836
22 26 -3526.4979117528128
22 27 4239.2933865130544
22 28 -3194.1879810347018
22 29 3749.5034145763384
22 30 -2755.7239024758928
22 31 3196.1143768626243
22 32 -2275.0289988607619
22 33 2635.4747732511896
22 34 -1801.8121175941815
22 35 2108.7716062993422
22 36 -1370.2142790521066
22 37 1641.943927381817
22 38 -999.81813824570054
22 39 1247.5468942398038
22 40 -698.17123420534699
22 41 927.70331027622888
22 42 -463.99058842325758
22 43 677.37592192997909
22 44 -290.3742651255925
22 45 487.39394087533583
22 46 -167.56985068013819
22 47 346.89932575702187
22 48 -85.075810727630596
22 49 245.08754869430049
22 50 -33.03614014384948
22 51 172.27282392013876
22 52 -3.0129485367069719
22 53 120.39884048817839
22 54 11.723679779152008
22 55 83.178599720667989
22 56 16.156037997916428
22 57 55.565538491464395
22 58 13.856471116469038
22 59 39.254936177712807
22 60 15.116625991140609
22 61 -19.028773544960131
22 62 -174.09163909860581
22 63 0
23 0 0
23 1 -17973.583486616462
23 2 7965.2604595082721
23 3 -6407.3154845402769
23 4 9946.0835749653143
23 5 -6029.3247811955553
23 6 8015.9093447662144
23 7 -4563.1421854693599
23 8 6214.5819198747176
23 9 -2862.6659235840179
23 10 4204.6873395747753
23 11 -1080.2681322161334
23 12 2215.2850111979205
23 13 628.05322666008578
23 14 393.99821977212923
23 15 2124.7176390488676
23 16 -1142.1458182326205
23 17 3312.9512831351349
23 18 -2320.6230311757281
23 19 4141.7020344852062
23 20 -3115.0009612815666
23 21 4604.4802497476667
23 22 -3540.3525114816148
23 23 4732.1888230271725
23 24 -3643.8531448311551
23 25 4582.2341960615631
23 26 -3492.9069395616352
23 27 4226.2956850890987
23 28 -3163.0888401991797
23 29 3738.8910959066379
23 30 -2727.7520711322722
23 31 3188.2718127690168
23 32 -2250.4556834860523
23 33 2630.4314912863447
23 34 -1780.6208211709418
23 35 2106.3006877739099
23 36 -1352.1884509032134
23 37 1641.6585393471905
23 38 -984.62472681148938
23 39 1248.9839752220178
23 40 -685.43043724957897
23 41 930.38835967718114
23 42 -453.3273180982178
23 43 680.86729347669461
23 44 -281.45102736516492
23 45 491.30834798916112
23 46 -160.10351479280871
23 47 350.92221454533501
23 48 -78.842134871592862
23 49 248.97270665178439
23 50 -27.866174229984608
23 51 175.83538220833361
23 52 1.2149316603426996
23 53 123.50497079296474
23 54 15.094674631654925
23 55 85.737764095483726
23 56 18.718629735303693
23 57 57.462178085643245
23 58 15.658958170661208
23 59 41.123012681509863
23 60 17.241663022105058
23 61 -23.674856845445902
23 62 -196.18872595401626
23 63 0
24 0 0
24 1 -18642.379378962913
24 2 7771.7161140867574
24 3 -6207.2142598879054
24 4 10007.1468703959
24 5 -5945.7671458972072
24 6 8013.9475870112165
24 7 -4499.7789878721051
24 8 6217.2124752805757
24 9 -2817.22133582889
24 10 4209.7732601973803
24 11 -1050.9045991170751
24 12 2225.7961786181113
24 13 644.01761369481392
24 14 410.72668777815124
24 15 2129.8469765156369
24 16 -1119.5811655738908
24 17 3309.8417031965255
24 18 -2293.396088919053
24 19 4132.8812554638716
24 20 -3084.6964293459678
24 21 4592.2836525505772
24 22 -3508.6523931681768
24 23 4718.6367301037535
24 24 -3612.3030830026437
24 25 4568.9419957625432
24 26 -3462.7671199473298
24 27 4214.4317784163832
24 28 -3135.263531066812
24 29 3729.1843706611871
24 30 -2702.7840192658914
24 31 3181.0602506311625
24 32 -2228.5670042037964
24 33 2625.7379131720882
24 34 -1761.7809868625045
24 35 2103.9202750557706
24 36 -1336.1919744738771
24 37 1641.2446397453095
24 38 -971.16513563832996
24 39 1250.122470878523
24 40 -674.16195710165994
24 41 932.6552347715733
24 42 -443.91030641008911
24 43 683.86798387791714
24 44 -273.58089607787406
24 45 494.70039148218348
24 46 -153.52534890098468
24 47 354.42445098397002
24 48 -73.354445237328036
24 49 252.36491223949997
24 50 -23.317452166793373
24 51 178.95203467332976
24 52 4.9335128665006778
24 53 126.22608056744866
24 54 18.059187038943492
24 55 87.982071488568181
24 56 20.97191900247708
24 57 59.124733388671302
24 58 17.244633295376843
24 59 42.785537311829103
24 60 19.146492832078366
24 61 -27.943442069044977
24 62 -216.34826811123276
24 63 0
25 0 0
25 1 -19238.375524724914
25 2 7597.1713469414226
25 3 -6027.2236934395096
25 4 10061.601143212329
25 5 -5870.3254180102249
25 6 8011.0534919811016
25 7 -4442.416297786167
25 8 6218.37744882896
25 9 -2775.8423850059444
25 10 4213.1126850790679
25 11 -1023.9074359901679
25 12 2234.0361210240189
25 13 659.00133093919067
25 14 424.600169696987
25 15 2135.0796705633002
25 16 -1100.4078113273863
25 17 3307.6234485179157
25 18 -2269.9729505802679
25 19 4125.4606633856383
25 20 -3058.4432478917734
25 21 4581.7456490567565
25 22 -3481.0762038887333
25 23 4706.7906731058429
25 24 -3584.7888306193454
25 25 4557.2393242423459
25 26 -3436.4445280402833
25 27 4203.9268660460039
25 28 -3110.9444135495323
25 29 3720.5400866014315
25 30 -2680.9574778667411
25 31 3174.59060032661
25 32 -2209.4360222467913
25 33 2621.475133378226
25 34 -1745.3230939850073
25 35 2101.6925815729337
25 36 -1322.2284795119776
25 37 1640.7525444947169
25 38 -959.4270085244716
25 39 1251.0049789284494
25 40 -664.34474590550963
25 41 934.5411354843236
25 42 -435.71458388669271
25 43 686.41096986539196
25 44 -266.73801863807967
25 45 497.5993506263876
25 46 -147.81049584371431
25 47 357.43181542784441
25 48 -68.589997908929945
25 49 255.28650870683123
25 50 -19.369971266769426
25 51 181.64171310672828
25 52 8.1597371149655373
25 53 128.5777238308583
25 54 20.630960568723822
25 55 89.923733776231529
25 56 22.926465101136273
25 57 60.562405576547462
25 58 18.620817047576566
25 59 44.245378012419678
25 60 20.830361165735667
25 61 -31.806993933969352
25 62 -234.46899109558217
25 63 0
26 0 0
26 1 -19757.347357472099
26 2 7446.5707273361659
26 3 -5869.9396003305537
26 4 10111.791279825866
26 5 -5805.3642431048047
26 6 8010.2026434417439
26 7 -4393.4638047119279
26 8 6220.8652414369681
26 9 -2740.8067656210733
26 10 4217.2289136942709
26 11 -1001.2998153229091
26 12 2242.176815775565
26 13 671.29332146578236
26 14 437.41471955627276
26 15 2139.0329325754465
26 16 -1083.1915195126385
26 17 3305.2266755930759
26 18 -2249.2428613077209
26 19 4118.6479306247747
26 20 -3035.4038397263139
26 21 4572.3058522185056
26 22 -3457.0063383171146
26 23 4696.2743341964597
26 24 -3560.8627142892146
26 25 4546.8891605878525
26 26 -3413.6180235236679
26 27 4194.644635970235
26 28 -3089.9015616000725
26 29 3712.8914561208148
26 30 -2662.1065015547174
26 31 3168.8417301779737
26 32 -2192.9407551169788
26 33 2617.6502662906387
26 34 -1731.1550355657346
26 35 2099.6408207793138
26 36 -1310.2262062147929
26 37 1640.2134457393913
26 38 -949.35271268923316
26 39 1251.6654733644828
26 40 -655.93135400376923
26 41 936.0796493979251
26 42 -428.70042969980204
26 43 688.52763567974762
26 44 -260.88887752848677
26 45 500.03345754703332
26 46 -142.93066901700513
26 47 359.96897597669886
26 48 -64.525081074862101
26 49 257.75850646141407
26 50 -16.004115764189919
26 51 183.92185398852234
26 52 10.909501656897191
26 53 130.57393457529543
26 54 22.82247996845399
26 55 91.573568579406128
26 56 24.59163457615432
26 57 61.783223463862669
26 58 19.793892579400563
26 59 45.504974525556463
26 60 22.292583798844134
26 61 -35.241550597220339
26 62 -250.46296819937197
26 63 0
27 0 0
27 1 -20195.506400921204
27 2 7317.3307472870874
27 3 -5735.1039497291367
27 4 10153.911646079905
27 5 -5749.188623065038
27 6 8008.4139307757596
27 7 -4351.0107685676758
27 8 6221.9863780455853
27 9 -2710.2474015691769
27 10 4219.8187974804569
27 11 -981.39794068856645
27 12 2248.3065612505015
27 13 682.32412929774
27 14 447.63834152945492
27 15 2142.8677792755479
27 16 -1069.1165722732876
27 17 3303.5588147413364
27 18 -2232.0877537481465
27 19 4113.1303012434728
27 20 -3016.2094371576131
27 21 4564.4715894013643
27 22 -3436.8750909152368
27 23 4687.4552511212642
27 24 -3540.8055507446079
27 25 4538.1550951560712
27 26 -3394.4575636951413
27 27 4186.7743338912078
27 28 -3072.2269171292282
27 29 3706.3763214064238
27 30 -2646.2703128231624
27 31 3163.916888638596
27 32 -2179.0863717114917
27 33 2614.3436581037349
27 34 -1719.2611822906656
27 35 2097.8301682362144
27 36 -1300.1578187754603
27 37 1639.6822106003128
27 38 -940.90924390002328
27 39 1252.1514184186344
27 40 -648.88699677112527
27 41 937.31248770154707
27 42 -422.83370444238244
27 43 690.25483431914836
27 44 -256.00143681003829
27 45 502.03517994305003
27 46 -138.85676962672733
27 47 362.06427344041003
27 48 -61.133971837534773
27 49 259.80528217814935
27 50 -13.197733244396659
27 51 185.81299729021339
27 52 13.201339447732607
27 53 132.23153423496115
27 54 24.648686508044193
27 55 92.944779680692591
27 56 25.978878329624422
27 57 62.797079829124414
27 58 20.771835352206836
27 59 46.568450761697022
27 60 23.534113222467568
27 61 -38.2255582394464
27 62 -264.25466455748392
27 63 0
28 0 0
28 1 -20552.172747125041
28 2 7212.457595505839
28 3 -5625.7113004562598
28 4 10189.356391123283
28 5 -5704.2629241266241
28 6 8007.628444738657
28 7 -4317.3135800429918
28 8 6223.5553560412882
28 9 -2686.1572272650847
28 10 4222.5016162660722
28 11 -965.89083460685288
28 12 2253.787929180362
28 13 690.7133735012394
28 14 456.36632672767519
28 15 2145.4958868048379
28 16 -1057.3369816597733
28 17 3301.7913997355208
28 18 -2217.8772534402924
28 19 4108.298609708072
28 20 -3000.405516183946
28 21 4557.8102666922859
28 22 -3420.3643804289641
28 23 4680.0370540040603
28 24 -3524.4004856053834
28 25 4530.841785310713
28 26 -3378.8183307819963
28 27 4180.1928112704445
28 28 -3057.8249473592223
28 29 3700.9213189890033
28 30 -2633.3858680800404
28 31 3159.7758568182144
28 32 -2167.8305292311961
28 33 2611.5363649296341
28 34 -1709.6120138717197
28 35 2096.2547868975889
28 36 -1292.0016060547823
28 37 1639.1606665365543
28 38 -934.0796686728936
28 39 1252.4687849236216
28 40 -643.19778142589712
28 41 938.24754845854841
28 42 -418.10261668615567
28 43 691.60103487320157
28 44 -252.06552743384236
28 45 503.61275505110825
28 46 -135.5800172632371
28 47 363.72525968317859
28 48 -58.409161999861681
28 49 261.43346569824644
28 50 -10.944518817268545
28 51 187.32074645413377
28 52 15.040407458855043
28 53 133.55507367123209
28 54 26.113639626146323
28 55 94.040871181277907
28 56 27.09123880322295
28 57 63.606636672375316
28 58 21.556665308253287
28 59 47.435528847472597
28 60 24.552975412461819
28 61 -40.742851751929265
28 62 -275.78209023886302
28 63 0
29 0 0
29 1 -20823.436619446056
29 2 7130.6769349178012
29 3 -5540.747212955921
29 4 10215.821396957381
29 5 -5668.8487459837233
29 6 8006.0655984084406
29 7 -4290.661308067456
29 8 6223.967079574777
29 9 -2666.9835444522505
29 10 4223.9229798383349
29 11 -953.4429599852956
29 12 2257.5203249175502
29 13 697.55976325041047
29 14 462.74084246533675
29 15 2147.7896728583801
29 16 -1048.4928337177735
29 17 3300.597342843048
29 18 -2207.0667052844328
29 19 4104.6600881031736
29 20 -2988.2984229516296
29 21 4552.698033978686
29 22 -3407.665929353243
29 23 4674.2963749125011
29 24 -3511.754993564864
29 25 4525.1529485426545
29 26 -3366.7486569697758
29 27 4175.0519305878697
29 28 -3046.7044586885095
29 29 3696.6422569776114
29 30 -2623.4370412453245
29 31 3156.5096853114483
29 32 -2159.1425548308507
29 33 2609.302406108327
29 34 -1702.1694034497159
29 35 2094.9767355546101
29 36 -1285.7166437470369
29 37 1638.7021166792692
29 38 -928.82320152511966
29 39 1252.6640830856195
29 40 -638.82483320867323
29 41 938.92572702998223
29 42 -414.47121292321754
29 43 692.60222588809484
29 44 -249.04864581003494
29 45 504.79770596894014
29 46 -133.07159083524311
29 47 364.97929070264945
29 48 -56.325569585169433
29 49 262.66647076909067
29 50 -9.2230863401709939
29 51 188.46475954887865
29 52 16.444490893263719
29 53 134.56061868737379
29 54 27.231635635871498
29 55 94.874451315263286
29 56 27.939660719766835
29 57 64.221304489819886
29 58 22.156029911002406
29 59 48.11078626971721
29 60 25.35117737352266
29 61 -42.777984378972178
29 62 -284.99419971694806
29 63 0
30 0 0
30 1 -21010.092486056921
30 2 7073.4707197118496
30 3 -5482.5934039001822
30 4 10233.956348287165
30 5 -5644.8318015384302
30 6 8004.7543738373861
30 7 -4272.6973382116284
30 8 6224.1841589070646
30 9 -2654.1296330719888
30 10 4224.9317234450245
30 11 -945.21602014765449
30 12 2260.2015062147984
30 13 701.92870127812057
30 14 467.30479461984942
30 15 2149.0186108394482
30 16 -1042.1824277500491
30 17 3299.4211348409408
30 18 -2199.3732904320495
30 19 4101.8029955239399
30 20 -2979.6993181435028
30 21 4548.8366691870397
30 22 -3398.6611798127342
30 23 4670.0214632323878
30 24 -3502.8003597176394
30 25 4520.9406135427344
30 26 -3358.2133022491689
30 27 4171.2494484158924
30 28 -3038.8513777097614
30 29 3693.4688969040508
30 30 -2616.4221943531629
30 31 3154.0701086669287
30 32 -2153.0274011524853
30 33 2607.6083941688921
30 34 -1696.9412178923449
30 35 2093.9726227766187
30 36 -1281.3115640710748
30 37 1638.2898773827037
30 38 -925.14810262400715
30 39 1252.7251546771367
30 40 -635.77552881497468
30 41 939.33795380962692
30 42 -411.94583368451276
30 43 693.25148249390622
30 44 -246.95612785308185
30 45 505.5846312416179
30 46 -131.33593132579335
30 47 365.82207789024324
30 48 -54.886868781522935
30 49 263.50084997375234
30 50 -8.0364605764771113
30 51 189.24225117871174
30 52 17.411120268207014
30 53 135.2459296640518
30 54 28.000688575957611
30 55 95.44374554479873
30 56 28.522611171410972
30 57 64.639834408808383
30 58 22.568780525489274
30 59 48.592142104553204
30 60 25.92609469047602
30 61 -44.321911866518349
30 62 -291.8535099638575
30 63 0
31 0 0
31 1 -21109.538533164596
31 2 7040.4649937017894
31 3 -5450.320523704022
31 4 10242.76936542492
31 5 -5631.0314734901112
31 6 8002.9415983688068
31 7 -4262.331036352407
31 8 6223.5246326054039
31 9 -2646.6414930041537
31 10 4224.9616069966578
31 11 -940.40721976398345
31 12 2261.3839119458135
31 13 704.47320588300499
31 14 469.72373265816714
31 15 2149.6999662190319
31 16 -1038.6401069354179
31 17 3298.664249120975
31 18 -2194.9481084789113
31 19 4100.0346639179952
31 20 -2974.6939232950353
31 21 4546.4599324986921
31 22 -3393.3872649981822
31 23 4667.3904466047134
31 24 -3497.5396118056779
31 25 4518.3419400586899
31 26 -3353.1928559341395
31 27 4168.8929197221114
31 28 -3034.232718232488
31 29 3691.4875967113403
31 30 -2612.3011501908877
31 31 3152.5282592042458
31 32 -2149.4420723797703
31 33 2606.5143298183102
31 34 -1693.8844877131487
31 35 2093.2940425836932
31 36 -1278.7451732265254
31 37 1637.9689124391916
31 38 -923.01595587969132
31 39 1252.6914817840407
31 40 -634.0147455262013
31 41 939.5189790780023
31 42 -410.49486254678413
31 43 693.57932895854901
31 44 -245.75989655204467
31 45 506.00018952309256
31 46 -130.34843390187234
31 47 366.2766884872326
31 48 -54.071808619937656
31 49 263.95630083015931
31 50 -7.3666052912813029
31 51 189.66973584610969
31 52 17.955258385882189
31 53 135.62449726123305
31 54 28.432818328383291
31 55 95.759350813295896
31 56 28.849295279087528
31 57 64.870114670156909
31 58 22.801372278991039
31 59 48.883925467180234
31 60 26.280230940756155
31 61 -45.365458856849727
31 62 -296.33267406552477
31 63 0
32 0 0
32 1 -21122.649471953991
32 2 7031.9277735734431
32 3 -5445.0396379081667
32 4 10242.331930624005
32 5 -5628.3202989561687
32 6 8000.8556855318602
32 7 -4260.3026746917294
32 8 6222.2079047842271
32 9 -2645.1423319144851
32 10 4224.2029007297788
32 11 -939.53067151915093
32 12 2261.2143770743387
32 13 704.77698020567914
32 14 470.09936090489646
32 15 2149.5026769912329
32 16 -1037.8047395988688
32 17 3298.0673832753382
32 18 -2193.7631153264192
32 19 4099.1542435222073
32 20 -2973.279064349299
32 21 4545.4131821543342
32 22 -3391.8582278033682
32 23 4666.2842890441425
32 24 -3495.9975801825749
32 25 4517.2647814297306
32 26 -3351.7179510567985
32 27 4167.9102315924865
32 28 -3032.8813224855367
32 29 3690.64108067505
32 30 -2611.1065562531621
32 31 3151.8378771806965
32 32 -2148.4175489149493
32 33 2605.9822212801009
32 34 -1693.0277309143094
32 35 2092.9093239146823
32 36 -1278.0431890405453
32 37 1637.7124987570824
32 38 -922.44962745553494
32 39 1252.5403178869965
32 40 -633.5626083000534
32 41 939.44933732927893
32 42 -410.13587201632618
32 43 693.56907365545339
32 44 -245.47518668214252
32 45 506.03008546659112
32 46 -130.1222055872131
32 47 366.33093777709291
32 48 -53.891558377472393
32 49 264.02252966590822
32 50 -7.2229151101055322
32 51 189.73864108602356
32 52 18.069150678456936
32 53 135.68933946999095
32 54 28.521801164060889
32 55 95.815773056528997
32 56 28.914944800817466
32 57 64.908108663530584
32 58 22.850410232422291
32 59 48.982965097366105
32 60 26.41081681531432
32 61 -45.906212142199365
32 62 -298.41781049526617
32 63 0
33 0 0
33 1 -21048.911789426937
33 2 7048.1380242995328
33 3 -5466.3669470187415
33 4 10232.837060971178
33 5 -5636.398858331404
33 6 7998.6556158644362
33 7 -4266.3655584021853
33 8 6220.3696913115891
33 9 -2649.4268362171169
33 10 4222.7760071682496
33 11 -942.41351837354159
33 12 2259.8016999154424
33 13 702.98667169481632
33 14 468.53093890604214
33 15 2148.5520994588114
33 16 -1039.585436865309
33 17 3297.7384907781015
33 18 -2195.7350870366099
33 19 4099.255377263944
33 20 -2975.3786898709222
33 21 4545.7782029757254
33 22 -3394.0047767941905
33 23 4666.7748549907628
33 24 -3498.1113372850814
33 25 4517.7726089150383
33 26 -3353.7316203251066
33 27 4168.3576660147992
33 28 -3034.7457709353876
33 29 3690.9793961740434
33 30 -2612.7921273996435
33 31 3152.0435386710233
33 32 -2149.9122764225831
33 33 2606.0517922019244
33 34 -1694.3337392717694
33 35 2092.8538467956059
33 36 -1279.1723906730113
33 37 1637.5520977021552
33 38 -923.41955503343343
33 39 1252.2995652147983
33 40 -634.39291574240997
33 41 939.15367889394474
33 42 -410.84575551622038
33 43 693.24237939554223
33 44 -246.08175065168325
33 45 505.69322312412623
33 46 -130.63965083119911
33 47 366.00116759473167
33 48 -54.330994407791877
33 49 263.71348518523519
33 50 -7.5925834380541346
33 51 189.46066613807488
33 52 17.763417599780951
33 53 135.45002620958257
33 54 28.276179898512055
33 55 95.620550303010532
33 56 28.726115590416157
33 57 64.759412646253622
33 58 22.720519098129444
33 59 48.892826316659921
33 60 26.320450479033752
33 61 -45.941427447360184
33 62 -298.1048995366109
33 63 0
34 0 0
34 1 -20888.758899997127
34 2 7088.2810518469341
34 3 -5513.9020336469002
34 4 10213.852565112802
34 5 -5654.967218396223
34 6 7995.8236500260682
34 7 -4280.2501838991702
34 8 6217.5381933457174
34 9 -2659.2672881179169
34 10 4220.2640915775191
34 11 -948.87630356197405
34 12 2256.7921804807156
34 13 699.23353133845012
34 14 464.72668180967958
34 15 2146.935172868325
34 16 -1044.2180937843659
34 17 3297.7266343550582
34 18 -2201.0523600101806
34 19 4100.3568256087419
34 20 -2981.1424288482158
34 21 4547.5510459027646
34 22 -3399.9461063899616
34 23 4668.8423375599086
34 24 -3503.9767540979483
34 25 4519.8354663625651
34 26 -3359.3121521789726
34 27 4170.1995663288471
34 28 -3039.8911736938317
34 29 3692.4644500345494
34 30 -2617.4130341132695
34 31 3153.1069737525286
34 32 -2153.9737858688568
34 33 2606.6860673267911
34 34 -1697.8439954641544
34 35 2093.0928221105205
34 36 -1282.1692963711939
34 37 1637.4555939592028
34 38 -925.9580293360159
34 39 1251.9400038854656
34 40 -636.534240823039
34 41 938.60573454094265
34 42 -412.64973314127928
34 43 692.57588510254209
34 44 -247.60173013191888
34 45 504.96905381578472
34 46 -131.92005022801823
34 47 365.26952223994158
34 48 -55.406716171546577
34 49 263.0138780091329
34 50 -8.489681670198479
34 51 188.82296540141397
34 52 17.026384671225969
34 53 134.89604336882621
34 54 27.686565658768814
34 55 95.165403615737887
34 56 28.275610918626626
34 57 64.417883743317361
34 58 22.406619461889932
34 59 48.609687439693516
34 60 26.006536324985063
34 61 -45.475053309473878
34 62 -295.40328225721169
34 63 0
35 0 0
35 1 -20643.80032773556
35 2 7153.2611990164696
35 3 -5587.8343625579419
35 4 10186.733818687799
35 5 -5684.6262129965908
35 6 7993.4116648814779
35 7 -4302.5682794279874
35 8 6214.649796595495
35 9 -2675.2184210408814
35 10 4217.4590937179346
35 11 -959.3853863179902
35 12 2252.8376050217958
35 13 693.14996932234862
35 14 459.20779763264363
35 15 2144.3784515327025
35 16 -1051.296866546636
35 17 3297.8400558704379
35 18 -2209.4063187864776
35 19 4102.3328911705903
35 20 -2990.3401946057784
35 21 4550.6563210096829
35 22 -3409.5131974140713
35 23 4672.4475446467295
35 24 -3513.4707504653306
35 25 4523.4387259256437
35 26 -3368.3700645497083
35 27 4173.4369001801497
35 28 -3048.2520749842479
35 29 3695.1062950947744
35 30 -2624.9207329328783
35 31 3155.0428620789717
35 32 -2160.5653461620022
35 33 2607.9014806327905
35 34 -1703.5300312045365
35 35 2093.6427121455381
35 36 -1287.0112855239313
35 37 1637.4385315316431
35 38 -930.04665910711992
35 39 1251.475809567637
35 40 -639.97134448072757
35 41 937.81815645570532
35 42 -415.53500025202084
35 43 691.58072394657211
35 44 -250.02427249773973
35 45 503.86727127715858
35 46 -133.95417505535079
35 47 364.14436026461772
35 48 -57.110892669243185
35 49 261.93083467660472
35 50 -9.9076189826519112
35 51 187.83152274863824
35 52 15.863512726355111
35 53 134.03230369704033
35 54 26.757366640595137
35 55 94.454231873442041
35 56 27.566832784486905
35 57 63.886396242196497
35 58 21.91114883771661
35 59 48.136064708614867
35 60 25.471552294220601
35 61 -44.510909685868683
35 62 -290.33229357082746
35 63 0
36 0 0
36 1 -20314.445519750279
36 2 7241.1057120689293
36 3 -5686.4480008130158
36 4 10150.508689110893
36 5 -5724.0286871490298
36 6 7990.1359712209796
36 7 -4332.1210598492144
36 8 6210.5210410663858
36 9 -2696.251407849104
36 10 4213.3142612783558
36 11 -973.09622076409141
36 12 2247.0591127785156
36 13 685.40060010491288
36 14 451.26421632630809
36 15 2141.3816962194687
36 16 -1061.3780243943438
36 17 3298.4361420517416
36 18 -2221.2223992369218
36 19 4105.4243802705059
36 20 -3003.2918735514613
36 21 4555.2440018582274
36 22 -3422.9444321454139
36 23 4677.6729852695098
36 24 -3526.7710562720822
36 25 4528.6171462521452
36 26 -3381.039312307621
36 27 4178.0723330475666
36 28 -3059.9315571066654
36 29 3698.8873048017012
36 30 -2635.3968167995845
36 31 3157.821771401359
36 32 -2169.7535830526249
36 33 2609.6626361663766
36 34 -1711.4478554049128
36 35 2094.4660131476667
36 36 -1293.7465466734466
36 37 1637.4637367448486
36 38 -935.72755638433591
36 39 1250.871608340276
36 40 -644.74132905161241
36 41 936.75820399994336
36 42 -419.53430270496028
36 43 690.22721846749846
36 44 -253.37818029811388
36 45 502.36144309110387
36 46 -136.76716502004638
36 47 362.60252974216201
36 48 -59.465210620146536
36 49 260.44443641239923
36 50 -11.864801103911304
36 51 186.46956276597848
36 52 14.259527745252853
36 53 132.8450683331539
36 54 25.476310702288174
36 55 93.476231131717213
36 56 26.590387324176845
36 57 63.156904002426018
36 58 21.227514923793933
36 59 47.467628780850646
36 60 24.713190327929624
36 61 -43.059268841716403
36 62 -282.92464394326089
36 63 0
37 0 0
37 1 -19903.717232705276
37 2 7353.5379477846163
37 3 -5810.1011236658451
37 4 10107.778380137233
37 5 -5774.3911411023419
37 6 7988.0190304095322
37 7 -4370.1846415615364
37 8 6206.9611372066902
37 9 -2723.5542624339359
37 10 4209.3648677905549
37 11 -991.03607983579423
37 12 2240.7217263094026
37 13 675.1483574021222
37 14 441.90541581201614
37 15 2137.2955658875981
37 16 -1073.6807437069729
37 17 3299.0331413316198
37 18 -2235.9145353902932
37 19 4109.2888140155992
37 20 -3019.5700024364669
37 21 4561.080807570761
37 22 -3439.9363409647776
37 23 4684.3666854897492
37 24 -3543.6676001722844
37 25 4535.276406477351
37 26 -3397.1778350746717
37 27 4184.0504849687932
37 28 -3074.8355896776047
37 29 3703.7770991332764
37 30 -2648.7802549013395
37 31 3161.4284982538265
37 32 -2181.4995938598258
37 33 2611.9629549498313
37 34 -1721.5730918337613
37 35 2095.5606455572706
37 36 -1302.3600658129908
37 37 1637.5311960814543
37 38 -942.9916429894547
37 39 1250.1281288678001
37 40 -650.8388210022531
37 41 935.42670632587033
37 42 -424.64453911179589
37 43 688.51604587507609
37 44 -257.66171474970179
37 45 500.45204266098153
37 46 -140.35807229220154
37 47 360.64433579667821
37 48 -62.469158888234233
37 49 258.55488058823539
37 50 -14.360939155722008
37 51 184.73723107490514
37 52 12.214620835493406
37 53 131.33447057498415
37 54 23.843560950354004
37 55 92.231551820987079
37 56 25.346426218675333
37 57 62.229471393493441
37 58 20.355894753265602
37 59 46.605793693288433
37 60 23.733781677037769
37 61 -41.130620491003356
37 62 -273.2234473569406
37 63 0
38 0 0
38 1 -19413.290581496767
38 2 7487.1701583219874
38 3 -5956.3732450840234
38 4 10056.901013626884
38 5 -5833.7180956357315
38 6 7984.9324850897574
38 7 -4414.8936580711506
38 8 6201.9963109264609
38 9 -2755.4655660310345
38 10 4203.8498504325617
38 11 -1011.79758271428
38 12 2232.3324893704921
38 13 663.53399574836658
38 14 429.91427386596115
38 15 2133.0043451030178
38 16 -1089.1654554370689
38 17 3300.285499256006
38 18 -2254.2204698993373
38 19 4114.3865191656914
38 20 -3039.72933983232
38 21 4568.4715234756368
38 22 -3460.899957269703
38 23 4692.7147356882415
38 24 -3564.4628168256531
38 25 4543.5162011358443
38 26 -3417.0086941458067
38 27 4191.4111280789257
38 28 -3093.1307834293875
38 29 3709.7760384995127
38 30 -2665.1982923795003
38 31 3165.8391142173059
38 32 -2195.9034215342399
38 33 2614.7648776600363
38 34 -1733.9868865860808
38 35 2096.8826151147368
38 36 -1312.9195529359095
38 37 1637.5951363329477
38 38 -951.89666900523662
38 39 1249.2006969750946
38 40 -658.31377128233726
38 41 933.78177240310833
38 42 -430.90919297128494
38 43 686.40900981336017
38 44 -262.91272533853771
38 45 498.10499718887513
38 46 -144.75966062263979
38 47 358.2399672950487
38 48 -66.150806162568188
38 49 256.23658899576185
38 50 -17.419711025468132
38 51 182.61306456679449
38 52 9.7092512987728696
38 53 129.48300516200106
38 54 21.843498927864857
38 55 90.706491448599991
38 56 23.823048695703619
38 57 61.093903809705807
38 58 19.287988698124536
38 59 45.545587659034936
38 60 22.531229524247465
38 61 -38.741744936032774
38 62 -261.28545574692907
38 63 0
39 0 0
39 1 -18846.245039526366
39 2 7644.9037261397734
39 3 -6125.0064887644839
39 4 10001.872845458593
39 5 -5903.2810341022923
39 6 7984.0079672919728
39 7 -4467.7993044558661
39 8 6198.4389191138689
39 9 -2793.5467654060631
39 10 4199.180456043905
39 11 -1036.804157035931
39 12 2223.9024933696783
39 13 649.34848728626093
39 14 416.91670277259618
39 15 2127.5354143313052
39 16 -1106.5579902151512
39 17 3301.4461854577348
39 18 -2275.1720341716464
39 19 4120.1671994713251
39 20 -3063.0562560645558
39 21 4577.0262663040739
39 22 -3485.3248456556685
39 23 4702.4508873846571
39 24 -3588.8024428118115
39 25 4553.1608472060725
39 26 -3440.2935214302488
39 27 4200.0417892609221
39 28 -3114.6620184813401
39 29 3716.8137080129782
39 30 -2684.5538102065802
39 31 3171.0098612506954
39 32 -2212.9072029429153
39 33 2618.0407135257155
39 34 -1748.6572020175117
39 35 2098.4134303034807
39 36 -1325.409466403471
39 37 1637.6420853021045
39 38 -962.43727809905977
39 39 1248.0785003617711
39 40 -667.16683641061536
39 41 931.81404437245874
39 42 -438.33222758848933
39 43 683.89767980079341
39 44 -269.13675865216646
39 45 495.31263939570636
39 46 -149.97798206195512
39 47 355.38252284368355
39 48 -70.516052005586971
39 49 253.48348514171448
39 50 -21.046476149422233
39 51 180.09187183452013
39 52 6.7388149432190403
39 53 127.28640443810946
39 54 19.472386759389337
39 55 88.897732041459676
39 56 22.017401624907507
39 57 59.747653585873195
39 58 18.021878895524424
39 59 44.287465823344974
39 60 21.107855127411312
39 61 -35.909897087549325
39 62 -247.17840013863679
39 63 0
40 0 0
40 1 -18207.488604036826
40 2 7821.5696456254591
40 3 -6313.8378450105392
40 4 9940.208428514552
40 5 -5981.0766280065764
40 6 7982.1789174673086
40 7 -4526.8000839200795
40 8 6193.4294428908743
40 9 -2835.7855724948422
40 10 4192.7724694005519
40 11 -1064.2600365372346
40 12 2213.2030045668216
40 13 634.10911395749281
40 14 401.06115093294648
40 15 2122.1074308073185
40 16 -1127.347880878915
40 17 3303.4466533536033
40 18 -2299.9350689360654
40 19 4127.3067736597113
40 20 -3090.4426404845253
40 21 4587.2074899534709
40 22 -3513.8813823436976
40 23 4713.8688535369511
40 24 -3617.1846272168295
40 25 4564.3773649771902
40 26 -3467.4010190883564
40 27 4210.0191025269851
40 28 -3139.7034364545107
40 29 3724.9056810310321
40 30 -2707.053380254365
40 31 3176.9176385978426
40 32 -2232.6698810957168
40 33 2621.744934117487
40 34 -1765.7094913943183
40 35 2100.0963760229752
40 36 -1339.9314388607309
40 37 1637.6115568618843
40 38 -974.69769772260406
40 39 1246.7019279824854
40 40 -677.46900322163128
40 41 929.46752010902856
40 42 -446.97406966633935
40 43 680.93113250142778
40 44 -276.38542344448069
40 45 492.02979292886084
40 46 -156.05699935576922
40 47 352.0327565865955
40 48 -75.602046877065732
40 49 250.26215989782941
40 50 -25.272205664350622
40 51 177.14584334953543
40 52 3.2780122182884952
40 53 124.72216279775239
40 54 16.710181944290525
40 55 86.787785107844684
40 56 19.914326117032033
40 57 58.177771029477299
40 58 16.547068128147657
40 59 42.825458672268724
40 60 19.461548197341472
40 61 -32.658744396485417
40 62 -230.98427064951466
40 63 0
41 0 0
41 1 -17498.3439782352
41 2 8021.670061924624
41 3 -6520.9312186709667
41 4 9877.4411624333425
41 5 -6067.6504656441921
41 6 7983.8197646552089
41 7 -4593.1654861362858
41 8 6190.9144385083437
41 9 -2883.7350438550402
41 10 4188.057536305223
41 11 -1095.7361990449499
41 12 2203.1463672192331
41 13 616.38571455659985
41 14 384.74843286167015
41 15 2115.507449764209
41 16 -1149.6144692614507
41 17 3305.3135496174946
41 18 -2327.0188139008496
41 19 4135.0600141527138
41 20 -3120.7658032258223
41 21 4598.4680711740111
41 22 -3545.749198951853
41 23 4726.5820212487597
41 24 -3649.0279406507398
41 25 4576.9018124019567
41 26 -3497.9319570538792
41 27 4221.1680400328078
41 28 -3167.9901590109694
41 29 3733.9382025834311
41 30 -2732.5281048661054
41 31 3183.4888666139705
41 32 -2255.0890732418338
41 33 2625.829024043469
41 34 -1785.0861013471331
41 35 2101.8978312554282
41 36 -1356.4569663344628
41 37 1637.4784141703458
41 38 -988.66775219903502
41 39 1245.0505789502131
41 40 -689.22109951472521
41 41 926.72454233024837
41 42 -456.8417038399275
41 43 677.49353447652538
41 44 -284.66872267927101
41 45 488.24212526596966
41 46 -163.00774533419826
41 47 348.17780317553115
41 48 -81.41962609897746
41 49 246.56129004370086
41 50 -30.106806423191301
41 51 173.76528680870251
41 52 -0.68172303144820035
41 53 121.78227982531098
41 54 13.549876700835739
41 55 84.3703829673359
41 56 17.508431403712166
41 57 56.379477484824747
41 58 14.859868326766446
41 59 41.159338411489443
41 60 17.594875043869251
41 61 -29.012424181473762
41 62 -212.79669921341338
41 63 0
42 0 0
42 1 -16729.287221954793
42 2 8237.8843102048904
42 3 -6745.586471987508
42 4 9810.0948055616755
42 5 -6161.8170609335721
42 6 7984.8804342361746
42 7 -4665.1292896058294
42 8 6187.0969061033065
42 9 -2935.4161673268209
42 10 4181.5506605871633
42 11 -1129.2921213225782
42 12 2190.6622685150978
42 13 597.93052390659795
42 14 365.3667276125816
42 15 2109.2172491989913
42 16 -1175.5111367847348
42 17 3308.2288744935795
42 18 -2358.1504155458788
42 19 4144.317311568102
42 20 -3155.3784500488291
42 21 4611.4385948044401
42 22 -3581.9671812760134
42 23 4741.0049430936851
42 24 -3685.1186593366947
42 25 4590.9795923307684
42 26 -3532.4762599316273
42 27 4233.6088974252561
42 28 -3199.9639693140125
42 29 3743.9443144421602
42 30 -2761.3106548074029
42 31 3190.6996851489566
42 32 -2280.4184388519388
42 33 2630.2351563231241
42 34 -1806.9839365807638
42 35 2103.7424119754178
42 36 -1375.1420672747372
42 37 1637.1608411645866
42 38 -1004.4735533597304
42 39 1243.0433206759517
42 40 -702.52676398467884
42 41 923.50890096213334
42 42 -468.02127725413811
42 43 673.51587611028663
42 44 -294.05866623619659
42 45 483.88883271854866
42 46 -170.89040372866293
42 47 343.76528877828605
42 48 -88.018803671729984
42 49 242.33670786770745
42 50 -35.59136719104572
42 51 169.91378951161096
42 52 -5.1735298256971873
42 53 118.43756028611097
42 54 9.9655040685320273
42 55 81.623031599065143
42 56 14.780256401536462
42 57 54.336232494733849
42 58 12.94690387112496
42 59 39.281648378164391
42 60 15.505402404869528
42 61 -25.002023016895691
42 62 -192.72463575816801
42 63 0
43 0 0
43 1 -15897.884011945962
43 2 8476.6746545369642
43 3 -6983.0003213610325
43 4 9745.2855413280304
43 5 -6262.4813496938714
43 6 7991.0246034216925
43 7 -4743.0007729474255
43 8 6187.1156439508468
43 9 -2991.8899417509692
43 10 4177.7951003552971
43 11 -1166.3196339952719
43 12 2179.6868348815224
43 13 577.29719381995892
43 14 346.23608298716135
43 15 2101.8992098220224
43 16 -1202.3169770145614
43 17 3311.04733400025
43 18 -2391.1651314165283
43 19 4154.1542471691173
43 20 -3192.6091019840896
43 21 4625.4087995180271
43 22 -3621.2829646501632
43 23 4756.6149062845398
43 24 -3724.5465684691226
43 25 4606.2403653650108
43 26 -3570.3927914255473
43 27 4247.0876425454662
43 28 -3235.1880514625009
43 29 3754.7539263641738
43 30 -2793.1142928082409
43 31 3198.4374727244358
43 32 -2308.4780144472461
43 33 2634.8881004082614
43 34 -1831.296648560965
43 35 2105.5780609572139
43 36 -1395.9295356471557
43 37 1636.6205477083895
43 38 -1022.0895586371626
43 39 1240.6498456812187
43 40 -717.37999545575803
43 41 919.7950076440975
43 42 -480.51814559357808
43 43 668.97564585133296
43 44 -304.56658004140991
43 45 478.949791101968
43 46 -179.71881637777187
43 47 338.77728481002123
43 48 -95.413786164044723
43 49 237.57270320174939
43 50 -41.739168625554157
43 51 165.57793898073214
43 52 -10.209028789631702
43 53 114.67695074998119
43 54 5.9474947192938998
43 55 78.537077718010551
43 56 11.72241463791579
43 57 52.041462163288088
43 58 10.803103873513464
43 59 37.191807984982006
43 60 13.196261522807617
43 61 -20.658737491885404
43 62 -170.88938299139045
43 63 0
44 0 0
44 1 -15022.482482731903
44 2 8728.3113853402483
44 3 -7235.2331442345985
44 4 9678.5009244399589
44 5 -6370.2027102635839
44 6 7997.2885714539643
44 7 -4826.0184177706833
44 8 6186.2949083263175
44 9 -3051.678372492006
44 10 4172.4231066268658
44 11 -1205.04059373161
44 12 2166.2773005971303
44 13 556.28931043543162
44 14 323.91113496714752
44 15 2095.2047297100762
44 16 -1232.9521682204359
44 17 3315.1688736893448
44 18 -2428.4700104090007
44 19 4165.6799767565644
44 20 -3234.3931182708729
44 21 4641.200292587655
44 22 -3665.2196405384529
44 23 4773.9760734998526
44 24 -3768.4896201540141
44 25 4623.0347369260016
44 26 -3612.5811422039078
44 27 4261.7891353756931
44 28 -3274.3445805408555
44 29 3766.4313011532613
44 30 -2828.4558493737677
44 31 3206.6846736825028
44 32 -2339.6614316197883
44 33 2639.7194230980858
44 34 -1858.3272539785867
44 35 2107.3086283763587
44 36 -1419.0560036013267
44 37 1635.7499844502854
44 38 -1041.7034659781166
44 39 1237.7619939229589
44 40 -733.93182797190093
44 41 915.4807086360961
44 42 -494.45518963011637
44 43 663.78034563285837
44 44 -316.29308944047807
44 45 473.34381366681555
44 46 -189.57549726792422
44 47 333.14431019562107
44 48 -103.67196924789823
44 49 232.2111561170459
44 50 -48.604727385281876
44 51 160.71024966777259
44 52 -15.83158891662606
44 53 110.46272478552055
44 54 1.462268664909061
44 55 75.083703643485933
44 56 8.3099911080353195
44 57 49.474142065264459
44 58 8.4114766536913521
44 59 34.880362409239751
44 60 10.664382659797411
44 61 -16.021701901536289
44 62 -147.42909777396562
44 63 0
45 0 0
45 1 -14095.032710127953
45 2 9001.3864487161754
45 3 -7493.4889296741858
45 4 9618.3044460644851
45 5 -6481.3135180145309
45 6 8010.5041893887119
45 7 -4912.7979831439461
45 8 6190.8751564544673
45 9 -3114.7977705074936
45 10 4171.0572563090409
45 11 -1246.2744417575777
45 12 2155.4208422628562
45 13 533.7034785668493
45 14 302.70832544943005
45 15 2087.8246110441978
45 16 -1263.7837550869335
45 17 3319.3510560181494
45 18 -2467.0963620337716
45 19 4177.8123610242801
45 20 -3278.3768415697523
45 21 4657.9284695326351
45 22 -3711.9673561164745
45 23 4792.4014663976777
45 24 -3815.5985367097855
45 25 4640.8517732288601
45 26 -3658.0667675934819
45 27 4277.346917911018
45 28 -3316.7526276997705
45 29 3778.7209724569948
45 30 -2866.8763847576884
45 31 3215.266329766564
45 32 -2373.671926602583
45 33 2644.6096077393122
45 34 -1887.8935463135349
45 35 2108.8510299478003
45 36 -1444.4174671893961
45 37 1634.4890900768405
45 38 -1063.2627405584572
45 39 1234.3339112703688
45 40 -752.1621969658554
45 41 910.52897332701832
45 42 -509.83173537133553
45 43 657.89874249730929
45 44 -329.24817883213109
45 45 467.04392478886803
45 46 -200.47544049930366
45 47 326.84295468925484
45 48 -112.80982864718681
45 49 226.23195409323671
45 50 -56.20389021032679
45 51 155.29381014403043
45 52 -22.055239026030904
45 53 105.78111463246387
45 54 -3.5017653658542258
45 55 71.252239479235868
45 56 4.5340476390265394
45 57 46.626235598523635
45 58 5.7659061099002429
45 59 32.346666807825386
45 60 7.9137841339615989
45 61 -11.129452593650058
45 62 -122.49505394947846
45 63 0
46 0 0
46 1 -13143.580440834057
46 2 9283.7217047474496
46 3 -7763.7906897962239
46 4 9559.2644577379815
46 5 -6599.0347462445698
46 6 8025.0319831463912
46 7 -5004.2882053844551
46 8 6195.5277731442493
46 9 -3180.7927578654471
46 10 4168.620412576729
46 11 -1288.7660460933148
46 12 2142.4056239197853
46 13 511.16858240334295
46 14 278.38316632937676
46 15 2081.4597925379985
46 16 -1298.5219267079628
46 17 3325.1689126416295
46 18 -2510.1960382528432
46 19 4191.8872320138689
46 20 -3327.1683840951027
46 21 4676.6424139377705
46 22 -3763.6342518226229
46 23 4812.6528859029349
46 24 -3867.5434182209756
46 25 4660.1953038134525
46 26 -3708.151574915064
46 27 4294.0516499925252
46 28 -3363.415466810693
46 29 3791.7498842261921
46 30 -2909.1441569107701
46 31 3224.1925266589533
46 32 -2411.0972504104211
46 33 2649.4920573554737
46 34 -1920.4470634804238
46 35 2110.093848023098
46 36 -1472.3636950861874
46 37 1632.7052127394381
46 38 -1087.0412171243515
46 39 1230.2280243375208
46 40 -772.28785055467597
46 41 904.80776256072204
46 42 -526.82094576539384
46 43 651.21039408495562
46 44 -343.57103269258005
46 45 459.94425055368993
46 46 -212.53072839044762
46 47 319.78284652041111
46 48 -122.91735584994967
46 49 219.5599177071017
46 50 -64.608305603996996
46 51 149.26764748679489
46 52 -28.936160299508629
46 53 100.58407809765413
46 54 -8.9875551566365175
46 55 67.006291260440776
46 56 0.36306665833762963
46 57 43.471407684592123
46 58 2.8450769491428218
46 59 29.578818760001013
46 60 4.9404978540223965
46 61 -6.0298493281152332
46 62 -96.257393806808977
46 63 0
47 0 0
47 1 -12153.094030128386
47 2 9585.9197486333869
47 3 -8032.5012248181338
47 4 9511.0171410169642
47 5 -6716.3194914428459
47 6 8048.5250118499607
47 7 -5096.7124396834151
47 8 6207.2952228334088
47 9 -3248.0626377264343
47 10 4171.5965746391248
47 11 -1332.3237785527908
47 12 2133.1414787709946
47 13 488.03430749444487
47 14 256.20329158186905
47 15 2075.0263257355073
47 16 -1332.5991578028606
47 17 3331.38760777274
47 18 -2553.9259406684778
47 19 4206.7006350976044
47 20 -3377.6336217442804
47 21 4696.2723742808521
47 22 -3817.7444318705511
47 23 4833.8405171477916
47 24 -3922.430491797968
47 25 4680.3621845128873
47 26 -3761.43403336755
47 27 4311.3701343941102
47 28 -3413.3307864124163
47 29 3805.1266186982957
47 30 -2954.5681297292958
47 31 3233.1824568927914
47 32 -2451.4800814642967
47 33 2654.1676333636133
47 34 -1955.6995941854893
47 35 2110.8955430690912
47 36 -1502.7243546057889
47 37 1630.2960052030357
47 38 -1112.9475514223941
47 39 1225.3680727326355
47 40 -794.26806715332532
47 41 898.25815788344698
47 42 -545.4127987263746
47 43 643.66822898591636
47 44 -359.26884428363337
47 45 452.0062927554136
47 46 -225.7569895391498
47 47 311.93218020462155
47 48 -134.01314222392102
47 49 212.16885201056357
47 50 -73.836296087392839
47 51 142.61050851018808
47 52 -36.490638308350754
47 53 94.854827784729423
47 54 -15.008483592282573
47 55 62.333178004791989
47 56 -4.2131697341574181
47 57 40.000304477416648
47 58 -0.3579171448109264
47 59 26.576317702620145
47 60 1.7497434328106465
47 61 -0.76916147691008518
47 62 -68.900213113920472
47 63 0
48 0 0
48 1 -11162.224551708277
48 2 9893.604886178764
48 3 -8310.5028642762591
48 4 9467.5211079504606
48 5 -6839.8209618237615
48 6 8075.0965656477547
48 7 -5193.3883801723368
48 8 6220.6200424327562
48 9 -3317.7052091389214
48 10 4174.5689804201902
48 11 -1376.6109927871639
48 12 2122.4336777663666
48 13 465.48881562102906
48 14 231.31871965915707
48 15 2070.1224333663504
48 16 -1370.4092089710684
48 17 3339.6963422774206
48 18 -2602.1492400047919
48 19 4223.8203069075553
48 20 -3433.074546029502
48 21 4718.1419307150918
48 22 -3877.0480916298311
48 23 4856.9917610223001
48 24 -3982.4983032474393
48 25 4702.0824910589454
48 26 -3819.7008849067515
48 27 4329.7663372982242
48 28 -3467.9025438663302
48 29 3819.0969999675417
48 30 -3004.2391116467115
48 31 3242.3167047056722
48 32 -2495.6623549314827
48 33 2658.6016195494722
48 34 -1994.2997029488652
48 35 2111.1486435358984
48 36 -1536.0001012766133
48 37 1627.1146501651401
48 38 -1141.3701797039266
48 39 1219.5922537955539
48 40 -818.40617067996391
48 41 890.71981878419138
48 42 -565.84561689305701
48 43 635.12348809808827
48 44 -376.52966684049716
48 45 443.09829392545907
48 46 -240.30278506756986
48 47 303.17836840367818
48 48 -146.21421577203364
48 49 203.96542566345488
48 50 -83.979335511230602
48 51 135.24720292252823
48 52 -44.789167196768176
48 53 88.534626775071956
48 54 -21.617595342604545
48 55 57.188816447251156
48 56 -9.233053566504168
48 57 36.181321320327697
48 58 -3.8687612516241643
48 59 23.324952985603886
48 60 -1.6631835876523837
48 61 4.5955622056226275
48 62 -40.628856896773868
48 63 0
49 0 0
49 1 -10148.401823414588
49 2 10218.940735984461
49 3 -8578.9501628482867
49 4 9438.8653502335274
49 5 -6958.5802885569592
49 6 8112.6370845254314
49 7 -5287.583653813499
49 8 6242.8170811585915
49 9 -3385.9710820479449
49 10 4184.4479790654532
49 11 -1419.968237064495
49 12 2116.7920145444441
49 13 443.7929891253134
49 14 209.73991648247647
49 15 2066.1427926654596
49 16 -1406.555053995362
49 17 3349.0236429713605
49 18 -2650.1698546326224
49 19 4241.9942205924599
49 20 -3489.5379211889122
49 21 4741.0075256777873
49 22 -3938.3279598325771
49 23 4880.9828944854416
49 24 -4045.2167580269816
49 25 4724.4051879943072
49 26 -3881.0306365064662
49 27 4348.4742164707768
49 28 -3525.7229859723793
49 29 3833.0672407028032
49 30 -3057.1641150743289
49 31 3251.1481919982543
49 32 -2542.972087525186
49 33 2662.4640291856849
49 34 -2035.8138481014976
49 35 2110.6120644446946
49 36 -1571.9273650063315
49 37 1622.9850626700681
49 38 -1172.1615972760446
49 39 1212.7708234288548
49 40 -844.63023239322865
49 41 882.09568714319175
49 42 -588.093955838076
49 43 625.50230599640599
49 44 -395.35453514645269
49 45 433.16322160080745
49 46 -256.18249128456227
49 47 293.47702703717005
49 48 -159.54010615928382
49 49 194.91512696276914
49 50 -95.057327763470312
49 51 127.15117902644124
49 52 -53.849486374701883
49 53 81.60348681940377
49 54 -28.829306671696031
49 55 51.558741330381963
49 56 -14.707398031532648
49 57 32.004156616949331
49 58 -7.6946027206759027
49 59 19.824745129426447
49 60 -5.2913543811428099
49 61 10.009933254195857
49 62 -11.663580221465963
49 63 0
50 0 0
50 1 -9160.516509206218
50 2 10545.913493240278
50 3 -8853.9762649588738
50 4 9418.8830992152361
50 5 -7083.1655707991104
50 6 8155.6064652374971
50 7 -5385.501974296858
50 8 6268.7076305962819
50 9 -3455.9952271877137
50 10 4196.0451243255648
50 11 -1463.383055875056
50 12 2111.025809210787
50 13 423.39095946886118
50 14 186.39455649918091
50 15 2064.3877263182731
50 16 -1445.8408451218929
50 17 3361.0768504729549
50 18 -2702.3921841418996
50 19 4263.0064416528057
50 20 -3550.9370613453939
50 21 4766.5088433234359
50 22 -4004.9613752216828
50 23 4907.1823548445082
50 24 -4113.4250457105281
50 25 4748.375668054905
50 26 -3947.7556459871721
50 27 4368.2185157877029
50 28 -3588.6711340936017
50 29 3847.4781208265085
50 30 -3114.8335694240359
50 31 3259.8878103499374
50 32 -2594.578108062251
50 33 2665.7945347380974
50 34 -2081.1521115888354
50 35 2109.2090132697194
50 36 -1611.2124519565896
50 37 1617.7601196147862
50 38 -1205.8699009514839
50 39 1204.7220840429418
50 40 -873.36638182478055
50 41 872.19510115801313
50 42 -612.48994019251768
50 43 614.62188486984815
50 44 -416.00272456889797
50 45 422.03602070003399
50 46 -273.59840360645649
50 47 282.68563264077784
50 48 -174.14805411135603
50 49 184.89930401415222
50 50 -107.19150552063184
50 51 118.22686886375777
50 52 -63.763766837610092
50 53 73.987002258490975
50 54 -36.712087734258603
50 55 45.387398756702169
50 56 -20.685180396640135
50 57 27.429265429645966
50 58 -11.867909506690921
50 59 16.057553506243494
50 60 -9.1413921836647205
50 61 15.406392753902765
50 62 17.750941981375945
50 63 0
51 0 0
51 1 -8169.0135707958689
51 2 10887.419334090964
51 3 -9111.8787062384854
51 4 9417.2305170559412
51 5 -7198.6589915354671
51 6 8211.2833053258782
51 7 -5477.208889016083
51 8 6305.0729165183839
51 9 -3521.5380115971584
51 10 4215.9768887813698
51 11 -1503.3720962151165
51 12 2111.6405354121071
51 13 405.76854754590386
51 14 167.56288557076005
51 15 2064.9676547407125
51 16 -1482.382625590617
51 17 3375.0936276305765
51 18 -2753.4933111667215
51 19 4285.6120574128909
51 20 -3612.6321310746334
51 21 4793.2045700122217
51 22 -4073.0550380430941
51 23 4934.1468322438686
51 24 -4183.980621559158
51 25 4772.6669061489702
51 26 -4017.4385431555493
51 27 4387.8480388002572
51 28 -3654.9340610520176
51 29 3861.3722326431343
51 30 -3175.9589018975021
51 31 3267.7635545496742
51 32 -2649.6107993068563
51 33 2667.9840459337356
51 34 -2129.7638086082316
51 35 2106.4655834607038
51 36 -1653.5357974703402
51 37 1611.0737770588912
51 38 -1242.3343509510687
51 39 1195.1639573396733
51 40 -904.5564788664251
51 41 860.80057929507348
51 42 -639.03659340098784
51 43 602.31440911024947
51 44 -438.50950339674455
51 45 409.58735551157588
51 46 -292.5990254880162
51 47 270.70501117805179
51 48 -190.08818586030429
51 49 173.84268307978346
51 50 -120.42722344745016
51 51 108.41806551979971
51 52 -74.569659557255363
51 53 65.644202516068617
51 54 -45.295064052197631
51 55 38.646019118004915
51 56 -27.187419652818789
51 57 22.437053365820248
51 58 -16.402292737893731
51 59 12.018958813087011
51 60 -13.207853834273919
51 61 20.719628832921444
51 62 47.353477435763125
51 63 0
52 0 0
52 1 -7231.2788430281216
52 2 11226.538959147092
52 3 -9373.8676721557113
52 4 9428.1128517422985
52 5 -7319.7057749325722
52 6 8275.0599001599312
52 7 -5572.1697659237179
52 8 6347.7374785009033
52 9 -3588.2452077203197
52 10 4239.8990570688966
52 11 -1542.7329543740598
52 12 2114.0081223279594
52 13 390.18767124616716
52 14 148.41423327993652
52 15 2068.5295639225387
52 16 -1521.0471254135882
52 17 3392.539855775567
52 18 -2808.1928467827311
52 19 4311.6436914147016
52 20 -3679.035527193264
52 21 4822.9592951997802
52 22 -4146.5972812090968
52 23 4963.5505452783946
52 24 -4260.3803034637622
52 25 4798.6393009807671
52 26 -4093.0631860135236
52 27 4408.3650876586944
52 28 -3726.9982070199603
52 29 3875.4063154215146
52 30 -3242.5703323156085
52 31 3275.1343006339084
52 32 -2709.6998868898936
52 33 2669.1580008787241
52 34 -2182.9391134303933
52 35 2102.3410235557094
52 36 -1699.9074299064887
52 37 1602.7800574647699
52 38 -1282.3385498222706
52 39 1183.8950730123088
52 40 -938.80379202460063
52 41 847.69251125180745
52 42 -668.19496510106546
52 43 588.36715978713983
52 44 -463.2244640731642
52 45 395.62639772725561
52 46 -313.44697693498347
52 47 257.37345362699671
52 48 -207.55552340574468
52 49 161.61446308160521
52 50 -134.90721798348204
52 51 97.623243618727429
52 52 -86.369706394862078
52 53 56.499380690411272
52 54 -54.650060775429665
52 55 31.280646783216071
52 56 -34.262635313098144
52 57 16.990738851063725
52 58 -21.328317046709344
52 59 7.6944628460751119
52 60 -17.493673834678702
52 61 25.874705966089095
52 62 76.857219977455316
52 63 0
53 0 0
53 1 -6312.0456559715876
53 2 11576.262627693268
53 3 -9612.0583885806354
53 4 9460.1960863485601
53 5 -7427.4798294084121
53 6 8353.0850287274916
53 7 -5656.917690487262
53 8 6402.4536540841837
53 9 -3646.8067230998713
53 10 4273.7034963181486
53 11 -1575.4336294776294
53 12 2124.309802610469
53 13 380.14475867385045
53 14 135.32478765228007
53 15 2076.6839910209001
53 16 -1555.4735576870371
53 17 3413.7048461445829
53 18 -2860.3879596744264
53 19 4340.5434009741839
53 20 -3744.5206120480634
53 21 4854.7461743567055
53 22 -4220.5983181304418
53 23 4994.1810515463203
53 24 -4338.3607104033217
53 25 4825.090163637924
53 26 -4171.1129299244476
53 27 4428.6965801973111
53 28 -3802.056939537124
53 29 3888.6968747874562
53 30 -3312.4947715577946
53 31 3281.322662672892
53 32 -2773.2076717882137
53 33 2668.8333639242501
53 34 -2239.4715775078566
53 35 2096.5192226356066
53 36 -1749.4536787808102
53 37 1592.6961257378025
53 38 -1325.2559915883921
53 39 1170.8323084747008
53 40 -975.65943597714977
53 41 832.85763827234405
53 42 -699.64051723445664
53 43 572.81221140215166
53 44 -489.90870140528386
53 45 380.21159298864404
53 46 -335.96218503930686
53 47 242.7618568788148
53 48 -226.41109422920636
53 49 148.28823748302966
53 50 -150.52236658448237
53 51 85.912155657297262
53 52 -99.077761524313246
53 53 46.614260406840913
53 54 -64.709826483522193
53 55 23.342463350672915
53 56 -41.860204248678201
53 57 11.128815964411842
53 58 -26.610531551796157
53 59 3.1179730456187826
53 60 -21.963302089034187
53 61 30.814217768693197
53 62 105.96412490144758
53 63 0
54 0 0
54 1 -5472.0636539286716
54 2 11921.609089307594
54 3 -9849.8838268255895
54 4 9510.5182006761879
54 5 -7538.3850448986323
54 6 8444.2275153776336
54 7 -5742.2266374715036
54 8 6468.6922118653456
54 9 -3703.6370667806295
54 10 4316.6115131384686
54 11 -1604.4262720299685
54 12 2141.2339405287639
54 13 375.38065058697612
54 14 126.4373525884821
54 15 2091.1498801410744
54 16 -1587.9326406491145
54 17 3441.6285555948889
54 18 -2912.5696631012943
54 19 4376.0950016292099
54 20 -3811.5999922922583
54 21 4892.6177510054458
54 22 -4297.4232654273692
54 23 5029.9992051236586
54 24 -4420.0182873225913
54 25 4855.6433001351706
54 26 -4253.3472350100965
54 27 4451.9880427571934
54 28 -3881.5126639747177
54 29 3903.8552530655579
54 30 -3386.7953153446706
54 31 3288.4127855368206
54 32 -2840.9007189111435
54 33 2668.614759392085
54 34 -2299.8866408499907
54 35 2090.1944821957841
54 36 -1802.5166540326154
54 37 1581.6820178656599
54 38 -1371.2984199514722
54 39 1156.5744897893637
54 40 -1015.2487876041505
54 41 816.698018883244
54 42 -733.44578654541692
54 43 555.90833748055957
54 44 -518.60536055414741
54 45 363.50079048474981
54 46 -360.17330725144348
54 47 226.9594622873683
54 48 -246.67744244766254
54 49 133.90852917041229
54 50 -167.29296249877734
54 51 73.301774244782791
54 52 -112.71294972061696
54 53 35.990265769214602
54 54 -75.491922405035439
54 55 14.82553328173708
54 56 -49.995271785974182
54 57 4.8426222804209829
54 58 -32.260612817935908
54 59 -1.7091795939450094
54 60 -26.608760020963018
54 61 35.459743116916798
54 62 134.34306394515261
54 63 0
55 0 0
55 1 -4673.5822535822535
55 2 12274.023755662711
55 3 -10057.588706030174
55 4 9585.3301509805533
55 5 -7631.2353851221815
55 6 8552.0738365687521
55 7 -5812.1817968981304
55 8 6549.6495917329867
55 9 -3747.1355122136174
55 10 4372.1789247683773
55 11 -1621.7426984496797
55 12 2168.968659566417
55 13 380.82449855778577
55 14 126.51826031060409
55 15 2114.3748412271179
55 16 -1613.3219533855936
55 17 3476.8061923784899
55 18 -2959.627075415483
55 19 4417.3290903017914
55 20 -3875.4882119974354
55 21 4934.570518014425
55 22 -4372.8952726667103
55 23 5068.3292530209201
55 24 -4501.9828535544093
55 25 4887.2398761943714
55 26 -4337.3023297419877
55 27 4475.0171679311279
55 28 -3963.8137863732936
55 29 3917.6542595726005
55 30 -3464.7610011916186
55 31 3293.2816323011593
55 32 -2912.7830361289853
55 33 2665.5547714256045
55 34 -2364.7480619729322
55 35 2080.6395755471385
55 36 -1860.0571021693213
55 37 1567.256705948239
55 38 -1421.6704066313923
55 39 1138.9000199017119
55 40 -1058.8880837701709
55 41 797.255518170914
55 42 -770.93343427350192
55 43 535.95772964740718
55 44 -550.56658399621483
55 45 344.04740956688329
55 46 -387.21140821280642
55 47 208.75680832546095
55 48 -269.33641896675908
55 49 117.48494216021754
55 50 -186.04098685273129
55 51 59.000090362815172
55 52 -127.93908447292779
55 53 24.012017553332043
55 54 -87.511275989982096
55 55 5.2699667833167041
55 56 -59.046766619985647
55 57 -2.1919986181728746
55 58 -38.534423157443598
55 59 -6.9810878301268531
55 60 -31.556846982994102
55 61 39.640615790403899
55 62 161.60571622663156
55 63 0
56 0 0
56 1 -3997.343708738299
56 2 12600.348976809528
56 3 -10280.345855062478
56 4 9663.6750155084883
56 5 -7744.6507890556404
56 6 8657.8540965604134
56 7 -5900.2089378111577
56 8 6627.0543929647374
56 9 -3806.5820566998809
56 10 4421.536261509118
56 11 -1653.1942974552294
56 12 2187.5859831652633
56 13 373.54754139187207
56 14 114.49336369651064
56 15 2125.7525718851866
56 16 -1653.6913761285632
56 17 3500.4310869908295
56 18 -3024.2461558998457
56 19 4446.7851459160102
56 20 -3959.0718304282291
56 21 4964.13860884104
56 22 -4469.6309249445676
56 23 5093.4712601019783
56 24 -4606.1437568596375
56 25 4904.8430357686357
56 26 -4443.7324396881195
56 27 4483.4184485296191
56 28 -4068.2450600968423
56 29 3916.490599607414
56 30 -3563.9596212831748
56 31 3283.2257129484788
56 32 -3004.5489308690776
56 33 2647.9977350675199
56 34 -2447.8078644051493
56 35 2057.3741762405007
56 36 -1933.8950026508428
56 37 1540.2003831638922
56 38 -1486.3368011049261
56 39 1109.8811543831744
56 40 -1114.816147332931
56 41 767.87092546055646
56 42 -818.78229180460949
56 43 507.49747522331745
56 44 -591.09928766929443
56 45 317.47528738037545
56 46 -421.20800651446189
56 47 184.73125654736577
56 48 -297.53748698340132
56 49 96.404999709420736
56 50 -209.1147923920289
56 51 41.063105476268902
56 52 -146.46526802835069
56 53 9.2732157156660833
56 54 -101.97620277949682
56 55 -6.3062289655135828
56 56 -69.835152970654235
56 57 -10.625675224673614
56 58 -45.950991324161805
56 59 -13.075423538566611
56 60 -37.067240634769405
56 61 43.104647312475208
56 62 187.29722993384712
56 63 0
57 0 0
57 1 -3443.0174991655349
57 2 12873.06067465579
57 3 -10525.130411753025
57 4 9712.5492565339755
57 5 -7892.6603812874419
57 6 8725.9896382022362
57 7 -6024.6068405433562
57 8 6665.3500134691512
57 9 -3903.6124276265127
57 10 4430.4715799626138
57 11 -1723.0003840552399
57 12 2165.0614407690227
57 13 327.51600036249329
57 14 61.033401379972929
57 15 2098.2803673405215
57 16 -1735.3945688000749
57 17 3485.4334138572085
57 18 -3129.6839539209031
57 19 4438.2260651502747
57 20 -4082.4990400551542
57 21 4956.74702526685
57 22 -4604.7291893330566
57 23 5083.2081086639391
57 24 -4746.6587623887335
57 25 4889.1081564079286
57 26 -4583.9990591900914
57 27 4461.0270294356269
57 28 -4203.550763554631
57 29 3887.4759121256375
57 30 -3690.7327864469153
57 31 3248.5370749498088
57 32 -3120.3883600539939
57 33 2609.1611166009443
57 34 -2551.3890248532789
57 35 2016.1710755246531
57 36 -2024.7965969872439
57 37 1498.4030845198504
57 38 -1564.8299971132928
57 39 1069.0637052448437
57 40 -1181.6512151767711
57 41 729.29867699258466
57 42 -874.99683284022467
57 43 472.08597135863783
57 44 -637.86148839994894
57 45 285.8023753674388
57 46 -459.69929083753414
57 47 157.08409262060741
57 48 -328.87246545101334
57 49 72.844976489250257
57 50 -234.29262559488961
57 51 21.495215167988135
57 52 -166.34494541563072
57 53 -6.489207572712985
57 54 -117.26949766739381
57 55 -18.489710316771379
57 56 -81.101002928107846
57 57 -19.398102148215912
57 58 -53.619710746488636
57 59 -19.284632162452908
57 60 -42.600259047276268
57 61 46.083757069936837
57 62 211.13563020094261
57 63 0
58 0 0
58 1 -2936.9769234733667
58 2 13211.786105108558
58 3 -10685.544466696228
58 4 9865.2860931224495
58 5 -7961.4963899928171
58 6 8894.6908329830876
58 7 -6064.6767411526525
58 8 6806.3707653550409
58 9 -3910.7751026335791
58 10 4543.393700720344
58 11 -1697.308799413122
58 12 2247.4719790579911
58 13 382.20039649559112
58 14 112.92841724639402
58 15 2175.7613049715019
58 16 -1712.0206216645784
58 17 3578.1848288252149
58 18 -3131.1773007303145
58 19 4538.4494398263087
58 20 -4104.0900746679654
58 21 5057.2488824286665
58 22 -4641.1453598466323
58 23 5178.0270340088919
58 24 -4792.702517880798
58 25 4973.8624587575941
58 26 -4635.0102097164836
58 27 4533.0016911407256
58 28 -4255.7087292721008
58 29 3945.5003172292891
58 30 -3741.1907243722453
58 31 3292.7220609849428
58 32 -3167.260686126383
58 33 2640.5658643227525
58 34 -2593.6321389679051
58 35 2036.460782346694
58 36 -2062.0289344435605
58 37 1509.5420262980497
58 38 -1597.1338980591554
58 39 1073.0699097223351
58 40 -1209.3890809921959
58 41 728.06975218213665
58 42 -898.66146840904548
58 43 467.29293695761953
58 44 -657.96859626061632
58 45 278.84044598636137
58 46 -476.72082347389733
58 47 149.06590660075381
58 48 -343.20377007475145
58 49 64.621709412904238
58 50 -246.24387813219073
58 51 13.693079819177001
58 52 -176.14740993394662
58 53 -13.426451107534376
58 54 -125.08989014463623
58 55 -24.261551010340554
58 56 -87.049771946112742
58 57 -23.760154010687984
58 58 -57.779160806603613
58 59 -22.709315612701175
58 60 -46.08189051964473
58 61 49.754802131474207
58 62 233.20369755879256
58 63 0
59 0 0
59 1 -1758.9147460569166
59 2 14311.312714193036
59 3 -10047.387405739983
59 4 10807.519793888787
59 5 -7248.0153967092065
59 6 9838.9032791772024
59 7 -5330.2899258369507
59 8 7712.6012073279071
59 9 -3155.3233984197959
59 10 5406.4079776878771
59 11 -926.1959872276293
59 12 3059.4214855625523
59 13 1158.7348749344528
59 14 867.36815885615215
59 15 2944.4525161920865
59 16 -1020.0403195540275
59 17 4324.2804226167664
59 18 -2504.9113986767679
59 19 5247.3428679491008
59 20 -3545.0619721984822
59 21 5715.9192479559806
59 22 -4149.2213139690648
59 23 5776.1383861986815
59 24 -4366.2447543852068
59 25 5504.4362400110458
59 26 -4271.0787042608445
59 27 4992.6491269673079
59 28 -3950.2896348096783
59 29 4334.2623229648325
59 30 -3489.4373506062948
59 31 3613.6063283720432
59 32 -2963.7384039176595
59 33 2898.8912827571767
59 34 -2432.5607443927311
59 35 2239.1198660784539
59 36 -1937.5155574664404
59 37 1664.2771288559288
59 38 -1503.3880158171087
59 39 1187.8347099127495
59 40 -1140.9101849835679
59 41 810.51979150288389
59 42 -850.39049144484125
59 43 524.42281736944096
59 44 -625.39660552829446
59 45 316.76399070192929
59 46 -455.95230352546423
59 47 172.92074863348716
59 48 -330.97621535489452
59 49 78.57153233317149
59 50 -239.90948122900591
59 51 20.998169509311992
59 52 -173.62558313038789
59 53 -10.297960693606001
59 54 -124.80189096777394
59 55 -23.50778000277387
59 56 -87.838459927525037
59 57 -24.075267293710567
59 58 -58.848151729762321
59 59 -23.774808119014779
59 60 -47.858338399464628
59 61 53.777608098926066
59 62 253.03328378640799
59 63 0
60 0 0
60 1 -170.77489611097008
60 2 15946.17060079031
60 3 -8864.1399242419538
60 4 12299.843962659907
60 5 -6031.6490666139089
60 6 11287.755751527584
60 7 -4136.5521598095256
60 8 9071.0666650920757
60 9 -1995.834145606068
60 10 6656.876745222462
60 11 183.9867164108
60 12 4185.2668658691528
60 13 2202.5632370400672
60 14 1856.7696718093885
60 15 3905.0246825695467
60 16 -173.66605256370349
60 17 5186.6119311682723
60 18 -1802.6852055186282
60 19 5999.9891818449669
60 20 -2982.8531070620556
60 21 6352.1468020383054
60 22 -3718.2440131800831
60 23 6294.5013047169596
60 24 -4053.9621083098609
60 25 5908.7200896044578
60 26 -4062.3029507401043
60 27 5291.2494059398796
60 28 -3828.3549230129665
60 29 4539.144321591948
60 30 -3437.3264803321035
60 31 3739.0347487303188
60 32 -2965.0658422212928
60 33 2960.121197349963
60 34 -2472.3448435622686
60 35 2251.2119492830607
60 36 -2002.7071151616838
60 37 1641.151202426272
60 38 -1583.154470347381
60 39 1141.6194780395017
60 40 -1226.7006317472351
60 41 751.20455009596299
60 42 -935.82402525385078
60 43 459.77670678212235
60 44 -706.0247722222357
60 45 252.4636090754484
60 46 -528.94670502610097
60 47 112.8174612233579
60 48 -394.78652602156217
60 49 25.032732963836679
60 50 -293.927668235483
60 51 -24.732121204351643
60 52 -217.88118298218251
60 53 -47.758682433141075
60 54 -159.7035141003289
60 55 -52.72700539080688
60 56 -113.96080071790493
60 57 -45.293978450899886
60 58 -76.78536014736892
60 59 -37.777568707042519
60 60 -58.892489914796897
60 61 51.317534865802372
60 62 267.50661176038193
60 63 0
61 0 0
61 1 -6974.4830990771334
61 2 9315.5585665442686
61 3 -15889.79854786885
61 4 5633.7596668640799
61 5 -12918.130405091688
61 6 4727.6092978108863
61 7 -10845.049192505485
61 8 2655.4576994669787
61 9 -8461.9177026468151
61 10 442.38029989287497
61 11 -5982.6225393976529
61 12 -1774.2481809307264
61 13 -3615.1513263007473
61 14 -3795.8971193575053
61 15 -1522.5075999580895
61 16 -5471.9585757311506
61 17 181.4712106636307
61 18 -6705.9657229833647
61 19 1439.5492854987424
61 20 -7459.8165707129738
61 21 2248.256475627386
61 22 -7748.8305715689876
61 23 2648.4071339211823
61 24 -7630.4332781376161
61 25 2711.439075733324
61 26 -7189.3312562679057
61 27 2524.4775908106476
61 28 -6522.1410038361682
61 29 2176.6467307884341
61 30 -5723.8990491327968
61 31 1748.3978872235184
61 32 -4878.0161633203534
61 33 1304.7083030414797
61 34 -4050.2890487971399
61 35 892.14784676983072
61 36 -3286.759511775017
61 37 539.17656486532906
61 38 -2614.6450593614645
61 39 258.6876164343721
61 40 -2045.2970409792215
61 41 51.738939458800814
61 42 -1578.1388821210385
61 43 -88.444635110818126
61 44 -1204.7179610192416
61 45 -172.86041262991603
61 46 -912.27678908580856
61 47 -213.88200896126364
61 48 -686.53047048883309
61 49 -223.29929846023333
61 50 -513.57212885818626
61 51 -211.18149299468314
61 52 -380.98834878041998
61 53 -185.39375176374051
61 54 -278.36551319069258
61 55 -151.60527659645595
61 56 -197.2672177316781
61 57 -112.83374901722709
61 58 -131.26982562994272
61 59 -79.511379243513147
61 60 -89.476160769663693
61 61 35.902471671533931
61 62 273.21604194980864
61 63 0
62 0 0
62 1 -36846.204327122221
62 2 -20127.610445194932
62 3 -45407.848544579108
62 4 -23126.71466354459
62 5 -41388.855561308446
62 6 -22789.213611974901
62 7 -37788.311561536146
62 8 -23187.294067128052
62 9 -33473.642674459828
62 10 -23378.89875398673
62 11 -28764.536635662807
62 12 -23330.199130572284
62 13 -23980.498043584928
62 14 -22947.694609257494
62 15 -19393.445373265196
62 16 -22181.149385244225
62 17 -15216.3160683358
62 18 -21023.507454088984
62 19 -11590.015036659906
62 20 -19510.594750107659
62 21 -8582.8301707067567
62 22 -17713.588062690633
62 23 -6198.6832588502239
62 24 -15727.021101042737
62 25 -4391.4966814782019
62 26 -13654.93885862179
62 27 -3082.3269954225907
62 28 -11597.766545838795
62 29 -2176.212621986906
62 30 -9641.8547555799705
62 31 -1576.4387406363767
62 32 -7852.8037641888204
62 33 -1194.9128508149442
62 34 -6272.7834241115943
62 35 -958.3133253613596
62 36 -4921.3409804337971
62 37 -810.43775521152384
62 38 -3798.7359803992149
62 39 -711.64620215995456
62 40 -2890.6809473596695
62 41 -636.46310509284376
62 42 -2173.4510976557431
62 43 -570.33074985497478
62 44 -1618.5694197702105
62 45 -506.28808799615399
62 46 -1196.580410964998
62 47 -442.0731693187463
62 48 -879.71818019809689
62 49 -377.88744166391552
62 50 -643.50261149570542
62 51 -314.85876269812252
62 52 -467.43974219225493
62 53 -254.10965431547083
62 54 -335.07871059441641
62 55 -196.32203216701782
62 56 -233.55057207368191
62 57 -140.85742159863912
62 58 -153.21327904302962
62 59 -95.688580421438019
62 60 -101.14359091062397
62 61 30.861913228363846
62 62 278.02528476854604
62 63 0
63 0 0
63 1 0
63 2 0
63 3 0
63 4 0
63 5 0
63 6 0
63 7 0
63 8 0
63 9 0
63 10 0
63 11 0
63 12 0
63 13 0
63 14 0
63 15 0
63 16 0
63 17 0
63 18 0
63 19 0
63 20 0
63 21 0
63 22 0
63 23 0
63 24 0
63 25 0
63 26 0
63 27 0
63 28 0
63 29 0
63 30 0
63 31 0
63 32 0
63 33 0
63 34 0
63 35 0
63 36 0
63 37 0
63 38 0
63 39 0
63 40 0
63 41 0
63 42 0
63 43 0
63 44 0
63 45 0
63 46 0
63 47 0
63 48 0
63 49 0
63 50 0
63 51 0
63 52 0
63 53 0
63 54 0
63 55 0
63 56 0
63 57 0
63 58 0
63 59 0
63 60 0
63 61 0
63 62 0
63 63 0
