0 0 0
0 1 0
0 2 0
0 3 0
0 4 0
0 5 0
0 6 0
0 7 0
0 8 0
0 9 0
0 10 0
0 11 0
0 12 0
0 13 0
0 14 0
0 15 0
0 16 0
0 17 0
0 18 0
0 19 0
0 20 0
0 21 0
0 22 0
0 23 0
0 24 0
0 25 0
0 26 0
0 27 0
0 28 0
0 29 0
0 30 0
0 31 0
0 32 0
0 33 0
0 34 0
0 35 0
0 36 0
0 37 0
0 38 0
0 39 0
0 40 0
0 41 0
0 42 0
0 43 0
0 44 0
0 45 0
0 46 0
0 47 0
0 48 0
0 49 0
0 50 0
0 51 0
0 52 0
0 53 0
0 54 0
0 55 0
0 56 0
0 57 0
0 58 0
0 59 0
0 60 0
0 61 0
0 62 0
0 63 0
1 0 0
1 1 -26884.493777947682
1 2 -20224.920262722888
1 3 -30523.818494856416
1 4 -20966.424402888606
1 5 -29227.477132184278
1 6 -20652.814932736874
1 7 -28093.501267420608
1 8 -20417.645436111798
1 9 -26619.699044147183
1 10 -20076.102589871425
1 11 -24891.390743306372
1 12 -19633.147774641202
1 13 -22971.214359046142
1 14 -19084.498091206115
1 15 -20928.132954867353
1 16 -18428.625057424597
1 17 -18828.486039842574
1 18 -17666.863427342607
1 19 -16733.61244128273
1 20 -16804.379640325351
1 21 -14697.176103118181
1 22 -15850.47610239485
1 23 -12763.364239634711
1 24 -14818.487650887846
1 25 -10965.901224579966
1 26 -13725.256310641498
1 27 -9327.8609869344109
1 28 -12590.268799363002
1 29 -7862.1831607847525
1 30 -11434.56479775864
1 31 -6572.7480394286886
1 32 -10279.540063987724
1 33 -5455.837323694368
1 34 -9145.7676132279175
1 35 -4501.8012630407611
1 36 -8051.945225702184
1 37 -3696.7653809597323
1 38 -7014.0520503059633
1 39 -3024.2368957487997
1 40 -6044.7656185772303
1 41 -2466.5066350735287
1 42 -5153.1578746903506
1 43 -2005.7811016272353
1 44 -4344.6589806421798
1 45 -1625.0165041583386
1 46 -3621.2537284427526
1 47 -1308.4583728527832
1 48 -2981.8591114747051
1 49 -1041.9146332480977
1 50 -2422.8234945383065
1 51 -812.80611660190516
1 52 -1938.4857506167918
1 53 -610.04369157444671
1 54 -1521.7544676943362
1 55 -423.8491105581943
1 56 -1164.5071577845556
1 57 -244.35740502326553
1 58 -858.13368360732056
1 59 -77.727362815949164
1 60 -621.16590339655886
1 61 244.3664169902604
1 62 234.5433796335783
1 63 0
2 0 0
2 1 -3990.0470669408605
2 2 2480.9942467015844
2 3 -7793.9952361873566
2 4 1438.2900194732429
2 5 -6936.2959886404951
2 6 1217.2587875227237
2 7 -6456.3030822284873
2 8 712.95786402174599
2 9 -5835.2812435941814
2 10 132.36148828354999
2 11 -5131.4442131911164
2 12 -502.04783736376157
2 13 -4377.3260994782959
2 14 -1155.6761039400953
2 15 -3609.369340261992
2 16 -1794.9835705906025
2 17 -2860.475574254906
2 18 -2388.9354251082295
2 19 -2158.9952576334781
2 20 -2911.2347537363803
2 21 -1527.3095908128198
2 22 -3341.7525456002295
2 23 -981.08702447348151
2 24 -3667.3512067864067
2 25 -529.11453841488765
2 26 -3882.0535695151648
2 27 -173.66397892715213
2 28 -3986.6266881745105
2 29 88.702546810282001
2 30 -3987.6918041670706
2 31 266.01603594258449
2 32 -3896.5037977504835
2 33 369.61403520194835
2 34 -3727.555017138684
2 35 412.82181052793021
2 36 -3497.1518430893411
2 37 409.72088502257975
2 38 -3222.0911506271932
2 39 374.09663353855649
2 40 -2918.5328109178954
2 41 318.62362386050336
2 42 -2601.1288057873116
2 43 254.31406627376418
2 44 -2282.4343049649087
2 45 190.22497232299429
2 46 -1972.595102466812
2 47 133.39611734295431
2 48 -1679.2817160137474
2 49 88.975006713098992
2 50 -1407.8244968231957
2 51 60.476703453105074
2 52 -1161.4947991290592
2 53 50.127795111620799
2 54 -941.89221739497953
2 55 59.183328880862973
2 56 -749.23823440826709
2 57 89.34430541103211
2 58 -582.88238482191446
2 59 127.28382134241656
2 60 -467.84657719740608
2 61 326.24683033759538
2 62 244.31273286609212
2 63 0
3 0 0
3 1 1354.9955424252857
3 2 7737.7794769461161
3 3 -2382.7937400767496
3 4 6691.3809179254713
3 5 -1577.2432870221564
3 6 6424.1626012915276
3 7 -1167.0670032970065
3 8 5852.5570004007932
3 9 -643.62730834091053
3 10 5180.8676732605363
3 11 -63.132740393712083
3 12 4431.8820949456494
3 13 542.96912256859287
3 14 3640.3670780430275
3 15 1139.6349408528295
3 16 2840.3310086616784
3 17 1695.6322817179625
3 18 2063.7047721436375
3 19 2184.6372238940148
3 20 1338.2142541900066
3 21 2586.6777547037145
3 22 685.99795504269423
3 23 2888.8707504677313
3 24 122.77792452550784
3 25 3085.5487748681298
3 26 -342.36803249996228
3 27 3177.8191649493692
3 28 -706.69571430812539
3 29 3172.6570588659797
3 30 -973.04631257770779
3 31 3081.6683298439784
3 32 -1148.7905484784733
3 33 2919.6734071774699
3 34 -1244.6054324186662
3 35 2703.2596784692942
3 36 -1273.2178377859782
3 37 2449.4314808634954
3 38 -1248.2297468750403
3 39 2174.4571527449352
3 40 -1183.1119140822466
3 41 1892.9774173045644
3 42 -1090.4206052259724
3 43 1617.4035367157558
3 44 -981.26044156856551
3 45 1357.6014215516352
3 46 -864.9887130445677
3 47 1120.8321688684464
3 48 -749.1350948669151
3 49 911.90189737631044
3 50 -639.49659025297478
3 51 733.46430870060431
3 52 -540.3592503910204
3 53 586.42025967401423
3 54 -454.81237766011873
3 55 470.30162660917085
3 56 -384.97083241963992
3 57 384.69426255574035
3 58 -332.39003799394595
3 59 314.84480927588265
3 60 -322.87026864423751
3 61 400.37297441699593
3 62 242.68685399420065
3 63 0
4 0 0
4 1 266.62529448344685
4 2 6611.9764021152605
4 3 -3335.8490181058187
4 4 5604.2926807833737
4 5 -2535.7833259135987
4 6 5356.1060828826612
4 7 -2110.8405335326097
4 8 4816.3405477055221
4 9 -1568.5015346662112
4 10 4184.3615853849769
4 11 -963.4087788413126
4 12 3482.7136520732438
4 13 -326.76470927412993
4 14 2745.4227165492284
4 15 306.59397496606289
4 16 2005.5695602820833
4 17 905.36298533265835
4 18 1293.9760026597469
4 19 1442.872512240001
4 20 637.11741061069915
4 21 1898.5184438804481
4 22 55.780577059749703
4 23 2258.5171092998735
4 24 -435.71534802140377
4 25 2516.0740804096804
4 26 -829.69175950324825
4 27 2671.0051733232376
4 28 -1124.743926766314
4 29 2728.9045699319558
4 30 -1324.9398918958377
4 31 2699.9882859399804
4 32 -1438.7187641148103
4 33 2597.756247706684
4 34 -1477.6318392875964
4 35 2437.613855863674
4 36 -1455.0628172855795
4 37 2235.5768060435821
4 38 -1385.0428351361188
4 39 2007.1553855984803
4 40 -1281.2466978516568
4 41 1766.4813730618789
4 42 -1156.2235099972895
4 43 1525.7068038295074
4 44 -1020.8824294011265
4 45 1294.67323370136
4 46 -884.22605143136934
4 47 1080.8255624056073
4 48 -753.30228625603013
4 49 889.3274742547419
4 50 -633.33157740430579
4 51 723.32619280928157
4 52 -527.95849045423893
4 53 584.31457541701093
4 54 -439.59048437045567
4 55 472.48457007640354
4 56 -369.64723412893363
4 57 388.05594101631868
4 58 -318.99089398734759
4 59 317.89100462447095
4 60 -310.84034252444326
4 61 391.8837496200922
4 62 206.63769176962887
4 63 0
5 0 0
5 1 -467.40257014903364
5 2 5886.6563641004177
5 3 -3887.5742577829442
5 4 4919.1226639550223
5 5 -3109.7325166570045
5 6 4672.6063651362892
5 7 -2688.6377147093299
5 8 4142.65665979201
5 9 -2151.7494590113984
5 10 3522.7167762514
5 11 -1551.4246069699311
5 12 2835.7941955164279
5 13 -917.96163388266905
5 14 2115.9987020155313
5 15 -285.14588345274205
5 16 1396.4388993258581
5 17 316.58886288710164
5 18 707.8772112038223
5 19 861.2499058983758
5 20 76.651134361327422
5 21 1328.6711620366987
5 22 -476.66868547366903
5 23 1705.2469265934178
5 24 -938.0518905459212
5 25 1984.0998500797014
5 26 -1300.1724844912133
5 27 2164.7202092253792
5 28 -1562.0302333161362
5 29 2252.168240050878
5 30 -1728.1351480050944
5 31 2255.9635380787313
5 32 -1807.3895257714412
5 33 2188.8000722469769
5 34 -1811.8116848313548
5 35 2065.2229833785896
5 36 -1755.2384156488188
5 37 1900.3866672790082
5 38 -1652.1226488805496
5 39 1708.9868448294965
5 40 -1516.5135033612387
5 41 1504.4271771103013
5 42 -1361.2726519909302
5 43 1298.2481398239543
5 44 -1197.5483615344729
5 45 1099.8162193914141
5 46 -1034.5001982841495
5 47 916.24777675747282
5 48 -879.2455617253836
5 49 752.5255863242819
5 50 -736.98499229521985
5 51 611.75715212016257
5 52 -611.25527215608599
5 53 495.52429526897868
5 54 -504.27201492198037
5 55 404.22352532800687
5 56 -417.19349052868893
5 57 338.30749619028211
5 58 -350.56656594179003
5 59 285.92325857630385
5 60 -325.28657020520768
5 61 366.9841642818028
5 62 162.63349751284295
5 63 0
6 0 0
6 1 -650.93650230210187
6 2 5748.1385165999654
6 3 -3842.3239868848214
6 4 4828.9179279265682
6 5 -3092.0289585424143
6 6 4580.0199749294279
6 7 -2677.3852181293023
6 8 4055.9736664363299
6 9 -2150.0178019607574
6 10 3442.705271874047
6 11 -1560.1519916060624
6 12 2763.376856864852
6 13 -937.58575998776905
6 14 2051.8500233436043
6 15 -315.36863176029328
6 16 1340.9707009543581
6 17 276.66329727367156
6 18 661.20529774025272
6 19 812.99709785298546
6 20 38.597675052187697
6 21 1273.8048821006487
6 22 -506.55192731596799
6 23 1645.6729474327858
6 24 -960.44123633305389
6 25 1921.7764321467712
6 26 -1315.9168249046616
6 27 2101.5349369520209
6 28 -1572.0885625341907
6 29 2189.8380849393106
6 30 -1733.5133955214133
6 31 2195.9619823746834
6 32 -1809.0821993723694
6 33 2132.3122158094066
6 34 -1810.7525839241134
6 35 2013.1270534591295
6 36 -1752.263125791842
6 37 1853.2584432591648
6 38 -1647.9439188515244
6 39 1667.1222811794451
6 40 -1511.7091376282588
6 41 1467.8779521375418
6 42 -1356.2843773001987
6 43 1266.8648927842696
6 44 -1192.6893294059937
6 45 1073.2947374606283
6 46 -1029.9683902360357
6 47 894.1742023353072
6 48 -875.14033784827916
6 49 734.4176839467309
6 50 -733.32429079187023
6 51 597.09967634375971
6 52 -607.99151991091094
6 53 483.79725332097223
6 54 -501.30442497788863
6 55 394.92706434884894
6 56 -414.38440354113482
6 57 330.90766423811147
6 58 -347.75590825688596
6 59 280.90525516972775
6 60 -320.2896206062178
6 61 353.78330562139126
6 62 122.17969830317088
6 63 0
7 0 0
7 1 -819.73234383099225
7 2 5667.7844150044621
7 3 -3733.9273382428928
7 4 4808.5928641455666
7 5 -3012.7452966780766
7 6 4557.6271198399354
7 7 -2602.6545254637767
7 8 4040.8065237784285
7 9 -2082.8602507322103
7 10 3435.5192788950717
7 11 -1501.2262617176475
7 12 2765.1185556237579
7 13 -887.18476173426097
7 14 2063.1626030649386
7 15 -273.16085089523767
7 16 1362.172284495955
7 17 311.47588883868593
7 18 692.24406479406753
7 19 841.55732589010768
7 20 79.049207238313102
7 21 1297.4629211043975
7 22 -457.46146784608754
7 23 1665.852319933947
7 24 -903.78778506874369
7 25 1939.8532431068816
7 26 -1253.0134533676573
7 27 2118.7383225992562
7 28 -1504.4098296016273
7 29 2207.1769335980207
7 30 -1662.6161323870292
7 31 2214.1799225039449
7 32 -1736.529251866159
7 33 2151.8700364651977
7 34 -1738.0448891572087
7 35 2034.2093933720662
7 36 -1680.7840025023779
7 37 1875.7999268927961
7 38 -1578.917820023662
7 39 1690.8473617149866
7 40 -1446.1755429749701
7 41 1492.3485145970972
7 42 -1295.0861405499836
7 43 1291.5300753888914
7 44 -1136.4737361191146
7 45 1097.5382951301071
7 46 -979.19846755303297
7 47 917.35589147674546
7 48 -830.11358358362486
7 49 755.90642107385975
7 50 -694.19591222867894
7 51 616.29747431766191
7 52 -574.79951777850147
7 53 500.15385863844131
7 54 -473.99314615290677
7 55 407.95053616875521
7 56 -392.83380985466465
7 57 340.09157746481833
7 58 -331.80605396410101
7 59 286.82801627155641
7 60 -307.69372789904992
7 61 345.40247054337669
7 62 82.359393593378627
7 63 0
8 0 0
8 1 -1059.3068783293802
8 2 5546.6827215468584
8 3 -3657.3151252071057
8 4 4754.8166942078751
8 5 -2968.8264961635014
8 6 4500.0749970313336
8 7 -2563.3098912408059
8 8 3990.0047796777471
8 9 -2051.1400699035676
8 10 3392.3682665033539
8 11 -1477.6138816330331
8 12 2730.7447151883935
8 13 -871.86338598144175
8 14 2038.3723069983262
8 15 -265.69726495608847
8 16 1347.4469452944504
8 17 311.9792349252748
8 18 687.6994713422846
8 19 836.34888405299534
8 20 84.435214859013286
8 21 1288.0093060402942
8 22 -442.73748596879159
8 23 1653.7068925060794
8 24 -880.61471878972952
8 25 1926.5356211576545
8 26 -1222.5140340206053
8 27 2105.6326890970922
8 28 -1467.8689433367254
8 29 2195.454324930779
8 30 -1621.4068156330086
8 31 2204.7469064148117
8 32 -1692.0425242290094
8 33 2145.3436117894853
8 34 -1691.6282650811354
8 35 2030.9157762767427
8 36 -1633.6919251727977
8 37 1875.7932804874144
8 38 -1532.2756126067816
8 39 1693.9435433812378
8 40 -1400.9569696042945
8 41 1498.1685488464791
8 42 -1252.1034471774328
8 43 1299.5482384781099
8 44 -1096.3781747136636
8 45 1107.1303048879599
8 46 -942.48880961913528
8 47 927.84359290476459
8 48 -797.14996853681441
8 49 766.59640421326003
8 50 -665.21648520847521
8 51 626.51213615367851
8 52 -549.93770009446052
8 53 509.25421655279024
8 54 -453.29270583351899
8 55 415.35557444376536
8 56 -376.27004198270697
8 57 345.21077708404846
8 58 -319.30203926435752
8 59 290.20493137750236
8 60 -297.02257960479983
8 61 335.68388411708838
8 62 41.350873220835638
8 63 0
9 0 0
9 1 -1353.5909500319576
9 2 5409.5386883830088
9 3 -3594.2031756690085
9 4 4694.4990410054288
9 5 -2940.1581711226754
9 6 4435.4681775132576
9 7 -2538.3139493499129
9 8 3932.1125477044916
9 9 -2033.1760106785168
9 10 3341.7668136621614
9 11 -1467.1757347116454
9 12 2688.3825918332604
9 13 -869.17120783027713
9 14 2004.9254597552135
9 15 -270.36885932716359
9 16 1323.3075083292078
9 17 300.76655232278426
9 18 672.93119090550135
9 19 819.74987511443942
9 20 78.77273109215821
9 21 1267.3866528700728
9 22 -439.86541462004425
9 23 1630.5106222205268
9 24 -870.03968465637627
9 25 1902.1937976845038
9 26 -1205.2673754226362
9 27 2081.4596983086631
9 28 -1445.1133068973832
9 29 2172.5807939390052
9 30 -1594.3668542718115
9 31 2184.0729762232058
9 32 -1661.9406698737293
9 33 2127.5151582301532
9 34 -1659.6300305764089
9 35 2016.321415061384
9 36 -1600.8634950821943
9 37 1864.5787088985344
9 38 -1499.5548113347468
9 39 1686.0390074612042
9 40 -1369.137230818751
9 41 1493.3249627347323
9 42 -1221.8292749821558
9 43 1297.3776564820128
9 44 -1068.1498390567867
9 45 1107.1469579007953
9 46 -916.67365447278826
9 47 929.5024373727756
9 48 -773.99768508144007
9 49 769.32697811002981
9 50 -644.87592976547603
9 51 629.7463853741192
9 52 -532.47332499495315
9 53 512.44754599224507
9 54 -438.69804932228362
9 55 418.00581552138283
9 56 -364.48721042461329
9 57 346.78917492669825
9 58 -310.23589493202053
9 59 291.32277800840711
9 60 -288.41925425808768
9 61 324.88218600406071
9 62 -0.62078059386294626
9 63 0
10 0 0
10 1 -1668.9836070895581
10 2 5274.9040001458525
10 3 -3521.5450752446031
10 4 4642.1323360220867
10 5 -2905.3396545634769
10 6 4377.181042985967
10 7 -2507.455168205297
10 8 3879.987541608898
10 9 -2009.6483267479925
10 10 3296.4569385910636
10 11 -1451.3629108705572
10 12 2650.9122721506628
10 13 -861.26178871950287
10 14 1976.004603079673
10 15 -269.98560890660883
10 16 1303.3330691996525
10 17 294.40967892924164
10 18 661.95008479326134
10 19 807.7499789067133
10 20 76.489324032991135
10 21 1251.0374056489582
10 22 -434.05849484656756
10 23 1611.1909039182137
10 24 -857.00897702736256
10 25 1881.2665875827861
10 26 -1186.071926480281
10 27 2060.187035084482
10 28 -1420.9315369839715
10 29 2152.0584886275174
10 30 -1566.4241567208137
10 31 2165.1866571119172
10 32 -1631.4437454468589
10 33 2110.9173146555804
10 34 -1627.7123076974931
10 35 2002.4275183288864
10 36 -1568.5441609264217
10 37 1853.5793169633052
10 38 -1467.7122228192729
10 39 1677.9240484652291
10 40 -1338.4959760116999
10 41 1487.9161288547493
10 42 -1192.9590310103322
10 43 1294.3649720455142
10 44 -1041.4734685753047
10 45 1106.1260301914899
10 46 -892.48168418407658
10 47 930.00955538400376
10 48 -752.46635720986887
10 49 770.86999174866833
10 50 -626.08631941998283
10 51 631.83009518752442
10 52 -516.42956917703486
10 53 514.59285506325614
10 54 -425.34215512546325
10 55 419.76737326763214
10 56 -353.71960205452524
10 57 347.68425907714118
10 58 -301.92962922228617
10 59 292.0098635343038
10 60 -280.2950073885313
10 61 313.87329439098721
10 62 -42.648370589404294
10 63 0
11 0 0
11 1 -2018.4377184705227
11 2 5139.1649476386192
11 3 -3449.5765221777219
11 4 4596.5158529838845
11 5 -2872.2053524916191
11 6 4325.293840690847
11 7 -2477.2428891139953
11 8 3834.2488577313816
11 9 -1985.9923361707388
11 10 3257.2314451954298
11 11 -1434.6734235687109
11 12 2619.071989420263
11 13 -851.77159231761834
11 14 1952.1572936014309
11 15 -267.37784274928345
11 16 1287.809938474993
11 17 290.83264528821928
11 18 654.76033914819709
11 19 798.97178624150911
11 20 77.324071969542274
11 21 1238.2204583673229
11 22 -425.79802569093772
11 23 1595.5745066264626
11 24 -842.16131003813643
11 25 1864.0757422645038
11 26 -1165.6514770606918
11 27 2042.5564055301493
11 28 -1396.0587641804523
11 29 2134.9743337111704
11 30 -1538.2568409052055
11 31 2149.4478252122917
11 32 -1601.1151718259953
11 33 2097.1148310025001
11 34 -1596.2804341143055
11 35 1990.9409933404731
11 36 -1536.9540345375299
11 37 1844.5874388021366
11 38 -1436.7722118720394
11 39 1671.4258331035126
11 40 -1308.8669652802309
11 41 1483.7593812160321
11 42 -1165.1546909490662
11 43 1292.2785225498501
11 44 -1015.8690817320348
11 45 1105.7526855609012
11 46 -869.32877308640855
11 47 930.93726030701873
11 48 -731.9104426130707
11 49 772.65935478294523
11 50 -608.18545464371709
11 51 634.03712299532344
11 52 -501.17184800342329
11 53 516.78615704418007
11 54 -412.65980042908268
11 55 421.54454691285537
11 56 -343.50898407069508
11 57 348.5995463108793
11 58 -294.0644714726659
11 59 292.75554375089996
11 60 -272.51360305626804
11 61 303.00896124231258
11 62 -84.48610391837974
11 63 0
12 0 0
12 1 -2381.3926234652172
12 2 5006.5750857697822
12 3 -3369.7448882151093
12 4 4557.5450118178651
12 5 -2834.2367371521959
12 6 4278.530443298223
12 7 -2442.7334569736558
12 8 3793.0210818785781
12 9 -1958.4915770565203
12 10 3221.9984740663676
12 11 -1414.4512372297413
12 12 2590.7793668636714
12 13 -838.99195097956181
12 14 1931.4490868055145
12 15 -261.68881570356461
12 16 1275.0310193609948
12 17 290.13523661660656
12 18 649.91906361342444
12 19 792.8585029333135
12 20 80.103985322921289
12 21 1227.82897643674
12 22 -416.00350575095035
12 23 1582.1150603471779
12 24 -826.19362621585424
12 25 1848.7461191000421
12 26 -1144.5194697330408
12 27 2026.4706831767398
12 28 -1370.8668150457015
12 29 2119.1080020344089
12 30 -1510.1356581283198
12 31 2134.6004006545627
12 32 -1571.1607815944717
12 33 2083.8896603606827
12 34 -1565.5051464591452
12 35 1979.7407441899395
12 36 -1506.2512924600924
12 37 1835.6228623645165
12 38 -1406.8955356606239
12 39 1664.7348019432684
12 40 -1280.4218273402057
12 41 1479.2329562453688
12 42 -1138.6011859940481
12 43 1289.6908606080615
12 44 -991.53271097520701
12 45 1104.7919091822678
12 46 -847.41650310320438
12 47 931.23490173070422
12 48 -712.52935782126769
12 49 773.81658079502813
12 50 -591.36169687121765
12 51 635.64658576069633
12 52 -486.86812891105546
12 53 518.44868801822486
12 54 -400.7892112610989
12 55 422.88535017291906
12 56 -333.95453125422137
12 57 349.19608381187572
12 58 -286.69111702015471
12 59 293.31353394468351
12 60 -265.08049465974182
12 61 292.20581703839343
12 62 -125.76902187220185
12 63 0
13 0 0
13 1 -2771.8501948470475
13 2 4872.6733434477865
13 3 -3293.0566729419297
13 4 4523.1940475503052
13 5 -2799.6556707932996
13 6 4236.1269031403026
13 7 -2410.6005498197192
13 8 3756.0228279062358
13 9 -1932.5914003388789
13 10 3190.6035523149967
13 11 -1395.1071392966696
13 12 2565.7968520533814
13 13 -826.42807723232181
13 14 1913.4411581148925
13 15 -255.62388435673711
13 16 1264.3004031815508
13 17 290.31474199427976
13 18 646.46230695188933
13 19 788.01503909744497
13 20 83.61811208033032
13 21 1218.9811879522949
13 22 -406.09019829389581
13 23 1570.3514833717236
13 24 -810.66996201570873
13 25 1835.1484329912182
13 26 -1124.3278032793569
13 27 2012.0495826688511
13 28 -1347.035292963028
13 29 2104.7536707953896
13 30 -1483.7132036973344
13 31 2121.0484046548572
13 32 -1543.1601163129471
13 33 2071.701967122408
13 34 -1536.8573614011893
13 35 1969.3005957378773
13 36 -1477.7736739915781
13 37 1827.1414608193481
13 38 -1379.272733356629
13 39 1658.2672532763354
13 40 -1254.1991633952421
13 41 1474.7006757261261
13 42 -1114.1880152820249
13 43 1286.9076602385121
13 44 -969.21325613266163
13 45 1103.4912224715754
13 46 -827.36547002468797
13 47 931.09600227307965
13 48 -694.82981012924938
13 49 774.48815085858769
13 50 -576.02304039505725
13 51 636.76654369260177
13 52 -473.84263190224374
13 53 519.65947855023842
13 54 -389.98491491497589
13 55 423.84926570662174
13 56 -325.25396256914973
13 57 349.52349915329251
13 58 -279.96230159033075
13 59 293.72501814464158
13 60 -258.12744128757004
13 61 281.57202596048592
13 62 -166.35704868690482
13 63 0
14 0 0
14 1 -3166.9533169463193
14 2 4743.5114220320429
14 3 -3209.5765534279508
14 4 4495.0615016603024
14 5 -2760.7609099845831
14 6 4198.6063304420895
14 7 -2374.8710806387408
14 8 3723.25886369822
14 9 -1903.6392173745753
14 10 3162.8990431897819
14 11 -1373.0910477704583
14 12 2544.0273078743303
14 13 -811.47522343485434
14 14 1898.1993702141153
14 15 -247.39278851484414
14 16 1255.9006634205616
14 17 292.46837939354009
14 18 644.90308427593845
14 19 784.96318600400627
14 20 88.596266857621231
14 21 1211.7379074084056
14 22 -395.1429873154666
14 23 1559.9931252893384
14 24 -794.53173759702622
14 25 1822.7423908513174
14 26 -1103.9206341081353
14 27 1998.5944762424879
14 28 -1323.3570207262346
14 29 2091.1328496765691
14 30 -1457.7732313853176
14 31 2107.9976312989857
14 32 -1515.9242012600771
14 33 2059.7911272489
14 34 -1509.2045470282756
14 35 1958.9283688674186
14 36 -1450.4667041705943
14 37 1818.5411432796172
14 38 -1352.9417312952319
14 39 1651.5214109631415
14 40 -1229.3371455996294
14 41 1469.7620399715561
14 42 -1091.1560059639669
14 43 1283.6236607768114
14 44 -948.25236384394884
14 45 1101.629746568733
14 46 -808.61323850172084
14 47 930.37032767711025
14 48 -678.33838006663427
14 49 774.57946228491892
14 50 -561.77706358084833
14 51 637.34296174402516
14 52 -461.77546742001141
14 53 520.3907986754075
14 54 -379.99108303097273
14 55 424.42189912321737
14 56 -317.20718234282685
14 57 349.56983980691803
14 58 -273.72546942387999
14 59 293.96451953971336
14 60 -251.55203364874978
14 61 271.12568523648406
14 62 -205.93727782056703
14 63 0
15 0 0
15 1 -3580.6926438624487
15 2 4614.4009394538443
15 3 -3130.1698488789498
15 4 4470.8345030130658
15 5 -2725.3800409084761
15 6 4164.8805633087704
15 7 -2341.6677255113427
15 8 3694.0933373557527
15 9 -1876.4203054729478
15 10 3138.371604279655
15 11 -1352.0871685329894
15 12 2524.8985826635817
15 13 -796.88196625511409
15 14 1885.0010543644657
15 15 -238.94540751712157
15 16 1248.9243586969678
15 17 295.32252499961942
15 18 644.15361767373724
15 19 782.99179608052327
15 20 93.800085659268007
15 21 1205.8438778694835
15 22 -384.50604445756653
15 23 1551.1417229959079
15 24 -779.17732735954814
15 25 1811.8967686177712
15 26 -1084.6985672060327
15 27 1986.661485040031
15 28 -1301.1873387142714
15 29 2078.9205652988585
15 30 -1433.5861079302958
15 31 2096.1853000130759
15 32 -1490.6083957725969
15 33 2048.9114605084069
15 34 -1483.567341529124
15 35 1949.3613635688689
15 36 -1425.2065384596335
15 37 1810.5179553856487
15 38 -1328.6332783252419
15 39 1645.136329119623
15 40 -1206.4274424460564
15 41 1464.9903297652145
15 42 -1069.9695154983146
15 43 1280.3429855978266
15 44 -929.00248176874811
15 45 1099.6430018224146
15 46 -791.41772636717178
15 47 929.42801034041622
15 48 -663.23642616907819
15 49 774.40008890334866
15 50 -548.74605892791806
15 51 637.63050261513854
15 52 -450.74614072859731
15 53 520.84831524439323
15 54 -370.85908002154611
15 55 424.76574087118024
15 56 -309.85024197320854
15 57 349.46043269883376
15 58 -268.01252732298053
15 59 294.11967791475035
15 60 -245.40231586342998
15 61 260.97677143184228
15 62 -244.37182950691749
15 63 0
16 0 0
16 1 -3990.2201494101064
16 2 4491.5906256505878
16 3 -3045.2953279905159
16 4 4452.3505474217018
16 5 -2686.3058113406169
16 6 4135.8168217129787
16 7 -2305.5851574952158
16 8 3668.9430543276558
16 9 -1846.8844694837117
16 10 3117.3209527764811
16 11 -1329.1485362231015
16 12 2508.7652376612368
16 13 -780.61775290620972
16 14 1874.3409377520948
16 15 -229.01322592474571
16 16 1244.0378861413137
16 17 299.52180321970445
16 18 645.04930814450745
16 19 782.24897965810669
16 20 100.21002919984312
16 21 1201.0683434823477
16 22 -373.08980028569749
16 23 1543.2945954898969
16 24 -763.44914629657978
16 25 1801.9315738001751
16 26 -1065.4771835106658
16 27 1975.4741077292692
16 28 -1279.3527034489216
16 29 2067.3098806526014
16 30 -1410.0211171182764
16 31 2084.8252180087457
16 32 -1466.1497980796412
16 33 2038.33441438519
16 34 -1458.9683560132016
16 35 1939.9525609628654
16 36 -1401.1120627344553
16 37 1802.5190815649239
16 38 -1305.5671849542705
16 39 1638.6569134226647
16 40 -1184.7904296701017
16 41 1460.0246991676613
16 42 -1050.0453292934253
16 43 1276.7906481599312
16 44 -910.9700397175402
16 45 1097.3304097035452
16 46 -775.36669422784144
16 47 928.1299138592658
16 48 -649.18405269622781
16 49 773.85905773326158
16 50 -536.65347222136006
16 51 637.5736224413231
16 52 -440.53286053440388
16 53 521.00026784955844
16 54 -362.41395796992038
16 55 424.86251350055682
16 56 -303.04777515084425
16 57 349.18204550535847
16 58 -262.72096573052295
16 59 294.16974288096753
16 60 -239.61102001521795
16 61 251.14396669891903
16 62 -281.42050407495844
16 63 0
17 0 0
17 1 -4409.2327769305939
17 2 4370.0758964291708
17 3 -2965.5410054601816
17 4 4436.8480521825404
17 5 -2650.981520963569
17 6 4109.8118319439436
17 7 -2272.2982646484979
17 8 3646.625086395261
17 9 -1819.3357593588644
17 10 3098.6880728903543
17 11 -1307.4753677585704
17 12 2494.5391171286246
17 13 -764.97105642943097
17 14 1865.0324746261049
17 15 -219.1314830383817
17 16 1239.9379211785799
17 17 304.14593962859726
17 18 646.18359133987724
17 19 782.30575277871139
17 20 106.34874642505565
17 21 1197.3627832048805
17 22 -362.4005279505127
17 23 1536.6855385764211
17 24 -748.83821292814901
17 25 1793.2777907503805
17 26 -1047.6909178350979
17 27 1965.5886749717411
17 28 -1259.1959668725394
17 29 2056.9238369034792
17 30 -1388.3028753241433
17 31 2074.56117538527
17 32 -1443.6372581428714
17 33 2028.6902666498463
17 34 -1436.3520476535996
17 35 1931.2948319452516
17 36 -1378.9826776985592
17 37 1795.0848862255953
17 38 -1284.4036912383672
17 39 1632.5630394078416
17 40 -1164.958019722917
17 41 1455.2820129665633
17 42 -1031.8011624576684
17 43 1273.3219079905211
17 44 -894.47447712700523
17 45 1094.9896231068124
17 46 -760.69774842153493
17 47 926.72158313007458
17 48 -636.35301174826964
17 49 773.15596773814832
17 50 -525.62002865670365
17 51 637.3322090325928
17 52 -431.21859183656852
17 53 520.97277192615365
17 54 -354.71246604856788
17 55 424.80999048848389
17 56 -296.8401392308806
17 57 348.80936061654211
17 58 -257.8830916604602
17 59 294.16592005873099
17 60 -234.21804845611405
17 61 241.70422580027662
17 62 -316.96644623480097
17 63 0
18 0 0
18 1 -4815.6776537950918
18 2 4256.145155301283
18 3 -2882.0096131937589
18 4 4426.3845751856934
18 5 -2612.8323623765937
18 6 4088.071324986231
18 7 -2237.0190203673701
18 8 3627.9600510283672
18 9 -1790.3082534985515
18 10 3083.20145596781
18 11 -1284.6534824006994
18 12 2482.9960836143528
18 13 -748.3766596010355
18 14 1857.9591847924348
18 15 -208.41814351797439
18 16 1237.6291915757065
18 17 309.53794129686685
18 18 648.66844819562175
18 19 783.09402802574368
18 20 113.40628043399192
18 21 1194.361295449653
18 22 -351.20613595154282
18 23 1530.7493985460496
18 24 -734.10739412906878
18 25 1785.2543812011845
18 26 -1030.1316610252798
18 27 1956.2761832503384
18 28 -1239.5667185501225
18 29 2047.0382001576581
18 30 -1367.3606886868583
18 31 2064.7121231036181
18 32 -1422.0948204638262
18 33 2019.3666583850245
18 34 -1414.8455777558411
18 35 1922.8589207614277
18 36 -1358.0512201883721
18 37 1787.7745882856289
18 38 -1264.4791454363258
18 39 1626.5008381992629
18 40 -1146.364385851939
18 41 1450.4888264468718
18 42 -1014.7609748173636
18 43 1269.7341220018643
18 44 -879.12019536133812
18 45 1092.4775412490817
18 46 -747.0859411228048
18 47 925.1077347471437
18 48 -624.47942071912621
18 49 772.23200696607819
18 50 -515.43397227078458
18 51 636.87350261716347
18 52 -422.63566181190981
18 53 520.74992388497776
18 54 -347.62395132474921
18 55 424.60122931515798
18 56 -291.12752602031833
18 57 348.33812079568816
18 58 -253.42448117271488
18 59 294.09695982849371
18 60 -229.17655227274736
18 61 232.67801317388148
18 62 -350.82399772363715
18 63 0
19 0 0
19 1 -5222.4105553534628
19 2 4144.7424449302162
19 3 -2804.5971463825481
19 4 4417.9568535241742
19 5 -2578.6460717654336
19 6 4068.6610515763277
19 7 -2204.7910479500388
19 8 3611.4016160638585
19 9 -1763.5089789678204
19 10 3069.4448468523206
19 11 -1263.335176304281
19 12 2472.72448443141
19 13 -732.63781865193778
19 14 1851.6636227047911
19 15 -197.99587096827054
19 16 1235.6012897953406
19 17 315.11204442153939
19 18 650.958511113231
19 19 784.44038979341713
19 20 119.8334844616511
19 21 1192.1951930730756
19 22 -341.02350387001934
19 23 1525.8305941074468
19 24 -720.70619561372951
19 25 1778.3426508003686
19 26 -1014.1512324139512
19 27 1948.0933116483357
19 28 -1221.6958372619047
19 29 2038.2372284188932
19 30 -1348.2892718798212
19 31 2055.8545137077999
19 32 -1402.4738065472775
19 33 2010.907684416452
19 34 -1395.2568742752192
19 35 1915.1410978224703
19 36 -1338.9882212322846
19 37 1781.0284538882115
19 38 -1246.3372135471218
19 39 1620.8519397082455
19 40 -1129.4398994778021
19 41 1445.9694614060936
19 42 -999.25706543899651
19 43 1266.2982218103025
19 44 -865.1571160498861
19 45 1090.0170969193823
19 46 -734.71406178668985
19 47 923.46931135125487
19 48 -613.69307942413798
19 49 771.23214831544828
19 50 -506.18475188457523
19 51 636.31215225541382
19 52 -414.84412054160202
19 53 520.42111813079828
19 54 -341.18832920739806
19 55 424.30477993775639
19 56 -285.93739484676917
19 57 347.82013588028349
19 58 -249.36648907214476
19 59 293.99732434285397
19 60 -224.51394446534323
19 61 224.12239341065288
19 62 -382.89345708335532
19 63 0
20 0 0
20 1 -5608.9398358210474
20 2 4041.9525896538744
20 3 -2725.3068509935474
20 4 4413.7249726816208
20 5 -2542.6337040471481
20 6 4053.0137010193812
20 7 -2171.5173086533923
20 8 3598.057801559662
20 9 -1736.0733167322451
20 10 3058.4500606835263
20 11 -1241.6156009408041
20 12 2464.7883367833856
20 13 -716.60428152995337
20 14 1847.2810677678808
20 15 -187.30326800664443
20 16 1235.0611920624033
20 17 320.98148102477353
20 18 654.31211771738162
20 19 786.1309112854542
20 20 126.90995617958833
20 21 1190.4268019975461
20 22 -330.58447455687201
20 23 1521.3542982110084
20 24 -707.40858972158094
20 25 1771.9009019174337
20 26 -998.59162058919537
20 27 1940.3861845944448
20 28 -1204.5129786315556
20 29 2029.8950988831166
20 30 -1330.1189407115999
20 31 2047.4178869790194
20 32 -1383.9118359214808
20 33 2002.8144994853392
20 34 -1376.8319484142921
20 35 1907.7213687410222
20 36 -1321.1446879722644
20 37 1774.5056279522942
20 38 -1229.4271956534431
20 39 1615.3499265101345
20 40 -1113.7232894839144
20 41 1441.5239901040877
20 42 -984.90759094147506
20 43 1262.8710356466399
20 44 -852.27252732238412
20 45 1087.5115022372484
20 46 -723.3285761458319
20 47 921.74573870806853
20 48 -603.790453703823
20 49 770.1226188032706
20 50 -497.71068134987217
20 51 635.63284821839261
20 52 -407.71709722093874
20 53 519.98237162251826
20 54 -335.30760357507461
20 55 423.92201993379786
20 56 -281.19562335859882
20 57 347.25753926068137
20 58 -245.65460731764688
20 59 293.86249456138103
20 60 -220.19740142695809
20 61 216.05791146157571
20 62 -413.0313121436302
20 63 0
21 0 0
21 1 -5986.8644955145101
21 2 3942.8961269948104
21 3 -2653.0407548932544
21 4 4410.626342797741
21 5 -2510.7617766252588
21 6 4039.0258354648267
21 7 -2141.5250858638046
21 8 3586.1773169983735
21 9 -1711.0861681885581
21 10 3048.600833534465
21 11 -1221.6173759497906
21 12 2457.6064424593369
21 13 -701.64218572017489
21 14 1843.2299840810629
21 15 -177.11697465756515
21 16 1234.4268953370374
21 17 326.81948862318677
21 18 657.16561401814033
21 19 788.17091233531755
21 20 133.11765683283738
21 21 1189.2949004504771
21 22 -321.33266764731161
21 23 1517.7116700897386
21 24 -695.55792567825847
21 25 1766.4077764948161
21 26 -984.67567930811128
21 27 1933.6707660045249
21 28 -1189.1071722402557
21 29 2022.5280477234264
21 30 -1313.7986733795515
21 31 2039.8930143414873
21 32 -1367.2181520973936
21 33 1995.5360855533399
21 34 -1360.2461223513274
21 35 1900.9981116823838
21 36 -1305.0720298565466
21 37 1768.5507700321068
21 38 -1214.1894312890145
21 39 1610.2866900951085
21 40 -1099.5582263717552
21 41 1437.3951476954971
21 42 -971.97441427852027
21 43 1259.6512739264654
21 44 -840.66094177615014
21 45 1085.1212199327165
21 46 -713.07007875702766
21 47 920.06502951562652
21 48 -594.87023839892572
21 49 769.00439563587497
21 50 -490.07897199544459
21 51 634.91434158322591
21 52 -401.29910539690172
21 53 519.4943335482094
21 54 -330.01084046873075
21 55 423.49893988102849
21 56 -276.9217001969082
21 57 346.68477118202645
21 58 -242.30348772107391
21 59 293.71459659159882
21 60 -216.24609411219353
21 61 208.52650392271244
21 62 -441.15420267871741
21 63 0
22 0 0
22 1 -6337.901314265082
22 2 3853.2122764365795
22 3 -2580.8879788485228
22 4 4410.7920114868193
22 5 -2478.1228275514877
22 6 4028.226237750232
22 7 -2111.436174635628
22 8 3577.0201190302942
22 9 -1686.2669031297628
22 10 3041.091290708664
22 11 -1201.8981303413057
22 12 2452.3876596902028
22 13 -686.95239962153209
22 14 1840.7564369226748
22 15 -167.12544813799468
22 16 1234.9737432259644
22 17 332.57942058071421
22 18 660.80104764978387
22 19 790.26392461400974
22 20 139.71746390097906
22 21 1188.3430038096776
22 22 -312.05579874722389
22 23 1514.3588668479424
22 24 -684.01409212128783
22 25 1761.2887982522807
22 26 -971.35344134358093
22 27 1927.3841143558457
22 28 -1174.5303442921795
22 29 2015.6139262667239
22 30 -1298.4880057047121
22 31 2032.8167708726141
22 32 -1351.6602976778813
22 33 1988.677560780161
22 34 -1344.8710356442461
22 35 1894.646916093734
22 36 -1290.2388986049118
22 37 1762.9070850375683
22 38 -1200.1804364331292
22 39 1605.4668085757839
22 40 -1086.5788767659978
22 41 1433.4406852299253
22 42 -960.15889855607384
22 43 1256.5408323894189
22 44 -830.08085060782832
22 45 1082.7832700783802
22 46 -703.74493652707315
22 47 918.39088240703859
22 48 -586.7784909241891
22 49 767.86032140034877
22 50 -483.16835593595897
22 51 634.15214891620053
22 52 -395.49569186192457
22 53 518.95980700464861
22 54 -325.22560114784937
22 55 423.0412350352708
22 56 -273.06128263262508
22 57 346.10712638141194
22 58 -239.27364992459843
22 59 293.55293446542419
22 60 -212.63731130147789
22 61 201.54716852402998
22 62 -467.15192204374034
22 63 0
23 0 0
23 1 -6672.0670015513406
23 2 3768.4253687018554
23 3 -2516.5213605816916
23 4 4411.2934496411071
23 5 -2449.7497300501436
23 6 4018.5173145687259
23 7 -2084.8185164481947
23 8 3568.7993714816457
23 9 -1664.0846628888539
23 10 3034.268945691565
23 11 -1184.0902571805145
23 12 2447.5366505953389
23 13 -673.52358402104073
23 14 1838.2982357252331
23 15 -157.82873629177629
23 16 1235.1762887760742
23 17 338.1224281156392
23 18 663.74688962014261
23 19 792.52729162817559
23 20 145.3137886528566
23 21 1187.8591268100536
23 22 -304.05211107336072
23 23 1511.6864457240808
23 24 -673.96048250429885
23 25 1756.9844590184402
23 26 -959.68154872707601
23 27 1921.9776821387313
23 28 -1161.7066244980379
23 29 2009.5878495112629
23 30 -1284.9786493347892
23 31 2026.5903150857412
23 32 -1337.902691943782
23 33 1982.5962263553265
23 34 -1331.2528552091862
23 35 1888.9771967451452
23 36 -1277.0849469347922
23 37 1757.8362853896579
23 38 -1187.7466199393893
23 39 1601.1072665151005
23 40 -1075.0521898103216
23 41 1429.8374651048107
23 42 -949.66201498891678
23 43 1253.6817955719926
23 44 -820.67983286151502
23 45 1080.6103992990757
23 46 -695.45864388373957
23 47 916.81181729654782
23 48 -579.58845424082028
23 49 766.75922921367601
23 50 -477.0281365495066
23 51 633.39928204868556
23 52 -390.3390753180247
23 53 518.41917402271065
23 54 -320.97255889311782
23 55 422.57922852968477
23 56 -269.62789220306149
23 57 345.54713557781724
23 58 -236.5749365026204
23 59 293.39140613728887
23 60 -209.38431340482566
23 61 195.15057828130011
23 62 -490.95644428689411
23 63 0
24 0 0
24 1 -6973.8035295415557
24 2 3693.5023600790373
24 3 -2454.2333539500305
24 4 4414.0996505461771
24 5 -2421.6606383731687
24 6 4011.3879685918619
24 7 -2059.0027999844551
24 8 3562.7873884891414
24 9 -1642.7994822777237
24 10 3029.3485490915373
24 11 -1167.1512069938217
24 12 2444.2676218995985
24 13 -660.83662388791709
24 14 1837.0796900853748
24 15 -149.09385749888315
24 16 1236.2568657636075
24 17 343.30747215562951
24 18 667.20186362090317
24 19 794.63772783583408
24 20 151.05806277233569
24 21 1187.4117807906259
24 22 -296.23884881857521
24 23 1509.2127934167365
24 24 -664.39979497090462
24 25 1753.0067324514675
24 26 -948.75937495544349
24 27 1916.9880649656079
24 28 -1149.837689774813
24 29 2004.0312293303941
24 30 -1272.5751718789979
24 31 2020.8511581358835
24 32 -1325.3492344233564
24 33 1976.9899904190424
24 34 -1318.8881527071317
24 35 1883.7463933209619
24 36 -1265.190709102626
24 37 1753.1509439777437
24 38 -1176.5426768988618
24 39 1597.0692222481375
24 40 -1064.6969290178276
24 41 1426.4876407992233
24 42 -940.25683090421808
24 43 1251.0095105199071
24 44 -812.27625322526364
24 45 1078.5637112917357
24 46 -688.0668744884133
24 47 915.30798018766291
24 48 -573.18625699736003
24 49 765.69449674934731
24 50 -471.56918194559694
24 51 632.65749249694636
24 52 -385.76020982645787
24 53 517.87861250431888
24 54 -317.19903536213678
24 55 422.12037569697713
24 56 -266.58225882556508
24 57 345.01124042662923
24 58 -234.17910763328109
24 59 293.23129995191266
24 60 -206.47157581379361
24 61 189.35321576236674
24 62 -512.48439891651287
24 63 0
25 0 0
25 1 -7251.3111897649196
25 2 3624.5810778552823
25 3 -2400.2995801822635
25 4 4416.6020870989087
25 5 -2397.891706249311
25 6 4004.9161827312219
25 7 -2036.7909971355402
25 8 3557.3242006421424
25 9 -1624.2962568526309
25 10 3024.7951232581727
25 11 -1152.2779412416639
25 12 2441.1132252225798
25 13 -649.56933990742982
25 14 1835.6854344119711
25 15 -141.21392139259115
25 16 1236.8570244802868
25 17 348.11742041256366
25 18 669.8785839375887
25 19 796.76624578723931
25 20 155.75045923696962
25 21 1187.290282689446
25 22 -289.71352977578135
25 23 1507.2914299025797
25 24 -656.31649277975157
25 25 1749.7329305456333
25 26 -939.45256049892123
25 27 1912.7876396964894
25 28 -1139.6696345059354
25 29 1999.2924774555831
25 30 -1261.907911475646
25 31 2015.9124860470001
25 32 -1314.5219276111675
25 33 1972.1315149354268
25 34 -1308.2006128911416
25 35 1879.1856806046781
25 36 -1254.8931350579551
25 37 1749.0427196776182
25 38 -1166.8310418258443
25 39 1593.5085731143772
25 40 -1055.7131077234772
25 41 1423.5159895179095
25 42 -932.09233763218435
25 43 1248.6225061365985
25 44 -804.97840619955241
25 45 1076.720146079424
25 46 -681.64626762836633
25 47 913.93890274957812
25 48 -567.62457104468922
25 49 764.71182134127957
25 50 -466.82656532084366
25 51 631.96158438358907
25 52 -381.78172588914094
25 53 517.3643851549059
25 54 -313.91931279358687
25 55 421.68423342445749
25 56 -263.93350751732214
25 57 344.51388096385926
25 58 -232.09260706380519
25 59 293.08111663794989
25 60 -203.90811419019883
25 61 184.17718624732515
25 62 -531.68219999406574
25 63 0
26 0 0
26 1 -7492.1472766789066
26 2 3565.7551239580698
26 3 -2350.2780500166409
26 4 4420.4827428188764
26 5 -2375.3927678228592
26 6 4000.4210329016132
26 7 -2016.1883786101953
26 8 3553.5621691849428
26 9 -1607.31872720703
26 10 3021.7123597140016
26 11 -1138.759933212441
26 12 2439.1665433768139
26 13 -639.4128307988467
26 14 1835.2011187857897
26 15 -134.16904730547685
26 16 1238.0421704619948
26 17 352.37370533423018
26 18 672.80372057894056
26 19 798.60856679943026
26 20 160.36039687605808
26 21 1187.1219981799186
26 22 -283.57945657262462
26 23 1505.5251404191949
26 24 -648.89758755271032
26 25 1746.7731070041737
26 26 -931.03794695252873
26 27 1909.0153376055241
26 28 -1130.5706725579512
26 29 1995.0525098238359
26 30 -1252.4341074026779
26 31 2011.5035414619342
26 32 -1304.9616875264292
26 33 1967.7996033237832
26 34 -1298.807414195835
26 35 1875.1210516711581
26 36 -1245.8770642183481
26 37 1745.3801117198964
26 38 -1158.355182667492
26 39 1590.3303823279202
26 40 -1047.8939559448008
26 41 1420.8577446879644
26 42 -925.00325605442413
26 43 1246.4799177337227
26 44 -798.65509934506917
26 45 1075.0569715355596
26 46 -676.09331774747261
26 47 912.69492367018756
26 48 -562.8222115888093
26 49 763.81033974257662
26 50 -462.73704151644779
26 51 631.31600031738344
26 52 -378.35482256696196
26 53 516.88346152332088
26 54 -311.09629618413237
26 55 421.2781248270403
26 56 -261.65411393321847
26 57 344.06119685854719
26 58 -230.29580306683783
26 59 292.94284144043559
26 60 -201.68359069430153
26 61 179.6358368210349
26 62 -548.48870352088852
26 63 0
27 0 0
27 1 -7702.5413282456157
27 2 3513.956788555106
27 3 -2308.9368156320234
27 4 4423.6186442049075
27 5 -2357.1773830326492
27 6 3996.3078489336112
27 7 -1999.2481372639759
27 8 3550.1119909554291
27 9 -1593.2122210756461
27 10 3018.8166082552925
27 11 -1127.4182635361285
27 12 2437.2093713623144
27 13 -630.79905928589142
27 14 1834.4643235423064
27 15 -128.10884941245604
27 16 1238.7103930677767
27 17 356.12379563190188
27 18 674.94643584495861
27 19 800.34149942775912
27 20 163.93948816357806
27 21 1187.1602801079462
27 22 -278.69323338336471
27 23 1504.2038975593641
27 24 -642.90205904171671
27 25 1744.4249050186045
27 26 -924.17501865611484
27 27 1905.9566797409389
27 28 -1123.1027205099053
27 29 1991.5723421945586
27 30 -1244.6232566844628
27 31 2007.8542211422246
27 32 -1297.0531743007996
27 33 1964.190700959989
27 34 -1291.0175509205146
27 35 1871.7161525160009
27 36 -1238.3857878944582
27 37 1742.2965227410714
27 38 -1151.3027614000748
27 39 1587.6414113222381
27 40 -1041.3811614967017
27 41 1418.5970328412623
27 42 -919.0941664201091
27 43 1244.6471986322649
27 44 -793.38166136722066
27 45 1073.6246012811534
27 46 -671.46084951446028
27 47 911.61456953159359
27 48 -558.81513817439554
27 49 763.01930889712821
27 50 -459.32430349466813
27 51 630.74282335264797
27 52 -375.49459450474387
27 53 516.45238272612914
27 54 -308.73935452291335
27 55 420.91428869071024
27 56 -259.74992859119084
27 57 343.66218350214695
27 58 -228.79271483589037
27 59 292.82150820790775
27 60 -199.80390999307929
27 61 175.74455653175391
27 62 -562.86399577629709
27 63 0
28 0 0
28 1 -7873.4407549120533
28 2 3472.2406678952211
28 3 -2273.1216636032059
28 4 4427.2975912349466
28 5 -2341.1093394656746
28 6 3993.6131076444781
28 7 -1984.6044532187079
28 8 3547.8920385230595
28 9 -1581.1446668976714
28 10 3016.9887296437992
28 11 -1117.8102686358216
28 12 2436.1083939425043
28 13 -623.56719872695976
28 14 1834.3268768944654
28 15 -123.07095501000731
28 16 1239.6876634284126
28 17 359.19787743523557
28 18 677.09286175841044
28 19 801.71545025677915
28 20 167.22094879924043
28 21 1187.1163122123107
28 22 -274.38475121925876
28 23 1503.0299082468446
28 24 -637.72940826538616
28 25 1742.4029098037863
28 26 -918.33564384842248
28 27 1903.3525076793012
28 28 -1116.8094150775687
28 29 1988.6268858385847
28 30 -1238.0874483710613
28 31 2004.7766201400918
28 32 -1290.4716312050368
28 33 1961.1537650348509
28 34 -1284.5628708419099
28 35 1868.854157169153
28 36 -1232.2006106614936
28 37 1739.7053027025322
28 38 -1145.4973309923844
28 39 1585.3804820949335
28 40 -1036.0336605685916
28 41 1416.6933228011658
28 42 -914.25313925128648
28 43 1243.0998869263021
28 44 -789.06981901809559
28 45 1072.4105370286452
28 46 -667.67959805247301
28 47 910.69378127031086
28 48 -555.54926279910433
28 49 762.3401913519956
28 50 -456.5463611584164
28 51 630.24669559581525
28 52 -373.1687307208631
28 53 516.07713876364869
28 54 -306.82398971748626
28 55 420.59865288592846
28 56 -258.20283357234075
28 57 343.32173580651215
28 58 -227.57049929396089
28 59 292.7189686715792
28 60 -198.26256828991973
28 61 172.51319770821283
28 62 -574.76595824255128
28 63 0
29 0 0
29 1 -8009.0136527758204
29 2 3438.4762743741248
29 3 -2246.0282722192915
29 4 4430.015960184619
29 5 -2329.177642434388
29 6 3991.1924031059698
29 7 -1973.5901077353901
29 8 3545.899206079639
29 9 -1571.9683851784794
29 10 3015.3024750120494
29 11 -1110.4361070010782
29 12 2434.9889831455584
29 13 -617.95956592050061
29 14 1833.9604189577585
29 15 -119.11388596672623
29 16 1240.1955211089444
29 17 361.66267776707173
29 18 678.52137916588617
29 19 802.87648189596439
29 20 169.54698862718942
29 21 1187.1802777136509
29 22 -271.24271923639753
29 23 1502.2113655732028
29 24 -633.89657519792308
29 25 1740.9148626484239
29 26 -913.96505531520233
29 27 1901.397923006698
29 28 -1112.066864652661
29 29 1986.3913930748822
29 30 -1233.1382954130277
29 31 2002.42272143214
29 32 -1285.4702669642393
29 33 1958.8168239010884
29 34 -1279.6451365375106
29 35 1866.6402908820601
29 36 -1227.4791349682346
29 37 1737.6911318706334
29 38 -1141.0595057554929
29 39 1583.6145309549465
29 40 -1031.9418087192389
29 41 1415.1987411992195
29 42 -910.54634114016153
29 43 1241.8780934694951
29 44 -785.76684514928274
29 45 1071.4453638570376
29 46 -664.78242794119069
29 47 909.95572786596313
29 48 -553.04674319813785
29 49 761.79045410071922
29 50 -454.41764925726602
29 51 629.84072646941058
29 52 -371.38629722903715
29 53 515.76750663571147
29 54 -305.35572361714003
29 55 420.33842431692392
29 56 -257.01619312030743
29 57 343.04513658298674
29 58 -226.63141230623296
29 59 292.63803719459247
29 60 -197.06310985156961
29 61 169.9516476151075
29 62 -584.16774129455007
29 63 0
30 0 0
30 1 -8103.7727300838469
30 2 3414.5567804898747
30 3 -2225.788588685873
30 4 4432.5859122011479
30 5 -2320.1327529875471
30 6 3989.7130896974886
30 7 -1965.4234616098165
30 8 3544.730817634445
30 9 -1565.2234290087108
30 10 3014.3315071995858
30 11 -1105.068057461267
30 12 2434.4131405200642
30 13 -613.91417918912339
30 14 1833.9134287089109
30 15 -116.29016325969133
30 16 1240.7614458084026
30 17 363.39152840128008
30 18 679.7297362709287
30 19 803.65532226096548
30 20 171.37787702949936
30 21 1187.1643548715838
30 22 -268.85003043162214
30 23 1501.5595025374751
30 24 -631.03286739760733
30 25 1739.7831655785012
30 26 -910.73986272931506
30 27 1899.9340628511163
30 28 -1108.5978242476813
30 29 1984.7296766101863
30 30 -1229.5419455540468
30 31 2000.6802018542658
30 32 -1281.8547606798347
30 33 1957.090647044879
30 34 -1276.1050520452955
30 35 1865.0063669383599
30 36 -1224.0923406352522
30 37 1736.2040988018634
30 38 -1137.8858690591187
30 39 1582.3088630668281
30 40 -1029.0234282592792
30 41 1414.0907695946225
30 42 -907.90892480754337
30 43 1240.9686568844336
30 44 -783.42184452822039
30 45 1070.7227945431441
30 46 -662.72956604507272
30 47 909.39889760193182
30 48 -551.2766231504429
30 49 761.37164800229584
30 50 -452.91419680779654
30 51 629.52817213499657
30 52 -370.12888489016404
30 53 515.52739977296369
30 54 -304.32062309273533
30 55 420.1373763180527
30 56 -256.1797250791642
30 57 342.83548283156051
30 58 -225.9681961163551
30 59 292.57994224280992
30 60 -196.20198972916114
30 61 168.06607899297887
30 62 -591.04415005322153
30 63 0
31 0 0
31 1 -8159.780619786261
31 2 3399.3863031525962
31 3 -2213.9943817705898
31 4 4434.21632354557
31 5 -2314.9486268664532
31 6 3988.5667243652279
31 7 -1960.7451563729228
31 8 3543.850051192976
31 9 -1561.3079197805746
31 10 3013.5797651155372
31 11 -1101.9280750247162
31 12 2433.9137666970601
31 13 -611.52560917889787
31 14 1833.7456679546449
31 15 -114.60506718776742
31 16 1240.974168433695
31 17 364.43855716470352
31 18 680.33913478302566
31 19 804.14231596250829
31 20 172.37059249737285
31 21 1187.1775498207171
31 22 -267.51165618179584
31 23 1501.1891857739101
31 24 -629.40432188725026
31 25 1739.1196963103539
31 26 -908.88771266008916
31 27 1899.0641661275731
31 28 -1106.5933600434619
31 29 1983.7331882172293
31 30 -1227.4556877059695
31 31 1999.627447844432
31 32 -1279.7521026186587
31 33 1956.0405962010918
31 34 -1274.0431517954676
31 35 1864.0056198023558
31 36 -1222.1182393432173
31 37 1735.2866962937696
31 38 -1136.0357146145361
31 39 1581.4968237350513
31 40 -1027.3226152094139
31 41 1413.3952114889325
31 42 -906.37292591964069
31 43 1240.3913279740664
31 44 -782.05750075994729
31 45 1070.2578282689501
31 46 -661.53661668977293
31 47 909.03462228197895
31 48 -550.24928695956987
31 49 761.09230507199754
31 50 -452.04265502434282
31 51 629.31543583317762
31 52 -369.40057646006608
31 53 515.3615969902603
31 54 -303.72109847576212
31 55 419.999032396845
31 56 -255.69484267862208
31 57 342.69535634621207
31 58 -225.58177702194371
31 59 292.54600096919603
31 60 -195.68086252093053
31 61 166.86160084873336
31 62 -595.38097766562714
31 63 0
32 0 0
32 1 -8175.2064467480068
32 2 3393.6229857545186
32 3 -2210.0524477252748
32 4 4435.1938223201159
32 5 -2313.2375534487437
32 6 3987.9979281920441
32 7 -1959.323959977155
32 8 3543.4793355079819
32 9 -1560.0973138930385
32 10 3013.2619179539688
32 11 -1100.9674831143457
32 12 2433.7006417795237
32 13 -610.79822487499769
32 14 1833.6606294383273
32 15 -114.0984947483048
32 16 1241.0279143182379
32 17 364.74201659757455
32 18 680.53138228378884
32 19 804.26442440284518
32 20 172.69190146862456
32 21 1187.1434494878486
32 22 -267.07765732680855
32 23 1501.0262866553603
32 24 -628.87870017220848
32 25 1738.8563683198299
32 26 -908.2940911980586
32 27 1898.7283930414378
32 28 -1105.9559982982137
32 29 1983.3513219055021
32 30 -1226.7978712316108
32 31 1999.2231698552132
32 32 -1279.0948974384264
32 33 1955.6341553879975
32 34 -1273.4045438378416
32 35 1863.6133751783746
32 36 -1221.5126466685433
32 37 1734.9209601206894
32 38 -1135.4738342220116
32 39 1581.1659707196668
32 40 -1026.8115460803529
32 41 1413.1040014376595
32 42 -905.91649920952477
32 43 1240.1413784914439
32 44 -781.65674559613763
32 45 1070.048173073701
32 46 -661.19029276023866
32 47 908.86229451143663
32 48 -549.95442558265495
32 49 760.95289562090329
32 50 -451.79506070098796
32 51 629.20358923292952
32 52 -369.19526778547151
32 53 515.27140656162373
32 54 -303.55253654761327
32 55 419.92466192368738
32 56 -255.55814561357693
32 57 342.62580842323587
32 58 -225.46976207422631
32 59 292.53658921106762
32 60 -195.498630421298
32 61 166.34063621268069
32 62 -597.16874500281847
32 63 0
33 0 0
33 1 -8149.9958971676278
33 2 3397.2529039942856
33 3 -2213.9423710086703
33 4 4435.4863151738755
33 5 -2314.9697154394744
33 6 3987.9771627681748
33 7 -1961.1280404660647
33 8 3543.5881588341545
33 9 -1561.5595187455256
33 10 3013.3481947814289
33 11 -1102.1550593909524
33 12 2433.7455553563814
33 13 -611.70262027872013
33 14 1833.6323022936085
33 15 -114.74347993498668
33 16 1240.8992947143815
33 17 364.32606730159023
33 18 680.28593927920156
33 19 804.04285158692801
33 20 172.32417363857166
33 21 1187.0803187434831
33 22 -267.56283136819548
33 23 1501.0862729127439
33 24 -629.46814612132584
33 25 1739.0060791512951
33 26 -908.9687374512323
33 27 1898.9373484600947
33 28 -1106.693362896749
33 29 1983.5926898281286
33 30 -1227.5743099166903
33 31 1999.4742876406235
33 32 -1279.8874497320867
33 33 1955.8768364845491
33 34 -1274.1923057205895
33 35 1863.8339955145966
33 36 -1222.2776676708236
33 37 1735.1103294799941
33 38 -1136.2015822555804
33 39 1581.3190117683007
33 40 -1027.4910120756431
33 41 1413.2192736269644
33 42 -906.54002741530348
33 43 1240.2204958561924
33 44 -782.2196773986434
33 45 1070.0951685976179
33 46 -661.69050611506464
33 47 908.88298171876158
33 48 -550.39183960161608
33 49 760.95427132258919
33 50 -452.17116004323543
33 51 629.19330925979011
33 52 -369.51269293012956
33 53 515.25735995028299
33 54 -303.81469046005805
33 55 419.91467110165104
33 56 -255.76942697398408
33 57 342.62714187889287
33 58 -225.63200543572748
33 59 292.55182842007343
33 60 -195.6553119612181
33 61 166.50384225158632
33 62 -596.40567155838653
33 63 0
34 0 0
34 1 -8085.9931694988063
34 2 3409.6775580394478
34 3 -2226.3345952069358
34 4 4434.8400035289615
34 5 -2320.6049433440512
34 6 3988.3095614925423
34 7 -1966.4603917306067
34 8 3544.0070427910086
34 9 -1565.8891387261065
34 10 3013.6779417716753
34 11 -1105.605976795232
34 12 2433.8912474149765
34 13 -614.29612966321656
34 14 1833.5064637199139
34 15 -116.55613919856478
34 16 1240.4389580069619
34 17 363.20265709264277
34 18 679.46083755714426
34 19 803.50724055051614
34 20 171.13521515739194
34 21 1187.0274842408435
34 22 -269.08773340892367
34 23 1501.4121757758403
34 24 -631.28040123956453
34 25 1739.6113240238265
34 26 -911.00610812873128
34 27 1899.7302011712236
34 28 -1108.8867809689873
34 29 1984.4915113708339
34 30 -1229.8538592631303
34 31 2000.4093463171557
34 32 -1282.187161461934
34 33 1956.7914380786533
34 34 -1276.453625268914
34 35 1864.6848994421816
34 36 -1224.4516134046535
34 37 1735.8674732463442
34 38 -1138.2497289901039
34 39 1581.9646224827011
34 40 -1029.3855041709321
34 41 1413.7464939153688
34 42 -908.26286107130727
34 43 1240.6316798546868
34 44 -783.76149690484453
34 45 1070.4000126565916
34 46 -663.04914151942285
34 47 909.09664572791371
34 48 -551.57078027150419
34 49 761.09562155579624
34 50 -453.17811516270012
34 51 629.28338087431257
34 52 -370.35834906191667
34 53 515.31812190432902
34 54 -304.51171743379746
34 55 419.96781965281116
34 56 -256.33174909671652
34 57 342.69836298790324
34 58 -226.07066832733835
34 59 292.59122118219238
34 60 -196.15204571437062
34 61 167.34990064151134
34 62 -593.09756290986115
34 63 0
35 0 0
35 1 -7981.0396456423405
35 2 3431.9602501454938
35 3 -2245.6056144335435
35 4 4433.9789089292481
35 5 -2329.1171752873652
35 6 3989.5420831044248
35 7 -1974.6230264672704
35 8 3545.2096553967749
35 9 -1572.6291608871179
35 10 3014.6856427677449
35 11 -1111.0402366853123
35 12 2434.5463801864753
35 13 -618.42899094699533
35 14 1833.6693047217523
35 15 -119.48020680847549
35 16 1240.0093629025832
35 17 361.36360320142558
35 18 678.39177573887355
35 19 802.60775132501294
35 20 169.43080606779404
35 21 1186.910948899822
35 22 -271.3788979463061
35 23 1501.9188460314581
35 24 -634.07552903527176
35 25 1740.5850359637043
35 26 -914.19972694666285
35 27 1901.0241144883366
35 28 -1112.3619892714487
35 29 1985.972882812348
35 30 -1233.4922664877013
35 31 2001.9632192543213
35 32 -1285.8769102081169
35 33 1958.3231137403345
35 34 -1280.095234642431
35 35 1866.1211224184626
35 36 -1227.9616534442539
35 37 1737.1563639130727
35 38 -1141.562529892326
35 39 1583.0744948289066
35 40 -1032.4532304366585
35 41 1414.6637805652063
35 42 -911.05434451037581
35 43 1241.3582376666454
35 44 -786.26023693004754
35 45 1070.9500982443387
35 46 -665.25085458124522
35 47 909.49383258021044
35 48 -553.48082718182923
35 49 761.36989141559752
35 50 -454.80906528609921
35 51 629.46856008920804
35 52 -371.72786277324121
35 53 515.44981416782321
35 54 -305.64090355937878
35 55 420.08126665677992
35 56 -257.24342921193966
35 57 342.83739915963451
35 58 -226.78463508327695
35 59 292.65362960586572
35 60 -196.98727920740566
35 61 168.87499363065217
35 62 -587.25506127075278
35 63 0
36 0 0
36 1 -7840.6058747020779
36 2 3462.2769285022059
36 3 -2273.6823706395626
36 4 4432.1298138640941
36 5 -2341.8132522181168
36 6 3991.0615730207155
36 7 -1986.4571443690693
36 8 3546.6554203310352
36 9 -1582.2995105111204
36 10 3015.8551910972164
36 11 -1118.7437723378935
36 12 2435.2049706408252
36 13 -624.21813960327199
36 14 1833.6251615664878
36 15 -123.5137274875342
36 16 1239.1315104082423
36 17 358.89013571477335
36 18 676.6244838786406
36 19 801.47373338377292
36 20 166.78886818226601
36 21 1186.8842114495237
36 22 -274.82050983280715
36 23 1502.7661645376611
36 24 -638.196325314766
36 25 1742.081015106578
36 26 -918.84971532181225
36 27 1902.958765481344
36 28 -1117.377099501482
36 29 1988.1578683452972
36 30 -1238.7078516212569
36 31 2004.2365914264337
36 32 -1291.1385480492754
36 33 1960.552371429003
36 34 -1285.2665128434637
36 35 1868.2045091509281
36 36 -1232.9289768672425
36 37 1739.0224680866595
36 38 -1146.2372475534721
36 39 1584.6803532895137
36 40 -1036.7715435904756
36 41 1415.9917970232527
36 42 -914.9755425710282
36 43 1242.4122940160487
36 44 -789.76382205837581
36 45 1071.7512541759788
36 46 -668.33307874958336
36 47 910.07598402939038
36 48 -556.15109009750086
36 49 761.77570102800019
36 50 -457.08652503435587
36 51 629.74589070563525
36 52 -373.63850119618292
36 53 515.64886849746472
36 54 -307.21530073378744
36 55 420.25156649287965
36 56 -258.51408717016966
36 57 343.04143385952557
36 58 -227.78070123194993
36 59 292.7378485310328
36 60 -198.16445893638956
36 61 171.07413348185219
36 62 -578.89956386816266
36 63 0
37 0 0
37 1 -7660.4645990755671
37 2 3502.7118337495722
37 3 -2307.3639644678678
37 4 4430.7208957832245
37 5 -2356.6740668400143
37 6 3993.9441020692357
37 7 -2000.5911266082421
37 8 3549.2782516257648
37 9 -1594.0045162153638
37 10 3018.0454944229496
37 11 -1128.1713275934635
37 12 2436.6774886630083
37 13 -631.37673503206315
37 14 1834.1425811513545
37 15 -128.55588677211927
37 16 1238.529241481956
37 17 355.75445889435287
37 18 674.83168339776967
37 19 799.99401209533971
37 20 163.82424427092701
37 21 1186.7876165752023
37 22 -278.86089011417425
37 23 1503.7720756822637
37 24 -643.157209515266
37 25 1743.9134493201891
37 26 -924.53693360994293
37 27 1905.3571029417071
37 28 -1123.5773417752171
37 29 1990.8858057874568
37 30 -1245.2061546014193
37 31 2007.0890713213885
37 32 -1297.7324200505791
37 33 1963.3602421208707
37 34 -1291.7762235474584
37 35 1870.8368065290415
37 36 -1239.2040133818227
37 37 1741.3863956221576
37 38 -1152.1592857548058
37 39 1586.7192247696948
37 40 -1042.2545117307891
37 41 1417.6813535982546
37 42 -919.96347373424214
37 43 1243.7558957572037
37 44 -794.22722169510962
37 45 1072.7744707196507
37 46 -672.26448878727751
37 47 910.82107694546721
37 48 -559.56043821652202
37 49 762.29641551890381
37 50 -459.99672336165531
37 51 630.10286668259141
37 52 -376.08161312618904
37 53 515.90594403023715
37 54 -309.2296398790495
37 55 420.47182380429149
37 56 -260.14051127276616
37 57 343.30541739109321
37 58 -229.05672085471451
37 59 292.84106117302144
37 60 -199.68033394661688
37 61 173.93866057773266
37 62 -568.05434312536818
37 63 0
38 0 0
38 1 -7449.59421135718
38 2 3550.2974242263008
38 3 -2349.8282574280438
38 4 4428.5147749235421
38 5 -2375.8645866905681
38 6 3997.2156224337141
38 7 -2018.4267718320825
38 8 3552.2234834900246
38 9 -1608.616684120534
38 10 3020.4397051420528
38 11 -1139.8076795558154
38 12 2438.1596521379834
38 13 -640.10741743913968
38 14 1834.4290480854397
38 15 -134.60900598829539
38 16 1237.4317161402359
38 17 352.08944674423037
38 18 672.27747441620522
38 19 798.38501371796156
38 20 159.8486700572721
38 21 1186.8810138139452
38 22 -284.13057510761064
38 23 1505.2097488251093
38 24 -649.52435725444957
38 25 1746.3473863699619
38 26 -931.76014166829191
38 27 1908.461915661519
38 28 -1131.3942447259251
38 29 1994.3690347304255
38 30 -1253.3543080849086
38 31 2010.6989879081993
38 32 -1305.9660525073014
38 33 1966.8908901280702
38 34 -1299.8783328157515
38 35 1874.1301871955329
38 36 -1246.9938411641124
38 37 1744.3319226799758
38 38 -1159.4956120234201
38 39 1589.2507894477603
38 40 -1049.0354782177747
38 41 1419.772507279049
38 42 -926.1237840519243
38 43 1245.4137552936118
38 44 -799.73359503355823
38 45 1074.0329747477517
38 46 -677.11018856471128
38 47 911.73417858954053
38 48 -563.75958063199505
38 49 762.93170408234801
38 50 -463.57892075548079
38 51 630.53598115629939
38 52 -379.08732882669938
38 53 516.21609874246133
38 54 -311.70671203426537
38 55 420.73700292348803
38 56 -262.13952701255039
38 57 343.62515712018649
38 58 -230.62462634015901
38 59 292.9617120344119
38 60 -201.54103789309374
38 61 177.46005947856247
38 62 -554.75746750062171
38 63 0
39 0 0
39 1 -7201.7637845021909
39 2 3608.0341011086148
39 3 -2396.3436662825188
39 4 4427.5463686744843
39 5 -2396.3759175330779
39 6 4002.3922475597828
39 7 -2037.9014292529973
39 8 3556.802303285167
39 9 -1624.7721151842143
39 10 3024.2456271309948
39 11 -1152.80737716148
39 12 2440.7970325114547
39 13 -649.95083953363064
39 14 1835.5785646917866
39 15 -141.49518145814
39 16 1236.8774813808159
39 17 347.87524862167629
39 18 669.93499166301262
39 19 796.49576107385656
39 20 155.75884663121542
39 21 1186.9343707303415
39 22 -289.81851838807415
39 23 1506.8096203322057
39 24 -656.57832332135513
39 25 1749.1025382810221
39 26 -939.89364959270461
39 27 1912.0020392165316
39 28 -1140.2943644498009
39 29 1998.3580927032563
39 30 -1262.70647358524
39 31 2014.8454812328964
39 32 -1315.4741861512775
39 33 1970.9547259594729
39 34 -1309.2795585748718
39 35 1877.9260315000101
39 36 -1256.0677463170578
39 37 1747.729185967728
39 38 -1168.068524134469
39 39 1592.1706540325431
39 40 -1056.9805642148822
39 41 1422.1826073026023
39 42 -933.35796082101297
39 43 1247.3212394979782
39 44 -806.21228988775329
39 45 1075.4767119465214
39 46 -682.82093111520226
39 47 912.77681559631674
39 48 -568.71527559678725
39 49 763.65217624925208
39 50 -467.81147417505053
39 51 631.02292036774088
39 52 -382.64208620830686
39 53 516.56252944667358
39 54 -314.63828121331971
39 55 421.03461778424389
39 56 -264.50610403117025
39 57 343.99147513113348
39 58 -232.48098307249165
39 59 293.09449271295307
39 60 -203.74126567048734
39 61 181.62408090347526
39 62 -539.04524691006372
39 63 0
40 0 0
40 1 -6929.2621455758763
40 2 3671.9397643935281
40 3 -2451.3265295581732
40 4 4426.1995309057056
40 5 -2421.2468265091047
40 6 4008.2280989508945
40 7 -2061.0124514178096
40 8 3561.9349829403291
40 9 -1643.7397174286161
40 10 3028.4317808479955
40 11 -1167.9000724370781
40 12 2443.5670631419271
40 13 -661.23888914262352
40 14 1836.5731193625834
40 15 -149.25900131856906
40 16 1235.8648840404385
40 17 343.26569149243369
40 18 666.83666349263149
40 19 794.60703857421322
40 20 150.63929090501915
40 21 1187.2989806533951
40 22 -296.77290364134024
40 23 1508.950292748068
40 24 -665.08904179727324
40 25 1752.5532598369864
40 26 -949.62287405451207
40 27 1916.3260307891505
40 28 -1150.8767678492404
40 29 2003.162512153267
40 30 -1273.7773245362405
40 31 2019.7924680701362
40 32 -1326.6919978946135
40 33 1975.7684857495406
40 34 -1320.3425178062389
40 35 1882.3958927896456
40 36 -1266.723910816836
40 37 1751.7088555223381
40 38 -1178.1203487657876
40 39 1595.5741773609589
40 40 -1066.2846936725145
40 41 1424.9777549139253
40 42 -941.82142973977534
40 43 1249.5211603777534
40 44 -813.78632175983512
40 45 1077.1307183290446
40 46 -689.49345694591102
40 47 913.96109786501256
40 48 -574.50313786375773
40 49 764.46111803534222
40 50 -472.75307961172075
40 51 631.56150490613072
40 52 -386.79102135574794
40 53 516.94026714130814
40 54 -318.05855566062746
40 55 421.35900486073297
40 56 -267.26557363190295
40 57 344.39950762816807
40 58 -234.64386916884905
40 59 293.2380824631764
40 60 -206.29059255270477
40 61 186.41892146433747
40 62 -520.97438549481012
40 63 0
41 0 0
41 1 -6623.9612091067102
41 2 3745.7832146685632
41 3 -2508.590974167646
41 4 4426.9796496450908
41 5 -2446.4906095317929
41 6 4016.5546913783601
41 7 -2084.9865302182025
41 8 3569.1931337225924
41 9 -1663.648404542073
41 10 3034.4475723836695
41 11 -1183.891695524153
41 12 2447.8546998352613
41 13 -673.28903098768933
41 14 1838.7496220157118
41 15 -157.59766851033419
41 16 1235.678649379679
41 17 338.29045921720535
41 18 664.201574670642
41 19 792.56160361182992
41 20 145.62746856654485
41 21 1187.6992793872887
41 22 -303.95232896580637
41 23 1511.2911061123668
41 24 -674.12182793304964
41 25 1756.3336384569084
41 26 -960.12572181507494
41 27 1921.0711398272906
41 28 -1162.4329504002162
41 29 2008.4416246277215
41 30 -1285.9685598755277
41 31 2025.2326647664631
41 32 -1339.1244644935796
41 33 1981.0637175169177
41 34 -1332.6659932886287
41 35 1887.3113280506004
41 36 -1278.6439044703002
41 37 1756.0807734753325
41 38 -1189.4037760725951
41 39 1599.3059866787007
41 40 -1076.7601029897378
41 41 1428.032964099657
41 42 -951.37504770264059
41 43 1251.9142657652083
41 44 -822.35526143676907
41 45 1078.9170049747554
41 46 -697.05736913192595
41 47 915.22627554923019
41 48 -581.07541783556371
41 49 765.31156946657575
41 50 -478.37251511282375
41 51 632.11572003183392
41 52 -391.51448503389474
41 53 517.32196362763716
41 54 -321.95552466873778
41 55 421.68969987415039
41 56 -270.41049407898754
41 57 344.83414196984086
41 58 -237.10804132406338
41 59 293.38338779325568
41 60 -209.18100734661493
41 61 191.82353054247869
41 62 -500.59481698099262
41 63 0
42 0 0
42 1 -6301.1704815949088
42 2 3824.737276408996
42 3 -2573.759569639833
42 4 4428.0009896397132
42 5 -2476.0289952610037
42 6 4025.9679481948751
42 7 -2112.4547915349012
42 8 3577.3863621614055
42 9 -1686.2165340967294
42 10 3041.1588208664853
42 11 -1201.8153908229579
42 12 2452.5245273707696
42 13 -686.61987833138483
42 14 1840.960019569593
42 15 -166.64979510778721
42 16 1235.1693099049044
42 17 333.08112923577937
42 18 660.89968502183183
42 19 790.67132617183233
42 20 139.63580605604875
42 21 1188.5548646773714
42 22 -312.38096754577782
42 23 1514.3024129770311
42 24 -684.62092413028586
42 25 1760.9218366146706
42 26 -972.25533686469134
42 27 1926.6927723151639
42 28 -1175.7192141885753
42 29 2014.6081031725771
42 30 -1299.9387992636002
42 31 2031.5247470762188
42 32 -1353.3357268329382
42 33 1987.1406711558848
42 34 -1346.725886060085
42 35 1892.9147948369973
42 36 -1292.2236437020729
42 37 1761.0337107726082
42 38 -1202.2440801843004
42 39 1603.5073956913948
42 40 -1088.6710737054273
42 41 1431.4493635424697
42 42 -962.23145828844281
42 43 1254.569002730932
42 44 -832.08875385025749
42 45 1080.8785068320503
42 46 -705.64698286261773
42 47 916.59625570628123
42 48 -588.53768432527431
42 49 766.21402876071443
42 50 -484.75209463276769
42 51 632.68735817700872
42 52 -396.87600775550891
42 53 517.70453085282497
42 54 -326.37750867934301
42 55 422.02178772186016
42 56 -273.97681760703563
42 57 345.2908702570312
42 58 -239.89937905071201
42 59 293.53020200915125
42 60 -212.42677368036311
42 61 197.82320624699423
42 62 -477.98492851143237
42 63 0
43 0 0
43 1 -5951.028236250977
43 2 3913.1561943065662
43 3 -2639.3094129048222
43 4 4432.0736068698352
43 5 -2504.9297378984647
43 6 4038.4633183691676
43 7 -2139.9219865941177
43 8 3588.2035155339054
43 9 -1709.0265550677941
43 10 3050.1233772383785
43 11 -1220.0737672742434
43 12 2459.0802811815138
43 13 -700.26497911612751
43 14 1844.678340506789
43 15 -175.92788417459815
43 16 1235.7782843537279
43 17 327.77101307601697
43 18 658.32338823383907
43 19 788.81813630005126
43 20 133.98633900578716
43 21 1189.5800123284062
43 22 -320.82801136539274
43 23 1517.5975515489881
43 24 -695.46391425774345
43 25 1765.8817989740783
43 26 -985.00946681951973
43 27 1932.7436995922653
43 28 -1189.8593020646331
43 29 2021.2303568200696
43 30 -1314.9379325227528
43 31 2038.2701122684921
43 32 -1368.6970818071131
43 33 1993.6435361046279
43 34 -1362.0063463690713
43 35 1898.8973326145242
43 36 -1307.0489408278263
43 37 1766.3054870922679
43 38 -1216.3160369937032
43 39 1607.960194462521
43 40 -1101.7681274665847
43 41 1435.0482953545907
43 42 -974.20398452641166
43 43 1257.3411097946519
43 44 -842.85082988344584
43 45 1082.9000955482115
43 46 -715.16616679900835
43 47 917.98008737669079
43 48 -596.82418851707553
43 49 767.09731355322219
43 50 -491.8484590348271
43 51 633.22124613023334
43 52 -402.84802869337
43 53 518.04569717432969
43 54 -331.30741954892073
43 55 422.32339177417089
43 56 -277.95370214107606
43 57 345.74601220356271
43 58 -243.00995585235796
43 59 293.66373029233728
43 60 -216.01611996402426
43 61 204.38828585156443
43 62 -453.20901392642554
43 63 0
44 0 0
44 1 -5591.4683950788913
44 2 4005.5694713601042
44 3 -2712.002024298954
44 4 4437.1668915687223
44 5 -2537.986692306049
44 6 4052.607420055665
44 7 -2170.6827963214437
44 8 3600.4743857859012
44 9 -1734.2990142196868
44 10 3060.2344030626227
44 11 -1240.0674387890831
44 12 2466.3985361087271
44 13 -714.99612176921801
44 14 1848.7419074858735
44 15 -185.72719381495517
44 16 1236.3109677494322
44 17 322.41488080444469
44 18 655.26796694257428
44 19 787.30095061700922
44 20 127.49135884178031
44 21 1191.230066206117
44 22 -330.43738407059209
44 23 1521.7173257610739
44 24 -707.72784209793826
44 25 1771.7843739774253
44 26 -999.38060251361094
44 27 1939.7835978338662
44 28 -1205.7495123826811
44 29 2028.8282611886643
44 30 -1331.7602874394652
44 31 2045.9309581951857
44 32 -1385.9002835602041
44 33 2000.9677427083261
44 34 -1379.100147232748
44 35 1905.5853331337858
44 36 -1323.6202797770602
44 37 1772.1561470352754
44 38 -1232.0365535970268
44 39 1612.8640812212325
44 40 -1116.3943592009673
44 41 1438.9770310003769
44 42 -987.57192497487267
44 43 1260.3341699559678
44 44 -854.86664935388035
44 45 1085.0504073573575
44 46 -725.79482300625386
44 47 919.41965293926842
44 48 -606.07743453147123
44 49 767.98386694463261
44 50 -499.77345204297308
44 51 633.72667323164933
44 52 -409.51735884391383
44 53 518.34683496281286
44 54 -336.81164561585319
44 55 422.59224030658515
44 56 -282.39087456540801
44 57 346.1968655074088
44 58 -246.47595316764637
44 59 293.78615702171373
44 60 -219.96990599291166
44 61 211.5017880328196
44 62 -426.37157249600932
44 63 0
45 0 0
45 1 -5211.1312449142133
45 2 4106.7084400935983
45 3 -2783.1469504064899
45 4 4446.2117791169931
45 5 -2569.3872645263127
45 6 4070.3923761896021
45 7 -2200.5291757636769
45 8 3615.8453157838721
45 9 -1759.0411175717691
45 10 3073.0071458890507
45 11 -1259.7436833573283
45 12 2475.9622188639696
45 13 -729.49898194565321
45 14 1854.6366646887691
45 15 -195.30832663576803
45 16 1238.2569577994218
45 17 317.31373325669665
45 18 653.2086325819364
45 19 786.09746365145838
45 20 121.5852720406474
45 21 1193.2557090062801
45 22 -339.84350673108565
45 23 1526.2645287862142
45 24 -720.14118064771537
45 25 1778.1477748826546
45 26 -1014.2110722881625
45 27 1947.2950219324048
45 28 -1222.3591604197281
45 29 2036.8848430962316
45 30 -1349.5084139094615
45 31 2054.0158840390177
45 32 -1404.1810132766841
45 33 2008.6633877212989
45 34 -1397.3706582078194
45 35 1912.5789972235907
45 36 -1341.4191944889353
45 37 1778.2390467459663
45 38 -1248.9930420883866
45 39 1617.9246562614935
45 40 -1132.2292478325835
45 41 1442.9899080937503
45 42 -1002.0925520052515
45 43 1263.346266159715
45 44 -867.95738237697151
45 45 1087.1656464587431
45 46 -737.40510324569186
45 47 920.78362923757595
45 48 -616.20899683703101
45 49 768.76955962461579
45 50 -508.46805260107431
45 51 634.12201214987363
45 52 -416.84593176114504
45 53 518.54479312396506
45 54 -342.86610300569009
45 55 422.78029562794472
45 56 -287.27258622893714
45 57 346.60748219721427
45 58 -250.28540619587147
45 59 293.87424368678694
45 60 -224.27099517017268
45 61 219.12283085612216
45 62 -397.55211053034145
45 63 0
46 0 0
46 1 -4830.0619269241452
46 2 4210.6832489594126
46 3 -2860.5277180986377
46 4 4457.1632548240814
46 5 -2604.7528432229683
46 6 4090.4885049428685
46 7 -2233.4281409200685
46 8 3633.3026005763713
46 9 -1786.0173290159764
46 10 3087.5003692074188
46 11 -1280.9314385208381
46 12 2486.7959504149439
46 13 -744.86781086307019
46 14 1861.3145497852202
46 15 -205.19280275266283
46 16 1240.4948442963359
46 17 312.38147271892558
46 18 650.97032957623924
46 19 785.4390178522408
46 20 115.06867483603855
46 21 1196.1049733031359
46 22 -350.23824803488424
46 23 1531.8195676968571
46 24 -733.85830038432687
46 25 1785.6163818748882
46 26 -1030.5924306749148
46 27 1955.9331152834147
46 28 -1240.6977144564735
46 29 2046.0268802366954
46 30 -1369.096886276111
46 31 2063.096744836912
46 32 -1424.3523112213552
46 33 2017.2316016328296
46 34 -1417.5281441339393
46 35 1920.3016959409069
46 36 -1361.0562938538351
46 37 1784.8995175995697
46 38 -1267.7027950303454
46 39 1623.413781464933
46 40 -1149.7052177332989
46 41 1447.2930456804534
46 42 -1018.1229862496366
46 43 1266.5272391245708
46 44 -882.41470966750057
46 45 1089.3494608126275
46 46 -750.23279322294911
46 47 922.13936331972945
46 48 -627.40757092569766
46 49 769.49459463548919
46 50 -518.08168917659714
46 51 634.4284354327101
46 52 -424.95065860066461
46 53 518.64866009054822
46 54 -349.56088766193716
46 55 422.8903690432162
46 56 -292.66691708471626
46 57 346.97888899017926
46 58 -254.48847956113241
46 59 293.93432772621964
46 60 -228.94968446962594
46 61 227.23308377408102
46 62 -366.8874865638827
46 63 0
47 0 0
47 1 -4435.7217093306645
47 2 4322.3797104985806
47 3 -2934.5171626800948
47 4 4472.8842240203903
47 5 -2637.500373725743
47 6 4114.7140983468944
47 7 -2264.500611619269
47 8 3654.2852844775098
47 9 -1811.6529776591506
47 10 3105.0275414258977
47 11 -1301.0836246508006
47 12 2500.2109147578722
47 13 -759.38163192859065
47 14 1870.1341877260802
47 15 -214.3209736289009
47 16 1244.4380673741762
47 17 308.15676045108376
47 18 650.00402089481213
47 19 785.46477304257678
47 20 109.39982846593921
47 21 1199.6223713822474
47 22 -360.19108164282443
47 23 1538.0214908475409
47 24 -747.51058415358784
47 25 1793.6979087323834
47 26 -1047.247525025341
47 27 1965.1340394204908
47 28 -1259.6022123148032
47 29 2055.6653974040273
47 30 -1389.4918781545584
47 31 2072.5937648990111
47 32 -1445.5166811046638
47 33 2026.1256093931479
47 34 -1438.8116209829604
47 35 1928.2546242948229
47 36 -1381.9014677267205
47 37 1791.694614678363
47 38 -1287.6565327815115
47 39 1628.9468748936997
47 40 -1168.4208207213942
47 41 1451.5588835195103
47 42 -1035.354999618221
47 43 1269.6026962771612
47 44 -898.00854166242061
47 45 1091.3753444128815
47 46 -764.11128360405201
47 47 923.3023579440669
47 48 -639.55642594351048
47 49 770.01059753456502
47 50 -528.53535171948351
47 51 634.52817349798352
47 52 -433.77971429663376
47 53 518.56631728242064
47 54 -356.86244812040968
47 55 422.85168365197023
47 56 -298.55120018282832
47 57 347.25765403891273
47 58 -259.0672862311294
47 59 293.9307962606108
47 60 -233.98118728437112
47 61 235.77673061936366
47 62 -334.47337385723586
47 63 0
48 0 0
48 1 -4049.6331664655827
48 2 4435.7246887386736
48 3 -3013.7417761864072
48 4 4491.4421295459306
48 5 -2673.9872843222656
48 6 4141.969351616126
48 7 -2298.3605885940506
48 8 3678.0667846471715
48 9 -1839.2750599218743
48 10 3124.9490440700356
48 11 -1322.5048172273546
48 12 2515.5180425144863
48 13 -774.52092164662645
48 14 1880.2981362398441
48 15 -223.5110363358217
48 16 1249.1675442106498
48 17 304.34318156835616
48 18 649.28255529821399
48 19 786.27556746369009
48 20 103.47194649398261
48 21 1204.195843990874
48 22 -370.85333893287498
48 23 1545.449585245251
48 24 -762.25783780046186
48 25 1803.0820548176507
48 26 -1065.3114118383655
48 27 1975.6320152509943
48 28 -1280.1549657638134
48 29 2066.5280135915509
48 30 -1411.7014201644906
48 31 2083.1907515912462
48 32 -1468.5931244059702
48 33 2035.9607321950079
48 34 -1462.0427609884246
48 35 1936.9707078624288
48 36 -1404.6764083616381
48 37 1799.0697288496449
48 38 -1309.477903782863
48 39 1634.8833766244297
48 40 -1188.9070216511755
48 41 1456.0672684808651
48 42 -1054.2345235535322
48 43 1272.7822843373815
48 44 -915.10870438469283
48 45 1093.3937190884535
48 46 -779.34366683507506
48 47 924.3752320458043
48 48 -652.90110545674906
48 49 770.38343388267094
48 50 -540.02560552817158
48 51 634.46048366131436
48 52 -443.48840133352496
48 53 518.31936719395344
48 54 -364.8916019187709
48 55 422.67587272704077
48 56 -305.01769464876816
48 57 347.45155850828269
48 58 -264.09078215579029
48 59 293.87688762767539
48 60 -239.40907017276913
48 61 244.73563524907149
48 62 -300.48754867948446
48 63 0
49 0 0
49 1 -3658.4798995590972
49 2 4555.5381898168434
49 3 -3087.9296155262637
49 4 4515.4558202170847
49 5 -2707.0186120852213
49 6 4173.7430198963921
49 7 -2329.5380494573692
49 8 3705.726461504355
49 9 -1864.748832542773
49 10 3148.2253910951385
49 11 -1342.1333591281837
49 12 2533.7087827551841
49 13 -788.10897369976374
49 14 1892.8966225416843
49 15 -231.3162593168272
49 16 1255.8904352772515
49 17 301.79240986285549
49 18 650.1170100023046
49 19 788.24848787348856
49 20 98.668546240787691
49 21 1209.835693362038
49 22 -380.80973361616088
49 23 1553.8427221997608
49 24 -776.69595816587389
49 25 1813.3188825800062
49 26 -1083.4313847340127
49 27 1986.8579595026858
49 28 -1301.0887545078731
49 29 2077.9833066569608
49 30 -1434.569782526296
49 31 2094.2384294244221
49 32 -1492.5545669370877
49 33 2046.1029641296591
49 34 -1486.3316790297176
49 35 1945.8542734014372
49 36 -1428.6292331689765
49 37 1806.4820541894733
49 38 -1332.5474791372471
49 39 1640.7409852888577
49 40 -1210.6665051021537
49 41 1460.3987524651529
49 42 -1074.372812178126
49 43 1275.7079567450091
49 44 -933.419731450158
49 45 1095.1039820952246
49 46 -795.71195004746187
49 47 925.10942269541374
49 48 -667.28572161878219
49 49 770.41054158826228
49 50 -552.44440218302771
49 51 634.06270367636353
49 52 -454.00374427231327
49 53 517.77924177258683
49 54 -373.59933600669137
49 55 422.26315734410491
49 56 -312.03189133179876
49 57 347.48449926951253
49 58 -269.53093639576764
49 59 293.72044066917624
49 60 -245.19672260225889
49 61 254.03448507290705
49 62 -265.04261119839612
49 63 0
50 0 0
50 1 -3284.5183548943169
50 2 4675.7982789870312
50 3 -3166.3054381851907
50 4 4543.2163085820321
50 5 -2743.543010222993
50 6 4209.2707835934107
50 7 -2363.2264380580636
50 8 3736.9353163683172
50 9 -1891.9510427508612
50 10 3174.6379522360257
50 11 -1362.7757028586984
50 12 2554.5073283410602
50 13 -802.06456973428431
50 14 1907.5136496780942
50 15 -238.91833058087286
50 16 1264.0199843190203
50 17 299.92534477969457
50 18 651.75255045346603
50 19 791.28318947709886
50 20 94.090081171316342
50 21 1216.8060958799742
50 22 -391.06949570282268
50 23 1563.7258626384209
50 24 -791.90383995637603
50 25 1825.102434446535
50 26 -1102.7159002594544
50 27 1999.5967382214985
50 28 -1323.5048637739055
50 29 2090.8430227905228
50 30 -1459.1599318691806
50 31 2106.5259382453405
50 32 -1518.4012642635025
50 33 2057.2832064260638
50 34 -1512.5985960082744
50 35 1955.5549553331275
50 36 -1454.5895321305125
50 37 1814.4878038867773
50 38 -1357.5995506187155
50 39 1646.9792005636918
50 40 -1234.3384582152339
50 41 1464.9195952586069
50 42 -1096.3178285066988
50 43 1278.6609612248867
50 44 -953.40478048342447
50 45 1096.7135542841788
50 46 -813.60241510424203
50 47 925.65116693776872
50 48 -683.02827434081337
50 49 770.1899102698917
50 50 -566.05008021506364
50 51 633.39697509832149
50 52 -465.53264330668753
50 53 516.98356966198844
50 54 -383.14870995463934
50 55 421.63667541217364
50 56 -319.71998032531701
50 57 347.3733386499589
50 58 -275.48354169084632
50 59 293.48416013590395
50 60 -251.40725019241472
50 61 263.65692872900581
50 62 -228.3692699279527
50 63 0
51 0 0
51 1 -2914.1793609710476
51 2 4801.0056894327136
51 3 -3238.3506420046615
51 4 4576.9004632973065
51 5 -2776.0120361563168
51 6 4249.5362819977345
51 7 -2393.5381857882021
51 8 3772.2377984096056
51 9 -1916.2948453981699
51 10 3204.6143426100571
51 11 -1380.9135731435163
51 12 2578.4013918666915
51 13 -813.7759049077431
51 14 1924.7864782471424
51 15 -244.47803583598215
51 16 1274.3764373908562
51 17 299.92802391802798
51 18 655.18816132339452
51 19 796.02326311487559
51 20 90.885393933604064
51 21 1225.311747731439
51 22 -400.3774230397994
51 23 1574.9607606437621
51 24 -806.57006355409067
51 25 1838.0387046818214
51 26 -1121.847833371703
51 27 2013.2757523640521
51 28 -1346.1266438184794
51 29 2104.4221830607057
51 30 -1484.2743328472352
51 31 2119.3107410283574
51 32 -1545.0440607253313
51 33 2068.7449118611312
51 34 -1539.8820017026082
51 35 1965.335108218369
51 36 -1481.7330618427604
51 37 1822.3915707551441
51 38 -1383.948197508289
51 39 1652.9599641160075
51 40 -1259.3693098722269
51 41 1469.0574688131619
51 42 -1119.637097855275
51 43 1281.1378631340631
51 44 -974.73769325233661
51 45 1097.7872535477218
51 46 -832.77851354068844
51 47 925.63032815746737
51 48 -699.96453493672561
51 49 769.41168932762594
51 50 -580.73389116657381
51 51 632.2081925418388
51 52 -478.0061540202496
51 53 515.72620134834324
51 54 -393.49647576614188
51 55 420.63354723040902
51 56 -328.05204867827342
51 57 346.99261119612856
51 58 -281.92126148383068
51 59 293.08040363957844
51 60 -257.99633937140243
51 61 273.49551056090604
51 62 -190.60076837149609
51 63 0
52 0 0
52 1 -2569.6948377571971
52 2 4925.3385793974758
52 3 -3313.6526218015661
52 4 4615.0366474819293
52 5 -2811.8373177903777
52 6 4294.1121307990215
52 7 -2426.2037190396768
52 8 3811.7067905773183
52 9 -1942.2294101673288
52 10 3238.3715209164166
52 11 -1399.9281283929577
52 12 2605.5547096859755
52 13 -825.70979730007821
52 14 1944.7164163750585
52 15 -249.67545911067646
52 16 1286.7466654711279
52 17 300.78891948619457
52 18 659.98310839177066
52 19 802.01149276604156
52 20 88.399543182049456
52 21 1235.3387254222525
52 22 -409.57195255373335
52 23 1587.8706642354246
52 24 -821.6758331627716
52 25 1852.6895223089923
52 26 -1141.9062074367048
52 27 2028.6070627776098
52 28 -1370.0862583505113
52 29 2119.507201405213
52 30 -1511.0571692559915
52 31 2133.3916230560135
52 32 -1573.6037851922902
52 33 2081.2516482237697
52 34 -1569.2509453060666
52 35 1975.8894758865608
52 36 -1511.0559928530165
52 37 1830.7984675004718
52 38 -1412.5026598549084
52 39 1659.1889991957487
52 40 -1286.5736197738897
52 41 1473.2179108705168
52 42 -1145.0480216410597
52 43 1283.4499848395353
52 44 -998.04035489228227
52 45 1098.5528122773758
52 46 -853.77123536432009
52 47 925.20445047625799
52 48 -718.54116804956902
52 49 768.17785948719575
52 50 -596.8658364906787
52 51 630.55743524387253
52 52 -491.72572311704243
52 53 514.04118861455572
52 54 -404.88365152668848
52 55 419.27340698748594
52 56 -337.21668544330896
52 57 346.35812808119226
52 58 -288.98814420017516
52 59 292.53658451580122
52 60 -265.06097997298639
52 61 283.53443583455373
52 62 -152.03835628767592
52 63 0
53 0 0
53 1 -2237.5069842894391
53 2 5053.0705652363395
53 3 -3381.5711609406662
53 4 4659.5213732302909
53 5 -2843.1002429726959
53 6 4343.6667900834891
53 7 -2454.8113007938355
53 8 3855.5431535371554
53 9 -1964.5363173935948
53 10 3275.9896572372327
53 11 -1415.6037038503655
53 12 2636.1312454469044
53 13 -834.52678136382019
53 14 1967.6661880623669
53 15 -251.94387537226248
53 16 1301.7463883102209
53 17 304.39683612257795
53 18 667.01672569138282
53 19 810.55119567849943
53 20 87.7550095992774
53 21 1247.6964006339131
53 22 -417.32893860171316
53 23 1602.8607813041162
53 24 -835.74928638086021
53 25 1869.1419992933334
53 26 -1161.3306033950721
53 27 2045.4397821652037
53 28 -1393.7931637201473
53 29 2135.7812453913994
53 30 -1537.9409293814206
53 31 2148.348229985686
53 32 -1602.5807168773554
53 33 2094.3313779355321
53 34 -1599.3081075123428
53 35 1986.7353103620644
53 36 -1541.2873419336393
53 37 1839.2454866557273
53 38 -1442.1320221174483
53 39 1665.2438263349723
53 40 -1314.965273644475
53 41 1477.0313239068855
53 42 -1171.7066785593033
53 43 1285.2859768770486
53 44 -1022.6029323234798
53 45 1098.7570219867848
53 46 -875.9930488736245
53 47 924.17434637468432
53 48 -738.27909287160765
53 49 766.33643282661978
53 50 -614.06068864471308
53 51 628.33149559082813
53 52 -506.38559608273681
53 53 511.84495098937077
53 54 -417.07039386551514
53 55 417.49307164309357
53 56 -347.0275418123947
53 57 345.41768666258577
53 58 -296.53994020009122
53 59 291.81002964833169
53 60 -272.47585214240644
53 61 293.66792942937536
53 62 -112.81765239345987
53 63 0
54 0 0
54 1 -1937.5961108494266
54 2 5180.1257709769288
54 3 -3450.3431202949741
54 4 4710.5331118245886
54 5 -2876.0582700215309
54 6 4399.5145172573302
54 7 -2484.0876368443787
54 8 3905.63934823831
54 9 -1986.7527255144068
54 10 3319.5671351450073
54 11 -1430.451272483424
54 12 2672.2158906579807
54 13 -841.82238917946961
54 14 1995.5729420587431
54 15 -252.05655470585953
54 16 1321.0881477277781
54 17 310.70834623392329
54 18 677.74139286598256
54 19 822.23132399121823
54 20 90.138677302320502
54 21 1263.5028238435098
54 22 -422.71090695180646
54 23 1621.4712437943035
54 24 -848.07220753759793
54 25 1889.2511584908789
54 26 -1179.5840544834846
54 27 2065.8405348683573
54 28 -1416.8509016769804
54 29 2155.4270387468932
54 30 -1564.6302308027771
54 31 2166.3948799584887
54 32 -1631.7453680585459
54 33 2110.1587477858175
54 34 -1629.8608521253755
54 35 1999.9507195677779
54 36 -1572.2493414330074
54 37 1849.6718354242603
54 38 -1472.6585673201953
54 39 1672.8960962439032
54 40 -1344.3584246829232
54 41 1482.0853599360362
54 42 -1199.4165913733923
54 43 1288.0433230350263
54 44 -1048.2203095307341
54 45 1099.6091519871243
54 46 -899.23544383054832
54 47 923.56899827450434
54 48 -758.97375380122867
54 49 764.74801912240764
54 50 -632.12634423734926
54 51 626.23679606872429
54 52 -521.81506655983867
54 53 509.70478931162688
54 54 -429.91635967837283
54 55 415.73563404995184
54 56 -357.38358004664406
54 57 344.50353044803705
54 58 -304.52399395244356
54 59 291.14183232081814
54 60 -280.233537876029
54 61 303.97830934134618
54 62 -73.290489893906852
54 63 0
55 0 0
55 1 -1657.4367285215885
55 2 5309.9520008572654
55 3 -3510.0872821828943
55 4 4769.1675277292234
55 5 -2903.177273736901
55 6 4461.5052835752067
55 7 -2507.7877327817077
55 8 3961.3237802029744
55 9 -2003.6762584823009
55 10 3368.2664958462283
55 11 -1440.176102875057
55 12 2713.0273451064113
55 13 -844.13472679329971
55 14 2027.8437640399716
55 15 -247.3298355823772
55 16 1344.435905048158
55 17 321.67960173410393
55 18 692.09816643933664
55 19 838.33489767926039
55 20 95.752142897254089
55 21 1283.4283417873849
55 22 -425.29915222644377
55 23 1643.8260362406254
55 24 -858.06988592480593
55 25 1912.6651684189255
55 26 -1196.0060345813872
55 27 2089.0542260644906
55 28 -1438.5846726725049
55 29 2177.3584532866153
55 30 -1590.5023301343135
55 31 2186.1842263149356
55 32 -1660.5830485559636
55 33 2127.1909386655352
55 34 -1660.5446930839207
55 35 2013.8579631236553
55 36 -1603.7541310765846
55 37 1860.3196101423691
55 38 -1504.081387736278
55 39 1680.3565656118735
55 40 -1374.9342766345762
55 41 1486.6025285982687
55 42 -1228.5229882991189
55 43 1289.9940630973106
55 44 -1075.3729917837518
55 45 1099.4637329531542
55 46 -924.07771768989733
55 47 921.85404367342016
55 48 -781.26199081793857
55 49 762.01399891715482
55 50 -651.71396057621678
55 51 623.03132864371946
55 52 -538.63684571524573
55 53 506.55245433404161
55 54 -443.97548409165211
55 55 413.11996681656638
55 56 -368.73360273261824
55 57 342.93038667669862
55 58 -313.25260343919581
55 59 290.0554442135217
55 60 -288.46820379726523
55 61 314.12392861511762
55 62 -33.695069453187898
55 63 0
56 0 0
56 1 -1429.6363828350422
56 2 5424.6072097782871
56 3 -3583.0916570091631
56 4 4821.4440785386614
56 5 -2945.1430040182913
56 6 4516.7423556165431
56 7 -2545.4407739914586
56 8 4010.1986191189098
56 9 -2033.9712901431994
56 10 3409.799294951199
56 11 -1462.6964270121334
56 12 2746.1404024904823
56 13 -858.70309140432255
56 14 2051.7574603104549
56 15 -254.36924613018164
56 16 1358.6814912912359
56 17 321.30151153637598
56 18 696.55800531904788
56 19 843.41422754050654
56 20 90.66029527957653
56 21 1292.5528200753433
56 22 -439.37894815826439
56 23 1655.5014599418882
56 24 -880.28824238790548
56 25 1925.4312343036872
56 26 -1225.2876158584058
56 27 2101.5821964169845
56 28 -1473.6969192369997
56 29 2188.5256901839512
56 30 -1630.1265275444621
56 31 2195.1233009588123
56 32 -1703.3818137747403
56 33 2133.3135011275317
56 34 -1705.2212064641026
56 35 2016.8556407611504
56 36 -1649.0999735140122
56 37 1860.1457456725257
56 38 -1549.0114247995734
56 39 1677.193545793898
56 40 -1418.5084773487233
56 41 1480.8198016055485
56 42 -1269.9562435898315
56 43 1282.1017660712641
56 44 -1114.0348351432294
56 45 1090.0662628444024
56 46 -959.48433396415567
56 47 911.60703823902622
56 48 -813.06305801831513
56 49 751.58718635748301
56 50 -679.67676880584804
56 51 613.07866909032782
56 52 -562.62977598748876
56 53 497.69022518262318
56 54 -463.95349401677777
56 55 405.90835048419649
56 56 -384.71845528533777
56 57 337.93574318679021
56 58 -325.31489994767071
56 59 286.78339667180808
56 60 -298.71581650127155
56 61 323.25826473993402
56 62 5.091621051178663
56 63 0
57 0 0
57 1 -1269.7623223004939
57 2 5500.134297187742
57 3 -3687.08089475831
57 4 4841.2576324210477
57 5 -3021.4710525626742
57 6 4537.9591092967075
57 7 -2617.4608405540312
57 8 4024.5722164002018
57 9 -2098.6770955573775
57 10 3416.5048353656857
57 11 -1519.4943736787536
57 12 2744.2725506375609
57 13 -907.30933233658106
57 14 2040.6942988017818
57 15 -295.10772951653053
57 16 1338.1125528781013
57 17 287.65931343741613
57 18 666.52851383537381
57 19 815.76591616681071
57 20 51.573989759390315
57 21 1269.5976344332394
57 22 -486.78165825890574
57 23 1635.8693483709885
57 24 -934.97546965295442
57 25 1907.7990859443617
57 26 -1285.9982559575656
57 27 2084.7695600195948
57 28 -1539.0133055120714
57 29 2171.5651287422588
57 30 -1698.5506259857175
57 31 2177.3034832335725
57 32 -1773.4086698453666
57 33 2114.1958578368758
57 34 -1775.4044510695621
57 35 1996.2676552097491
57 36 -1718.1056313177123
57 37 1838.1555412759099
57 38 -1615.6578361517404
57 39 1654.0713129927553
57 40 -1481.7916575566414
57 41 1456.9918000518101
57 42 -1329.0613179606225
57 43 1258.1022427468724
57 44 -1168.3352123611712
57 45 1066.4917879751101
57 46 -1008.5309734222392
57 47 889.0766442846143
57 48 -856.56655176080676
57 49 730.71046660402317
57 50 -717.48503830804111
57 51 594.43278486241979
57 52 -594.70395825087508
57 53 481.80588017885384
57 54 -490.34520394002357
57 55 393.25982165792084
57 56 -405.54208688945437
57 57 329.00871102015117
57 58 -340.72198542389742
57 59 281.04554239689605
57 60 -310.84002247894205
57 61 331.13369203192633
57 62 42.85111193667035
57 63 0
58 0 0
58 1 -1094.8920250939409
58 2 5632.4994117687766
58 3 -3729.9371021163097
58 4 4928.8765797712131
58 5 -3038.0896076906083
58 6 4627.3779833256867
58 7 -2627.9189585579843
58 8 4108.4001664671632
58 9 -2099.935000245523
58 10 3493.9169845074503
58 11 -1510.6832024116557
58 12 2814.3834155798686
58 13 -888.00657625256463
58 14 2102.8503678451216
58 15 -265.6058006607509
58 16 1391.9121196011019
58 17 326.49304752681019
58 18 711.85458853619821
58 19 862.602209446095
58 20 88.592185591096495
58 21 1322.7819961457499
58 22 -457.64511875745484
58 23 1693.5630304544702
58 24 -913.07420357225055
58 25 1968.1135852238185
58 26 -1270.5189336827516
58 27 2145.8853123476729
58 28 -1529.0356346099543
58 29 2231.8277712884083
58 30 -1693.1080922745423
58 31 2235.2939993879772
58 32 -1771.5447223110914
58 33 2168.7737268621277
58 34 -1776.2200181095977
58 35 2046.5885419810093
58 36 -1720.7953432432532
58 37 1883.6668989422378
58 38 -1619.5338768852707
58 39 1694.4904535762362
58 40 -1486.2955830494684
58 41 1492.2715210616389
58 42 -1333.7653121709536
58 43 1288.3890608691217
58 44 -1172.9350207929201
58 45 1092.0813479174285
58 46 -1012.8331385260481
58 47 910.37008884313764
58 48 -860.47260294321859
58 49 748.1746192695482
58 50 -720.97503353347747
58 51 608.56602941612437
58 52 -597.82125133551745
58 53 493.11089258026186
58 54 -493.18461682901216
58 55 402.21968203013603
58 56 -408.23464966024403
58 57 336.137152567062
58 58 -343.41930448249514
58 59 285.89675430907846
58 60 -315.62177769046684
58 61 343.71101195347364
58 62 81.34726219282129
58 63 0
59 0 0
59 1 -386.0064928801421
59 2 6333.8003505123197
59 3 -3194.5338786329103
59 4 5592.931523358402
59 5 -2481.5401493697209
59 6 5289.3836042755993
59 7 -2067.7347516141253
59 8 4760.9825461336186
59 9 -1534.5099979924726
59 10 4134.8548806695362
59 11 -940.71253580523262
59 12 3441.0803731702799
59 13 -315.029036227088
59 14 2712.6223362074597
59 15 307.82005150626901
59 16 1982.0464697716034
59 17 896.96915971444469
59 18 1279.6951104689924
59 19 1426.0774306478652
59 20 631.61523685835164
59 21 1874.783228834076
59 22 58.245583147709112
59 23 2229.4465883987868
59 24 -426.35121176317625
59 25 2483.3173247429841
59 26 -814.65729282967914
59 27 2636.1630797964608
59 28 -1105.3366584633295
59 29 2693.4507595399282
59 30 -1302.4441918787488
59 31 2665.2076862376362
59 32 -1414.3386589239526
59 33 2564.7036277064217
59 34 -1452.4410875651483
59 35 2407.0925581440861
59 36 -1429.9728574883375
59 37 2208.136171049091
59 38 -1360.7875431603134
59 39 1983.104028067828
59 40 -1258.38161885099
59 41 1745.9126206631481
59 42 -1135.1364190829827
59 43 1508.5322477773389
59 44 -1001.8117260301551
59 45 1280.660418348134
59 46 -867.28354551155462
59 47 1069.636263787288
59 48 -738.49730594588436
59 49 880.553677586704
59 50 -620.59385977590864
59 51 716.52167137017386
59 52 -517.15851279254821
59 53 579.02019885318623
59 54 -430.55058218328668
59 55 468.26134149000609
59 56 -362.19336562339777
59 57 384.26216618177023
59 58 -312.83943301332329
59 59 316.83420029935405
59 60 -301.59566534280202
59 61 367.64946827929634
59 62 123.40399346157938
59 63 0
60 0 0
60 1 665.92697152714209
60 2 7422.6614865608553
60 3 -2271.2501697753851
60 4 6645.5937903015183
60 5 -1553.2101326186876
60 6 6323.3016633773786
60 7 -1153.7496259563795
60 8 5764.1573312764649
60 9 -638.8247698282612
60 10 5099.6162937394729
60 11 -68.86807980777121
60 12 4360.0504263054063
60 13 527.22084767538036
60 14 3579.134956589769
60 15 1114.5194900620936
60 16 2790.3319037875463
60 17 1662.2338105378276
60 18 2025.0559605415219
60 19 2144.3590642547861
60 20 1310.5634782846209
60 21 2541.1465453487381
60 22 668.60080654009835
60 23 2839.8287775758035
60 24 114.58806520749931
60 25 3034.7469600542354
60 26 -342.60267275385559
60 27 3126.9190907721622
60 28 -700.33871122632263
60 29 3123.1487424406623
60 30 -961.48700843627921
60 31 3034.8083001229043
60 32 -1133.3716103195002
60 33 2876.4452903089932
60 34 -1226.5665961592731
60 35 2664.3572490399947
60 36 -1253.6568416862792
60 37 2415.2622148619685
60 38 -1228.0798048209363
60 39 2145.1628749161955
60 40 -1163.1337897313188
60 41 1868.4677461521915
60 42 -1071.2064902349994
60 43 1597.3974945381997
60 44 -963.24641717728809
60 45 1341.6727314449872
60 46 -848.47253716020532
60 47 1108.4542988726298
60 48 -734.29633326327348
60 49 902.48970644211113
60 50 -626.41654879485031
60 51 726.41008019900255
60 52 -529.03928861383065
60 53 581.12225156605746
60 54 -445.18373708797299
60 55 466.19945004522378
60 56 -376.94629133397939
60 57 381.0438106768288
60 58 -325.74964998275391
60 59 313.9202783984274
60 60 -313.1794309695124
60 61 375.75913555656371
60 62 157.89240841854735
60 63 0
61 0 0
61 1 -4515.5185484532012
61 2 2327.2524356400481
61 3 -7514.8527025930889
61 4 1554.948638897713
61 5 -6746.2425466771947
61 6 1277.4203663241224
61 7 -6278.9294814820096
61 8 783.80635524695208
61 9 -5669.2070838494146
61 10 207.81323992764555
61 11 -4979.5097622563844
61 12 -420.44827840754806
61 13 -4239.777532836797
61 14 -1067.4800513072569
61 15 -3486.2951321542823
61 16 -1700.2808670099512
61 17 -2751.4771676976579
61 18 -2288.3101455477117
61 19 -2063.2951547497669
61 20 -2805.7012604676856
61 21 -1443.8348963096814
61 22 -3232.6590723073423
61 23 -908.56493639535074
61 24 -3556.2706716461889
61 25 -466.1684314271497
61 26 -3770.6701815693577
61 27 -118.9027243867713
61 28 -3876.6278201364912
61 29 136.60786864306829
61 30 -3880.6728379483957
61 31 308.27197272742524
61 32 -3793.8915160680153
61 33 407.26303898850347
61 34 -3630.5527231320411
61 35 446.71891455436707
61 36 -3406.7070481739847
61 37 440.52711610902406
61 38 -3138.8846189997821
61 39 402.28630085721306
61 40 -2842.986153621041
61 41 344.50191560608801
61 42 -2533.4267646883291
61 43 278.0411524952342
61 44 -2222.5573627110862
61 45 211.84299027936504
61 46 -1920.3580447310742
61 47 152.85590786788816
61 48 -1634.374159334584
61 49 106.16016446078902
61 50 -1369.8500066368524
61 51 75.223298392756988
61 52 -1130.0065540979176
61 53 62.238309601525543
61 54 -916.41787726075563
61 55 68.449555971028531
61 56 -729.34463923957082
61 57 95.308816418082642
61 58 -568.0703467476178
61 59 132.47742350586122
61 60 -453.4105833272406
61 61 303.96570052175775
61 62 159.19189200985784
61 63 0
62 0 0
62 1 -26693.664253980387
62 2 -19667.804539972167
62 3 -29532.108349110331
62 4 -20147.345445388964
62 5 -28338.313652363922
62 6 -19906.779107600414
62 7 -27237.231610871502
62 8 -19683.792057429629
62 9 -25801.221084321922
62 10 -19366.329035034367
62 11 -24119.002930439136
62 12 -18950.836258261461
62 13 -22249.661535681753
62 14 -18433.172456025204
62 15 -20260.976700410538
62 16 -17811.337690017128
62 17 -18217.744056295262
62 18 -17086.138881728628
62 19 -16179.880631142396
62 20 -16262.178864451471
62 21 -14199.765742387171
62 22 -15348.163789764158
62 23 -12320.484654384245
62 24 -14356.816183715182
62 25 -10574.868953409577
62 26 -13304.367486159663
62 27 -8985.3197231150261
62 28 -12209.71497540404
62 29 -7564.320247172418
62 30 -11093.349434725042
62 31 -6315.4957400627154
62 32 -9976.1761155093609
62 33 -5235.0501525268101
62 34 -8878.350825796133
62 35 -4313.4039039614436
62 36 -7818.2383313219361
62 37 -3536.8688513244706
62 38 -6811.5751850768902
62 39 -2889.2233255874089
62 40 -5870.8881201141594
62 41 -2353.085181920278
62 42 -5005.1868832213131
62 43 -1911.019018297111
62 44 -4219.9209209741184
62 45 -1546.3502281590991
62 46 -3517.1656739805712
62 47 -1243.6897804150249
62 48 -2895.9881070591109
62 49 -989.19740947280843
62 50 -2352.9329660107123
62 51 -770.6266555487673
62 52 -1882.5696744897868
62 53 -577.20080230865278
62 54 -1478.0546565077657
62 55 -399.42038011417935
62 56 -1131.5671605871103
62 57 -227.92696146893832
62 58 -834.68101059338551
62 59 -66.109713276318871
62 60 -601.91836956846601
62 61 224.58426221874106
62 62 149.53885872159844
62 63 0
63 0 0
63 1 0
63 2 0
63 3 0
63 4 0
63 5 0
63 6 0
63 7 0
63 8 0
63 9 0
63 10 0
63 11 0
63 12 0
63 13 0
63 14 0
63 15 0
63 16 0
63 17 0
63 18 0
63 19 0
63 20 0
63 21 0
63 22 0
63 23 0
63 24 0
63 25 0
63 26 0
63 27 0
63 28 0
63 29 0
63 30 0
63 31 0
63 32 0
63 33 0
63 34 0
63 35 0
63 36 0
63 37 0
63 38 0
63 39 0
63 40 0
63 41 0
63 42 0
63 43 0
63 44 0
63 45 0
63 46 0
63 47 0
63 48 0
63 49 0
63 50 0
63 51 0
63 52 0
63 53 0
63 54 0
63 55 0
63 56 0
63 57 0
63 58 0
63 59 0
63 60 0
63 61 0
63 62 0
63 63 0
