0 0 0
0 1 0
0 2 0
0 3 0
0 4 0
0 5 0
0 6 0
0 7 0
0 8 0
0 9 0
0 10 0
0 11 0
0 12 0
0 13 0
0 14 0
0 15 0
0 16 0
0 17 0
0 18 0
0 19 0
0 20 0
0 21 0
0 22 0
0 23 0
0 24 0
0 25 0
0 26 0
0 27 0
0 28 0
0 29 0
0 30 0
0 31 0
0 32 0
0 33 0
0 34 0
0 35 0
0 36 0
0 37 0
0 38 0
0 39 0
0 40 0
0 41 0
0 42 0
0 43 0
0 44 0
0 45 0
0 46 0
0 47 0
0 48 0
0 49 0
0 50 0
0 51 0
0 52 0
0 53 0
0 54 0
0 55 0
0 56 0
0 57 0
0 58 0
0 59 0
0 60 0
0 61 0
0 62 0
0 63 0
1 0 0
1 1 -15759.412343788881
1 2 -24959.482436463531
1 3 -19373.498151253443
1 4 -25316.290953719545
1 5 -19111.055799464793
1 6 -24704.071743985878
1 7 -18931.99311962803
1 8 -23889.104519093962
1 9 -18648.914294726637
1 10 -22875.24099303937
1 11 -18286.07390814909
1 12 -21693.301905190765
1 13 -17842.490044870374
1 14 -20377.725173352701
1 15 -17321.136072973786
1 16 -18964.01994624739
1 17 -16725.26687732443
1 18 -17487.588939786747
1 19 -16059.329632469144
1 20 -15982.409049621538
1 21 -15329.093133703964
1 22 -14479.850982201015
1 23 -14541.745130685513
1 24 -13007.739071036895
1 25 -13705.861496219995
1 26 -11589.670809900099
1 27 -12831.255550787546
1 28 -10244.609563699214
1 29 -11928.719455579539
1 30 -8986.7420732900882
1 31 -11009.679906192105
1 32 -7825.5753903533787
1 33 -10085.796958099991
1 34 -6766.2345892983922
1 35 -9168.538175691765
1 36 -5809.9140271849592
1 37 -8268.7603023202882
1 38 -4954.4311929935247
1 39 -7396.3276141398637
1 40 -4194.8329904073489
1 41 -6559.790645206931
1 42 -3524.0089339481528
1 43 -5766.1418429859168
1 44 -2933.2732573379872
1 45 -5020.6567998600349
1 46 -2412.8872646883792
1 47 -4326.8218576031359
1 48 -1952.5033361446731
1 49 -3686.3418190307584
1 50 -1541.5219531973889
1 51 -3099.2159731624724
1 52 -1169.3611101577517
1 53 -2563.8637330132497
1 54 -825.65840697270687
1 55 -2077.3449347245787
1 56 -500.29370092943282
1 57 -1634.4352217856795
1 58 -183.34084282969343
1 59 -1245.1500497093093
1 60 102.73316159441492
1 61 -724.25236464823683
1 62 1172.7551835974737
1 63 0
2 0 0
2 1 4283.4221537248141
2 2 -4842.2161780194983
2 3 560.59712284763918
2 4 -5422.1294322360336
2 5 523.89699956165714
2 6 -5187.4634546152265
2 7 260.64090736781509
2 8 -4893.7964861693217
2 9 -35.056920199849628
2 10 -4533.0202736124647
2 11 -374.0729686001032
2 12 -4121.0855153224202
2 13 -739.87026216855156
2 14 -3675.2743011675193
2 15 -1117.9731282538796
2 16 -3212.4465521292223
2 17 -1493.0314686466772
2 18 -2748.5421792221132
2 19 -1850.3676019236082
2 20 -2297.9242173846615
2 21 -2176.7262171010771
2 22 -1872.818146625832
2 23 -2460.9423453568979
2 24 -1482.9252316530983
2 25 -2694.4124421504512
2 26 -1135.2109855693016
2 27 -2871.3609906446891
2 28 -833.8692217478183
2 29 -2988.9042193360638
2 30 -580.44661989811175
2 31 -3046.9286277195806
2 32 -374.10194194649193
2 33 -3047.8142176662004
2 34 -211.96637745219959
2 35 -2996.0407097689767
2 36 -89.567647569310793
2 37 -2897.719175786051
2 38 -1.2803541551420494
2 39 -2760.0915724349306
2 40 59.231796160474914
2 41 -2591.0371264671994
2 42 98.610536707610663
2 43 -2398.6181888687952
2 44 123.45555591650736
2 45 -2190.6899998839435
2 46 140.04793628714651
2 47 -1974.5897774726018
2 48 154.14928379300363
2 49 -1756.9115670653446
2 50 170.87384102865144
2 51 -1543.3653209072418
2 52 194.62567394157304
2 53 -1338.7090905496279
2 54 229.07581617346295
2 55 -1146.8011318072513
2 56 277.28224173415583
2 57 -969.59434845871328
2 58 341.86177039714494
2 59 -823.56207703924156
2 60 394.62094657096713
2 61 -543.17947210620332
2 62 1190.5864856373682
2 63 0
3 0 0
3 1 8901.1558257539036
3 2 -75.984993611655227
3 3 5236.6476718248123
3 4 -667.90896142947531
3 5 5170.7417240891118
3 6 -473.38741873659274
3 7 4867.1823076233522
3 8 -237.12538319955456
3 9 4515.2198111395592
3 10 48.917850438101596
3 11 4104.2099326318748
3 12 368.94356069296919
3 13 3650.4659647334847
3 14 706.1006185494989
3 15 3168.4767310025563
3 16 1044.0999820389152
3 17 2673.7538599775235
3 18 1367.7451316937095
3 19 2181.3553256151863
3 20 1663.6153623096561
3 21 1705.1777770006993
3 22 1920.6434798036298
3 23 1257.3172514862563
3 24 2130.5068957303774
3 25 847.606757469066
3 26 2287.8284997943865
3 27 483.33697010889409
3 28 2390.1864661638683
3 29 169.15890373638831
3 30 2437.9490562523642
3 31 -92.846905636179144
3 32 2433.9624864182952
3 33 -302.96096052211396
3 34 2383.1285235814903
3 35 -463.50873147957827
3 36 2291.9129477202205
3 37 -578.47518064022552
3 38 2167.8264505737843
3 39 -653.08705772508802
3 40 2018.9163582244873
3 41 -693.39692620360438
3 42 1853.3015123580299
3 43 -705.89719856002375
3 44 1678.774646978809
3 45 -697.18518013246467
3 46 1502.4876383051833
3 47 -673.69212457606409
3 48 1330.726029135576
3 49 -641.48139563826589
3 50 1168.7709670979984
3 51 -606.11386672348999
3 52 1020.8406803542402
3 53 -572.57010520856966
3 54 890.08698340080628
3 55 -545.27311295942127
3 56 778.73751473021002
3 57 -527.12537516299562
3 58 688.32341224833726
3 59 -534.49032046160028
3 60 591.76549374910792
3 61 -418.91993783451653
3 62 1173.9963655259089
3 63 0
4 0 0
4 1 7859.1294814998491
4 2 -949.903289881604
4 3 4294.8805279877433
4 4 -1520.5678493998676
4 5 4236.0288826500891
4 6 -1317.7785822847454
4 7 3950.5184996983189
4 8 -1069.4073231263701
4 9 3621.5421244378376
4 10 -767.39402160796999
4 11 3238.9063671189433
4 12 -427.54509154860898
4 13 2818.4827073573615
4 14 -66.591254301329172
4 15 2374.3938079860527
4 16 299.21292494350382
4 17 1921.6744218852
4 18 654.60110087656176
4 19 1474.8190430907471
4 20 985.96059726787644
4 21 1047.0789265127678
4 22 1281.9013039006677
4 23 649.83622301610922
4 24 1533.6483355781638
4 25 292.15940600693102
4 26 1735.253991364516
4 27 -19.454414041319978
4 28 1883.6273067563525
4 29 -281.15260616914384
4 30 1978.3956656397095
4 31 -491.63238226697104
4 32 2021.6244495145475
4 33 -651.90609938667876
4 34 2017.4290057752842
4 35 -764.96152909726334
4 36 1971.5176368094944
4 37 -835.35556314018322
4 38 1890.7049079473381
4 39 -868.77952653026114
4 40 1782.4317378767773
4 41 -871.63073182523476
4 42 1654.3231604714492
4 43 -850.61888659652141
4 44 1513.8071952549126
4 45 -812.42835318562356
4 46 1367.8098590048648
4 47 -763.44897164517533
4 48 1222.5328815475223
4 49 -709.58002325482994
4 50 1083.3128496699373
4 51 -656.10479841780034
4 52 954.55471873719944
4 53 -607.62473217437218
4 54 839.71727512448524
4 55 -568.0917823042364
4 56 741.43308436305233
4 57 -539.93966834582352
4 58 661.70520245805164
4 59 -537.80630059350187
4 60 576.54738760675173
4 61 -426.09114845504337
4 62 1105.6658521738427
4 63 0
5 0 0
5 1 7152.7710478903828
5 2 -1477.6765500243982
5 3 3707.2227201122132
5 4 -2029.9172368424934
5 5 3645.2537890511394
5 6 -1829.6140212612499
5 7 3365.0790353135562
5 8 -1583.9109586863742
5 9 3042.0726378963536
5 10 -1284.4780207217354
5 11 2667.0846106469526
5 12 -946.78032368165077
5 13 2255.9221825133591
5 14 -587.0026187210442
5 15 1822.8240656299022
5 16 -220.87578854552703
5 17 1382.893599441104
5 18 136.81522686397329
5 19 950.66664550813584
5 20 472.86820010867814
5 21 539.39861405751799
5 22 776.2095990187845
5 23 160.43537519863094
5 24 1038.2721793632754
5 25 -177.23248354286625
5 26 1253.1992908350276
5 27 -467.22625610300383
5 28 1417.8741928219551
5 29 -705.84904382258173
5 30 1531.7883258603615
5 31 -891.98598382154159
5 32 1596.7736096740737
5 33 -1026.862702588005
5 34 1616.6318288526327
5 35 -1113.6973249506354
5 36 1596.6983861972039
5 37 -1157.2848796504331
5 38 1543.3782121704098
5 39 -1163.5527043210914
5 40 1463.6888077518506
5 41 -1139.1219617678416
5 42 1364.8399405326472
5 43 -1090.9043846140776
5 44 1253.8722547162706
5 45 -1025.7557547561191
5 46 1137.3688955188754
5 47 -950.19931267756874
5 48 1021.2460531306533
5 49 -870.22410735926314
5 50 910.62077806896013
5 51 -791.15609780728846
5 52 809.74884754141385
5 53 -717.59137629783254
5 54 722.01132475697705
5 55 -653.42601959059721
5 56 650.02447939832564
5 57 -601.06840494427161
5 58 595.80589629035785
5 59 -573.95343229700302
5 60 537.95012150317234
5 61 -449.08166668733429
5 62 1033.1167934111818
5 63 0
6 0 0
6 1 6941.2908090043857
6 2 -1492.4590979831009
6 3 3639.246396079443
6 4 -2022.0930978041451
6 5 3571.9976446273449
6 6 -1825.0390205992062
6 7 3295.8482440960779
6 8 -1583.6555162934474
6 9 2976.2367062517114
6 10 -1289.5628375929391
6 11 2605.1972791606204
6 12 -958.00593464332451
6 13 2198.3230940122667
6 14 -604.77284065427739
6 15 1769.8189458769775
6 16 -245.23917297187836
6 17 1334.6967326810955
6 18 106.13153478402637
6 19 907.3889691308068
6 20 436.41282160251649
6 21 501.03991159176076
6 22 734.75156964946109
6 23 126.88521886730086
6 24 992.74070504407064
6 25 -206.18619010406292
6 26 1204.6225090045937
6 27 -491.88240329272048
6 28 1367.3205656971277
6 29 -726.57378283338403
6 30 1480.3136850389365
6 31 -909.19038701713362
6 32 1545.3761228741314
6 33 -1040.9794731003785
6 34 1566.2163347542446
6 35 -1125.1582558259088
6 36 1548.0507220559048
6 37 -1166.5004797976053
6 38 1497.1494089365933
6 39 -1170.8950411900787
6 40 1420.388402266326
6 41 -1144.9113642697739
6 42 1324.8371849158502
6 43 -1095.4002488972492
6 44 1217.4037050272091
6 45 -1029.1513386960105
6 46 1104.5507318044656
6 47 -952.62012049488476
6 48 992.08950200591062
6 49 -871.72927024994351
6 50 885.04915760267977
6 51 -791.74205026788513
6 52 787.61492669627842
6 53 -717.19729163532975
6 54 703.11487813796703
6 55 -651.93622149308794
6 56 634.12132666940124
6 57 -598.39500236193999
6 58 582.59580418962287
6 59 -568.86673550593514
6 60 529.57765327050765
6 61 -453.47777388542454
6 62 968.82241233515742
6 63 0
7 0 0
7 1 6771.1057664041618
7 2 -1454.4136986160083
7 3 3633.8351495430743
7 4 -1958.2044652224795
7 5 3559.8114915160295
7 6 -1764.0945002597164
7 7 3288.3634368374715
7 8 -1526.1480656704407
7 9 2972.841094793921
7 10 -1236.2442269250096
7 11 2606.5765709120114
7 12 -909.48306897757902
7 13 2204.8889502741531
7 14 -561.31017759071256
7 15 1781.9130160773966
7 16 -206.81547452454652
7 17 1352.5203878089087
7 18 139.78201194504436
7 19 930.98695951994159
7 20 465.75082666322487
7 21 530.28913247885612
7 22 760.37654347373973
7 23 161.49404646057519
7 24 1015.3325662770385
7 25 -166.66905202100679
7 26 1224.8852976995295
7 27 -448.0507698360725
7 28 1385.931298699461
7 29 -679.14025117943311
7 30 1497.8790416591892
7 31 -858.95801817628126
7 32 1562.3987393553307
7 33 -988.81098831498093
7 34 1583.0716035850401
7 35 -1071.9447617191236
7 36 1564.974149431464
7 37 -1113.1315092313798
7 38 1514.2338480018225
7 39 -1118.2313620167861
7 40 1437.5898986088487
7 41 -1093.7616074670586
7 42 1341.9877756973619
7 43 -1046.501986002113
7 44 1234.2293100971347
7 45 -983.15683360397088
7 46 1120.6922540338837
7 47 -910.08662543572427
7 48 1007.1253902026456
7 49 -833.11345361494205
7 50 898.51794537025853
7 51 -757.39794128821814
7 52 799.03652963366767
7 53 -687.3772144956547
7 54 712.01071511381997
7 55 -626.78975787662239
7 56 640.02428686080748
7 57 -578.05138063713457
7 58 585.04241214336616
7 59 -552.23038125404855
7 60 530.609697187856
7 61 -452.75260186485866
7 62 907.85258137202618
7 63 0
8 0 0
8 1 6544.3411886121794
8 2 -1456.1446349432572
8 3 3594.817948913942
8 4 -1929.5319538628064
8 5 3513.0353823092264
8 6 -1737.8935330725653
8 7 3246.7347149690795
8 8 -1502.8465972932281
8 9 2935.5155154007662
8 10 -1216.6588974082515
8 11 2574.2120393317691
8 12 -894.2644675187239
8 13 2177.8920839210514
8 14 -550.72873515200627
8 15 1760.6601802413024
8 16 -200.83252913423166
8 17 1337.2727373507587
8 18 141.46733136612966
8 19 921.86893351140498
8 20 463.64956580191574
8 21 527.27330961488406
8 22 755.15222720241582
8 23 164.39744012473057
8 24 1007.7420022980732
8 25 -158.17887258435803
8 26 1215.7211422959335
8 27 -434.44119662012781
8 28 1375.9694566260805
8 29 -660.9926558155621
8 30 1487.8333780302455
8 31 -836.94232328639373
8 32 1552.8848641395143
8 33 -963.65786134242626
8 34 1574.5807126279487
8 35 -1044.417357184102
8 36 1557.8571462640411
8 37 -1083.9984123663271
8 38 1508.6952891863348
8 39 -1088.2420252301017
8 40 1433.6907480355876
8 41 -1063.6251673986408
8 42 1339.6555478607297
8 43 -1016.8699457153707
8 44 1233.2739401074377
8 45 -954.60972901832974
8 46 1120.8259487318628
8 47 -883.12449576051222
8 48 1007.9847715417145
8 49 -808.14971857989804
8 50 899.68697240010442
8 51 -734.75615690767881
8 52 800.06886529417898
8 53 -667.29034823538314
8 54 712.45140661631012
8 55 -609.39715555150542
8 56 639.4215186276142
8 57 -563.47989735172632
8 58 582.94259754916311
8 59 -539.37871467724108
8 60 529.05232172975047
8 61 -453.81180628965012
8 62 846.90143836496645
8 63 0
9 0 0
9 1 6296.2965657447967
9 2 -1470.8450770172021
9 3 3551.9232401782119
9 4 -1911.5497558630068
9 5 3460.4361136530315
9 6 -1722.8134477591084
9 7 3198.9861669103448
9 8 -1490.7178383339215
9 9 2891.6734601750704
9 10 -1208.1766084520495
9 11 2534.9237032571637
9 12 -890.02449035433528
9 13 2143.5218081194307
9 14 -550.96711720352687
9 15 1731.5517694157734
9 16 -205.49488071992528
9 17 1313.66373272499
9 18 132.68118863720701
9 19 903.87183459483822
9 20 451.23676590037576
9 21 514.86225150938481
9 22 739.75325917103874
9 23 157.40606684744307
9 24 990.08632238337668
9 25 -160.0500953941264
9 26 1196.5748628028905
9 27 -431.60980602010568
9 28 1356.0877628322032
9 29 -653.97312178561151
9 30 1467.919748768054
9 31 -826.3212036126788
9 32 1533.5585182299383
9 33 -950.06726815540787
9 34 1556.3530182305385
9 35 -1028.5086261717424
9 36 1541.1170773404592
9 37 -1066.4175457577585
9 38 1493.7034402692007
9 39 -1069.6080816501308
9 40 1420.5809599161512
9 41 -1044.5123460669947
9 42 1328.4428735858
9 43 -997.79369998032053
9 44 1223.8674970603824
9 45 -936.01688383841974
9 46 1113.0451529027141
9 47 -865.38705733119059
9 48 1001.5775173144448
9 49 -791.56187050557492
9 50 894.34848342193618
9 51 -719.53382750393757
9 52 795.46009650357519
9 53 -653.57293103716074
9 54 708.21704506442984
9 55 -597.24641652678656
9 56 635.19869707988619
9 57 -552.96240881261838
9 58 578.35405982586963
9 59 -529.35352515532941
9 60 526.17455368135779
9 61 -456.33537604885532
9 62 786.86200543529594
9 63 0
10 0 0
10 1 6030.9382681055013
10 2 -1488.6017481330782
10 3 3511.2281015756253
10 4 -1892.5518754997483
10 5 3409.4289332870176
10 6 -1706.2561711384205
10 7 3153.2650735698553
10 8 -1476.6644037820242
10 9 2850.0555046832687
10 10 -1197.4108871470435
10 11 2497.9875533290397
10 12 -883.22339125284088
10 13 2111.566231320694
10 14 -548.43170245817419
10 15 1704.8727977851286
10 16 -207.23059641341024
10 17 1292.4576938303289
10 18 126.91510775653114
10 19 888.21298816128547
10 20 441.87695019672901
10 21 504.68781130348361
10 22 727.37908700446496
10 23 152.51403669935826
10 24 975.36725926943291
10 25 -159.99269360804647
10 26 1180.2204945240646
10 27 -427.05034006758069
10 28 1338.8027072494424
10 29 -645.45071136876686
10 30 1450.3651695576991
10 31 -814.44042516523041
10 32 1516.3214117535517
10 33 -935.4704844781736
10 34 1539.9238541931481
10 35 -1011.8489595470237
10 36 1525.8758048503296
10 37 -1048.334129683326
10 38 1479.9133694907596
10 39 -1050.7047747694287
10 40 1408.3896276588348
10 41 -1025.3406195715797
10 42 1317.8887166077402
10 43 -978.83996521659355
10 44 1214.8909980510325
10 45 -917.69414312921072
10 46 1105.5030838519997
10 47 -848.03046554497996
10 48 995.2589696126779
10 49 -775.42759801758621
10 50 888.99152492558642
10 51 -704.80051431900392
10 52 790.76803584143818
10 53 -640.34523014697697
10 54 703.8744261649299
10 55 -585.55555621637723
10 56 630.87835622468447
10 57 -542.84965663669027
10 58 573.70922999666618
10 59 -519.66883370369032
10 60 523.2653029395351
10 61 -458.97642132786132
10 62 728.02626651764513
10 63 0
11 0 0
11 1 5760.9293126063221
11 2 -1506.3454878372795
11 3 3478.8537625388471
11 4 -1871.9627643974945
11 5 3364.9992803418627
11 6 -1688.4907327380461
11 7 3113.742852787027
11 8 -1461.4154924629474
11 9 2814.2183413024213
11 10 -1185.3159454290108
11 11 2466.4368293372263
11 12 -874.88158633277635
11 13 2084.5883257777587
11 14 -544.09881693118223
11 15 1682.7514460089787
11 16 -206.89418808501614
11 17 1275.3786110693
11 18 123.48994437729743
11 19 876.2440050134046
11 20 435.10069486956127
11 21 497.76498757978516
11 22 717.78858880406915
11 23 150.44017212062499
11 24 963.57750548463628
11 25 -157.53950462453759
11 26 1166.8793222099794
11 27 -420.50012498293654
11 28 1324.5503239943446
11 29 -635.31932960927406
11 30 1435.7999031574309
11 31 -801.30394157436058
11 32 1501.972613880298
11 33 -919.93844438320593
11 34 1526.2323687636581
11 35 -994.53851549355932
11 36 1513.1819261171131
11 37 -1029.8465728624251
11 38 1468.4517923626572
11 39 -1031.6055675673397
11 40 1398.2905579950966
11 41 -1006.1435605109637
11 42 1309.1840774848151
11 43 -959.99568631555121
11 44 1207.524541945304
11 45 -899.58277503683348
11 46 1099.3431958752353
11 47 -830.95802972366073
11 48 990.11301125528917
11 49 -759.62550814097085
11 50 884.62070581840635
11 51 -690.42747872458676
11 52 786.90192448220841
11 53 -627.49105958914697
11 54 700.22532214011335
11 55 -574.24180857879037
11 56 627.14712203160161
11 57 -533.1121180631726
11 58 569.57689244541143
11 59 -510.37167792742366
11 60 520.76955569191341
11 61 -461.80786481500036
11 62 670.96312752710219
11 63 0
12 0 0
12 1 5476.3780862799649
12 2 -1527.6310412275507
12 3 3447.157496515274
12 4 -1851.5497341127229
12 5 3320.9949755416801
12 6 -1670.4585662978388
12 7 3075.0726192934508
12 8 -1445.5183774884972
12 9 2779.4317623659026
12 10 -1172.2846116242636
12 11 2436.0567322105453
12 12 -865.38516840732882
12 13 2058.8345505530015
12 14 -538.44540784098172
12 15 1661.8589167819664
12 16 -205.11665924232148
12 17 1259.492920496541
12 18 121.58371915234056
12 19 865.39866804287158
12 20 429.87922947759216
12 21 491.86618288672435
12 22 709.74751875496622
12 23 149.26505948551494
12 24 953.29232235030759
12 25 -154.33380661420415
12 26 1154.96154204493
12 27 -413.35929911383573
12 28 1311.6085634578667
12 29 -624.76895055283421
12 30 1422.4070047816895
12 31 -787.92344343128207
12 32 1488.6395661278584
12 33 -904.33430253824554
12 34 1513.3893375946172
12 35 -977.31862819046
12 36 1501.166299868828
12 37 -1011.5973802214739
12 38 1457.5027729563317
12 39 -1012.8729536575065
12 40 1388.5495349768462
12 41 -987.41809665625624
12 42 1300.699810747119
12 43 -941.70233242039103
12 44 1200.2620606040182
12 45 -882.07479273023637
12 46 1093.1952931912292
12 47 -814.51459351455924
12 48 984.91326710359317
12 49 -744.45233879600892
12 50 880.15709041542323
12 51 -676.65974832493703
12 52 782.93014483961088
12 53 -615.19804708041192
12 54 696.48214076778459
12 55 -563.42828278843626
12 56 623.35542565961077
12 57 -523.80018684630159
12 58 565.43691146657693
12 59 -501.43763855317047
12 60 518.27526724537165
12 61 -464.67745646623371
12 62 615.50894093898023
12 63 0
13 0 0
13 1 5190.7739501643846
13 2 -1549.2853389844186
13 3 3422.3874122631059
13 4 -1830.7607120050307
13 5 3282.3581787056355
13 6 -1652.4472392632106
13 7 3041.24850585481
13 8 -1429.6939263260811
13 9 2748.9718757863102
13 10 -1159.2369281459014
13 11 2409.5141980978951
13 12 -855.70425832770525
13 13 2036.4315916140185
13 14 -532.39454518347884
13 15 1643.8314547428945
13 16 -202.71151111614927
13 17 1245.9894396840809
13 18 120.52991548330283
13 19 856.46033667217125
13 20 425.71145318106574
13 21 487.41283401909641
13 22 702.92408632326442
13 23 149.09404203535814
13 24 944.34214169609731
13 25 -150.53862709351051
13 26 1144.444755971108
13 27 -406.01069810008994
13 28 1300.0818135765257
13 29 -614.35419319764151
13 30 1410.3942277643
13 31 -774.97930415120209
13 32 1476.6088938301891
13 33 -889.42150973707612
13 34 1501.7363141339501
13 35 -960.99762684502821
13 36 1490.2032855559355
13 37 -994.40685618219504
13 38 1447.4541018273612
13 39 -995.3120799991666
13 40 1379.5517478740749
13 41 -969.93299110863518
13 42 1292.8061119964696
13 43 -924.67679501169187
13 44 1193.4500483846477
13 45 -865.82505130650134
13 46 1087.37699096082
13 47 -799.28753881972625
13 48 979.94652811621563
13 49 -730.4265835273327
13 50 875.85755312602487
13 51 -663.94878035680449
13 52 779.08300716558188
13 53 -603.8549767083623
13 54 692.85403583307925
13 55 -553.44725436157205
13 56 619.69846824467822
13 57 -515.1964329115799
13 58 561.47952717537919
13 59 -493.11154825772974
13 60 515.97125078615136
13 61 -467.74335136774425
13 62 562.0637389483818
13 63 0
14 0 0
14 1 4894.9477813948761
14 2 -1573.9546222960143
14 3 3397.7522046257036
14 4 -1810.4418844473003
14 5 3243.9563980915409
14 6 -1634.488653326116
14 7 3008.0642777477351
14 8 -1413.5951556454529
14 9 2719.351856535468
14 10 -1145.6823040930431
14 11 2383.9213685960203
14 12 -845.34394827642245
14 13 2015.0186133832904
14 14 -525.53381466964311
14 15 1626.7820385451159
14 16 -199.40071497899226
14 17 1233.4096483357371
14 18 120.44552567544997
14 19 848.35621933621042
14 20 422.54567803183818
14 21 483.67537074796019
14 22 697.10462075818214
14 23 149.4978342293507
14 24 936.36846992239953
14 25 -146.32614488618856
14 26 1134.849881776745
14 27 -398.41215021851895
14 28 1289.3987190466305
14 29 -603.85999358345543
14 30 1399.1277395689394
14 31 -762.12281413745586
14 32 1465.2133830736602
14 33 -874.75391556495197
14 34 1490.5993695890629
14 35 -945.0644143498721
14 36 1479.6352137807389
14 37 -977.72727571054929
14 38 1437.6828458466662
14 39 -978.36249090050842
14 40 1370.7225987445781
14 41 -953.13449632499214
14 42 1284.9854279465944
14 43 -908.3871597340476
14 44 1186.6321032584892
14 45 -850.33456911673966
14 46 1081.4930468484363
14 47 -784.8182774353063
14 48 974.87526318786877
14 49 -717.13431283342288
14 50 871.43606918971273
14 51 -651.92683581472011
14 52 775.11772090019804
14 53 -593.13955804896068
14 54 689.1317183431056
14 55 -544.0193498429835
14 56 615.98975157721725
14 57 -507.06024263149629
14 58 557.5295906055544
14 59 -485.19148197101458
14 60 513.67277612257567
14 61 -470.80082121055966
14 62 510.54750867365328
14 63 0
15 0 0
15 1 4603.1170920286968
15 2 -1598.0699463227666
15 3 3379.8071963758503
15 4 -1789.6795021783873
15 5 3210.9323026645598
15 6 -1616.4740578005876
15 7 2979.6290971205508
15 8 -1397.5060209872936
15 9 2693.9031718882234
15 10 -1132.0666196240836
15 11 2361.9604583132059
15 12 -834.77143842856094
15 13 1996.7149870126377
15 14 -518.26512737420671
15 15 1612.332969068575
15 16 -195.46922623590035
15 17 1222.9360027959046
15 18 121.18963439320396
15 19 841.88288313953308
15 20 420.39423478286153
15 21 481.1174124313311
15 22 692.45088595835114
15 23 150.65955817590293
15 24 929.66946020851537
15 25 -141.74222173437556
15 26 1126.5922728114219
15 27 -390.78887207892876
15 28 1280.0690544054305
15 29 -593.64431137396423
15 30 1389.1874695502793
15 31 -749.8021835090185
15 32 1455.0790512203093
15 33 -860.8325310035525
15 34 1480.6280368532043
15 35 -930.04105185059416
15 36 1470.114981526649
15 37 -962.07604445908146
15 38 1428.8281261485736
15 39 -962.51730901144583
15 40 1362.6736002379403
15 41 -937.47765183707088
15 42 1277.8111892828292
15 43 -893.24192582012074
15 44 1180.3363226306374
15 45 -835.9615358301653
15 46 1076.0219279802641
15 47 -771.41484960634443
15 48 970.12662324686971
15 49 -704.83670759244887
15 50 867.26903022054103
15 51 -640.81387026249104
15 52 771.36236732826546
15 53 -583.23776177644504
15 54 685.599006163784
15 55 -535.30474053218313
15 56 612.47432341815511
15 57 -499.5341217238547
15 58 553.80041663397606
15 59 -477.8140588655333
15 60 511.56396239662172
15 61 -473.94272310725682
15 62 461.28696038181261
15 63 0
16 0 0
16 1 4305.9262657777708
16 2 -1624.5035344752523
16 3 3361.6292105818957
16 4 -1769.583805247521
16 5 3178.1209397422572
16 6 -1598.7352401111821
16 7 2951.775416528335
16 8 -1381.4097116835455
16 9 2669.2339656563036
16 10 -1118.2500633765358
16 11 2340.8793156761476
16 12 -823.85219671436971
16 13 1979.3212004117322
16 14 -510.53493641575187
16 15 1598.7700162042984
16 16 -190.98585501069465
16 17 1213.2816212385933
16 18 122.55365627424908
16 19 836.12726544401994
16 20 418.90853300401432
16 21 479.14855658746092
16 22 688.48627214492808
16 23 152.26212437937647
16 24 923.66070456364469
16 25 -136.87796504200378
16 26 1119.0048675018716
16 27 -383.05074142499507
16 28 1271.3704036514173
16 29 -583.47729362253631
16 30 1379.8228358211873
16 31 -737.68543957157817
16 32 1445.452455971008
16 33 -847.25648641779117
16 34 1471.0881451719615
16 35 -915.48629284261551
16 36 1460.9458156428445
16 37 -946.99524465227114
16 38 1420.2442721398256
16 39 -947.32092131835088
16 40 1354.8194115571732
16 41 -922.5236508314083
16 42 1270.7633658351369
16 43 -878.82950724633702
16 44 1174.1091641340518
16 45 -822.32839015432546
16 46 1070.5745298253078
16 47 -758.73743302281582
16 48 965.37130303318008
16 49 -693.23283503877065
16 50 863.0803401842968
16 51 -630.34692701648964
16 52 767.58610202887212
16 53 -573.92208531723554
16 54 682.0614651132928
16 55 -527.10767887447219
16 56 608.98479238744585
16 57 -492.44933525756096
16 58 550.14192312228261
16 59 -470.83642875236364
16 60 509.49465864960075
16 61 -477.01701897153725
16 62 414.22629720955229
16 63 0
17 0 0
17 1 4017.5594833328887
17 2 -1649.6632393227628
17 3 3349.6077689108006
17 4 -1749.1701442281737
17 5 3150.4508253647145
17 6 -1581.0401738860946
17 7 2928.3570015422811
17 8 -1365.4247302326894
17 9 2648.3933141207672
17 10 -1104.4823180611729
17 11 2323.0640604026576
17 12 -812.83873066126944
17 13 1964.6592642345695
17 14 -502.5241193891361
17 15 1587.4280074740454
17 16 -186.01935668129954
17 17 1205.360892470253
17 18 124.59840065730532
17 19 831.64480297455157
17 20 418.28036986544248
17 21 478.02354899317834
17 22 685.523998726012
17 23 154.31508738856792
17 24 918.76011449585349
17 25 -131.91662082476796
17 26 1112.5893762709893
17 27 -375.52523716044561
17 28 1263.8655895784723
17 29 -573.78670442176372
17 30 1371.6351347625277
17 31 -726.26200275180963
17 32 1436.9521526873541
17 33 -834.54404091298784
17 34 1462.5966804430846
17 35 -901.9204603646358
17 36 1452.7272869599983
17 37 -932.98649219946128
17 38 1412.5008597488886
17 39 -933.24118004147749
17 40 1347.6903265313922
17 41 -908.69674422719982
17 42 1264.326805392102
17 43 -865.52528956076458
17 44 1168.3866826615485
17 45 -809.76022804861714
17 46 1065.5371990367257
17 47 -747.06248569782474
17 48 960.94704195479608
17 49 -682.55449948537716
17 50 859.16184729057932
17 51 -620.71878976439621
17 52 764.03885971103591
17 53 -565.35296926085721
17 54 678.73208039372912
17 55 -519.56347459736207
17 56 605.70300620383932
17 57 -485.92305687407134
17 58 546.7115663691402
17 59 -464.36752875251841
17 60 507.60062772496894
17 61 -480.09390139895913
17 62 369.61861087547732
17 63 0
18 0 0
18 1 3728.8618048989974
18 2 -1676.4752304993635
18 3 3336.9943559648618
18 4 -1729.6871494465904
18 5 3122.9603133510864
18 6 -1563.9103772173257
18 7 2905.4367774563161
18 8 -1349.7566714420373
18 9 2628.2402422339146
18 10 -1090.8629747689247
18 11 2306.0245136832691
18 12 -801.83921382968038
18 13 1950.7927159509109
18 14 -494.4133921469529
18 15 1576.8472403237865
18 16 -180.85462462522628
18 17 1198.1245172137278
18 18 126.92496059685254
18 19 827.73626414791579
18 20 418.0019091450049
18 21 477.33709512272071
18 22 682.96232455509198
18 23 156.65466157770425
18 24 914.29314763331604
18 25 -126.82906088912205
18 26 1106.622562508619
18 27 -368.03469371875508
18 28 1256.8073507850386
18 29 -564.2860754846879
18 30 1363.876434913891
18 31 -715.17135963858891
18 32 1428.8502211002196
18 33 -822.29023531681378
18 34 1454.4628577255025
18 35 -888.91859074919921
18 36 1444.8188511209992
18 37 -919.62428091392212
18 38 1405.0165690605354
18 39 -919.86685379197297
18 40 1340.7692963482987
18 41 -895.6106043001455
18 42 1258.0502343212174
18 43 -852.97482479518294
18 44 1162.7818715396643
18 45 -797.93837650186106
18 46 1060.5832717942576
18 47 -736.10849370879805
18 48 956.58178202029376
18 49 -672.55675336355125
18 50 855.28911079109093
18 51 -611.71898397560653
18 52 760.53606012465025
18 53 -557.35122458600017
18 54 675.45798356150044
18 55 -512.52029981014857
18 56 602.49951914101985
18 57 -479.82624980704713
18 58 543.39499027946658
18 59 -458.29965624761826
18 60 505.76821753338663
18 61 -483.05775883363822
18 62 327.42867567776557
18 63 0
19 0 0
19 1 3453.5228491051839
19 2 -1701.4114315941242
19 3 3329.8459486957199
19 4 -1710.0874910738639
19 5 3100.2582358382824
19 6 -1546.9832260521343
19 7 2886.5550666409945
19 8 -1334.3489345743365
19 9 2611.5192844315516
19 10 -1077.4397525437962
19 11 2291.8573159017797
19 12 -790.89204553497439
19 13 1939.2759092568213
19 14 -486.16981973168549
19 15 1568.1228855612517
19 16 -175.35714289351745
19 17 1192.2801561240703
19 18 129.77886290173046
19 19 824.78659817866173
19 20 418.42532302212021
19 21 477.2112272803497
19 22 681.24684564168092
19 23 159.19522801368657
19 24 910.78040047705144
19 25 -121.85801244868344
19 26 1101.6791603310594
19 27 -360.93357869049214
19 28 1250.8033350286496
19 29 -555.40188715212935
19 30 1357.167230878531
19 31 -704.87824930296483
19 32 1421.7621386023893
19 33 -810.97041426119176
19 34 1447.2821178060258
19 35 -876.94497796064752
19 36 1437.7840438442036
19 37 -907.34587057568206
19 38 1398.3143488871974
19 39 -907.59734937364556
19 40 1334.5330173592629
19 41 -883.6204872864073
19 42 1252.3611344704477
19 43 -841.4867192186648
19 44 1157.6723419921109
19 45 -787.12534273108758
19 46 1056.0417070223593
19 47 -726.0947405029583
19 48 952.55850053490576
19 49 -663.42019008516218
19 50 851.70286903348824
19 51 -603.4950242224113
19 52 757.28070371496869
19 53 -550.03748949502551
19 54 672.40946964375325
19 55 -506.07832498599237
19 56 599.5173802489262
19 57 -474.24467055634523
19 58 540.31398152574184
19 59 -452.71246389120279
19 60 504.10038439849814
19 61 -485.95772882435995
19 62 287.85217458562329
19 63 0
20 0 0
20 1 3182.8994938734922
20 2 -1727.3368666906208
20 3 3321.8157175667784
20 4 -1691.6871861042182
20 5 3077.7390400317017
20 6 -1530.9136023290648
20 7 2868.1118313329534
20 8 -1319.5757895971383
20 9 2595.4100313924755
20 10 -1064.4957116369369
20 11 2278.3740801116892
20 12 -780.28853014870947
20 13 1928.4510465752192
20 14 -478.14543053164016
20 15 1560.0462490056088
20 16 -169.96284069819012
20 17 1186.9980507071887
20 18 132.63621233363665
20 19 822.28203647218834
20 20 418.94716421211342
20 21 477.39082501720986
20 22 679.71073121952941
20 23 161.888084835482
20 24 907.51202224055305
20 25 -116.89286232012819
20 26 1097.028132073774
20 27 -353.99375866518312
20 28 1245.1225641711972
20 29 -546.82480224528263
20 30 1350.795782343539
20 31 -695.02290944001288
20 32 1415.0115340498814
20 33 -800.19972351692559
20 34 1440.4260033870742
20 35 -865.6098142864721
20 36 1431.0511063968079
20 37 -895.77183716755826
20 38 1391.8842824523381
20 39 -896.07466576353545
20 40 1328.5352522302674
20 41 -872.39713290045984
20 42 1246.8759554622011
20 43 -830.76465732574434
20 44 1152.7339588042196
20 45 -777.05944802346494
20 46 1051.6427997458777
20 47 -716.79392721080148
20 48 948.65575989615536
20 49 -654.9501861400131
20 50 848.22308169805183
20 51 -595.88223455193656
20 52 754.12695260865803
20 53 -543.27362623780573
20 54 669.4676616120887
20 55 -500.12214259140819
20 56 596.65754865818599
20 57 -469.08148401598737
20 58 537.38237656943966
20 59 -447.52618573511427
20 60 502.51213460796862
20 61 -488.7069881874595
20 62 250.86884863867454
20 63 0
21 0 0
21 1 2929.7112450592522
21 2 -1750.917711672173
21 3 3318.4408400984466
21 4 -1673.4327447579744
21 5 3059.5649593692542
21 6 -1515.2526520523679
21 7 2853.253232433417
21 8 -1305.2491872770133
21 9 2582.3058684693478
21 10 -1051.9244095576141
21 11 2267.3616921565554
21 12 -769.90646765580095
21 13 1919.6045930470973
21 14 -470.15234350169521
21 15 1553.4873111676006
21 16 -164.39677943935749
21 17 1182.8036028418865
21 18 135.86229830480079
21 19 820.46741163139814
21 20 420.01495557997259
21 21 477.89799011752621
21 22 678.86882535503901
21 23 164.58478760341677
21 24 905.05179490492083
21 25 -112.20609542306192
21 26 1093.2627633792436
21 27 -347.57113446630683
21 28 1240.369075947001
21 29 -538.95956849601134
21 30 1345.359993092643
21 31 -686.03045649524574
21 32 1409.1758916151775
21 33 -790.4011105324571
21 34 1434.4402606980111
21 35 -855.31694201108621
21 36 1425.1257734599676
21 37 -885.27507833759955
21 38 1386.1867223226909
21 39 -885.63338621270304
21 40 1323.1882075729118
21 41 -862.23320840872475
21 42 1241.9582131428797
21 43 -821.05883087706388
21 44 1148.2827903705584
21 45 -767.95018496795819
21 46 1047.6577742679183
21 47 -708.37830940035929
21 48 945.10351113967772
21 49 -647.2863392104955
21 50 845.04262982818545
21 51 -588.99277750015244
21 52 751.23519358157864
21 53 -537.14985280066685
21 54 666.7652245937461
21 55 -494.72550513200986
21 56 594.02986807981506
21 57 -464.39903696864349
21 58 534.69233082523715
21 59 -442.7985678148616
21 60 501.08000211821491
21 61 -491.33924128454964
21 62 216.62817219976205
21 63 0
22 0 0
22 1 2686.1147299143795
22 2 -1774.8402539041308
22 3 3313.9817410983596
22 4 -1656.6298631403242
22 5 3041.6190313530933
22 6 -1500.7237292593345
22 7 2838.8035793000199
22 8 -1291.8495598796653
22 9 2569.7589983394664
22 10 -1040.1284217721241
22 11 2256.9579317575972
22 12 -760.15420850694682
22 13 1911.3602037521105
22 14 -462.6464390696583
22 15 1547.4749222448736
22 16 -159.17857407430347
22 17 1179.0616034659251
22 18 138.87370022303003
22 19 818.98204309709399
22 20 420.9914492776079
22 21 478.59156736649311
22 22 678.0458175626336
22 23 167.31461546442006
22 24 902.70476903242525
22 25 -107.64128526261629
22 26 1089.6872414036807
22 27 -341.41961997420367
22 28 1235.8636642602505
22 29 -531.5021753176552
22 30 1340.2123158243739
22 31 -677.56509674836707
22 32 1403.6513013934382
22 33 -781.2278391838845
22 34 1428.7732489833616
22 35 -845.72464144230253
22 36 1419.5139873095286
22 37 -875.53048999780003
22 38 1380.7874437020473
22 39 -875.97285054243912
22 40 1318.1170855432356
22 41 -852.85717420902074
22 42 1237.2899660135772
22 43 -812.12895981934707
22 44 1144.0535375982108
22 45 -759.58871128705141
22 46 1043.8686196607705
22 47 -700.66921726947839
22 48 941.7249870921296
22 49 -640.27788279190645
22 50 842.01963276200331
22 51 -582.70087400842385
22 52 748.492051559424
22 53 -531.56208798554871
22 54 664.21107950418445
22 55 -489.80257935227201
22 56 591.5596135537271
22 57 -460.1261458560657
22 58 532.17981486568533
22 59 -438.4717016932882
22 60 499.74131524095355
22 61 -493.79027063878311
22 62 185.12017070406728
22 63 0
23 0 0
23 1 2463.4291849338297
23 2 -1796.0888135462483
23 3 3313.2963034859131
23 4 -1640.2761789379383
23 5 3027.5143378503344
23 6 -1486.8396548081364
23 7 2827.4554234542393
23 8 -1279.1054751062347
23 9 2559.7833494771294
23 10 -1028.8989345610844
23 11 2248.6349367682124
23 12 -750.80515137528892
23 13 1904.748467529771
23 14 -455.34460460885384
23 15 1542.6776317781332
23 16 -153.95443570014322
23 17 1176.1462362755992
23 18 142.09398607363255
23 19 817.96522085824108
23 20 422.36005018594369
23 21 479.42878641151765
23 22 677.77005963307602
23 23 169.89948094305873
23 24 901.02727922385384
23 25 -103.47106399422046
23 26 1086.8688645359725
23 27 -335.87158989121235
23 28 1232.1688920451379
23 29 -524.81586125168178
23 30 1335.897067622227
23 31 -669.99780284504595
23 32 1398.9529827881597
23 33 -773.04090668803838
23 34 1423.9030525004637
23 35 -837.17117380501804
23 36 1414.6513928949389
23 37 -866.84519943673877
23 38 1376.0768347538033
23 39 -867.36435937382339
23 40 1313.6663321120068
23 41 -844.50283122805558
23 42 1233.1707595762964
23 43 -804.17201929776638
23 44 1140.3031996906066
23 45 -752.1375725332291
23 46 1040.4930657159639
23 47 -693.7983318721308
23 48 938.70250808549827
23 49 -634.02990398344627
23 50 839.30516838108815
23 51 -577.08962220885951
23 52 746.02163318786552
23 53 -526.57610069672955
23 54 661.90661166274367
23 55 -485.40632529920913
23 56 589.32963870574895
23 57 -456.30705424173357
23 58 529.91338690162593
23 59 -434.5865412801686
23 60 498.55199496278146
23 61 -496.08245392391837
23 62 156.45725860622406
23 63 0
24 0 0
24 1 2254.8672172717943
24 2 -1817.0558879546661
24 3 3311.4320436993694
24 4 -1625.5867394534107
24 5 3013.7340557246262
24 6 -1474.3228447628098
24 7 2816.5270602755754
24 8 -1267.5363790265237
24 9 2550.3412507077883
24 10 -1018.6903252304091
24 11 2240.8696490970215
24 12 -742.31628301504315
24 13 1898.6690462611477
24 14 -448.73848842144071
24 15 1538.3431739223852
24 16 -149.26142516742402
24 17 1173.5894748653664
24 18 144.94298076215273
24 19 817.17710702378099
24 20 423.50752818265391
24 21 480.34848700808652
24 22 677.4094380148199
24 23 172.41343784917262
24 24 899.38400268465557
24 25 -99.523782557753293
24 26 1084.1844149922508
24 27 -330.68971935108493
24 28 1228.6873276138977
24 29 -518.62404420717212
24 30 1331.8538575845196
24 31 -663.03395185514091
24 32 1394.5660129934367
24 33 -765.54407032745075
24 34 1419.3657285886729
24 35 -829.37080059082291
24 36 1410.1277738291174
24 37 -858.95236417172782
24 38 1371.6986989493307
24 39 -859.56522208334718
24 40 1309.53202682349
24 41 -836.95435617983094
24 42 1229.3456257225444
24 43 -796.99979481802075
24 44 1136.821313798464
24 45 -745.43544241123527
24 46 1037.3600043180886
24 47 -687.62947619234183
24 48 935.89882740161556
24 49 -628.42898144026549
24 50 836.7903030944035
24 51 -572.06559251881117
24 52 743.73792342612433
24 53 -522.11552582548393
24 54 659.78361255929485
24 55 -481.47450403348557
24 56 587.28476135456731
24 57 -452.89068723377568
24 58 527.84643631866857
24 59 -431.10202411753562
24 60 497.46675348387726
24 61 -498.16923374237376
24 62 130.63603164482629
24 63 0
25 0 0
25 1 2069.9726305508648
25 2 -1835.1592942281059
25 3 3312.4347858858982
25 4 -1611.6677668605917
25 5 3003.2603962752091
25 6 -1462.6982827053325
25 7 2808.2139378739157
25 8 -1256.8386108227969
25 9 2543.0506995974156
25 10 -1009.2456885047341
25 11 2234.822611853815
25 12 -734.41404289269485
25 13 1893.913517699275
25 14 -442.50914651229323
25 15 1534.9644007869756
25 16 -144.72653394932422
25 17 1171.6448815150216
25 18 147.84450768274837
25 19 816.68366121903091
25 20 424.8984473974815
25 21 481.27431953162159
25 22 677.45578573976672
25 23 174.6772692513332
25 24 898.27951859433597
25 25 -96.047722604453156
25 26 1082.1372388704731
25 27 -326.16305696819836
25 28 1225.908679305121
25 29 -513.23356336752113
25 30 1328.5485253391016
25 31 -656.98022870037676
25 32 1390.924571467167
25 33 -759.03054062109732
25 34 1415.5584585751058
25 35 -822.59405415925357
25 36 1406.300261544402
25 37 -852.09417077294347
25 38 1367.9690660524102
25 39 -852.78653438081164
25 40 1305.989692662024
25 41 -830.39131986879511
25 42 1226.0514469858208
25 43 -790.76163137870026
25 44 1133.8088955085368
25 45 -739.60395419589986
25 46 1034.6379375960169
25 47 -682.25985647814014
25 48 933.45359239265235
25 49 -623.55158942182243
25 50 834.58957979019033
25 51 -567.68835560205844
25 52 741.73405461124275
25 53 -518.22679266706473
25 54 657.91735743232493
25 55 -478.04397137269916
25 56 585.48579736452666
25 57 -449.90750224087606
25 58 526.02866098823142
25 59 -428.04638505913317
25 60 496.52542717240067
25 61 -500.06489392444564
25 62 107.73895589863969
25 63 0
26 0 0
26 1 1903.2301208824265
26 2 -1852.3927589001232
26 3 3312.2883763155642
26 4 -1599.5675851058877
26 5 2993.2656063863305
26 6 -1452.6203429113593
26 7 2800.3805598302733
26 8 -1247.5056435960141
26 9 2536.3086760023634
26 10 -1001.006370131563
26 11 2229.3138361533238
26 12 -727.53960697582443
26 13 1889.6464801855473
26 14 -437.12103204143204
26 15 1531.986657971629
26 16 -140.84419271966908
26 17 1169.9841641188868
26 18 150.27744286726374
26 19 816.33558613702917
26 20 425.9939592657247
26 21 482.19460489917765
26 22 677.36425772864095
26 23 176.78107185474801
26 24 897.17542496146052
26 25 -92.881569412384124
26 26 1080.2071117950618
26 27 -322.08456392481821
26 28 1223.3410050271232
26 29 -508.41235788539052
26 30 1325.5253539227851
26 31 -651.59581383795739
26 32 1387.6147292990026
26 33 -753.26299472635583
26 34 1412.1123067866392
26 35 -816.6158495214404
26 36 1402.845958295984
26 37 -846.06352828586751
26 38 1364.6102709003571
26 39 -846.8425070077501
26 40 1302.8046129306858
26 41 -824.65061226457692
26 42 1223.0930800001261
26 43 -785.31702317832242
26 44 1131.106278273819
26 45 -734.52409862966306
26 46 1032.1981861352469
26 47 -677.59017341586514
26 48 931.2644994679431
26 49 -619.31595492978886
26 50 832.62254587452844
26 51 -563.89129631497781
26 52 739.94712897729187
26 53 -514.85603906940014
26 54 656.25851591448736
26 55 -475.07127936796678
26 56 583.89332350543555
26 57 -447.32216662168867
26 58 524.42719454575126
26 59 -425.39151828577815
26 60 495.69630531323128
26 61 -501.736754574722
26 62 87.766322872084856
26 63 0
27 0 0
27 1 1762.098507816745
27 2 -1866.7082185459094
27 3 3314.121960124794
27 4 -1588.553803060222
27 5 2986.039482942715
27 6 -1443.6740366591039
27 7 2794.6956787559429
27 8 -1239.2503116188891
27 9 2531.3297934474122
27 10 -993.71852112426495
27 11 2225.200450277498
27 12 -721.42566482398252
27 13 1886.439150428032
27 14 -432.2733509070531
27 15 1529.7520582066682
27 16 -137.27531297718087
27 17 1168.7681653825166
27 18 152.6151655070862
27 19 816.15370710323987
27 20 427.19291365074241
27 21 483.02591434321585
27 22 677.54818596768018
27 23 178.56791780559433
27 24 896.488156115538
27 25 -90.229760974125384
27 26 1078.8029694481338
27 27 -318.68477357193115
27 28 1221.3766406716786
27 29 -504.39998155979993
27 30 1323.1528607434484
27 31 -647.11623202811097
27 32 1384.97597456535
27 33 -748.46350931920824
27 34 1409.3344686102682
27 35 -811.6385634366452
27 36 1400.0382611470741
27 37 -841.03952749501332
27 38 1361.8618960776985
27 39 -841.88751259262062
27 40 1300.1837230262936
27 41 -819.86211531557274
27 42 1220.6468531189785
27 43 -780.77279404169531
27 44 1128.8618071489509
27 45 -730.2818818857304
27 46 1030.1640668330947
27 47 -673.68833213095058
27 48 929.43291883784696
27 49 -615.77481299082137
27 50 830.97167974983677
27 51 -560.71493049785204
27 52 738.44366049797827
27 53 -512.03439829805575
27 54 654.86038627113885
27 55 -472.58082158805337
27 56 582.54999125892937
27 57 -445.15465236827367
27 58 523.07651415048895
27 59 -423.15601525615421
27 60 495.0065776597512
27 61 -503.19343320097687
27 62 70.776001348349382
27 63 0
28 0 0
28 1 1642.5054889793955
28 2 -1879.611798830183
28 3 3314.9721226436668
28 4 -1579.4418404482258
28 5 2979.5101063029961
28 6 -1436.3865048096613
28 7 2789.6067981203032
28 8 -1232.4827889358403
28 9 2526.9601671652708
28 10 -987.75372759973834
28 11 2221.6437758515895
28 12 -716.44186510866348
28 13 1883.7078779029071
28 14 -428.34967458702522
28 15 1527.8829728003984
28 16 -134.42122034348358
28 17 1167.7836722356005
28 18 154.44177364543066
28 19 816.05322520772461
28 20 428.07184710227375
28 21 483.78068862575674
28 22 677.58526645320671
28 23 180.12076202467142
28 24 895.80552784127576
28 25 -87.961344547693443
28 26 1077.5309603332062
28 27 -315.80326958646765
28 28 1219.6469150239864
28 29 -501.02137461180973
28 30 1321.0927088152857
28 31 -643.36321112250516
28 32 1382.7036648876856
28 33 -744.45901830131334
28 34 1406.9556313074827
28 35 -807.50015625881133
28 36 1397.6432834056141
28 37 -836.87480649814461
28 38 1359.5242969927313
28 39 -837.79077398276058
28 40 1297.9594475609701
28 41 -815.9121982544093
28 42 1218.5743913505576
28 43 -777.03203700139056
28 44 1126.9630135757325
28 45 -726.79602443486147
28 46 1028.4455318242181
28 47 -670.48716585986767
28 48 927.88773388292611
28 49 -612.87337564408517
28 50 829.58144116673793
28 51 -558.11504166740633
28 52 737.18055510880731
28 53 -509.72644186231264
28 54 653.68946010266882
28 55 -470.54426190697995
28 56 581.42928969573404
28 57 -443.38207907230753
28 58 521.95477031773407
28 59 -421.32183517651356
28 60 494.43530772350641
28 61 -504.41335109780994
28 62 56.769858815641783
28 63 0
29 0 0
29 1 1549.5884580559505
29 2 -1889.6700673451505
29 3 3316.9748414650257
29 4 -1571.704536991092
29 5 2975.23186659987
29 6 -1430.4433746417544
29 7 2786.2376318068982
29 8 -1226.973825987443
29 9 2524.0094640878397
29 10 -982.90434833643303
29 11 2219.2075136331368
29 12 -712.37150127672066
29 13 1881.8209342498449
29 14 -425.1117439821428
29 15 1526.5923411789117
29 16 -132.01981579413768
29 17 1167.1219229015151
29 18 156.03971503423963
29 19 816.03249751651674
29 20 428.92703432926282
29 21 484.38918528290742
29 22 677.77784722693468
29 23 181.32287107164302
29 24 895.42816433549888
29 25 -86.222399943380879
29 26 1076.6829050794513
29 27 -313.60111798903745
29 28 1218.4289320885
29 29 -498.44130401197617
29 30 1319.6027558706191
29 31 -640.49674747366225
29 32 1381.0333086098581
29 33 -741.3987772793007
29 34 1405.1871989067877
29 35 -804.33532301640298
29 36 1395.847757669344
29 37 -833.68746173846375
29 38 1357.7599489053682
29 39 -834.65316462252304
29 40 1296.2711751924871
29 41 -812.88495435956065
29 42 1216.9937033036149
29 43 -774.1632615193339
29 44 1125.5085676111776
29 45 -724.12113297559699
29 46 1027.1241188661406
29 47 -668.02932473137844
29 48 926.69558589477674
29 49 -610.64437804816407
29 50 828.50574278836575
29 51 -556.11646384932101
29 52 736.20103537450632
29 53 -507.95100806908522
29 54 652.78015143803714
29 55 -468.97619480432695
29 56 580.55855445218185
29 57 -442.01631607165837
29 58 521.08385822293712
29 59 -419.90012358610329
29 60 493.99950606812126
29 61 -505.40118388653354
29 62 45.784983694829862
29 63 0
30 0 0
30 1 1480.8405746407516
30 2 -1897.8341989452474
30 3 3318.3018967747557
30 4 -1565.8731785549662
30 5 2971.9342542250615
30 6 -1426.1982987250121
30 7 2783.6421684355628
30 8 -1223.0055074041957
30 9 2521.7801658698136
30 10 -979.42814730913597
30 11 2217.3899136760156
30 12 -709.46979368500251
30 13 1880.4341002805813
30 14 -422.82132990294485
30 15 1525.6623439654504
30 16 -130.34127169930798
30 17 1166.6651488781099
30 18 157.1327055785332
30 19 816.05112786746759
30 20 429.48056046725469
30 21 484.86887709486837
30 22 677.85175766630346
30 23 182.23300138515697
30 24 895.09102825786613
30 25 -84.926732506573899
30 26 1076.0077238160193
30 27 -311.97596404126671
30 28 1217.4894789040991
30 29 -496.5501638821479
30 30 1318.4704791342483
30 31 -638.40675499022836
30 32 1379.7747768762747
30 33 -739.17711264357422
30 34 1403.8620859992079
30 35 -802.04609490692746
30 36 1394.5073709351163
30 37 -831.38920310830144
30 38 1356.4462918679965
30 39 -832.39700260264726
30 40 1295.0165182360251
30 41 -810.7134480383138
30 42 1215.8206142203198
30 43 -772.10985062947657
30 44 1124.4303355624652
30 45 -722.21010665316498
30 46 1026.145490595809
30 47 -666.2762009909784
30 48 925.81372591666877
30 49 -609.05658050387501
30 50 827.71133180585821
30 51 -554.69418286975269
30 52 735.4794165507883
30 53 -506.68820231294376
30 54 652.1126015286427
30 55 -467.86081045411265
30 56 579.9221930146814
30 57 -441.04465076770794
30 58 520.45105788920409
30 59 -418.88091598138999
30 60 493.68708699830677
30 61 -506.14456072253233
30 62 37.823367779310502
30 63 0
31 0 0
31 1 1438.9194158923146
31 2 -1903.3414082514355
31 3 3320.0470312806374
31 4 -1561.6571245686828
31 5 2970.4099528771621
31 6 -1423.4669405652767
31 7 2782.389435890309
31 8 -1220.4365881245849
31 9 2520.6785112686703
31 10 -977.1948811362563
31 11 2216.4702797681457
31 12 -707.60243656877719
31 13 1879.7263829696931
31 14 -421.33422177812463
31 15 1525.1928243174007
31 16 -129.23074187938255
31 17 1166.4516968039607
31 18 157.88412367783167
31 19 816.10102740796719
31 20 429.90080471554393
31 21 485.17810454313803
31 22 677.97632988231271
31 23 182.78679500554063
31 24 894.96043266308334
31 25 -84.152391434599849
31 26 1075.6651853512267
31 27 -311.01229322985091
31 28 1216.97891132726
31 29 -495.43324491878593
31 30 1317.8347004895841
31 31 -637.17516860606338
31 32 1379.0539876481489
31 33 -737.8697351214214
31 34 1403.0926326768167
31 35 -800.70018885862737
31 36 1393.7208124161771
31 37 -830.0388829638905
31 38 1355.6687770346798
31 39 -831.07210822390698
31 40 1294.2684669610571
31 41 -809.43882132942235
31 42 1215.1166792023105
31 43 -770.90498130019114
31 44 1123.779607405595
31 45 -721.08909307644353
31 46 1025.5518998178559
31 47 -665.24796119438179
31 48 925.27658865719786
31 49 -608.12524518496502
31 50 827.22598747295706
31 51 -553.85960266676193
31 52 735.0379009722019
31 53 -505.94654840097064
31 54 651.70441864665918
31 55 -467.204642939123
31 56 579.53411304652036
31 57 -440.4723913125963
31 58 520.06741070727003
31 59 -418.26932440471865
31 60 493.50648300787725
31 61 -506.64531938764412
31 62 32.903781993809389
31 63 0
32 0 0
32 1 1422.9558725048719
32 2 -1906.5461009006412
32 3 3321.5654221010027
32 4 -1559.271152831343
32 5 2970.2154478741249
32 6 -1422.4000209253518
32 7 2782.1520542261169
32 8 -1219.3925358928936
32 9 2520.4657040546863
32 10 -976.32053535789964
32 11 2216.2792677249854
32 12 -706.88316887981273
32 13 1879.583894242387
32 14 -420.76477769796838
32 15 1525.1139835413596
32 16 -128.80362778560084
32 17 1166.4462871181058
32 18 158.17845902574845
32 19 816.17326266041346
32 20 430.07376613104498
32 21 485.32731640307247
32 22 678.04093048380309
32 23 183.00822239325498
32 24 894.93091460326468
32 25 -83.866720910918957
32 26 1075.5565560998548
32 27 -310.67265308593051
32 28 1216.8064315346783
32 29 -495.05132354852321
32 30 1317.6133651541022
32 31 -636.76325047481441
32 32 1378.7980377401254
32 33 -737.43998308373193
32 34 1402.8151292905022
32 35 -800.26404987165733
32 36 1393.4332961298423
32 37 -829.60662895175119
32 38 1355.3810259395505
32 39 -830.65251347989033
32 40 1293.98835694019
32 41 -809.03896972586153
32 42 1214.850141889201
32 43 -770.53018897004222
32 44 1123.5306750450036
32 45 -720.74292803563367
32 46 1025.3228203964682
32 47 -664.93233860001055
32 48 925.06799396687711
32 49 -607.84057661749102
32 50 827.03709563247685
32 51 -553.60497731271607
32 52 734.86673022671312
32 53 -505.71994898973571
32 54 651.5480657981243
32 55 -467.00287442718036
32 56 579.38843726788036
32 57 -440.29564745642347
32 58 519.92820035593468
32 59 -418.06229567100672
32 60 493.45332218990734
32 61 -506.89919121396088
32 62 31.027489808366226
32 63 0
33 0 0
33 1 1433.0501743984314
33 2 -1907.3845909133524
33 3 3322.8860211238498
33 4 -1558.6773109021124
33 5 2971.3704859261725
33 6 -1422.9587112993158
33 7 2782.9413830545491
33 8 -1219.8360056913771
33 9 2521.1470158410521
33 10 -976.76871015437428
33 11 2216.8178169977182
33 12 -707.27676178421461
33 13 1880.004519830436
33 14 -421.07924704168909
33 15 1525.4216823564093
33 16 -129.02796901244074
33 17 1166.643579108495
33 18 158.04561589902733
33 19 816.26194335058244
33 20 430.02709580832743
33 21 485.31057425407198
33 22 678.07083605657681
33 23 182.89166620206743
33 24 895.02532919141231
33 25 -84.074763321950741
33 26 1075.7022891652923
33 27 -310.96135536472502
33 28 1216.9901665629368
33 29 -495.40790607807139
33 30 1317.8223941622491
33 31 -637.17369100686483
33 32 1379.0207941497101
33 33 -737.88976897048997
33 34 1403.0415615025049
33 35 -800.73888459537557
33 36 1393.6551093024718
33 37 -830.09303559720138
33 38 1355.5918114661836
33 39 -831.13830601178051
33 40 1294.1836249865446
33 41 -809.51358226002412
33 42 1215.0272707117438
33 43 -770.98486924569443
33 44 1123.6887914151339
33 45 -721.17081172109465
33 46 1025.4626266601008
33 47 -665.32842628248545
33 48 925.19155708714607
33 49 -608.20163830612728
33 50 827.14761484794508
33 51 -553.92940679439562
33 52 734.96829338637326
33 53 -506.00759660710537
33 54 651.64543515265905
33 55 -467.25483679210811
33 56 579.48662251874339
33 57 -440.51392414985457
33 58 520.03449799258306
33 59 -418.25960270216456
33 60 493.52826855511012
33 61 -506.9057194987181
33 62 32.196179051879881
33 63 0
34 0 0
34 1 1469.9923597447651
34 2 -1905.6007226936345
34 3 3324.561476421195
34 4 -1559.762791242747
34 5 2974.2651411595489
34 6 -1425.0805924859833
34 7 2785.0509104951016
34 8 -1221.7259015471882
34 9 2522.9414878538137
34 10 -978.50388164033575
34 11 2218.2459789974018
34 12 -708.74611133149301
34 13 1881.1003529663139
34 14 -422.23578770972381
34 15 1526.189092498953
34 16 -129.85637970359676
34 17 1167.0855386114454
34 18 157.53794613146965
34 19 816.38454714720865
34 20 429.81676402860103
34 21 485.12671758089709
34 22 678.1239327892763
34 23 182.42236678815971
34 24 895.30170664602338
34 25 -84.800614661162399
34 26 1076.1589119852033
34 27 -311.90831077765324
34 28 1217.5837412428336
34 29 -496.53589265972187
34 30 1318.5114231077932
34 31 -638.44019248335826
34 32 1379.7671520251242
34 33 -739.25197884818772
34 34 1403.8116568485748
34 35 -802.15563551746527
34 36 1394.4206751943966
34 37 -831.52638526371447
34 38 1356.3303591467957
34 39 -832.55472154633026
34 40 1294.8785946036878
34 41 -810.88471597468015
34 42 1215.6679175859608
34 43 -772.28795478276879
34 44 1124.2698521982675
34 45 -722.38873398191572
34 46 1025.983814713527
34 47 -666.44953208196966
34 48 925.65693846609065
34 49 -609.21935823898821
34 50 827.56491528925835
34 51 -554.8417556383356
34 52 735.34818052394257
34 53 -506.81660405871298
34 54 652.00080324530063
34 55 -467.9661867271534
34 56 579.83205502978308
34 57 -441.13170000628088
34 58 520.38917726804357
34 59 -418.86470926328911
34 60 493.73425526937353
34 61 -506.66835895754048
34 62 36.410086340765702
34 63 0
35 0 0
35 1 1531.3296789770448
35 2 -1901.8292770738299
35 3 3325.5591801378159
35 4 -1562.742081353008
35 5 2978.1490248183218
35 6 -1428.8724486277715
35 7 2787.9368088633782
35 8 -1225.1290255221647
35 9 2525.4556102424885
35 10 -981.58378838775207
35 11 2220.2882292049253
35 12 -711.35534110453591
35 13 1882.6897821327293
35 14 -424.31132224010071
35 15 1527.3094518420294
35 16 -131.37991098801649
35 17 1167.7242494670281
35 18 156.55185219429768
35 19 816.53826778165239
35 20 429.32976404017609
35 21 484.80621311455252
35 22 678.08160235927062
35 23 181.6539568949338
35 24 895.63968203947297
35 25 -85.975947490624094
35 26 1076.8078614205479
35 27 -313.43741325144947
35 28 1218.4733974549999
35 29 -498.35685415473563
35 30 1319.5738436138527
35 31 -640.48611928910759
35 32 1380.9393110932433
35 33 -741.45469435507039
35 34 1405.0374291969092
35 35 -804.44899866733977
35 36 1395.6522494709134
35 37 -833.84903327896609
35 38 1357.5291134316103
35 39 -834.85214231586724
35 40 1296.0154725192297
35 41 -813.11063574958098
35 42 1216.7233572085934
35 43 -774.40508587187651
35 44 1125.2333343918508
35 45 -724.36896863337097
35 46 1026.853108976411
35 47 -668.27369106476908
35 48 926.43713082907198
35 49 -610.87661117653624
35 50 828.26730229044188
35 51 -556.32882604186307
35 52 735.98910711325516
35 53 -508.13683676551591
35 54 652.60046097819213
35 55 -469.12905903582214
35 56 580.41383375666555
35 57 -442.1426847670773
35 58 520.98341303690177
35 59 -419.87206268458976
35 60 494.06423509026354
35 61 -506.18437343246114
35 62 43.653887803429825
35 63 0
36 0 0
36 1 1619.4819910708702
36 2 -1895.2185301031932
36 3 3327.6094811469648
36 4 -1567.1857857967098
36 5 2984.2339406172869
36 6 -1434.0685266574837
36 7 2792.5064083262896
36 8 -1229.8470942539552
36 9 2529.3628217696096
36 10 -985.83056204688546
36 11 2223.433179847234
36 12 -714.92540447479769
36 13 1885.1118783686616
36 14 -427.11630046596838
36 15 1529.0010898979745
36 16 -133.39630778546052
36 17 1168.6817781196623
36 18 155.30035317397051
36 19 816.7701024717644
36 20 428.7856786845623
36 21 484.33933839078236
36 22 678.16479458997492
36 23 180.53571139944324
36 24 896.25624482323474
36 25 -87.679268381180009
36 26 1077.8572895333127
36 27 -315.64409127895487
36 28 1219.8543832710129
36 29 -500.97448224732943
36 30 1321.1889317403802
36 31 -643.41677081074522
36 32 1382.6985596551822
36 33 -744.59994270910101
36 34 1406.8611704828982
36 35 -807.71437488920128
36 36 1397.4730129689306
36 37 -837.14766783486994
36 38 1359.2927688705458
36 39 -838.10747240704586
36 40 1297.6816593891272
36 41 -816.2581672536362
36 42 1218.265285376674
36 43 -777.3932798727401
36 44 1126.637057257085
36 45 -727.15937667453545
36 46 1028.116385600697
36 47 -670.84049293271164
36 48 927.5679985989882
36 49 -613.20571833221038
36 50 829.28248018561135
36 51 -558.41670725840231
36 52 736.91233903900866
36 53 -509.98916697153618
36 54 653.46080294830244
36 55 -470.76006679844795
36 56 581.24489574993277
36 57 -443.56014312825209
36 58 521.82795079716016
36 59 -421.29199833880193
36 60 494.5287457530867
36 61 -505.4652660192005
36 62 53.927031945022463
36 63 0
37 0 0
37 1 1729.5293278323243
37 2 -1887.0721494124609
37 3 3328.6469139966357
37 4 -1573.5442573202363
37 5 2991.0159463327091
37 6 -1440.9060288699038
37 7 2797.668434766365
37 8 -1236.0357171303349
37 9 2533.8725789083583
37 10 -991.38028609218054
37 11 2227.1264826144943
37 12 -719.60371877821672
37 13 1888.0005385994991
37 14 -430.82240395051485
37 15 1531.0481526285002
37 16 -136.10432712312104
37 17 1169.860597758543
37 18 153.56062033333728
37 19 817.07341612400342
37 20 427.94373719061696
37 21 483.78666671169412
37 22 678.12227863441876
37 23 179.17514676355495
37 24 896.89735766569356
37 25 -89.773145532490162
37 26 1079.0574092538918
37 27 -318.37493853572596
37 28 1221.4871595460863
37 29 -504.23042930560769
37 30 1323.1320998556839
37 31 -647.0772161151217
37 32 1384.8386076119823
37 33 -748.54217526763023
37 34 1409.0969349126681
37 35 -811.81949421988975
37 36 1399.7182527305085
37 37 -841.30546970300202
37 38 1361.4777651355325
37 39 -842.22013712178523
37 40 1299.753909302126
37 41 -820.24272552416733
37 42 1220.1893833207578
37 43 -781.18293749867007
37 44 1128.3938856536224
37 45 -730.7038497629037
37 46 1029.7017582161061
37 47 -674.10554780735765
37 48 928.99091059734928
37 49 -616.1721234207107
37 50 830.56311652853765
37 51 -561.07880077433947
37 52 738.07998675192721
37 53 -512.35316831252931
37 54 654.55165646426394
37 55 -472.84330754564508
37 56 582.3011895813579
37 57 -445.37125409078726
37 58 522.90333334212846
37 59 -423.11297586365981
37 60 495.11233489738515
37 61 -504.50551118501608
37 62 67.196096028965258
37 63 0
38 0 0
38 1 1865.4420461302834
38 2 -1875.9855892426458
38 3 3331.526243624694
38 4 -1581.1036369370868
38 5 3000.4982315062989
38 6 -1448.9447640642084
38 7 2804.9275433772891
38 8 -1243.3672414545072
38 9 2540.1063800984502
38 10 -997.93999507369335
38 11 2232.1862635180878
38 12 -725.09573608385836
38 13 1891.9277741247242
38 14 -435.11753356142435
38 15 1533.823217164354
38 16 -139.17020099825095
38 17 1171.473563579184
38 18 151.68524271302886
38 19 817.53580869872167
38 20 427.16863114264925
38 21 483.14049208784127
38 22 678.32234726665774
38 23 177.49502143260543
38 24 897.92607415120074
38 25 -92.382559148518339
38 26 1080.7578369963267
38 27 -321.78465622791919
38 28 1223.7009713885527
38 29 -508.29464308890238
38 30 1325.7068910547787
38 31 -651.64142313278717
38 32 1387.6336852945315
38 33 -753.45105369706289
38 34 1411.9876986342206
38 35 -816.92389867384918
38 36 1402.5992507527008
38 37 -846.46815456608238
38 38 1364.2645107211138
38 39 -847.32002172813736
38 40 1302.3835625176616
38 41 -825.17768167917893
38 42 1222.6204332023372
38 43 -785.87120498241347
38 44 1130.60499771791
38 45 -735.08427109345575
38 46 1031.689972546701
38 47 -678.13686159752251
38 48 930.76938553622313
38 49 -619.83157029317226
38 50 832.15860670406983
38 51 -564.36028919506498
38 52 739.5302332497522
38 53 -515.2651512958073
38 54 655.90266391382102
38 55 -475.40783317572277
38 56 583.60624532269867
38 57 -447.59936401987943
38 58 524.22917237890942
38 59 -425.35331649560248
38 60 495.8341698966251
38 61 -503.32570373257113
38 62 83.460529242529446
38 63 0
39 0 0
39 1 2019.9981057373861
39 2 -1863.8746600686318
39 3 3333.2034368413588
39 4 -1590.5187069392923
39 5 3010.4542136314194
39 6 -1458.5234031869732
39 7 2812.6588228417404
39 8 -1252.0567268268223
39 9 2546.878859965318
39 10 -1005.6937568833746
39 11 2237.773614751859
39 12 -731.60117761972288
39 13 1896.3321667911259
39 14 -440.23731841207336
39 15 1536.9876844260943
39 16 -142.87067411942189
39 17 1173.3588318975308
39 18 149.35993743847575
39 19 818.13240823294109
39 20 426.11697692791495
39 21 482.47835397887684
39 22 678.40320484719996
39 23 175.64549333428658
39 24 898.97336746389556
39 25 -95.309979019475577
39 26 1082.5928212625513
39 27 -325.64921054927254
39 28 1226.1424492749029
39 29 -512.93328809833838
39 30 1328.5796308650788
39 31 -656.87857842249286
39 32 1390.7751918168287
39 33 -759.10810281811791
39 34 1415.253422862861
39 35 -822.82769668609035
39 36 1405.8663011951467
39 37 -852.45806702687332
39 38 1367.4339384465384
39 39 -853.25325749181502
39 40 1305.3813225724298
39 41 -830.93287707924901
39 42 1225.3971661493779
39 43 -791.35036910429335
39 44 1133.1348135968256
39 45 -740.21330545974706
39 46 1033.9684492237211
39 47 -682.86492921743047
39 48 932.81100636204428
39 49 -624.12961149220791
39 50 833.99385856637309
39 51 -568.21897628651641
39 52 741.20257573895287
39 53 -518.69246349269815
39 54 657.46533044830358
39 55 -478.42800667012853
39 56 585.12115455187086
39 57 -450.22362158988471
39 58 525.77379937019941
39 59 -427.99412794920499
39 60 496.66891248989486
39 61 -501.91646903385845
39 62 102.66650701851177
39 63 0
40 0 0
40 1 2198.5904891892005
40 2 -1848.8497539635773
40 3 3337.5713149951025
40 4 -1600.8418059357155
40 5 3023.6291093558521
40 6 -1469.0727535935366
40 7 2822.9372071280068
40 8 -1261.6909750477134
40 9 2555.7490290850637
40 10 -1014.2765980504009
40 11 2245.0375245512078
40 12 -738.7520036445494
40 13 1902.0282719452553
40 14 -445.7872807165586
40 15 1541.0832191832924
40 16 -146.77794561066548
40 17 1175.8376525790482
40 18 147.04283754554126
40 19 819.00982752358686
40 20 425.26858211431318
40 21 481.8122915139611
40 22 678.8548774238734
40 23 173.53880267592103
40 24 900.52724208362633
40 25 -98.713252975812793
40 26 1085.0367204170652
40 27 -330.17169450886286
40 28 1229.2622153040611
40 29 -518.37447887237431
40 30 1332.1691852866024
40 31 -663.0258858876914
40 32 1394.6445155738729
40 33 -765.74756761829121
40 34 1419.234586580842
40 35 -829.75353994925172
40 36 1409.8176507900462
40 37 -859.48053838365013
40 38 1371.2425547282692
40 39 -860.20451816466448
40 40 1308.9639070358317
40 41 -837.67088081003749
40 42 1228.6995481872509
40 43 -797.76087418395036
40 44 1136.1303131934619
40 45 -746.21027099510684
40 46 1036.655356654137
40 47 -688.38961586834557
40 48 935.20944895999492
40 49 -629.14873125237136
40 50 836.14231507453951
40 51 -572.72222791198146
40 52 743.1542838162386
40 53 -522.68965897610542
40 54 659.28453140031706
40 55 -481.94781990105184
40 56 586.88187806410497
40 57 -453.27966195145564
40 58 527.56744752286977
40 59 -431.06363370952749
40 60 497.64616546781326
40 61 -500.30930765387893
40 62 124.8148589752418
40 63 0
41 0 0
41 1 2391.9359589399392
41 2 -1833.3582091429435
41 3 3340.6875259288427
41 4 -1612.8885543196247
41 5 3037.1201285220195
41 6 -1480.9931296213108
41 7 2833.6256999295983
41 8 -1272.5040676514254
41 9 2565.1412247896133
41 10 -1023.878512819465
41 11 2252.8472240310293
41 12 -746.75697491102255
41 13 1908.2443245906688
41 14 -452.02362116469885
41 15 1545.6289772146192
41 16 -151.20455334454164
41 17 1178.6624919409405
41 18 144.36798569477105
41 19 820.1037155913582
41 20 424.21378749395444
41 21 481.21716664581982
41 22 679.23714959761128
41 23 171.35068798097564
41 24 902.13118564861361
41 25 -102.3486689064157
41 26 1087.6305213059823
41 27 -335.06801211160564
41 28 1232.6110639492072
41 29 -524.31618046284711
41 30 1336.0463757862817
41 31 -669.78094282603706
41 32 1398.8403627195112
41 33 -773.07976131351097
41 34 1423.5632511940821
41 35 -837.43354114176327
41 36 1414.1219533826188
41 37 -867.29512096326289
41 38 1375.3968819059992
41 39 -867.96358576748389
41 40 1312.8753609180421
41 41 -845.21223564024694
41 42 1232.3075420795249
41 43 -804.95285631059232
41 44 1139.4048661259149
41 45 -752.95253478770974
41 46 1039.5943727417034
41 47 -694.61239467045743
41 48 937.83528160429341
41 49 -634.81097269004749
41 50 838.49790694330295
41 51 -577.80898094961231
41 52 745.29915849552708
41 53 -527.20894759659132
41 54 661.2905659721946
41 55 -485.92931761959335
41 56 588.83197965542422
41 57 -456.73629470002197
41 58 529.56374935320127
41 59 -434.53346575006435
41 60 498.72836544864185
41 61 -498.48933336988921
41 62 149.82772404437128
41 63 0
42 0 0
42 1 2606.676091954796
42 2 -1815.1138835264646
42 3 3347.3642872763776
42 4 -1625.5426726161204
42 5 3054.3453461405079
42 6 -1493.6443536612387
42 7 2847.3303098962788
42 8 -1284.0532842517405
42 9 2577.035118679305
42 10 -1034.117927446232
42 11 2262.6820595519348
42 12 -755.22901642557372
42 13 1916.0485030056407
42 14 -458.52202886749183
42 15 1551.3543889142056
42 16 -155.67815860322298
42 17 1182.2859701965172
42 18 141.85368103198925
42 19 821.64430540387912
42 20 423.5071073594554
42 21 480.74893879856972
42 22 680.12690488785665
42 23 169.00511258199913
42 24 904.36906754121082
42 25 -106.38763017141173
42 26 1090.9499889862673
42 27 -340.57382048331419
42 28 1236.7431154757469
42 29 -531.0325230880153
42 30 1340.7324736476767
42 31 -677.43562135547108
42 32 1403.8426900697232
42 33 -781.39822804814685
42 34 1428.6724278804286
42 35 -846.15102701945943
42 36 1419.1623409487875
42 37 -876.16667135534954
42 38 1380.2296372659839
42 39 -876.77165214472552
42 40 1317.3994503404174
42 41 -853.77175491885282
42 42 1236.458982896238
42 43 -813.11396722867357
42 44 1143.1545103619101
42 45 -760.60123624301923
42 46 1042.9445782051516
42 47 -701.66954217256716
42 48 940.81582255967078
42 49 -641.23004401608341
42 50 841.16145814050469
42 51 -583.57303693128415
42 52 747.7166674448199
42 53 -532.32705002983494
42 54 663.54642497117311
42 55 -490.43498046330569
42 56 591.02254705294399
42 57 -460.64461735113582
42 58 531.80615379915253
42 59 -438.44453761039404
42 60 499.95822615755969
42 61 -496.50162417265165
42 62 177.70934741747624
42 63 0
43 0 0
43 1 2831.7774560775888
43 2 -1796.9957067975884
43 3 3352.8674176466211
43 4 -1639.7285640152859
43 5 3071.7892216443943
43 6 -1507.4416313211714
43 7 2861.4335077634223
43 8 -1296.5443033124302
43 9 2589.4741522563436
43 10 -1045.1410144526108
43 11 2273.1130973340896
43 12 -764.33413887002644
43 13 1924.4417970526229
43 14 -465.50666762072979
43 15 1557.6129913085879
43 16 -160.49522477601386
43 17 1186.3483474257919
43 18 139.13186031686564
43 19 823.50073838597382
43 20 422.71851679061001
43 21 480.45423501434925
43 22 681.04670837101366
43 23 166.68069806655694
43 24 906.73268204000124
43 25 -110.5592234011965
43 26 1094.4728877916532
43 27 -346.35982669897203
43 28 1241.1375915121425
43 29 -538.16399749848642
43 30 1345.7215321182048
43 31 -685.62277575665576
43 32 1409.1711761693659
43 33 -790.34549645484731
43 34 1434.1154742282924
43 35 -855.57069859305557
43 36 1424.5312357957118
43 37 -885.79031365725314
43 38 1385.3752622253523
43 39 -886.35890640489379
43 40 1322.2135001001334
43 41 -863.11639065570489
43 42 1240.8732453422999
43 43 -822.04732910895473
43 44 1147.1385423760694
43 45 -768.99339198917005
43 46 1046.502147062256
43 47 -709.42854854365578
43 48 943.98049410528984
43 49 -648.29979519345216
43 50 843.99169475091185
43 51 -589.93016015165267
43 52 750.29077879662509
43 53 -537.97714110714878
43 54 665.95726420928258
43 55 -495.41102197281361
43 56 593.37591679877733
43 57 -464.95991560959737
43 58 534.23011025870437
43 59 -442.75603879668779
43 60 501.28266180990977
43 61 -494.32344113711224
43 62 208.35269459666961
43 63 0
44 0 0
44 1 3074.913748042718
44 2 -1776.4248486969336
44 3 3362.77903789437
44 4 -1654.2359263553408
44 5 3093.453028697013
44 6 -1521.7393377156441
44 7 2879.0191528969444
44 8 -1309.5682038056111
44 9 2604.832943893598
44 10 -1056.6127387733104
44 11 2285.9448359668022
44 12 -773.72901566832297
44 13 1934.7557423145645
44 14 -472.58477902119012
44 15 1565.3419427110293
44 16 -165.19750560064494
44 17 1191.4598310283964
44 18 136.72646191480453
44 19 826.01605781746912
44 20 422.42796123446169
44 21 480.46248550690507
44 22 682.61711597870089
44 23 164.34106539691129
44 24 909.86515235726984
44 25 -115.02347514351641
44 26 1098.8464800789188
44 27 -352.6731820443274
44 28 1246.4287065313329
44 29 -546.01395211193449
44 30 1351.6198660113332
44 31 -694.67646618477374
44 32 1415.392365572643
44 33 -800.26601247027429
44 34 1440.4105482526575
44 35 -866.03181356394998
44 36 1430.6930252018901
44 37 -896.48878966954726
44 38 1391.2419776602292
44 39 -897.02391973105478
44 40 1327.6697644755586
44 41 -873.51595968812035
44 42 1245.8489360938074
44 43 -831.99189476772517
44 44 1151.6058537154095
44 45 -778.33689292674535
44 46 1050.4713137606814
44 47 -718.06745381763903
44 48 947.49461871970198
44 49 -656.17060608929023
44 50 847.12109251086076
44 51 -597.00589281419525
44 52 753.1272253345378
44 53 -544.26311282895767
44 54 668.60802426162991
44 55 -500.94302883962882
44 56 595.96194225832733
44 57 -469.75295110769366
44 58 536.89582019842419
44 59 -447.52531814538088
44 60 502.76116235181689
44 61 -492.01708434338798
44 62 241.76819920285197
44 63 0
45 0 0
45 1 3323.6745613010044
45 2 -1756.5980452616259
45 3 3371.7055964245901
45 4 -1670.0417678521262
45 5 3115.2903358588446
45 6 -1536.9185517329242
45 7 2897.0331724451626
45 8 -1323.2527037644104
45 9 2620.791260636679
45 10 -1068.5828661848973
45 11 2299.447931341092
45 12 -783.48120777036456
45 13 1945.7482062364306
45 14 -479.8908263182966
45 15 1573.7044261584288
45 16 -170.00743886796954
45 17 1197.1188279346734
45 18 134.32376296123039
45 19 828.96154042373382
45 20 422.23833625030238
45 21 480.76151553573254
45 22 684.37223024488958
45 23 162.13978185533051
45 24 913.24980242006859
45 25 -119.50635124549081
45 26 1103.5223791509452
45 27 -359.1589364077663
45 28 1252.054785004475
45 29 -554.18018008595027
45 30 1357.8691260931919
45 31 -704.17496352774833
45 32 1421.9653230725271
45 33 -810.74048032405699
45 34 1447.0453267563244
45 35 -877.13401678684022
45 36 1437.172227258543
45 37 -907.89223372667038
45 38 1397.3965395166488
45 39 -908.43451650925999
45 40 1333.3800869418155
45 41 -884.67951075017481
45 42 1251.0436656839374
45 43 -842.69851078033753
45 44 1156.2587496428023
45 45 -788.42268334256005
45 46 1054.596669609964
45 47 -727.41395830462352
45 48 951.14171169825568
45 49 -664.70250282009147
45 50 850.36810100973526
45 51 -604.68752900533218
45 52 756.07502683396888
45 53 -551.09420757162297
45 54 671.3737286304422
45 55 -506.95688281621187
45 56 598.67695144930622
45 57 -474.96133518052375
45 58 539.7159766630466
45 59 -452.69520128385921
45 60 504.32074864374954
45 61 -489.54884580325597
45 62 277.81279848113627
45 63 0
46 0 0
46 1 3586.5121044878379
46 2 -1734.7568225261512
46 3 3385.8212097811702
46 4 -1685.92013220632
46 5 3141.7751936260174
46 6 -1552.3956746505974
46 7 2918.9682179094234
46 8 -1337.2878312793546
46 9 2640.0813020131864
46 10 -1080.8285744701607
46 11 2315.7388502681897
46 12 -793.35750434665897
46 13 1959.0190907194938
46 14 -487.12968911104326
46 15 1583.8633852695239
46 16 -174.54520323099132
46 17 1204.1198049985269
46 18 132.39234311868131
46 19 832.82456424171869
46 20 422.69880272556293
46 21 481.58750435050024
46 22 686.9260090923035
46 23 160.11271171123553
46 24 917.54547897267003
46 25 -124.12642946628694
46 26 1109.1829534393582
46 27 -366.04941930704626
46 28 1258.7009021956419
46 29 -562.97341527624667
46 30 1365.1382801299405
46 31 -714.47745516479699
46 32 1429.527052209778
46 33 -822.15189440830727
46 34 1454.6124790058457
46 35 -889.2645206628913
46 36 1444.5084660110297
46 37 -920.37716025288319
46 38 1404.3203605524468
46 39 -920.94577909165309
46 40 1339.7657244354377
46 41 -896.93358021349923
46 42 1256.8193506808711
46 43 -854.46108203086624
46 44 1161.4028471853999
46 45 -799.51039377874622
46 46 1059.1322496111388
46 47 -737.69366944134163
46 48 955.13009957812756
46 49 -674.08872774876727
46 50 853.90191078431599
46 51 -613.13859746405797
46 52 759.27113787201961
46 53 -558.60755262528983
46 54 674.36605232842339
46 55 -513.56700748783624
46 56 601.61419460200705
46 57 -480.6808156331499
46 58 542.77210305144763
46 59 -458.3442928264958
46 60 506.04246399643671
46 61 -487.00301522330847
46 62 316.50670557610283
46 63 0
47 0 0
47 1 3850.0636892194962
47 2 -1714.2942823625162
47 3 3399.2298613327421
47 4 -1702.8451276019041
47 5 3168.4310885054856
47 6 -1568.4715269685512
47 7 2941.3920398326354
47 8 -1351.6771062484167
47 9 2660.046907431024
47 10 -1093.2533468576366
47 11 2332.7926718025083
47 12 -803.27280802521273
47 13 1973.0712660134486
47 14 -494.28844591261623
47 15 1594.7682304727095
47 16 -178.89966479742725
47 17 1211.7887347926626
47 18 130.73233003524365
47 19 837.24447213171516
47 20 423.50276971774292
47 21 482.83490628477921
47 22 689.8780961535067
47 23 158.35561189305736
47 24 922.27610234658641
47 25 -128.63583484659102
47 26 1115.2968304998012
47 27 -372.98876784461754
47 28 1265.8011808639458
47 29 -571.96843764018013
47 30 1372.8466099223624
47 31 -725.12217730036355
47 32 1437.499513167495
47 33 -834.02882335690265
47 34 1462.5513928308465
47 35 -901.96326994487208
47 36 1452.1702359274968
47 37 -933.51041923597222
47 38 1411.5196167551858
47 39 -934.16197242390808
47 40 1346.3761694652021
47 41 -909.92596518617574
47 42 1262.771799008533
47 43 -866.9733657541201
47 44 1166.6810192707544
47 45 -811.33920729712372
47 46 1063.7669104369252
47 47 -748.68840537192227
47 48 959.19212145076926
47 49 -684.14933385838594
47 50 857.4947915519715
47 51 -622.21194081075737
47 52 762.52346118508285
47 53 -566.68276227469505
47 54 677.42370868586477
47 55 -520.67357322016505
47 56 604.63795194323211
47 57 -486.8262422803582
47 58 545.94828168319509
47 59 -464.39413788448292
47 60 507.82780904228275
47 61 -484.33095929567571
47 62 357.66199123941078
47 63 0
48 0 0
48 1 4123.2776696972451
48 2 -1692.3870916230044
48 3 3418.4961934556668
48 4 -1719.6505051629174
48 5 3200.0753468423682
48 6 -1584.687227870063
48 7 2968.1209679665699
48 8 -1366.2698021164488
48 9 2683.727346249043
48 10 -1105.8082626959731
48 11 2353.0144339190429
48 12 -813.1678035567802
48 13 1989.7707317625191
48 14 -501.2347632316505
48 15 1607.8213108698947
48 16 -182.83450381773036
48 17 1221.1292207268798
48 18 129.69366771926616
48 19 842.88505377685397
48 20 425.10885512001551
48 21 484.88245413977893
48 22 693.78111883793281
48 23 157.01324958854457
48 24 928.06770505262648
48 25 -133.07645157851766
48 26 1122.5399065210695
48 27 -380.1623431400003
48 28 1274.0572834843533
48 29 -581.45545191337078
48 30 1381.6987200073072
48 31 -736.47040352398108
48 32 1446.5700254049807
48 33 -846.77486291866444
48 34 1471.5153323493269
48 35 -915.65245801348283
48 36 1460.763883085292
48 37 -947.71392077177552
48 38 1419.5448803434374
48 39 -948.49035771176204
48 40 1353.7011938353771
48 41 -924.03898146358188
48 42 1269.3284018382656
48 43 -880.58598271913979
48 44 1172.4596280771493
48 45 -824.2242900621477
48 46 1068.8096901333211
48 47 -760.67655381280019
48 48 963.58496423931683
48 49 -695.12652262915253
48 50 861.35877553488172
48 51 -632.1156195497224
48 52 766.00632509666866
48 53 -575.49685985804899
48 54 680.6911619719358
48 55 -528.42638121433083
48 56 607.87080951172356
48 57 -493.524625022701
48 58 549.35325159135573
48 59 -470.95043734657338
48 60 509.78552613401007
48 61 -481.64491694819844
48 62 401.31318123712845
48 63 0
49 0 0
49 1 4392.3056810172056
49 2 -1672.4979194748357
49 3 3437.4040458374111
49 4 -1737.2532774174942
49 5 3231.9245583892098
49 6 -1601.221073326542
49 7 2995.4225051085359
49 8 -1380.9036563088739
49 9 2708.1751120931585
49 10 -1118.2048597049743
49 11 2374.1025149035977
49 12 -822.75346518372316
49 13 2007.3647003016504
49 14 -507.75179851711982
49 15 1621.7433012059246
49 16 -186.24455472036061
49 17 1231.2701258167635
49 18 129.25288820042624
49 19 849.22333527401861
49 20 427.36364363236135
49 21 487.49854425977901
49 22 698.36111803738277
49 23 156.09135421073006
49 24 934.54216676036594
49 25 -137.25617959607916
49 26 1130.4503322037363
49 27 -387.2388825584494
49 28 1282.9458042574515
49 29 -591.0067236982286
49 30 1391.1317685199265
49 31 -748.03543168968645
49 32 1456.1570407124691
49 33 -859.87618959961765
49 34 1480.9224477801308
49 35 -929.81710993171873
49 36 1469.7227566273341
49 37 -962.49167506243793
49 38 1427.8570218152709
49 39 -963.46851774455899
49 40 1361.2383079930623
49 41 -938.85330684315704
49 42 1276.0293895837549
49 43 -894.92779114834775
49 44 1178.3249627740133
49 45 -837.8440427861733
49 46 1073.8939089662836
49 47 -773.38443867915885
49 48 967.98798799113683
49 49 -706.79066226375653
49 50 865.2166974627562
49 51 -642.65857166674323
49 52 769.4822429755277
49 53 -584.89086885060715
49 54 683.96584444485597
49 55 -536.69154194153634
49 56 611.13953083236083
49 57 -500.66037095461979
49 58 552.83660330474049
49 59 -477.90636150466526
49 60 511.78539860075034
49 61 -478.87591307471666
49 62 447.21664678490924
49 63 0
50 0 0
50 1 4666.2893452435128
50 2 -1651.8501664620544
50 3 3462.6876895970327
50 4 -1754.6152668785453
50 5 3268.9913275305571
50 6 -1617.7929042612504
50 7 3027.3338818233242
50 8 -1395.6385946300998
50 9 2736.6697912952986
50 10 -1130.6216816649339
50 11 2398.7128849739747
50 12 -832.20150604006449
50 13 2027.9711821615365
50 14 -513.93045391137093
50 15 1638.1804530908539
50 16 -189.09952290186993
50 17 1243.4427602556752
50 18 129.57846233234704
50 19 857.12806539959274
50 20 430.57398732457841
50 21 491.2393231279566
50 22 704.05162362021656
50 23 155.88157734782726
50 24 942.23997085691735
50 25 -141.10178470332357
50 26 1139.6510292456696
50 27 -394.32005121398106
50 28 1293.1454931162989
50 29 -600.85850085442871
50 30 1401.8538321693086
50 31 -760.15158217046519
50 32 1466.9732923266565
50 33 -873.73296859709626
50 34 1491.4685428209395
50 35 -944.89558814530028
50 36 1479.7080365269721
50 37 -978.29727609450856
50 38 1437.0691977546812
50 39 -979.54690703545566
50 40 1369.5435945976442
50 41 -954.80222843775664
50 42 1283.3688447472014
50 43 -910.40484729774107
50 44 1184.7078743016937
50 45 -852.57072715307913
50 46 1079.3890905119952
50 47 -787.14695665098589
50 48 972.71380975030297
50 49 -719.43819611419713
50 50 869.33058707359123
50 51 -654.09969535039636
50 52 773.17030932704256
50 53 -595.08860530286256
50 54 687.43243087396877
50 55 -545.66138868494818
50 56 614.60340427288429
50 57 -508.39893056604524
50 58 556.54162871974222
50 59 -485.4016347792367
50 60 513.97147949501232
50 61 -476.17150106589179
50 62 495.42665399826546
50 63 0
51 0 0
51 1 4931.3451734406044
51 2 -1633.8916511983825
51 3 3487.9718402521576
51 4 -1772.5895888247578
51 5 3306.2866478019259
51 6 -1634.466779904642
51 7 3059.8773361816711
51 8 -1410.157049542704
51 9 2765.992589132793
51 10 -1142.5849433180701
51 11 2424.2593406825108
51 12 -841.01934618843188
51 13 2049.551472254052
51 14 -519.34382361764619
51 15 1655.5769270382825
51 16 -191.08846461222129
51 17 1256.518055640754
51 18 130.83908615385553
51 19 865.84419461814832
51 20 434.7574771827567
51 21 495.67211350449725
51 22 710.72293583256396
51 23 156.22253569063105
51 24 950.89691325824788
51 25 -144.55345435635536
51 26 1149.7620394663954
51 27 -401.17305626381494
51 28 1304.1828653115317
51 29 -610.65025710149712
51 30 1413.3215609376748
51 31 -772.37181546934153
51 32 1478.4290223360586
51 33 -887.84795365199898
51 34 1502.5394496262834
51 35 -960.37120385403796
51 36 1490.1007855826265
51 37 -994.61948536259115
51 38 1446.574413455437
51 39 -996.23873143741548
51 40 1378.0354988227828
51 41 -971.43673887671866
51 42 1290.8008862268616
51 43 -926.61409352103874
51 44 1191.1052591358384
51 45 -868.05085632590817
51 46 1084.8391428964987
51 47 -801.66000737449394
51 48 977.35504657521233
51 49 -732.81119640000725
51 50 873.34128849647641
51 51 -666.22175441466425
51 52 776.75727395103422
51 53 -605.90649144955933
51 54 690.81970104321044
51 55 -555.1780584255539
51 56 618.02795789276388
51 57 -516.60026131230552
51 58 560.26381675451375
51 59 -493.30267274285688
51 60 516.16674705314836
51 61 -473.44084192673108
51 62 545.62818327781315
51 63 0
52 0 0
52 1 5196.4334778347165
52 2 -1616.0584132705935
52 3 3519.863838010906
52 4 -1790.386862842297
52 5 3348.7911547126714
52 6 -1651.2468606720176
52 7 3097.1266309222756
52 8 -1424.8328891767414
52 9 2799.5139518452561
52 10 -1154.6074869954737
52 11 2453.528113090897
52 12 -849.72271383776388
52 13 2074.3786998650648
52 14 -524.42580575871034
52 15 1675.7453140144207
52 16 -192.51288006785217
52 17 1271.8926992022261
52 18 132.89158329143902
52 19 876.39448897220973
52 20 439.93666059236602
52 21 501.48734524668725
52 22 718.55676671361834
52 23 157.51421591971848
52 24 960.83713977463958
52 25 -147.45960331197239
52 26 1161.2263416111546
52 27 -407.85314766935699
52 28 1316.5921728443664
52 29 -620.60382186359675
52 30 1426.131488625515
52 31 -785.04646857595617
52 32 1491.1547394831359
52 33 -902.66489586952048
52 34 1514.7737064864941
52 35 -976.74964690668276
52 36 1501.5252119610523
52 37 -1011.9985171968437
52 38 1456.9645525796204
52 39 -1014.0956094687681
52 40 1387.260318904282
52 41 -989.30106573789089
52 42 1298.8177097156495
52 43 -944.0777528993749
52 44 1197.9511588378955
52 45 -884.77393480843602
52 46 1090.6198781242438
52 47 -817.37318537307146
52 48 982.23256011920057
52 49 -747.31524826461282
52 50 877.52066796156214
52 51 -679.3848686641013
52 52 780.47397079217262
52 53 -617.65992329014807
52 54 694.32684003345457
52 55 -565.5146934827826
52 56 621.59106525996322
52 57 -525.49928641383303
52 58 564.17077578316821
52 59 -501.8063050897581
52 60 518.54875092089969
52 61 -470.88250620959116
52 62 597.89877677758341
52 63 0
53 0 0
53 1 5448.3755505088993
53 2 -1601.422718692902
53 3 3552.286317733433
53 4 -1808.5157405607788
53 5 3391.7105878856546
53 6 -1667.8195079578018
53 7 3135.216084581316
53 8 -1438.9312017158318
53 9 2834.0694672522204
53 10 -1165.7617471996673
53 11 2483.9485698862518
53 12 -857.33696899978895
53 13 2100.4078078419752
53 14 -528.24930873498488
53 15 1697.1169232249395
53 16 -192.55401139162132
53 17 1288.4320112220848
53 18 136.41008148397304
53 19 888.03712314984296
53 20 446.62322560498069
53 21 508.29350635694936
53 22 727.89868739846497
53 23 159.67075715934698
53 24 972.24708991916486
53 25 -149.64685983045456
53 26 1174.085950810877
53 27 -413.97489156906886
53 28 1330.2908764899257
53 29 -630.16830009701152
53 30 1440.0993258277595
53 31 -797.5038149595548
53 32 1504.8882379517181
53 33 -917.43259112604392
53 34 1527.8544827481255
53 35 -993.23723032966882
53 36 1513.6313775258259
53 37 -1029.6300518916723
53 38 1467.8754173303332
53 39 -1032.3288395738928
53 40 1396.8552001585977
53 41 -1007.6426500745583
53 42 1307.0698741728393
53 43 -962.09437282368526
53 44 1204.9180420490302
53 45 -902.09942442243118
53 46 1096.4307468270817
53 47 -833.71209785241263
53 48 987.07471933607849
53 49 -762.44344348879167
53 50 881.62518174499382
53 51 -693.14779350406752
53 52 784.10174012901734
53 53 -629.9690717185058
53 54 697.75487362448985
53 55 -576.34689280234852
53 56 625.10649589171408
53 57 -534.82042782775352
53 58 568.08033718880324
53 59 -510.67422321580125
53 60 520.93595390374503
53 61 -468.34251913878688
53 62 651.8523248018937
53 63 0
54 0 0
54 1 5696.8332968097002
54 2 -1586.5325811091679
54 3 3592.6739371689109
54 4 -1825.2858737014321
54 5 3441.0150693645392
54 6 -1683.2999551411376
54 7 3179.3257828553578
54 8 -1451.9520966359778
54 9 2874.2352256188042
54 10 -1175.6978130222251
54 11 2519.5933890756805
54 12 -863.51796804819969
54 13 2131.2619973969049
54 14 -530.38081880458776
54 15 1722.9019071180574
54 16 -190.62745732298936
54 17 1308.9624438634928
54 18 142.16574820693495
54 19 903.24242222550311
54 20 455.79043697330235
54 21 518.23303380160723
54 22 739.92273763110461
54 23 164.53648847232216
54 24 986.48698630086074
54 25 -149.53774885952953
54 26 1189.8625492676729
54 27 -418.19556478799313
54 28 1346.9302323073862
54 29 -638.2036913862521
54 30 1456.9696311355074
54 31 -808.77564967067883
54 32 1521.4292440589361
54 33 -931.32579959274153
54 34 1543.5988690228442
54 35 -1009.1258081615706
54 36 1528.2180718202198
54 37 -1046.9007880715253
54 38 1481.0553509505553
54 39 -1050.4017670541543
54 40 1408.4903639854929
54 41 -1025.9875254746476
54 42 1317.126811380831
54 43 -980.24291983165313
54 44 1213.457063494161
54 45 -919.6534434181558
54 46 1103.592191327607
54 47 -850.34782979960255
54 48 993.06351701784479
54 49 -777.91276588072833
54 50 886.69483244530056
54 51 -707.27692331615799
54 52 788.53867942711986
54 53 -642.65526782492088
54 54 701.86315355726947
54 55 -587.55783003334727
54 56 629.20064300442391
54 57 -544.51664326506943
54 58 572.49422866902933
54 59 -519.93124410500968
54 60 523.72603529988737
54 61 -465.96861166108283
54 62 707.64717835345436
54 63 0
55 0 0
55 1 5929.4239413986816
55 2 -1574.3728600455142
55 3 3635.0660502080245
55 4 -1841.2404109199088
55 5 3491.8624680301491
55 6 -1697.4044313542436
55 7 3225.4125168208247
55 8 -1463.1640156210324
55 9 2916.569434091798
55 10 -1183.4659338887832
55 11 2557.5316854371977
55 12 -867.25269423482132
55 13 2164.4683095132677
55 14 -529.85140086434512
55 15 1751.0498895603632
55 16 -185.88386980127325
55 17 1331.8258624451573
55 18 150.8364136441287
55 19 920.7131739799479
55 20 467.91136383603771
55 21 530.3346259324826
55 22 754.87930560598215
55 23 171.42659074238509
55 24 1003.5792965140899
55 25 -147.57390504200885
55 26 1208.3558482231638
55 27 -420.75942246242448
55 28 1366.1007067923947
55 29 -644.80334231120651
55 30 1476.1435989612437
55 31 -818.8495065837742
55 32 1540.0143912074782
55 33 -944.26795661206597
55 34 1561.1068404268735
55 35 -1024.3112660987208
55 36 1544.2783480921207
55 37 -1063.7090281591099
55 38 1495.4208925246348
55 39 -1068.2375368617159
55 40 1421.0359415017138
55 41 -1044.2981101903115
55 42 1327.8412507190751
55 43 -998.53156733047399
55 44 1222.430807223418
55 45 -937.48895893099871
55 46 1111.0016241616449
55 47 -867.37063103896617
55 48 999.15343672591916
55 49 -793.83787835922703
55 50 891.76029114810262
55 51 -721.89449950315066
55 52 792.90726575891313
55 53 -655.82904122152286
55 54 705.87771158443502
55 55 -599.22610030866963
55 56 633.21055512801649
55 57 -554.61538356667006
55 58 576.86314631268942
55 59 -529.53112544855685
55 60 526.48910288439765
55 61 -463.68965421379471
55 62 764.73354576478414
55 63 0
56 0 0
56 1 6142.380569690431
56 2 -1574.5377192502019
56 3 3673.6024254025779
56 4 -1867.7393889333871
56 5 3537.0754516236502
56 6 -1722.3631840863618
56 7 3265.5798999542185
56 8 -1485.2839827142361
56 9 2952.5945529826458
56 10 -1202.0636532099616
56 11 2588.7633909064789
56 12 -881.6864828247617
56 13 2190.5282873831311
56 14 -539.85724894687337
56 15 1771.5798910558078
56 16 -191.4967580830762
56 17 1346.57663771236
56 18 149.32830563907373
56 19 929.56518536766453
56 20 470.01716981185382
56 21 533.31324655232493
56 22 759.96137612719394
56 23 168.70613961827985
56 24 1010.9104086552634
56 25 -155.67565904461844
56 26 1217.1746251169679
56 27 -433.79487528909522
56 28 1375.6623087260778
56 29 -662.21499077414592
56 30 1485.7633183908092
56 31 -839.99422885767672
56 32 1549.1024715743151
56 33 -968.44364237540503
56 34 1569.1935849133642
56 35 -1050.7839383706141
56 36 1551.0293136514974
56 37 -1091.7388599182232
56 38 1500.642618952952
56 39 -1097.1025121534694
56 40 1424.6732000572138
56 41 -1073.3144668904515
56 42 1329.9671852166739
56 43 -1027.0705461323359
56 44 1223.2315717938036
56 45 -964.98973522898268
56 46 1110.7572006721966
56 47 -893.34959511688794
56 48 998.21625856293394
56 49 -817.89463876020818
56 50 890.53313092790631
56 51 -743.71511158233261
56 52 791.82166638815943
56 53 -675.1868132994332
56 54 705.37312495844162
56 55 -615.98446431503362
56 56 633.72271345656372
56 57 -568.65192291866151
56 58 578.82980744352608
56 59 -541.88213513839401
56 60 527.9757694950149
56 61 -462.81014070359561
56 62 822.82838138212355
56 63 0
57 0 0
57 1 6301.405082376732
57 2 -1613.0028837210375
57 3 3679.4638138985647
57 4 -1928.5211102499034
57 5 3548.7855071551166
57 6 -1781.0303743829081
57 7 3272.6899539966325
57 8 -1540.5921192211736
57 9 2955.7708096717761
57 10 -1253.3794099113038
57 11 2587.3281861208852
57 12 -928.41253854771821
57 13 2184.09560139321
57 14 -581.7359902039243
57 15 1759.8236734500006
57 16 -228.54683027162537
57 17 1329.3046074863923
57 18 116.85216809951271
57 19 906.73450933422828
57 20 441.67215101538204
57 21 505.04185316526673
57 22 735.17112220429226
57 23 135.27373080250982
57 24 989.0212911159324
57 25 -193.83581451961618
57 26 1197.5101387690756
57 27 -476.11220733756454
57 28 1357.5723852511601
57 29 -708.00429086830263
57 30 1468.6660461791234
57 31 -888.48278057298558
57 32 1532.5165203819324
57 33 -1018.8007984140768
57 34 1552.7604828662334
57 35 -1102.1512001150313
57 36 1534.5255354588971
57 37 -1143.258732332697
57 38 1483.9821520126861
57 39 -1147.9447284955313
57 40 1407.9018132804322
57 41 -1122.698562056712
57 42 1313.2500046253881
57 43 -1074.2841637465972
57 44 1206.8357613145508
57 45 -1009.4024433215054
57 46 1095.0315645686715
57 47 -934.42232883944598
57 48 983.56944967008531
57 49 -855.18516126512623
57 50 877.41189714165557
57 51 -776.88007961000949
57 52 780.69030422511787
57 53 -703.98096323174286
57 54 696.69410893880013
57 55 -640.26155886267588
57 56 627.94682715434647
57 57 -588.28721770396442
57 58 576.40459734216165
57 59 -557.9104152502623
57 60 526.95904355459788
57 61 -463.63909232809419
57 62 881.06808261159131
57 63 0
58 0 0
58 1 6501.4968170885368
58 2 -1599.9394866241801
58 3 3745.9455195062219
58 4 -1935.0721706700824
58 5 3619.7676447955018
58 6 -1785.0660025260368
58 7 3339.7255334875808
58 8 -1540.4228069598958
58 9 3019.5344372828004
58 10 -1248.0967169096857
58 11 2647.2724176869633
58 12 -917.23302653008432
58 13 2239.9024190349337
58 14 -564.26751575031631
58 15 1811.2010736956563
58 16 -204.7410509646852
58 17 1376.0473076615654
58 18 146.73288936819517
58 19 948.73539832747156
58 20 477.09904663975067
58 21 542.2999528661876
58 22 775.40265999118674
58 23 167.89361908990941
58 24 1033.1614431549951
58 25 -165.6519538869361
58 26 1244.5675516744359
58 27 -452.07868323018374
58 28 1406.5169660341326
58 29 -687.77053718349634
58 30 1518.4800618499139
58 31 -871.65473640880009
58 32 1582.2380300278382
58 33 -1004.9632458503766
58 34 1601.5177150222826
58 35 -1090.8894189071816
58 36 1581.5616146369393
58 37 -1134.1781017279118
58 38 1528.6703006154312
58 39 -1140.6872595614459
58 40 1449.7517574170615
58 41 -1116.9557349830939
58 42 1351.906763795796
58 43 -1069.8058301954916
58 44 1242.0722882382051
58 45 -1006.0018980198038
58 46 1126.7368267340316
58 47 -931.97792935484358
58 48 1011.7335237566749
58 49 -853.63906327984296
58 50 902.10950504570064
58 51 -776.23475832524491
58 52 802.06404878140347
58 53 -704.29404352125857
58 54 714.93755304459228
58 55 -641.64344637447357
58 56 643.29553993616173
58 57 -590.82299629835688
58 58 589.14859259289187
58 59 -562.7685049489628
58 60 535.05137437355188
58 61 -459.48998056815071
58 62 942.65318579118684
58 63 0
59 0 0
59 1 7181.9620845303689
59 2 -1089.5851519535427
59 3 4315.8423462386963
59 4 -1440.6989488634281
59 5 4192.1766720975029
59 6 -1288.8142483575393
59 7 3906.9163117005701
59 8 -1041.5834507739419
59 9 3580.9427554397644
59 10 -746.82228063238654
59 11 3201.2624095784759
59 12 -413.93347740950048
59 13 2784.9191677262297
59 14 -59.887022786142552
59 15 2345.5720560150439
59 16 299.26956768804303
59 17 1898.0324259644021
59 18 648.45732450748983
59 19 1456.5532469703157
59 20 974.22428048616894
59 21 1034.1641674131097
59 22 1265.3098924545247
59 23 642.05229472804604
59 24 1513.0315200451605
59 25 289.12427559362186
59 26 1711.4937521228057
59 27 -18.247341506594239
59 28 1857.6179857575426
59 29 -276.29570375324874
59 30 1951.0065323345316
59 31 -483.76585661458193
59 32 1993.6667877175296
59 33 -641.68290220436575
59 34 1989.6292135399563
59 35 -753.01668024962964
59 36 1944.497247217214
59 37 -822.2809176231749
59 38 1864.9678582619345
59 39 -855.1044876639935
59 40 1758.3586853675115
59 41 -857.80892373463757
59 42 1632.1722022780705
59 43 -837.02038902515596
59 44 1493.7200211420532
59 45 -799.33679414239123
59 46 1349.8221629618001
59 47 -751.06258088339928
59 48 1206.5877728502983
59 49 -698.01567934177911
59 50 1069.2760680512947
59 51 -645.40403964770121
59 52 942.23029904014766
59 53 -597.76177266144259
59 54 828.86568479807465
59 55 -558.96941728974525
59 56 731.76290215428708
59 57 -531.5930241465594
59 58 652.91842030887892
59 59 -527.71530943687139
59 60 572.41239650807074
59 61 -437.31727305384993
59 62 1012.358643299649
59 63 0
60 0 0
60 1 8188.0021702374961
60 2 -244.18584166596702
60 3 5228.1689959272626
60 4 -614.44359122333481
60 5 5097.275232640186
60 6 -470.97420047634841
60 7 4794.5006721874961
60 8 -235.45635847312951
60 9 4446.2766159256262
60 10 43.804517025591849
60 11 4039.1232863669302
60 12 357.46951600685861
60 13 3590.5265370274719
60 14 688.44718753666712
60 15 3114.4953576415446
60 16 1020.6564928864736
60 17 2626.3015135327805
60 18 1339.0861310654145
60 19 2140.7421779770175
60 20 1630.4701322894743
60 21 1671.4707564915443
60 22 1883.8607601878721
60 23 1230.3646264058443
60 24 2091.0134097960054
60 25 827.06993209740176
60 26 2246.5851642266443
60 27 468.72700764879482
60 28 2348.1452371015621
60 29 159.87532773920066
60 30 2396.0131170383647
60 31 -97.477353875774497
60 32 2392.9519728085324
60 33 -303.64763520083216
60 34 2343.7533688991152
60 35 -460.96407552909113
60 36 2254.753765703299
60 37 -573.38652313774219
60 38 2133.3237189764986
60 39 -646.09384017444427
60 40 1987.3675736903351
60 41 -685.07351302855568
60 42 1824.8654982130574
60 43 -696.74102647923064
60 44 1653.4818372974769
60 45 -687.6096931534903
60 46 1480.2549464661752
60 47 -664.02373860228181
60 48 1311.3748284695248
60 49 -631.95965077511573
60 50 1152.0467943512358
60 51 -596.89384042371785
60 52 1006.4331364276313
60 53 -563.72721986122087
60 54 877.65177466962996
60 55 -536.79606155583315
60 56 767.89114404505199
60 57 -519.12112067498128
60 58 678.69112673406562
60 59 -524.44156282263066
60 60 587.15614388802351
60 61 -430.43159767535144
60 62 1078.1112039239815
60 63 0
61 0 0
61 1 3710.7321734481502
61 2 -4863.5982278653955
61 3 697.11560024643404
61 4 -5220.9031536904149
61 5 594.47414457167724
61 6 -5038.6155062938087
61 7 330.94204331973742
61 8 -4747.2581248825918
61 9 37.450625302426488
61 10 -4395.4133037004794
61 11 -299.74363875453491
61 12 -3992.5272196796868
61 13 -662.92858566612267
61 14 -3556.1133171142956
61 15 -1038.1126765196313
61 16 -3102.8072046467514
61 17 -1410.1832359244781
61 18 -2648.3419047963253
61 19 -1764.7142645898839
61 20 -2206.8978452693955
61 21 -2088.676229527664
61 22 -1790.5463583133496
61 23 -2371.0960371715828
61 24 -1408.8690318146746
61 25 -2603.5205486039104
61 26 -1068.7487709390098
61 27 -2780.2787903283388
61 28 -774.33398625430527
61 29 -2898.5444031377483
61 30 -527.16105284389414
61 31 -2958.2158295340832
61 32 -326.40961849210726
61 33 -2961.6437260074235
61 34 -169.25775740332938
61 35 -2913.2433143445269
61 36 -51.300144463084507
61 37 -2819.0334513965354
61 38 33.007736158197076
61 39 -2686.1442325184726
61 40 89.913252594442383
61 41 -2522.3314486879644
61 42 125.96643023243814
61 43 -2335.5299741069757
61 44 147.67684317007479
61 45 -2133.4701064176897
61 46 161.24040912472992
61 47 -1923.3719905002999
61 48 172.34082670256612
61 49 -1711.7244336759541
61 50 186.02306094521737
61 51 -1504.1464827049822
61 52 206.63083140561866
61 53 -1305.321731604181
61 54 237.78649329528889
61 55 -1119.0375883074921
61 56 282.4842018299023
61 57 -947.39405011523559
61 58 343.31732431382989
61 59 -804.2245365004419
61 60 396.32620416227837
61 61 -550.76154477546879
61 62 1093.9000138080246
61 63 0
62 0 0
62 1 -15705.617042505082
62 2 -24350.936832252046
62 3 -18611.999593912289
62 4 -24490.997814109505
62 5 -18424.585122511417
62 6 -23942.772188792107
62 7 -18259.332544505469
62 8 -23146.140729818399
62 9 -17991.913598956446
62 10 -22161.458101055585
62 11 -17649.046817336966
62 12 -21012.544091047403
62 13 -17228.073767546448
62 14 -19733.524412134786
62 15 -16731.899404675234
62 16 -18359.091941863426
62 17 -16163.426138217574
62 18 -16923.825173734032
62 19 -15526.746885490184
62 20 -15460.896574955996
62 21 -14827.25363357531
62 22 -14000.915910600042
62 23 -14071.744755972304
62 24 -12571.013529964148
62 25 -13268.402429355319
62 26 -11194.177286699869
62 27 -12426.650718794008
62 28 -9888.8570959104527
62 29 -11556.905865279532
62 30 -8668.82874893804
62 31 -10670.240668702036
62 32 -7543.2920491550703
62 33 -9777.9914180534888
62 34 -6517.1652930075652
62 35 -8891.3391868914005
62 36 -5591.529725950295
62 37 -8020.8973613821399
62 38 -4764.1739666801186
62 39 -7176.3343133511626
62 40 -4030.1892076911372
62 41 -6366.054757324946
62 42 -3382.5705770141212
62 43 -5596.9563156850199
62 44 -2812.7874483573123
62 45 -4874.2700167451858
62 46 -2311.2946638832454
62 47 -4201.4857020660656
62 48 -1867.9665447962179
62 49 -3580.3563481636047
62 50 -1472.4453010501293
62 51 -3010.9697353168485
62 52 -1114.4036119844714
62 53 -2491.8700901025659
62 54 -783.73831046292253
62 55 -2020.2601986227364
62 56 -470.61540083745967
62 57 -1591.2890313245498
62 58 -165.36214023972207
62 59 -1212.5298888179259
62 60 113.61512720213796
62 61 -726.17669679857499
62 62 1076.4501855362596
62 63 0
63 0 0
63 1 0
63 2 0
63 3 0
63 4 0
63 5 0
63 6 0
63 7 0
63 8 0
63 9 0
63 10 0
63 11 0
63 12 0
63 13 0
63 14 0
63 15 0
63 16 0
63 17 0
63 18 0
63 19 0
63 20 0
63 21 0
63 22 0
63 23 0
63 24 0
63 25 0
63 26 0
63 27 0
63 28 0
63 29 0
63 30 0
63 31 0
63 32 0
63 33 0
63 34 0
63 35 0
63 36 0
63 37 0
63 38 0
63 39 0
63 40 0
63 41 0
63 42 0
63 43 0
63 44 0
63 45 0
63 46 0
63 47 0
63 48 0
63 49 0
63 50 0
63 51 0
63 52 0
63 53 0
63 54 0
63 55 0
63 56 0
63 57 0
63 58 0
63 59 0
63 60 0
63 61 0
63 62 0
63 63 0
