0 0 0
0 1 0
0 2 0
0 3 0
0 4 0
0 5 0
0 6 0
0 7 0
0 8 0
0 9 0
0 10 0
0 11 0
0 12 0
0 13 0
0 14 0
0 15 0
0 16 0
0 17 0
0 18 0
0 19 0
0 20 0
0 21 0
0 22 0
0 23 0
0 24 0
0 25 0
0 26 0
0 27 0
0 28 0
0 29 0
0 30 0
0 31 0
0 32 0
0 33 0
0 34 0
0 35 0
0 36 0
0 37 0
0 38 0
0 39 0
0 40 0
0 41 0
0 42 0
0 43 0
0 44 0
0 45 0
0 46 0
0 47 0
0 48 0
0 49 0
0 50 0
0 51 0
0 52 0
0 53 0
0 54 0
0 55 0
0 56 0
0 57 0
0 58 0
0 59 0
0 60 0
0 61 0
0 62 0
0 63 0
1 0 0
1 1 -21009.507538258276
1 2 -17383.482898185321
1 3 -21556.864514548124
1 4 -17324.544393767384
1 5 -21179.602754324376
1 6 -17189.030850647669
1 7 -20767.984445495815
1 8 -16989.899718237211
1 9 -20216.497163249871
1 10 -16727.852827330025
1 11 -19543.306734516365
1 12 -16402.174494794508
1 13 -18762.215584416706
1 14 -16016.271223003287
1 15 -17889.804279275268
1 16 -15573.51357208745
1 17 -16943.339481400697
1 18 -15077.69386611244
1 19 -15940.423997591324
1 20 -14533.028765970357
1 21 -14898.463703684683
1 22 -13944.184478106081
1 23 -13834.189540136776
1 24 -13316.271617134134
1 25 -12763.230991259888
1 26 -12654.812886893296
1 27 -11699.757671226507
1 28 -11965.682055040361
1 29 -10656.198077236922
1 30 -11255.015570310434
1 31 -9643.0402215389677
1 32 -10529.100079349973
1 33 -8668.7143172582637
1 34 -9794.2408142102977
1 35 -7739.5537022937333
1 36 -9056.6170855083783
1 37 -6859.8268715675204
1 38 -8322.1318505479758
1 39 -6031.831004435162
1 40 -7596.2625052738986
1 41 -5256.0357881759501
1 42 -6883.919703312813
1 43 -4531.265645584881
1 44 -6189.3202081307663
1 45 -3854.9086018463186
1 46 -5515.8786454398978
1 47 -3223.140847654804
1 48 -4866.1216706136656
1 49 -2631.1573901807606
1 50 -4241.6266822101534
1 51 -2073.4009856994362
1 52 -3642.9850900219662
1 53 -1543.7805847625441
1 54 -3069.799818717911
1 55 -1035.9342220453982
1 56 -2520.61144989284
1 57 -542.32710663768557
1 58 -1992.5966655534921
1 59 -72.334652946892675
1 60 -1518.3269862063753
1 61 575.97019577997344
1 62 -160.06453028580836
1 63 0
2 0 0
2 1 -3530.3143612338772
2 2 -0.99867547760368325
2 3 -4172.3484665055821
2 4 -86.489315998505845
2 5 -3991.0367613003928
2 6 -192.84753028614432
2 7 -3874.0752483818142
2 8 -331.52030126188947
2 9 -3710.9292833974905
2 10 -496.43426088437081
2 11 -3512.6404623724738
2 12 -679.53708768868637
2 13 -3284.8295989083454
2 14 -875.68453577091532
2 15 -3034.81283643805
2 16 -1078.7754595014576
2 17 -2769.7839656525503
2 18 -1282.4539778932831
2 19 -2496.7342506613477
2 20 -1480.3814356810108
2 21 -2222.2002546527619
2 22 -1666.5319692037883
2 23 -1952.0613374311324
2 24 -1835.4491528725703
2 25 -1691.3739672361316
2 26 -1982.4583363401871
2 27 -1444.2514723668864
2 28 -2103.8262087358817
2 29 -1213.792001595948
2 30 -2196.863534362592
2 31 -1002.0548223394599
2 32 -2259.9705221239219
2 33 -810.08229216763539
2 34 -2292.6276244618293
2 35 -637.96254540307018
2 36 -2295.3373858229043
2 37 -484.9261958668194
2 38 -2269.5251222273782
2 39 -349.46924954510905
2 40 -2217.4076263468123
2 41 -229.49396153535417
2 42 -2141.8397355546404
2 43 -122.4595159897035
2 44 -2046.1485197586171
2 45 -25.53507049469772
2 46 -1933.9641396072693
2 47 64.251237625967406
2 48 -1809.0552258115622
2 49 149.87243310429221
2 50 -1675.1751457832142
2 51 234.17557898710584
2 52 -1535.9231532897866
2 53 319.77227383777063
2 54 -1394.6327331268549
2 55 408.89213159402971
2 56 -1254.1941446386318
2 57 504.32299409521875
2 58 -1116.6394500094157
2 59 592.78695430862172
2 60 -1017.4529673463439
2 61 853.08351186199616
2 62 -98.758978685964394
2 63 0
3 0 0
3 1 609.14999631336286
3 2 4079.6712810106328
3 3 -34.724917560424728
3 4 3980.672530872198
3 5 126.16569179044745
3 6 3853.1691303205662
3 7 212.28205562806579
3 8 3681.9584882096024
3 9 332.63644396583913
3 10 3473.904943530215
3 11 476.58077494929785
3 12 3236.9061541146493
3 13 638.57592123781615
3 14 2976.0397836923858
3 15 811.43623642674356
3 16 2697.3426902543451
3 17 988.13418381382689
3 18 2407.157987914843
3 19 1161.908326645289
3 20 2111.889291342095
3 21 1326.531276328069
3 22 1817.7272787795573
3 23 1476.5241190104916
3 24 1530.4092434405447
3 25 1607.3288926747864
3 26 1255.0162274578724
3 27 1715.4299687547336
3 28 995.81551907022003
3 29 1798.4212469684735
3 30 756.15235521695467
3 31 1855.0191059830468
3 32 538.39165027511626
3 33 1885.0242424434782
3 34 343.90771737093928
3 35 1889.2381958892202
3 36 173.11754401703183
3 37 1869.3424081163812
3 38 25.55135212105597
3 39 1827.7490056789247
3 40 -100.04701874208877
3 41 1767.4330927434312
3 42 -205.59790532388433
3 43 1691.7562388641727
3 44 -293.54972697319681
3 45 1604.2901278922272
3 46 -366.73635956390171
3 47 1508.6481317609923
3 48 -428.23435859418169
3 49 1408.3310541423089
3 50 -481.22523003257811
3 51 1306.5914710352899
3 52 -528.86604791524405
3 53 1206.3218802666142
3 54 -574.17908161028208
3 55 1109.917004697536
3 56 -619.88195777189503
3 57 1020.1196625587272
3 58 -667.95928587453091
3 59 925.16474502986057
3 60 -750.78723437513872
3 61 983.46566780378453
3 62 -101.43117015104508
3 63 0
4 0 0
4 1 -158.52791059387528
4 2 3269.5308034988102
4 3 -782.64623421659962
4 4 3174.8766244675153
4 5 -618.5034658699351
4 6 3057.5173718943915
4 7 -524.4524959437058
4 8 2899.1101814256126
4 9 -394.11552649539772
4 10 2707.2356405142273
4 11 -237.7700587317122
4 12 2489.5787493221633
4 13 -60.918065815940281
4 14 2251.1176856880866
4 15 129.30435402154217
4 16 1997.7194017883448
4 17 325.87069968030846
4 18 1735.5121986668109
4 19 521.97578404502565
4 20 1470.6412510463451
4 21 711.29788317421117
4 22 1208.9984689566791
4 23 888.21009038042575
4 24 955.98658930953206
4 25 1047.9523393200907
4 26 716.32257166811542
4 27 1186.7553952754406
4 28 493.88804422392241
4 29 1301.9137382912049
4 30 291.63045618929573
4 31 1391.8070664544757
4 32 111.5154367141713
4 33 1455.8731312490636
4 34 -45.472094035403643
4 35 1494.5371199644342
4 36 -179.282989205376
4 37 1509.1047380167311
4 38 -290.72191076693343
4 39 1501.6274203162538
4 40 -381.33632641006443
4 41 1474.748689918215
4 42 -453.28496966021703
4 43 1431.5406155617438
4 44 -509.19414549639441
4 45 1375.3386816858892
4 46 -552.00960641741403
4 47 1309.5822935383694
4 48 -584.85065772515554
4 49 1237.6667563330557
4 50 -610.87186251143066
4 51 1162.8108926402092
4 52 -633.13580209864995
4 53 1087.9452015444713
4 54 -654.50651782725799
4 55 1015.5755915945974
4 56 -677.49556834542091
4 57 948.52975555568264
4 58 -703.87390446171594
4 59 876.60926411103901
4 60 -762.47754494715991
4 61 942.18092571622947
4 62 -170.42242907336913
4 63 0
5 0 0
5 1 -636.42428980301702
5 2 2762.4771278908611
5 3 -1230.6748417415747
5 4 2669.7441894668827
5 5 -1069.2310699027985
5 6 2555.8056857221345
5 7 -975.25230264068341
5 8 2400.7471192078356
5 9 -845.52362657746016
5 10 2213.0777310849226
5 11 -689.77469445599127
5 12 2000.4038652928102
5 13 -513.27805653045289
5 14 1767.8441243560883
5 15 -322.86970026689232
5 16 1521.3703776055354
5 17 -125.29078919101266
5 18 1267.2064416392459
5 19 72.926641615822518
5 20 1011.5806564613194
5 21 265.71178636913828
5 22 760.45398688506793
5 23 447.65797115360328
5 24 519.2821743719378
5 25 614.18748674100243
5 26 292.81764880124683
5 27 761.67025005133837
5 28 84.959090088432276
5 29 887.49343800031966
5 30 -101.34762401321495
5 31 990.08189469600438
5 32 -264.15656789140485
5 33 1068.871954981887
5 34 -402.51950313177076
5 35 1124.243712115458
5 36 -516.43919896378065
5 37 1157.418600348592
5 38 -606.78524305330939
5 39 1170.3303677279564
5 40 -675.18047044359264
5 41 1165.4780589026359
5 42 -723.86667340538224
5 43 1145.7695433648496
5 44 -755.55814765380092
5 45 1114.3634933318936
5 46 -773.29097812821601
5 47 1074.5166558763231
5 48 -780.27489474266076
5 49 1029.4419280000966
5 50 -779.75322214456355
5 51 982.18113255938988
5 52 -774.87458332825554
5 53 935.49700573589689
5 54 -768.58525714555981
5 55 891.74376715845938
5 56 -763.48221338093936
5 57 853.53003006503059
5 58 -761.46323521015802
5 59 811.76843675621058
5 60 -788.34756577634835
5 61 893.58227212414931
5 62 -240.7559555251737
5 63 0
6 0 0
6 1 -673.60704102270574
6 2 2705.6885526405949
6 3 -1227.9107714846305
6 4 2615.336019721326
6 5 -1070.4304252442398
6 6 2503.7219094826924
6 7 -977.69220955683522
6 8 2350.3483691456495
6 9 -850.27815425178233
6 10 2164.696329691651
6 11 -697.44518421543944
6 12 1954.1311483067147
6 13 -524.36843600389693
6 14 1723.8060188162763
6 15 -337.69672062931022
6 16 1479.6873112800313
6 17 -144.0013175454169
6 18 1227.9839009806892
6 19 50.345917213689972
6 20 974.90057510754013
6 21 239.41926891097864
6 22 726.36933777516788
6 23 417.93860580128239
6 24 487.81434596207873
6 25 581.43149366287616
6 26 263.95644634931159
6 27 726.35017955349213
6 28 58.665076068109556
6 29 850.14059703212297
6 30 -125.13882635403206
6 31 951.26314586195804
6 32 -285.52846015372779
6 33 1029.1677791713028
6 34 -421.56788492206942
6 35 1084.2282754026655
6 36 -533.26484232911753
6 37 1117.6423890844944
6 38 -621.48656481895159
6 39 1131.3057698146167
6 40 -687.8466548414508
6 41 1127.6680870878408
6 42 -734.57163133525682
6 43 1109.5797295013199
6 44 -764.35561841208255
6 45 1080.1368404656841
6 46 -780.21099134275573
6 47 1042.531421228432
6 48 -785.32172398695366
6 49 999.91192844868237
6 50 -782.90487887784366
6 51 955.25821402020483
6 52 -776.0838965396033
6 53 911.27511763033908
6 54 -767.78166457529551
6 55 870.26862451011766
6 56 -760.58118993387325
6 57 834.72656259004907
6 58 -756.40665705805077
6 59 796.7592218790287
6 60 -778.10624860035205
6 61 868.29409569872951
6 62 -299.197000725826
6 63 0
7 0 0
7 1 -675.93751854815309
7 2 2696.4096287315442
7 3 -1178.704582298451
7 4 2610.6252108263561
7 5 -1024.8292149242388
7 6 2502.1147955669676
7 7 -932.56447721046243
7 8 2351.0409422556222
7 9 -806.68309769293955
7 10 2168.0716624985052
7 11 -655.89899431870435
7 12 1960.290471248527
7 13 -485.31935401001647
7 14 1732.8753891661108
7 15 -301.42844037754912
7 16 1491.7683776729973
7 17 -110.65856284631082
7 18 1243.1391295649519
7 19 80.741819596141795
7 20 993.13957942399611
7 21 266.95053771845778
7 22 747.63944220421763
7 23 442.76916116814391
7 24 511.99500576331047
7 25 603.7838738109258
7 26 290.85742316965479
7 27 746.48226919862282
7 28 88.028130608108768
7 29 868.32320350254122
7 30 -93.63506285353651
7 31 967.75938433779629
7 32 -252.26087053624724
7 33 1044.2150878304801
7 34 -386.95901678238442
7 35 1098.0236968293866
7 36 -497.77138174817992
7 37 1130.3315452039442
7 38 -585.58670950787928
7 39 1142.9757408507157
7 40 -652.02695459447568
7 41 1138.3441960958862
7 42 -699.31383208086118
7 43 1119.22604592678
7 44 -730.12399658978211
7 45 1088.6600575133798
7 46 -747.44060347029517
7 47 1049.7876399028883
7 48 -754.40792879817309
7 49 1005.7157961909979
7 50 -754.19441852204727
7 51 959.39382343885882
7 52 -749.86781601751318
7 53 913.50789869011351
7 54 -744.28938502251185
7 55 870.36206199968547
7 56 -739.98299785102972
7 57 832.37584697144484
7 58 -738.84565537127855
7 59 792.90222654435638
7 60 -760.78817428424372
7 61 848.90868487264015
7 62 -353.94109469848445
7 63 0
8 0 0
8 1 -715.96602413706023
8 2 2657.3749029296323
8 3 -1158.6863388629354
8 4 2576.8395476234218
8 5 -1008.8642738651288
8 6 2471.3879570356312
8 7 -916.98618352893391
8 8 2322.4966060297447
8 9 -792.5522416712738
8 10 2142.165347243008
8 11 -643.68131324954447
8 12 1937.1593509788454
8 13 -475.42963453111042
8 14 1712.6864209387804
8 15 -294.11504141307887
8 16 1474.6707459153185
8 17 -106.02634714018677
8 18 1229.2521316965122
8 19 82.718045939600415
8 20 982.53963225829466
8 21 266.40715313988039
8 22 740.35061265362856
8 23 439.93242637156982
8 24 507.98300118231055
8 25 598.94710221328751
8 26 290.0270813483985
8 27 739.98256430058973
8 28 90.2242272559306
8 29 860.51879256956454
8 30 -88.624004257553679
8 31 959.00849257759546
8 32 -244.69618875855303
8 33 1034.8571601582535
8 34 -377.14344070423067
8 35 1088.3636031508104
8 36 -486.03901801698157
8 37 1120.6272117419758
8 38 -572.29204394957378
8 39 1133.4294501239128
8 40 -637.53340665471114
8 41 1129.09760350135
8 42 -683.98236391544742
8 43 1110.3587835634698
8 44 -714.30222423032319
8 45 1080.1916444734161
8 46 -731.45279368986849
8 47 1041.6822983472684
8 48 -738.54619647022446
8 49 997.88968777829723
8 50 -738.71136692673645
8 51 951.7241794014808
8 52 -734.97084442237792
8 53 905.84335572430064
8 54 -730.13593279256384
8 55 862.5380620571832
8 56 -726.68379115157222
8 57 824.14828482910707
8 58 -726.49784947884655
8 59 785.22969701566581
8 60 -746.64126422021582
8 61 828.17332819900003
8 62 -407.36015808420234
8 63 0
9 0 0
9 1 -777.4817487643304
9 2 2608.4067843441971
9 3 -1150.1909526714371
9 4 2534.8499606366204
9 5 -1004.2815652070658
9 6 2432.8800336888889
9 7 -912.39539966068151
9 8 2286.3160670965499
9 9 -789.13333294963195
9 10 2108.6862293770992
9 11 -641.92245474714582
9 12 1906.4424525481627
9 13 -475.7616407914611
9 14 1684.8440972978551
9 15 -296.79474544082041
9 16 1449.8114823823016
9 17 -111.1643347314839
9 18 1207.467018468833
9 19 75.142518488746646
9 20 963.88840796635122
9 21 256.52660163473229
9 22 724.85166499518527
9 23 427.96989493467663
9 24 495.60706683564604
9 25 585.19394039535655
9 26 280.69456168395845
9 27 724.77614708077454
9 28 83.805825562421887
9 29 844.22104297914302
9 30 -92.303732100162961
9 31 941.98598974912784
9 32 -245.85286877254475
9 33 1017.463492769366
9 34 -376.0250558059397
9 35 1070.9244763120296
9 36 -482.91680258785163
9 37 1103.4286480139599
9 38 -567.45066817711631
9 39 1116.7092539267287
9 40 -631.26098540919884
9 41 1113.0400960780662
9 42 -676.56076727189429
9 43 1095.0926700104446
9 44 -705.99809500322408
9 45 1065.790753955298
9 46 -722.50959801181125
9 47 1028.1688460963778
9 48 -729.17755332468914
9 49 985.23964562673427
9 50 -729.09582189026878
9 51 939.87431895357076
9 52 -725.24822834907354
9 53 894.69936972932373
9 54 -720.40455913224832
9 55 851.98756824524935
9 56 -717.00537292826994
9 57 813.99349481330319
9 58 -716.93263506631411
9 59 776.43529244824094
9 60 -734.49854991736174
9 61 807.52546708708905
9 62 -459.56116541674419
9 63 0
10 0 0
10 1 -843.23139121806889
10 2 2561.5743258924795
10 3 -1139.1836448865433
10 4 2495.4096853718966
10 5 -997.66361147999305
10 6 2396.8282926773554
10 7 -905.73259344068902
10 8 2252.4738847323533
10 9 -783.60247165392138
10 10 2077.4783775948436
10 11 -637.98186878329943
10 12 1877.9433238705678
10 13 -473.83276834125354
10 14 1659.1750512588987
10 15 -297.13322184079516
10 16 1427.0845937687682
10 17 -113.88691363549697
10 18 1187.7732253140039
10 19 70.044587539541681
10 20 947.28429301653705
10 21 249.16905533132194
10 22 711.34993979171668
10 23 418.5552006731541
10 24 485.1707105785863
10 25 573.99011892584895
10 26 273.2346326354218
10 27 712.09561306773139
10 28 79.182667673194373
10 29 830.40028345067185
10 30 -94.276318543506932
10 31 927.36680178973074
10 32 -245.40103225376697
10 33 1002.376374879077
10 34 -373.4064764444156
10 35 1055.6746224040126
10 36 -478.41107555086637
10 37 1088.2848387325339
10 38 -561.34909436877933
10 39 1101.8957852172662
10 40 -623.85632978703143
10 41 1098.7317393301055
10 42 -668.13747486662578
10 43 1081.4125302260891
10 44 -696.82337093581737
10 45 1052.8107862853631
10 46 -712.82566589729868
10 47 1015.9127117731259
10 48 -719.19531481512422
10 49 973.68753673094943
10 50 -718.99004994406823
10 51 928.96936696433841
10 52 -715.15439078666532
10 53 884.35509373994137
10 54 -710.41653777115243
10 55 842.10008750460474
10 56 -707.18067091775083
10 57 804.37543716129767
10 58 -707.32712958943011
10 59 768.03025022513793
10 60 -722.50417164809733
10 61 787.53375335622877
10 62 -509.56373527810683
10 63 0
11 0 0
11 1 -918.46158784392173
11 2 2515.5417018993376
11 3 -1129.3140181521721
11 4 2458.3214775645956
11 5 -991.95543607493164
11 6 2363.5191751736784
11 7 -899.55625017523744
11 8 2221.5371196523392
11 9 -778.23248453228189
11 10 2049.256546399647
11 11 -633.89897133561135
11 12 1852.4384565864693
11 13 -471.47370553375367
11 14 1636.4565725723423
11 15 -296.76419023303424
11 16 1407.2240229666022
11 17 -115.63651985397883
11 18 1170.8294904792638
11 19 66.169682753525194
11 20 933.28878897978029
11 21 243.26454723109237
11 22 700.29592406513075
11 23 410.79867408484461
11 24 477.00668938546187
11 25 564.62027179122742
11 26 267.86162040366435
11 27 701.39193882141626
11 28 76.454953705251683
11 29 818.6638828078685
11 30 -94.547390438037837
11 31 914.90291100626564
11 32 -243.44085473444466
11 33 989.47908579702926
11 34 -369.46917118143574
11 35 1042.6141425284641
11 36 -472.77032497277105
11 37 1075.2975043089918
11 38 -554.288423302296
11 39 1089.1769073168689
11 40 -615.6593907860497
11 41 1086.4312392016018
11 42 -659.07881494240428
11 43 1069.6332123984575
11 44 -687.16006713316347
11 45 1041.6090100022757
11 46 -702.79012386436079
11 47 1005.3011579259419
11 48 -708.98943209272147
11 49 963.63972642734552
11 50 -708.78085799677137
11 51 919.42557892821242
11 52 -705.07126149550459
11 53 875.22915753766029
11 54 -700.54928071385802
11 55 833.29065561201787
11 56 -697.58486633304528
11 57 795.70100610339978
11 58 -698.05836090495177
11 59 760.40660326839316
11 60 -711.04891608229082
11 61 768.57736493707307
11 62 -557.80768125259783
11 63 0
12 0 0
12 1 -996.78732854044938
12 2 2471.070443868939
12 3 -1117.7400033830054
12 4 2422.9653089207659
12 5 -985.02999713900863
12 6 2331.772372241403
12 7 -892.20774648879342
12 8 2192.0178172763372
12 9 -771.70862082880376
12 10 2022.3573327996291
12 11 -628.64764022378949
12 12 1828.1769677514603
12 13 -467.91798025651588
12 14 1614.9118694613662
12 15 -295.16422497977146
12 16 1388.4721678323331
12 17 -116.1213140505879
12 18 1154.9306098231682
12 19 63.588087579091734
12 20 920.27311741276208
12 21 238.67254207061706
12 22 690.15393474387565
12 23 404.36159899286395
12 24 469.68309682142717
12 25 556.56261416174857
12 26 263.25321320541661
12 27 691.97799653011316
12 28 74.411907064586558
12 29 808.17953542577925
12 30 -94.217229064952335
12 31 903.63904210448709
12 32 -240.96531524264719
12 33 977.71708559548642
12 34 -365.10340246422857
12 35 1030.6137994689379
12 36 -466.78738830223665
12 37 1063.2874707994233
12 38 -546.96946173748984
12 39 1077.3478052158225
12 40 -607.28393330578001
12 41 1074.9313604662802
12 42 -649.91568793857368
12 43 1058.5666745669187
12 44 -677.4592882379693
12 45 1031.0361495612597
12 46 -692.77605126671915
12 47 995.24088778366604
12 48 -698.8553454959856
12 49 954.07354896224206
12 50 -698.68505623844612
12 51 910.30293885978608
12 52 -695.13473006281856
12 53 866.47364822738382
12 54 -690.85426541732886
12 55 824.81061515977672
12 56 -688.1802912346302
12 57 787.32649251946896
12 58 -688.99323078426278
12 59 753.02803016938924
12 60 -699.8979022569074
12 61 750.26772509545481
12 62 -603.84689734291896
12 63 0
13 0 0
13 1 -1083.8442056069653
13 2 2426.6145075159784
13 3 -1108.4296464844101
13 4 2388.9618183034145
13 5 -980.07299058622266
13 6 2301.6893828923912
13 7 -886.43470616602826
13 8 2164.2837723220509
13 9 -766.45023182209115
13 10 1997.27902930249
13 11 -624.37617391992717
13 12 1805.702794320041
13 13 -465.07269858580003
13 14 1595.0715085580214
13 15 -294.01695472301981
13 16 1371.3047033263592
13 17 -116.8134588851899
13 18 1140.46865667774
13 19 61.029219904185084
13 20 908.52710804938397
13 21 234.3143551513549
13 22 681.10115461763598
13 23 398.34671086396156
13 24 463.26091465971331
13 25 549.08959583599426
13 26 259.35630380331531
13 27 683.28293859281075
13 28 72.893023599363005
13 29 798.51893356135406
13 30 -93.543496672054971
13 31 893.27441704085686
13 32 -238.31643803760016
13 33 966.90165941595296
13 34 -360.72114062903893
13 35 1019.5814501912537
13 36 -460.92901324641389
13 37 1052.2440849911163
13 38 -539.89859036391863
13 39 1066.4650498767969
13 40 -599.26151959643903
13 41 1064.3428060348015
13 42 -641.19162637439331
13 43 1048.3661232626673
13 44 -668.26498270415868
13 45 1021.2779626158408
13 46 -683.31820232856444
13 47 985.94206033908449
13 48 -689.31111273400347
13 49 945.2172547810278
13 50 -689.19866598662338
13 51 901.84326201665499
13 52 -685.81557283664552
13 53 858.34104593232041
13 54 -681.77586267665902
13 55 816.92154733445932
13 56 -679.38573910737432
13 57 779.521981041853
13 58 -680.52797757331973
13 59 746.16985310740347
13 60 -689.43543806767593
13 61 732.89069125053175
13 62 -648.07589529891629
13 63 0
14 0 0
14 1 -1171.9324078740101
14 2 2383.9900153234339
14 3 -1097.4316344629642
14 4 2356.7319189112368
14 5 -973.89455425513916
14 6 2273.1438042910668
14 7 -879.55570211306622
14 8 2137.9217432411224
14 9 -760.15141258380936
14 10 1973.4566579757029
14 11 -619.09114663194487
14 12 1784.3884187982439
14 13 -461.22067565761427
14 14 1576.305884731255
14 15 -291.85845322103887
14 16 1355.1321659804216
14 17 -116.48516390323493
14 18 1126.9234322753618
14 19 59.499674011931347
14 20 897.61888870043549
14 21 230.99010930422992
14 22 672.8050875324243
14 23 393.36316780804736
14 24 457.51160280360637
14 25 542.63609557665404
14 26 256.04568174912856
14 27 675.58523186903585
14 28 71.87168411633138
14 29 789.82292693581257
14 30 -92.46209098705549
14 31 883.83157410589774
14 32 -235.34951103556523
14 33 956.95634753951708
14 34 -356.10861054919951
14 35 1009.3604277187751
14 36 -454.92462128322586
14 37 1041.948231176093
14 38 -532.76076570796249
14 39 1056.2633519953124
14 40 -591.24451794332344
14 41 1054.368537757
14 42 -632.53738043727026
14 43 1038.7150816939084
14 44 -659.19599899757486
14 45 1012.0085756170738
14 46 -674.031732489766
14 47 977.07713799195517
14 48 -679.97473126411023
14 49 936.74713373275154
14 50 -679.94729886322602
14 51 893.73008913753438
14 52 -676.74999163500615
14 53 850.52378167347342
14 54 -672.96202852844544
14 55 809.32504446309395
14 56 -670.86019063822278
14 57 771.9979335320204
14 58 -672.32965361654351
14 59 739.54930095396776
14 60 -679.33285404251365
14 61 716.20086527559579
14 62 -690.07362390038907
14 63 0
15 0 0
15 1 -1266.6089818537785
15 2 2341.7873826929281
15 3 -1088.6120813779598
15 4 2326.0257869083034
15 5 -969.53080741286612
15 6 2246.3519197003734
15 7 -874.13233547408709
15 8 2113.3973554924523
15 9 -755.01458121038922
15 10 1951.4694268025323
15 11 -614.69759446595162
15 12 1764.8444827784715
15 13 -458.00374434179503
15 14 1559.2016819709897
15 15 -290.08974677253718
15 16 1340.4797455280004
15 17 -116.31359883494952
15 18 1114.7340083539348
15 19 58.031266394209524
15 20 887.88673721751366
15 21 227.92607526866959
15 22 665.49644552083009
15 23 388.81665269627774
15 24 452.55786466782411
15 25 536.77134050644781
15 26 253.34060160844274
15 27 668.6009656391434
15 28 71.27207533130786
15 29 781.9371826542465
15 30 -91.132770859303491
15 31 875.26819999084182
15 32 -232.29536387248118
15 33 947.93340945784621
15 34 -351.55397886796891
15 35 1000.0806282050689
15 36 -449.10590959830188
15 37 1032.591396534599
15 38 -525.91800482559847
15 39 1046.9809711935341
15 40 -583.61319046298377
15 41 1045.2802744680412
15 42 -624.34092751573189
15 43 1029.9071278438987
15 44 -650.6393230665708
15 45 1003.5336731391453
15 46 -665.29590879440548
15 47 968.95606494626918
15 48 -671.21304666670767
15 49 928.97143221648548
15 50 -671.28265565088441
15 51 886.26581089670253
15 52 -668.27368590338665
15 53 843.31586375583356
15 54 -664.73333003500557
15 55 802.3055490752995
15 56 -662.91159807292388
15 57 765.02901456478867
15 58 -664.69786254401697
15 59 733.429027496868
15 60 -669.89216784918426
15 61 700.45413215211738
15 62 -730.16048661429522
15 63 0
16 0 0
16 1 -1360.156554386549
16 2 2301.7664517226422
16 3 -1078.0897785650723
16 4 2297.2266020872212
16 5 -963.88843979866579
16 6 2221.1700224602282
16 7 -867.6060014408904
16 8 2090.3005241621031
16 9 -748.87915449721731
16 10 1930.7735184327157
16 11 -609.36589857192303
16 12 1746.479775994203
16 13 -453.88239543626696
16 14 1543.1773252089442
16 15 -287.43370712049909
16 16 1326.813885430056
16 17 -115.26222635325212
16 18 1103.4399581149046
16 19 57.439333596676079
16 20 878.95849354708844
16 21 225.73521565618648
16 22 658.89874911704283
16 23 385.13688930947865
16 24 448.22028957014481
16 25 531.76155479377485
16 26 251.15546026768243
16 27 662.45314557136226
16 28 71.095658648800963
16 29 774.86202873160437
16 30 -89.476219920925359
16 31 867.48234019182746
16 32 -229.00761225059796
16 33 939.64840024796104
16 34 -346.85538409462424
16 35 991.49384907946114
16 36 -443.22727191001832
16 37 1023.8788805168042
16 38 -519.09227820488013
16 39 1038.2921519919819
16 40 -576.06755165693357
16 41 1036.7345765814662
16 42 -616.28959990684962
16 43 1021.5922791076082
16 44 -642.27744573486234
16 45 995.50558186933813
16 46 -656.79463835977003
16 47 961.24007662865552
16 48 -662.71598673210974
16 49 921.56476372338147
16 50 -662.90362888707932
16 51 879.14096149575016
16 52 -660.09583310346898
16 53 836.42464642252889
16 54 -656.80897358220136
16 55 795.58686601330919
16 56 -655.26735861567431
16 57 758.35452908563639
16 58 -657.36449835753774
16 59 727.56132946096841
16 60 -660.84546304523428
16 61 685.44122689786491
16 62 -767.98336854722038
16 63 0
17 0 0
17 1 -1458.1019687682328
17 2 2262.482552646361
17 3 -1069.724060715771
17 4 2270.0117217766547
17 5 -959.97910812002374
17 6 2197.7164035206442
17 7 -862.49573593590867
17 8 2068.9786687967171
17 9 -743.88828994074174
17 10 1911.8138952819663
17 11 -604.92775355101003
17 12 1729.7592030217857
17 13 -450.41417925517635
17 14 1528.6669334841463
17 15 -285.19965155737736
17 16 1314.5049406944054
17 17 -114.41277251265092
17 18 1093.3275331069581
17 19 56.851221501119653
17 20 871.025512367396
17 21 223.73600343712496
17 22 653.10505264619678
17 23 381.81540926416346
17 24 444.49595336004677
17 25 527.25292849231664
17 26 249.39801589312083
17 27 656.92396740359982
17 28 71.170668746844967
17 29 768.49700467960247
17 30 -87.73186633561636
17 31 860.47253327592443
17 32 -225.78036278559921
17 33 932.18118383333604
17 34 -342.34832203310361
17 35 983.74462027663867
17 36 -437.65268926563294
17 37 1016.0045389000061
17 38 -512.66409157619819
17 39 1030.4263045270545
17 40 -568.99403979286944
17 41 1028.9843899727202
17 42 -608.76684045183538
17 43 1014.036865512935
17 44 -634.48372525272134
17 45 988.19577644917445
17 46 -648.88601126540379
17 47 954.19944458399186
17 48 -654.82307048227995
17 49 914.7916605456885
17 50 -655.12964790741535
17 51 872.61147238564263
17 52 -652.51589589365722
17 53 830.09607741360014
17 54 -649.47006684406006
17 55 789.40476512343594
17 56 -648.19324161362601
17 57 752.20071778971942
17 58 -650.58445076715543
17 59 722.16191249481199
17 60 -652.44680376395081
17 61 671.37268432020392
17 62 -803.80675942706148
17 63 0
18 0 0
18 1 -1552.8908118994877
18 2 2225.6519089410176
18 3 -1059.7562057967025
18 4 2244.775894121176
18 5 -954.83089531853693
18 6 2175.8914581653244
18 7 -856.36967802429353
18 8 2049.0908033707456
18 9 -738.01368638442
18 10 1894.134956171456
18 11 -599.68964980043893
18 12 1714.1937836527177
18 13 -446.19676571073796
18 14 1515.2004854087409
18 15 -282.24550189861475
18 16 1303.1358387422642
18 17 -112.85837262562382
18 18 1084.0536462808359
18 19 56.961015388878877
18 20 863.83015516275918
18 21 222.43123735279369
18 22 647.94739215585651
18 23 379.18502505362994
18 24 441.30531846349186
18 25 523.42961213867056
18 26 248.071849949838
18 27 652.07016788235705
18 28 71.575618352426318
18 29 762.79232467300062
18 30 -85.756335602127365
18 31 854.10263623657556
18 32 -222.41648221097421
18 33 925.32830791469678
18 34 -337.79332444510146
18 35 976.57974271214698
18 36 -432.11151761397559
18 37 1008.6811916949046
18 38 -506.34205491633111
18 39 1023.076002718426
18 40 -562.08986710544195
18 41 1021.7135986749781
18 42 -601.46648260115398
18 43 1006.9254010431905
18 44 -626.9551519721972
18 45 981.29651179306165
18 46 -641.27515425980164
18 47 947.53917071557225
18 48 -647.25097751079375
18 49 908.37294363836918
18 50 -647.69084290219325
18 51 866.41534920772756
18 52 -645.27790848387667
18 53 824.08528829773786
18 54 -642.4736346048121
18 55 783.53036590215197
18 56 -641.45700657718407
18 57 746.3530662107587
18 58 -644.13238156930674
18 59 717.02775099993232
18 60 -644.4734672982122
18 61 658.07764008241065
18 62 -837.33694668808312
18 63 0
19 0 0
19 1 -1649.8207327231285
19 2 2189.8714189546808
19 3 -1051.8876124024246
19 4 2221.1712030127728
19 5 -951.31084993909099
19 6 2155.7539072318832
19 7 -851.60389505745115
19 8 2030.9016172689098
19 9 -733.25462514048922
19 10 1878.0837146891827
19 11 -595.33869437018438
19 12 1700.1415350193838
19 13 -442.64396050266441
19 14 1503.1016696468669
19 15 -279.73984478535385
19 16 1292.9676490614384
19 17 -111.54543788052251
19 18 1075.8004166916635
19 19 57.023591159577336
19 20 857.46811355420505
19 21 221.25699053390235
19 22 643.43423617287954
19 23 376.84315022374903
19 24 438.57384376906339
19 25 520.03061060759137
19 26 247.02725978613671
19 27 647.75282190794314
19 28 72.095955181339377
19 29 757.7120887503952
19 30 -83.817261770491314
19 31 848.42150763506652
19 32 -219.2243245985992
19 33 919.20620752716786
19 34 -333.52723143025287
19 35 970.16740807021051
19 36 -426.95756003467977
19 37 1002.1145577411517
19 38 -500.48656811441106
19 39 1016.4720203761135
19 40 -555.713137919156
19 41 1015.1674176995584
19 42 -594.73711198734236
19 43 1000.5088223351777
19 44 -620.02532712313041
19 45 975.05759611067333
19 46 -634.27697164115671
19 47 941.50287694674262
19 48 -640.29388032622592
19 49 902.54265877547368
19 50 -640.86016747069152
19 51 860.7751762042426
19 52 -638.63450897088114
19 53 818.60281553645109
19 54 -636.05413603227134
19 55 778.16259807832466
19 56 -635.27821713478261
19 57 741.00005718946704
19 58 -638.21738675642337
19 59 712.33669307275704
19 60 -637.13323788761045
19 61 645.72848602892918
19 62 -868.78826040219792
19 63 0
20 0 0
20 1 -1741.7409356937696
20 2 2156.7640398870935
20 3 -1042.5930302631059
20 4 2199.5895940847277
20 5 -946.65108532012709
20 6 2137.2445520910333
20 7 -845.95483293128382
20 8 2014.1383578902605
20 9 -727.76027401459942
20 10 1863.2913094108972
20 11 -590.34901804579931
20 12 1687.2116179285968
20 13 -438.51063671240809
20 14 1492.0042907306197
20 15 -276.6860182362052
20 16 1283.6880513305005
20 17 -109.69917136662843
20 18 1068.3264654858249
20 19 57.615773653196811
20 20 851.77716347288879
20 21 220.61477051806833
20 22 639.48418368227067
20 23 375.0380253336516
20 24 436.29781604295204
20 25 517.17250187266472
20 26 246.33166497096681
20 27 643.97789042232034
20 28 72.861391493006522
20 29 753.17187049677159
20 30 -81.73282585630659
20 31 843.27343195127469
20 32 -215.98072025881265
20 33 913.6055274325372
20 34 -329.29621886523819
20 35 964.2605428666684
20 36 -421.91647708023083
20 37 996.03382211626013
20 38 -494.81198443572794
20 39 1010.3316929757966
20 40 -549.57491070126707
20 41 1009.0610800375543
20 42 -588.29314351669382
20 43 994.50788036392623
20 44 -613.41723019268102
20 45 969.21088036197034
20 46 -627.62676152487984
20 47 935.83720451988484
20 48 -633.70173617158798
20 49 897.06423111692857
20 50 -634.40324499879353
20 51 855.4716913295124
20 52 -632.36675829330125
20 53 813.44604035393786
20 54 -630.00669849770929
20 55 773.11392585670546
20 56 -629.46359536226737
20 57 735.96728925622301
20 58 -632.65401643093355
20 59 707.92451812167201
20 60 -630.2444208245106
20 61 634.18778456707514
20 62 -897.92063854474691
20 63 0
21 0 0
21 1 -1833.5592485414054
21 2 2125.0114925749131
21 3 -1035.3029196437546
21 4 2179.6739473018079
21 5 -943.4922311641003
21 6 2120.3706452013193
21 7 -841.59388297848636
21 8 1998.988736784213
21 9 -723.34047723074946
21 10 1850.0135429064812
21 11 -586.2311182340818
21 12 1675.6643713165431
21 13 -435.04649231635995
21 14 1482.1338479407586
21 15 -274.10155645384293
21 16 1275.4640834543807
21 17 -108.12887347810829
21 18 1061.7276632956418
21 19 58.114708099310519
21 20 846.77723738195709
21 21 220.04735794780572
21 22 636.04230319924682
21 23 373.45778343933489
21 24 434.35275838419329
21 25 514.66894935856544
21 26 245.79930776553738
21 27 640.66534317817059
21 28 73.635013450257247
21 29 749.17955305409123
21 30 -79.78002493018721
21 31 838.73690621203423
21 32 -212.99148675097967
21 33 908.65942257778443
21 34 -325.42408471272211
21 35 959.03255748908123
21 36 -417.32010448640722
21 37 990.63995809274275
21 38 -489.64947467311504
21 39 1004.8726685340625
21 40 -543.99845128045854
21 41 1003.6198576131028
21 42 -582.44427555109723
21 43 989.14823311133659
21 44 -607.42293019302451
21 45 963.97690938374581
21 46 -621.59645054862267
21 47 930.7537086215234
21 48 -627.72525885748109
21 49 892.13782415527021
21 50 -628.54980477595745
21 51 850.69256442693586
21 52 -626.68476999760969
21 53 808.79013717094494
21 54 -624.52417936356142
21 55 768.54788136415664
21 56 -624.19201018428794
21 57 731.40809332699064
21 58 -627.61130569697343
21 59 703.93469892451321
21 60 -623.97428717986259
21 61 623.59395508337911
21 62 -924.90495663923866
21 63 0
22 0 0
22 1 -1918.7588498994046
22 2 2096.0947036769539
22 3 -1026.8299450729046
22 4 2161.797633112883
22 5 -939.34676549451979
22 6 2105.1071433646484
22 7 -836.52121014097247
22 8 1985.2441364832885
22 9 -718.36116272265826
22 10 1837.9632371818388
22 11 -581.652785120923
22 12 1665.1994217284027
22 13 -431.17858330106174
22 14 1473.2169677927232
22 15 -271.14107069792226
22 16 1268.0737329446856
22 17 -106.19029083045461
22 18 1055.8467452142395
22 19 58.987250542941183
22 20 842.38133256349101
22 21 219.86653127896716
22 22 633.09166747558265
22 23 372.28055368814239
22 24 432.78756644440364
22 25 512.58508657383572
22 26 245.53787602599186
22 27 637.78708818063024
22 28 74.574532823135087
22 29 745.63248647336877
22 30 -77.760784961355967
22 31 834.65203179002856
22 32 -210.02806320211675
22 33 904.16645369941762
22 34 -321.66133610189718
22 35 954.25438061056411
22 36 -412.90684619070817
22 37 985.68823507321213
22 38 -484.73315454202748
22 39 999.8445285532398
22 40 -538.72020124572373
22 41 998.59561918265172
22 42 -576.93459012853054
22 43 984.19008451173795
22 44 -601.79813843888041
22 45 959.12846685450859
22 46 -615.95607247681983
22 47 926.04036194643413
22 48 -622.15027443244253
22 49 887.56777222442906
22 50 -623.10180920803759
22 51 846.2584485869229
22 52 -621.40596854760588
22 53 804.47105937082597
22 54 -619.43786803340117
22 55 764.31398933891614
22 56 -619.30614596121814
22 57 727.18353823120196
22 58 -622.93983239669615
22 59 700.23703116248726
22 60 -618.17762179998681
22 61 613.83863894661772
22 62 -949.54903346433639
22 63 0
23 0 0
23 1 -2001.7043116695277
23 2 2068.8252634670334
23 3 -1020.2257935873149
23 4 2145.6147065123332
23 5 -936.55113759609776
23 6 2091.423381699542
23 7 -832.64528403788063
23 8 1973.0270377692705
23 9 -714.40013406913749
23 10 1827.3178141555491
23 11 -577.91830884639239
23 12 1655.9945332460302
23 13 -427.97393019782248
23 14 1465.3986987752887
23 15 -268.6617781989753
23 16 1261.6102262541062
23 17 -104.55406003302414
23 18 1050.7155677714763
23 19 59.728166218064871
23 20 838.55722349426287
23 21 219.7123539531276
23 22 630.53818199705347
23 23 371.272317158855
23 24 431.45195921852064
23 25 510.79412635317567
23 26 245.3488874039067
23 27 635.30571358114685
23 28 75.442593754360132
23 29 742.56581026475033
23 30 -75.941454247185902
23 31 831.11092322951663
23 32 -207.3759952168075
23 33 900.2615735425934
23 34 -318.30350692416687
23 35 950.09125434444286
23 36 -408.97397294656912
23 37 981.3633182943704
23 38 -480.35498939498211
23 39 995.44221612859474
23 40 -534.02113395577544
23 41 994.18614466912913
23 42 -572.02979216981475
23 43 979.82825125200179
23 44 -596.79040456330767
23 45 954.8531437303609
23 46 -610.93344675100525
23 47 921.87467107578414
23 48 -617.18448954479754
23 49 883.51988837302997
23 50 -618.24752039001396
23 51 842.32293372679123
23 52 -616.7007425005977
23 53 800.63054127776923
23 54 -614.90261923609069
23 55 760.543180717832
23 56 -614.94835968005646
23 57 723.41526640684606
23 58 -618.77315756646567
23 59 696.94449799726499
23 60 -612.98605171486997
23 61 605.03043328026251
23 62 -971.98611026669823
23 63 0
24 0 0
24 1 -2076.7235103335224
24 2 2044.4968508911643
24 3 -1012.7348567607442
24 4 2131.464392516591
24 5 -932.96554936159737
24 6 2079.3210344379531
24 7 -828.25767325971356
24 8 1962.187018784789
24 9 -710.07272320002812
24 10 1817.8646344381377
24 11 -573.9095629962776
24 12 1647.8300925314215
24 13 -424.54219741898669
24 14 1458.485745854432
24 15 -265.97188737014221
24 16 1255.9261331375637
24 17 -102.70240054524038
24 18 1046.2426666663305
24 19 60.703249266680359
24 20 835.27282714612738
24 21 219.8192004016164
24 22 628.40780791475481
24 23 370.55556417726621
24 24 430.42530498951237
24 25 509.32526650058207
24 26 245.3583152146166
24 27 633.17467892147761
24 28 76.403712432693283
24 29 739.87358715612572
24 30 -74.127574976046162
24 31 827.96317961992827
24 32 -204.81945588244344
24 33 896.76326763310499
24 34 -315.12151148263001
24 35 946.34218660303304
24 36 -405.28647314204136
24 37 977.4545866207518
24 38 -476.28038530547201
24 39 991.45352912728413
24 40 -529.67230469675997
24 41 990.18394437280222
24 42 -567.51065684466084
24 43 975.86459078229382
24 44 -592.19314373422094
24 45 950.96525807321086
24 46 -606.33645272218928
24 47 918.08517408935586
24 48 -612.65106127166291
24 49 879.83752226818979
24 50 -613.82527696878242
24 51 838.74380291035777
24 52 -612.42171061621775
24 53 797.13965579912838
24 54 -610.78371420535404
24 55 757.11812904728504
24 56 -610.99431081856892
24 57 719.99564402176475
24 58 -614.99424189150886
24 59 693.95664318108174
24 60 -608.28666869383596
24 61 597.0861913169756
24 62 -992.0665407321394
24 63 0
25 0 0
25 1 -2147.5005372565192
25 2 2022.0923613919695
25 3 -1006.9344737189567
25 4 2119.0318050855694
25 5 -930.55430218669244
25 6 2068.7457183669267
25 7 -824.95395377009118
25 8 1952.7941768842538
25 9 -706.6890965006678
25 10 1809.7166548500354
25 11 -570.70089173407723
25 12 1640.8171853697695
25 13 -421.75391767500514
25 14 1452.5607817063246
25 15 -263.76272494417208
25 16 1251.0608840443638
25 17 -101.16839475813322
25 18 1042.4173483329469
25 19 61.51854228164666
25 20 832.46604712030603
25 21 219.91418650486594
25 22 626.58972561848714
25 23 369.96123253629776
25 24 429.55345271593615
25 25 508.0968090510396
25 26 245.37579090520012
25 27 631.38410439478321
25 28 77.239336803813785
25 29 737.60328573371226
25 30 -72.557576118015277
25 31 825.30038978347875
25 32 -202.60868500372453
25 33 893.79539622314041
25 34 -312.36996459256261
25 35 943.15293649742671
25 36 -402.09680781799761
25 37 974.12084910502017
25 38 -472.75420427013159
25 39 988.04300113215504
25 40 -525.90670276231322
25 41 986.75342966316748
25 42 -563.5952133502542
25 43 972.45894136221978
25 44 -588.2074802570969
25 45 947.61690839959556
25 46 -602.34842081854367
25 47 914.81421474099989
25 48 -608.71557818700239
25 49 876.65225521504908
25 50 -609.98379012744408
25 51 835.64172209662502
25 52 -608.70225605640371
25 53 794.10869979028575
25 54 -607.20132937603921
25 55 754.13983248608929
25 56 -607.55360267421565
25 57 717.0177887473983
25 58 -611.70523068767579
25 59 691.35942533193884
25 60 -604.17973579660611
25 61 590.08832961353619
25 62 -1009.8909283897228
25 63 0
26 0 0
26 1 -2209.3919096789705
26 2 2002.6778554779412
26 3 -1000.5816013858748
26 4 2108.6071118588734
26 5 -927.58259598895165
26 6 2059.7175844386584
26 7 -821.35685886441934
26 8 1944.7490344646212
26 9 -703.14044199335513
26 10 1802.7272736617306
26 11 -567.40400320904882
26 12 1634.8061521398449
26 13 -418.90847785452934
26 14 1447.4971856429875
26 15 -261.49632914211907
26 16 1246.9257884959006
26 17 -99.555650649563177
26 18 1039.1961033292318
26 19 62.447768152651406
26 20 830.14045942491066
26 21 220.16591620968029
26 22 625.13276354820846
26 23 369.56933909095824
26 24 428.92611629667954
26 25 507.11576195681118
26 26 245.52594793476601
26 27 629.88254138645061
26 28 78.102190809659078
26 29 735.6583965702157
26 30 -71.057757020298595
26 31 822.99308306801322
26 32 -200.55595753092348
26 33 891.20621339588979
26 34 -309.8535758226717
26 35 940.35867645061444
26 36 -399.20785490039634
26 37 971.19186776808419
26 38 -469.58235431020512
26 39 985.04115103423828
26 40 -522.53718160955032
26 41 983.73060267249457
26 42 -560.10621362929669
26 43 969.45617572146148
26 44 -584.66808510502233
26 45 944.66401632189445
26 46 -598.81709139517625
26 47 911.92988263628649
26 48 -605.23921300728034
26 49 873.84456415975365
26 50 -606.59733339889499
26 51 832.90903953638917
26 52 -605.4288172890665
26 53 791.44080605146883
26 54 -604.05260447851106
26 55 751.5207219171316
26 56 -604.53212826132585
26 57 714.40179175397134
26 58 -608.81824073248936
26 59 689.07850700270501
26 60 -600.58103481424041
26 61 583.97562745540199
26 62 -1025.3475091531072
26 63 0
27 0 0
27 1 -2265.2850311487782
27 2 1985.4436215098303
27 3 -995.69887852908323
27 4 2099.9246777137159
27 5 -925.58609424031602
27 6 2052.1721887519107
27 7 -818.70817724620792
27 8 1938.0819863386023
27 9 -700.44081099354116
27 10 1796.9586241235902
27 11 -564.84498562667795
27 12 1629.8566706609563
27 13 -416.67003550855952
27 14 1443.3322325885456
27 15 -259.69513818608903
27 16 1243.5248971087276
27 17 -98.262186702413601
27 18 1036.5450767380935
27 19 63.201560897141462
27 20 828.22390072578855
27 21 220.37885843246841
27 22 623.92901837711179
27 23 369.26412609545878
27 24 428.40420773018195
27 25 506.33283758543257
27 26 245.64427936866196
27 27 628.67471972367639
27 28 78.808704176935862
27 29 734.086187082994
27 30 -69.824300601339928
27 31 821.12067424304769
27 32 -198.8639065643838
27 33 889.09807216168701
27 34 -307.7758382914908
27 35 938.07672589036883
27 36 -396.81914385027994
27 37 968.79321091591919
27 38 -466.95645936551955
27 39 982.57631136675627
27 40 -519.74444725146896
27 41 981.24225427227429
27 42 -557.21135572639469
27 43 966.97833340613215
27 44 -581.72843058628132
27 45 942.22165456585572
27 46 -595.88128557379605
27 47 909.53894704171034
27 48 -602.34640485532509
27 49 871.51233574331854
27 50 -603.77682248144993
27 51 830.63481386034255
27 52 -602.70013335639305
27 53 789.21677029484272
27 54 -601.42584944742339
27 55 749.3342726093033
27 56 -602.00987130656358
27 57 712.21499633793428
27 58 -606.40736185177957
27 59 687.17576444896622
27 60 -597.56300507842752
27 61 578.80735903381719
27 62 -1038.5083345909152
27 63 0
28 0 0
28 1 -2311.715430272443
28 2 1971.1944578830298
28 3 -990.62113752097503
28 4 2093.2125374997668
28 5 -923.2807249702546
28 6 2046.1402568628273
28 7 -815.99299733738917
28 8 1932.7372029522394
28 9 -697.7774438837514
28 10 1792.3217055283658
28 11 -562.37681326933853
28 12 1625.8786804655756
28 13 -414.53213775639597
28 14 1439.9935459437074
28 15 -257.973966370173
28 16 1240.8139550302622
28 17 -97.007782437685819
28 18 1034.4529484655141
28 19 63.969767450089421
28 20 826.73890092337388
28 21 220.66597281309441
28 22 623.03309894105041
28 23 369.09428591798132
28 24 428.07086025504759
28 25 505.7442618863206
28 26 245.83780143530021
28 27 627.71533108616495
28 28 79.484591185519093
28 29 732.80979038372607
28 30 -68.718100703790697
28 31 819.58366631624813
28 32 -197.38514215532632
28 33 887.35665484591664
28 34 -305.98575560816244
28 35 936.18459593471925
28 36 -394.78016115026549
28 37 966.79970240529656
28 38 -464.72989696439981
28 39 980.52496812215395
28 40 -517.388455159562
28 41 979.16980911350038
28 42 -554.77914032735498
28 43 964.91406976610961
28 44 -579.26684443145859
28 45 940.1871232398662
28 46 -593.42981046484056
28 47 907.5480070237063
28 48 -599.93653197807362
28 49 869.57148502051496
28 50 -601.43181123066825
28 51 828.74377932284915
28 52 -600.43512181664482
28 53 787.36925547673309
28 54 -599.24817436467492
28 55 747.51991498942516
28 56 -599.92063804656937
28 57 710.40234277006675
28 58 -604.41120489258537
28 59 685.60007397309164
28 60 -595.06717972226397
28 61 574.5416019408367
28 62 -1049.2957377891798
28 63 0
29 0 0
29 1 -2350.6828639881405
29 2 1959.3570096560597
29 3 -986.75379091446302
29 4 2088.2694755414377
29 5 -921.72999090394114
29 6 2041.5590654863536
29 7 -814.06823495626668
29 8 1928.7164890101849
29 9 -695.8470608310563
29 10 1788.8397174829151
29 11 -560.56413596365928
29 12 1622.8935771323449
29 13 -412.94598071317523
29 14 1437.4873713450143
29 15 -256.68510935474842
29 16 1238.7769899874002
29 17 -96.058321912551037
29 18 1032.8786550303448
29 19 64.561551539554785
29 20 825.61932536009408
29 21 220.90083806460825
29 22 622.35580096512422
29 23 368.98778238310115
29 24 427.81709876180685
29 25 505.32295941820848
29 26 245.98182895942955
29 27 627.01350351517249
29 28 79.99385519497082
29 29 731.86652598451474
29 30 -67.882063126489811
29 31 818.44037607652353
29 32 -196.26532745178338
29 33 886.05495216143026
29 34 -304.62803115369752
29 35 934.76452601635174
29 36 -393.23149036363247
29 37 965.29830364033842
29 38 -463.03659507884731
29 39 978.97515017848491
29 40 -515.5945879664614
29 41 977.59953315517123
29 42 -552.92514645088886
29 43 963.34581571682065
29 44 -577.3884325662948
29 45 938.63762572254927
29 46 -591.55715724727997
29 47 906.02824054712983
29 48 -598.09378542468039
29 49 868.08687340180768
29 50 -599.6368871251434
29 51 827.29460817745348
29 52 -598.69977422977172
29 53 785.95120626232529
29 54 -597.57823438530977
29 55 746.12557045838912
29 56 -598.31722829812861
29 57 709.00759061487406
29 58 -602.87839836519197
29 59 684.39153541248743
29 60 -593.14090269708686
29 61 571.21683944387769
29 62 -1057.7563421861669
29 63 0
30 0 0
30 1 -2380.013286904159
30 2 1950.4494090710978
30 3 -983.05743643436472
30 4 2085.251114493758
30 5 -920.13374680277593
30 6 2038.4633015623876
30 7 -812.30363094846325
30 8 1926.001384117626
30 9 -694.14704293535578
30 10 1786.4740732250084
30 11 -559.008783329773
30 12 1620.8622795375049
30 13 -411.60172321497157
30 14 1435.7854550553384
30 15 -255.594623649813
30 16 1237.402751303307
30 17 -95.245249883646466
30 18 1031.8306615658912
30 19 65.089467454981786
30 20 824.89369017366698
30 21 221.148645437097
30 22 621.94440828307052
30 23 368.97048040600566
30 24 427.70663673081799
30 25 505.06293508760791
30 26 246.15354436718917
30 27 626.53825076495195
30 28 80.423898839399044
30 29 731.20663968211375
30 30 -67.221844756204518
30 31 817.62780988583472
30 32 -195.40629770062878
30 33 885.12152890416473
30 34 -303.60350018554527
30 35 933.74068999310111
30 36 -392.07540098686877
30 37 964.21210662356316
30 38 -461.78225445601129
30 39 977.8514623690171
30 40 -514.27351992288095
30 41 976.4594704506635
30 42 -551.56611708753189
30 43 962.20637313990665
30 44 -576.01668165716546
30 45 937.51150419620899
30 46 -590.19385005285585
30 47 904.92385241986995
30 48 -596.7556852283451
30 49 867.00850881697988
30 50 -598.33623724898644
30 51 826.24274735962899
30 52 -597.44437323843158
30 53 784.92291347629362
30 54 -596.37162939907284
30 55 745.1156223282851
30 56 -597.15959516779549
30 57 707.99841259940877
30 58 -601.7720563477269
30 59 683.52011074921393
30 60 -591.74928461516174
30 61 568.80852499716639
30 62 -1063.8437773422993
30 63 0
31 0 0
31 1 -2400.7563651082364
31 2 1944.1550448107137
31 3 -980.27752267171309
31 4 2084.0316881674426
31 5 -919.05385003201445
31 6 2036.8007435251911
31 7 -811.15041800217114
31 8 1924.5734709897988
31 9 -693.04283323390337
31 10 1785.2179485487341
31 11 -558.0055793302563
31 12 1619.7776321064339
31 13 -410.73374288771447
31 14 1434.8735404723811
31 15 -254.8844324564925
31 16 1236.6663696070646
31 17 -94.704894843289367
31 18 1031.2721348213927
31 19 65.456563800125878
31 20 824.51332189066306
31 21 221.34603940457964
31 22 621.73952694593027
31 23 369.00720622270455
31 24 427.67111795001256
31 25 504.95214843522263
31 26 246.27774890859655
31 27 626.29601032995197
31 28 80.694943596881785
31 29 730.85082035504456
31 30 -66.81956689362778
31 31 817.17714207343306
31 32 -194.89043315843446
31 33 884.59476045272822
31 34 -302.99296112161755
31 35 933.15586993867328
31 36 -391.38956959732241
31 37 963.58598924553007
31 38 -461.04022009103574
31 39 977.19903203596914
31 40 -513.49339122452875
31 41 975.79358575785591
31 42 -550.76443891266536
31 43 961.53752783720847
31 44 -575.20797515735467
31 45 936.84770064328404
31 46 -589.39028415352368
31 47 904.27058058821785
31 48 -595.96687963221484
31 49 866.36882199400134
31 50 -597.56919023357113
31 51 825.61742796087856
31 52 -596.70350489113844
31 53 784.3106823997914
31 54 -595.65889969235286
31 55 744.51384346048144
31 56 -596.47503406949909
31 57 707.3965203176158
31 58 -601.117125302153
31 59 683.00572122552694
31 60 -590.91644207001082
31 61 567.33596474032311
31 62 -1067.5813668058254
31 63 0
32 0 0
32 1 -2412.0970047192714
32 2 1940.6893835707706
32 3 -978.02954793451136
32 4 2084.6876919961232
32 5 -918.19408839342032
32 6 2036.60548754101
32 7 -810.376224637821
32 8 1924.4472558455072
32 9 -692.35010874422187
32 10 1785.0781810352601
32 11 -557.40936664392393
32 12 1619.6456616853538
32 13 -410.22983338052654
32 14 1434.7607265335682
32 15 -254.4704521596941
32 16 1236.5820673494454
32 17 -94.377216896646132
32 18 1031.2232579849478
32 19 65.702459369276767
32 20 824.50438184196173
32 21 221.51552108198302
32 22 621.77276851116403
32 23 369.10638410745378
32 24 427.74673213443748
32 25 504.98773999834157
32 26 246.39414626790312
32 27 626.27517974078728
32 28 80.849067762756022
32 29 730.78099823078446
32 30 -66.631904360292538
32 31 817.06583392815446
32 32 -194.67421333274615
32 33 884.44935354345944
32 34 -302.75362956899698
32 35 932.98344701224778
32 36 -391.1327317496216
32 37 963.39315839486517
32 38 -460.77137016027336
32 39 976.99177932781822
32 40 -513.21768149819036
32 41 975.57715668017408
32 42 -550.48649418267814
32 43 961.31634093126195
32 44 -574.93175337413049
32 45 936.6252951167553
32 46 -589.1189835097066
32 47 904.04959814804897
32 48 -595.70288968870955
32 49 866.15102109135478
32 50 -597.31408325660595
32 51 825.40373077790719
32 52 -596.45806361459108
32 53 784.10122624745782
32 54 -595.42317200111938
32 55 744.30828732374721
32 56 -596.24852074193768
32 57 707.19100173164406
32 58 -600.89997169825438
32 59 682.83809642935012
32 60 -590.62970773311463
32 61 566.7907987003673
32 62 -1068.9522911434324
32 63 0
33 0 0
33 1 -2414.1030474140734
33 2 1940.0033410249762
33 3 -976.37733813940031
33 4 2087.1748969966575
33 5 -917.59990125410695
33 6 2037.8407805878851
33 7 -810.01632258335121
33 8 1925.5888735983717
33 9 -692.09630295858915
33 10 1786.0229701341268
33 11 -557.24126569316468
33 12 1620.4361067480022
33 13 -410.10598474713333
33 14 1435.4180692521368
33 15 -254.36449377593817
33 16 1237.1221506668917
33 17 -94.270646968652727
33 18 1031.6576043805981
33 19 65.821421924283641
33 20 824.84177098649525
33 21 221.65347344298425
33 22 622.0204377200389
33 23 369.26601504774226
33 24 427.91126286374492
33 25 505.16890930794034
33 26 246.48206098163428
33 27 626.47580825796467
33 28 80.867178917287674
33 29 730.99778785490344
33 30 -66.676347375960177
33 31 817.29483939625425
33 32 -194.7735318026389
33 33 884.6864272413768
33 34 -302.89983153579669
33 35 933.22457680642401
33 36 -391.31769623281798
33 37 963.6347166519954
33 38 -460.98706473003404
33 39 977.23069745825342
33 40 -513.4563852948304
33 41 975.81103800621349
33 42 -550.74100565661865
33 43 961.54352145276789
33 44 -575.19556804663807
33 45 936.84486082565854
33 46 -589.38643335295637
33 47 904.2613655083187
33 48 -595.96923924800649
33 49 866.35548599360845
33 50 -597.57558254887044
33 51 825.60199410863788
33 52 -596.7119583033309
33 53 784.29488530673552
33 54 -595.66769409684639
33 55 744.4993419653656
33 56 -596.48273439734112
33 57 707.38234206828565
33 58 -601.12279568329541
33 59 683.01782492881102
33 60 -590.89095141189318
33 61 567.17400339039159
33 62 -1067.957687996568
33 63 0
34 0 0
34 1 -2407.3416302371697
34 2 1942.0038506382298
34 3 -975.60090881643191
34 4 2091.4880118311885
34 5 -917.48547201291331
34 6 2040.5381370721898
34 7 -810.24034926713284
34 8 1928.0438269902334
34 9 -692.4177659243469
34 10 1788.1023957215803
34 11 -557.61015221378329
34 12 1622.1976259316762
34 13 -410.44759758506189
34 14 1436.8892595825855
34 15 -254.63151825988461
34 16 1238.3233298237428
34 17 -94.432283583500976
34 18 1032.6039506594498
34 19 65.781876787696092
34 20 825.5461276803544
34 21 221.74164613488756
34 22 622.49535652654231
34 23 369.47907702824523
34 24 428.17039467308859
34 25 505.49786958526965
34 26 246.54094465859089
34 27 626.90746984799262
34 28 80.743520641135547
34 29 731.51639072648322
34 30 -66.962798007352831
34 31 817.8834176305827
34 32 -195.20139934456893
34 33 885.32791022544188
34 34 -303.44672248929783
34 35 933.90266370079189
34 36 -391.960904539701
34 37 964.33454917814743
34 38 -461.70429802714352
34 39 977.93935435674939
34 40 -514.22645138927692
34 41 976.51787037875692
34 42 -551.54441491822581
34 43 962.24034707574901
34 44 -576.01502346642519
34 45 937.5260331012214
34 46 -590.20719193085824
34 47 904.92373204824617
34 48 -596.77934137880584
34 49 866.99825122877883
34 50 -598.36595222577671
34 51 826.22650152188726
34 52 -597.47638283624838
34 53 784.90432682656319
34 54 -596.40273951799827
34 55 745.09824200958974
34 56 -597.18724137383106
34 57 707.98054902070362
34 58 -601.79474310189107
34 59 683.55391227896689
34 60 -591.70921981603897
34 61 568.49296378231884
34 62 -1064.6096358982504
34 63 0
35 0 0
35 1 -2390.8988101084105
35 2 1946.9100069386513
35 3 -975.08249253905888
35 4 2097.6650677141606
35 5 -917.38005683055235
35 6 2044.6769943873733
35 7 -810.66795597166674
35 8 1931.7635342133599
35 9 -693.00433213470569
35 10 1791.2604011826261
35 11 -558.26389286721678
35 12 1624.8775445433239
35 13 -411.05273700168254
35 14 1439.131316806197
35 15 -255.1136778606633
35 16 1240.1556824329418
35 17 -94.743087049664609
35 18 1034.0468095250799
35 19 65.668923355133302
35 20 826.61639078196458
35 21 221.83582173056493
35 22 623.20992011564158
35 23 369.7764608318721
35 24 428.54837081449659
35 25 505.98483115891213
35 26 246.60489594907631
35 27 627.56365166478645
35 28 80.519873370121786
35 29 732.31722586797332
35 30 -67.443986984017101
35 31 818.8022286958585
35 32 -195.90714572359502
35 33 886.33763396046561
35 34 -304.34212234240476
35 35 934.97724124063097
35 36 -393.01029961507083
35 37 965.45001699723798
35 38 -462.87247540703902
35 39 979.07466550850586
35 40 -515.47977997188354
35 41 977.65547169501588
35 42 -552.85184732838388
35 43 963.36653463140465
35 44 -577.34891602194693
35 45 938.63110766960745
35 46 -591.54391641413895
35 47 906.00197471530919
35 48 -598.09968005311021
35 49 868.04773992525952
35 50 -599.65528062093654
35 51 827.24879049465017
35 52 -598.72465210446535
35 53 785.9040146740881
35 54 -597.60434509144034
35 55 746.08207501114521
35 56 -598.34018476294659
35 57 708.96496114301044
35 58 -602.89534720823212
35 59 684.427689441236
35 60 -593.0642172984335
35 61 570.73039548640736
35 62 -1058.8871783738796
35 63 0
36 0 0
36 1 -2366.7012696250822
36 2 1954.3247152796539
36 3 -975.75652137606994
36 4 2105.620551640186
36 5 -918.00108739903408
36 6 2050.2870329323741
36 7 -811.86582575583088
36 8 1936.8251552805305
36 9 -694.30971716997192
36 10 1795.5911509432099
36 11 -559.56341362843887
36 12 1628.5682997818185
36 13 -412.20348851993549
36 14 1442.2240021644939
36 15 -256.02489316725041
36 16 1242.6801879655613
36 17 -95.357848715593718
36 18 1036.02557414888
36 19 65.378776093893975
36 20 828.0698621092597
36 21 221.87567346918513
36 22 624.16042651420867
36 23 370.13420036373645
36 24 429.02263483028946
36 25 506.63552243577215
36 26 246.63530351745067
36 27 628.47357828559325
36 28 80.14469877934971
36 29 733.44734164493275
36 30 -68.181174117398768
36 31 820.11105644141935
36 32 -196.95865988751393
36 33 887.78365916368784
36 34 -305.65770862267527
36 35 936.52084565292171
36 36 -394.53885271996114
36 37 967.05499317977228
36 38 -464.5637682187953
36 39 980.70934909628704
36 40 -517.28607444374575
36 41 979.29352526762159
36 42 -554.72929471989119
36 43 964.98741464756677
36 44 -579.25868701431682
36 45 940.22024487685485
36 46 -593.45302988731419
36 47 907.55069910528618
36 48 -599.98152293019302
36 49 869.55298027078243
36 50 -601.48982970531506
36 51 828.71258080103871
36 52 -600.49841719092001
36 53 787.33285154157784
36 54 -599.31015631491391
36 55 747.48557035491103
36 56 -599.97599853431893
36 57 710.3668376657879
36 58 -604.45685021477402
36 59 685.6677767018482
36 60 -594.98705263649754
36 61 573.90973734072759
36 62 -1050.8317419066771
36 63 0
37 0 0
37 1 -2332.8849951610664
37 2 1964.7257784583871
37 3 -976.34527685386274
37 4 2115.4701092655159
37 5 -918.37681001152305
37 6 2057.3603487548553
37 7 -813.04888551017029
37 8 1943.1620696764185
37 9 -695.6936539097569
37 10 1801.0107167810929
37 11 -560.98805507645011
37 12 1633.1907381072597
37 13 -413.48244393475397
37 14 1446.1057810649436
37 15 -257.03826902372384
37 16 1245.8598154012179
37 17 -96.029226051541627
37 18 1038.5305890167729
37 19 65.089278609775647
37 20 829.92433891604378
37 21 221.97904867198304
37 22 625.39026581589496
37 23 370.61920426140205
37 24 429.65902081277818
37 25 507.47450735570965
37 26 246.71651876815304
37 27 629.62752706425817
37 28 79.716569723586872
37 29 734.87016151148055
37 30 -69.065905927345739
37 31 821.75319502084676
37 32 -198.24174266886985
37 33 889.59510363793015
37 34 -307.27728129704701
37 35 938.45356147994607
37 36 -396.4315930261364
37 37 969.06485105137108
37 38 -466.66707803524332
37 39 982.75758360841792
37 40 -519.5401369519459
37 41 981.34776311553651
37 42 -557.07888127471961
37 43 967.02230898699781
37 44 -581.65463279920004
37 45 942.21775023015653
37 46 -595.85333435734356
37 47 909.50002270346886
37 48 -602.35206040033518
37 49 871.4502461543816
37 50 -603.80467989489262
37 51 830.56024460574918
37 52 -602.73983601746295
37 53 789.13892804166608
37 54 -601.46833926637555
37 55 749.26192093016653
37 56 -602.0475616423937
37 57 712.14370957477513
37 58 -606.43534228574936
37 59 687.23555258429769
37 60 -597.43444767264009
37 61 577.99473590876005
37 62 -1040.399347471066
37 63 0
38 0 0
38 1 -2292.6684986884993
38 2 1977.4266900185467
38 3 -978.40814884193605
38 4 2127.0536262420592
38 5 -919.70735455220165
38 6 2065.9281117673345
38 7 -815.1669117523852
38 8 1950.8862082886935
38 9 -697.91824744243058
38 10 1807.6610184664332
38 11 -563.14576722797938
38 12 1638.8856353955816
38 13 -415.36647975135566
38 14 1450.8979864558569
38 15 -258.51723172536367
38 16 1249.7861469455529
38 17 -97.022080637998442
38 18 1041.6188290946593
38 19 64.620764385381335
38 20 832.20113825746012
38 21 222.03905343758379
38 22 626.8866937148232
38 23 371.18565584250973
38 24 430.41409792294871
38 25 508.50604337711047
38 26 246.77890353359544
38 27 631.06957572927058
38 28 79.144694245769642
38 29 736.6601740045553
38 30 -70.204913640736777
38 31 823.82507650891057
38 32 -199.8740058184012
38 33 891.88289798585174
38 34 -309.32466218018817
38 35 940.89444461360472
38 36 -398.81442976366088
38 37 971.60148537795976
38 38 -469.30692433306831
38 39 985.33988231110925
38 40 -522.36231101687736
38 41 983.93411102506434
38 42 -560.01468299200496
38 43 969.58028580047539
38 44 -584.64313726744876
38 45 944.72440265462865
38 46 -598.84271330474803
38 47 911.94173282929114
38 48 -605.30041982929106
38 49 873.82224444354506
38 50 -606.6804295755901
38 51 832.86581700576789
38 52 -605.52162073008731
38 53 791.38839824963725
38 54 -604.14472228558225
38 55 751.47045508856536
38 56 -604.61514641474423
38 57 714.34923733022515
38 58 -608.8872564760095
38 59 689.18041387178164
38 60 -600.46076725939201
38 61 583.02593721464291
38 62 -1027.6623087747794
38 63 0
39 0 0
39 1 -2243.2998346289423
39 2 1993.1449123987477
39 3 -980.04997021234885
39 4 2140.5547620076959
39 5 -920.54964123917671
39 6 2075.9877047851205
39 7 -817.05135226570746
39 8 1959.9059660322382
39 9 -700.0276748556189
39 10 1815.4227507125142
39 11 -565.2564563888518
39 12 1645.5389865711822
39 13 -417.22732874518442
39 14 1456.5112885293274
39 15 -259.96683586981817
39 16 1254.4051078975826
39 17 -97.958929711694509
39 18 1045.2761096871654
39 19 64.247777595483058
39 20 834.92643584577309
39 21 222.24102858672268
39 22 628.71380399656118
39 23 371.942811932513
39 24 431.38547102898883
39 25 509.77579061282086
39 26 246.94795173445527
39 27 632.79354171754676
39 28 78.576222392712225
39 29 738.77024419743975
39 30 -71.435752670367947
39 31 826.24851557966394
39 32 -201.68382264955653
39 33 894.54662022490083
39 34 -311.62462460088136
39 35 943.72849762294209
39 36 -401.51339303520217
39 37 974.54180603335772
39 38 -472.31460694092675
39 39 988.33037857275485
39 40 -525.59228320205875
39 41 986.9281210058034
39 42 -563.38699603202258
39 43 972.54146353407123
39 44 -588.08647847854445
39 45 947.62708134794593
39 46 -602.2960225436691
39 47 914.77081771245139
39 48 -608.71394624655295
39 49 876.57268975362967
39 50 -610.01624044365599
39 51 835.54174275377591
39 52 -608.75359067722457
39 53 794.00194613299391
39 54 -607.25822146423525
39 55 754.03923759722602
39 56 -607.60484864204045
39 57 716.91777313844796
39 58 -611.74362227802703
39 59 691.44234453233366
39 60 -603.99804947337543
39 61 588.94664848594402
39 62 -1012.5516867447004
39 63 0
40 0 0
40 1 -2189.1791494851986
40 2 2010.9285107650976
40 3 -983.40718292888596
40 4 2155.7479867681195
40 5 -922.55302674288941
40 6 2087.5772017689087
40 7 -820.01230412060977
40 8 1970.3730764547345
40 9 -703.07773376612204
40 10 1824.4915007642248
40 11 -568.1668216197977
40 12 1653.3472536764293
40 13 -419.73348990040904
40 14 1463.1174729856866
40 15 -261.90083652863905
40 16 1259.8491338849271
40 17 -99.218537741307955
40 18 1049.5882921077282
40 19 63.708800780659658
40 20 838.13753064987395
40 21 222.42417294364714
40 22 630.86202519571088
40 23 372.8149555172422
40 24 432.52090140413202
40 25 511.27832820156982
40 26 247.13456180052162
40 27 634.85043349373882
40 28 77.891874968827324
40 29 741.29499937498622
40 30 -72.900881002624374
40 31 829.15014800164499
40 32 -203.82995802492587
40 33 897.73462740367904
40 34 -314.34582400606814
40 35 947.11691909878937
40 36 -404.70130084031553
40 37 978.05241807691345
40 38 -475.86221512574411
40 39 991.89508352992561
40 40 -529.39743745810119
40 41 990.4905892426541
40 42 -567.35545721267044
40 43 976.0580889405901
40 44 -592.13441429619706
40 45 951.06731397436306
40 46 -606.35186177933065
40 47 918.11693974932496
40 48 -612.71957597455184
40 49 879.81910410235287
40 50 -613.927565962058
40 51 838.69384244508183
40 52 -612.54049467152072
40 53 797.07468471497123
40 54 -610.90418316780415
40 55 757.05405738517584
40 56 -611.10439397680238
40 57 719.92732074477317
40 58 -615.08689722131749
40 59 694.0934822523559
40 60 -608.12592435013357
40 61 595.81630374623273
40 62 -995.17327118974208
40 63 0
41 0 0
41 1 -2126.7567706331647
41 2 2031.7070183295982
41 3 -986.02911816101368
41 4 2172.8712102685677
41 5 -923.84650955636971
41 6 2100.6888545855418
41 7 -822.52896615955251
41 8 1982.1612071211803
41 9 -705.8185985442833
41 10 1834.7020516387147
41 11 -570.85098877109886
41 12 1662.1497740572977
41 13 -422.0529790643468
41 14 1470.5863083634085
41 15 -263.65808985246986
41 16 1266.0329324035047
41 17 -100.29095703885105
41 18 1054.5217967433018
41 19 63.380557696746109
41 20 841.85385865112039
41 21 222.84902603360024
41 22 633.40123119814962
41 23 373.96279760741891
41 24 433.93545096250818
41 25 513.09020542475992
41 26 247.49202349312327
41 27 637.24749265929859
41 28 77.27528138730122
41 29 744.18624485588225
41 30 -74.394512341768859
41 31 832.43906190091366
41 32 -206.09244259048864
41 33 901.32471406150216
41 34 -317.26148878306049
41 35 950.9162361723611
41 36 -408.15109185814435
41 37 981.97715659580354
41 38 -479.72786570653625
41 39 995.87225784034672
41 40 -533.56540092863725
41 41 994.45990005051499
41 42 -571.72038210637766
41 43 979.9730239251403
41 44 -596.60201170572691
41 45 954.89555436643059
41 46 -610.84107826445688
41 47 921.84014531540015
41 48 -617.16404128446811
41 49 883.4321514086696
41 50 -618.2763272477132
41 51 842.20359281061974
41 52 -616.75806958874091
41 53 800.49842049447761
41 54 -614.97021918057726
41 55 760.41605739192164
41 56 -615.01082053609935
41 57 723.28703250832405
41 58 -618.82062090035106
41 59 697.05027219697513
41 60 -612.74919034985942
41 61 603.55556996682935
41 62 -975.43023806565543
41 63 0
42 0 0
42 1 -2061.4658956503717
42 2 2054.2952471714671
42 3 -990.56437291551447
42 4 2191.6454765346316
42 5 -926.48305024454203
42 6 2115.3743929858138
42 7 -826.24043010355308
42 8 1995.4680089654175
42 9 -709.57925536276889
42 10 1846.310888942071
42 11 -574.38254964381485
42 12 1672.2078406758101
42 13 -425.04098342419638
42 14 1479.1512723149935
42 15 -265.90320396167044
42 16 1273.1429468828992
42 17 -101.6735410757974
42 18 1060.2060485553011
42 19 62.911989937219914
42 20 846.14439618917459
42 21 223.29121258053419
42 22 636.34119217113039
42 23 375.26997019767805
42 24 435.58418226439244
42 25 515.18524261382481
42 26 247.92733765934827
42 27 640.031861235002
42 28 76.593288110871072
42 29 747.5487063629771
42 30 -76.081493466517713
42 31 836.26315355331826
42 32 -208.65935995288964
42 33 905.49503532884046
42 34 -320.57491513342029
42 35 955.32358617447244
42 36 -412.0739951986252
42 37 986.52257631783868
42 38 -484.12439670073582
42 39 1000.4700394233623
42 40 -538.30537600561001
42 41 999.03963114229555
42 42 -576.68322375548087
42 43 984.48074415955489
42 44 -601.67998400402212
42 45 959.29410616690802
42 46 -615.94172823333793
42 47 926.10880764141257
42 48 -622.21181543691273
42 49 887.56564895220436
42 50 -623.21338253923386
42 51 846.21057213780659
42 52 -621.54431955150358
42 53 804.39955341944369
42 54 -619.58294646728973
42 55 764.24005117132765
42 56 -619.44148084194239
42 57 727.10194725686961
42 58 -623.05577990855454
42 59 700.41032485050891
42 60 -617.9755122957431
42 61 612.24524675935754
42 62 -953.46541926346617
42 63 0
43 0 0
43 1 -1989.0740098446713
43 2 2079.8001276375544
43 3 -994.08611279727666
43 4 2212.3461187391058
43 5 -928.21968906378061
43 6 2131.6085752573599
43 7 -829.31430843586895
43 8 2010.1210323673513
43 9 -712.84434829408383
43 10 1859.0945230414491
43 11 -577.50832496026305
43 12 1683.3001211807641
43 13 -427.67197855937411
43 14 1488.6254724387982
43 15 -267.81220727229993
43 16 1281.0454133500571
43 17 -102.72180778656548
43 18 1066.5697729223211
43 19 62.788247964817856
43 20 851.00303671197253
43 21 224.09573833783725
43 22 639.73882304253493
43 23 376.95988580708217
43 24 437.58147680819093
43 25 517.68319459597478
43 26 248.60452720076864
43 27 643.23681801852217
43 28 76.05040068483504
43 29 751.34541009447275
43 30 -77.726556503421307
43 31 840.53024548893518
43 32 -211.27433483343339
43 33 910.11189155096872
43 34 -324.0177190605209
43 35 960.17591101826838
43 36 -416.19779508437205
43 37 991.50680973707495
43 38 -488.78276592176917
43 39 1005.4966432448964
43 40 -543.35718251650178
43 41 1004.0353270369451
43 42 -581.99697850795928
43 43 989.38978435398894
43 44 -607.1374624298187
43 45 964.07866622030269
43 46 -621.44075326386883
43 47 930.74859701118839
43 48 -627.66815756276628
43 49 892.0568397002171
43 50 -628.5617848561742
43 51 850.56414714017592
43 52 -626.73867972762309
43 53 808.63925423955152
43 54 -624.59601342652604
43 55 768.39802793529088
43 56 -624.26138227920092
43 57 731.25344219988619
43 58 -627.6652326164367
43 59 704.06377362814965
43 60 -623.67908757323676
43 61 621.78048168561872
43 62 -929.15022952411164
43 63 0
44 0 0
44 1 -1915.8658767878478
44 2 2106.8420730955495
44 3 -999.67517832624253
44 4 2234.6545979928578
44 5 -931.45628297293115
44 6 2149.4639465345244
44 7 -833.67920588557354
44 8 2026.3700075361157
44 9 -717.18966221965275
44 10 1873.3777305669719
44 11 -581.51294696813238
44 12 1695.7624267490701
44 13 -430.98050530261389
44 14 1499.3163664769327
44 15 -270.20002679023492
44 16 1289.9955287991816
44 17 -104.0564352877027
44 18 1073.802744429031
44 19 62.560108511888757
44 20 856.5486877046169
44 21 224.96338033306529
44 22 643.64231673152972
44 23 378.86269360569713
44 24 439.90896400600832
44 25 520.52366887664903
44 26 249.44554641024297
44 27 646.892337601912
44 28 75.51750594529949
44 29 755.678645180069
44 30 -79.500383105823857
44 31 845.39818050188842
44 32 -214.13989431948721
44 33 915.37344994776504
44 34 -327.81485077748584
44 35 965.69820170770981
44 36 -420.76114165183753
44 37 997.1700358050839
44 38 -493.94758406151595
44 39 1011.1977326914712
44 40 -548.96482063213625
44 41 1009.6903626617859
44 42 -587.89973224975256
44 43 994.93532418364339
44 44 -613.20260924730974
44 45 969.47205992137242
44 46 -627.55364958775317
44 47 935.96741188548549
44 48 -633.73435285711821
44 49 897.09751706550378
44 50 -634.50816610384209
44 51 855.44000850177326
44 52 -632.51368534338326
44 53 813.37806105921118
44 54 -630.16932009531956
44 55 773.0370140393461
44 56 -629.62010630371879
44 57 735.87696867889463
44 58 -632.79156508997403
44 59 708.13714647783854
44 60 -629.99906002687567
44 61 632.26656608321719
44 62 -902.66896947923669
44 63 0
45 0 0
45 1 -1837.0614066611779
45 2 2136.665420044892
45 3 -1004.0226356011317
45 4 2258.865091204143
45 5 -933.6448903411565
45 6 2168.884771856483
45 7 -837.24045733220009
45 8 2043.9847023965285
45 9 -720.86950393099869
45 10 1888.8660089601217
45 11 -584.93947578881489
45 12 1709.298025946282
45 13 -433.76128210184106
45 14 1510.9634761529378
45 15 -272.08553878494968
45 16 1299.7921612509344
45 17 -104.89749502653467
45 18 1081.7756025232939
45 19 62.827229226058989
45 20 862.72842506218694
45 21 226.33354158188013
45 22 648.07412903746808
45 23 381.2770859099146
45 24 442.65926368325381
45 25 523.88377930583374
45 26 250.60507228999995
45 27 651.07253807354937
45 28 75.201400295554777
45 29 760.53733649814603
45 30 -81.154933991456346
45 31 850.78745262308075
45 32 -216.97782989349435
45 33 921.14724933480829
45 34 -331.66860341680149
45 35 971.71902252739528
45 36 -425.45663311557291
45 37 1003.3141752501251
45 38 -499.31035352983599
45 39 1017.3591714192298
45 40 -554.82587276856066
45 41 1015.7833520906934
45 42 -594.1007859291858
45 43 1000.8957788386397
45 44 -619.60052154290679
45 45 975.25786802634684
45 46 -634.02387510222979
45 47 941.55778876938712
45 48 -640.17337523409878
45 49 902.49153230388401
45 50 -640.83490066195736
45 51 860.65441936398202
45 52 -638.66987896972205
45 53 818.44467829341738
45 54 -636.119373962174
45 55 777.99735399821657
45 56 -635.34703233472101
45 57 740.82314375800706
45 58 -638.27306909161052
45 59 712.49097545660334
45 60 -636.77493155864795
45 61 643.56965383467468
45 62 -873.85651777367457
45 63 0
46 0 0
46 1 -1759.5893687428088
46 2 2167.7398501310563
46 3 -1010.5492344280265
46 4 2284.6340158025669
46 5 -937.46597103745444
46 6 2189.9708649470995
46 7 -842.16923136750665
46 8 2063.2719003117472
46 9 -725.67428684919832
46 10 1905.9585945740309
46 11 -589.26342247787034
46 12 1724.3259608733297
46 13 -437.21787052959371
46 14 1523.9599761969203
46 15 -274.43162545637279
46 16 1310.7739765018778
46 17 -105.99292298820728
46 18 1090.7557826158154
46 19 63.033519018063089
46 20 869.73040968132409
46 21 227.82006857369197
46 22 653.14151922279962
46 23 383.96551217374508
46 24 445.86181728050178
46 25 527.65365998652669
46 26 252.04116764143691
46 27 655.77484603522862
46 28 74.997451326908049
46 29 766.00658754841788
46 30 -82.84752914278215
46 31 856.85231181287236
46 32 -219.98757732148988
46 33 927.63955101418105
46 34 -335.81000922140447
46 35 978.48117983403426
46 36 -430.53691805425842
46 37 1010.2049940769575
46 38 -505.13626557631142
46 39 1024.2581188549593
46 40 -561.21016419865555
46 41 1022.5933608012383
46 42 -600.86801826173541
46 43 1007.5446947553246
46 44 -626.59195901915155
46 45 981.69867106889797
46 46 -641.10131877441745
46 47 947.76773088369737
46 48 -647.22187157713051
46 49 908.47034721264208
46 50 -647.76432545841089
46 51 866.42175780298203
46 52 -645.41542682263753
46 53 824.03702153897029
46 54 -642.64142714591799
46 55 783.46198698682201
46 56 -641.626829121833
46 57 746.26179850838525
46 58 -644.28742215341117
46 59 717.28477869328344
46 60 -644.18132237733516
46 61 655.82322606587695
46 62 -842.94375831177604
46 63 0
47 0 0
47 1 -1678.2729253009165
47 2 2201.4035221729955
47 3 -1015.6697586523933
47 4 2312.2552381551031
47 5 -940.14288262087575
47 6 2212.6235276061834
47 7 -846.16570480875453
47 8 2083.9328869556084
47 9 -729.66974707924237
47 10 1924.2781839295731
47 11 -592.853092337009
47 12 1740.4600469603793
47 13 -439.98341787983009
47 14 1537.9551191131213
47 15 -276.10906705035632
47 16 1322.6533070451296
47 17 -106.42883238460854
47 18 1100.5346417050532
47 19 63.897742802510038
47 20 877.43230700425556
47 21 229.96605152911798
47 22 658.80921030725403
47 23 387.31462278178697
47 24 449.56425546160972
47 25 532.08266530759829
47 26 253.8766653174207
47 27 661.13025472986919
47 28 75.093577305551662
47 29 772.11751278127849
47 30 -84.336708351884226
47 31 863.54172848928101
47 32 -222.88626186650617
47 33 934.73386901337108
47 34 -339.92678606296067
47 35 985.81810050859531
47 36 -435.67162443309826
47 37 1017.639660108216
47 38 -511.08704954572204
47 39 1031.6676076683962
47 40 -567.78028188091412
47 41 1029.8796068013871
47 42 -607.87200364416094
47 43 1014.6359574605412
47 44 -633.86090031940512
47 45 988.54968906039176
47 46 -648.48707037299391
47 47 954.35872046323311
47 48 -654.60011352911351
47 49 914.80501469618503
47 50 -655.03645413969025
47 51 872.52449595212056
47 52 -652.50928774958084
47 53 829.9495702999593
47 54 -649.51138194260238
47 55 789.23699094275435
47 56 -648.24922197317392
47 57 752.00950740850203
47 58 -650.63393647051271
47 59 722.34578216239242
47 60 -652.01836018218273
47 61 668.86046796525989
47 62 -809.72344755423364
47 63 0
48 0 0
48 1 -1600.4583470362377
48 2 2236.0225733336847
48 3 -1023.042462139756
48 4 2341.3749168753384
48 5 -944.56193805854127
48 6 2236.9752135659837
48 7 -851.58941752752071
48 8 2106.3347685810641
48 9 -734.82255378962691
48 10 1944.3027030831672
48 11 -597.34951850032303
48 12 1758.2093867929416
48 13 -443.41597026118507
48 14 1553.4379269979581
48 15 -278.2231037258498
48 16 1335.8658306970028
48 17 -107.0820508914494
48 18 1111.4739486686176
48 19 64.749658275786715
48 20 886.11079378324575
48 21 232.28693953569746
48 22 665.26469143468603
48 23 391.0048601426297
48 24 453.86614210656262
48 25 536.9955132891846
48 26 256.12843670614893
48 27 667.08711454452896
48 28 75.432006173059563
48 29 778.9217978427132
48 30 -85.744999478265527
48 31 870.9911301309603
48 32 -225.85027066952534
48 33 942.63086356249914
48 34 -344.23797084741636
48 35 993.97860989256515
48 36 -441.11148799856892
48 37 1025.8998402434827
48 38 -517.43490168405515
48 39 1039.8887943267709
48 40 -574.82069992147444
48 41 1037.9514994326655
48 42 -615.40160824620216
48 43 1022.4781633496605
48 44 -641.69416526169698
48 45 996.11178426357583
48 46 -656.46098290699229
48 47 961.61900746665196
48 48 -662.57759112886561
48 49 921.7681714005721
48 50 -662.90849882761904
48 51 879.21831217272484
48 52 -660.19588925882999
48 53 836.42108169783569
48 54 -656.96170714772961
48 55 795.54528576863959
48 56 -655.43685390707651
48 57 758.27491087352428
48 58 -657.5290957357538
48 59 727.87107817475771
48 60 -660.50051520392117
48 61 682.84722110547591
48 62 -774.4785914383101
48 63 0
49 0 0
49 1 -1520.7295798461473
49 2 2272.9870741784453
49 3 -1028.916465935481
49 4 2372.2715463236455
49 5 -947.79776546829453
49 6 2262.8769823199946
49 7 -855.99562666516249
49 8 2130.1053656088698
49 9 -739.05427336740104
49 10 1965.5660739886116
49 11 -600.9773855282674
49 12 1777.0899178913169
49 13 -446.00682210216291
49 14 1569.9559551705988
49 15 -279.50631321118635
49 16 1350.0229305634548
49 17 -106.90629127907414
49 18 1123.2687516098849
49 19 66.432474363864458
49 20 895.55508315015686
49 21 235.44034517612999
49 22 672.39461799317723
49 23 395.52583257886909
49 24 458.74926032070107
49 25 542.73171533623099
49 26 258.86684336455801
49 27 673.8529872336585
49 28 76.162072048191476
49 29 786.51320612266318
49 30 -86.855715983347181
49 31 879.19832076863713
49 32 -228.60827932618122
49 33 951.24956218910484
49 34 -348.43061199580916
49 35 1002.819153376322
49 36 -446.51456425413016
49 37 1034.7943074975774
49 38 -523.82059886326715
49 39 1048.6961632864222
49 40 -581.96529716383338
49 41 1046.5609140908327
49 42 -623.0925724082681
49 43 1030.8104441094201
49 44 -649.73632377132162
49 45 1004.1193525580638
49 46 -664.68156823020763
49 47 969.28442303578777
49 48 -670.83003889933934
49 49 929.10149650720086
49 50 -671.07495960954111
49 51 886.25352167355231
49 52 -668.1884409090344
49 53 843.21186087095157
49 54 -664.72281583855874
49 55 802.15736740001375
49 56 -662.93446764689179
49 57 764.83808323928315
49 58 -664.72769657934805
49 59 733.65126671092185
49 60 -669.38298083982772
49 61 697.57970074988407
49 62 -736.95336968739866
49 63 0
50 0 0
50 1 -1446.6141670766319
50 2 2310.6077027080119
50 3 -1037.0790787192163
50 4 2404.594482243283
50 5 -952.86195755193148
50 6 2290.4968758552968
50 7 -861.87236244086307
50 8 2155.6723063611116
50 9 -744.46400027454729
50 10 1988.6257381529049
50 11 -605.51278637035466
50 12 1797.7042189329495
50 13 -449.24929370608879
50 14 1588.101082012372
50 15 -281.19651781253197
50 16 1365.6682532541708
50 17 -106.90527639098946
50 18 1136.3899533137101
50 19 68.157567807247688
50 20 906.1485943959724
50 21 238.83433618721028
50 22 680.48774367639453
50 23 400.46362088901333
50 24 464.40640512628306
50 25 549.03612261227863
50 26 262.19196702754743
50 27 681.31174185168675
50 28 77.29778321277081
50 29 794.89463287245599
50 30 -87.731881876607076
50 31 888.26538195121429
50 32 -231.28976995394623
50 33 960.77198731450153
50 34 -352.68929729568299
50 35 1012.5834838845549
50 36 -452.10906125134898
50 37 1044.6117709420832
50 38 -530.50488830308495
50 39 1058.4083733135685
50 40 -589.49711486775414
50 41 1056.0434674232511
50 42 -631.2411510577931
50 43 1039.9745490929035
50 44 -658.28916188479525
50 45 1012.9116736209198
50 46 -673.45000328487004
50 47 977.68536183480137
50 48 -679.65349496148519
50 49 937.12215156642742
50 50 -679.82382270201924
50 51 893.93157387576139
50 52 -676.76554435820435
50 53 850.60676008197333
50 54 -673.06412602761156
50 55 809.34183587828556
50 56 -671.00403651352281
50 57 771.9522844581661
50 58 -672.4878091233677
50 59 739.92665077184938
50 60 -678.92409330738701
50 61 713.26089023955319
50 62 -697.48844371702035
50 63 0
51 0 0
51 1 -1372.6512341349917
51 2 2350.2520977729091
51 3 -1043.7611262887003
51 4 2438.5611839988997
51 5 -956.79730303572796
51 6 2319.598941824097
51 7 -866.72748112732734
51 8 2182.5560484273865
51 9 -748.91117436095556
51 10 2012.8921181992609
51 11 -609.10574310923948
51 12 1819.4331031622824
51 13 -451.55026811016796
51 14 1607.278681990465
51 15 -281.93534491265382
51 16 1382.2683860041707
51 17 -105.93865183636808
51 18 1150.389355018433
51 19 70.861919300568843
51 20 917.54261294454409
51 21 243.21679314880384
51 22 689.30138676819297
51 23 406.39174321768223
51 24 470.70130114548192
51 25 556.32340511237999
51 26 266.06943679325923
51 27 689.73548415556252
51 28 78.89845174418042
51 29 804.21247030812992
51 30 -88.231389071324884
51 31 898.23009348037886
51 32 -233.68242656829352
51 33 971.14428550639786
51 34 -356.74492232260491
51 35 1023.1425870756539
51 36 -457.58257141415015
51 37 1055.1636536547448
51 38 -537.14496124257494
51 39 1068.7916842755385
51 40 -597.05473665303543
51 41 1066.1331888854875
51 42 -639.47760902465234
51 43 1049.6835427886708
51 44 -666.98313950155352
51 45 1022.1903168826429
51 46 -682.40353126043374
51 47 986.51951728356835
51 48 -688.6966044021392
51 49 945.52973897634729
51 50 -688.81782878520426
51 51 901.95801950585519
51 52 -685.60491465063933
51 53 858.31973581775856
51 54 -681.67752808676596
51 55 816.82220870789024
51 56 -679.34922508356976
51 57 779.35081025088948
51 58 -680.52077365337027
51 59 746.44244102159973
51 60 -688.8325111958693
51 61 729.64308431551217
51 62 -655.7738749904729
51 63 0
52 0 0
52 1 -1306.3718949695158
52 2 2390.1633264188149
52 3 -1052.827506595122
52 4 2473.7761077176401
52 5 -962.71627540431837
52 6 2350.3268466072313
52 7 -873.17362271051024
52 8 2211.1803857683299
52 9 -754.64002697458454
52 10 2038.9367721577401
52 11 -613.69443321837025
52 12 1842.9083789385459
52 13 -454.57784189011363
52 14 1628.1216282948208
52 15 -283.14365342225756
52 16 1400.4159970795627
52 17 -105.19704773059857
52 18 1165.791016478579
52 19 73.570333921679776
52 20 930.17404421402716
52 21 247.81343730637673
52 22 699.17458882287065
52 23 412.7216070742179
52 24 477.87073249878631
52 25 564.17431990780642
52 26 270.63446029274019
52 27 698.85686640418498
52 28 81.002391272022578
52 29 814.33293580630561
52 30 -88.405092833454546
52 31 909.07343210915315
52 32 -235.9163741402881
52 33 982.44339670259251
52 34 -360.79559403674466
52 35 1034.6510908050277
52 36 -463.18921050669815
52 37 1066.6650090115581
52 38 -544.03889941454509
52 39 1080.1057612525256
52 40 -604.96862268450968
52 41 1077.1203432057064
52 42 -648.15408333629421
52 43 1060.2463343104773
52 44 -676.18259170103556
52 45 1032.2730841494376
52 46 -691.91067454994482
52 47 996.10607443310073
52 48 -698.32569447498827
52 49 954.63949249392499
52 50 -698.4164417019656
52 51 910.64081259446539
52 52 -695.05622931274047
52 53 866.64986402524846
52 54 -690.90175069845827
52 55 824.88841165400117
52 56 -688.2984886487975
52 57 787.31471334663183
52 58 -689.14760460074831
52 59 753.47281516542353
52 60 -699.42548256562986
52 61 746.964189204391
52 62 -612.21621399454307
52 63 0
53 0 0
53 1 -1242.2244781873815
53 2 2431.8530648315573
53 3 -1060.3988380012197
53 4 2510.5924366187082
53 5 -967.50846616373565
53 6 2382.5645274428098
53 7 -878.53188907729418
53 8 2241.1684895075723
53 9 -759.2945857027189
53 10 2066.2558262415587
53 11 -617.18895253193296
53 12 1867.5822652767238
53 13 -456.47841957929813
53 14 1650.0959601273735
53 15 -283.18640631255221
53 16 1419.6314841399271
53 17 -103.25191055358118
53 18 1182.1976707096837
53 19 77.514802762834734
53 20 943.74608238467772
53 21 253.66935738020402
53 22 709.92108462064607
53 23 420.32177993860387
53 24 485.84237593445323
53 25 573.2924464041389
53 26 275.92654145109918
53 27 709.22724668207593
53 28 83.754365147115095
53 29 825.66902107146234
53 30 -88.012981984775251
53 31 921.08467562752594
53 32 -237.66884461906557
53 33 994.84995880061433
53 34 -364.44984586978535
53 35 1047.1960734889763
53 36 -468.48359642694959
53 37 1079.1240244884648
53 38 -550.70215844921222
53 39 1092.2937652367182
53 40 -612.72914094274711
53 41 1088.8957817826395
53 42 -656.74872046201926
53 43 1071.5127553623915
53 44 -685.36469706828029
53 45 1042.9784471227777
53 46 -701.45700725561255
53 47 1006.2400529136539
53 48 -708.04204994487918
53 49 964.22910168598719
53 50 -708.14187150745056
53 51 919.74470465174818
53 52 -704.66576868852826
53 53 875.35177308950551
53 54 -700.30830112841613
53 55 833.28646978202414
53 56 -697.44778763833892
53 57 795.58200174574267
53 58 -697.98581445752461
53 59 760.75090287304192
53 60 -710.33183590998306
53 61 764.94753069482613
53 62 -566.43379197680588
53 63 0
54 0 0
54 1 -1186.4844883177739
54 2 2474.5731472876287
54 3 -1069.2746176914625
54 4 2549.6144626742989
54 5 -973.26396030439355
54 6 2417.4686432445469
54 7 -884.42981729031089
54 8 2273.9780115273334
54 9 -764.16352417254529
54 10 2096.478189781692
54 11 -620.59417638806735
54 12 1895.1685470653956
54 13 -458.00220331670971
54 14 1674.9400375147161
54 15 -282.57594040610456
54 16 1441.6337165584991
54 17 -100.38934919975873
54 18 1201.2763233258283
54 19 82.625315030782076
54 20 959.85050187437082
54 21 260.91991053363017
54 22 723.04125098980876
54 23 429.52047746780408
54 24 496.01489226347439
54 25 584.18399977426816
54 26 283.23704668764549
54 27 721.51348744569077
54 28 88.33663945324588
54 29 839.02855215569616
54 30 -85.980801702589815
54 31 935.19097806051832
54 32 -237.97041778834682
54 33 1009.3873915309359
54 34 -366.83856864669906
54 35 1061.8733429566873
54 36 -472.69172830510797
54 37 1093.6848482685946
54 38 -556.4505493168781
54 39 1106.5246020507402
54 40 -619.73701741635523
54 41 1102.6306387179829
54 42 -664.74305710357839
54 43 1084.6352056432806
54 44 -694.0887791017758
54 45 1055.4210926272845
54 46 -710.67787918650538
54 47 1017.9817409834868
54 48 -717.55663263388669
54 49 975.29025457561147
54 50 -717.78161683369035
54 51 930.18113561242899
54 52 -714.2997556741193
54 53 885.24749371003963
54 54 -709.84548098635969
54 55 842.74207261501033
54 56 -706.83206251942465
54 57 804.77650896000341
54 58 -707.16304805387153
54 59 768.79628981600945
54 60 -721.77807396087701
54 61 783.96957179620586
54 62 -518.85750157794064
54 63 0
55 0 0
55 1 -1133.9663430021574
55 2 2519.640205775886
55 3 -1075.8759977761656
55 4 2591.0263342382223
55 5 -977.10032742952535
55 6 2454.7498459696726
55 7 -888.36812533941156
55 8 2309.0442140698997
55 9 -767.03036518210865
55 10 2128.8947658604229
55 11 -621.92414620767522
55 12 1924.8980572399432
55 13 -457.36881853599698
55 14 1701.8842611889795
55 15 -279.72533756042139
55 16 1465.6957748570676
55 17 -95.209837320453516
55 18 1222.3737872034235
55 19 90.117757434882151
55 20 977.92928229409881
55 21 270.60086360393143
55 22 738.08560837846926
55 23 441.17781529280364
55 24 508.053834431621
55 25 597.53949969945097
55 26 292.34720172439665
55 27 736.24443268158757
55 28 94.641890621005587
55 29 854.78851078732987
55 30 -82.312522357597118
55 31 951.62901439493908
55 32 -236.73269483879267
55 33 1026.165082987518
55 34 -367.79389096750492
55 35 1078.6791210819047
55 36 -475.58013980051328
55 37 1110.2453429032266
55 38 -560.99901165111987
55 39 1122.6128313865047
55 40 -625.66896804696626
55 41 1118.0710436860863
55 42 -671.78770076452565
55 43 1099.3056658946898
55 44 -701.98972002799565
55 45 1069.252177103408
55 46 -719.20077703566676
55 47 1030.9535337171383
55 48 -726.49564269795519
55 49 987.42715545654391
55 50 -726.9644518601126
55 51 941.54505966344004
55 52 -723.59123121259472
55 53 895.93002389278809
55 54 -719.15026252895586
55 55 852.85205451555157
55 56 -716.09001338970302
55 57 814.5033221921949
55 58 -716.3157962850164
55 59 777.2288077092071
55 60 -733.3869789590608
55 61 803.66311777879673
55 62 -469.06194755251818
55 63 0
56 0 0
56 1 -1101.4966782568081
56 2 2555.3329913861944
56 3 -1093.8605157207348
56 4 2624.3997105609651
56 5 -992.05848575252276
56 6 2484.4899617221472
56 7 -903.03067391914738
56 8 2336.7073516340042
56 9 -780.34369823853922
56 10 2153.9743312814608
56 11 -633.4445811603473
56 12 1947.2797457922297
56 13 -466.68690853266526
56 14 1721.4154741623133
56 15 -286.59635776762116
56 16 1482.2391145912661
56 17 -99.528433236173441
56 18 1235.8187519566854
56 19 88.330606678255208
56 20 988.20515740953851
56 21 271.2163629269071
56 22 745.17090991434998
56 23 443.98011934276838
56 24 511.9823817096858
56 25 602.24789472727025
56 26 293.21078220618801
56 27 742.53588465467146
56 28 92.589695373135328
56 29 862.31959594442742
56 30 -87.077387325962263
56 31 960.05632991591483
56 32 -243.95921309405821
56 33 1035.1633668278737
56 34 -377.19117455026208
56 35 1087.9564745380321
56 36 -486.82697968729371
56 37 1119.5551347270793
56 38 -573.75440403006905
56 39 1131.7620549789353
56 40 -639.58309544887015
56 41 1126.9250851398738
56 42 -686.51288270871191
56 43 1107.7896112794861
56 44 -717.19089920065926
56 45 1077.3489326368235
56 46 -734.5651692901356
56 47 1038.6991474661045
56 48 -741.74124411001685
56 49 994.90381008422446
56 50 -741.84716642093917
56 51 948.87224728950059
56 52 -737.9103998005121
56 53 903.25455175843672
56 54 -732.75329733064609
56 55 860.33329673114167
56 56 -728.86934995040065
56 57 822.37576865509254
56 58 -728.17731682448539
56 59 784.58451560550202
56 60 -746.95525553352127
56 61 823.47730240144301
56 62 -417.99558513844204
56 63 0
57 0 0
57 1 -1104.6510832102285
57 2 2562.4953075123358
57 3 -1140.2741455810883
57 4 2629.5327737159369
57 5 -1035.7707392756765
57 6 2486.0281675103124
57 7 -946.35764245367682
57 8 2336.0489132812745
57 9 -822.23474842635369
57 10 2150.6921110699295
57 11 -673.40528220825036
57 12 1941.2924606058368
57 13 -504.27575125695512
57 14 1712.6092884666377
57 15 -321.53448535154894
57 16 1470.5219352038057
57 17 -131.67205124773318
57 18 1221.1345582500144
57 19 59.005367717190893
57 20 970.54754114651587
57 21 244.63290513949687
57 22 724.59247226106527
57 23 419.98266483460611
57 24 488.60036971518639
57 25 580.62391352109444
57 26 267.20906800505873
57 27 723.03865625258368
57 28 64.217331453164661
57 29 844.68991367430135
57 30 -117.51070736067959
57 31 944.04242807399896
57 32 -276.09036708327039
57 33 1020.5382853143874
57 34 -410.61300462956751
57 35 1074.5322529999157
57 36 -521.09932653365831
57 37 1107.1934293795493
57 38 -608.41622564566933
57 39 1120.3809791311414
57 40 -674.16512090971992
57 41 1116.5022761645105
57 42 -720.55028188060533
57 43 1098.3617072724883
57 44 -750.23549686648039
57 45 1069.0077941319487
57 46 -766.19679135205843
57 47 1031.5852776159318
57 48 -771.57784865562462
57 49 989.19750723212019
57 50 -769.55348042702099
57 51 944.78306660334965
57 52 -763.20478941056535
57 53 901.00980266925035
57 54 -755.41353178323334
57 55 860.16199799701099
57 56 -748.73027342050591
57 57 824.5714219299316
57 58 -745.10035203161351
57 59 788.25649213740689
57 60 -763.61270002394122
57 61 842.02104383734877
57 62 -365.55511862275125
57 63 0
58 0 0
58 1 -1073.2023141031277
58 2 2616.0062184317212
58 3 -1141.8524894850179
58 4 2682.7826896351326
58 5 -1034.1738596139294
58 6 2536.5282336679229
58 7 -943.61809219094539
58 8 2384.9434544843007
58 9 -817.29265814942664
58 10 2197.6102743167303
58 11 -665.68397553510295
58 12 1986.1593243831521
58 13 -493.28162408528442
58 14 1755.3093955370969
58 15 -306.95787256718177
58 16 1510.9436659713538
58 17 -113.36813257685208
58 18 1259.1792504906607
58 19 81.025987924476794
58 20 1006.1380646789075
58 21 270.21899656460846
58 22 757.67867442095849
58 23 448.86044299232708
58 24 519.16180823923241
58 25 612.417697351475
58 26 295.25518696686959
58 27 757.29311030272584
58 28 89.785358517247005
58 29 880.89286906551933
58 30 -94.359778080388423
58 31 981.64732104919494
58 32 -255.27726899667869
58 33 1058.9853581791431
58 34 -392.04668737511383
58 35 1113.2678070907787
58 36 -504.68394327367605
58 37 1145.6865890920653
58 38 -594.05813888702141
58 39 1158.1376058586557
58 40 -661.77948928043406
58 41 1153.0758453091039
58 42 -710.06685396355351
58 43 1133.3611226802986
58 44 -741.60331586767825
58 45 1102.1022512863965
58 46 -759.38759859468519
58 47 1062.5063954535108
58 48 -766.58805776901318
58 49 1017.739027247444
58 50 -766.40467306674509
58 51 970.79846790393276
58 52 -761.94268727931558
58 53 924.40836078253596
58 54 -756.10628850881767
58 55 880.89954321048936
58 56 -751.45941895016222
58 57 842.71934175603747
58 58 -749.9220827753561
58 59 802.74262889474812
58 60 -773.43206683053722
58 61 866.31925187248271
58 62 -309.44199610871692
58 63 0
59 0 0
59 1 -613.83306690458994
59 2 3106.085435570094
59 3 -706.81750802350507
59 4 3172.6512357863612
59 5 -597.09145473902936
59 6 3022.6568276930266
59 7 -506.53180322797198
59 8 2867.8359153275323
59 9 -379.66521084626947
59 10 2676.3979475333599
59 11 -227.53031066713447
59 12 2460.1006664283886
59 13 -54.829992149052487
59 14 2223.5207921255551
59 15 131.27042312248705
59 16 1972.4385360689212
59 17 323.83881627993105
59 18 1712.8772176192797
59 19 516.14875667382876
59 20 1450.8771677355981
59 21 701.9516590389685
59 22 1192.2292422184455
59 23 875.68381650271476
59 24 942.24218616432154
59 25 1032.636093691508
59 26 705.54887892058105
59 27 1169.0762082082529
59 28 485.95900663030989
59 29 1282.3207024780459
59 30 286.36176704708305
59 31 1370.7563059256245
59 32 108.6790813474181
59 33 1433.813346665147
59 34 -46.133121441016556
59 35 1471.8963376708416
59 36 -178.04041968361162
59 37 1486.2787742515593
59 38 -287.84892511453108
59 39 1478.9704395127501
59 40 -377.09570689798966
59 41 1452.5660982826594
59 42 -447.91900241989424
59 43 1410.0843958601672
59 44 -502.91648331040051
59 45 1354.8051522207061
59 46 -544.99919505701655
59 47 1290.1121696472728
59 48 -577.24773882341651
59 49 1219.3472943863526
59 50 -602.77597362414781
59 51 1145.6799722111555
59 52 -624.60568718734066
59 53 1071.9960136270856
59 54 -645.56133402788873
59 55 1000.7729362030204
59 56 -668.12412443937319
59 57 934.66896999530036
59 58 -694.09153812785007
59 59 865.49614694604315
59 60 -748.2999401190682
59 61 913.22829499063118
59 62 -241.72037688003911
59 63 0
60 0 0
60 1 126.60463718248138
60 2 3889.6146836464141
60 3 18.097617288503898
60 4 3953.2795712034385
60 5 124.24493891103339
60 6 3793.1349340169618
60 7 207.07899416265718
60 8 3625.9279135038014
60 9 324.25109194491597
60 10 3418.8045467828942
60 11 464.34702528017624
60 12 3183.7688832979438
60 13 622.63517523888368
60 14 2925.489389087943
60 15 791.90040656271776
60 16 2649.9097847192843
60 17 965.20928005361384
60 18 2363.2603639782701
60 19 1135.8774209497824
60 20 2071.8308226207682
60 21 1297.7473989849386
60 22 1781.7005584618073
60 23 1445.3986859052748
60 24 1498.5016273271867
60 25 1574.3177586557522
60 26 1227.218914812056
60 27 1681.0178296452705
60 28 972.03510384247238
60 29 1763.1052928265945
60 30 736.22422225412265
60 31 1819.2927925838376
60 32 522.09455481602163
60 33 1849.3619814705653
60 34 330.97889233317801
60 35 1854.0816542156335
60 36 163.26771932995143
60 37 1835.0889682722027
60 38 18.47913768528997
60 39 1794.7427819422046
60 40 -104.64184821898925
60 41 1735.9587342241412
60 42 -208.00258820941053
60 43 1662.0355922839281
60 44 -294.02842032482113
60 45 1576.4816874423104
60 46 -365.52194198975485
60 47 1482.849082174198
60 48 -425.52221892151465
60 49 1384.5816007574285
60 50 -477.16904269918814
60 51 1284.8812184586222
60 52 -523.57553397541778
60 53 1186.5968156996587
60 54 -567.71919323637121
60 55 1092.0982037305293
60 56 -612.28063078715422
60 57 1003.9606108819044
60 58 -659.26428096076961
60 59 912.48923590683262
60 60 -736.91712273671328
60 61 953.09142330961549
60 62 -175.20529900707515
60 63 0
61 0 0
61 1 -3886.8793904839549
61 2 -65.442061492149151
61 3 -3990.7898972728617
61 4 12.49504159090975
61 5 -3864.9570987558945
61 6 -127.20494004270222
61 7 -3752.0866417537491
61 8 -262.69957665476795
61 9 -3593.3081522216526
61 10 -427.87622499531608
61 11 -3400.429060445731
61 12 -610.55025046812261
61 13 -3178.2532617512516
61 14 -805.99088191206647
61 15 -2934.1227817724302
61 16 -1008.1922832227974
61 17 -2675.131932039676
61 18 -1210.9123596530935
61 19 -2408.1878858680739
61 20 -1407.9250961515299
61 21 -2139.7479007191578
61 22 -1593.3116122255342
61 23 -1875.6208603008417
61 24 -1761.7128225424494
61 25 -1620.8036930152048
61 26 -1908.5383764263497
61 27 -1379.3626928872982
61 28 -2030.1236341197182
61 29 -1154.3623400484648
61 30 -2123.8306887880753
61 31 -947.84178286317911
61 32 -2188.0929239728175
61 33 -760.83636964199286
61 34 -2222.4058720496487
61 35 -593.43935500919542
61 36 -2227.2699158975229
61 37 -444.89718413274204
61 38 -2204.0925003466327
61 39 -313.7306628616443
61 40 -2155.0589056857916
61 41 -197.87386272582808
61 42 -2082.9812645501988
61 43 -94.822749321110678
61 44 -1991.1354216787913
61 45 -1.786172202855596
61 46 -1883.0945364413765
61 47 84.167107769417271
61 48 -1762.5671515361319
61 49 165.97038755321591
61 50 -1633.2459678324085
61 51 246.43366989494098
61 52 -1498.6712972699934
61 53 328.13467480536929
61 54 -1362.1208909853522
61 55 413.28435381728923
61 56 -1226.44133325025
61 57 504.50210242729554
61 58 -1093.6818433719964
61 59 590.63665908638541
61 60 -995.08613005809821
61 61 826.76303562720932
61 62 -172.81985656154575
61 63 0
62 0 0
62 1 -20820.683138890672
62 2 -16904.474847143545
62 3 -20830.788882955174
62 4 -16685.48434207082
62 5 -20514.802576542479
62 6 -16590.57487839277
62 7 -20116.120769017696
62 8 -16398.482211690178
62 9 -19580.856513590559
62 10 -16149.796883377121
62 11 -18927.716021909189
62 12 -15839.414607557956
62 13 -18169.415859642868
62 14 -15470.880435105983
62 15 -17322.264661407869
62 16 -15047.356147903201
62 17 -16403.106810474812
62 18 -14572.423419241431
62 19 -15429.122089562952
62 20 -14050.074971652293
62 21 -14417.290627466173
62 22 -13484.743644329455
62 23 -13383.927506595228
62 24 -12881.301409231583
62 25 -12344.266481983368
62 26 -12245.031284129482
62 27 -11312.110579916634
62 28 -11581.570612736414
62 29 -10299.558258282104
62 30 -10896.82694857288
62 31 -9316.809723645747
62 32 -10196.869703145239
62 33 -8372.0535396025753
62 34 -9487.8024269689831
62 35 -7471.4297543494013
62 36 -8775.6218593710855
62 37 -6619.0625325816654
62 38 -8066.0706242611013
62 39 -5817.1528478794698
62 40 -7364.4906426011403
62 41 -5066.1202434298502
62 42 -6675.6840031700904
62 43 -4364.7819967986834
62 44 -6003.7872573388995
62 45 -3710.5581565072043
62 46 -5352.1639869472892
62 47 -3099.6917288518944
62 48 -4723.3191677321429
62 49 -2527.4746246736868
62 50 -4118.8374677687989
62 51 -1988.4715960301946
62 52 -3539.3455902521964
62 53 -1476.7347224221794
62 54 -2984.5078109644874
62 55 -986.05055915186313
62 56 -2452.9576996371816
62 57 -509.20233867373099
62 58 -1942.0418556080676
62 59 -53.557655894564959
62 60 -1480.1761353794518
62 61 558.31646578781147
62 62 -232.3274346110793
62 63 0
63 0 0
63 1 0
63 2 0
63 3 0
63 4 0
63 5 0
63 6 0
63 7 0
63 8 0
63 9 0
63 10 0
63 11 0
63 12 0
63 13 0
63 14 0
63 15 0
63 16 0
63 17 0
63 18 0
63 19 0
63 20 0
63 21 0
63 22 0
63 23 0
63 24 0
63 25 0
63 26 0
63 27 0
63 28 0
63 29 0
63 30 0
63 31 0
63 32 0
63 33 0
63 34 0
63 35 0
63 36 0
63 37 0
63 38 0
63 39 0
63 40 0
63 41 0
63 42 0
63 43 0
63 44 0
63 45 0
63 46 0
63 47 0
63 48 0
63 49 0
63 50 0
63 51 0
63 52 0
63 53 0
63 54 0
63 55 0
63 56 0
63 57 0
63 58 0
63 59 0
63 60 0
63 61 0
63 62 0
63 63 0
