0 0 0
0 1 0
0 2 0
0 3 0
0 4 0
0 5 0
0 6 0
0 7 0
0 8 0
0 9 0
0 10 0
0 11 0
0 12 0
0 13 0
0 14 0
0 15 0
0 16 0
0 17 0
0 18 0
0 19 0
0 20 0
0 21 0
0 22 0
0 23 0
0 24 0
0 25 0
0 26 0
0 27 0
0 28 0
0 29 0
0 30 0
0 31 0
0 32 0
0 33 0
0 34 0
0 35 0
0 36 0
0 37 0
0 38 0
0 39 0
0 40 0
0 41 0
0 42 0
0 43 0
0 44 0
0 45 0
0 46 0
0 47 0
0 48 0
0 49 0
0 50 0
0 51 0
0 52 0
0 53 0
0 54 0
0 55 0
0 56 0
0 57 0
0 58 0
0 59 0
0 60 0
0 61 0
0 62 0
0 63 0
1 0 0
1 1 -15297.151709188483
1 2 -13571.409974855442
1 3 -15159.851625963938
1 4 -13477.742753508437
1 5 -15031.797773076505
1 6 -13389.373417163597
1 7 -14869.216362501447
1 8 -13269.582091862731
1 9 -14653.876705904167
1 10 -13114.634038549866
1 11 -14386.981653734665
1 12 -12925.227615397716
1 13 -14070.90980141561
1 14 -12702.276245238409
1 15 -13708.404422737885
1 16 -12446.871627980727
1 17 -13302.525595554471
1 18 -12160.235794925711
1 19 -12856.580650486649
1 20 -11843.710564477306
1 21 -12374.061589099483
1 22 -11498.739393363167
1 23 -11858.579562999694
1 24 -11126.8487527866
1 25 -11313.800174008293
1 26 -10729.628398928526
1 27 -10743.381108432004
1 28 -10308.711008218552
1 29 -10150.913692211816
1 30 -9865.7514014689696
1 31 -9539.8696557310814
1 32 -9402.4056060675321
1 33 -8913.5541892687797
1 34 -8920.3100410145453
1 35 -8275.0661432157813
1 36 -8421.0611581113426
1 37 -7627.2659938638299
1 38 -7906.1959223508893
1 39 -6972.7519577270414
1 40 -7377.1735597460975
1 41 -6313.8443984030346
1 42 -6835.359033414079
1 43 -5652.5784393897993
1 44 -6282.0087273451009
1 45 -4990.7044765973296
1 46 -5718.258817074684
1 47 -4329.6960833572484
1 48 -5145.1167816594534
1 49 -3670.7646157594809
1 50 -4563.456490467388
1 51 -3014.8797118329185
1 52 -3974.0166197020699
1 53 -2362.7928387838892
1 54 -3377.4106787177516
1 55 -1715.1102314983291
1 56 -2774.0695174145458
1 57 -1071.3771767484559
1 58 -2163.7677418311796
1 59 -446.5621704014211
1 60 -1584.0312123202693
1 61 353.77599642743007
1 62 -16.492774716425629
1 63 0
2 0 0
2 1 -2409.8813871091807
2 2 -728.91610483907243
2 3 -2319.9581103142464
2 4 -699.32811068724732
2 5 -2276.3928304073033
2 6 -716.1371871859501
2 7 -2241.0954399788352
2 8 -743.43457083614339
2 9 -2194.4730083760078
2 10 -776.03909238064261
2 11 -2136.2958937913845
2 12 -813.12920081586526
2 13 -2067.2629166256229
2 14 -853.83866279471476
2 15 -1988.1857976145056
2 16 -897.24175089713754
2 17 -1899.9668568028483
2 18 -942.33666943637218
2 19 -1803.5659627059886
2 20 -988.07308925188408
2 21 -1699.9788193118093
2 22 -1033.3754522093841
2 23 -1590.2148137797667
2 24 -1077.167540171331
2 25 -1475.2767334471173
2 26 -1118.3964414726688
2 27 -1356.1426936860244
2 28 -1156.0552980654393
2 29 -1233.7508025211719
2 30 -1189.2040650650415
2 31 -1108.9868792453217
2 32 -1216.9876204495722
2 33 -982.67542485928061
2 34 -1238.6506855534662
2 35 -855.57391268480387
2 36 -1253.5491631524565
2 37 -728.37034313693039
2 38 -1261.1576575181971
2 39 -601.68388613419665
2 40 -1261.0731027791644
2 41 -476.06832299038615
2 42 -1253.0145834375617
2 43 -352.01790058749793
2 44 -1236.8195782471503
2 45 -229.97512552365151
2 46 -1212.4369901187038
2 47 -110.33996095761722
2 48 -1179.9174322959516
2 49 6.5201624863675534
2 50 -1139.401349058744
2 51 120.26008646444097
2 52 -1091.1050830941349
2 53 230.54874902186384
2 54 -1035.3125858955536
2 55 337.02029450637383
2 56 -972.30608770928484
2 57 440.12232622208103
2 58 -901.86115383517063
2 59 526.33167770750333
2 60 -858.7504734293816
2 61 767.11040118198071
2 62 79.803214345020024
2 63 0
3 0 0
3 1 593.46465028511375
3 2 2242.3851687506158
3 3 670.80377932597912
3 4 2261.8410449581461
3 5 702.95691734827415
3 6 2231.443465780103
3 7 720.61626637491827
3 8 2184.4649779609426
3 9 743.3761314075582
3 10 2126.2162963580522
3 11 771.43600016711389
3 12 2057.4344744659356
3 13 804.02620244512946
3 14 1978.8783062438142
3 15 840.24532404782803
3 16 1891.352486273945
3 17 879.09596472286466
3 18 1795.7336274719182
3 19 919.52438394287128
3 20 1692.9497646060554
3 21 960.44832307029537
3 22 1583.9636998975948
3 23 1000.7850200224766
3 24 1469.7549566562884
3 25 1039.4772520839979
3 26 1351.3021569565353
3 27 1075.5169781816676
3 28 1229.566313571695
3 29 1107.9659347444704
3 30 1105.4756595910931
3 31 1135.9727397177721
3 32 979.91253878149109
3 33 1158.7861881480421
3 34 853.70277333254307
3 35 1175.7645663294625
3 36 727.6078013546794
3 37 1186.3809561020844
3 38 602.31974272824118
3 39 1190.2246415957052
3 40 478.45941641639911
3 41 1186.9988639489293
3 42 356.57720021049499
3 43 1176.5152903706166
3 44 237.15650011126854
3 45 1158.6856675876334
3 46 120.61948831387781
3 47 1133.5112132996983
3 48 7.3346782471617189
3 49 1101.0703642966746
3 50 -102.37418288170375
3 51 1061.5054814365976
3 52 -208.21806310209467
3 53 1015.010712461617
3 54 -309.93767492191182
3 55 961.78351693083641
3 56 -407.25247711179691
3 57 902.75285826351137
3 58 -499.36490882487305
3 59 826.73652240146112
3 60 -616.75110055716686
3 61 883.11639918288165
3 62 57.364482415778184
3 63 0
4 0 0
4 1 28.976304616890047
4 2 1650.7454952318312
4 3 101.51235118769364
4 4 1670.1736196296224
4 5 135.97838176337973
4 6 1643.5677858453346
4 7 157.16602771931321
4 8 1601.6323774749708
4 9 184.56273757010422
4 10 1549.7990320000099
4 11 218.39015770979131
4 12 1488.8108104742059
4 13 257.91151642238219
4 14 1419.4309655408688
4 15 302.25013908307119
4 16 1342.4624610706815
4 17 350.43185215499761
4 18 1258.776364750247
4 19 401.42415720083591
4 20 1169.291409496509
4 21 454.16319864557408
4 22 1074.9569150505067
4 23 507.58062094473644
4 24 976.73423677520077
4 25 560.62848049123204
4 26 875.57867697114489
4 27 612.30186628336014
4 28 772.42239669885748
4 29 661.65863450464713
4 30 668.15897375818167
4 31 707.83584077958039
4 32 563.63013836744358
4 33 750.06256893743739
4 34 459.61510402321437
4 35 787.66898886328818
4 36 356.82278041235804
4 37 820.09161080236481
4 38 255.88701696506178
4 39 846.87483604284353
4 40 157.36488618927069
4 41 867.66903044122046
4 42 61.737881304679831
4 43 882.22546196448093
4 44 -30.584222258767113
4 45 890.38854361547237
4 46 -119.25720119165817
4 47 892.08590384828312
4 48 -203.9943636418684
4 49 887.31686966525558
4 50 -284.55720847659904
4 51 876.13992439514732
4 52 -360.74503086069853
4 53 858.6611163877933
4 54 -432.38871779180954
4 55 834.99062430973936
4 56 -499.3078792608685
4 57 805.87422868916292
4 58 -560.85991369059229
4 59 761.4624836890016
4 60 -643.89277003442658
4 61 833.07237978829107
4 62 -30.541740716216736
4 63 0
5 0 0
5 1 -290.3754306942119
5 2 1306.7043667206235
5 3 -221.85655837461127
5 4 1325.0071969252986
5 5 -186.85082885099291
5 6 1300.039091643157
5 7 -164.68708062689075
5 8 1260.1946834308819
5 9 -135.9929984118935
5 10 1211.0109874527097
5 11 -100.53055481762385
5 12 1153.2543591954436
5 13 -58.975075035050395
5 14 1087.7264680459575
5 15 -12.141946336896581
5 16 1015.2691145037807
5 17 39.060073453356381
5 18 936.79358490703635
5 19 93.666608984221966
5 20 853.25962662068378
5 21 150.68317733266667
5 22 765.65726171224924
5 23 209.11017675189214
5 24 674.9869530608521
5 25 267.96586549266976
5 26 582.24017939210171
5 27 326.30707498242373
5 28 488.38102102877201
5 29 383.24712822941365
5 30 394.32943971746681
5 31 437.97059541930139
5 32 300.94681524701627
5 33 489.7446246900472
5 34 209.02418233390563
5 35 537.92671287737903
5 36 119.27347890150486
5 37 581.96890973931659
5 38 32.321975538707193
5 39 621.41857570736647
5 40 -51.290085059463308
5 41 655.91593304361595
5 42 -131.10874824633356
5 43 685.18875903009757
5 44 -206.76274388620186
5 45 709.04466288084222
5 46 -277.95736976941043
5 47 727.36146255465428
5 48 -344.46630667162026
5 49 740.07623248917298
5 50 -406.12189916942043
5 51 747.1735613535202
5 52 -462.80424951419263
5 53 748.67478614351057
5 54 -514.43358858591637
5 55 744.5997079969402
5 56 -560.93249057767025
5 57 735.51382446908065
5 58 -601.82350180184585
5 59 712.75948397442335
5 60 -660.56412417196952
5 61 790.83755170472614
5 62 -112.43253620136784
5 63 0
6 0 0
6 1 -288.35393752615346
6 2 1285.3535997237486
6 3 -223.15407617270466
6 4 1301.9656311200833
6 5 -188.47087428071063
6 6 1277.4900671161049
6 7 -166.64021910628435
6 8 1238.1487285040294
6 9 -138.3980886714653
6 10 1189.5591351333223
6 11 -103.54067449611648
6 12 1132.4664715004928
6 13 -62.721876264504317
6 14 1067.6720855030908
6 15 -16.735707271209321
6 16 996.01666181570181
6 17 33.532729941043726
6 18 918.40970752059548
6 19 87.143677097856198
6 20 835.808695671858
6 21 143.12781672174424
6 22 749.20091183230397
6 23 200.51063401638203
6 24 659.58361678326582
6 25 258.33479456878194
6 26 567.94462172433668
6 27 315.68030846642614
6 28 475.24389133286604
6 29 371.68197573578254
6 30 382.39685768530762
6 31 425.54375443728532
6 32 290.26000212866165
6 33 476.54979431399624
6 34 199.61914235295808
6 35 524.07200128072873
6 36 111.18072881686203
6 37 567.57412407364427
6 38 25.566315821379249
6 39 606.61247770212867
6 40 -56.689769127160616
6 41 640.83353686328337
6 42 -135.139668964257
6 43 669.96873854918704
6 44 -209.41839191550571
6 45 693.82692513499933
6 46 -279.23770797428915
6 47 712.28493209787302
6 48 -344.37799046713735
6 49 725.27687810861607
6 50 -404.67853356744854
6 51 732.78268145031689
6 52 -460.02675326235476
6 53 734.81740348029234
6 54 -510.34993099392523
6 55 731.3971100074923
6 56 -555.58303386078478
6 57 723.00571193295582
6 58 -595.30815701123174
6 59 702.22801242607602
6 60 -649.70773308914431
6 61 767.35964815952684
6 62 -182.55991614637423
6 63 0
7 0 0
7 1 -260.26726555414825
7 2 1292.3350748963003
7 3 -197.10462765374359
7 4 1307.4746417544247
7 5 -162.72636832468379
7 6 1283.4766272817433
7 7 -141.29839494785301
7 8 1244.5415922570646
7 9 -113.61543001271457
7 10 1196.3976970491785
7 11 -79.50944464027998
7 12 1139.7647641274489
7 13 -39.61665111091861
7 14 1075.4409757225858
7 15 5.2868872842282144
7 16 1004.2637945446131
7 17 54.336483697170479
7 18 927.138769134217
7 19 106.61341619311315
7 20 845.01871250495242
7 21 161.16965304604491
7 22 758.88563772537054
7 23 217.05169816641501
7 24 669.7310150229896
7 25 273.32250040217332
7 26 578.53645531054099
7 27 329.08120821275588
7 28 486.25544430933587
7 29 383.48028400605472
7 30 393.79680691240537
7 31 435.73962707910141
7 32 302.01045126432291
7 33 485.15744873043332
7 34 211.67582042949107
7 35 531.11776260266197
7 36 123.49334598980022
7 37 573.09447468014696
7 38 38.079060044537982
7 39 610.65217961981944
7 40 -44.037618232550813
7 41 643.44388519543827
7 42 -122.41303871292075
7 43 671.20599251779822
7 44 -196.68566145014665
7 45 693.75095003465503
7 46 -266.56993532014894
7 47 710.9580712949537
7 48 -331.84815850404448
7 49 722.76306095204745
7 50 -392.36084799085802
7 51 729.14676023287939
7 52 -447.99607533150265
7 53 730.1245772623588
7 54 -498.68061371398653
7 55 725.71632691733612
7 56 -544.35314351053421
7 57 716.33629225971163
7 58 -584.64346909090636
7 59 695.76128738049192
7 60 -636.61861968284938
7 61 746.83040792251632
7 62 -248.21032824888789
7 63 0
8 0 0
8 1 -255.04549593051706
8 2 1277.656187409093
8 3 -193.062493775642
8 4 1291.3894038604212
8 5 -158.9193713300574
8 6 1267.9047271262789
8 7 -137.79629055079567
8 8 1229.432257184726
8 9 -110.53495376245337
8 10 1181.8290982887447
8 11 -77.004523160439931
8 12 1125.7879685047101
8 13 -37.82468018016516
8 14 1062.1037530484045
8 15 6.2466355757351266
8 16 991.61253972965824
8 17 54.366964974406073
8 18 915.21883409768634
8 19 105.64117915805582
8 20 833.87421094585079
8 21 159.14546564772536
8 22 748.55903779962318
8 23 213.95043515326506
8 24 660.26262813352332
8 25 269.14240491464625
8 26 569.96387741605758
8 27 323.84261302809136
8 28 478.6129946296569
8 29 377.22388615293312
8 30 387.1149989663536
8 31 428.52441144418663
8 32 296.3155209101842
8 33 477.05835697797738
8 34 206.98932568734563
8 35 522.22320036889869
8 36 119.8318447109159
8 37 563.50374515545809
8 38 35.453863017664844
8 39 600.47292381000261
8 40 -45.620627105336098
8 41 632.78960037678189
8 42 -122.95352872229159
8 43 660.19368948104784
8 44 -196.18894437485324
8 45 682.49899809416092
8 46 -265.04703516820882
8 47 699.58426838070409
8 48 -329.31587904840853
8 49 711.38295371042659
8 50 -388.84184905327857
8 51 717.87223316164273
8 52 -443.51900594392646
8 53 719.06261503045243
8 54 -493.27957652849364
8 55 714.97166832159564
8 56 -538.07205352995879
8 57 705.94119079601114
8 58 -577.58047219067521
8 59 686.8690702162894
8 60 -625.91352079266471
8 61 725.9278989579343
8 62 -310.91924875568111
8 63 0
9 0 0
9 1 -257.07361223226144
9 2 1257.9343236666318
9 3 -195.0689654904636
9 4 1270.5268422564586
9 5 -161.04233664577805
9 6 1247.681964127878
9 7 -140.11733088636902
9 8 1209.769372781011
9 9 -113.16500272187113
9 10 1162.7993749073084
9 11 -80.08424893546362
9 12 1107.4425582989988
9 13 -41.47582402538319
9 14 1044.491948096038
9 15 1.9202199439405376
9 16 974.78304571723129
9 17 49.283135518862764
9 18 899.2199971885384
9 19 99.740637739387239
9 20 818.7537378887555
9 21 152.39218876104133
9 22 734.36349812254775
9 23 206.33139612868945
9 24 647.03685781068998
9 25 260.66670799878011
9 26 557.75034211364982
9 27 314.54012475933268
9 28 467.45115801059001
9 29 367.1434559237241
9 30 377.04073068880462
9 31 417.73177515551652
9 32 287.36056926845777
9 33 465.63381695818862
9 34 199.18087015753372
9 35 510.25917156266587
9 36 113.19213411411511
9 37 551.10225171119964
9 38 29.999937282809697
9 39 587.74312236096193
9 40 -49.877140673970644
9 41 619.84539665900229
9 42 -126.00655865071531
9 43 647.15150437564262
9 44 -198.03807498419701
9 45 669.47572776143716
9 46 -265.69758181835823
9 47 686.69547092099492
9 48 -328.77895711749261
9 49 698.74128469677999
9 50 -387.13444733389224
9 51 705.58614713149836
9 52 -440.664108123201
9 53 707.23523959941303
9 54 -489.30567900811184
9 55 703.7032985863334
9 56 -533.01732635873122
9 57 695.26254490028805
9 58 -571.53675383005975
9 59 677.87115017381439
9 60 -616.16066986971418
9 61 705.78144553792299
9 62 -370.59864799857678
9 63 0
10 0 0
10 1 -258.54478196833952
10 2 1239.8242643428148
10 3 -195.82336124699395
10 4 1251.2774074252775
10 5 -161.91526023021652
10 6 1229.0410471223367
10 7 -141.16323779376216
10 8 1191.6633975488367
10 9 -114.48271594076687
10 10 1145.3096095294768
10 11 -81.807524253463271
10 12 1090.6253812379418
10 13 -43.721919348627125
10 14 1028.3995488578057
10 15 -0.9508771086075285
10 16 959.46514799152283
10 17 45.704357893328051
10 18 884.72453707595378
10 19 95.39249872432265
10 20 805.12684952509517
10 21 147.23465754968856
10 22 721.64914798236168
10 23 200.34595340803207
10 24 635.27631539841423
10 25 253.85558956827481
10 26 546.98158425026122
10 27 306.92505982869989
10 28 457.70827405249292
10 29 358.76400577308232
10 30 368.35337588740913
10 31 408.64337256607541
10 32 279.75349850066777
10 33 455.90560213213394
10 34 192.67357093895043
10 35 499.97171398104001
10 36 107.79856645513064
10 37 540.34523967629866
10 38 25.7283778182682
10 39 576.61309274976702
10 40 -53.02416055883441
10 41 608.44356742109085
10 42 -128.03223739297209
10 43 635.58176080960038
10 44 -198.9512682143868
10 45 657.84280225784642
10 46 -265.51269485821649
10 47 675.10334478129153
10 48 -327.5158233577713
10 49 687.29183041114084
10 50 -384.81820659512778
10 51 694.37802712855046
10 52 -437.32512677365776
10 53 696.36296572070933
10 54 -484.97893414491955
10 55 693.25965537245793
10 56 -527.74613999986286
10 57 685.27555140462937
10 58 -565.41525126476699
10 59 669.3737735531613
10 60 -606.61129748496023
10 61 686.61397163509719
10 62 -426.93523064940564
10 63 0
11 0 0
11 1 -261.12390631283233
11 2 1222.7253749983902
11 3 -196.59639694395992
11 4 1233.2783824547278
11 5 -162.72623637973993
11 6 1211.7323821712489
11 7 -142.08060767941788
11 8 1174.9375427484665
11 9 -115.61243545656907
11 10 1129.2279955682716
11 11 -83.285035566404986
11 12 1075.2297193675986
11 13 -45.663037798249206
11 14 1013.729847443301
11 15 -3.4558371169168822
11 16 945.56025725296422
11 17 42.554544364747926
11 18 871.62241288751829
11 19 91.537145272013731
11 20 792.86437584755731
11 21 142.63383861248258
11 22 710.26168036496529
11 23 194.98022558082084
11 24 624.79709118292703
11 25 247.72515050131005
11 26 537.44108419664371
11 27 300.0484482072352
11 28 449.13359789120477
11 29 351.176443211898
11 30 360.76767678991928
11 31 400.39484344447374
11 32 273.1755076410991
11 33 447.05876254624854
11 34 187.11723000137681
11 35 490.59971453857543
11 36 103.27277523174416
11 37 530.52953898031774
11 38 22.236853322965544
11 39 566.44132885139697
11 40 -55.482924506122799
11 41 598.00754409593537
11 42 -129.46492764740469
11 43 624.97559454754992
11 44 -199.36964843054739
11 45 647.16126449866351
11 46 -264.93346337588264
11 47 664.44042279840687
11 48 -325.96045584796229
11 49 676.73952086693134
11 50 -382.31279997376078
11 51 684.02537113456674
11 52 -433.90029193801638
11 53 686.29521716161435
11 54 -480.66923808960382
11 55 683.56054995319937
11 56 -522.59362026916278
11 57 675.96778811207514
11 58 -559.51049381519624
11 59 661.43025518385912
11 60 -597.51138338697274
11 61 668.51357090627062
11 62 -480.27036394273637
11 63 0
12 0 0
12 1 -264.03023512671098
12 2 1206.2189508526444
12 3 -197.13008780399832
12 4 1215.8628251143
12 5 -163.32119956246061
12 6 1194.960098143838
12 7 -142.76922116778223
12 8 1158.7160238377692
12 9 -116.48658506828724
12 10 1113.6274422142378
12 11 -84.472835891347131
12 12 1060.2971767070812
12 13 -47.275468847374214
12 14 999.50881605082031
12 15 -5.5903779411892174
12 16 932.09179111113372
12 17 39.818023520865609
12 18 858.94571647031626
12 19 88.137771177798641
12 20 781.01685861042824
12 21 138.53037783064792
12 22 699.27864283272356
12 23 190.15095146528438
12 24 614.71122002672018
12 25 242.16711507847322
12 26 528.28186613851358
12 27 293.77628149518387
12 28 440.92673180671227
12 29 344.2207917316864
12 30 353.53453944821922
12 31 392.80054967321121
12 32 266.93271036037913
12 33 438.88287895583744
12 34 181.87628816122015
12 35 481.90943684289778
12 36 99.03989899271437
12 37 521.40013432335763
12 38 19.012857580946729
12 39 556.95412398790722
12 40 -57.702602759945876
12 41 588.24802840149459
12 42 -130.69012239270705
12 43 615.03168091689986
12 44 -199.61529043825976
12 45 637.12174051602233
12 46 -264.21936335623286
12 47 654.39361395647211
12 48 -324.31106826038558
12 49 666.77217793653654
12 50 -379.75698603531782
12 51 674.22178883589368
12 52 -430.47112980616475
12 53 676.73647538413206
12 54 -476.40343157127063
12 55 674.3266671605852
12 56 -517.53460504642135
12 57 667.08180472119238
12 58 -553.74779159933496
12 59 653.81281937106905
12 60 -588.73485549497673
12 61 651.27929395316642
12 62 -530.49015662054444
12 63 0
13 0 0
13 1 -268.51113121324488
13 2 1190.1497267160721
13 3 -198.25709279075454
13 4 1199.1255817804358
13 5 -164.43533717733771
13 6 1178.9378151490837
13 7 -143.9109636635294
13 8 1143.2894794836557
13 9 -117.75307071388852
13 10 1098.8486856035706
13 11 -85.99225897114593
13 12 1046.1998996277089
13 13 -49.156274047845727
13 14 986.12569114493454
13 15 -7.9268406807386782
13 16 919.45457994597746
13 17 36.949077281178688
13 18 847.08536740549789
13 19 84.677883796757669
13 20 769.96332953171986
13 21 134.43984697687483
13 22 689.06046616348249
13 23 185.40854873663193
13 24 605.35492635267474
13 25 236.76927815472482
13 26 519.81135133019052
13 27 287.73588493891111
13 28 433.36263664173202
13 29 337.56559911353179
13 30 346.89369262537184
13 31 385.57144197852722
13 32 261.22766946059528
13 33 431.13194699344604
13 34 177.11499928623198
13 35 473.69801737886519
13 36 95.225482596106303
13 37 512.79685948202314
13 38 16.143517490263548
13 39 548.03304428219235
13 40 -59.633558959149013
13 41 579.08685816983052
13 42 -131.69417022140806
13 43 605.71020476345439
13 44 -199.70850556205733
13 45 627.72040806748919
13 46 -263.42219372850195
13 47 644.99233999981698
13 48 -322.64808659761002
13 49 657.44935562292994
13 50 -377.25664395225067
13 51 665.05351551313652
13 52 -427.16556596928967
13 53 667.79587747873848
13 54 -472.32793854732336
13 55 665.68593043143665
13 56 -512.73048272264532
13 57 658.75962231416452
13 58 -548.30028456080981
13 59 646.67363074590867
13 60 -580.46150593327184
13 61 635.04333465971285
13 62 -577.91023755839888
13 63 0
14 0 0
14 1 -273.11253215316356
14 2 1174.7511833334556
14 3 -199.06462403014302
14 4 1183.0490977047248
14 5 -165.26901729321253
14 6 1163.5168046325362
14 7 -144.76966948109293
14 8 1128.4260246441136
14 9 -118.71911178218397
14 10 1084.604310949544
14 11 -87.185491491936773
14 12 1032.6140555662278
14 13 -50.679871912961971
14 14 973.23470191099659
14 15 -9.8718904894212756
14 16 907.29255357473448
14 17 34.507381167259155
14 18 835.68464337417936
14 19 81.681425717761158
14 20 759.35451326358816
14 21 130.84816004607092
14 22 679.27213020197996
14 23 181.19867022505787
14 24 596.41312616918185
14 25 231.93505458038999
14 26 511.73905889072557
14 27 282.28684550981598
14 28 426.17917291067897
14 29 331.52550805652936
14 30 340.61421772548783
14 31 378.97662905379548
14 32 255.86277000684277
14 33 424.02950543305451
14 34 172.67039575017407
14 35 466.14394805146731
14 36 91.701866176663316
14 37 504.8542305189585
14 38 13.536513517919957
14 39 539.77022365643279
14 40 -61.333313050226934
14 41 570.57586653854742
14 42 -132.50085117988419
14 43 597.02522478346509
14 44 -199.64085876722493
14 45 618.93647584838618
14 46 -262.50324129932778
14 47 636.18423413913661
14 48 -320.90481496425127
14 49 648.69069036603833
14 50 -374.71969361035917
14 51 656.41603696349193
14 52 -423.86897219444108
14 53 659.34885693650358
14 54 -468.30856035739998
14 55 657.49811251976098
14 56 -508.03045998577545
14 57 650.85007432799102
14 58 -543.00325272720329
14 59 639.85729474325126
14 60 -572.51149647754573
14 61 619.64504426441636
14 62 -622.38414903958983
14 63 0
15 0 0
15 1 -279.05411288315918
15 2 1159.8924977135994
15 3 -200.35447141708573
15 4 1167.7522295883591
15 5 -166.52165691084519
15 6 1148.9315071685269
15 7 -145.98824598124338
15 8 1114.4328979355578
15 9 -119.99158805906518
15 10 1071.2468769099814
15 11 -88.63144979613935
15 12 1019.9187520754549
15 13 -52.400016187448273
15 14 961.22724688143535
15 15 -11.954202301467376
15 16 895.99803251303456
15 17 31.990678553484031
15 18 825.12749186776091
15 19 78.674600706563069
15 20 749.55831016723096
15 21 127.31228263760386
15 22 670.25916719103407
15 23 177.11132196041035
15 24 588.20384822979577
15 25 227.28956353716967
15 26 504.35145113283397
15 27 277.09114345384478
15 28 419.62816172826933
15 29 325.80070860603882
15 30 334.91113785544258
15 31 372.7554169756786
15 32 251.01493335455416
15 33 417.35441972718945
15 34 168.68078328684533
15 35 459.06563172479764
15 36 88.568950764056353
15 37 497.42970964530286
15 38 11.254210460265313
15 39 532.06126865461556
15 40 -62.775579795015801
15 41 562.64747740897292
15 42 -133.11798628592442
15 43 588.94427185691711
15 44 -199.45185973710977
15 45 610.77051743723132
15 46 -261.53091559422137
15 47 628.00052268698892
15 48 -319.17547623834253
15 49 640.55536927867252
15 50 -372.26286173677181
15 51 648.39352301646613
15 52 -420.71712641131853
15 53 651.50130265578809
15 54 -464.49662408463155
15 55 649.8872376653253
15 56 -503.59803807964454
15 57 643.49115712616367
15 58 -538.02941145590921
15 59 633.51211575195521
15 60 -565.06252012127334
15 61 605.21689907204745
15 62 -664.2063438164314
15 63 0
16 0 0
16 1 -284.94011793895879
16 2 1145.7608838043143
16 3 -201.27386953276982
16 4 1153.1761770640969
16 5 -167.45649724043687
16 6 1134.996050097925
16 7 -146.89603893316416
16 8 1101.0449175046233
16 9 -120.94584658939311
16 10 1058.4591878341598
16 11 -89.742749418064705
16 12 1007.7637231859171
16 13 -53.763359977665459
16 14 949.73431005769271
16 15 -13.653932558099768
16 16 885.19466908110189
16 17 29.884462770723985
16 18 815.03960336135606
16 19 76.107061494212758
16 20 740.21023204409175
16 21 124.24433043634053
16 22 661.67337743081589
16 23 173.51945706991501
16 24 580.40050681711364
16 25 223.16522193932542
16 26 497.34786313706536
16 27 272.43965663501513
16 28 413.43824191244494
16 29 320.63998143030403
16 30 329.54493432839627
16 31 367.11441725856275
16 32 246.47824948829111
16 33 411.27156227389605
16 34 164.97492076723574
16 35 452.58712918894162
16 36 85.690582733377596
16 37 490.60795163882176
16 38 9.1953819037371431
16 39 524.95328014856568
16 40 -64.02733675372474
16 41 555.313496437293
16 42 -133.57944146150658
16 43 581.44647671838356
16 44 -199.14380174554935
16 45 603.17192327943303
16 46 -260.4778227805582
16 47 620.36405848289178
16 48 -317.40516806166852
16 49 632.94313690676063
16 50 -369.80615440143083
16 51 640.8662347439531
16 52 -417.60753674111584
16 53 644.1178018633309
16 54 -460.76982685576695
16 55 642.70625014160032
16 56 -499.29376094723921
16 57 636.52847322828165
16 58 -533.22447246841875
16 59 627.48238883614249
16 60 -557.94442455407989
16 61 591.60267009588097
16 62 -703.22640428912564
16 63 0
17 0 0
17 1 -291.96996714517809
17 2 1132.2136710589348
17 3 -202.61366802287739
17 4 1139.4209854358905
17 5 -168.76035836048686
17 6 1121.921212467214
17 7 -148.12118628810822
17 8 1088.5417824908927
17 9 -122.17163751984117
17 10 1046.5630812802829
17 11 -91.078839636793418
17 12 996.49483879602485
17 13 -55.30195975325114
17 14 939.11219685196556
17 15 -15.476023901328517
17 16 875.2384695640103
17 17 27.711961837439958
17 18 805.76799606433269
17 19 73.53189909053981
17 20 731.64121785680436
17 21 121.22916296561925
17 22 653.823860028524
17 23 170.04155672566412
17 24 573.28575855422059
17 25 219.21576406498389
17 26 490.98094372652668
17 27 268.02267529433266
17 28 407.82943372619229
17 29 315.77108381384278
17 30 324.70124381802634
17 31 361.81934088403978
17 32 242.4030096392471
17 33 405.58464993409871
17 34 161.66751505011234
17 35 446.54978722746819
17 36 83.146298157998899
17 37 484.26714728861953
17 38 7.4053880553037743
17 39 518.36012319768088
17 40 -65.075894963229075
17 41 548.52194085128758
17 42 -133.90325597129049
17 43 574.51216755453061
17 44 -198.76314174780418
17 45 596.15120549665335
17 46 -259.41622883465243
17 47 613.31315502002326
17 48 -315.68912606303456
17 49 625.91749507987515
17 50 -367.4647741206627
17 51 633.92003420403853
17 52 -414.67227758289482
17 53 637.30353074333834
17 54 -457.27401436579385
17 55 636.07633478568459
17 56 -495.27430224429736
17 57 630.095411571574
17 58 -528.75339962952239
17 59 621.91027940912136
17 60 -551.32711564738202
17 61 578.93048866617391
17 62 -739.71544702544634
17 63 0
18 0 0
18 1 -298.79137071588957
18 2 1119.4392813422382
18 3 -203.55046781901365
18 4 1126.4399589379082
18 5 -169.72487611042197
18 6 1109.5399099133374
18 7 -149.02183561957827
18 8 1076.6821767106194
18 9 -123.07408207448134
18 10 1035.2692004460096
18 11 -92.083186336822109
18 12 985.79282455375505
18 13 -56.494234911497188
18 14 929.02535672010345
18 15 -16.933011426090161
18 16 865.78840758306796
18 17 25.926054462388493
18 18 796.97494541051128
18 19 71.366329569855225
18 20 723.52405312585688
18 21 118.64706871733688
18 22 646.39982078915637
18 23 167.01978971696008
18 24 566.57001968005716
18 25 215.74428688495573
18 26 484.98611766376598
18 27 264.10361807620575
18 28 402.56507699041322
18 29 311.41755818566708
18 30 320.17342193171316
18 31 357.05409587194481
18 32 238.61395741278102
18 33 400.43864498215953
18 34 158.61541393178413
18 35 441.06074702767728
18 36 80.825178832810707
18 37 478.47815231989443
18 38 5.805155035432108
18 39 512.31827995934509
18 40 -65.969328699111429
18 41 542.2771657379144
18 42 -134.10774278668214
18 43 568.11610884892616
18 44 -198.30000488809674
18 45 589.65631894807302
18 46 -258.30992448732104
18 47 606.77194028926351
18 48 -313.9668876315227
18 49 619.38189261354637
18 50 -365.15626183017957
18 51 627.4409777688561
18 52 -411.80927041750692
18 53 630.93057212881831
18 54 -453.88991178469951
18 55 629.85919010998259
18 56 -491.4055489734892
18 57 624.04710907912886
18 58 -524.46923779143617
18 59 616.64968674222109
18 60 -545.04991649082513
18 61 567.05492100945776
18 62 -773.5245799040058
18 63 0
19 0 0
19 1 -306.54169616468607
19 2 1107.297170841548
19 3 -204.83448811319249
19 4 1114.3215516710825
19 5 -170.99857422522291
19 6 1098.0437842192714
19 7 -150.18829624864338
19 8 1065.7212412525041
19 9 -124.20473386214326
19 10 1024.8708253641325
19 11 -93.276451332258148
19 12 975.97205684678556
19 13 -57.832908339605638
19 14 919.79656848479863
19 15 -18.490151245487141
19 16 857.16573267973217
19 17 24.089719232733842
19 18 788.97221032434572
19 19 69.20290774132809
19 20 716.15458030009904
19 21 116.12169821546559
19 22 639.67603471724033
19 23 164.11035520604855
19 24 560.50295078193813
19 25 212.44077106530312
19 26 479.58486543961953
19 27 260.40716680881815
19 28 397.83629156318057
19 29 307.33934103750471
19 30 316.12084948733354
19 31 352.61403737081309
19 32 235.23808204117813
19 33 395.66409329836461
19 34 155.91321461556618
19 35 435.98513780125359
19 36 78.790008751639107
19 37 473.13971559788115
19 38 4.426739531027124
19 39 506.75882908990388
19 40 -66.704786877380684
19 41 536.54099730238158
19 42 -134.21736913414861
19 43 562.24903462407383
19 44 -197.80399128421777
19 45 583.70484191527794
19 46 -257.23122423642053
19 47 600.78257936311275
19 48 -312.33089206352815
19 49 613.40065343529204
19 50 -362.9904811191409
19 51 621.51296302772607
19 52 -409.14305510568738
19 53 625.0996490621219
19 54 -450.75401666281323
19 55 624.16941125320591
19 56 -487.83341118223689
19 57 618.50865681662981
19 58 -520.52515350169415
19 59 611.83309475154601
19 60 -539.27064624303966
19 61 556.09620319501119
19 62 -804.89821949640827
19 63 0
20 0 0
20 1 -313.95371249800519
20 2 1095.9668993734795
20 3 -205.69779031802682
20 4 1103.0269086688804
20 5 -171.92352115102949
20 6 1087.2830535731737
20 7 -151.0270007941017
20 8 1055.4415067758782
20 9 -125.01596423248884
20 10 1015.1072195924371
20 11 -94.148694637397057
20 12 966.74537144849637
20 13 -58.84234276436473
20 14 911.12485865778581
20 15 -19.705076186937731
20 16 849.06559389423819
20 17 22.611886481627153
20 18 781.45907178281959
20 19 67.416409268616917
20 20 709.24272673664746
20 21 113.99278753856379
20 22 633.37835528045616
20 23 161.61713598989991
20 24 554.83054993032965
20 25 209.57265400625147
20 26 474.54661412302812
20 27 257.16403475826155
20 28 393.43838474792392
20 29 303.73050823300218
20 30 312.36641925715958
20 31 348.65707860944894
20 32 232.12689972069711
20 33 391.38360889410251
20 34 153.44150160672143
20 35 431.41151065810845
20 36 76.95036280210843
20 37 468.3079069991436
20 38 3.208173870916653
20 39 501.70725015732387
20 40 -67.316703871256323
20 41 531.31048432533134
20 42 -134.24029017414796
20 43 556.88194788672263
20 44 -197.25850461327354
20 45 578.24429990205317
20 46 -256.1405287224261
20 47 595.27183326508748
20 48 -310.7204567527333
20 49 607.88259988839854
20 50 -360.88771068989445
20 51 616.02979080817022
20 52 -406.57699082657928
20 53 619.69254645646288
20 54 -447.75489776611721
20 55 618.87990038940188
20 56 -484.43370687891729
20 57 613.34740479423999
20 58 -516.78588989716445
20 59 607.32690978966275
20 60 -533.8422158956746
20 61 545.92234994288447
20 62 -833.6951125215819
20 63 0
21 0 0
21 1 -322.07239507329177
21 2 1085.3143413271482
21 3 -206.83070883933397
21 4 1092.6310948207174
21 5 -173.09426561951113
21 6 1077.4261868220947
21 7 -152.0770478691702
21 8 1046.0683680321381
21 9 -126.00943051097602
21 10 1006.2374699202792
21 11 -95.171492944245983
21 12 958.39000628643589
21 13 -59.96689735070504
21 14 903.29411502807488
21 15 -20.995528075218317
21 16 841.76959944670671
21 17 21.101951114133044
21 18 774.70776301993283
21 19 65.644391924024603
21 20 703.04568171195569
21 21 111.92722942610089
21 22 627.74443854323181
21 23 159.23745825716651
21 24 549.7674674359132
21 25 206.86858478029535
21 26 470.0604335312164
21 27 254.13479446569909
21 28 389.53307414431038
21 29 300.38382500379157
21 30 309.0434457021729
21 31 345.00809936162113
21 32 229.38491583772702
21 33 387.45376373299223
21 34 151.27613727372591
21 35 427.22737989606685
21 36 75.354127795890236
21 37 463.90013138761788
21 38 2.1704677806155814
21 39 497.10951625456801
21 40 -67.809484801273356
21 41 526.55860930599374
21 42 -134.20456609765097
21 43 552.01307973220537
21 44 -196.71326473371664
21 45 573.29624231670095
21 46 -255.10704539328799
21 47 590.28249771699848
21 48 -309.22198335474604
21 49 602.88958181899943
21 50 -358.94918366921047
21 51 611.07006366682981
21 52 -404.22476542971708
21 53 614.80220182374978
21 54 -445.01637200937694
21 55 614.09535626353318
21 56 -481.33823224816297
21 57 608.67688833923239
21 58 -513.38943370637935
21 59 603.25077355400936
21 60 -528.90682609358919
21 61 536.64248288214367
21 62 -860.13031385618888
21 63 0
22 0 0
22 1 -329.75006210449465
22 2 1075.5051545629613
22 3 -207.54073389070982
22 4 1083.1033910221777
22 5 -173.91944294899986
22 6 1068.3435466432911
22 7 -152.80686899927787
22 8 1037.412337979049
22 9 -126.6965886941307
22 10 998.03424349147463
22 11 -95.891729574759665
22 12 950.65590569447522
22 13 -60.785657700535012
22 14 896.04284361257669
22 15 -21.971672634890638
22 16 835.0136515275608
22 17 19.918724302669943
22 18 768.4586595928522
22 19 64.21421538220784
22 20 697.31400246837438
22 21 110.22035967016564
22 22 622.53960270481912
22 23 157.234127607353
22 24 545.09739421746417
22 25 204.55852918530582
22 26 465.93115140467489
22 27 251.51653684361008
22 28 385.94833787328753
22 29 297.46378879735857
22 30 306.00440352372971
22 31 341.79961699010164
22 32 226.88985694685471
22 33 383.97603672137848
22 34 149.32033564036828
22 35 423.50443771965729
22 36 73.92978862981181
22 37 459.9598280265127
22 38 1.2667730402426969
22 39 492.98259505121678
22 40 -68.206242031010333
22 41 522.2778586471577
22 42 -134.11077413820749
22 43 547.61259541464824
22 44 -196.14773160583354
22 45 568.81080524817662
22 46 -254.09070365185471
22 47 585.74707009029225
22 48 -307.7775818610462
22 49 598.33891948528617
22 50 -357.10098510435273
22 51 606.53844049056715
22 52 -401.99827337801253
22 53 610.32318334355296
22 54 -442.43796195360119
22 55 609.70291929152154
22 56 -478.43585493865248
22 57 604.37964569928226
22 58 -510.21536891084907
22 59 599.48651352215165
22 60 -524.33412726031747
22 61 528.14052043004267
22 62 -884.07529360665649
22 63 0
23 0 0
23 1 -337.91067235711125
23 2 1066.4165372986645
23 3 -208.43968252393097
23 4 1074.5048993101136
23 5 -174.92427793399656
23 6 1060.1778666739392
23 7 -153.69114739769429
23 8 1029.6654783360282
23 9 -127.51760375522281
23 10 990.71844346667604
23 11 -96.721667574684034
23 12 943.77916224743785
23 13 -61.685636910624453
23 14 889.61227642130325
23 15 -22.995937638370378
23 16 829.03636944706705
23 17 18.724674924897045
23 18 762.94165499461997
23 19 62.81399136582877
23 20 692.2640164304994
23 21 108.58679721650333
23 22 617.96281810302389
23 23 155.34906166294604
23 24 540.99905266866699
23 25 202.41230664623799
23 26 462.3151417263216
23 27 249.10733156957576
23 28 382.81680253930972
23 29 294.79677966719464
23 30 303.35739807014761
23 31 338.88608415963972
23 32 224.72508679811654
23 33 380.83242385482663
23 34 147.63298429443239
23 35 420.15142082618695
23 36 72.712442090505647
23 37 456.42142428050647
23 38 0.50943698397531989
23 39 489.28533714160949
23 40 -68.516041744715039
23 41 518.45005392578969
23 42 -133.98782248259522
23 43 543.68368195127914
23 44 -195.6089034820252
23 45 564.81081206811723
23 46 -253.15471066278405
23 47 581.70618236772498
23 48 -306.46470524970937
23 49 594.28714570231023
23 50 -355.43281303489493
23 51 602.50537610500032
23 52 -399.99746511512058
23 53 606.33781034766798
23 54 -440.12793997580957
23 55 605.79460085818937
23 56 -475.84140589833623
23 57 600.55492441506431
23 58 -507.38364312792328
23 59 596.1382932810011
23 60 -520.24772643335382
23 61 520.5118079516069
23 62 -905.71349791161992
23 63 0
24 0 0
24 1 -345.5574838881148
24 2 1058.1954078020317
24 3 -208.92874669016237
24 4 1066.8129349937772
24 5 -175.59876008022002
24 6 1052.8218108561305
24 7 -154.27288478235823
24 8 1022.6695654182549
24 9 -128.05386419358911
24 10 984.09996072064132
24 11 -97.274391015389483
24 12 937.55080013124825
24 13 -62.308693026125184
24 14 883.78424800339417
24 15 -23.737839239856839
24 16 823.61793819814011
24 17 17.822834439584767
24 18 757.94128978259323
24 19 61.719092690282196
24 20 687.68942871884065
24 21 107.27392940452773
24 22 613.82077778944222
24 23 153.80139296894413
24 24 537.29510481161924
24 25 200.62069207824607
24 26 459.05328203161844
24 27 247.06972329795462
24 28 379.99916045237114
24 29 292.51750244156938
24 30 300.98396421180951
24 31 336.37502917827078
24 32 222.7935086011712
24 33 378.10420682262702
24 34 146.13844327868719
24 35 417.22454301407197
24 36 71.647617528469709
24 37 453.31746704277975
24 38 -0.13544743069360266
24 39 486.02821439089894
24 40 -68.753096934415225
24 41 515.06534061900311
24 42 -133.83131243926982
24 43 540.19802996663202
24 44 -195.07501900761781
24 45 561.25146021486216
24 46 -252.26131587032796
24 47 578.10056274547605
24 48 -305.23107398039429
24 49 590.66258344273592
24 50 -353.87937055020302
24 51 598.88887973329474
24 52 -398.14555344719338
24 53 602.75589918319383
24 54 -437.99952508152273
24 55 602.27421018907989
24 56 -473.45950453063779
24 57 597.1028411295265
24 58 -504.79135989007773
24 59 593.10571479045393
24 60 -516.53666214406257
24 61 513.65816697170885
24 62 -924.93332894036939
24 63 0
25 0 0
25 1 -353.46847338360021
25 2 1050.7344400878083
25 3 -209.52496149675426
25 4 1060.0740313066126
25 5 -176.38542730651352
25 6 1046.3900708259644
25 7 -154.95089433557041
25 8 1016.5801611265124
25 9 -128.67403063410165
25 10 978.35802712324949
25 11 -97.894070944448686
25 12 932.16229356585245
25 13 -62.976839870998447
25 14 878.75410082460803
25 15 -24.497902097664337
25 16 818.9511444186337
25 17 16.934312344574209
25 18 753.64276207778857
25 19 60.672766653624421
25 20 683.7638953129499
25 21 106.04773848399418
25 22 610.27252882013272
25 23 152.38037127573989
25 24 534.12768006637634
25 25 198.99657586393005
25 26 456.26913679370773
25 27 245.24040383084866
25 28 377.59934836003595
25 29 290.48637356936524
25 30 298.96786473955217
25 31 334.15027306773482
25 32 221.15861860356745
25 33 375.69805638213438
25 34 144.88024415868495
25 35 414.65255199000239
25 36 70.759520679075649
25 37 450.59781424470202
25 38 -0.66207931013195775
25 39 483.18106152009932
25 40 -68.928861435324507
25 41 512.1122581272175
25 42 -133.66862323209716
25 43 537.16150035825194
25 44 -194.58792053228535
25 45 558.15446354472442
25 46 -251.46527215156311
25 47 574.96624476698344
25 48 -304.142746836078
25 49 587.51400330265824
25 50 -352.51640197202505
25 51 595.74883374580168
25 52 -396.52636831988275
25 53 599.64676947856788
25 54 -436.14309638542181
25 55 599.21874805013431
25 56 -471.38569126445873
25 57 594.10610120949059
25 58 -502.53810483127381
25 59 590.47530304496831
25 60 -513.30353402363471
25 61 507.65900429041722
25 62 -941.8848010000147
25 63 0
26 0 0
26 1 -360.82486353734566
26 2 1044.157703648807
26 3 -209.73890067921275
26 4 1054.2734639841456
26 5 -176.86827699776586
26 6 1040.7994555805544
26 7 -155.35346533397387
26 8 1011.2730888636179
26 9 -129.03863125188764
26 10 973.342976595859
26 11 -98.267910868798936
26 12 927.44906789334891
26 13 -63.401464035450772
26 14 874.35018931500963
26 15 -25.010671942027329
26 16 814.86335215572581
26 17 16.301690186537598
26 18 749.87726346762429
26 19 59.894675450777868
26 20 680.32626948024699
26 21 105.10482356949069
26 22 607.16761116736961
26 23 151.25943411931075
26 24 531.35933992507489
26 25 197.69026758922337
26 26 453.84002487480757
26 27 243.74677004743717
26 28 375.51065236129944
26 29 288.80829813715536
26 30 297.21910150328767
26 31 332.29486240315964
26 32 219.74748044613079
26 33 373.67599855997469
26 34 143.80251045622572
26 35 412.4774803017317
26 36 70.009036880946951
26 37 448.28569812125352
26 38 -1.0933573548754794
26 39 480.74964333864045
26 40 -69.050765773681633
26 41 509.58054839611577
26 42 -133.4926251502111
26 43 534.54934061392123
26 44 -194.12694789480156
26 45 555.4821609962346
26 46 -250.73350591355847
26 47 572.25428025731162
26 48 -303.15541076788577
26 49 584.78281015368339
26 50 -351.28955737491196
26 51 593.0186455088915
26 52 -395.07672588570131
26 53 596.93749311691136
26 54 -434.4878029883148
26 55 596.5506556890432
26 56 -469.54252237583205
26 57 591.48431759012965
26 58 -500.54065500262368
26 59 588.16631394620345
26 60 -510.45889081251516
26 61 502.43563691765303
26 62 -956.47661405564577
26 63 0
27 0 0
27 1 -368.23776067649305
27 2 1038.3768479016453
27 3 -209.97915821112656
27 4 1049.4427538276341
27 5 -177.39594843533268
27 6 1036.1347750972527
27 7 -155.793948573546
27 8 1006.864875807878
27 9 -129.43646152621113
27 10 969.18958709011349
27 11 -98.664686402116786
27 12 923.55522592129091
27 13 -63.83324212606567
27 14 870.71942721763662
27 15 -25.509344067131678
27 16 811.49931316417678
27 17 15.709271258401714
27 18 746.78350990780018
27 19 59.18691732631487
27 20 677.50620889910351
27 21 104.26544637311963
27 22 604.62429913741289
27 23 150.27732447379094
27 24 529.09524440565292
27 25 196.55918615626433
27 26 451.85677707877403
27 27 242.46494812132369
27 28 373.80881277613298
27 29 287.37796009181693
27 30 295.79796090501986
27 31 330.72170502919107
27 32 218.60491094685131
27 33 371.96865529267598
27 34 142.9348729288904
27 35 410.64699278194894
27 36 69.41114805840698
27 37 446.34501365408141
27 38 -1.4282019151323766
27 39 478.71315246084123
27 40 -69.130718509313738
27 41 507.46367240890322
27 42 -133.3271725115992
27 43 532.3681758454768
27 44 -193.72676630382557
27 45 553.25318271570723
27 46 -250.11029922552552
27 47 569.99410672915474
27 48 -302.32174083266727
27 49 582.50802405837021
27 50 -350.25867803142319
27 51 590.74567061543348
27 52 -393.86243146282141
27 53 594.68248591656447
27 54 -433.10426881362218
27 55 594.33007976394947
27 56 -468.00441646155377
27 57 589.30187608439155
27 58 -498.87641326904486
27 59 586.24593955300952
27 60 -508.08243721576218
27 61 498.04984823822451
27 62 -968.82392833776976
27 63 0
28 0 0
28 1 -375.08833834181132
28 2 1033.4897467544124
28 3 -209.87841607507107
28 4 1045.5750427297517
28 5 -177.65669909408643
28 6 1032.3384267508118
28 7 -155.99458053543458
28 8 1003.2675801596724
28 9 -129.61460371343492
28 10 965.791158483853
28 11 -98.852071761257321
28 12 920.36318282566754
28 13 -64.058482644213655
28 14 867.73915695061987
28 15 -25.798001428256612
28 16 808.73578703517524
28 17 15.335507021063677
28 18 744.2412188538583
28 19 58.710537507522531
28 20 675.18919053100035
28 21 103.67323070568091
28 22 602.53602468947065
28 23 149.5602603995394
28 24 527.23846027902255
28 25 195.71225324170882
28 26 450.23332869504884
28 27 241.48680257667365
28 28 372.41947724169222
28 29 286.27055215793007
28 30 294.64230713074357
28 31 329.48985752909721
28 32 217.68119954685972
28 33 370.61962622146893
28 34 142.24000231024547
28 35 409.19004229635902
28 36 68.940648100124235
28 37 444.79099065029004
28 38 -1.6801305946501088
28 39 477.07411275723643
28 40 -69.171125653610943
28 41 505.75253778788465
28 42 -133.16424741560695
28 43 530.59843889968761
28 44 -193.36970369749906
28 45 551.43866119351514
28 46 -249.56915223128817
28 47 568.14874737938226
28 48 -301.60726930716919
28 49 580.64575504204186
28 50 -349.38220214826288
28 51 588.88030106345468
28 52 -392.83569567487575
28 53 592.82761949361884
28 54 -431.93930995357732
28 55 592.49959472253977
28 56 -466.71355356693311
28 57 587.49934584056973
28 58 -497.48348254752273
28 59 584.65451534175372
28 60 -506.10785276603565
28 61 494.44365663475764
28 62 -978.85830746236024
28 63 0
29 0 0
29 1 -381.80455279643866
29 2 1029.4297843984168
29 3 -209.7261458061439
29 4 1042.6865513409211
29 5 -177.89651549264818
29 6 1029.4639781363912
29 7 -156.17577558373341
29 8 1000.5568062013026
29 9 -129.77549197898952
29 10 963.23594607952145
29 11 -99.017792717859265
29 12 917.96763424554229
29 13 -64.251639088297452
29 14 865.50600225905328
29 15 -26.038348448764737
29 16 806.66789726819843
29 17 15.031364523565571
29 18 742.34135737469842
29 19 58.32929417692867
29 20 673.45996567382826
29 21 103.20489847117642
29 22 600.97975105009027
29 23 148.99806824359985
29 24 525.85700369718325
29 25 195.05245873006061
29 26 449.02794729750894
29 27 240.72843707472202
29 28 371.39067547968807
29 29 285.4151218343759
29 30 293.78971527194153
29 31 328.54101917791922
29 32 217.00348637523348
29 33 369.5828549439284
29 34 141.73482534260984
29 35 408.072304480811
29 36 68.604641853653447
29 37 443.60043358437906
29 38 -1.8513305349188158
29 39 475.81977952404486
29 40 -69.182827326130791
29 41 504.44411307353221
29 42 -133.02262159413658
29 43 529.24603031669903
29 44 -193.08168534735159
29 45 550.05261714313747
29 46 -249.1423305968965
29 47 566.73951240782117
29 48 -301.04977510063691
29 49 579.2237604168804
29 50 -348.70259789840929
29 51 587.45589024056244
29 52 -392.04287410257166
29 53 591.41097869996884
29 54 -431.0424108780353
29 55 591.10112046028007
29 56 -465.72187667379694
29 57 586.1214775791268
29 58 -496.41574274801314
29 59 583.4386527112656
29 60 -504.59056081990639
29 61 491.65998716489412
29 62 -986.65901826961999
29 63 0
30 0 0
30 1 -387.98389851990578
30 2 1026.2661112051319
30 3 -209.28658571506276
30 4 1040.7781662536308
30 5 -177.91551568393515
30 6 1027.4804206915178
30 7 -156.16012123018663
30 8 998.68239361740052
30 9 -129.75822881458043
30 10 961.46200069142651
30 11 -99.014659735985333
30 12 916.29980991569937
30 13 -64.277886912122995
30 14 863.94802152085504
30 15 -26.10728569152343
30 16 805.22333499857268
30 17 14.908503987953736
30 18 741.01344803239044
30 19 58.143531339283072
30 20 672.25161720898541
30 21 102.94954853407035
30 22 599.89346650581865
30 23 148.66868674516809
30 24 524.89478852066895
30 25 194.64671956939128
30 26 448.19121259251915
30 27 240.24596059462056
30 28 370.68015042223124
30 29 284.8572692300877
30 30 293.2053780455135
30 31 327.91066784056966
30 32 216.54451878703185
30 33 368.88416657347989
30 34 141.399594235736
30 35 407.31049602982239
30 36 68.390706951504399
30 37 442.78155888832771
30 38 -1.9471840460028034
30 39 474.95052804151783
30 40 -69.164535022991913
30 41 503.53162987448741
30 42 -132.89476962654589
30 43 528.29776055887123
30 44 -192.84942859485454
30 45 549.07617669641695
30 46 -248.8113049707863
30 47 565.7425844106001
30 48 -300.62600877727164
30 49 578.21401766204872
30 50 -348.19242661114913
30 51 586.4409432319917
30 52 -391.45286092434617
30 53 590.39832635789935
30 54 -430.37929583533696
30 55 590.09842016166658
30 56 -464.99238708292978
30 57 585.13081879709716
30 58 -495.63378897801158
30 59 582.56076230236431
30 60 -503.4885106965703
30 61 489.66239988885718
30 62 -992.18229107691513
30 63 0
31 0 0
31 1 -393.85990781397595
31 2 1023.9558169530483
31 3 -208.72265242246613
31 4 1039.850691790889
31 5 -177.85095452609312
31 6 1026.4092274212544
31 7 -156.06991721597296
31 8 997.67781364903385
31 9 -129.67439948283754
31 10 960.50972529724277
31 11 -98.945456062438097
31 12 915.40369517701947
31 13 -64.232106598183236
31 14 863.11036810684527
31 15 -26.092187169979297
31 16 804.44660079592722
31 17 14.886910412315046
31 18 740.29993908197866
31 19 58.080559097106743
31 20 671.60346520722669
31 21 102.84181781798907
31 22 599.31254946832269
31 23 148.51407124751859
31 24 524.3826590685785
31 25 194.44426471864062
31 26 447.74903202551286
31 27 239.99577982749543
31 28 370.30863408062942
31 29 284.56042600737419
31 30 292.90475559946572
31 31 327.56904980715262
31 32 216.31451093071519
31 33 368.50035746738286
31 34 141.23940633226084
31 35 406.88765025151952
31 36 68.299038866825867
31 37 442.3232828116852
31 38 -1.972113511783391
31 39 474.46077038557632
31 40 -69.124951676258206
31 41 503.01458452395309
31 42 -132.79329839406273
31 43 527.75778196973988
31 44 -192.68904195541836
31 45 548.51770970572034
31 46 -248.59526863565407
31 47 565.17010816605762
31 48 -300.35782783670584
31 49 577.63200273939219
31 50 -347.87579453450235
31 51 585.853823679372
31 52 -391.09161028818562
31 53 589.81046705639528
31 54 -429.97739188876949
31 55 589.51427909050835
31 56 -464.55365936708404
31 57 584.55161960182522
31 58 -495.1670982336509
31 59 582.04605709306634
31 60 -502.83193620543898
31 61 488.47415492900836
31 62 -995.47082634217077
31 63 0
32 0 0
32 1 -399.25672290337388
32 2 1022.5376603159475
32 3 -207.93607006908132
32 4 1039.9126053812324
32 5 -177.61957515745053
32 6 1026.2465252367292
32 7 -155.83210458771646
32 8 997.53156143833621
32 9 -129.45853145538422
32 10 960.36293982137977
32 11 -98.751023091381285
32 12 915.26037390963211
32 13 -64.060777128815971
32 14 862.97279320319831
32 15 -25.944786386844498
32 16 804.31717366309385
32 17 15.009828189249674
32 18 740.18085532543409
32 19 58.178758376925543
32 20 671.49671268680322
32 21 102.91535263604601
32 22 599.21986429571916
32 23 148.56325850587382
32 24 524.30549993687237
32 25 194.46965778797676
32 26 447.6885638382555
32 27 239.99814171702383
32 28 370.26572211971143
32 29 284.54070270527154
32 30 292.87996798075255
32 31 327.52834382563378
32 32 216.30812918829179
32 33 368.439902240425
32 34 141.25144199397255
32 35 406.8087852942881
32 36 68.329255384469434
32 37 442.22743027830802
32 38 -1.9241756604060356
32 39 474.34941348001303
32 40 -69.059947691130219
32 41 502.88924753658648
32 42 -132.71205075398029
32 43 527.62001307655737
32 44 -192.59251267840227
32 45 548.36906596165136
32 46 -248.48453280128524
32 47 565.012143340482
32 48 -300.23404901839967
32 49 577.46625805066287
32 50 -347.74020383565585
32 51 585.68182269027602
32 52 -390.94548324101197
32 53 589.63370199762721
32 54 -429.82207976365316
32 55 589.33427189913346
32 56 -464.39023302582427
32 57 584.36900667402369
32 58 -494.99945130264678
32 59 581.87960685245343
32 60 -502.60372989896496
32 61 488.08084501388294
32 62 -996.50659141161668
32 63 0
33 0 0
33 1 -404.20746267386676
33 2 1021.9935810027891
33 3 -206.95920710522842
33 4 1040.9493566442052
33 5 -177.24664971296988
33 6 1026.9813645777504
33 7 -155.46810991509119
33 8 998.23446012123895
33 9 -129.12898229160419
33 10 961.01361709202138
33 11 -98.447149468938733
33 12 915.86255641686876
33 13 -63.777450782254164
33 14 863.52847760622353
33 15 -25.67664911907741
33 16 804.82852339400779
33 17 15.267475930613728
33 18 740.64983183461663
33 19 58.429959153727395
33 20 671.92507734716855
33 21 103.16344007605949
33 22 599.60915901910994
33 23 148.81085196520871
33 24 524.65705966824316
33 25 194.71868787377389
33 26 448.00354486369542
33 27 240.24989887720949
33 28 370.54513990142368
33 29 284.79590085908058
33 30 293.12473906202285
33 31 327.78719331645334
33 32 216.51911221169939
33 33 368.70218639251107
33 34 141.42947542268303
33 35 407.07393659431546
33 36 68.475188732008974
33 37 442.49460264609297
33 38 -1.80945730789972
33 39 474.61754819551061
33 40 -68.975506792412489
33 41 503.15713152713215
33 42 -132.65688752426286
33 43 527.88632829106064
33 44 -192.56556179243489
33 45 548.63242989995342
33 46 -248.48466513276435
33 47 565.27114068103401
33 48 -300.26007754031525
33 49 577.71946354705506
33 50 -347.79089241965266
33 51 585.92781898596513
33 52 -391.01955039768654
33 53 589.87108304791036
33 54 -429.91826850311554
33 55 589.56160042953343
33 56 -464.50687049173212
33 57 584.58630410314072
33 58 -495.13548841559896
33 59 582.06482623290867
33 60 -502.80848990951199
33 61 488.48567038248802
33 62 -995.29540161711338
33 63 0
34 0 0
34 1 -408.76693431073363
34 2 1022.3311646882394
34 3 -205.83353560255091
34 4 1042.9768261815298
34 5 -176.76736090947998
34 6 1028.6370706921844
34 7 -155.0107395928535
34 8 999.81384415741559
34 9 -128.71697853142905
34 10 962.49158189039008
34 11 -98.063779489621083
34 12 917.24142421298893
34 13 -63.410802249563858
34 14 864.80908726684902
34 15 -25.31507054186477
34 16 806.01209728001777
34 17 15.634103522188525
34 18 741.73752176420749
34 19 58.81013788666678
34 20 672.91794663333349
34 21 103.56395752069147
34 22 600.50817355659092
34 23 149.23678220384318
34 24 525.46312878121171
34 25 195.17346073598674
34 26 448.71758620956825
34 27 240.73541823099731
34 28 371.16815460649377
34 29 285.31269689437977
34 30 293.65788630002498
34 31 328.33459425773981
34 32 216.96377514217602
34 33 369.27849896528642
34 34 141.7873131572378
34 35 407.67662530925008
34 36 68.748171838706185
34 37 443.12046115919657
34 38 -1.6190293081308482
34 39 475.26285693493264
34 40 -68.865004402596242
34 41 503.81779800545701
34 42 -132.62336557318122
34 43 528.55800757924953
34 44 -192.60578535522654
34 45 549.31062416017085
34 46 -248.59514450099596
34 47 565.95127823584335
34 48 -300.43710827385439
34 49 578.39695753045817
34 50 -348.03059777459566
34 51 586.5981092142647
34 52 -391.31791585305109
34 53 590.52965801811297
34 54 -430.27125378785058
34 55 590.20384918540003
34 56 -464.90989171843466
34 57 585.21140771290447
34 58 -495.58240593796654
34 59 582.60962867962007
34 60 -503.45427137017396
34 61 489.69640901077582
34 62 -991.84531839000556
34 63 0
35 0 0
35 1 -412.76728507000371
35 2 1023.5574966770855
35 3 -204.46042145749743
35 4 1045.9653488510412
35 5 -176.09465429018201
35 6 1031.1704732032467
35 7 -154.38027229492945
35 8 1002.2180745238529
35 9 -128.14743120088679
35 10 964.7405545933907
35 11 -97.529535429430325
35 12 919.33858616926045
35 13 -62.892924046309417
35 14 866.7560015737763
35 15 -24.795711357228356
35 16 807.81050386349307
35 17 16.170230230727611
35 18 743.38891471370516
35 19 59.375686089424562
35 20 674.42360125369305
35 21 104.16886286748195
35 22 601.86918706222059
35 23 149.88830416768906
35 24 526.68051679347627
35 25 195.87631535387118
35 26 449.79240439033674
35 27 241.49197765837016
35 28 372.10162789733658
35 29 286.12323425249997
35 30 294.45153138567548
35 31 329.19755459488442
35 32 217.61950556538068
35 33 370.19077981312876
35 34 142.30751991135548
35 35 408.63385416969322
35 36 69.135776004713989
35 37 444.11725885993292
35 38 -1.3605520962300943
35 39 476.29307911165597
35 40 -68.731626481621788
35 41 504.87474935607679
35 42 -132.61053287578761
35 43 529.63462571824493
35 44 -192.70846166818956
35 45 550.39963135641301
35 46 -248.8078690362272
35 47 567.04530142042131
35 48 -300.75406066316646
35 49 579.48861790464434
35 50 -348.44566564515844
35 51 587.68008600509347
35 52 -391.82475136385619
35 53 591.59472901910704
35 54 -430.86341888738389
35 55 591.2446429533702
35 56 -465.58024549767651
35 57 586.22672445380886
35 58 -496.32001079089605
35 59 583.49564098989504
35 60 -504.5200430231489
35 61 491.69620909879086
35 62 -986.12530010768751
35 63 0
36 0 0
36 1 -416.49159686016901
36 2 1025.6491084817299
36 3 -203.01962554754027
36 4 1049.9379897510153
36 5 -175.38097573037703
36 6 1034.6316783056864
36 7 -153.71436903706126
36 8 1005.5128164481175
36 9 -127.54738540934341
36 10 967.83581666386453
36 11 -96.962696551372574
36 12 922.23476927415504
36 13 -62.334022771892705
36 14 869.45227051273832
36 15 -24.220863696200468
36 16 810.30666780179672
36 17 16.781580598035362
36 18 745.68485421195874
36 19 60.040553182716394
36 20 676.51923682205961
36 21 104.90055417449184
36 22 603.76450601324905
36 23 150.69644930463255
36 24 528.37568044878935
36 25 196.76702958122405
36 26 451.28789245154621
36 27 242.46812391766071
36 28 373.39839368542016
36 29 287.18475223286077
36 30 295.55114668937676
36 31 330.34182926030553
36 32 218.5242811151511
36 33 371.41302676673149
36 34 143.02059222472963
36 35 409.92750259647437
36 36 69.661156169331662
36 37 445.47431717774089
36 38 -1.017967861116631
36 39 477.70447263246751
36 40 -68.56608173393397
36 41 506.33062103315751
36 42 -132.61546621379239
36 43 531.12459569319981
36 44 -192.87658556095266
36 45 551.9130124412186
36 46 -249.13126447927425
36 47 568.57127018474785
36 48 -301.22428033791948
36 49 581.01634327840657
36 50 -349.05383862451345
36 51 589.19881932979479
36 52 -392.56167320900204
36 53 593.09386308541434
36 54 -431.71974421056802
36 55 592.71335412631743
36 56 -466.54580315816929
36 57 587.66270341266136
36 58 -497.37868566808174
36 59 584.75341025996386
36 60 -506.03879244590644
36 61 494.5148527440324
36 62 -978.16915450721353
36 63 0
37 0 0
37 1 -419.57592813446354
37 2 1028.6376715441747
37 3 -201.28460208752585
37 4 1054.8503815471122
37 5 -174.42951182147226
37 6 1038.9460209864865
37 7 -152.83437233506447
37 8 1009.6048503100974
37 9 -126.75024838699755
37 10 971.67376378592962
37 11 -96.206427753031676
37 12 925.82138728403152
37 13 -61.586223091580905
37 14 872.78831155117587
37 15 -23.451566522680878
37 16 813.39307843677489
37 17 17.597894236587308
37 18 748.52230941360176
37 19 60.924809372409072
37 20 679.10819368535158
37 21 105.86896789845923
37 22 606.10530487110736
37 23 151.76061349393422
37 24 530.46872304776116
37 25 197.93415254980573
37 26 453.13385411418494
37 27 243.74137777840588
37 28 374.99844108879188
37 29 288.56369627874301
37 30 296.90713837453586
37 31 331.82287694444312
37 32 219.63893404972623
37 33 372.98992934893249
37 34 143.89760426638531
37 35 411.59182711680842
37 36 70.305279609783611
37 37 447.21590132894562
37 38 -0.60090175111326971
37 39 479.5118426955014
37 40 -68.369183748018258
37 41 508.19136389463893
37 42 -132.63084891832477
37 43 533.02567876016838
37 44 -193.09545328951572
37 45 553.84104888389629
37 46 -249.54402440471313
37 47 570.51272987109769
37 48 -301.82066445831879
37 49 582.95771102621075
37 50 -349.82302793196141
37 51 591.12670711556348
37 52 -393.49240490764714
37 53 594.99508979570237
37 54 -432.80053097305426
37 55 594.57449069668655
37 56 -467.76413913676151
37 57 589.48127614257828
37 58 -498.71384354673864
37 59 586.34319499333287
37 60 -507.96431631852101
37 61 498.11584497092554
37 62 -967.90935680246548
37 63 0
38 0 0
38 1 -422.52291177646839
38 2 1032.4696819338897
38 3 -199.56826305360664
38 4 1060.7325312832927
38 5 -173.50583776760686
38 6 1044.1895020960601
38 7 -151.97929190549075
38 8 1014.5969832649371
38 9 -125.97587035543256
38 10 976.37381359163555
38 11 -95.464752365614913
38 12 930.22737486876395
38 13 -60.839056385475487
38 14 876.89728319446658
38 15 -22.663259596811258
38 16 817.20298109644318
38 17 18.457882669054015
38 18 752.03131509624654
38 19 61.881571639332833
38 20 682.3146595252183
38 21 106.94192015989756
38 22 609.00783685156057
38 23 152.96355110194781
38 24 533.06634822547494
38 25 199.27550496277036
38 26 455.42624180825442
38 27 245.22461097831183
38 28 376.98613489283161
38 29 290.1878151078563
38 30 298.59176905802087
38 31 333.58298767325323
38 32 221.02339253251557
38 33 374.87782763037103
38 34 144.98616230866901
38 35 413.59658358715023
38 36 71.103652453530231
38 37 449.32442193612587
38 38 -0.085551266693073558
38 39 481.70938681550979
38 40 -68.128293708014098
38 41 510.4620078896005
38 42 -132.65455219197975
38 43 535.35271654254757
38 44 -193.37270609867119
38 45 556.20732630359271
38 46 -250.06275781151999
38 47 572.90091123149978
38 48 -302.5679469374154
38 49 585.35048034400461
38 50 -350.78522918183808
38 51 593.50690980863874
38 52 -394.65533878910719
38 53 597.34583194313018
38 54 -434.14972659547857
38 55 596.87856943355655
38 56 -469.28397528063215
38 57 591.73482103460628
38 58 -500.37836349474674
38 59 588.31756953168224
38 60 -510.35385328077609
38 61 502.5504551326776
38 62 -955.40440487411615
38 63 0
39 0 0
39 1 -424.78271433878945
39 2 1037.1999917879293
39 3 -197.52270030721775
39 4 1067.5259430627193
39 5 -172.30878931968618
39 6 1050.2571964991603
39 7 -150.87617376821072
39 8 1020.3559757997027
39 9 -124.9702108452766
39 10 981.78670073139074
39 11 -94.498929036035406
39 12 935.29557932470198
39 13 -59.867765367016545
39 14 881.62014261570221
39 15 -21.645002703962746
39 16 821.58005881751706
39 17 19.558290830445912
39 18 756.06190517873983
39 19 63.092786820106994
39 20 685.99787003904567
39 21 108.28591967992907
39 22 612.34275023025475
39 23 154.45576749471002
39 24 536.05227750495033
39 25 200.9251648019017
39 26 458.06302864548343
39 27 247.03522744857764
39 28 379.27445072227783
39 29 292.15778608886467
39 30 300.53338914513006
39 31 335.70625566881063
39 32 222.62142102817961
39 33 377.14456453841194
39 34 146.24519449171203
39 35 415.99386887583023
39 36 72.029868306344724
39 37 451.83688959014034
39 38 0.51563841907409369
39 39 484.31982194188095
39 40 -67.842767509773694
39 41 513.15187896534553
39 42 -132.6738452689824
39 43 538.10263548257353
39 44 -193.68462518514207
39 45 558.99743111922362
39 46 -250.65392097758377
39 47 575.71117195038823
39 48 -303.42395872366978
39 49 588.16093045379603
39 50 -351.89085720048752
39 51 596.29781088688105
39 52 -395.99466720119381
39 53 600.0977964276899
39 54 -435.70644783130774
39 55 599.57189672559252
39 56 -471.04039582563928
39 57 594.3656719637147
39 58 -502.30414559564451
39 59 590.61625699996512
39 60 -513.13694252712594
39 61 507.76336130411437
39 62 -940.55101430967625
39 63 0
40 0 0
40 1 -427.06270469921037
40 2 1042.7469662090516
40 3 -195.58529858727525
40 4 1075.2673104775567
40 5 -171.2100865006505
40 6 1057.2496681731991
40 7 -149.85946031629283
40 8 1027.0199346280151
40 9 -124.04084602621879
40 10 988.07391114519305
40 11 -93.594362533622188
40 12 941.20103979662417
40 13 -58.937492315180862
40 14 887.13815055143641
40 15 -20.642272772875003
40 16 826.70606167880578
40 17 20.673360739920099
40 18 760.79174479559697
40 19 64.352749984664115
40 20 690.32774031256849
40 21 109.71571307436534
40 22 616.26929913245476
40 23 156.07279214009395
40 24 539.57284129637628
40 25 202.73962798000866
40 26 461.17592586369938
40 27 249.0506796561931
40 28 381.97928654426505
40 29 294.37179199476304
40 30 302.83133226021164
40 31 338.11114612944948
40 32 224.51542682802028
40 33 379.72822475467183
40 34 147.74015839975618
40 35 418.74052520824989
40 36 73.132702550537942
40 37 454.72786501932205
40 38 1.2352723274489108
40 39 487.33423675457743
40 40 -67.495456812594057
40 41 516.26727988605126
40 42 -132.68616100958752
40 43 541.29554185919915
40 44 -194.04222405228211
40 45 562.24379262630464
40 46 -251.34101612138693
40 47 578.98673586578298
40 48 -304.42353628359342
40 49 591.44152103272063
40 50 -353.18489370865791
40 51 599.55952779091604
40 52 -397.56432020112698
40 53 603.31715953907405
40 54 -437.53240296382501
40 55 602.72506324281494
40 56 -473.10179670603247
40 57 597.44709743654312
40 58 -504.56540814138862
40 59 593.3128466836024
40 60 -516.39393312825632
40 61 513.8264593938402
40 62 -923.43059314998754
40 63 0
41 0 0
41 1 -428.64240904805229
41 2 1049.1864122343486
41 3 -193.29661714664326
41 4 1083.8847268644258
41 5 -169.81231853492318
41 6 1065.0334487934288
41 7 -148.56884996561348
41 8 1034.417813178834
41 9 -122.8523599820619
41 10 995.04289508445254
41 11 -92.435721194306097
41 12 947.7403723963107
41 13 -57.751219014789967
41 14 893.24496036056189
41 15 -19.376111021074394
41 16 832.37775248790058
41 17 22.063518224513246
41 18 766.02548951427707
41 19 65.902573419407418
41 20 695.12059648104696
41 21 111.45225780637702
41 22 620.61842608045481
41 23 158.01467329765728
41 24 543.47582911304926
41 25 204.89745470513299
41 26 464.6311719852747
41 27 251.42768603245713
41 28 384.98637347856857
41 29 296.96460416062109
41 30 305.39136946572398
41 31 340.91063126879817
41 32 226.63132956495247
41 33 382.72037445494789
41 34 149.41684763698504
41 35 421.90733363440813
41 36 74.37721812948439
41 37 458.04816960526296
41 38 2.0568008039845154
41 39 490.78449629860188
41 40 -67.085633372698794
41 41 519.82227230382705
41 42 -132.67478267380284
41 43 544.92896963438398
41 44 -194.41422235786376
41 45 565.92878946730707
41 46 -252.07971785903283
41 47 582.696274477712
41 48 -305.51088511856506
41 49 595.14872417594233
41 50 -354.6016726659218
41 51 603.2378919258008
41 52 -399.29034487613535
41 53 606.94072697060619
41 54 -439.54688245548823
41 55 606.26754669783622
41 56 -475.38211083519855
41 57 600.90315369052405
41 58 -507.07187250509378
41 59 596.32778225022776
41 60 -520.0314917601645
41 61 520.66683743987596
41 62 -903.90518033700573
41 63 0
42 0 0
42 1 -430.41343009804223
42 2 1056.411325305362
42 3 -191.2065234421334
42 4 1093.4213182110852
42 5 -168.58369181136368
42 6 1073.7319239922272
42 7 -147.42603216291172
42 8 1042.720562179511
42 9 -121.7930203722517
42 10 1002.8944296379905
42 11 -91.383740868877794
42 12 955.13188284144235
42 13 -56.6445389040382
42 14 900.16721808865441
42 15 -18.157699315679565
42 16 838.82291907571016
42 17 23.442090406433636
42 18 771.98630740440422
42 19 67.480553849463831
42 20 700.5903513515932
42 21 113.25937092010463
42 22 625.59108684467901
42 23 160.07122221708414
42 24 547.94634000927545
42 25 207.21474433003095
42 26 468.59581336775591
42 27 254.0086878184411
42 28 388.44313257868635
42 29 299.80478858533388
42 30 308.34027631954086
42 31 343.9989044181857
42 32 229.07472726956257
42 33 386.0400628127536
42 34 151.35957754637275
42 35 425.43717137277781
42 36 75.826711770332622
42 37 461.76325001852092
42 38 3.0230795459829096
42 39 494.65715850374181
42 40 -66.590043161340873
42 41 523.82290076593563
42 42 -132.6350055705916
42 43 549.02669231751133
42 44 -194.81324427488289
42 45 570.09206631164488
42 46 -252.89863195894213
42 47 586.89337306532252
42 48 -306.72915439708959
42 49 599.34808557500219
42 50 -356.19739263665906
42 51 607.40839353456977
42 52 -401.24047374092697
42 53 611.05188152623668
42 54 -441.82765966525039
42 55 610.28850415141278
42 56 -477.96774958897004
42 57 604.8265313779666
42 58 -509.91746131785476
42 59 599.7542346449336
42 60 -524.15146449220629
42 61 528.37579926290346
42 62 -882.07656532404144
42 63 0
43 0 0
43 1 -431.50458139393777
43 2 1064.5154580799954
43 3 -188.75689627293468
43 4 1103.7926038000023
43 5 -167.04114076446785
43 6 1083.1852431351763
43 7 -145.99244486248608
43 8 1051.7221526811227
43 9 -120.45398435702737
43 10 1011.3957359294545
43 11 -90.053469421036425
43 12 963.1289731828474
43 13 -55.254245347668984
43 14 907.65407242088258
43 15 -16.645280811644625
43 16 845.79386426639758
43 17 25.128784335493037
43 18 778.43551919158926
43 19 69.383361483232875
43 20 706.5120031427341
43 21 115.40961122022964
43 22 630.97961933067381
43 23 162.48990449412304
43 24 552.79685456639527
43 25 209.91309003193237
43 26 472.90451821027091
43 27 256.98889172645067
43 28 392.20778847948168
43 29 303.06094845400366
43 30 311.56059889099197
43 31 347.51805379755751
43 32 231.75271478521609
43 33 389.80325083457501
43 34 153.49974564742297
43 35 429.42054071772873
43 36 77.436226729332702
43 37 465.9390739675473
43 38 4.1117907244370144
43 39 498.99480571866661
43 40 -66.009662816668424
43 41 528.28970538030262
43 42 -132.54799713422472
43 43 553.58871289854505
43 44 -195.2023607486808
43 45 574.7147262695762
43 46 -253.74457669613548
43 47 591.54197962243416
43 48 -308.01083902360915
43 49 603.98823062541851
43 50 -357.89219641628733
43 51 612.00624576258633
43 52 -403.32446665161115
43 53 615.57441737249974
43 54 -444.27602709902203
43 55 614.70241903407441
43 56 -480.75330220171963
43 57 609.12478156751604
43 58 -512.99152219144162
43 59 603.49506024977018
43 60 -528.63952093957778
43 61 536.86451982457584
43 62 -857.77356620155842
43 63 0
44 0 0
44 1 -432.96606432932094
44 2 1073.3700092714571
44 3 -186.59509762528614
44 4 1115.0479044033546
44 5 -165.73726782667109
44 6 1093.5375071539966
44 7 -144.76676202548333
44 8 1061.6233635062144
44 9 -119.29537337209695
44 10 1020.7834451023245
44 11 -88.873352723339849
44 12 971.98968243219497
44 13 -53.979862326514194
44 14 915.97415250816994
44 15 -15.210244634999981
44 16 853.56130492755256
44 17 26.780547943872079
44 18 785.6390948063563
44 19 71.29692445460023
44 20 713.14124456307582
44 21 117.61864672621414
44 22 637.02498968609689
44 23 165.01680474902969
44 24 558.25009280283666
44 25 212.76946220041282
44 26 477.7590588730618
44 27 260.17634141908275
44 28 396.45919159738696
44 29 306.57206618798227
44 30 315.20693943321021
44 31 351.33752974161325
44 32 234.79489630062744
44 33 393.90905312757241
44 34 155.94171647990152
44 35 433.78510215461574
44 36 79.285089611857984
44 37 470.53044205540573
44 38 5.3778063374920748
44 39 503.77771992771159
44 40 -65.313168647662678
44 41 533.22657479384361
44 42 -132.40480805052357
44 43 558.64047542399931
44 44 -195.59360663379266
44 45 579.84157808732562
44 46 -254.649011139918
44 47 596.70397088211757
44 48 -309.40513611312781
44 49 609.14572909496201
44 50 -359.75124694687111
44 51 617.12027570592909
44 52 -405.62163607091861
44 53 620.60692426939568
44 54 -446.98363884663195
44 55 619.61505635963476
44 56 -483.84104828755881
44 57 613.90810217289982
44 58 -516.40555647054498
44 59 607.66113631416374
44 60 -533.61690079327673
44 61 546.24211609279882
44 62 -831.1150429335612
44 63 0
45 0 0
45 1 -433.80007130622289
45 2 1083.0829612245907
45 3 -184.07984103987474
45 4 1127.091117547252
45 5 -164.11613503350964
45 6 1104.6050668369389
45 7 -143.24313729048299
45 8 1072.1865959681054
45 9 -117.84453408267836
45 10 1030.7882655126832
45 11 -87.397271124700637
45 12 981.42789144617382
45 13 -52.399384020418438
45 14 924.83555195030931
45 15 -13.454415312708079
45 16 861.83614208721337
45 17 28.770964388513676
45 18 793.3175898187983
45 19 73.569008594631669
45 20 720.21376929001235
45 21 120.20708251156975
45 22 643.4823815936852
45 23 167.94411524188035
45 24 564.08410219432881
45 25 216.04660905722994
45 26 482.96285360720503
45 27 263.80360692996874
45 28 401.02786052784722
45 29 310.54013713287532
45 30 319.13794678644081
45 31 355.62870880312403
45 32 238.08845306234616
45 33 398.49853223472564
45 34 158.60104753073756
45 35 438.64224130061302
45 36 81.316587716173672
45 37 475.62000676180105
45 38 6.7910740312981943
45 39 509.06103994066143
45 40 -64.505379839374655
45 41 538.6625956248281
45 42 -132.18674559993815
45 43 564.18668331161825
45 44 -195.9467318215502
45 45 585.45478651694793
45 46 -255.55225902280654
45 47 602.34096490603406
45 48 -310.83519716048613
45 49 614.76376934024302
45 50 -361.68284891573421
45 51 622.67747258601958
45 52 -408.02778407851292
45 53 626.06254123238614
45 54 -449.83609448081552
45 55 624.92820790112091
45 56 -487.10852358908596
45 57 619.06977634862415
45 58 -520.03083262661676
45 59 612.13987794417335
45 60 -538.95066472477993
45 61 556.40599119897161
45 62 -801.89843785092307
45 63 0
46 0 0
46 1 -435.18528609638452
46 2 1093.5080756439675
46 3 -181.93834749808957
46 4 1139.9775913218946
46 5 -162.80048009775783
46 6 1116.5503602057925
46 7 -141.98508944787136
46 8 1083.6389847327155
46 9 -116.62295045766768
46 10 1041.678686033265
46 11 -86.112296270357547
46 12 991.73723209560194
46 13 -50.968453194855101
46 14 934.54486654991342
46 15 -11.802760707269044
46 16 870.92832343387272
46 17 30.706117161116708
46 18 801.77653410942185
46 19 75.837636211417703
46 20 728.02435715288993
46 21 122.8459104936519
46 22 650.63068353197195
46 23 170.97674301567167
46 24 570.55776508718736
46 25 219.48406860587966
46 26 488.7515703273948
46 27 267.64525504745507
46 28 406.12385063241163
46 29 314.77478680699278
46 30 323.53639292068692
46 31 360.23591582079462
46 32 241.78785438380146
46 33 403.449963090452
46 34 161.60346678475435
46 35 443.90305972683564
46 36 83.627781549466818
46 37 481.1502258235123
46 38 8.4205078735521965
46 39 514.81679743119457
46 40 -63.54462295803387
46 41 544.59731986185034
46 42 -131.87814521984365
46 43 570.25212608436959
46 44 -196.27057866387077
46 45 591.60190833722481
46 46 -256.48594848348694
46 47 608.52066597476551
46 48 -312.35354368845947
46 49 620.92746673556576
46 50 -363.75840007281113
46 51 628.77753111933998
46 52 -410.63109013066423
46 53 632.052619789647
46 54 -452.9362458470132
46 55 630.76183384964679
46 56 -490.67122344013114
46 57 624.73513600025399
46 58 -523.99379333110119
46 59 617.05753298610944
46 60 -544.77883053323239
46 61 567.48108604551817
46 62 -770.25554925285178
46 63 0
47 0 0
47 1 -436.02512789675529
47 2 1104.7630370683237
47 3 -179.46411268212614
47 4 1153.6004729293836
47 5 -161.17630368057689
47 6 1129.16873305835
47 7 -140.43224208535321
47 8 1095.7151485740724
47 9 -115.10537546541855
47 10 1053.1530757987184
47 11 -84.521050564489997
47 12 1002.5962449844883
47 13 -49.214981640943734
47 14 944.77306964222407
47 15 -9.8082685326517094
47 16 880.51086469818074
47 17 33.00698249972811
47 18 810.69870160490609
47 19 78.496253451021403
47 20 736.27177638968533
47 21 125.89939897793556
47 22 658.18966315873695
47 23 174.44821260141907
47 24 577.41578522723103
47 25 223.38328508908489
47 26 494.89783368699136
47 27 271.96963250162298
47 28 411.54983226192599
47 29 319.51061682207182
47 30 328.23633777070427
47 31 365.35975142442112
47 32 245.75918620826087
47 33 408.93008332432146
47 34 164.8470857958273
47 35 449.70095090661744
47 36 86.148241524597324
47 37 487.22202523094893
47 38 10.226073595731577
47 39 521.11465552684422
47 40 -62.442027683573542
47 41 551.07064678736606
47 42 -131.46308225486791
47 43 576.84869789227378
47 44 -196.52431182635155
47 45 598.26881756634975
47 46 -257.38670750001802
47 47 615.20510946593276
47 48 -313.8768110716228
47 49 627.57737167657979
47 50 -365.87719842486877
47 51 635.34202894857117
47 52 -413.31622028337733
47 53 638.48243980828556
47 54 -456.1568081214773
47 55 637.00779159603371
47 56 -494.39243337587868
47 57 630.78589705014565
47 58 -528.15044450085225
47 59 622.28868275155946
47 60 -550.95278331123154
47 61 579.35365794037352
47 62 -735.95469815472825
47 63 0
48 0 0
48 1 -437.59339466760139
48 2 1116.6888148636644
48 3 -177.44480483656844
48 4 1168.0206375388025
48 5 -159.92081068816333
48 6 1142.6379580939283
48 7 -139.19963216721953
48 8 1108.6643122496298
48 9 -113.86314569108436
48 10 1065.506884020806
48 11 -83.159273026467417
48 12 1014.3290503378921
48 13 -47.642174416751004
48 14 955.85971801597225
48 15 -7.9422308886023529
48 16 890.92826248133861
48 17 35.234807842243754
48 18 820.42498580676693
48 19 81.13984443980371
48 20 745.28629418750825
48 21 128.9976343912258
48 22 666.47319750927636
48 23 178.02499438630548
48 24 584.95097494528636
48 25 227.44814932593727
48 26 501.66968314897531
48 27 276.51873953686845
48 28 417.5462337116187
48 29 324.52801797830944
48 30 333.44854751931052
48 31 370.81884011627153
48 32 250.18221398909191
48 33 414.79514962929898
48 34 168.47997300146744
48 35 455.92876863906895
48 36 88.994217310300883
48 37 493.76341183915429
48 38 12.292589900653184
48 39 527.91595543908443
48 40 -61.143371760863374
48 41 558.07509929195476
48 42 -130.91670982134929
48 43 583.9976609763653
48 44 -196.71090907422695
48 45 605.50282829012758
48 46 -258.2835119937954
48 47 622.46477106100429
48 48 -315.45792248834914
48 49 634.80406514031529
48 50 -368.11388921478283
48 51 642.47845615454935
48 52 -416.17719680289156
48 53 645.47307227940109
48 54 -459.60878642290481
48 55 643.79723875731543
48 56 -498.39780486991003
48 57 637.35958606798704
48 58 -532.63908116036873
48 59 627.97206750815349
48 60 -557.62421476401869
48 61 592.16204132326311
48 62 -699.13563806380807
48 63 0
49 0 0
49 1 -438.72444779822217
49 2 1129.4087783483064
49 3 -175.12738616005663
49 4 1183.1224842183019
49 5 -158.37717228919246
49 6 1156.7365537644037
49 7 -137.68535886811151
49 8 1122.1986127338823
49 9 -112.32979981059543
49 10 1078.4118723904612
49 11 -81.48835314614189
49 12 1026.58458185374
49 13 -45.736660666761964
49 14 967.44411496274552
49 15 -5.716434617397681
49 16 901.82061858286033
49 17 37.85145324854966
49 18 830.60473530167656
49 19 84.202120348209064
49 20 754.73340450571413
49 21 132.54419119448357
49 22 675.16853279698807
49 23 182.07860333063763
49 24 592.87681347086618
49 25 232.01642284789159
49 26 508.81030185223608
49 27 281.59522224768807
49 28 423.88849257122274
49 29 330.09355174158372
49 30 338.98242023155944
49 31 376.84311362795597
49 32 254.90122823725869
49 33 421.2383519359264
49 34 172.38153717471505
49 35 462.74327544892913
49 36 92.079824042912151
49 37 500.89544315028434
49 38 14.567898000450441
49 39 535.30715385363692
49 40 -59.668567223525315
49 41 565.66398833410858
49 42 -130.22860148907967
49 43 591.72095314465878
49 44 -196.79187412293686
49 45 613.29656246584818
49 46 -259.11235716762349
49 47 630.26526834164542
49 48 -317.01015262228793
49 49 642.54870097215644
49 50 -370.36197616089339
49 51 650.1062564041149
49 52 -419.09079430979546
49 53 652.92521910578216
49 54 -463.15527703768566
49 55 651.01535586791215
49 56 -502.53966119839788
49 57 644.32956216364801
49 58 -537.3037708125139
49 59 633.97254991741647
49 60 -564.63230757799465
49 61 605.78451344213136
49 62 -659.54022282426195
49 63 0
50 0 0
50 1 -440.74672360920886
50 2 1142.7607012933549
50 3 -173.33451135641553
50 4 1198.976373655114
50 5 -157.25558840813392
50 6 1171.6588494152802
50 7 -136.536998286374
50 8 1136.5891500304315
50 9 -111.10950529200636
50 10 1092.1894541070287
50 11 -80.077363105601762
50 12 1039.7161260300436
50 13 -44.035400111397394
50 14 979.89746865891902
50 15 -3.636109175886304
50 16 913.56592795932556
50 17 40.384366127454996
50 18 841.61358910819217
50 19 87.2447656888653
50 20 764.97879343264685
50 21 136.1367409003833
50 22 684.62508873494698
50 23 186.24436893333041
50 24 601.52125564059133
50 25 236.76250946778055
50 26 516.6219773911962
50 27 286.91360573134261
50 28 430.84993031357044
50 29 335.96247004084034
50 30 345.07983866092218
50 31 383.22867505939939
50 32 260.12495674194724
50 33 428.09627282736074
50 34 176.72632611720474
50 35 470.02066988284241
50 36 95.545032974087007
50 37 508.5325982690847
50 38 17.157562780312219
50 39 543.23923406514041
50 40 -57.945777763279693
50 41 573.82262322107636
50 42 -129.35952254906624
50 43 600.03567414241843
50 44 -196.75905331837384
50 45 621.6960637232205
50 46 -259.89431038055955
50 47 638.67847700294078
50 48 -318.58164266509448
50 49 650.90565071841411
50 50 -372.6942933326427
50 51 658.33876785177381
50 52 -422.15198465100912
50 53 660.96747388542099
50 54 -466.91074070395189
50 55 658.80206631163674
50 56 -506.94932677401994
50 57 651.84289387616445
50 58 -542.2903878127272
50 59 640.43849565678101
50 60 -572.13839315863879
50 61 620.37018141154476
50 62 -617.31018062118892
50 63 0
51 0 0
51 1 -442.46656541417906
51 2 1156.8601242856857
51 3 -171.29556140389468
51 4 1215.4511340099816
51 5 -155.88146569029959
51 6 1187.1623439844825
51 7 -135.13360962633669
51 8 1151.5228939799727
51 9 -109.61512797962314
51 10 1106.4828909979951
51 11 -78.365299162896918
51 12 1053.3415175075334
51 13 -42.000938674391364
51 14 992.82608197199806
51 15 -1.1874019151036919
51 16 925.77004351710457
51 17 43.322373517185042
51 18 853.06601114325531
51 19 90.729485776819274
51 20 775.65301618278681
51 21 140.20753008594511
51 22 694.49567170067894
51 23 190.92277535719404
51 24 610.56436165927153
51 25 242.05303833468861
51 26 524.81597885503106
51 27 292.80489750931338
51 28 438.1760149613001
51 29 342.42879040107255
51 30 351.52256319292974
51 31 390.2316231972236
51 32 265.6727122086977
51 33 435.58662216014454
51 34 181.37169337819614
51 35 477.94026369842868
51 36 99.285018842465433
51 37 516.81623216381922
51 38 19.993718507294034
51 39 551.81646721393918
51 40 -56.007345892794547
51 41 582.61947080495702
51 42 -128.30823312128814
51 43 608.97614422401602
51 44 -196.57999922628733
51 45 630.7035121210447
51 46 -260.5684540810671
51 47 647.67676393557849
51 48 -320.08603351414422
51 49 659.82009199956337
51 50 -375.00228690987569
51 51 667.09688309742887
51 52 -425.23340732714132
51 53 669.49962745184166
51 54 -470.73244863895525
51 55 667.03955256457448
51 56 -511.47202583479157
51 57 659.76820595210484
51 58 -547.43503266649896
51 59 647.22852881118342
51 60 -579.97367071607187
51 61 635.7928256136347
51 62 -572.16423045360898
51 63 0
52 0 0
52 1 -445.28095124860556
52 2 1171.4956342757432
52 3 -169.89750882885346
52 4 1232.5748784462576
52 5 -155.03112117016826
52 6 1203.4036336956433
52 7 -134.19063109836316
52 8 1167.2373170483752
52 9 -108.5206107745762
52 10 1121.583604810894
52 11 -76.992721363922101
52 12 1067.787440746315
52 13 -40.243027859787617
52 14 1006.5777420436461
52 15 1.0508403590847593
52 16 938.79047085465572
52 17 46.118984494114557
52 18 865.31979059714104
52 19 94.144233730730775
52 20 787.1062271988194
52 21 144.28125327867747
52 22 705.11614869133155
52 23 195.67748746567304
52 24 620.32216364968917
52 25 247.49261791612298
52 26 533.68395064126162
52 27 298.91623973981041
52 28 446.13036091050162
52 29 349.18331149924597
52 30 358.54337768910227
52 31 397.58701728942469
52 32 271.74442825526057
52 33 443.48877944457854
52 34 186.4834264779347
52 35 486.32526684286859
52 36 103.43079607082473
52 37 525.61235760322234
52 38 23.172593557774235
52 39 560.94612809829414
52 40 -53.791281538906333
52 41 592.00104884098437
52 42 -127.04592666068493
52 43 618.52566850006951
52 44 -196.25757972221436
52 45 640.33615414018641
52 46 -261.16741930763965
52 47 657.30812798392435
52 48 -321.58345815673783
52 49 669.3672887934099
52 50 -377.37103488666435
52 51 676.47938265622543
52 52 -428.44229594152239
52 53 678.63998248753887
52 54 -474.74686079453932
52 55 675.86136133286345
52 56 -516.2505135047013
52 57 668.24969506456
52 58 -552.89410986461007
52 59 654.49098823364693
52 60 -588.30926184896271
52 61 652.20610404708168
52 62 -524.24070168513026
52 63 0
53 0 0
53 1 -447.96141490905939
53 2 1186.8103588255963
53 3 -168.33283784762898
53 4 1250.2427781271308
53 5 -153.98968664044332
53 6 1220.1627498484413
53 7 -133.04452668307931
53 8 1183.43745826337
53 9 -107.19486609787054
53 10 1137.1480501338738
53 11 -75.35384746120144
53 12 1082.6800466190889
53 13 -38.179025631279728
53 14 1020.7623036876612
53 15 3.6376053003550624
53 16 952.23200842156075
53 17 49.307606047932495
53 18 877.98395674099083
53 19 97.994234045017947
53 20 798.95947546333446
53 21 148.8321276951865
53 22 716.12613727438656
53 23 200.94895416491454
53 24 630.45831049066692
53 25 253.48541902872057
53 26 542.91804703439084
53 27 305.61339099222096
53 28 454.43718167348379
53 29 356.5517013612407
53 30 365.90124182680484
53 31 405.57926150768253
53 32 278.13567819521268
53 33 452.04524159316861
53 34 191.89480652244129
53 35 495.37616238808369
53 36 107.85372209625166
53 37 535.079867006516
53 38 26.603315615147949
53 39 570.74645331454121
53 40 -51.351613768702009
53 41 602.04635868217338
53 42 -125.59127968643224
53 43 628.72588824802733
53 44 -195.77711304918921
53 45 650.60056646188968
53 46 -261.64560131860526
53 47 667.54676250866396
53 48 -323.00019955187054
53 49 679.49208702202668
53 50 -379.70182378330719
53 51 686.40513143805038
53 52 -431.65828374753801
53 53 688.28510876528526
53 54 -478.81543915195834
53 55 685.14577802147869
53 56 -521.13155359734264
53 57 677.1519239407553
53 58 -558.50285053224979
53 59 662.08055422407597
53 60 -596.97391465647343
53 61 669.48384455258747
53 62 -473.23733280109082
53 63 0
54 0 0
54 1 -451.2640801976886
54 2 1203.220368699931
54 3 -166.85992434304353
54 4 1269.1097051629185
54 5 -152.91298468014247
54 6 1238.2213486091587
54 7 -131.79880762663743
54 8 1200.9830615625106
54 9 -105.70973713015519
54 10 1154.0860491948024
54 11 -73.497637009722894
54 12 1098.9596143019753
54 13 -35.838284145484067
54 14 1036.3351393039011
54 15 6.5623979651263653
54 16 967.05231346732035
54 17 52.89715173262266
54 18 892.00746443225398
54 19 102.30899779344327
54 20 812.14345788680475
54 21 153.9116734363688
54 22 728.42972261923933
54 23 206.81205933215097
54 24 641.84297967813109
54 25 260.13079431095321
54 26 553.34820550001496
54 27 313.02089391829213
54 28 463.88073967023047
54 29 364.68393956283762
54 30 374.330155153757
54 31 414.38348732185659
54 32 285.52641642818344
54 33 461.45544441742459
54 34 198.22872869212915
54 35 505.31527176076452
54 36 113.11735104300169
54 37 545.46198670095691
54 38 30.788512503931997
54 39 581.47905635337338
54 40 -48.247565922565627
54 41 613.03238264258653
54 42 -123.56566817857129
54 43 639.86568168843405
54 44 -194.82184447952022
54 45 661.79364806089325
54 46 -261.74728636760847
54 47 678.69336575654415
54 48 -324.14025343427966
54 49 690.49447226348093
54 50 -381.85656972018478
54 51 697.16865210693868
54 52 -434.79901390810483
54 53 698.71911280756649
54 54 -482.90904438204052
54 55 695.1613013086444
54 56 -526.13658004361241
54 57 686.72227624801963
54 58 -564.33080723650164
54 59 670.21592016089926
54 60 -606.08701584214941
54 61 687.81897389271762
54 62 -419.26128385512129
54 63 0
55 0 0
55 1 -453.55127826951502
55 2 1221.3016300222534
55 3 -164.24269367689703
55 4 1289.5148489917574
55 5 -150.64449119677192
55 6 1257.8082748404995
55 7 -129.33756887605341
55 8 1220.0317138251648
55 9 -102.97098553451178
55 10 1172.511324602965
55 11 -70.343124440341853
55 12 1116.715526814005
55 13 -32.15016054696207
55 14 1053.3760847351914
55 15 10.885245239933283
55 16 983.33333256164224
55 17 57.934859393071747
55 18 907.48374723261804
55 19 108.11966142227902
55 20 826.77061280946873
55 21 160.53090344030352
55 22 742.16422808035531
55 23 214.25323396329077
55 24 654.64274940723044
55 25 268.38588800615071
55 26 565.173202232927
55 27 322.0617959016181
55 28 474.69359229239672
55 29 374.46417261435272
55 30 384.09674338026889
55 31 424.84023469455678
55 32 294.21639757742923
55 33 472.51179387899356
55 34 205.81599019351415
55 35 516.88258913031859
55 36 119.58038194279652
55 37 557.44233735026683
55 38 36.110694640001384
55 39 593.76760052032296
55 40 -44.077738726855387
55 41 625.51968015327475
55 42 -120.5544305435069
55 43 652.4398519047736
55 44 -192.97004299687615
55 45 674.34234217671474
55 46 -261.05028894107818
55 47 691.10551977473733
55 48 -324.58786690199304
55 49 702.66181965052965
55 50 -383.43295566960478
55 51 708.98698065775534
55 52 -437.48255626496757
55 53 710.08934648943978
55 54 -486.67284663110877
55 55 705.98711970433214
55 56 -530.94414141696689
55 57 696.97434150839399
55 58 -570.09559794778397
55 59 678.84705712799587
55 60 -615.41305571495286
55 61 707.12771216108194
55 62 -361.98502045294845
55 63 0
56 0 0
56 1 -462.39976877586741
56 2 1234.6100997035592
56 3 -167.57077775082507
56 4 1305.2705278767007
56 5 -154.15426342997307
56 6 1272.8910126554638
56 7 -132.55081275929115
56 8 1234.6703766809242
56 9 -105.79493965678921
56 10 1186.6174184774536
56 11 -72.626961417654456
56 12 1130.242610258847
56 13 -33.760861049358937
56 14 1066.279692884109
56 15 10.063688847594676
56 16 995.57042983065003
56 17 57.996981445285201
56 18 919.0121522294703
56 19 109.13722251189029
56 20 837.54918075555906
56 21 162.55225690429143
56 22 752.15321515429423
56 23 217.30341874786063
56 24 663.80429465198176
56 25 272.46733383208266
56 26 573.47186461242927
56 27 327.15555518052497
56 28 482.09689751388396
56 29 380.53158742741289
56 30 390.57570538147957
56 31 431.82494482039147
56 32 299.74598887179127
56 33 480.34199209041617
56 34 210.37554540725978
56 35 525.47343325386464
56 36 123.1539279331173
56 37 566.69843336294434
56 38 38.687208126475525
56 39 603.58547898431425
56 40 -42.504138411914028
56 41 635.79019667940884
56 42 -119.98434118254409
56 43 663.05045327226253
56 44 -193.39867633902941
56 45 685.1791504573157
56 46 -262.46738789836854
56 47 702.05519904789071
56 48 -326.97762674160913
56 49 713.61320056553268
56 50 -386.77393891930478
56 51 719.83242665396574
56 52 -441.74755093990825
56 53 720.72594480800944
56 54 -491.82941183971707
56 55 716.31414279522687
56 56 -536.95012390448937
56 57 706.96091240165515
56 58 -576.85804537186414
56 59 687.38447758391885
56 60 -625.67525765189203
56 61 727.19236524108055
56 62 -301.70926645496365
56 63 0
57 0 0
57 1 -492.89482801668782
57 2 1227.0563452602801
57 3 -192.28194595939385
57 4 1300.0875008856383
57 5 -178.92786265178984
57 6 1267.0912910266452
57 7 -156.93373775320651
57 8 1228.4801112741661
57 9 -129.65315546580314
57 10 1179.9875247334057
57 11 -95.772651627612504
57 12 1123.162271056799
57 13 -56.0249525335621
57 14 1058.740053559859
57 15 -11.166663546191558
57 16 987.56581420502698
57 17 37.93277244312776
57 18 910.54056235861935
57 19 90.35124822958096
57 20 828.61297516387822
57 21 145.13603301224975
57 22 742.75967842822865
57 23 201.32813135660399
57 24 653.96612982908664
57 25 257.98454379355462
57 26 563.20758793049208
57 27 314.19830165759777
57 28 471.43111251557457
57 29 369.11581391905202
57 30 379.53923613258667
57 31 421.95116375864927
57 32 288.37585956580369
57 33 471.99710324434818
57 34 198.71480300253097
57 35 518.63261414837325
57 36 111.25131393328047
57 37 561.32702613922447
57 38 26.596694567615486
57 39 599.64080670056319
57 40 -54.723926592714633
57 41 633.22325240164901
57 42 -132.27078920294844
57 43 661.80741712287272
57 44 -205.68589566209994
57 45 685.20270260705729
57 46 -274.68695103607388
57 47 703.28561011478996
57 48 -339.05928538047192
57 49 715.98919379880499
57 50 -398.64629379735561
57 51 723.29181981558577
57 52 -453.33858964227147
57 53 725.20620171303563
57 54 -503.06765954815091
57 55 721.7491052188052
57 56 -547.76032666268293
57 57 713.35155540737105
57 58 -587.12024038527488
57 59 693.58413848590317
57 60 -638.26182125126252
57 61 746.92112114007614
57 62 -238.52180930248323
57 63 0
58 0 0
58 1 -497.61858518877489
58 2 1247.1091924624034
58 3 -190.54707169061658
58 4 1322.5826721168232
58 5 -177.18454280384321
58 6 1288.9786398659453
58 7 -154.86710472032428
58 8 1249.8827514264121
58 9 -127.16316727505728
58 10 1200.8077582606802
58 11 -92.709742477836699
58 12 1143.3346325361526
58 13 -52.261656406926704
58 14 1078.1984783193366
58 15 -6.595829648858853
58 16 1006.2453786019887
58 17 43.39540567457334
58 18 928.37793719127149
58 19 96.766137829717991
58 20 845.54690033087354
58 21 152.53928077072487
58 22 758.73138903830295
58 23 209.73154926764437
58 24 668.9197985338069
58 25 267.37630631146203
58 26 577.09077391905339
58 27 324.54413266123083
58 28 484.19519961271362
58 29 380.36063366462258
58 30 391.13984203140717
58 31 434.02111217574202
58 32 298.77320452555978
58 33 484.80185159860412
58 34 207.87403217354949
58 35 532.06787639510367
58 36 119.14277411051444
58 37 575.27718435608222
58 38 33.196171659710672
58 39 613.9815693188666
58 40 -49.434999527875334
58 41 647.82427147633825
58 42 -128.30514008896898
58 43 676.5347995326465
58 44 -203.05022408138029
58 45 699.92136023984131
58 46 -273.38172751001366
58 47 717.86140587732916
58 48 -339.07852618426659
58 49 730.29085316420606
58 50 -399.97730224854422
58 51 737.19259286235683
58 52 -455.96159224032817
58 53 738.58541384765886
58 54 -506.95607968123113
58 55 734.4897212306023
58 56 -552.8754146268966
58 57 725.41532221634952
58 58 -593.36682442108213
58 59 703.73522076465633
58 60 -648.69565027265708
58 61 769.53218294875114
58 62 -170.93203983336025
58 63 0
59 0 0
59 1 -190.47426420115698
59 2 1579.9075066354362
59 3 123.13979537452724
59 4 1657.1222488096282
59 5 135.72201436886644
59 6 1621.8173976028538
59 7 157.08823174236386
59 8 1580.6923562536213
59 9 183.5182219338094
59 10 1529.0401215565907
59 11 216.37235897173923
59 12 1468.4285408520736
59 13 254.83503888494852
59 14 1399.5546169098816
59 15 298.07018821088604
59 16 1323.2267581258839
59 17 345.12205265286866
59 18 1240.3084252866847
59 19 394.9787104374991
59 20 1151.7104665074385
59 21 446.59585554995829
59 22 1058.3724047080523
59 23 498.92358623537802
59 24 961.2445873415254
59 25 550.93112595727689
59 26 861.27045946682301
59 27 601.62924068549728
59 28 759.36984015356757
59 29 650.08980450329545
59 30 656.42380516237608
59 31 695.46209567761252
59 32 553.26170407283826
59 33 736.98552958489927
59 34 450.65072520173999
59 35 773.99866485734492
59 36 349.28829211935408
59 37 805.94445149699823
59 38 249.79743949984368
59 39 832.37182055313497
59 40 152.72517840116961
59 41 852.93383963858105
59 42 58.543727527649025
59 43 867.38277090603333
59 44 -32.345635258934635
59 45 875.56246735971399
59 46 -119.60645538238168
59 47 877.39862324838214
59 48 -202.95916017403215
59 49 872.88744599050005
59 50 -282.17183333367757
59 51 862.0833918939752
59 52 -357.04975812791417
59 53 845.08728621699447
59 54 -427.43111423533264
59 55 822.00707562378739
59 56 -493.13069774825635
59 57 793.52697511581027
59 58 -553.63682378697376
59 59 750.87033670229175
59 60 -632.48151824950583
59 61 810.33671202135338
59 62 -91.885356209786551
59 63 0
60 0 0
60 1 354.38775409488699
60 2 2152.4426705809674
60 3 674.73243755102885
60 4 2230.1969454304071
60 5 684.87406413737517
60 6 2191.1303113199665
60 7 702.81870770259047
60 8 2145.1179190535186
60 9 724.74433332558874
60 10 2087.2436040406228
60 11 752.00039408400698
60 12 2019.07701947448
60 13 783.73859457769868
60 14 1941.3102877706478
60 15 819.09916171412078
60 16 1854.753550571786
60 17 857.10386901496349
60 18 1760.275571513148
60 19 896.72025276286149
60 20 1658.7961349557645
60 21 936.88620057719163
60 22 1551.2677338051617
60 23 976.53786690443667
60 24 1438.658216039812
60 25 1014.6354919754685
60 26 1321.9335137193866
60 27 1050.1868101243872
60 28 1202.0412906167621
60 29 1082.2674500332141
60 30 1079.896090038801
60 31 1110.0378818639456
60 32 956.36650346477836
60 33 1132.7566020611357
60 34 832.26477207176686
60 35 1149.7893873354315
60 36 708.33911060503851
60 37 1160.6145909013321
60 38 585.26891142491877
60 39 1164.8245923595368
60 40 463.66285174599398
60 41 1162.1236442351801
60 42 344.05979739631221
60 43 1152.3224762015616
60 44 226.93227418812967
60 45 1135.3301203655519
60 46 112.69217043832214
60 47 1111.1435045222606
60 48 1.6982462852865865
60 49 1079.8354123494391
60 50 -105.73507570370566
60 51 1041.5414912358756
60 52 -209.32758520189054
60 53 996.44784041288403
60 54 -308.83019448992854
60 55 944.7468999155717
60 56 -403.96064691776701
60 57 887.30010213566857
60 58 -494.05802881210548
60 59 814.04345142459533
60 60 -606.155363493599
60 61 858.71951605440699
60 62 -6.9502058579473669
60 63 0
61 0 0
61 1 -2556.8908067498342
61 2 -726.76136991844942
61 3 -2222.7335481375121
61 4 -638.69091300716718
61 5 -2201.5676266789797
61 6 -664.55588752205585
61 7 -2166.4438926961793
61 8 -691.4153835111847
61 9 -2121.3288101932903
61 10 -724.37651430163896
61 11 -2064.8346578752808
61 12 -761.78059337621562
61 13 -1997.7401554967855
61 14 -802.83045007831788
61 15 -1920.8167164322276
61 16 -846.59750044693283
61 17 -1834.9493800087657
61 18 -892.09081862691164
61 19 -1741.0787848064047
61 20 -938.27144262945694
61 21 -1640.1824877618765
61 22 -984.0771104165924
61 23 -1533.2526979364047
61 24 -1028.445900448105
61 25 -1421.2760103873734
61 26 -1070.3396214637451
61 27 -1305.2153695070956
61 28 -1108.7659902841551
61 29 -1185.9947423829453
61 30 -1142.7988758100582
61 31 -1064.4868240092364
61 32 -1171.5959545824717
61 33 -941.50396732857189
61 34 -1194.4132461849222
61 35 -817.79240615560411
61 36 -1210.6161412191341
61 37 -694.02971534486824
61 38 -1219.6866902513648
61 39 -570.82533477910147
61 40 -1221.2270803729552
61 41 -448.72387308600992
61 42 -1214.9593824858584
61 43 -328.21080896496824
61 44 -1200.7217964821848
61 45 -209.72012546849328
61 46 -1178.4617508908468
61 47 -93.643345076088735
61 48 -1148.2263195205178
61 49 19.660603351212558
61 50 -1110.150537061827
61 51 129.8553337278463
61 52 -1064.443513007518
61 53 236.61842474780315
61 54 -1011.3821423885838
61 55 339.59691890004251
61 56 -951.22896034922633
61 57 439.18613267237561
61 58 -883.87851233733272
61 59 523.05744454201886
61 60 -840.5159399387685
61 61 746.30150187999789
61 62 14.638006945233428
61 63 0
62 0 0
62 1 -15041.550895392675
62 2 -13167.311553445415
62 3 -14660.294474731472
62 4 -13016.609158995607
62 5 -14557.056599738871
62 6 -12940.342469238431
62 7 -14398.376409974389
62 8 -12824.482320212383
62 9 -14189.615553812018
62 10 -12675.56997037218
62 11 -13930.765627844721
62 12 -12493.412201337151
62 13 -13624.22924229918
62 14 -12278.932461344993
62 15 -13272.645358256341
62 16 -12033.153113651451
62 17 -12878.986041090457
62 18 -11757.234416984375
62 19 -12446.46295655798
62 20 -11452.451879546288
62 21 -11978.46909655027
62 22 -11120.180831125026
62 23 -11478.514486270797
62 24 -10761.878206113806
62 25 -10950.162877679759
62 26 -10379.063590909254
62 27 -10396.970792749016
62 28 -9973.299625795562
62 29 -9822.4304251061767
62 30 -9546.1720020011853
62 31 -9229.9176628557689
62 32 -9099.2692813642861
62 33 -8622.6462811453075
62 34 -8634.1628054128705
62 35 -8003.6291331509801
62 36 -8152.3870103012541
62 37 -7375.6469401132563
62 38 -7655.4205147658649
62 39 -6741.2250475115343
62 40 -7144.66839407919
62 41 -6102.6182825685282
62 42 -6621.4460875301029
62 43 -5461.8038218734455
62 44 -6086.9654071950663
62 45 -4820.4817644943887
62 46 -5542.3231171914722
62 47 -4180.082908209215
62 48 -4988.4925302933425
62 49 -3541.7830587221033
62 50 -4426.3185636339131
62 51 -2906.5229901277689
62 52 -3856.5158061430793
62 53 -2275.0319052022405
62 54 -3279.6799703476154
62 55 -1647.8952145746462
62 56 -2696.2171435741311
62 57 -1024.7104362974824
62 58 -2106.0209901804683
62 59 -419.20456423554242
62 60 -1542.9378549868034
62 61 345.94975096524649
62 62 -78.709541298849217
62 63 0
63 0 0
63 1 0
63 2 0
63 3 0
63 4 0
63 5 0
63 6 0
63 7 0
63 8 0
63 9 0
63 10 0
63 11 0
63 12 0
63 13 0
63 14 0
63 15 0
63 16 0
63 17 0
63 18 0
63 19 0
63 20 0
63 21 0
63 22 0
63 23 0
63 24 0
63 25 0
63 26 0
63 27 0
63 28 0
63 29 0
63 30 0
63 31 0
63 32 0
63 33 0
63 34 0
63 35 0
63 36 0
63 37 0
63 38 0
63 39 0
63 40 0
63 41 0
63 42 0
63 43 0
63 44 0
63 45 0
63 46 0
63 47 0
63 48 0
63 49 0
63 50 0
63 51 0
63 52 0
63 53 0
63 54 0
63 55 0
63 56 0
63 57 0
63 58 0
63 59 0
63 60 0
63 61 0
63 62 0
63 63 0
