0 0 0
0 1 0
0 2 0
0 3 0
0 4 0
0 5 0
0 6 0
0 7 0
0 8 0
0 9 0
0 10 0
0 11 0
0 12 0
0 13 0
0 14 0
0 15 0
0 16 0
0 17 0
0 18 0
0 19 0
0 20 0
0 21 0
0 22 0
0 23 0
0 24 0
0 25 0
0 26 0
0 27 0
0 28 0
0 29 0
0 30 0
0 31 0
0 32 0
0 33 0
0 34 0
0 35 0
0 36 0
0 37 0
0 38 0
0 39 0
0 40 0
0 41 0
0 42 0
0 43 0
0 44 0
0 45 0
0 46 0
0 47 0
0 48 0
0 49 0
0 50 0
0 51 0
0 52 0
0 53 0
0 54 0
0 55 0
0 56 0
0 57 0
0 58 0
0 59 0
0 60 0
0 61 0
0 62 0
0 63 0
1 0 0
1 1 -12645.640623998133
1 2 -14256.140215491087
1 3 -12880.450773781149
1 4 -14238.639074341108
1 5 -12824.20959752244
1 6 -14120.617985815898
1 7 -12729.661866546849
1 8 -13953.348315573066
1 9 -12601.94243915862
1 10 -13739.523560002453
1 11 -12442.39221265957
1 12 -13480.984930265549
1 13 -12251.639365916844
1 14 -13179.578038079853
1 15 -12030.43242695685
1 16 -12837.449500290177
1 17 -11779.644313509152
1 18 -12456.980053195821
1 19 -11500.260065201928
1 20 -12040.74342366539
1 21 -11193.360045501777
1 22 -11591.458465761662
1 23 -10860.104056797582
1 24 -11111.943007068703
1 25 -10501.715673490253
1 26 -10605.068732718337
1 27 -10119.466600400528
1 28 -10073.718082742289
1 29 -9714.6611215350731
1 30 -9520.7439479054301
1 31 -9288.6207517096864
1 32 -8948.9329101752446
1 33 -8842.6692621283109
1 34 -8360.9726733300249
1 35 -8378.118288544556
1 36 -7759.4242059774388
1 37 -7896.2537608845196
1 38 -7146.6989821772131
1 39 -7398.3234174420431
1 40 -6525.0415611899371
1 41 -6885.5256817585087
1 42 -5896.5176007859554
1 43 -6359.0001887348535
1 44 -5263.007256741048
1 45 -5819.8202443577429
1 46 -4626.203786114047
1 47 -5268.9874915472501
1 48 -3987.6170507227471
1 49 -4707.4290362274951
1 50 -3348.5815480162273
1 51 -4135.9973142277795
1 52 -2710.2679798247209
1 53 -3555.4712948396627
1 54 -2073.7059329235308
1 55 -2966.604983561183
1 56 -1439.7421277294598
1 57 -2369.2324143098631
1 58 -808.59697470145875
1 59 -1778.1676804474955
1 60 -217.35697852136582
1 61 -1004.8821328780377
1 62 1333.9191224361002
1 63 0
2 0 0
2 1 -428.69171741699574
2 2 -2031.7685931274809
2 3 -702.59311822837844
2 4 -2073.1639319990336
2 5 -722.40273953525502
2 6 -2050.3633083933437
2 7 -740.98607822747908
2 8 -2015.4290883397152
2 9 -762.86497688329291
2 10 -1970.2025411731938
2 11 -788.45261038509307
2 12 -1915.4381060729975
2 13 -817.17746426761551
2 14 -1851.6475766887197
2 15 -848.37004517339665
2 16 -1779.4399379226888
2 17 -881.29918740946778
2 18 -1699.4854124163794
2 19 -915.18972373023644
2 20 -1612.5048223614158
2 21 -949.23594959936963
2 22 -1519.2529658065723
2 23 -982.61674275477162
2 24 -1420.5042847891036
2 25 -1014.5112865586725
2 26 -1317.0396747966606
2 27 -1044.1146665868928
2 28 -1209.6348115846922
2 29 -1070.6528006949156
2 30 -1099.0501555852461
2 31 -1093.396206459829
2 32 -986.02276851806892
2 33 -1111.6721919904649
2 34 -871.2600157025463
2 35 -1124.8751393452494
2 36 -755.43515940807993
2 37 -1132.4746393995611
2 38 -639.18478143705215
2 39 -1134.0213311143543
2 40 -523.10790676415309
2 41 -1129.1503941265546
2 42 -407.76664029635867
2 43 -1117.5827358954393
2 44 -293.68807639684746
2 45 -1099.1240026100968
2 46 -181.36719949097824
2 47 -1073.6616223880446
2 48 -71.270464934514166
2 49 -1041.1601582063668
2 50 36.160236470550444
2 51 -1001.6553568448217
2 52 140.50399848315465
2 53 -955.2457699101069
2 54 241.35098332749294
2 55 -902.1239254707325
2 56 338.35040685517015
2 57 -841.75218999575918
2 58 431.68730766183216
2 59 -787.06771552674581
2 60 487.51650984968364
2 61 -571.61989223004639
2 62 1411.4520119278495
2 63 0
3 0 0
3 1 2363.596918399935
3 2 781.05548795974755
3 3 2084.8195007147297
3 4 730.46363808657588
3 5 2054.1635756217147
3 6 738.96271474609421
3 7 2019.1006383470267
3 8 753.78737552682651
3 9 1975.203631769773
3 10 773.09069563966659
3 11 1921.9358867417213
3 12 796.02018977311673
3 13 1859.7673451779428
3 14 821.98183588957363
3 15 1789.2670441369773
3 16 850.28623634570977
3 17 1711.0655736871649
3 18 880.18544486203609
3 19 1625.8402350729284
3 20 910.88705815991489
3 21 1534.3059807150894
3 22 941.57507336376511
3 23 1437.2052032570082
3 24 971.42879479861222
3 25 1335.2971075732967
3 26 999.64068489839519
3 27 1229.3471817201862
3 28 1025.4326125732405
3 29 1120.1171400557541
3 30 1048.0701965775552
3 31 1008.3556919312286
3 32 1066.8749828880664
3 33 894.79042287052835
3 34 1081.2342727945179
3 35 780.12101067201911
3 36 1090.6084996463505
3 37 665.01392601026055
3 38 1094.5361367589612
3 39 550.0986918889339
3 40 1092.6362011559831
3 41 435.96570047839123
3 42 1084.6084954323487
3 43 323.16551320263898
3 44 1070.2318003382061
3 45 212.20950143856498
3 46 1049.3602894257492
3 47 103.57162701097877
3 48 1021.9184850996044
3 49 -2.3088879686383734
3 50 987.89508541585747
3 51 -105.02434005843497
3 52 947.33638845809764
3 53 -204.19370542299475
3 54 900.33414032859582
3 55 -299.4926225881045
3 56 847.05786517815795
3 57 -389.94213478531492
3 58 788.23210436667068
3 59 -486.20545946391758
3 60 694.21337958033291
3 61 -443.42353286310754
3 62 1366.3332704993536
3 63 0
4 0 0
4 1 1796.6946093054048
4 2 236.08360082221225
4 3 1520.2469565849697
4 4 187.00569457905658
4 5 1492.4628237451998
4 6 198.24497180138678
4 7 1461.2318913691524
4 8 216.77595684650441
4 9 1422.4833262005632
4 10 240.89135638405423
4 11 1375.6609393340113
4 12 269.73603623900999
4 13 1321.2291402055598
4 14 302.72989270088146
4 15 1259.756089172015
4 16 339.2025438984092
4 17 1191.8726586941375
4 18 378.42643805561238
4 19 1118.2552878494789
4 20 419.62911789141799
4 21 1039.6157925754324
4 22 462.01264491969596
4 23 956.69026176778971
4 24 504.77126038686038
4 25 870.22766324480472
4 26 547.10810188680625
4 27 780.97863648167731
4 28 588.25042916623715
4 29 689.68484357583293
4 30 627.4630691279981
4 31 597.06923708517934
4 32 664.05983458821538
4 33 503.82753884719023
4 34 697.41274564307787
4 35 410.62115759018525
4 36 726.95896068921684
4 37 318.07169825128767
4 38 752.20540365421584
4 39 226.75713814237497
4 40 772.7311512326196
4 41 137.20966755954578
4 42 788.18771786473008
4 43 49.915116397869497
4 44 798.29744198605113
4 45 -34.686179463960798
4 46 802.85023387887122
4 47 -116.19727966376558
4 48 801.69899048883053
4 49 -194.26156252961846
4 50 794.75399998614193
4 51 -268.55900700866187
4 52 781.97698512099123
4 53 -338.8008954345878
4 54 763.37072607657319
4 55 -404.75443644822917
4 56 739.00516140952277
4 57 -465.6231582998771
4 58 709.45316545589776
4 59 -530.780226938532
4 60 648.58679062353986
4 61 -473.12646566410876
4 62 1260.4565817639468
4 63 0
5 0 0
5 1 1475.6392907770532
5 2 -64.235657731614992
5 3 1201.0120609772912
5 4 -112.82324960006918
5 5 1174.7717063315122
5 6 -100.55382283553627
5 7 1145.2790769453713
5 8 -80.778795495461964
5 9 1108.8509849571437
5 10 -55.014056749769225
5 11 1064.9460228592034
5 12 -24.092209264381381
5 13 1014.0443915645392
5 14 11.440136017881741
5 15 956.73456549434377
5 16 50.953621524740811
5 17 893.67201362051674
5 18 93.766072626522146
5 19 825.55966506561163
5 20 139.15276535385601
5 21 753.13632504503403
5 22 186.36411639931794
5 23 677.16433986220181
5 24 234.64175390017772
5 25 598.4170568922309
5 26 283.23371504939132
5 27 517.66652050559969
5 28 331.40822916379875
5 29 435.6717788084552
5 30 378.465814867468
5 31 353.16817244961385
5 32 423.7494688084098
5 33 270.85791650165447
5 34 466.6527985364155
5 35 189.40222037713283
5 36 506.6260278624668
5 37 109.41511565079054
5 38 543.1798787299158
5 39 31.459082759965895
5 40 575.8874083255705
5 41 -43.957512917813801
5 42 604.38394867219358
5 43 -116.38124133241945
5 44 628.36535803398874
5 45 -185.41282288424554
5 46 647.58484569438224
5 47 -250.70493875887223
5 48 661.84867332026442
5 49 -311.95888566344365
5 50 671.01105462370469
5 51 -368.92040319571606
5 52 674.96884528281953
5 53 -421.37386277545374
5 54 673.65282448008657
5 55 -469.16195369703928
5 56 667.04934723702536
5 57 -511.64854481839939
5 58 655.58499029521045
5 59 -557.04032428138817
5 60 616.43910033808424
5 61 -494.7323255066749
5 62 1162.0729559183474
5 63 0
6 0 0
6 1 1454.9503103353345
6 2 -64.35010951690856
6 3 1182.1592768910705
6 4 -113.08840046240221
6 5 1156.5615515564787
6 6 -100.8394467760354
6 7 1127.4484220905379
6 8 -81.380811201370307
6 9 1091.4650616939525
6 10 -56.045309315777558
6 11 1048.07821957138
6 12 -25.65462715438116
6 13 997.76649619229829
6 14 9.2552468515805231
6 15 941.11356578991945
6 16 48.068500314002449
6 17 878.77122111876815
6 18 90.118521848125965
6 19 811.43894176989306
6 20 134.69744405369966
6 21 739.85204146538308
6 22 181.07318376792136
6 23 664.76916446163159
6 24 228.50499796618351
6 25 586.95966400250654
6 26 276.25823682342343
6 27 507.19126163016881
6 28 323.61774376568064
6 29 426.21834603551179
6 30 369.89962754319095
6 31 344.77127372269933
6 32 414.46118396493148
6 33 263.54697504871183
6 34 456.708819922369
6 35 183.20110582976668
6 36 496.10390699399431
6 37 104.34190984369707
6 38 532.16656702375076
6 39 27.525879715994961
6 40 564.47746490562167
6 41 -46.744775153229057
6 42 592.67775150146917
6 43 -118.02292164588835
6 44 616.46736085094744
6 45 -185.91569520935991
6 46 635.60191753140316
6 47 -250.08229098375523
6 48 649.88855151568714
6 49 -310.23060022334903
6 50 659.18094128392113
6 51 -366.11301172797539
6 52 663.37412216626035
6 53 -417.52069308813589
6 54 662.396638597329
6 55 -464.2995231677105
6 56 656.22654697676808
6 57 -505.89282658961565
6 58 645.23063913384249
6 59 -549.30741937369021
6 60 609.78467747645482
6 61 -499.77630405351192
6 62 1075.3112072791282
6 63 0
7 0 0
7 1 1458.0435272876002
7 2 -41.316894066767418
7 3 1187.3670808540737
7 4 -90.343559327266121
7 5 1162.2862248202637
7 6 -78.235045958763294
7 7 1133.4277316109365
7 8 -59.240345899524982
7 9 1097.7125605904803
7 10 -34.525555378195349
7 11 1054.6109455560781
7 12 -4.9003258709490183
7 13 1004.6017410729746
7 14 29.109885855405082
7 15 948.26377711001442
7 16 66.901768332172651
7 17 886.24480383145965
7 18 107.82299975176102
7 19 819.24052220188059
7 20 151.18129495590438
7 21 747.98255021732984
7 22 196.26084139190425
7 23 673.22576214223773
7 24 242.33736667156336
7 25 595.73559436785217
7 26 288.69247711895696
7 27 516.27568251433331
7 28 334.62671161714752
7 29 435.59617410551255
7 30 379.47103090232304
7 31 354.42306732420548
7 32 422.59651782501351
7 33 273.44887114963967
7 34 463.42213893240114
7 35 193.32481923015621
7 36 501.42049156534085
7 37 114.6547970733991
7 38 536.1215350603743
7 39 37.991064868947433
7 40 567.11437586614011
7 41 -36.168219691035119
7 42 594.04724397609243
7 43 -107.37974931203098
7 44 616.62585805493109
7 45 -175.25422545077163
7 46 634.61042823291791
7 47 -239.45412766011032
7 48 647.81158692994723
7 49 -299.69033806196421
7 50 656.0855661007281
7 51 -355.71793705457821
7 52 659.32909640196158
7 53 -407.33061948117211
7 54 657.47231269597251
7 55 -454.37322737598151
7 56 650.48911758935901
7 57 -496.36037381333153
7 58 638.69508556422261
7 59 -539.14910394041726
7 60 605.51232755301498
7 61 -503.03331215673097
7 62 993.64143554225848
7 63 0
8 0 0
8 1 1440.211803009106
8 2 -39.102310768157622
8 3 1172.2588558654934
8 4 -88.275906364287948
8 5 1147.7484727492993
8 6 -76.167436998275662
8 7 1119.2500909089631
8 8 -57.46321410811106
8 9 1083.9354683696456
8 10 -33.170430481277435
8 11 1041.2767154605262
8 12 -4.0832826528003352
8 13 991.75785121019544
8 14 29.286991247090555
8 15 935.95657858145387
8 16 66.352462062013728
8 17 874.51974688406153
8 18 106.47758103914384
8 19 808.14218252953651
8 20 148.98800003493307
8 21 737.55459657718347
8 22 193.18644891654912
8 23 663.51075635111556
8 24 238.36728954051978
8 25 586.77466616927632
8 26 283.83038780930292
8 27 508.10811573001047
8 28 328.89376035427631
8 29 428.25893703479778
8 30 372.90471806841197
8 31 347.95031411363198
8 32 415.24928358853685
8 33 267.87143492015275
8 34 455.35973320625089
8 35 188.6697128668402
8 36 492.72018584360922
8 37 110.94473268258298
8 38 526.87023533053434
8 39 35.243999116119085
8 40 557.40669194506154
8 41 -37.939510372098084
8 42 583.98356534894447
8 43 -108.16806174602789
8 44 606.31048102095519
8 45 -175.05829087554048
8 46 624.14977228399948
8 47 -238.27894072496747
8 48 637.31253167134128
8 49 -297.54745383456793
8 50 645.6539341570533
8 51 -352.62573625800542
8 52 649.06824389936446
8 53 -403.31468393333125
8 54 647.48242247105736
8 55 -449.4634958007282
8 56 640.86140528161195
8 57 -490.65955138871686
8 58 629.46629371936069
8 59 -531.67668314699768
8 60 599.61375475836576
8 61 -507.08731880035884
8 62 915.42306315659516
8 63 0
9 0 0
9 1 1418.3453160512727
9 2 -41.583551950452602
9 3 1153.45739476993
9 4 -90.918366367986891
9 5 1129.5070277299146
9 6 -78.797587940471203
9 7 1101.4052620566872
9 8 -60.331704207783332
9 9 1066.5467774003901
9 10 -36.383760840408286
9 11 1024.3955115470271
9 12 -7.7372346083848242
9 13 975.43885476625292
9 14 25.108990286071275
9 15 920.25260897798944
9 16 61.580930361060382
9 17 859.48215681810325
9 18 101.05830566544682
9 19 793.8209342682967
9 20 142.88315762200909
9 21 723.99828798097587
9 22 186.37518053878921
9 23 650.76646907300528
9 24 230.8457708863898
9 25 574.88767743620883
9 26 275.61144297010287
9 27 497.12151351855027
9 28 320.00608259181718
9 29 418.21317624339827
9 30 363.39176266437789
9 31 338.88274430751153
9 32 405.16789821936072
9 33 259.81582350596
9 34 444.77858923528402
9 35 181.65578121625003
9 36 481.7180722966441
9 37 104.99771735794639
9 38 515.53427293242748
9 39 30.384245354753148
9 40 545.83052021826006
9 41 -41.69691932816022
9 42 572.26555031206772
9 43 -110.81363889502427
9 44 594.55198420437227
9 45 -176.58844453762867
9 46 612.45351575962559
9 47 -238.69624070584905
9 48 625.7810854890522
9 49 -296.8608676326312
9 50 634.38834670250799
9 51 -350.85084032857594
9 52 638.1667738367014
9 53 -400.47398892397723
9 54 637.03992411205945
9 55 -445.58370109371026
9 56 630.96422007333786
9 57 -485.8356253976126
9 58 620.14868730670969
9 59 -524.97883524438294
9 60 593.65970823250791
9 61 -511.11555189891078
9 62 841.06909594083845
9 63 0
10 0 0
10 1 1397.2973877741879
10 2 -43.15670992127707
10 3 1136.0534023197033
10 4 -92.526336715081925
10 5 1112.6700505997178
10 6 -80.327874127306131
10 7 1084.9793653449069
10 8 -62.037056710551042
10 9 1050.587456353469
10 10 -38.374837282617591
10 11 1008.948817008104
10 12 -10.113930090938084
10 13 960.55501244336483
10 14 22.259285748305047
10 15 905.98051040160499
10 16 58.184768585078928
10 17 845.86948735818623
10 18 97.057144211021296
10 19 780.91394502735056
10 20 138.23425743453299
10 21 711.84163446105231
10 22 181.05205871847829
10 23 639.40294429585265
10 24 224.83821509240443
10 25 564.35785346593548
10 26 268.92511464211566
10 27 487.46331808047216
10 28 312.66176224562514
10 29 409.46143638507237
10 30 355.42429707220435
10 31 331.06872476196259
10 32 396.62491044509807
10 33 252.9667825854176
10 34 435.71901268819602
10 35 175.79456044813924
10 36 472.21056638591108
10 37 100.14237540190152
10 38 505.65557472168621
10 39 26.547741879312525
10 40 535.66378093137246
10 41 -44.50698870641645
10 42 561.89870002754105
10 43 -112.59525891205158
10 44 584.07616136264551
10 45 -177.34535217073244
10 46 601.96159091105983
10 47 -238.43805913656979
10 48 615.36630129808145
10 49 -295.60321002577439
10 50 624.1430880209009
10 51 -348.61539406847442
10 52 628.18142637297569
10 53 -397.28871202555638
10 54 627.40233984186489
10 55 -441.48009963009827
10 56 621.75514553928224
10 57 -480.9088600893574
10 58 611.39982020677053
10 59 -518.35539521789542
10 60 588.01100577738907
10 61 -514.73484725192975
10 62 770.50315545648118
10 63 0
11 0 0
11 1 1377.3422344343089
11 2 -44.373314727863544
11 3 1120.0168622735873
11 4 -93.807238550880356
11 5 1097.1588027587131
11 6 -81.556957155726195
11 7 1069.8673424030858
11 8 -63.44264086237672
11 9 1035.9350023804836
11 10 -40.054212360018937
11 11 994.80009552053161
11 12 -12.157839540805071
11 13 946.95602617207442
11 14 19.770178641920211
11 15 892.97489316209067
11 16 55.182237457529482
11 17 833.49926979394695
11 18 93.486604913550764
11 19 769.21956854789642
11 20 134.05574311491364
11 21 700.86192587837104
11 22 176.24070352439958
11 23 629.17494211660596
11 24 219.3842906763166
11 25 554.91651941679265
11 26 262.83365849053553
11 27 478.84116895033912
11 28 305.95185689321625
11 29 401.68813332570608
11 30 348.12806322293
11 31 324.17065197023476
11 32 388.78627736949056
11 33 246.96664031012006
11 34 427.39232671351601
11 35 170.7109905737525
11 36 463.45909509000194
11 37 95.989631563497824
11 38 496.54995933110513
11 39 23.335409952096597
11 40 526.28048403562389
11 41 -46.77421831047468
11 42 552.31848930930028
11 43 -113.91776967002443
11 44 574.38266337612731
11 45 -177.7287355594126
11 46 592.23994149419923
11 47 -237.8932116357646
11 48 605.70191190549849
11 49 -294.14640147820137
11 50 614.62054015350986
11 51 -346.26831651962675
11 52 618.88345914553611
11 53 -394.07862315101738
11 54 618.40942663025089
11 55 -437.43718043742774
11 56 613.14145410733545
11 57 -476.12259957077185
11 58 603.19290087704758
11 59 -512.00099547372702
11 60 582.70923525469698
11 61 -518.09830949878233
11 62 703.75788687897511
11 63 0
12 0 0
12 1 1357.1499333977499
12 2 -45.776289391596947
12 3 1104.2836956846713
12 4 -95.137905441333714
12 5 1081.9609225563909
12 6 -82.772292478239251
12 7 1055.0841501242303
12 8 -64.774682874713108
12 9 1021.6206665290883
12 10 -41.604474961332016
12 11 980.99456890281544
12 12 -14.019715598578841
12 13 933.70232139022846
12 14 17.513702869109693
12 15 880.31427672490281
12 16 52.460746547922099
12 17 821.47183654228684
12 18 90.243244517296262
12 19 757.86406271731721
12 20 130.24803906205307
12 21 690.21557164887781
12 22 171.84094350568557
12 23 619.27316911010166
12 24 214.37950565541541
12 25 545.79260570335464
12 26 257.22522994442443
12 27 470.5258271940238
12 28 299.75480101143148
12 29 394.2090720613578
12 30 341.37004976173557
12 31 317.55214086501837
12 32 381.50644235770415
12 33 241.22910278379095
12 34 419.63993704712266
12 35 165.87064097279836
12 36 455.29211967618721
12 37 92.058167473396679
12 38 488.03359662770163
12 39 20.319764729492817
12 40 517.48569038068126
12 41 -48.872062797045146
12 42 543.32054594965484
12 43 -115.10091385957821
12 44 565.25981351569499
12 45 -178.00544355282
12 46 583.07212152044485
12 47 -237.27695191837483
12 48 596.56959300582457
12 49 -292.65585746429679
12 50 605.60369079780685
12 51 -343.92737708230925
12 52 610.06059782471311
12 53 -390.91645726330171
12 54 609.85722197415271
12 55 -433.48569813019822
12 56 604.93102483860639
12 57 -471.46939260187537
12 58 595.35086573418994
12 59 -505.87259639200965
12 60 577.5988507934926
12 61 -521.15570499040587
12 62 640.57523957217199
12 63 0
13 0 0
13 1 1337.6499113405771
13 2 -47.295305716943403
13 3 1089.453275926644
13 4 -96.611063338514214
13 5 1067.6184219221341
13 6 -84.157801876472149
13 7 1041.1424418975912
13 8 -66.277845945705849
13 9 1008.1388107948897
13 10 -43.312435002462735
13 11 968.01237448858046
13 12 -16.014923278362403
13 13 921.26052214211995
13 14 15.156750663436469
13 15 868.45070758272414
13 16 49.67841120446792
13 17 810.22261506973337
13 18 86.984032776626918
13 19 747.26371358906363
13 20 126.47355079593581
13 21 680.29702498506595
13 22 167.52630954215419
13 23 610.06759102042452
13 24 209.51340492274539
13 25 537.32911544557282
13 26 251.80953154517738
13 27 462.83114001539616
13 28 293.80389107700466
13 29 387.30710661525336
13 30 334.90990454652092
13 31 311.4636240013624
13 32 374.5735085033175
13 33 235.97119786700205
13 34 412.27987690035661
13 35 161.45661825248681
13 36 447.55847537771842
13 37 88.497128530207192
13 38 479.98642087918597
13 39 17.616426407585095
13 40 509.19018632953339
13 41 -50.717524618448806
13 42 534.84575153674996
13 43 -116.0929645664055
13 44 556.67735894076031
13 45 -178.15324107459674
13 46 574.45508147111468
13 47 -236.59435806848705
13 48 587.99144840691042
13 49 -291.16141938061446
13 50 597.13740955658068
13 51 -341.6442858906521
13 52 601.77781047059398
13 53 -387.87257708463585
13 54 601.82791390843704
13 55 -429.71113697944929
13 56 597.22025385440247
13 57 -467.04606319849518
13 58 587.98142815703613
13 59 -500.07236563374136
13 60 572.79989922562891
13 61 -524.02190222551326
13 62 581.02180561832029
13 63 0
14 0 0
14 1 1318.0438350616441
14 2 -48.931036303656583
14 3 1075.0012230744233
14 4 -98.060401626298699
14 5 1053.6615545845507
14 6 -85.462125474577988
14 7 1027.6002421221619
14 8 -67.645405187022334
14 9 995.06243756763979
14 10 -44.835353088501506
14 11 955.43711174741475
14 12 -17.778277793922825
14 13 909.22411155816008
14 14 13.076418173341153
14 15 856.98869402790478
14 16 47.215568150704712
14 17 799.36921099488245
14 18 84.085195987881889
14 19 737.05173888356512
14 20 123.09809030739416
14 21 670.75777888021548
14 22 163.64679462981258
14 23 601.23059501506759
14 24 205.11557018494386
14 25 529.2217716430514
14 26 246.89189992272986
14 27 455.47833726686804
14 28 288.37710684115336
14 29 380.730808529961
14 30 328.99583232506302
14 31 305.6824684563253
14 32 368.20415569422948
14 33 231.00013195858082
14 34 405.49619361627265
14 35 157.30658569736988
14 36 440.40908265969847
14 37 85.174819781741462
14 38 472.52631269429912
14 39 15.124095875762578
14 40 501.47944457989979
14 41 -52.382175448428825
14 42 526.94830716859542
14 43 -116.93684310216668
14 44 548.65982536398406
14 45 -178.18786749899118
14 46 566.38567971276643
14 47 -235.83582713513351
14 48 579.93903675424008
14 49 -289.63033184368214
14 50 589.17062568184519
14 51 -339.36565784529193
14 52 593.96430318656712
14 53 -384.87581790036529
14 54 594.23404022140858
14 55 -426.02775004638715
14 56 589.90806106749005
14 57 -462.75603278331801
14 58 580.97275543786964
14 59 -494.49560567609296
14 60 568.1951122596729
14 61 -526.60984194972116
14 62 524.86492176058164
14 63 0
15 0 0
15 1 1299.282650410305
15 2 -50.599482102597904
15 3 1061.5349745876301
15 4 -99.567438189751556
15 5 1040.6335567438418
15 6 -86.8582333168888
15 7 1014.9661994603321
15 8 -69.110483451595428
15 9 982.87736787483482
15 10 -46.447777151570335
15 11 943.73609613285225
15 12 -19.612400660662388
15 13 898.04273009690405
15 14 10.952509535400168
15 15 846.35931739853731
15 16 44.743116995960008
15 17 789.32236264108724
15 18 81.216077290946487
15 19 727.61632964102319
15 20 119.79575223222128
15 21 661.96115596994787
15 22 159.88667632882425
15 23 593.09839838306289
15 24 200.88511668063802
15 25 521.77767120156204
15 26 242.19023023874797
15 27 448.74369789908997
15 28 283.21439782530433
15 29 374.72432424010549
15 30 323.39247878780952
15 31 300.41979966313193
15 32 362.18976448481044
15 33 226.49357211435017
15 34 399.108466473308
15 35 153.56477605337204
15 36 433.69263663635138
15 37 82.202523532259875
15 38 465.53148197858718
15 39 12.92203669436276
15 40 494.2611008516451
15 41 -53.817410827150525
15 42 519.56472905203555
15 43 -117.61284347926448
15 44 541.17164111744387
15 45 -178.11638464877433
15 46 558.85490064611076
15 47 -235.0327223439308
15 48 572.42819254952337
15 49 -288.11549182705676
15 50 581.74200932512576
15 51 -337.16288672849259
15 52 586.67930607043672
15 53 -382.01278924816506
15 54 587.15291729072305
15 55 -422.53383112438314
15 56 583.08727122380333
15 57 -458.70551610391885
15 58 574.43075409082667
15 59 -489.25080110961972
15 60 563.90434763216035
15 61 -529.03493288454229
15 62 472.18666487651717
15 63 0
16 0 0
16 1 1280.523243508469
16 2 -52.356556255972464
16 3 1048.4865171690672
16 4 -101.02216721747936
16 5 1028.0250594860263
16 6 -88.153205700791659
16 7 1002.7621778021967
16 8 -70.426621823571622
16 9 971.12388583013853
16 10 -47.868683452634286
16 11 932.46352703886259
16 12 -21.214963970805911
16 13 887.28356076899217
16 14 9.098444735400335
16 15 836.14365848347916
16 16 42.577276263955355
16 17 779.67889911292332
16 18 78.688762209822016
16 19 718.57235110996953
16 20 116.86862662259045
16 21 653.54248211519916
16 22 156.53309321805864
16 23 585.32915625164605
16 24 197.09008480504053
16 25 514.67998256384817
16 26 237.95006470663793
16 27 442.33731525196163
16 28 278.53611017008006
16 29 369.02625191146399
16 30 318.2929617253194
16 31 295.44393061655683
16 32 356.69482530806818
16 33 222.25036394729614
16 34 393.25175975477578
16 35 150.06098296908021
16 36 427.5145425140181
16 37 79.440994107926599
16 38 459.07797082236357
16 39 10.901581117650494
16 40 487.58261894477073
16 41 -55.102086156466612
16 42 512.71513378310374
16 43 -118.17113956453795
16 44 534.20720761323537
16 45 -177.9617612214679
16 46 551.83341557949461
16 47 -234.18260773837574
16 48 565.40814478580614
16 49 -286.59116308062949
16 50 574.78188347204195
16 51 -334.98932848488039
16 52 579.8369586671015
16 53 -379.21861511449606
16 54 580.48533371106714
16 55 -419.14924632919792
16 56 576.64813137421334
16 57 -454.80258325483192
16 58 568.23773313681158
16 59 -484.23688622847294
16 60 559.80642857207386
16 61 -531.20968050848205
16 62 422.76641958665095
16 63 0
17 0 0
17 1 1262.7031701697433
17 2 -54.114288724349535
17 3 1036.4491025484313
17 4 -102.4988562960516
17 5 1016.3623353093953
17 6 -89.50962460971823
17 7 991.47752579256121
17 8 -71.813607405601942
17 9 960.26646677387362
17 10 -49.356563073388315
17 11 922.06365593483497
17 12 -22.870096682936492
17 13 877.37177208282446
17 14 7.2146249522120343
17 15 826.74724540083844
17 16 40.411305036514023
17 17 770.82327906623505
17 18 76.196371156811438
17 19 710.28136118229668
17 20 114.01565240021228
17 21 645.83847046719711
17 22 153.29587736800931
17 23 578.23287082783281
17 24 193.4554944057254
17 25 508.21033721604181
17 26 233.9151946102902
17 27 436.51108457538612
17 28 274.10773018914369
17 29 363.85773792062537
17 30 313.48676719176183
17 31 290.9446354578904
17 32 351.53454599594625
17 33 218.42869467718629
17 34 387.76817688130905
17 35 146.92200643935394
17 36 421.74445881641986
17 37 76.986252804545074
17 38 453.0631722502676
17 39 9.1289742272238072
17 40 481.36886047132066
17 41 -56.198357242465136
17 42 506.35117592605638
17 43 -118.60056708314914
17 44 527.74392310652729
17 45 -177.73747630371872
17 46 545.32298067329066
17 47 -233.32128552624454
17 48 558.90332351964389
17 49 -285.11289823995867
17 50 568.33541025298473
17 51 -332.91748853798708
17 52 573.50100178155117
17 53 -376.57974859826027
17 54 574.31130743452741
17 55 -415.9711678369149
17 56 570.68457945774753
17 57 -451.15167502558506
17 58 562.49937886150292
17 59 -479.56047532693447
17 60 556.0194459746981
17 61 -533.24571766779627
17 62 376.69436831038183
17 63 0
18 0 0
18 1 1245.0093774532434
18 2 -55.930419802052711
18 3 1024.8769955808257
18 4 -103.89531089458615
18 5 1005.1595316610928
18 6 -90.746698811017268
18 7 980.65907441764466
18 8 -73.040517764866308
18 9 949.87200022842444
18 10 -50.648621976279173
18 11 912.11886781366047
18 12 -24.295828416143195
18 13 867.90410991852696
18 14 5.5924722744293831
18 15 817.78181627782942
18 16 38.538238709406869
18 17 762.38376268520369
18 18 74.027062163395385
18 19 702.39008966836991
18 20 111.51467621743905
18 21 638.51639453105236
18 22 150.43801969341075
18 23 571.49937455847066
18 24 190.22572391804715
18 25 502.08296153186893
18 26 230.30834896644592
18 27 431.00520018697352
18 28 270.12797032170965
18 29 358.9862052024273
18 30 309.14685272023235
18 31 286.71748140709497
18 32 346.85498188764541
18 33 214.8528299926511
18 34 382.77627801903691
18 35 144.00099849467551
18 36 416.47337371841786
18 37 74.720163769370629
18 38 447.55090211765491
18 39 7.5142672471883998
18 40 475.65730385485949
18 41 -57.168846115018823
18 42 500.48522283532293
18 43 -118.93759741496979
18 44 521.7706172970793
18 45 -177.45532152844135
18 46 539.29076219674243
18 47 -232.43761209528202
18 48 552.86135913661383
18 49 -283.64861707359523
18 50 562.3330148750938
18 51 -330.89658816152223
18 52 567.58713345175238
18 53 -374.02918632096771
18 54 568.53436708479421
18 55 -412.91909301435226
18 56 565.09048971520315
18 57 -447.66194546355109
18 58 557.10221090521372
18 59 -475.12290938129809
18 60 552.42623865296991
18 61 -535.05640745470373
18 62 333.76675486351814
18 63 0
19 0 0
19 1 1228.3406391986773
19 2 -57.714393443575318
19 3 1014.335371684183
19 4 -105.27531197794815
19 5 994.9150513875793
19 6 -92.011201638797502
19 7 970.7677035407869
19 8 -74.307298905296193
19 9 940.37562411131148
19 10 -51.98033451279116
19 11 903.04325585179868
19 12 -25.750771663979322
19 13 859.27495025543976
19 14 3.9598051955636038
19 15 809.62173133229953
19 16 36.680104585684603
19 17 754.71357097853797
19 18 71.903564116837515
19 19 695.22912095862921
19 20 109.09460841617147
19 21 631.88260380684369
19 22 147.69923887456571
19 23 565.40925958188382
19 24 187.15517623490996
19 25 496.55136101591779
19 26 226.90181034477064
19 27 426.04502347671769
19 28 266.38956123861135
19 29 354.60813616623454
19 30 305.08838268588079
19 31 282.9296895583866
19 32 342.49517372586524
19 33 211.66071368270423
19 34 378.13991727375651
19 35 141.40697731477303
19 36 411.59042287404191
19 37 72.723530058738106
19 38 442.45561363140951
19 39 6.1111004470149055
19 40 470.38735986006941
19 41 -57.985703551821643
19 42 495.08092383803159
19 43 -119.17850798681684
19 44 516.27413604364847
19 45 -177.13377320660584
19 46 533.74547396742855
19 47 -231.57010101613196
19 48 547.31125479747789
19 49 -282.25450322452161
19 50 556.82219951904699
19 51 -328.99793170599878
19 52 562.15939576986784
19 53 -371.6506340538217
19 54 563.23302551390952
19 55 -410.08622093841041
19 56 559.95675157873848
19 57 -444.43298043006507
19 58 552.14760102444416
19 59 -471.02563909220407
19 60 549.13917257408684
19 61 -536.74653784128168
19 62 294.07607399889457
19 63 0
20 0 0
20 1 1211.9332544727968
20 2 -59.526859013203648
20 3 1004.3116100632687
20 4 -106.55009809852345
20 5 985.17491183542916
20 6 -93.141847298738867
20 7 961.38201324151851
20 8 -75.406888947782136
20 9 931.37650052312893
20 10 -53.115915119406054
20 11 894.45210841745393
20 12 -26.982207879200359
20 13 851.11447940562357
20 14 2.5772953677005717
20 15 801.91248854362129
20 16 35.098336411465425
20 17 747.47475840126754
20 18 70.082164171481054
20 19 688.47869448518395
20 20 107.00168596144977
20 21 625.63726387452334
20 22 145.31166137317086
20 23 559.6842996851592
20 24 184.45854861397493
20 25 491.36042940176594
20 26 223.89020049331521
20 27 421.39983745528298
20 28 263.06502341526539
20 29 350.51818465490214
20 30 301.4603274266392
20 31 279.40195252540434
20 32 338.57963004493286
20 33 208.69942014769549
20 34 373.95872822116871
20 35 139.01341638984377
20 36 407.17041113111918
20 37 70.895923329317156
20 38 437.8277483851889
20 39 4.8445379889017204
20 40 465.58595047372364
20 41 -58.699265832728997
20 42 490.142860803644
20 43 -119.3501960415233
20 44 511.23819405347604
20 45 -176.77769629926843
20 46 528.65168705693577
20 47 -230.70321768727808
20 48 542.20036840888497
20 49 -280.89646300486493
20 50 551.73520139533139
20 51 -327.17090152800665
20 52 557.13711057023829
20 53 -369.37917734576331
20 54 558.31594767141723
20 55 -407.39577751764955
20 56 555.18357390837991
20 57 -441.37895655467219
20 58 547.52928989501015
20 59 -467.17611763824607
20 60 546.04850428177087
20 61 -538.23389308718106
20 62 257.43850648041189
20 63 0
21 0 0
21 1 1196.6200706922336
21 2 -61.27929825083811
21 3 995.32640868460476
21 4 -107.77331992812833
21 5 976.39610421538237
21 6 -94.2678727085422
21 7 952.9226452571038
21 8 -76.516522540259757
21 9 923.26999906617857
21 10 -54.26432949775517
21 11 886.72004974341689
21 12 -28.219459983347406
21 13 843.7779876373952
21 14 1.2039980560984986
21 15 794.98995413018747
21 16 33.54742301553415
21 17 740.98291940458694
21 18 68.318635265995908
21 19 682.43294509784391
21 20 104.99786854438753
21 21 620.05177237551834
21 22 143.04754017189225
21 23 554.57194782775332
21 24 181.92179541642872
21 25 486.73264232093061
21 26 221.07595352167664
21 27 417.26635095074016
21 28 259.97547245424357
21 29 346.8867893730021
21 30 298.10415395559176
21 31 276.27824580349625
21 32 334.9713476609395
21 33 206.08658796845702
21 34 370.11796264323493
21 35 136.91206127077749
21 36 403.12115431788698
21 37 69.303946793297655
21 38 433.59761577903555
21 39 3.757080673949531
21 40 461.20546509200722
21 41 -59.289827743214119
21 42 485.64478207708817
21 43 -119.45420339998236
21 44 506.65690499727134
21 45 -176.40811652199773
21 46 524.02264830107015
21 47 -229.87552066524586
21 48 537.55964352149022
21 49 -279.62847321987283
21 50 547.11905490876234
21 51 -325.48263412763845
21 52 552.581666261176
21 53 -367.29271854483159
21 54 553.85706074275731
21 55 -404.93388131608299
21 56 550.85560446741511
21 57 -438.59148679530335
21 58 543.34103025439617
21 59 -463.66753073243672
21 60 543.25749404142698
21 61 -539.61374238724602
21 62 223.94365349782674
21 63 0
22 0 0
22 1 1181.7093445586124
22 2 -63.031495938048465
22 3 986.91503836789707
22 4 -108.87008517670438
22 5 968.16892727815684
22 6 -95.249573070077531
22 7 945.01086998661776
22 8 -77.455959257122231
22 9 915.6973406788893
22 10 -55.220186709448171
22 11 879.50410969028781
22 12 -29.242574834142943
22 13 836.9370742400406
22 14 0.066407267240720103
22 15 788.54053542727343
22 16 32.254012796784082
22 17 734.9402513170844
22 18 66.834566905527026
22 19 676.81118213158697
22 20 103.29539269378074
22 21 614.86396980399149
22 22 141.10623352507901
22 23 549.82993851808715
22 24 179.72854435015506
22 25 482.44683657685528
22 26 218.62472076463746
22 27 413.44549400719188
22 28 257.26689269731651
22 29 343.53770943198469
22 30 295.14500168943414
22 31 273.4056174745092
22 32 331.77391608205653
22 33 203.69273124742904
22 34 366.6993902129434
22 35 134.99678821062844
22 36 399.50272941950971
22 37 67.86446315345529
22 38 429.80408614994303
22 39 2.7879447770828847
22 40 457.26437303983403
22 41 -59.796691903102328
22 42 481.58584240809432
22 43 -119.5094443914968
22 44 502.51143749164839
22 45 -176.02485313545913
22 46 519.82307198841227
22 47 -229.06920872856062
22 48 533.33903676957561
22 49 -278.41675205309002
22 50 542.91078128017034
22 51 -323.88516083301511
22 52 548.41905457578832
22 53 -365.33104836280472
22 54 549.77326454945796
22 55 -402.63019981239268
22 56 546.88252402002036
22 57 -435.99254794344233
22 58 539.4869564270266
22 59 -460.41622655366155
22 60 540.66710205233903
22 61 -540.81116367115101
22 62 193.43040202102202
22 63 0
23 0 0
23 1 1167.9439449494566
23 2 -64.700511592263865
23 3 979.53941711352854
23 4 -109.88365458501903
23 5 960.89725029742112
23 6 -96.196549867499925
23 7 938.01698964739444
23 8 -78.37663566192532
23 9 909.00524897392643
23 10 -56.162336341003538
23 11 873.13159306177113
23 12 -30.247768569324762
23 13 830.9010186053456
23 14 -1.0413784195861808
23 15 782.85554820922698
23 16 31.008690558564922
23 17 729.61949812793137
23 18 65.422118359492742
23 19 671.86667044438764
23 20 101.69222906029063
23 21 610.30665629573377
23 22 139.29504730185727
23 23 545.66968325389098
23 24 177.69833675629343
23 25 478.69226279999566
23 26 216.37061960291248
23 27 410.10379421777543
23 28 254.78980876414425
23 29 340.61443196833352
23 30 292.45116601259724
23 31 270.90446076272201
23 32 328.87433675341526
23 33 201.61536508567224
23 34 363.60926144425321
23 35 133.34271536677988
23 36 396.24082236286995
23 37 66.630929347866186
23 38 426.39214483415344
23 39 1.96989878986642
23 40 453.72653497679494
23 41 -60.206589034805802
23 42 477.94809840979724
23 43 -119.52076613397367
23 44 498.80114114557728
23 45 -175.64931711149256
23 46 516.06850539656079
23 47 -228.32055764183679
23 48 529.56903554104429
23 49 -277.31061504709942
23 50 539.15441875460601
23 51 -322.43890151448795
23 52 544.70537705810784
23 53 -363.56365128540347
23 54 546.13118302313524
23 55 -400.56111818103091
23 56 543.33994934268048
23 57 -433.66311682575542
23 58 536.05034198653811
23 59 -457.50447134196293
23 60 538.36857777014302
23 61 -541.90960379401076
23 62 165.98101187810244
23 63 0
24 0 0
24 1 1154.7238058142284
24 2 -66.342365636273826
24 3 972.79545147443969
24 4 -110.75384837795355
24 5 954.2262591025974
24 6 -96.992966990683271
24 7 931.61417624401111
24 8 -79.128186570187609
24 9 902.88521999468685
24 10 -56.919184748949192
24 11 867.30862654462726
24 12 -31.05133786789338
24 13 825.38940238237046
24 14 -1.9304212401038967
24 15 777.66813039374938
24 16 30.00018252805603
24 17 724.76809434078859
24 18 64.265383861084047
24 19 667.36217170841883
24 20 100.36422231678443
24 21 606.15903219058964
24 22 137.77862897086379
24 23 541.88788241162911
24 24 175.98225924757571
24 25 475.28404935519575
24 26 214.44933561269863
24 27 407.07554993559825
24 28 252.66314131613399
24 29 337.97095078398343
24 30 290.12387594775646
24 31 268.64875787850906
24 32 326.35562015457253
24 33 199.74851634287916
24 34 360.91220688376779
24 35 131.86373794269457
24 36 393.38185280257676
24 37 65.536709143998451
24 38 423.39046548249826
24 39 1.255166205282876
24 40 450.60360451998349
24 41 -60.549237559825997
24 42 474.72713638399
24 43 -119.50080557880938
24 44 495.5066805905517
24 45 -175.27819788938359
24 46 512.72599671392527
24 47 -227.61158413686644
24 48 526.20450369431637
24 49 -276.27880766658564
24 50 535.79417344735702
24 51 -321.1008494872658
24 52 541.37576759103467
24 53 -361.93740494354643
24 54 542.85847962773914
24 55 -398.66516926849727
24 56 540.14961026496167
24 57 -431.53541024594233
24 58 532.94834124244517
24 59 -454.85991714713236
24 60 536.27632951247506
24 61 -542.84387821326163
24 62 141.45941396463968
24 63 0
25 0 0
25 1 1142.6806301187753
25 2 -67.88286534629151
25 3 967.07365149200086
25 4 -111.51341814752413
25 5 948.49635678428967
25 6 -97.727082896881257
25 7 926.1134752136968
25 8 -79.833698470110903
25 9 897.6275083625751
25 10 -57.636473479760753
25 11 862.30829746227755
25 12 -31.813229895760742
25 13 820.65943101383709
25 14 -2.7684389067417214
25 15 773.21976639268541
25 16 29.058147492833086
25 17 720.61139929360252
25 18 63.19562124872391
25 19 663.50626407256641
25 20 99.14772609818101
25 21 602.61217236075026
25 22 136.40131795682464
25 23 538.65743592496074
25 24 174.43499837099807
25 25 472.37637453463321
25 26 212.72779108585382
25 27 404.49584299722119
25 28 250.76750880543841
25 29 335.72307650047151
25 30 288.05851576407804
25 31 266.73508713201954
25 32 324.12863023409955
25 33 198.16978712015043
25 34 358.53496026447829
25 35 130.61895002692836
25 36 390.86852217451451
25 37 64.623058517554455
25 38 420.75755368387036
25 39 0.66802105038732407
25 40 447.86949607669158
25 41 -60.816320819867542
25 42 471.91168085873869
25 43 -119.45603033609586
25 44 492.630816233941
25 45 -174.93144547415795
25 46 509.81141868078339
25 47 -226.9743089414078
25 48 523.27337892847936
25 49 -275.36391677358552
25 50 532.86890224626404
25 51 -319.92257225965659
25 52 538.4787856883122
25 53 -360.51119437843226
25 54 540.01216589085743
25 55 -397.00679778889025
25 56 537.37573903163138
25 57 -429.67755717882028
25 58 530.25134861854895
25 59 -452.55170906557396
25 60 534.46716715370712
25 61 -543.68369837902719
25 62 119.93682427373642
25 63 0
26 0 0
26 1 1131.3229793415758
26 2 -69.371716557498075
26 3 962.04155539680869
26 4 -112.11753604811747
26 5 943.41676115163864
26 6 -98.308792405532586
26 7 921.24790701291204
26 8 -80.375184739978067
26 9 892.98094348464474
26 10 -58.179191995577639
26 11 857.89213253519847
26 12 -32.388830868512741
26 13 816.48428204061929
26 14 -3.4067851288455131
26 15 769.29528165123884
26 16 28.330871714388195
26 17 716.94640419650568
26 18 62.35720935592326
26 19 660.10885814193898
26 20 98.180324846453004
26 21 599.48972564143332
26 22 135.29156734648495
26 23 535.81650888645527
26 24 173.17401636773866
26 25 469.82259024161976
26 26 211.31102421350079
26 27 402.23373363232895
26 28 249.19447796492022
26 29 333.75592597622017
26 30 286.33248502956121
26 31 265.06478623105068
26 32 322.25622391024444
26 33 196.79671337371474
26 34 356.52575063522818
26 35 129.54188088087903
26 36 388.73460722470554
26 37 63.839121776254615
26 38 418.51314111909232
26 39 0.1726833829707175
26 40 445.5305057717851
26 41 -61.029229323139589
26 42 469.49537625096127
26 43 -119.3942597296882
26 44 490.15547074304777
26 45 -174.60424359114768
26 46 507.29602165802135
26 47 -226.39231938228477
26 48 520.7373821690453
26 49 -274.53906510572779
26 50 530.33200669005964
26 51 -318.8679449749543
26 52 535.96076310213903
26 53 -359.24095045629656
26 54 537.53275906274212
26 55 -395.53539422740869
26 56 534.95423438789658
26 57 -428.03401264563945
26 58 527.89169152447357
26 59 -450.52077106220167
26 60 532.87119183096365
26 61 -544.37560648921135
26 62 101.30412907756181
26 63 0
27 0 0
27 1 1121.153687995502
27 2 -70.746097691198884
27 3 958.00773755172486
27 4 -112.58834377372295
27 5 939.25579905089762
27 6 -98.8036002638637
27 7 917.26185504512614
27 8 -80.845281672736746
27 9 889.17283385967494
27 10 -58.657520582983125
27 11 854.27331128471451
27 12 -32.899236504135843
27 13 813.06410757520098
27 14 -3.972441209043609
27 15 766.08201432009082
27 16 27.689494510241275
27 17 713.9474010102731
27 18 61.622679925221746
27 19 657.33076770584375
27 20 97.338638886412809
27 21 596.93854219631248
27 22 134.3323018090814
27 23 533.49753962947943
27 24 172.09034133429668
27 25 467.74036931083174
27 26 210.09959407365386
27 27 400.39190644165501
27 28 247.85523128230125
27 29 332.15712442142831
27 30 284.86837804848619
27 31 263.71051094429276
27 32 320.67292006559001
27 33 195.6872344749172
27 34 354.83128517626028
27 35 128.67616497942436
27 36 386.93904392630429
27 37 63.214789156518236
27 38 416.62823413162187
27 39 -0.21400329615062219
27 40 443.56937769407523
27 41 -61.18334626989963
27 42 467.47222007752498
27 43 -119.32217681760449
27 44 488.08528140398266
27 45 -174.31355659027759
27 46 505.19436011882135
27 47 -225.89176601286454
27 48 518.62017362509505
27 49 -273.83842979133988
27 50 528.21537208274094
27 51 -317.97795619468161
27 52 533.8608818647117
27 53 -358.17320402884434
27 54 535.46578968735048
27 55 -394.30169410934468
27 56 532.93604880764178
27 57 -426.65829045063219
27 58 525.92496019769897
27 59 -448.82137106014852
27 60 531.54883052002333
27 61 -544.97405285474088
27 62 85.618544983390166
27 63 0
28 0 0
28 1 1111.8036645825669
28 2 -72.047312335143943
28 3 954.7202926000864
28 4 -112.89684327380201
28 5 935.79413162956371
28 6 -99.148589220021677
28 7 913.95461547563173
28 8 -81.160346627484614
28 9 886.01503610448162
28 10 -58.97521570545905
28 11 851.27383031249337
28 12 -33.241140300788174
28 13 810.23018071277875
28 14 -4.3591771486717334
28 15 763.42043479940003
28 16 27.2399198365747
28 17 711.46436965818793
28 18 61.094998909538845
28 19 655.03197221232767
28 20 96.720581541376305
28 21 594.82914101636197
28 22 133.61468036237056
28 23 531.58209850607818
28 24 171.26703302210444
28 25 466.02276761404937
28 26 209.16743371799384
28 27 398.87522874550996
28 28 246.81383366669252
28 29 330.84355148957911
28 30 283.7199093619347
28 31 262.60122129997399
28 32 319.42183506998845
28 33 194.78232495657721
28 34 353.48404589967686
28 35 127.97459538660405
28 36 385.50383233086905
28 37 62.714353543924517
28 38 415.11466986321466
28 39 -0.5166780738363741
28 40 441.98824930390401
28 41 -61.292777093058248
28 42 465.83523637764301
28 43 -119.24397844040868
28 44 486.40484711768295
28 45 -174.05437821480518
28 46 503.48337850891767
28 47 -225.45921460732643
28 48 516.89187721422059
28 49 -273.24098559802223
28 50 526.48318003321037
28 51 -317.22488364493984
28 52 532.13828339266911
28 53 -357.27448774878212
28 54 533.76626080989809
28 55 -393.26750695636292
28 56 531.27290019574502
28 57 -425.50864303620983
28 58 524.30032737902366
28 59 -447.40923572135216
28 60 530.44761899627701
28 61 -545.43884718896152
28 62 72.799396548361983
28 63 0
29 0 0
29 1 1103.6330442777853
29 2 -73.225976859703223
29 3 952.39765134351728
29 4 -113.05452052852161
29 5 933.22130354636101
29 6 -99.385455149558766
29 7 911.49815286257763
29 8 -81.380983448298139
29 9 883.66688949008676
29 10 -59.205047921295773
29 11 849.04256152071866
29 12 -33.494845024506503
29 13 808.12176342419662
29 14 -4.6513263782799186
29 15 761.44042384953536
29 16 26.896559597844316
29 17 709.61772204327644
29 18 60.689579834161123
29 19 653.323183860266
29 20 96.244417636626167
29 21 593.26226291886996
29 22 133.06133110972951
29 23 530.16070553439931
29 24 170.63230299072529
29 25 464.7498971735331
29 26 208.44929910026622
29 27 397.75330421889521
29 28 246.01231391443434
29 29 329.87430286084418
29 30 282.83689900945319
29 31 261.78561261076538
29 32 318.46090964791074
29 33 194.12049493894301
29 34 352.45025336507751
29 35 127.46581644478283
29 36 384.40348042740879
29 37 62.35701065406829
29 38 413.95511740347501
29 39 -0.72508830726292217
29 40 440.77770788817361
29 41 -61.355627724424266
29 42 464.58258716484124
29 43 -119.16547707642167
29 44 485.11947616134421
29 45 -173.83951775400419
29 46 502.1750324885943
29 47 -225.11371425935067
29 48 515.57054002842051
29 49 -272.77122520672492
29 50 525.15897015155133
29 51 -316.63783370277088
29 52 530.82137200135548
29 53 -356.5776587606706
29 54 532.46680437268878
29 55 -392.46853312988605
29 56 530.00103004023913
29 57 -424.62264677851635
29 58 523.05713122677844
29 59 -446.32244398599141
29 60 529.61014341690316
29 61 -545.80803891894902
29 62 62.887686681278865
29 63 0
30 0 0
30 1 1096.4052509621069
30 2 -74.313406315695829
30 3 950.87510724169988
30 4 -113.04850672217981
30 5 931.39492620935016
30 6 -99.479488017095719
30 7 909.76280561676504
30 8 -81.459283222784507
30 9 882.00749009388346
30 10 -59.291086671464655
30 11 847.46571114351354
30 12 -33.599917946958158
30 13 806.63153287332534
30 14 -4.7865691840343061
30 15 760.04099584565665
30 16 26.721578973365467
30 17 708.31293015771735
30 18 60.466801767233846
30 19 652.11656968813259
30 20 95.967427114374004
30 21 592.1570434907153
30 22 132.7253849126464
30 23 529.15972428309033
30 24 170.23430929157257
30 25 463.85556408949924
30 26 207.98775176444906
30 27 396.96753224234271
30 28 245.48719252379669
30 29 329.1984478323684
30 30 282.24954326105944
30 31 261.22042144152147
30 32 317.81387763203384
30 33 193.66606684343424
30 34 351.74717081645213
30 35 127.12157816849867
30 36 383.64888797559615
30 37 62.121707810547377
30 38 413.15432089277238
30 39 -0.85338496091935667
30 40 439.93663637138525
30 41 -61.379502301406319
30 42 463.70766174277378
30 43 -119.08813622767411
30 44 484.21749202134379
30 45 -173.66474968412149
30 46 501.25305500614559
30 47 -224.84584052335777
30 48 514.63581585267093
30 49 -272.41504961921237
30 50 524.21885235389709
30 51 -316.19858841622772
30 52 529.88326110607886
30 53 -356.06096834044365
30 54 531.53808119077439
30 55 -391.8801224699564
30 56 529.08915662328582
30 57 -423.97346771849698
30 58 522.16258428643414
30 59 -445.53261823239154
30 60 529.00261675858928
30 61 -546.05580249926788
30 62 55.832233272212761
30 63 0
31 0 0
31 1 1090.3280890488531
31 2 -75.275134014418654
31 3 950.27525389355105
31 4 -112.87964700272823
31 5 930.42111433305763
31 6 -99.447898884363894
31 7 908.84413835397027
31 8 -81.422782244544578
31 9 881.12474328454482
31 10 -59.267478468427726
31 11 846.62481792747712
31 12 -33.594594225405672
31 13 805.83523185282502
31 14 -4.8053400803382829
31 15 759.29231421127952
31 16 26.673828773482455
31 17 707.61461504389445
31 18 60.385997562661942
31 19 651.47116107482361
31 20 95.850397951835475
31 21 591.56684914114521
31 22 132.56987356271566
31 23 528.62678752489956
31 24 170.03895815150827
31 25 463.38162685515272
31 26 207.7520643410935
31 27 396.55399759794818
31 28 245.21147641962671
31 29 328.84634625816034
31 30 281.93484092753351
31 31 260.93038374028765
31 32 317.46188818715382
31 33 193.43830509797044
31 34 351.36016824708349
31 35 126.95587632833849
31 36 383.22963827113199
31 37 62.017421169002773
31 38 412.70600132747859
31 39 -0.89732089918470592
31 40 439.46275919779509
31 41 -61.364555290310818
31 42 463.21200385364136
31 43 -119.01615414444677
31 44 483.70403158060071
31 45 -173.53793225538539
31 46 500.72591603793626
31 47 -224.66670781113862
31 48 514.09922089078464
31 49 -272.18640859700827
31 50 523.67708235578903
31 51 -315.92349807851861
31 52 529.34062705389806
31 53 -355.74271780660638
31 54 530.99886749805592
31 55 -391.52205621348912
31 56 528.55784865641908
31 57 -423.58186483397731
31 58 521.63880283160324
31 59 -445.06077621235818
31 60 528.64881072309799
31 61 -546.20302930743492
31 62 51.656346806794318
31 63 0
32 0 0
32 1 1085.3038755271882
32 2 -76.131433087311962
32 3 950.52478426964626
32 4 -112.55131427674314
32 5 930.2379024916263
32 6 -99.284746346484098
32 7 908.68652976041631
32 8 -81.260095919333253
32 9 880.96762535769813
32 10 -59.119492397030626
32 11 846.47263382180427
32 12 -33.462213252732909
32 13 805.68899991817489
32 14 -4.6900824827389442
32 15 759.15373307111622
32 16 26.770967838274373
32 17 707.48528378317133
32 18 60.464304294782778
32 19 651.35261148725476
32 20 95.909451295028703
32 21 591.46049512719401
32 22 132.6095135596006
32 23 528.53388967832871
32 24 170.0592620977659
32 25 463.3032658830416
32 26 207.75332314997286
32 27 396.49105590342515
32 28 245.19417223700657
32 29 328.79949662856234
32 30 281.89962506530719
32 31 260.900084754212
32 32 317.40956070507309
32 33 193.42480246677951
32 34 351.29165788703176
32 35 126.95920884198131
32 36 383.14598376700815
32 37 62.037431030148582
32 38 412.60833387468665
32 39 -0.86097501252879738
32 40 439.3522861278143
32 41 -61.312382570122281
32 42 463.08999383199989
32 43 -118.94881517946487
32 44 483.57180127140964
32 45 -173.4562212959645
32 46 500.58481825772105
32 47 -224.57153563664178
32 48 513.9506343539324
32 49 -272.07878606532176
32 50 523.522402704657
32 51 -315.80451930039999
32 52 529.18126386884978
32 53 -355.61355358595392
32 54 530.83619292237927
32 55 -391.38390128528044
32 56 528.39353854778892
32 57 -423.4365895058545
32 58 521.47175885011166
32 59 -444.89509241429914
32 60 528.53436288842204
32 61 -546.23891687697324
32 62 50.338967037077964
32 63 0
33 0 0
33 1 1081.3828777770595
33 2 -76.863624610723491
33 3 951.64740764630551
33 4 -112.05379378225189
33 5 930.86549007352914
33 6 -98.982477487652432
33 7 909.30702398850372
33 8 -80.965226629814424
33 9 881.55077042983976
33 10 -58.842091914357297
33 11 847.02176788482575
33 12 -33.1983530998059
33 13 806.20368074733051
33 14 -4.4367556142788089
33 15 759.63451923257708
33 16 27.016818035008328
33 17 707.93277582197334
33 18 60.705439864250366
33 19 651.76745877124631
33 20 96.148282159447263
33 21 591.8433285160063
33 22 132.84803312672011
33 23 528.88528805397073
33 24 170.29901920295742
33 25 463.62374312138854
33 26 207.99541813403266
33 27 396.7810626818391
33 28 245.43927181639447
33 29 329.05943257901527
33 30 282.14799128818413
33 31 261.13031699424027
33 32 317.66108938882098
33 33 193.62568669976099
33 34 351.54592277422125
33 35 127.1311113896445
33 36 383.40228337574445
33 37 62.180748943774233
33 38 412.8657383148493
33 39 -0.74579627380444435
33 40 439.60968215515095
33 41 -61.224835224038543
33 42 463.34612633245342
33 43 -118.88831859323545
33 44 483.82531049355748
33 45 -173.42211571076405
33 46 500.83427249774104
33 47 -224.5630788706876
33 48 514.19455717223173
33 49 -272.09515355934855
33 50 523.75929515164898
33 51 -315.84480493620504
33 52 529.40962800676061
33 53 -355.67677775816264
33 54 531.05448661199262
33 55 -391.4690767828688
33 56 528.60063177604388
33 57 -423.54114306135671
33 58 521.66585539907828
33 59 -445.03908728756869
33 60 528.66373957840551
33 61 -546.16682115238291
33 62 51.884962772419385
33 63 0
34 0 0
34 1 1078.6087434382807
34 2 -77.480440239696691
34 3 953.66287543470207
34 4 -111.4066217837717
34 5 932.32369231941448
34 6 -98.56401277374971
34 7 910.72520271495705
34 8 -80.563493185081825
34 9 882.8940487944692
34 10 -58.461961555167363
34 11 848.29240462340749
34 12 -32.830346987111625
34 13 807.39964857912128
34 14 -4.0727731175138615
34 15 760.75503196761929
34 16 27.384353256820759
34 17 708.97719749609678
34 18 61.083158311703301
34 19 652.73531070033641
34 20 96.541755215184821
34 21 592.73422074284099
34 22 133.26168287903783
34 23 529.69889813994087
34 24 170.73609150202174
34 25 464.35982317234448
34 26 208.45800104325463
34 27 397.43946574617439
34 28 245.92835076191477
34 29 329.64015061907048
34 30 282.66353124308807
34 31 261.63352309822585
34 32 318.20213479250015
34 33 194.05177674798324
34 34 352.11070868399474
34 35 127.4807405025058
34 36 383.98835065436288
34 37 62.454860574234772
34 38 413.47004799945353
34 39 -0.5459503199745086
34 40 440.22872465347973
34 41 -61.09768422675188
34 42 463.97602287697737
34 43 -118.83197151973945
34 44 484.46190436379766
34 45 -173.43436791179556
34 46 501.47320890800984
34 47 -224.64142533635822
34 48 514.83135181342732
34 49 -272.23680747283652
34 50 524.38939068224499
34 51 -316.04671821696684
34 52 530.02844714455932
34 53 -355.93566391298737
34 54 531.65739697078607
34 55 -391.78159696575676
34 56 529.18352263304769
34 57 -423.900089504059
34 58 522.22607084786432
34 59 -445.49770859703131
34 60 529.04225807424154
34 61 -545.99118576561523
34 62 56.303599819784722
34 63 0
35 0 0
35 1 1076.8735417570952
35 2 -77.979238807301954
35 3 956.49568193039158
35 4 -110.58967145345378
35 5 934.54652502487079
35 6 -97.997159957685653
35 7 912.87937385686746
35 8 -80.015475185746254
35 9 884.93864899987784
35 10 -57.93498688717591
35 11 850.22808384564996
35 12 -32.311218910763273
35 13 809.2227383201589
35 14 -3.549721890294677
35 15 762.46355780540398
35 16 27.922262444235457
35 17 710.5695453901717
35 18 61.645457367376366
35 19 654.2101693753466
35 20 97.136366230188287
35 21 594.0904736576158
35 22 133.89478056069493
35 23 530.93558973387189
35 24 171.41206209316806
35 25 465.47617027954402
35 26 209.17947323368935
35 27 398.43489905706519
35 28 246.69628237461438
35 29 330.51437237645587
35 30 283.47733663167674
35 31 262.38657100066121
35 32 319.05983961451057
35 33 194.68408540888049
35 34 353.00912023785713
35 35 127.99319461009873
35 36 384.92323437822051
35 37 62.84883585294665
35 38 414.43630210551419
35 39 -0.26856057502300246
35 40 441.22054667923294
35 41 -60.934457121675223
35 42 464.9870638104403
35 43 -118.77995683562403
35 44 485.48540701176535
35 45 -173.49010256566544
35 46 502.50212897253732
35 47 -224.80095821038049
35 48 515.85846088073595
35 49 -272.49573180370135
35 50 525.40736111268416
35 51 -316.40020790746348
35 52 531.02992841331798
35 53 -356.37851008232246
35 54 532.63498247133612
35 55 -392.30851548381906
35 56 530.1304351746694
35 57 -424.49966999811295
35 58 523.139081235513
35 59 -446.25697679521181
35 60 529.65506941973217
35 61 -545.69783131910299
35 62 63.581281540336931
35 63 0
36 0 0
36 1 1076.3606925138447
36 2 -78.357274793461329
36 3 960.25771684367101
36 4 -109.63837459030401
36 5 937.63479646895576
36 6 -97.333325123827308
36 7 915.86362493671913
36 8 -79.382760651469653
36 9 887.7747020278548
36 10 -57.328811499246513
36 11 852.91584433662138
36 12 -31.711840756543097
36 13 811.75703267604149
36 14 -2.9395482840754994
36 15 764.84098693185842
36 16 28.559242332448775
36 17 712.78710425417557
36 18 62.323077531800664
36 19 656.26523058881503
36 20 97.866048349715129
36 21 595.98070398578784
36 22 134.68538780898598
36 23 532.65894406422376
36 24 172.26986916512033
36 25 467.03093306632582
36 26 210.10822773632754
36 27 399.81975584169049
36 28 247.6973375109992
36 29 331.72849663287707
36 30 284.54983636265752
36 31 263.42971329995635
36 32 320.20093972278119
36 33 195.55665505777142
36 34 354.21422982153672
36 35 128.69632678302878
36 36 386.18626509787646
36 37 63.38443994309273
36 38 415.74991489596869
36 39 0.10222674973192625
36 40 442.57638735416549
36 41 -60.724966965608473
36 42 466.3759814320656
36 43 -118.72744839820371
36 44 486.89765085327963
36 45 -173.589494238513
36 46 503.92752185643985
36 47 -225.04644441596611
36 48 517.28654752878356
36 49 -272.88083515486505
36 50 526.82753193948884
36 51 -316.91783517544536
36 52 532.43152999584709
36 53 -357.02100333310227
36 54 534.00729967734151
36 55 -393.06807765342455
36 56 531.46350815040933
36 57 -425.36004464182042
36 58 524.42864757722418
36 59 -447.33840030630745
36 60 530.5269355631026
36 61 -545.30623733626271
36 62 73.757380573624687
36 63 0
37 0 0
37 1 1076.8079610045334
37 2 -78.627569041600509
37 3 964.77665026100112
37 4 -108.52240356484799
37 5 941.4382911870689
37 6 -96.516202108887228
37 7 919.53921935896688
37 8 -78.593192148446178
37 9 891.27144127019164
37 10 -56.561009159850073
37 11 856.23147508613329
37 12 -30.943474513378533
37 13 814.88451876339241
37 14 -2.1502457741462422
37 15 767.77563726864173
37 16 29.388112358219587
37 17 715.52489526993668
37 18 63.207623577454797
37 19 658.80268859928037
37 20 98.819504898983723
37 21 598.31476102090164
37 22 135.7179081992399
37 23 534.78690638257831
37 24 173.38847328574047
37 25 468.95051807496202
37 26 211.31686851276754
37 27 401.52917297291424
37 28 248.99705954339879
37 29 333.22655083338759
37 30 285.93900181022036
37 31 264.71591382914994
37 32 321.6754990944537
37 33 196.63131672587042
37 34 355.76801876686659
37 35 129.56065470461908
37 36 387.81131117957557
37 37 64.040591450975626
37 38 417.43674079270932
37 39 0.55334799071715679
37 40 444.31430067106703
37 41 -60.474729752968415
37 42 468.15334279699528
37 43 -118.67296200307464
37 44 488.70211589928658
37 45 -173.72467176528517
37 46 505.74625280432883
37 47 -225.36429594310903
37 48 519.10639448351503
37 49 -273.37353001257725
37 50 528.63518293406742
37 51 -317.5767714083122
37 52 534.21364227688173
37 53 -357.83687055754854
37 54 535.75048029870231
37 55 -394.0314070405293
37 56 533.1552373490922
37 57 -426.450628594921
37 58 526.0641814857081
37 59 -448.71092909488652
37 60 531.62416254508571
37 61 -544.78506554005435
37 62 86.800535154907266
37 63 0
38 0 0
38 1 1078.5330237013113
38 2 -78.776526305546213
38 3 970.25303699638243
38 4 -107.29263493658436
38 5 946.1358995736191
38 6 -95.624845289421501
38 7 924.07221213193225
38 8 -77.743588053635904
38 9 895.5869942553818
38 10 -55.73906248628191
38 11 860.32683934718079
38 12 -30.119406153517048
38 13 818.75117444951684
38 14 -1.2972175511549722
38 15 771.40732552720692
38 16 30.29428160630232
38 17 718.91598266233814
38 18 64.187698967543838
38 19 661.94813136917219
38 20 99.890483420495002
38 21 601.21001112065642
38 22 136.89281923916496
38 23 537.42792335924605
38 24 174.67634800141241
38 25 471.33384575772652
38 26 212.72284382121143
38 27 403.6520565250612
38 28 250.5225880213402
38 29 335.0870720396415
38 30 287.58213940136557
38 31 266.31312665585938
38 32 323.431246272321
38 33 197.9653692615102
38 34 357.62869251811935
38 35 130.63288705552623
38 36 389.76692845835714
38 37 64.853604669679044
38 38 419.47539860984762
38 39 1.1110405580438965
38 40 446.4225393576271
38 41 -60.167157016621786
38 42 470.31648383608626
38 43 -118.60903011893242
38 44 490.90456733438259
38 45 -173.89667259521957
38 46 507.97177838148855
38 47 -225.76336051542967
38 48 521.33834559526804
38 49 -273.98971075172085
38 50 530.8566926032654
38 51 -318.39913049225288
38 52 536.40779635770741
38 53 -358.85355584923673
38 54 537.90031877269939
38 55 -395.23031915678075
38 56 535.24482452758093
38 57 -427.80651922385005
38 58 528.08753242743478
38 59 -450.4119864122913
38 60 532.99023177260096
38 61 -544.16818826439339
38 62 102.77958305096035
38 63 0
39 0 0
39 1 1081.1276916513179
39 2 -78.83183179160369
39 3 976.42277528393606
39 4 -105.90880751237819
39 5 951.49730053094572
39 6 -94.579747155876248
39 7 929.25038189264342
39 8 -76.73029877537374
39 9 900.52176162771502
39 10 -54.743645097232729
39 11 865.01272532473195
39 12 -29.110602957871379
39 13 823.17755004055471
39 14 -0.2463067914959538
39 15 775.56649263783584
39 16 31.413339695518516
39 17 722.80119833862955
39 18 65.397281207424385
39 19 665.55343725553939
39 20 101.20881688635563
39 21 604.53006061607084
39 22 138.33370971951808
39 23 540.45795587853718
39 24 176.24911931761744
39 25 474.069751044226
39 26 214.43244114607296
39 27 406.0904951984412
39 28 252.36980853833302
39 29 337.22562396860667
39 30 289.56395651675848
39 31 268.15044432169088
39 32 325.54119629821798
39 33 199.50131832047191
39 34 359.85729817866741
39 35 131.86866278829257
39 36 392.10213702745023
39 37 65.79181584811522
39 38 421.903015501357
39 39 1.7557579894855735
39 40 448.926643696268
39 41 -59.810387756442651
39 42 472.8798141286461
39 43 -118.53320901309417
39 44 493.50886989714127
39 45 -174.09339417326919
39 46 510.59811466984684
39 47 -226.22288569209559
39 48 523.96735542288297
39 49 -274.70105536622214
39 50 533.46881375091471
39 51 -319.35016329498467
39 52 538.98345541938397
39 53 -360.03108347131274
39 54 540.41992750626378
39 55 -396.6208805536553
39 56 537.68995919654117
39 57 -429.38117612720816
39 58 530.4517857666724
39 59 -452.39431423169663
39 60 534.57355401178575
39 61 -543.40786155080423
39 62 121.64682224238277
39 63 0
40 0 0
40 1 1085.0345586220556
40 2 -78.770219312218615
40 3 983.5691473085717
40 4 -104.4366201711
40 5 957.77450528657937
40 6 -93.48632958676717
40 7 935.30743280894058
40 8 -75.683749383870236
40 9 906.29802408557225
40 10 -53.720313314897794
40 11 870.50238242341038
40 12 -28.070986519423968
40 13 828.36845285783056
40 14 0.84532914570445428
40 15 780.44917414672454
40 16 32.588972061375898
40 17 727.36702842917111
40 18 66.684218063528533
40 19 669.79457343450122
40 20 102.62923635195875
40 21 608.43935041248187
40 22 139.904412208125
40 23 544.02897008003492
40 24 177.9814980750416
40 25 477.29689704283373
40 26 216.33262928162367
40 27 408.96917948884948
40 28 254.43896518027032
40 29 339.75243552504253
40 30 291.79865621244971
40 31 270.32333603074221
40 32 327.93388929803768
40 33 201.31976883703828
40 34 362.39681242022925
40 35 133.33380636595393
40 36 394.77419677496073
40 37 66.906532993016299
40 38 424.69075623330355
40 39 2.5247237545045209
40 40 451.81110576777428
40 41 -59.380696984590031
40 42 475.84040337369515
40 43 -118.43454688005295
40 44 496.52377576876461
40 45 -174.31580818083603
40 46 513.64468038173072
40 47 -226.75480620364397
40 48 527.02239812560947
40 49 -275.52940243822377
40 50 536.50889417440339
40 51 -320.46046247842241
40 52 541.98511478489309
40 53 -361.40756114946271
40 54 543.35971083219192
40 55 -398.24737535809618
40 56 540.54576079352046
40 57 -431.22353481521714
40 58 533.21571442666027
40 59 -454.71017233467137
40 60 536.43511432710511
40 61 -542.55127278111104
40 62 143.49949183269928
40 63 0
41 0 0
41 1 1089.7120807214833
41 2 -78.632429864455844
41 3 991.34387119192979
41 4 -102.82618954420286
41 5 964.66328907922616
41 6 -92.243159804183961
41 7 941.96300674980193
41 8 -74.470574418228352
41 9 912.65203870989353
41 10 -52.51487040709435
41 11 876.54572703854683
41 12 -26.83334710127383
41 13 834.0866168566663
41 14 2.1519104052458715
41 15 785.83107637655303
41 16 33.997569340726841
41 17 732.40280084974074
41 18 68.223072327100454
41 19 674.47534841562629
41 20 104.32114445961815
41 21 612.75706845549394
41 22 141.76639856486872
41 23 547.97636516923376
41 24 180.02474901095411
41 25 480.86759011312097
41 26 218.56263474546722
41 27 412.1578389572278
41 28 256.85582163532672
41 29 342.55496979085365
41 30 294.39748817594591
41 31 272.73709006294666
41 32 330.70535220076636
41 33 203.34370401542401
41 34 365.32764349885838
41 35 134.96864875151005
41 36 397.84778585953973
41 37 68.154880898418924
41 38 427.88771268078563
41 39 3.3911108516804234
41 40 455.10980356766595
41 41 -58.889783531412832
41 42 479.21748891894822
41 43 -118.31068934498035
41 44 499.95462935612522
41 45 -174.5487170069282
41 46 517.10382441569891
41 47 -227.332407268932
41 48 530.48384938847448
41 49 -276.43794516052367
41 50 539.9464594120218
41 51 -321.68464027790833
41 52 545.37264738883096
41 53 -362.93061202741228
41 54 546.67112646029636
41 55 -400.05212304095039
41 56 543.75649973508189
41 57 -433.27240674670975
41 58 536.31748888847142
41 59 -457.29739130138114
41 60 538.50685692395928
41 61 -541.53540336301376
41 62 168.27570188979735
41 63 0
42 0 0
42 1 1095.7148290628993
42 2 -78.38723382178614
42 3 1000.104702598037
42 4 -101.15725868331538
42 5 972.48189421748066
42 6 -90.980329457579501
42 7 949.51246059622463
42 8 -73.252626668818266
42 9 919.86490228350704
42 10 -51.308563882912495
42 11 883.41261905497959
42 12 -25.589833069261658
42 13 840.59141840384655
42 14 3.4768380999139481
42 15 791.96068692226618
42 16 35.443222373032768
42 17 738.14513955881011
42 18 69.822819875753339
42 19 679.81929870484237
42 20 106.10185306632047
42 21 617.69238532178861
42 22 143.74814200550645
42 23 552.49373428978288
42 24 182.22078278427034
42 25 484.95877964569445
42 26 220.97958627682601
42 27 415.81590700161541
42 28 259.49405138590009
42 29 345.77449511061786
42 30 297.25157918392142
42 31 275.51439849275994
42 32 333.76468823007599
42 33 205.67707015288761
42 34 368.5770409106226
42 35 136.85845873396829
42 36 401.26814843688408
42 37 69.603747454038967
42 38 431.45668374791057
42 39 4.4039370209247863
42 40 458.80239393909505
42 41 -58.305790582835471
42 42 483.00666568366069
42 43 -118.14605082918206
42 44 503.81185246806126
42 45 -174.79175386370116
42 46 520.99952495154866
42 47 -227.96934235884692
42 48 534.38784548234253
42 49 -277.45302719495157
42 50 543.82830898020984
42 51 -323.06027922004432
42 52 549.20195822205642
42 53 -364.64748683329162
42 54 550.41760534777495
42 55 -402.09034028748647
42 56 547.39160436838574
42 57 -435.58902917766318
42 58 539.83116877134307
42 59 -460.22155745504278
42 60 540.86556215224846
42 61 -540.41924078092052
42 62 196.09960731941101
42 63 0
43 0 0
43 1 1102.3844449880471
43 2 -78.086231542329188
43 3 1009.4291258496924
43 4 -99.370665896003629
43 5 980.86032355126918
43 6 -89.576090800846941
43 7 957.61431373944106
43 8 -71.869097934040838
43 9 927.6148834317155
43 10 -49.914939836526173
43 11 890.79752952443414
43 12 -24.13779434391472
43 13 847.59254106643311
43 14 5.0316900626512506
43 15 798.56312326000989
43 16 37.140562238846542
43 17 744.33542098404359
43 18 71.696276967259109
43 19 685.58514448682217
43 20 108.17829135589818
43 21 623.02250349262067
43 22 146.04728386871102
43 23 557.3778242080607
43 24 184.75514312399355
43 25 489.38765685306862
43 26 223.75465385948701
43 27 419.78170366974155
43 28 262.50866346799739
43 29 349.27089515122134
43 30 300.49843993538161
43 31 278.53687622609868
43 32 337.2309874180246
43 33 208.22310879111683
43 34 372.24513279170424
43 35 138.92773123416191
43 36 405.11625763883785
43 37 71.198250202542113
43 38 435.45960944584294
43 39 5.5280711649174918
43 40 462.93218966866334
43 41 -57.645189872346236
43 42 487.23327623747537
43 43 -117.93973335443297
43 44 508.10369591545168
43 45 -175.02811487020153
43 46 525.32401076632596
43 47 -228.63451674766111
43 48 538.71182490183855
43 49 -278.53100816628285
43 50 548.11845544691096
43 51 -324.53305246917807
43 52 553.42509908768989
43 53 -366.49513775728337
43 54 554.54076164096477
43 55 -404.29234513794654
43 56 551.38377177854636
43 57 -438.09931064515695
43 58 543.68189202023132
43 59 -463.4073233773961
43 60 543.42861450322744
43 61 -539.12600218382067
43 62 226.8980128064868
43 63 0
44 0 0
44 1 1110.3712416797862
44 2 -77.692434967957524
44 3 1019.7390005089346
44 4 -97.559287490867064
44 5 990.1743954117137
44 6 -88.183129003027716
44 7 966.6180366309618
44 8 -70.51057802982541
44 9 936.23517773835374
44 10 -48.547978468604924
44 11 899.02090959981251
44 12 -22.704601474288211
44 13 855.39855083425209
44 14 6.5833223288791487
44 15 805.93455789426116
44 16 38.856762864725169
44 17 751.25623745861958
44 18 73.615927891523825
44 19 692.04040996169169
44 20 110.33238112077015
44 21 628.99831848994836
44 22 148.45858273702106
44 23 562.86141279997537
44 24 187.43818441748772
44 25 494.36755836040902
44 26 226.71596693157881
44 27 424.24802466598521
44 28 265.74720796475049
44 29 353.21558551686394
44 30 304.00619313581956
44 31 281.95399948458544
44 32 340.99363879249722
44 33 211.10908370474135
44 34 376.24284573212208
44 35 141.28152887451506
44 36 409.32446200940831
44 37 73.021536627493333
44 38 439.84979444076089
44 39 6.8252920641498349
44 40 467.47267159616968
44 41 -56.866781744702166
44 42 491.88992204562965
44 43 -117.67010295216096
44 44 512.84058723695125
44 45 -175.25451471556153
44 46 530.10403953521745
44 47 -229.34159184160308
44 48 543.49721508515358
44 49 -279.70092635314359
44 50 552.87120942466572
44 51 -326.14564931918721
44 52 558.10739088428818
44 53 -368.52802666089701
44 54 559.11501718810541
44 55 -406.72232648830686
44 56 555.81466746161823
44 57 -440.87482233408082
44 58 547.95689500224398
44 59 -466.9316624926978
44 60 546.28638705480626
44 61 -537.7245201657388
44 62 260.82008321282046
44 63 0
45 0 0
45 1 1118.9201567788132
45 2 -77.265522884317761
45 3 1030.5496669275271
45 4 -95.655018981233297
45 5 999.99823733583071
45 6 -86.661263350151785
45 7 976.12957461024052
45 8 -68.991515956895455
45 9 945.35358085181542
45 10 -46.992094911502136
45 11 907.72842770547868
45 12 -21.055454158158682
45 13 863.67193397904884
45 14 8.377404049042525
45 15 813.75463047379526
45 16 40.841591027174218
45 17 758.60541397219095
45 18 75.83000112845184
45 19 698.9024411666378
45 20 112.80607432695433
45 21 635.35810044186292
45 22 151.21373409670014
45 23 568.70501407502161
45 24 190.48803413852511
45 25 499.6823786314053
45 26 230.06537887226841
45 27 429.02303358687277
45 28 269.39311493947571
45 29 357.44159869182113
45 30 307.93821121051224
45 31 285.62395752942393
45 32 345.19480080916765
45 33 214.21830834356115
45 34 380.69040963932821
45 35 143.82793806362315
45 36 413.990754856286
45 37 75.005807190109408
45 38 444.70305882668981
45 39 8.2509647995721025
45 40 472.47788730828688
45 41 -55.993254534314474
45 42 497.00958102221193
45 43 -117.33936325981631
45 44 518.03540652599622
45 45 -175.45435093779815
45 46 535.33360073743097
45 47 -230.05702804539396
45 48 548.72052510290814
45 49 -280.91433974850588
45 50 558.04717811724913
45 51 -327.83690593305437
45 52 563.19524951504718
45 53 -370.67458379169693
45 54 564.07438906944662
45 55 -409.30077669827369
45 56 560.60771260035835
45 57 -443.83075048699538
45 58 552.5706320554491
45 59 -470.70821930219608
45 60 549.34408797180367
45 61 -536.12613705809053
45 62 297.78493340018031
45 63 0
46 0 0
46 1 1128.758159870813
46 2 -76.765347461105193
46 3 1042.3349142172356
46 4 -93.762791874496543
46 5 1010.7550864802306
46 6 -85.183304230440626
46 7 986.5436576205866
46 8 -67.528030041330567
46 9 955.34748987233797
46 10 -45.490459802977057
46 11 917.28404012201281
46 12 -19.449329346343802
46 13 872.76410203571686
46 14 10.147752294642487
46 15 822.36156305839359
46 16 42.828567052310973
46 17 766.70656738428988
46 18 78.077413888877345
46 19 706.47848609723951
46 20 115.34842200831008
46 21 642.39087474788903
46 22 154.07585379421107
46 23 575.17764999488463
46 24 193.68509235846432
46 25 505.57953480279139
46 26 233.60314598335208
46 27 434.33118955249483
46 28 273.26846942514749
46 29 362.14937397289759
46 30 312.13982157964892
46 31 289.72242392342196
46 32 349.70393508615416
46 33 217.70127141280682
46 34 385.48182688487032
46 35 146.69217040932381
46 36 419.0336377348558
46 37 77.251223444818606
46 38 449.96195202884337
46 39 9.8807336996742379
46 40 477.91361228632923
46 41 -54.972659813756763
46 42 502.58010351171833
46 43 -116.91817182395425
46 44 523.69663898161889
46 45 -175.61954962275195
46 46 541.04012783682265
46 47 -230.79245571580032
46 48 554.42624489501213
46 49 -282.20081026688604
46 50 563.70585533613848
46 51 -329.65234854600567
46 52 568.76100602494262
46 53 -372.99414225913097
46 54 569.50182228092672
46 55 -412.09847354366502
46 56 565.85428892503842
46 57 -447.0466000043416
46 58 557.62094258398065
46 59 -474.82298375598475
46 60 552.70299069434259
46 61 -534.40713093095837
46 62 337.96441568938462
46 63 0
47 0 0
47 1 1139.0565677004361
47 2 -76.256466223867392
47 3 1054.5617593209045
47 4 -91.805998988547799
47 5 1021.9745007645997
47 6 -83.592877655291886
47 7 997.42342114836902
47 8 -65.913027884789699
47 9 965.80282062177503
47 10 -43.802065408726776
47 11 927.29222322418536
47 12 -17.623187216031511
47 13 882.29706822744447
47 14 12.170229962293888
47 15 831.39540805063916
47 16 45.098867531123688
47 17 775.21906087554271
47 18 80.638371082386584
47 19 714.44883128037873
47 20 118.23334081100256
47 21 649.79954475461454
47 22 157.30807282920978
47 23 582.00644683665814
47 24 197.27793122683579
47 25 511.81178234287472
47 26 237.56016648235345
47 27 439.9520085542008
47 28 277.58398916262195
47 29 367.14599552851723
47 30 316.79962174848697
47 31 294.08450650407758
47 32 354.6861084714692
47 33 221.42119431123319
47 34 390.7577168320131
47 35 149.76528455576954
47 36 424.56882428041354
47 37 79.67604745999779
47 38 455.71724706974237
47 39 11.659089739168849
47 40 483.84603217641597
47 41 -53.835570838600688
47 42 508.64379356880818
47 43 -116.41375126600906
47 44 529.8437304077197
47 45 -175.73583114653957
47 46 547.2215135227998
47 47 -231.51417520352879
47 48 560.59226585603028
47 49 -283.50950593676316
47 50 569.80689224701564
47 51 -331.52648255736494
47 52 574.7480002469274
47 53 -375.40918277159108
47 54 575.32638620045873
47 55 -415.02869493683647
47 56 571.47126733525511
47 57 -450.42945635600518
47 58 563.01439755657157
47 59 -479.18120404801812
47 60 556.25897688287296
47 61 -532.46923986307593
47 62 381.27430044596622
47 63 0
48 0 0
48 1 1150.5969601444122
48 2 -75.699074625390494
48 3 1067.7416670432649
48 4 -89.900977593515563
48 5 1034.1151447391894
48 6 -82.080680869012212
48 7 1009.1983141592209
48 8 -64.385057555682579
48 9 977.13169773214759
48 10 -42.195763990093837
48 11 938.15187078121198
48 12 -15.863983895769707
48 13 892.6573502321844
48 14 14.149151417086614
48 15 841.22948688900578
48 16 47.355650275449079
48 17 784.50135561070056
48 18 83.221157228763332
48 19 723.15502830520018
48 20 121.179510898628
48 21 657.90659681397301
48 22 160.64387925212031
48 23 589.4927413919504
48 24 201.01849820548523
48 25 518.65741203300786
48 26 241.70980202029568
48 27 446.13910415591818
48 28 282.13675473125477
48 29 372.65908403014691
48 30 321.74010474363968
48 31 298.91086315956272
48 32 359.99034437281807
48 33 225.55116362354966
48 34 396.39421093511373
48 35 153.19255271037946
48 36 430.49962751524617
48 37 82.397854976079543
48 38 461.89904636548818
48 39 13.676379745675149
48 40 490.23122099924876
48 41 -52.518068287099595
48 42 515.18149541607272
48 43 -115.78749385421361
48 44 536.48075357841662
48 45 -175.78849011670172
48 46 553.90322213497711
48 47 -232.229702010045
48 48 567.263357623915
48 49 -284.86822957347613
48 50 576.41207687879614
48 51 -333.50522714954423
48 52 581.23260517390918
48 53 -377.98133831188352
48 54 581.63652331586491
48 55 -418.16614035496968
48 56 577.5566772001639
48 57 -454.06402725802764
48 58 568.8563316653017
48 59 -483.87515059857833
48 60 560.12099931308512
48 61 -530.39336935398751
48 62 427.90638413521265
48 63 0
49 0 0
49 1 1162.5033064206036
49 2 -75.158293998356385
49 3 1081.3092921353018
49 4 -87.962425197929406
49 5 1046.6751715114242
49 6 -80.475999504869833
49 7 1021.4001104031922
49 8 -62.718454472587837
49 9 988.88831024055435
49 10 -40.408700851912727
49 11 949.43533676996594
49 12 -13.884288671306422
49 13 903.43457353014855
49 14 16.386682835900501
49 15 851.47141329002807
49 16 49.907739082755143
49 17 794.1805925497647
49 18 86.134448537222852
49 19 732.24565718419399
49 20 124.48966427882624
49 21 666.38405701269221
49 22 164.3751178733055
49 23 597.33392507155258
49 24 205.18356461138865
49 25 525.84088850835542
49 26 246.31025526105077
49 27 452.6454262304469
49 28 287.16354789821708
49 29 378.4711345474534
49 30 327.17438316467451
49 31 304.01420682437674
49 32 365.80440701641237
49 33 229.93437723357601
49 34 402.55258177808173
49 35 156.84751401181529
49 36 436.96018859691321
49 37 85.319977773679057
49 38 468.61418973662694
49 39 15.864789037323135
49 40 497.14898366914895
49 41 -51.060421452575611
49 42 522.24664697746448
49 43 -115.05377430580666
49 44 543.63581360803437
49 45 -175.76796994376309
49 46 561.08939028831628
49 47 -232.90779276408102
49 48 574.42134547045498
49 49 -286.22654540981785
49 50 583.4828337469844
49 51 -335.52167108723552
49 52 588.15796382418739
49 53 -380.63014276872309
49 54 588.35936292780389
49 55 -421.41992659594507
49 56 584.02396153383052
49 57 -457.85236135884588
49 58 575.04866792896792
49 59 -488.80472222663229
49 60 564.17892749891507
49 61 -528.07428410801549
49 62 477.77817816267998
49 63 0
50 0 0
50 1 1175.5927889510076
50 2 -74.593535259737109
50 3 1095.8032187772915
50 4 -86.112462537357715
50 5 1060.1405172565137
50 6 -78.980084560953401
50 7 1034.4863296836593
50 8 -61.165938546992038
50 9 1001.5139606252887
50 10 -38.726711096614963
50 11 961.57182120464313
50 12 -11.990229876346348
50 13 915.0465434004218
50 14 18.566298479072429
50 15 862.52654033955878
50 16 52.436259102250915
50 17 804.64772673849438
50 18 89.063755683582713
50 19 742.09492068462168
50 20 127.8593979748166
50 21 675.58690261648735
50 22 168.21229451693398
50 23 605.86334311665269
50 24 209.50258155494339
50 25 533.67170929163876
50 26 251.1132329289012
50 27 459.75468442520651
50 28 292.44095786680191
50 29 384.83846094550245
50 30 332.90590635601802
50 31 309.62221680397306
50 32 371.95996605987602
50 33 234.76903136270266
50 34 409.09349347657553
50 35 160.8984326026075
50 36 443.84038737348419
50 37 88.580698218265752
50 38 475.7814774848157
50 39 18.332960496536543
50 40 504.54626749001363
50 41 -49.382905984884928
50 42 529.81313282316478
50 43 -114.16070428822422
50 44 551.30813041728288
50 45 -175.64879468068284
50 46 568.80262554273031
50 47 -233.54763996508154
50 48 582.10998016647864
50 49 -287.60627104134073
50 50 591.0815683932924
50 51 -337.61793042685895
50 52 595.60246426713093
50 53 -383.41540699775578
50 54 595.58649263067309
50 55 -424.86466613809171
50 56 590.97513944266211
50 57 -461.88051292688215
50 58 581.70128137930988
50 59 -494.06483891516473
50 60 568.54605624039323
50 61 -525.59402815859357
50 62 531.09837940041871
50 63 0
51 0 0
51 1 1188.9667661193926
51 2 -74.069266736387362
51 3 1110.6393440229567
51 4 -84.260368095101512
51 5 1073.9885955047157
51 6 -77.413308724771923
51 7 1047.9663508476733
51 8 -59.489765084208557
51 9 1014.5389268473082
51 10 -36.872031790835536
51 11 974.10849366497132
51 12 -9.8769875023663189
51 13 927.05667890982113
51 14 21.009666613736044
51 15 873.9755336023336
51 16 55.271284901436957
51 17 815.50252431270565
51 18 92.340397497991944
51 19 752.32393411965859
51 20 131.61512306965051
51 21 685.1599488015836
51 22 172.47161327418326
51 23 614.75176906355955
51 24 214.27700445997289
51 25 541.84863965360819
51 26 256.40159581143962
51 27 467.19535179136074
51 28 298.23005748994547
51 29 391.5205796090504
51 30 339.17138509309552
51 31 315.52636652349975
51 32 378.66738592811089
51 33 239.87902428075358
51 34 416.19954267275716
51 35 165.20164394364656
51 36 451.29416667464284
51 37 92.068347851181898
51 38 483.52581957828988
51 39 21.000339154397807
51 40 512.51904820333039
51 41 -47.536267396708354
51 42 537.94853969861833
51 43 -113.13091909528339
51 44 559.53786073814626
51 45 -175.42755256840792
51 46 577.05699305756752
51 47 -234.12217877876174
51 48 590.3189162097533
51 49 -288.95937874153788
51 50 599.17550765362648
51 51 -339.72796906596159
51 52 603.51314504032416
51 53 -386.25627961437203
51 54 603.2471980745413
51 55 -428.40812802751316
51 56 598.32428529489334
51 57 -466.04852790324003
51 58 588.71544682119747
51 59 -499.55328716464464
51 60 573.11011680667434
51 61 -522.84340874280133
51 62 587.79189849360591
51 63 0
52 0 0
52 1 1203.4051034731874
52 2 -73.595785369207078
52 3 1126.319411980603
52 4 -82.580834327927732
52 5 1088.6713600655185
52 6 -76.032131727288288
52 7 1062.2664789082137
52 8 -57.999936944952424
52 9 1028.3761621337817
52 10 -35.189385624789793
52 11 987.44902466023632
52 12 -7.9108150885076611
52 13 939.85991255181034
52 14 23.339256091503557
52 15 886.20334578308757
52 16 58.032453205214551
52 17 827.11782665114697
52 18 95.588341798702459
52 19 763.29087825115494
52 20 135.39128232196163
52 21 695.44403340842109
52 22 176.80325953506326
52 23 624.32006919266314
52 24 219.17723618116725
52 25 550.67012810354754
52 26 261.86969866444088
52 27 475.24128547138389
52 28 304.25218255913933
52 29 398.76491852055551
52 30 345.72148767324506
52 31 321.94619583947315
52 32 385.7083661159777
52 33 245.45495522261263
52 34 423.68453123344807
52 35 169.91817591360814
52 36 459.16790254523221
52 37 95.914179883038742
52 38 491.72607029390747
52 39 23.968625151837841
52 40 520.97803009019117
52 41 -45.44772081658266
52 42 546.5943009539842
52 43 -111.91950898705727
52 44 568.29559696325305
52 45 -175.08578437741562
52 46 585.85027202866513
52 47 -234.63761111770509
52 48 599.07079580057143
52 49 -290.31459870907383
52 50 607.80953692187722
52 51 -341.90058716490057
52 52 611.95428336873192
52 53 -389.21885322338312
52 54 611.4221494613048
52 55 -432.13058364699464
52 56 606.16546078904321
52 57 -470.44721246720655
52 58 596.19578918841398
52 59 -505.36877719764561
52 60 577.98102903916515
52 61 -519.90431605304366
52 62 648.07961014139437
52 63 0
53 0 0
53 1 1218.0209958785326
53 2 -73.227255643359968
53 3 1142.262672800598
53 4 -80.973677290785417
53 5 1103.6635912716974
53 6 -74.647301795494059
53 7 1076.8889694475092
53 8 -56.448222966309913
53 9 1042.5448674652671
53 10 -33.389642561587607
53 11 1001.1257308065069
53 12 -5.7749420250274852
53 13 953.001102215012
53 14 25.888922698413808
53 15 898.76851262147284
53 16 61.06194610424609
53 17 839.06792249308637
53 18 99.150639607614721
53 19 774.58832730030736
53 20 139.52536396573123
53 21 706.05270361170369
53 22 181.53359953316794
53 23 634.20540673178039
53 24 224.51374608749575
53 25 559.79941417376722
53 26 267.80806900319476
53 27 483.58397976357992
53 28 310.77456712864659
53 29 406.29305175343688
53 30 352.79746794003586
53 31 328.63477904925276
53 32 393.29613379663897
53 33 251.28238036700168
53 34 431.73222904897557
53 35 174.86658836673996
53 36 467.61506709458445
53 37 99.96981100357516
53 38 500.50512583652562
53 39 27.122077557351076
53 40 530.01578718294695
53 41 -43.2012371163637
53 42 555.81342056711946
53 43 -110.57998798946755
53 44 577.61598714023421
53 45 -174.64827855633303
53 46 595.19039097608584
53 47 -235.09212268777446
53 48 608.34884331484318
53 49 -291.64599991418072
53 50 616.94452159031243
53 51 -344.08855914875858
53 52 620.8670048181375
53 53 -392.23774297738601
53 54 620.03556001286597
53 55 -435.9519284378166
53 56 614.40892845325834
53 57 -474.98542075459227
53 58 604.04147928920793
53 59 -511.41492572810421
53 60 583.04598219933723
53 61 -516.66780709069826
53 62 711.90102916602882
53 63 0
54 0 0
54 1 1234.1147683571307
54 2 -72.446053809471778
54 3 1159.4988997956079
54 4 -79.085326757422081
54 5 1119.9471111467574
54 6 -72.991750027995295
54 7 1092.7898819943493
54 8 -54.627067862611511
54 9 1057.9860305426791
54 10 -31.30754594735663
54 11 1016.0666744809532
54 12 -3.3348708541325323
54 13 967.39409107158281
54 14 28.771262066129566
54 15 912.56775727970307
54 16 64.457711812337948
54 17 852.22871663290789
54 18 103.11668821714193
54 19 787.06729499913308
54 20 144.10338056336514
54 21 717.80790759135016
54 22 186.74962663567385
54 23 645.19657646542328
54 24 230.37814915483068
54 25 569.98827275833719
54 26 274.3159047440713
54 27 492.93464212496474
54 28 317.90630225714267
54 29 414.77246213048602
54 30 360.51998994253154
54 31 336.21315905634219
54 32 401.56399300599332
54 33 257.93366489779146
54 34 440.48905294289398
54 35 180.56883227473008
54 36 476.79508999749487
54 37 104.70555511687962
54 38 510.03478126858681
54 39 30.878668076184113
54 40 539.81531523277226
54 41 -40.431377908589639
54 42 565.79844824113934
54 43 -108.79913805865726
54 44 587.69904618429791
54 45 -173.85323565122235
54 46 605.28234446337592
54 47 -235.27406144694396
54 48 618.36020010446191
54 49 -292.79035924787422
54 50 626.78662440589505
54 51 -346.17494857229758
54 52 630.45313753491428
54 53 -395.23974901953807
54 54 629.28142076543736
54 55 -439.83972120713588
54 56 623.23737654423894
54 57 -479.66779989678798
54 58 612.42073519451878
54 59 -517.73092707207979
54 60 588.45235370768023
54 61 -513.18032158178539
54 62 779.50206978130154
54 63 0
55 0 0
55 1 1251.4235603873658
55 2 -70.709112787881168
55 3 1178.0506804655033
55 4 -76.223826840760012
55 5 1137.5922251431803
55 6 -70.284044636537146
55 7 1110.0645894941863
55 8 -51.691940899445399
55 9 1074.8115656838308
55 10 -28.052604216100008
55 11 1032.3970579236175
55 12 0.33285560334661568
55 13 983.17718137082011
55 14 32.932226497450756
55 15 927.7538475998881
55 16 69.179201449287575
55 17 866.76944349619589
55 18 108.45133015209285
55 19 800.91558625099424
55 20 150.08805440288597
55 21 730.91791305159859
55 22 193.40487714885057
55 23 657.52378688443969
55 24 237.70809913230551
55 25 581.48978051235645
55 26 282.30861412339436
55 27 503.56950335412876
55 28 326.53451170290282
55 29 424.50212251310404
55 30 369.74218448335705
55 31 345.00191254664969
55 32 411.32572219453323
55 33 265.74912093337844
55 34 450.72444473817086
55 35 187.38237362754262
55 36 487.42849876362015
55 37 110.49277366623755
55 38 520.98251364327552
55 39 35.619770642369986
55 40 550.98738236551981
55 41 -36.751197535522806
55 42 577.10029861368639
55 43 -106.18936236710397
55 44 599.03323877392722
55 45 -172.31772088166508
55 46 616.55012954133781
55 47 -234.81076761981967
55 48 629.46298146471236
55 49 -293.39111019339725
55 50 637.62728317442452
55 51 -347.82521611873563
55 52 640.93726202258949
55 53 -397.91833459048576
55 54 639.31786195325913
55 55 -443.52138681347242
55 56 632.74348437403205
55 57 -484.26143243887054
55 58 621.36237403365158
55 59 -524.13085010698524
55 60 594.16282443862656
55 61 -509.29577017200245
55 62 850.85473334061135
55 63 0
56 0 0
56 1 1265.259038672184
56 2 -73.45437832668722
56 3 1192.986893380521
56 4 -77.966861317690928
56 5 1151.652195051156
56 6 -72.15360303689522
56 7 1123.7879501152293
56 8 -53.283473187093477
56 9 1088.1404102917713
56 10 -29.24814159541711
56 11 1045.2937366892456
56 12 -0.35397857800489874
56 13 995.5964550954377
56 14 32.852524503823588
56 15 939.65209296698049
56 16 69.79045177217813
56 17 878.10384159752175
56 18 109.82121127653954
56 19 811.64411873260178
56 20 152.26697547632284
56 21 740.99935515050674
56 22 196.42536558990287
56 23 666.91787690729143
56 24 241.58469539088401
56 25 590.15751854190057
56 26 287.03822196121109
56 27 511.47354260479005
56 28 332.0971460027522
56 29 431.60722053698919
56 30 376.10205638998195
56 31 351.2754151529407
56 32 418.43259962206503
56 33 271.16145760146537
56 34 458.51522701809699
56 35 191.90754823057432
56 36 495.82894495756591
56 37 114.10883913072212
56 38 529.9090671542217
56 39 38.30927961416819
56 40 560.34903818726889
56 41 -35.000770253645896
56 42 586.80046412291631
56 43 -105.38522787442162
56 44 608.97154530152875
56 45 -172.46141567852646
56 46 626.62415738259369
56 47 -235.89782446720164
56 48 639.56986836615215
56 49 -295.41076108898778
56 50 647.66519143972801
56 51 -350.7601260366755
56 52 650.80674488626755
56 53 -401.74423527901126
56 54 648.92251256196687
56 55 -448.20980795634568
56 56 641.99580269246326
56 57 -489.71364421959152
56 58 630.22591030517106
56 59 -531.29106271398996
56 60 599.82457896126107
56 61 -505.38348559143742
56 62 926.02925342362141
56 63 0
57 0 0
57 1 1259.2644596452374
57 2 -96.284108730060325
57 3 1188.2049006430861
57 4 -99.766395993583501
57 5 1146.0875653938274
57 6 -93.926827116774803
57 7 1117.9874744868812
57 8 -74.609787935742133
57 9 1082.0745277555943
57 10 -49.984069374886531
57 11 1038.9488243845335
57 12 -20.35918661249525
57 13 988.95640803107199
57 14 13.707750406410923
57 15 932.70596570391717
57 16 51.623987531002058
57 17 870.84454948467283
57 18 92.737195456038535
57 19 804.06819777181227
57 20 136.35455424036991
57 21 733.10684651346492
57 22 181.75800130393327
57 23 658.71237623582601
57 24 228.21995718800281
57 25 581.64630357282476
57 26 275.01798127786969
57 27 502.66772826148554
57 28 321.44811074203972
57 29 422.52190601175244
57 30 366.83658089486926
57 31 341.92979805425239
57 32 410.54971093785753
57 33 261.57889929550038
57 34 452.00180947517765
57 35 182.11558110579062
57 36 490.66102874917306
57 37 104.13911286946131
57 38 526.05316995482099
57 39 28.1974488814285
57 40 557.76351449594586
57 41 -45.215211008553524
57 42 585.43682238791916
57 43 -115.6591530843798
57 44 608.77569939634668
57 45 -182.74831036251271
57 46 627.53758591043152
57 47 -246.14804758016362
57 48 641.5306615906502
57 49 -305.57182125221516
57 50 650.60896856721229
57 51 -360.77696270808701
57 52 654.66748660583107
57 53 -411.55937518624341
57 54 653.63263194626597
57 55 -457.76679574487389
57 56 647.49193254556303
57 57 -498.88716060877414
57 58 636.49280875210934
57 59 -541.06406198002333
57 60 603.91977049221168
57 61 -502.24186965124318
57 62 1004.6291450009903
57 63 0
58 0 0
58 1 1276.8051882346754
58 2 -96.575156351264013
58 3 1206.7363745927651
58 4 -99.27450153099926
58 5 1163.7558223810629
58 6 -93.509607575015252
58 7 1135.2965871594733
58 8 -73.88909600081206
58 9 1098.9474373445773
58 10 -48.857532812007776
58 11 1055.3169334116319
58 12 -18.727839358234633
58 13 1004.750721409664
58 14 15.932183282529877
58 15 947.86250716651921
58 16 54.51685430557518
58 17 885.3028364740112
58 18 96.358827801168445
58 19 817.77103993658784
58 20 140.74901612275426
58 21 746.00035965772804
58 22 186.95244796163024
58 23 670.74616978288759
58 24 234.22449998520278
58 25 592.77375281112654
58 26 281.82598585999585
58 27 512.84628740404514
58 28 329.03686864642623
58 29 431.71343277208507
58 30 375.16829788728501
58 31 350.10087055411532
58 32 419.5727552257722
58 33 268.70111199741586
58 34 461.65216318740931
58 35 188.16581230112206
58 36 500.8638867764148
58 37 109.09975996469257
58 38 536.72463255907132
58 39 32.056631357590959
58 40 568.81232311525309
58 41 -42.463478769150242
58 42 596.76609213852316
58 43 -114.01481546613468
58 44 620.2846074415902
58 45 -182.20514641598129
58 46 639.12297969750398
58 47 -246.69356602089465
58 48 653.08855733405835
58 49 -307.1871739564358
58 50 662.03591046019028
58 51 -363.43688341844427
58 52 665.86179406726842
58 53 -415.23203407223264
58 54 664.49477576497884
58 55 -462.41727436608926
58 56 657.93059890779659
58 57 -504.40372374964682
58 58 646.47334198753015
58 59 -548.49264062113434
58 60 610.3312260961502
58 61 -497.36429796212178
58 62 1088.2409003670546
58 63 0
59 0 0
59 1 1585.7886232538476
59 2 194.05122664579721
59 3 1516.227946598292
59 4 191.39508023613416
59 5 1471.5489729326237
59 6 196.08008435056945
59 7 1441.4084179009024
59 8 214.48913518611334
59 9 1402.8031430825649
59 10 237.91135335500257
59 11 1356.3408040624836
59 12 266.01783252999667
59 13 1302.3500831820911
59 14 298.20794549095808
59 15 1241.4252500889233
59 16 333.83638449322461
59 17 1174.1929146410257
59 18 372.19185684875811
59 19 1101.3266605800709
59 20 412.51905513490783
59 21 1023.5334857952694
59 22 454.03617877468605
59 23 941.54322330837203
59 24 495.95271117937045
59 25 856.09743160262042
59 26 537.48598130027858
59 27 767.93844805820299
59 28 577.87627458196766
59 29 677.79898745357059
59 30 616.40017614763565
59 31 586.39263390887209
59 32 652.38190790637418
59 33 494.40551836141822
59 34 685.20249150765267
59 35 402.48940620699614
59 36 714.30664640388386
59 37 311.25634733939478
59 38 739.20741041888505
59 39 221.2749630473354
59 40 759.48854656076037
59 41 133.06836798392396
59 42 774.80487236698536
59 43 47.113650884966773
59 44 784.88071316655805
59 45 -36.157230027811238
59 46 789.50673595841181
59 47 -116.35534002607528
59 48 788.535466739404
59 49 -193.1317073115224
59 50 781.87579443351751
59 51 -266.17357170266587
59 52 769.48731029915507
59 53 -335.19949945457483
59 54 751.36830640190055
59 55 -399.98103462721701
59 56 727.59562609689965
59 57 -459.77410973705446
59 58 698.61402446917964
59 59 -523.00618374374608
59 60 641.4443405901693
59 61 -476.44317463095831
59 62 1183.1920623649239
59 63 0
60 0 0
60 1 2133.1789538010071
60 2 721.53901205638249
60 3 2063.1343062575525
60 4 717.82067035428554
60 5 2015.5134893172999
60 6 719.78542024453418
60 7 1981.6618416655274
60 8 734.59821473420561
60 9 1938.062151629083
60 10 753.34934637112383
60 11 1885.3514311160779
60 12 775.71710058350618
60 13 1823.862482228833
60 14 801.08711304092139
60 15 1754.1906710846433
60 16 828.79578856136504
60 17 1676.96230263914
60 18 858.11212459248054
60 19 1592.8517756435667
60 20 888.2615388472459
60 21 1502.5690879895137
60 22 918.44476611413484
60 23 1406.8501285521506
60 24 947.85684621001565
60 25 1306.4463129353499
60 26 975.70478566240126
60 27 1202.1142963874354
60 28 1001.2236599436619
60 29 1094.6061481263314
60 30 1023.6908275714995
60 31 984.66033002750919
60 32 1042.4380022698188
60 33 872.99376494343051
60 34 1056.8610037637427
60 35 760.29521450209359
60 36 1066.4270874087833
60 37 647.22011486537667
60 38 1070.6798366186376
60 39 534.38694453689095
60 40 1069.2416823360418
60 41 422.37512369069918
60 42 1061.8141907059453
60 43 311.72437190889468
60 44 1048.1763284701628
60 45 202.93538534588151
60 46 1028.1809745094961
60 47 96.471635214356866
60 48 1001.7499927641893
60 49 -7.237965911599531
60 50 968.86817679546766
60 51 -107.7957939173757
60 52 929.57699161502205
60 53 -204.8310747738924
60 54 883.96083589827867
60 55 -298.02671712673146
60 56 832.19306537216653
60 57 -386.46204530436989
60 58 774.8644843729835
60 59 -479.81133707821755
60 60 685.60304966922558
60 61 -447.68579280685117
60 62 1285.4768728914223
60 63 0
61 0 0
61 1 -573.40656699693682
61 2 -2003.9145168539108
61 3 -637.33858149817024
61 4 -1998.3212544502749
61 5 -674.47250896179867
61 6 -1982.463388276301
61 7 -692.27915151373054
61 8 -1948.099781293422
61 9 -714.48582812649875
61 10 -1904.179629968894
61 11 -740.32701026567338
61 12 -1850.924859877523
61 13 -769.37109091090861
61 14 -1788.8691610039587
61 15 -800.92410984775597
61 16 -1718.5971106187026
61 17 -834.2614294804207
61 18 -1640.763528791922
61 19 -868.61309096661898
61 20 -1556.0729115577487
61 21 -903.18057700642385
61 22 -1465.2646257275137
61 23 -937.15125148605694
61 24 -1369.0983314234018
61 25 -969.71363961984025
61 26 -1268.3408164207322
61 27 -1000.0726045916508
61 28 -1163.7543087829272
61 29 -1027.4638767441502
61 30 -1056.0864585272611
61 31 -1051.1674526867409
61 32 -946.06212022085856
61 33 -1070.519457454111
61 34 -834.37700930630854
61 35 -1084.9221440139445
61 36 -721.6932382050345
61 37 -1093.8517931322167
61 38 -608.63667165449442
61 39 -1096.8643694070579
61 40 -495.79597540514442
61 41 -1093.5988826190624
61 42 -383.72317270614076
61 43 -1083.7784955754159
61 44 -272.93547213957936
61 45 -1067.2095050665575
61 46 -163.91808873663649
61 47 -1043.7784003045181
61 48 -57.127750523022769
61 49 -1013.4472793367877
61 50 47.003387282984477
61 51 -976.24793297086399
61 52 148.06438821892698
61 53 -932.27397953228319
61 54 245.65394969044974
61 55 -881.70884130818195
61 56 339.4416919888954
61 57 -824.05920978771974
61 58 429.49545305646097
61 59 -771.19975582036204
61 60 485.38223537661906
61 61 -571.86160436231148
61 62 1328.9945382211954
61 63 0
62 0 0
62 1 -12408.378247954488
62 2 -13845.39331927499
62 3 -12433.42867663273
62 4 -13782.297149811029
62 5 -12396.701826673961
62 6 -13673.991851095479
62 7 -12304.702506946796
62 8 -13511.23994333534
62 9 -12181.815970683374
62 10 -13303.838991993189
62 11 -12028.168279880447
62 12 -13053.059192247929
62 13 -11844.487897803901
62 14 -12760.723830774623
62 15 -11631.451866395537
62 16 -12428.904466895574
62 17 -11389.887032271417
62 18 -12059.910541313457
62 19 -11120.726287498428
62 20 -11656.239241006006
62 21 -10824.996032573608
62 22 -11220.530439470622
62 23 -10503.800579868994
62 24 -10755.521290354864
62 25 -10158.307021839619
62 26 -10264.002131918915
62 27 -9789.7301425746264
62 28 -9748.7743490546563
62 29 -9399.3174138176983
62 30 -9212.6109898742925
62 31 -8988.334183823099
62 32 -8658.2208610536782
62 33 -8558.0492185727053
62 34 -8088.2167293907514
62 35 -8109.7207926063675
62 36 -7505.0881359914001
62 37 -7644.583557379292
62 38 -6911.1791961631752
62 39 -7163.8364401053423
62 40 -6308.6716164832524
62 41 -6668.6318416145696
62 42 -5699.5730175685821
62 43 -6160.0664112290815
62 44 -5085.7105126226543
62 45 -5639.1736759735522
62 46 -4468.7293598258293
62 47 -5106.9187902044177
62 48 -3850.0963877311278
62 49 -4564.1956635392944
62 50 -3231.1078420832473
62 51 -4011.8266740194031
62 52 -2612.9004709218862
62 53 -3450.5640796282933
62 54 -1996.4754743398316
62 55 -2881.1347714338353
62 56 -1382.6431855818555
62 57 -2303.4051163620006
62 58 -771.72850611759714
62 59 -1731.0665074148801
62 60 -197.2987557792294
62 61 -991.48319793016526
62 62 1253.8011326341802
62 63 0
63 0 0
63 1 0
63 2 0
63 3 0
63 4 0
63 5 0
63 6 0
63 7 0
63 8 0
63 9 0
63 10 0
63 11 0
63 12 0
63 13 0
63 14 0
63 15 0
63 16 0
63 17 0
63 18 0
63 19 0
63 20 0
63 21 0
63 22 0
63 23 0
63 24 0
63 25 0
63 26 0
63 27 0
63 28 0
63 29 0
63 30 0
63 31 0
63 32 0
63 33 0
63 34 0
63 35 0
63 36 0
63 37 0
63 38 0
63 39 0
63 40 0
63 41 0
63 42 0
63 43 0
63 44 0
63 45 0
63 46 0
63 47 0
63 48 0
63 49 0
63 50 0
63 51 0
63 52 0
63 53 0
63 54 0
63 55 0
63 56 0
63 57 0
63 58 0
63 59 0
63 60 0
63 61 0
63 62 0
63 63 0
