0 0 0
0 1 0
0 2 0
0 3 0
0 4 0
0 5 0
0 6 0
0 7 0
0 8 0
0 9 0
0 10 0
0 11 0
0 12 0
0 13 0
0 14 0
0 15 0
0 16 0
0 17 0
0 18 0
0 19 0
0 20 0
0 21 0
0 22 0
0 23 0
0 24 0
0 25 0
0 26 0
0 27 0
0 28 0
0 29 0
0 30 0
0 31 0
0 32 0
0 33 0
0 34 0
0 35 0
0 36 0
0 37 0
0 38 0
0 39 0
0 40 0
0 41 0
0 42 0
0 43 0
0 44 0
0 45 0
0 46 0
0 47 0
0 48 0
0 49 0
0 50 0
0 51 0
0 52 0
0 53 0
0 54 0
0 55 0
0 56 0
0 57 0
0 58 0
0 59 0
0 60 0
0 61 0
0 62 0
0 63 0
1 0 0
1 1 -12674.255206917451
1 2 -11616.146021196982
1 3 -12550.709029216023
1 4 -11546.010948853791
1 5 -12463.429088376188
1 6 -11475.572167807968
1 7 -12350.09792704318
1 8 -11379.890946460591
1 9 -12199.715809248346
1 10 -11256.851474502128
1 11 -12012.992833746239
1 12 -11106.721606904557
1 13 -11790.832153997144
1 14 -10929.934956044463
1 15 -11534.406876648973
1 16 -10727.005783809318
1 17 -11245.029401339934
1 18 -10498.512124252102
1 19 -10924.150600646954
1 20 -10245.094986498771
1 21 -10573.341007250292
1 22 -9967.4525844704931
1 23 -10194.272386632974
1 24 -9666.3344953924479
1 25 -9788.6983998819233
1 26 -9342.5353330815142
1 27 -9358.4351171500657
1 28 -8996.8883023288981
1 29 -8905.3418477135438
1 30 -8630.2588079206544
1 31 -8431.3026879215158
1 32 -8243.5382713015315
1 33 -7938.2091308616509
1 34 -7837.638289510096
1 35 -7427.9440308032463
1 36 -7413.485259138497
1 37 -6902.3671628997363
1 38 -6972.0155785546467
1 39 -6363.302567132223
1 40 -6514.1715324330107
1 41 -5812.5278109343981
1 42 -6040.8979514022576
1 43 -5251.7652518645264
1 44 -5553.1397269419358
1 45 -4682.6753279844979
1 46 -5051.8402451473321
1 47 -4106.8518506392593
1 48 -4537.9407811253714
1 49 -3525.8192238359243
1 50 -4012.3808932946758
1 51 -2941.0314766721513
1 52 -3476.0992794758749
1 53 -2353.8714918288406
1 54 -2930.0423617996785
1 55 -1765.6903932106616
1 56 -2375.1100727167795
1 57 -1176.99166754619
1 58 -1811.722548796979
1 59 -601.83726208151711
1 60 -1274.3828758175368
1 61 132.15468980547485
1 62 168.95514322072813
1 63 0
2 0 0
2 1 -1759.9619720954252
2 2 -731.25859101992319
2 3 -1670.445832456835
2 4 -706.88538090735165
2 5 -1643.4080127794459
2 6 -711.61124462832959
2 7 -1620.8850016482756
2 8 -721.21599342267473
2 9 -1591.2298427224414
2 10 -732.92351171403425
2 11 -1554.521770771089
2 12 -746.34131559605521
2 13 -1510.9388705752735
2 14 -761.13198819030004
2 15 -1460.816525059272
2 16 -776.92963407116622
2 17 -1404.5223185121358
2 18 -793.33080557830726
2 19 -1342.4650421882234
2 20 -809.90460062935199
2 21 -1275.0879182988228
2 22 -826.19934800618466
2 23 -1202.8633552120027
2 24 -841.75007435192128
2 25 -1126.2874155988811
2 26 -856.08590472361357
2 27 -1045.8743624042199
2 28 -868.73740663691024
2 29 -962.15141239213153
2 30 -879.24373673331502
2 31 -875.65379238867536
2 32 -887.15945529997953
2 33 -786.92016382433394
2 34 -892.06088074433865
2 35 -696.48845515644098
2 36 -893.55187050728091
2 37 -604.89211982712732
2 38 -891.26893547017971
2 39 -512.65681624386161
2 40 -884.88561769963781
2 41 -420.29748907452813
2 42 -874.11608730576518
2 43 -328.31581428354184
2 44 -858.71793832552612
2 45 -237.19795842680469
2 46 -838.4941887925379
2 47 -147.41259144557262
2 48 -813.29451028864241
2 49 -59.409084917660948
2 50 -783.0157512387359
2 51 26.384160088355202
2 52 -747.60136045597392
2 53 109.56264426340567
2 54 -707.04617966157457
2 55 189.71355200960716
2 56 -661.34713826500047
2 57 267.15284070064627
2 58 -610.05705487104933
2 59 330.0665272547576
2 60 -584.20254457018927
2 61 530.51613294314848
2 62 260.7391119965996
2 63 0
3 0 0
3 1 659.46606126772167
3 2 1667.2425107572053
3 3 738.40142459289382
3 4 1682.7857593682438
3 5 755.21233082440631
3 6 1665.6458733336876
3 7 762.16714066958957
3 8 1638.3720539920432
3 9 770.9278117431495
3 10 1603.8263230086613
3 11 781.42931602656063
3 12 1562.3864159636014
3 13 793.48151088538543
3 14 1514.3648856906111
3 15 806.7325355682442
3 16 1460.1001054131757
3 17 820.79944597239773
3 18 1399.9699652799791
3 19 835.26294720286387
3 20 1334.3852382149635
3 21 849.67723508952986
3 22 1263.7860799145528
3 23 863.57820503621952
3 24 1188.6376979191482
3 25 876.49189899252633
3 26 1109.4260316667715
3 27 887.9428000398093
3 28 1026.6533862022698
3 29 897.46179158396444
3 30 940.83409762220072
3 31 904.59362293131562
3 32 852.49029763758699
3 33 908.90375261665213
3 34 762.14784066337415
3 35 909.9844693707837
3 36 670.3324467252969
3 37 907.46021861605186
3 38 577.56610034402911
3 39 900.99208995297886
3 40 484.3637313626914
3 41 890.28144845428869
3 42 391.23018788131958
3 43 875.07271727531588
3 44 298.6574975068379
3 45 855.1553429924752
3 46 207.12239900717577
3 47 830.3649954143566
3 48 117.08411709605571
3 49 800.5840720386459
3 50 28.982327529547547
3 51 765.7415686423974
3 52 -56.764373829309989
3 53 725.81356986916035
3 54 -139.76468421788013
3 55 680.79270078555965
3 56 -219.61981565254973
3 57 631.31993190381763
3 58 -295.48431654120577
3 59 567.5601532118435
3 60 -394.62084558294919
3 61 621.81415734130496
3 62 231.59907689773718
3 63 0
4 0 0
4 1 170.74647558956713
4 2 1161.2683847260996
4 3 245.6959478877252
4 4 1177.131207094817
4 5 264.4848453371651
4 6 1162.921665468275
4 7 274.45834735999597
4 8 1139.6522678239762
4 9 287.20968099378297
4 10 1110.2305085614717
4 11 302.69628732639831
4 12 1075.0460210317669
4 13 320.74625243581067
4 14 1034.4188284307165
4 15 341.02316748771955
4 16 988.69179863072532
4 17 363.15847518721966
4 18 938.24543857294884
4 19 386.74652445820357
4 20 883.49122726185669
4 21 411.35390365525382
4 22 824.8676577295555
4 23 436.52694529328073
4 24 762.83534271510689
4 25 461.79940104025263
4 26 697.87209930041172
4 27 486.69995739487604
4 28 630.46799635344541
4 29 510.75944219860503
4 30 561.12046704583918
4 31 533.51758864437215
4 32 490.32957261943011
4 33 554.52924719929797
4 34 418.59349585138261
4 35 573.36996198387169
4 36 346.40433002550708
4 37 589.64085200159388
4 38 274.24421461432757
4 39 602.9727645056937
4 40 202.58185130046513
4 41 613.02968970267102
4 42 131.86941704930177
4 43 619.51145040097799
4 44 62.539873772493593
4 45 622.15569899422007
4 46 -4.9953419079429295
4 47 620.7392730061656
4 48 -70.34827836491786
4 49 615.07897397063971
4 50 -133.15613326767561
4 51 605.03181956050867
4 52 -193.08239679389771
4 53 590.49584702961511
4 54 -249.82176002481538
4 55 571.38402908663011
4 56 -303.07208738236113
4 57 548.17035665450931
4 58 -352.13643180895815
4 59 512.20366447637389
4 60 -421.00222377712271
4 61 579.51256093815573
4 62 148.72076551455393
4 63 0
5 0 0
5 1 -72.408702550319504
5 2 901.88407469327103
5 3 -1.3572280806783965
5 4 917.28683388510035
5 5 18.171008321132831
5 6 904.51980510124486
5 7 29.412137826057005
5 8 883.23934353979894
5 9 43.858573388888544
5 10 856.35910210157817
5 11 61.471867445561656
5 12 824.27448779185397
5 13 82.09661930322909
5 14 787.31372906304387
5 15 105.41342455212543
5 16 745.82685833206597
5 17 131.07093916460144
5 18 700.20089971194466
5 19 158.68113927695049
5 20 650.85321302262855
5 21 187.82823992751219
5 22 598.22719138082903
5 23 218.07563030051824
5 24 542.7869365917104
5 25 248.97291872321148
5 26 485.01188187515254
5 27 280.06280739418798
5 28 425.39137803601079
5 29 310.88767390770045
5 30 364.4193643538074
5 31 340.99574530728205
5 32 302.58922387247367
5 33 369.94677006987331
5 34 240.38891333475476
5 35 397.31711769377398
5 36 178.29644354492302
5 37 422.70425751667062
5 38 116.77576970896553
5 39 445.73059192316578
5 40 56.273132702244766
5 41 466.0466415089104
5 42 -2.7861263106387923
5 43 483.33359927141828
5 44 -60.000274419280686
5 45 497.30528962754761
5 46 -114.99343268610573
5 47 507.70958291650459
5 48 -167.41738937753325
5 49 514.32932763191275
5 50 -216.95303615842931
5 51 516.98284241865622
5 52 -263.31127032221957
5 53 515.52488317270218
5 54 -306.23693289726361
5 55 509.82450513856747
5 56 -345.48570588412986
5 57 500.23517336512668
5 58 -380.47114204005084
5 59 479.22016606207762
5 60 -432.05945211752805
5 61 547.56884451876431
5 62 72.602188993187156
5 63 0
6 0 0
6 1 -64.695347032284189
6 2 894.03016418145853
6 3 2.5603285564557154
6 4 908.35821186487919
6 5 21.87142413276888
6 6 895.77683920651907
6 7 32.924504955644807
6 8 874.74635506055165
6 9 47.124606032866723
6 10 848.17325674180211
6 11 64.42157547894567
6 12 816.44546381198779
6 13 84.664876624174212
6 14 779.88927371279715
6 15 107.54213453196826
6 16 738.85227773757833
6 17 132.70924007997564
6 18 693.71835029414797
6 19 159.78588111806857
6 20 644.90130295666859
6 21 188.36443877603415
6 22 592.84067464773216
6 23 218.01682331670236
6 24 537.99645599497126
6 25 248.30137935509811
6 26 480.84373846677408
6 27 278.76961119659427
6 28 421.86732246136671
6 29 308.97261830205025
6 30 361.55641132609162
6 31 338.46713302523312
6 32 300.39949307933966
6 33 366.82107011642984
6 34 238.87950031280525
6 35 393.61851951298377
6 36 177.46932389854919
6 37 418.46413494681656
6 38 116.62773906095936
6 39 440.98689425595694
6 40 56.795784200858179
6 41 460.84322804063049
6 42 -1.6063862517512462
6 43 477.71953335882245
6 44 -58.182171932230631
6 45 491.33410649346843
6 46 -112.56073507865949
6 47 501.43854390398701
6 48 -164.39877833249739
6 49 507.81867029741079
6 50 -213.38194750342154
6 51 510.29503243285035
6 52 -259.22575968593264
6 53 508.72373830657125
6 54 -301.67890959091892
6 55 502.97775505896425
6 56 -340.50516596266789
6 57 493.34515812233803
6 58 -375.16921679525694
6 59 473.40707298531015
6 60 -423.55639890843122
6 61 529.30501723835732
6 62 5.7819613232368283
6 63 0
7 0 0
7 1 -44.82540502408483
7 2 899.27283632391664
7 3 19.053830266102523
7 4 912.57763319845253
7 5 38.064033702767119
7 6 900.08504103025189
7 7 48.79977825567039
7 8 879.1651078297491
7 9 62.593672180355497
7 10 852.72200059307579
7 11 79.384291592532463
7 12 821.1350083911384
7 13 99.024751352772
7 14 784.72861289924367
7 15 121.21032640379781
7 16 743.84945594374585
7 17 145.60549778366294
7 18 698.88028344280428
7 19 171.83932870352692
7 20 650.23366947798422
7 21 199.51419322410402
7 22 598.3477975689766
7 23 228.21244580200073
7 24 543.68117137073568
7 25 257.50313949970405
7 26 486.70723843997621
7 27 286.94856160313975
7 28 427.90897277882323
7 29 316.11048651143392
7 30 367.77354802666196
7 31 344.55604418894836
7 32 306.7872046813136
7 33 371.86311776054026
7 34 245.43040320850196
7 35 397.62520383987976
7 36 184.17333835714089
7 37 421.45568984892634
7 38 123.47187288810346
7 39 442.99152478970427
7 40 63.763931035509813
7 41 461.8962794950221
7 42 5.4663719708969438
7 43 477.86261304167965
7 44 -51.027654194513161
7 45 490.61417780080774
7 46 -105.35088374012958
7 47 499.90701025990347
7 48 -157.16368223479549
7 49 505.53046469872243
7 50 -206.15540684048028
7 51 507.3077268605175
7 52 -252.04533655482919
7 53 505.09657660313678
7 54 -294.58530898409663
7 55 498.77403625373518
7 56 -333.54627089465794
7 57 488.56665170546876
7 58 -368.4409894503915
7 59 469.11430144405131
7 60 -414.32872557720657
7 61 512.6501177130649
7 62 -57.165880934917368
7 63 0
8 0 0
8 1 -42.447866547945523
8 2 887.74507103721589
8 3 18.53016232189475
8 4 900.16575751405981
8 5 37.342193644462895
8 6 887.8345612515659
8 7 47.888177795130105
8 8 867.12838764242406
8 9 61.437806499498038
8 10 840.95398236740948
8 11 77.921373241451874
8 12 809.68271674919379
8 13 97.194800275701709
8 14 773.63675114270336
8 15 118.96055165721009
8 16 733.16186412739626
8 17 142.89163437410934
8 18 688.64000988355656
8 19 168.62657402612058
8 20 640.48293264136191
8 21 195.77785107003365
8 22 589.12785140705637
8 23 223.9383465280298
8 24 535.0321079333753
8 25 252.68783540468576
8 26 478.66772724773909
8 27 281.59930164406433
8 28 420.51594263625702
8 29 310.24498138663148
8 30 361.06181911463864
8 31 338.20203756249612
8 32 300.78908111477176
8 33 365.05778372770692
8 34 240.17523709858324
8 35 390.41439308107329
8 36 179.68707646787152
8 37 413.89304873860056
8 38 119.77659783610761
8 39 435.13751249406596
8 40 60.877407588577626
8 41 453.81710859260238
8 42 3.4016097174571769
8 43 469.62913809238671
8 44 -52.262811846048862
8 45 482.30075571495945
8 46 -105.75413439823933
8 47 491.59035480670354
8 48 -156.73859442699722
8 49 497.28851570876031
8 50 -204.91169313459068
8 51 499.21855595016495
8 52 -249.99909837788437
8 53 497.23725556418685
8 54 -291.75861217254351
8 55 491.2226960868793
8 56 -329.97099037288535
8 57 481.34037240856742
8 58 -364.19956594500036
8 59 463.22441676807102
8 60 -406.82185883156308
8 61 495.94422317227327
8 62 -117.34231675291085
8 63 0
9 0 0
9 1 -43.108999858532115
9 2 874.12460242148882
9 3 15.392764260013791
9 4 885.76997142695291
9 5 34.023990519926883
9 6 873.63791650432177
9 7 44.412267203597366
9 8 853.18604587314439
9 9 57.759675621582574
9 10 827.32447152693567
9 11 73.991079261759296
9 12 796.41782130579486
9 13 92.964531711459131
9 14 760.78513798734093
9 15 114.38850957574687
9 16 720.77060198694198
9 17 137.94341073776195
9 18 676.75476812496527
9 19 163.27611824635824
9 20 629.14801391684705
9 21 190.00809473936897
9 22 578.38609130271834
9 23 217.74159428105122
9 24 524.9247037738769
9 25 246.06593785847508
9 26 469.234005817043
9 27 274.56362188331696
9 28 411.79307636980411
9 29 302.81616832326108
9 30 353.08450060824725
9 31 330.40962331369883
9 32 293.58916627302278
9 33 356.93962512368671
9 34 233.78136772294056
9 35 382.01597903935181
9 36 174.12429322689604
9 37 405.26669684481931
9 38 115.0659536619969
9 39 426.3414780552921
9 40 57.035591481735537
9 41 444.91462955988936
9 42 0.44058978119210224
9 43 460.68743833984627
9 44 -54.336117443654075
9 45 473.3900280200487
9 46 -106.93815105469184
9 47 482.78274306312596
9 48 -157.03734151770732
9 49 488.6571156134778
9 50 -204.33498088436863
9 51 490.83645561722733
9 52 -248.56269382667051
9 53 489.17654797833166
9 54 -289.48379175517402
9 55 483.55645772630851
9 56 -326.88807823433308
9 57 474.08413880702938
9 58 -360.38781773299888
9 59 457.33104990404172
9 60 -399.81484169402393
9 61 479.90979860514926
9 62 -174.49164398044559
9 63 0
10 0 0
10 1 -43.006097149600464
10 2 861.92941637364129
10 3 13.409149892140704
10 4 872.8629136157906
10 5 31.877942865321529
10 6 860.91101316583263
10 7 42.128894250481608
10 8 840.69350956497146
10 9 55.292092093850442
10 10 815.12210672940455
10 11 71.288483223952426
10 12 784.55582978449456
10 13 89.978081882691185
10 14 749.31034328642454
10 15 111.07473933407164
10 16 709.727848015973
10 17 134.26559659137638
10 18 666.18717991673293
10 19 159.20532770223872
10 20 619.09709433507487
10 21 185.52386479200322
10 22 568.89165614393278
10 23 212.83236057456634
10 24 516.02473277512217
10 25 240.72924178994981
10 26 460.96442841303542
10 27 268.80611320052594
10 28 404.18750674007242
10 29 296.65341972986425
10 30 346.17393404232644
10 31 323.86577561851482
10 32 287.40164895566522
10 33 350.04688276103479
10 34 228.34165127960659
10 35 374.81397804981498
10 36 169.45348511967495
10 37 397.80176744557139
10 38 111.18117355408685
10 39 418.66582446346001
10 40 53.949642938277975
10 41 437.08544897071988
10 42 -1.8383441727110039
10 43 452.76600017132296
10 44 -55.804747523779952
10 45 465.44073334189306
10 46 -107.59831670270614
10 47 474.87218250239493
10 48 -156.89620133230164
10 49 480.85314347758867
10 50 -203.40514842587254
10 51 483.20730107889176
10 52 -246.86234095838699
10 53 481.78989354141777
10 54 -287.03620131977914
10 55 476.48125097907723
10 56 -323.72491577916662
10 57 467.33551565125708
10 58 -356.5876532945822
10 59 451.80760552057109
10 60 -393.04367671206819
10 61 464.73511756630614
10 62 -228.5969674971966
10 63 0
11 0 0
11 1 -43.10912609071238
11 2 850.46457452904178
11 3 11.61694402185276
11 4 860.77569872031745
11 5 29.918924872163188
11 6 849.01622956863321
11 7 40.038124723196233
11 8 829.04122452873708
11 9 53.023594313117428
11 10 803.76168412499283
11 11 68.794131874483355
11 12 773.5324728400883
11 13 87.212000619274477
11 14 738.66618147349072
11 15 107.99619523140791
11 16 699.5031076144187
11 17 130.8401637515999
11 18 656.4204248832084
11 19 155.40589502052171
11 20 609.82536893448014
11 21 181.33129525494951
11 22 560.15046322386297
11 23 208.23590411396253
11 24 507.84792127274159
11 25 235.72672929503824
11 26 453.38401084222824
11 27 263.40395170336706
11 28 397.23342264323946
11 29 290.86640675473063
11 30 339.87377263429153
11 31 317.71675187997062
11 32 281.7803436585109
11 33 343.56624382212431
11 34 223.42115768196891
11 35 368.0390663646449
11 36 165.25245364391594
11 37 390.77616714848773
11 38 107.71462686420818
11 39 411.43858067016481
11 40 51.228667410896378
11 41 429.71023297013744
11 42 -3.8068849448791298
11 43 445.30024076152586
11 44 -57.018469800595994
11 45 457.94473303999439
11 46 -108.05953774593036
11 47 467.40823638629081
11 48 -156.61211850215295
11 49 473.48467705887742
11 50 -202.38796703893058
11 51 475.99804602782569
11 52 -245.12937342819896
11 53 474.80302873168512
11 54 -284.60947639246115
11 55 469.78107325799101
11 56 -320.63421487009691
11 57 460.93578170598448
11 58 -352.9075717779051
11 59 446.55341907287038
11 60 -386.56540336887701
11 61 450.3579981474104
11 62 -279.75338829264729
11 63 0
12 0 0
12 1 -43.508958071925008
12 2 839.32536593920304
12 3 9.8815315993761033
12 4 849.07039155268649
12 5 28.030303718651339
12 6 837.48512507781925
12 7 38.039989249227801
12 8 817.73842679240261
12 9 50.871273685970664
12 10 792.73663858430155
12 11 66.440874343243195
12 12 762.83077402194976
12 13 84.612979225084928
12 14 728.33024987630779
12 15 105.11132721831018
12 16 689.57327334260299
12 17 127.63518809606467
12 18 646.9351461930728
12 19 151.85339710228618
12 20 600.8214002861223
12 21 177.41139653821847
12 22 551.66285644077107
12 23 203.93670392309104
12 24 499.90993001074457
12 25 231.04452549773669
12 26 446.0269203889311
12 27 258.34326310132383
12 28 390.48632439744324
12 29 285.43981725306367
12 30 333.76329849943431
12 31 311.94459629091398
12 32 276.3303740266565
12 33 337.47615665333797
12 34 218.65251581516532
12 35 361.66541495958882
12 36 161.18259757718079
12 37 384.15939081914985
12 38 104.35734967018107
12 39 404.62445720095275
12 40 48.593814256037149
12 41 422.74909304751418
12 42 -5.7136743293995096
12 43 438.24614946856855
12 44 -58.19598712264451
12 45 450.85465640113398
12 46 -108.5111942131789
12 47 460.34120940134926
12 48 -156.34608973869035
12 49 466.50098861960032
12 50 -201.41728741691622
12 51 469.15845653074939
12 52 -243.47200373426858
12 53 468.16794678079532
12 54 -282.28793202629276
12 55 463.41207862496958
12 56 -317.67831458182627
12 57 454.84726539939402
12 58 -349.38997247877523
12 59 441.5408894317352
12 60 -380.40170075532842
12 61 436.74462588114693
12 62 -328.04213826125306
12 63 0
13 0 0
13 1 -44.35721006075255
13 2 828.66224861959381
13 3 8.0791332379703817
13 4 837.93170944659323
13 5 26.072345258398855
13 6 826.53368517640047
13 7 35.981489094183416
13 8 807.02548143563035
13 9 48.669491496866613
13 10 782.30617758663357
13 11 64.052346192511322
13 12 752.72390910754439
13 13 81.996261928907188
13 14 718.58526268329115
13 15 102.22958629810819
13 16 680.22654027686258
13 17 124.45704407468838
13 18 638.0212748467784
13 19 148.35384617413183
13 20 592.37338975890452
13 21 173.57244382196768
13 22 543.71211417674203
13 23 199.7477710858675
13 24 492.48619864670218
13 25 226.50265080415011
13 26 439.15813203057041
13 27 253.45311371438584
13 28 384.1984001610399
13 29 280.21353360827561
13 30 328.07990824608169
13 31 306.4014884671451
13 32 271.272670062217
13 33 331.64227318138728
13 34 214.23885271474319
13 35 355.57300547566228
13 36 157.42824986659798
13 37 377.84628332815373
13 38 101.27423674930469
13 39 398.13337037344354
13 40 46.190241960175626
13 41 416.12690321812806
13 42 -7.4332487486117316
13 43 431.54313025866031
13 44 -59.231159906403263
13 45 444.12370790496425
13 46 -108.8657848015373
13 47 453.63709172079325
13 48 -156.02827052134671
13 49 459.87957361148801
13 50 -200.43966781031486
13 51 462.67601069871489
13 52 -241.85169284010044
13 53 461.88037239858204
13 54 -280.04620709793926
13 55 457.37633931253185
13 56 -314.84311413692012
13 57 449.07623362746563
13 58 -346.0299385324106
13 59 436.78003304989943
13 60 -374.55115086686419
13 61 423.88870457443772
13 62 -373.54954959596398
13 63 0
14 0 0
14 1 -45.357923016808854
14 2 818.43564951782355
14 3 6.4433163345256617
14 4 827.27915863074486
14 5 24.287714967385909
14 6 816.04662875633949
14 7 34.113792520429342
14 8 796.76009561922001
14 9 46.677868976985337
14 10 772.30696066976634
14 11 61.894958639641118
14 12 743.03228338976623
14 13 79.632658867012651
14 14 709.23958632533868
14 15 99.623500068446447
14 16 671.26309053264777
14 17 121.57721762946494
14 18 629.47438225933183
14 19 145.17496302346444
14 20 584.27561084499757
14 21 170.07577775416394
14 22 536.09426288403483
14 23 195.92161539208064
14 24 485.37728724227236
14 25 222.3425413944824
14 26 432.58523837721441
14 27 248.96186754403971
14 28 378.18648000893518
14 29 275.40112196220434
14 30 322.65156900166403
14 31 301.28476619211142
14 32 266.44792025649622
14 33 326.24458432906067
14 34 210.03484033599307
14 35 349.9236862410271
14 36 153.85900092610427
14 37 371.98008284349271
14 38 98.350404124403212
14 39 392.0898090996161
14 40 43.918873018355953
14 41 409.94958749251964
14 42 -9.0489186163722479
14 43 425.27904042799491
14 44 -60.191882175786304
14 45 437.82247549302156
14 46 -109.17643628545193
14 47 447.35027977935715
14 48 -155.69795179430912
14 49 453.65997249859902
14 50 -199.48175730064577
14 51 456.57696031753403
14 52 -240.28388036754222
14 53 455.95504221864758
14 54 -277.89016767201247
14 55 451.67904069671749
14 56 -312.12672225819915
14 57 443.62032819549313
14 58 -342.81976661532099
14 59 432.26463544101534
14 60 -368.99969920796138
14 61 411.76663199848917
14 62 -416.32387813024252
14 63 0
15 0 0
15 1 -46.755440013157568
15 2 808.7174324202806
15 3 4.7724915418712044
15 4 817.22488468471965
15 5 22.465714590680363
15 6 806.1687123529282
15 7 32.217391378708271
15 8 787.1114607439722
15 9 44.667625292049706
15 10 762.92654918574954
15 11 59.732053892957993
15 12 733.95685456034698
15 13 77.279695580045882
15 14 700.503196713953
15 15 97.0471679977436
15 16 662.89797349554647
15 17 118.74892675791671
15 18 621.51100968321771
15 19 142.07166278197292
15 20 576.74284219046967
15 21 166.68053528405835
15 22 529.01937644378449
15 23 192.22400015905805
15 24 478.78593334758079
15 25 218.33882200326116
15 26 426.50132400581242
15 27 244.65503672672639
15 28 372.63200126176343
15 29 270.8007686237579
15 30 317.64640607434558
15 31 296.40681363503063
15 32 262.00960865025991
15 33 321.1109147798652
15 34 206.17833089318083
15 35 344.56167152825401
15 36 150.59641969514814
15 37 366.42204102008691
15 38 95.690821655125546
15 39 386.3724056486717
15 40 41.868091221886061
15 41 404.11319874351648
15 42 -10.488555602705674
15 43 419.36709519632132
15 44 -61.021647428560755
15 45 431.88078956291065
15 46 -109.40134611701069
15 47 441.42639581536969
15 48 -155.32685509924704
15 49 447.80251587326347
15 50 -198.52738524264169
15 51 450.83502054694691
15 52 -238.76287834241339
15 53 450.37751510221824
15 54 -275.82280264368819
15 55 446.31585887486835
15 56 -309.53887229543398
15 57 438.48332468314766
15 58 -339.7739224851648
15 59 428.00596992833562
15 60 -363.76144589098658
15 61 400.37950118403387
15 62 -456.45378436915962
15 63 0
16 0 0
16 1 -48.264647745099865
16 2 799.44853136453276
16 3 3.2767943025646673
16 4 807.66515077357326
16 5 20.820223511464064
16 6 796.76139714592864
16 7 30.511224071005927
16 8 777.91481105577986
16 9 42.863480786081709
16 10 753.98027000801449
16 11 57.793074643086584
16 12 725.2980813746035
16 13 75.169681616671369
16 14 692.16605647284268
16 15 94.733545836334088
16 16 654.9145804683576
16 17 116.20341298907988
16 18 613.91155967953637
16 19 139.27110651366092
16 20 569.55577915687172
16 21 163.60751032493681
16 22 522.27143627874284
16 23 188.86720591240191
16 24 472.50210888591937
16 25 214.69329916499191
16 26 420.70476172852977
16 27 240.72221507935865
16 28 367.34384652277186
16 29 266.58836544584119
16 30 312.88561214637411
16 31 291.92860233706597
16 32 257.79272396562192
16 33 316.38638349704706
16 34 202.51927714980411
16 35 339.6155915311283
16 36 147.50627189528132
16 37 361.28396365029403
16 38 93.177599637783715
16 39 381.07610607767128
16 40 39.936570442478114
16 41 398.69608318667815
16 42 -11.837007633630492
16 43 413.86958689599851
16 44 -61.789204352180604
16 45 426.34570698965035
16 46 -109.59382202599954
16 47 435.89833480837115
16 48 -154.95376728154042
16 49 442.32724569042148
16 50 -197.60197858431638
16 51 445.45890199287896
16 52 -237.30213085286778
16 53 445.14688203776132
16 54 -273.84713440028463
16 55 441.27814965122525
16 56 -307.07388967243787
16 57 433.65077812609343
16 58 -336.87985338701765
16 59 423.98722052325866
16 60 -358.81659747474259
16 61 389.69707784417551
16 62 -493.96996794826009
16 63 0
17 0 0
17 1 -50.139254096848163
17 2 790.69312737374275
17 3 1.7548993639593391
17 4 798.70761432516701
17 5 19.146090460253617
17 6 787.96488451189362
17 7 28.784865907027779
17 8 769.33406839430063
17 9 41.048520921549425
17 10 745.64944441704029
17 11 55.855496464118914
17 12 717.24966446709004
17 13 73.076170338026714
17 14 684.42993273265529
17 15 92.454343257486471
17 16 647.51891228524983
17 17 113.71279761647202
17 18 606.88281862439908
17 19 136.54812925665283
17 20 562.91888481041497
17 21 160.63651152649072
17 22 516.04979234980419
17 23 185.63816649930232
17 24 466.71757289686866
17 25 211.20202612223693
17 26 415.37755348599603
17 27 236.97037374859065
17 28 362.49240883989842
17 29 262.58337517788277
17 30 308.52643764092136
17 31 287.68341342129133
17 32 253.9401608373737
17 33 311.91915400086145
17 34 199.1853258800802
17 35 334.949282330399
17 36 144.70038348122216
17 37 356.44586979515225
17 38 90.906484331298998
17 39 376.09734139323336
17 40 38.204024173182916
17 41 393.61103363262373
17 42 -13.030253080614784
17 43 408.71534685607003
17 44 -62.445603214200673
17 45 421.16151074083064
17 46 -109.71910513717376
17 47 430.72499374829931
17 48 -154.55699985977844
17 49 437.20659974155751
17 50 -196.6955832642725
17 51 440.4332928970689
17 52 -235.90189395008565
17 53 440.25859313592264
17 54 -271.97194668815428
17 55 436.57046088583229
17 56 -304.747300941699
17 57 429.13439676794951
17 58 -334.15798637861371
17 59 420.22651733759631
17 60 -354.18603762877865
17 61 379.72821702396686
17 62 -528.95995715402933
17 63 0
18 0 0
18 1 -52.080892129424683
18 2 782.40913244940202
18 3 0.42252797811670462
18 4 790.26379502238342
18 5 17.65836843787838
18 6 779.6566418733164
18 7 27.255335646714229
18 8 761.22152441371327
18 9 39.442972848746649
18 10 737.76751555669762
18 11 54.142085929242967
18 12 709.63115667836973
18 13 71.222958479211229
18 14 677.10473632587309
18 15 90.432485302471832
18 16 640.51500711457265
18 17 111.49706701871764
18 18 600.22635473728769
18 19 134.11768453579498
18 20 556.63434520738519
18 21 157.97542730524583
18 22 510.16004235293622
18 23 182.73579768219861
18 24 461.24384090830972
18 25 208.05320841077446
18 26 410.33935072505301
18 27 233.57547535169942
18 28 357.90740249126429
18 29 258.94821604310891
18 30 304.41029163057465
18 31 283.81906988101946
18 32 250.30635741245533
18 33 307.84166719968198
18 34 196.04497998670922
18 35 330.67928827108517
18 36 142.06206030848989
18 37 352.00816843143912
18 38 88.776028673009932
18 39 371.52042065144997
18 40 36.584408809403612
18 41 388.92656337452536
18 42 -14.139054661654882
18 43 403.95765601601852
18 44 -63.046715769132788
18 45 416.36705905148119
18 46 -109.81881952716321
18 47 425.93184791144267
18 48 -154.16480846965896
18 49 432.4539218771406
18 50 -195.8241818215356
18 51 435.76084850656116
18 52 -234.56716514260734
18 53 435.70622856350383
18 54 -270.19270337405032
18 55 432.17906750214752
18 56 -302.54662799507059
18 57 424.91497831065317
18 58 -331.58955412204705
18 59 416.70232375281557
18 60 -349.8444819172164
18 61 370.44010506406266
18 62 -561.43999894970875
18 63 0
19 0 0
19 1 -54.346243609870726
19 2 774.64774964255412
19 3 -0.91975127247678756
19 4 782.42910807375665
19 5 16.157813701056511
19 6 771.96343409013934
19 7 25.720902738157747
19 8 753.72632897483527
19 9 37.840930031052267
19 10 730.49975338790318
19 11 52.443243515654103
19 12 702.6190677379418
19 13 69.39810401718205
19 14 670.37409593808661
19 15 88.455462122283279
19 16 634.08999715761638
19 17 109.34511261098123
19 18 594.12958187863296
19 19 131.77209263517398
19 20 550.88697378664619
19 21 155.42200370077808
19 22 504.78183190421078
19 23 179.96517310052695
19 24 456.25312687889163
19 25 205.06100703983066
19 26 405.75297152827261
19 27 230.36234985625015
19 28 353.74058463730762
19 29 255.51976322049086
19 30 300.67650483829311
19 31 280.18564299259197
19 32 247.01715195192264
19 33 304.01810182070221
19 34 193.20981689929795
19 35 326.68455813791297
19 36 139.68814425311393
19 37 347.86498725338788
19 38 86.868151635144386
19 39 367.25480508152941
19 40 35.144810971132756
19 41 384.56737043475187
19 42 -15.110801649598216
19 43 399.53610724410282
19 44 -63.553799668625288
19 45 411.91626173144869
19 46 -109.86725021666643
19 47 421.48632206817638
19 48 -153.76345132835922
19 49 428.04913970257985
19 50 -194.98476118542385
19 51 431.43279289097336
19 52 -233.30425105996255
19 53 431.49092387011478
19 54 -268.52348702277595
19 55 428.11347000224487
19 56 -300.49210348579436
19 57 421.00859211586794
19 58 -329.19927673447091
19 59 413.43647866369793
19 60 -345.81731731577747
19 61 361.84662717460014
19 62 -591.49376576215218
19 63 0
20 0 0
20 1 -56.642007211848977
20 2 767.37736256404787
20 3 -2.064021714431874
20 4 775.12602074421011
20 5 14.848528695665664
20 6 764.77554446228169
20 7 24.385330510767744
20 8 746.71535342076822
20 9 36.447416619012074
20 10 723.69573156265687
20 11 50.96491199196862
20 12 696.05039414568637
20 13 67.807275183895399
20 14 664.06643080085814
20 15 86.727075444059665
20 16 628.06724157553617
20 17 107.45710340529513
20 18 588.41394859996399
20 19 129.70608371460912
20 20 545.4991451870228
20 21 153.16377302383444
20 22 499.74101110592528
20 23 177.50497596580317
20 24 451.57702900269214
20 25 202.39375629671486
20 26 401.4577612224457
20 27 227.4876666945147
20 28 349.84077307740336
20 29 252.44191335787036
20 30 297.18481848703959
20 31 276.91337409123662
20 32 243.94438519834694
20 33 300.56439839540872
20 34 190.56467912719199
20 35 323.0663298552372
20 36 137.47711097948923
20 37 344.10270588978165
20 38 85.095327085582539
20 39 363.37210427745958
20 40 33.811808805239707
20 41 380.5906208867782
20 42 -16.004955568860169
20 43 395.49397872633563
20 44 -64.012738380370138
20 45 407.83928175187611
20 46 -109.89730958499422
20 47 417.40643880530115
20 48 -153.37368517975847
20 49 423.99929620842158
20 50 -194.18692747876776
20 51 427.44651799466737
20 52 -232.11278089547704
20 53 427.60189824093686
20 54 -266.95526441926631
20 55 424.356332609932
20 56 -298.56746303948967
20 57 417.39302682799462
20 58 -326.96512558914037
20 59 410.40471074893503
20 60 -342.07662105245618
20 61 353.91432437563708
20 62 -619.12682311913159
20 63 0
21 0 0
21 1 -59.215348943553181
21 2 760.63789160798478
21 3 -3.19966600841326
21 4 768.43717159249536
21 5 13.544178932534123
21 6 758.2047578921447
21 7 23.061884905928309
21 8 740.32085711337459
21 9 35.073361937065783
21 10 717.50224049651479
21 11 49.51587085315623
21 12 690.08189086048333
21 13 66.258153782428053
21 14 658.34465247007756
21 15 85.055387739885191
21 16 622.61250152459979
21 17 105.64315983856432
21 18 583.24514288869977
21 19 127.73357887567727
21 20 540.63387785276973
21 21 151.02017852086647
21 22 495.1956306001648
21 23 175.18181172704317
21 24 447.36661607203132
21 25 199.8867382667413
21 26 397.59607067253455
21 27 224.79674069586508
21 28 346.34013964023325
21 29 249.57118743600404
21 30 294.05603759187215
21 31 273.87096325810489
21 32 241.19657857681887
21 33 297.36219632923167
21 34 188.20515575725949
21 35 319.71972205155907
21 36 135.51123104207363
21 37 340.6302382359172
21 38 83.526376522513601
21 39 359.79511948198706
21 40 32.640890094626229
21 41 376.93287484898974
21 42 -16.779012594270171
21 43 391.78124662839764
21 44 -64.393442471555318
21 45 404.09896245137134
21 46 -109.89054916308305
21 47 413.6671648666379
21 48 -152.98774402481286
21 49 420.29055475722998
21 50 -193.43247465712921
21 51 423.79828811363041
21 52 -231.00284549855132
21 53 424.04426480970869
21 54 -265.50504702527178
21 55 420.92022207498303
21 56 -296.79519782348507
21 57 414.08668541862426
21 58 -324.91361019992837
21 59 407.63045772109763
21 60 -338.64970192780675
21 61 346.65988978304085
21 62 -644.41650263233896
21 63 0
22 0 0
22 1 -61.7897772087872
22 2 754.40733307914343
22 3 -4.1337412596931244
22 4 762.29712102531266
22 5 12.431911466137535
22 6 752.15631317746556
22 7 21.935765983016609
22 8 734.42701923909226
22 9 33.903794707157431
22 10 711.78806979332876
22 11 48.280881156870237
22 12 684.5712826759609
22 13 64.934318305631678
22 14 653.05905027912559
22 15 83.621494593444368
22 16 617.57179776122939
22 17 104.08042264771211
22 18 578.46773385676897
22 19 126.02624610735802
22 20 536.1368111266529
22 21 149.15593292244012
22 22 490.99465350650462
22 23 173.15204618739699
22 24 443.47617294988595
22 25 197.68671122051273
22 26 394.02925431204494
22 27 222.42562228598217
22 28 343.10860825144118
22 29 247.03200929252489
22 30 291.16990849615831
22 31 271.17048566651647
22 32 238.66430868793032
22 33 294.51070660115874
22 34 186.03341821972208
22 35 316.73077793357152
22 36 133.7047962010729
22 37 337.52036911209871
22 38 82.088003966873657
22 39 356.58349760296915
22 40 31.571236422678339
22 41 373.64096695000626
22 42 -17.481465567925625
22 43 388.4324556224783
22 44 -64.732437431302969
22 45 400.71826697385404
22 46 -109.87207903099261
22 47 410.28076309430617
22 48 -152.62005341583063
22 49 416.92551783398812
22 50 -192.72603683475609
22 51 420.48222805988189
22 52 -229.97032353941904
22 53 420.8049818089421
22 54 -264.16111240905593
22 55 417.7863619247546
22 56 -295.15723301756225
22 57 411.06654931581943
22 58 -323.02156845389618
22 59 405.08891229364963
22 60 -335.50824679196012
22 61 340.05115543322972
22 62 -667.36098516457787
22 63 0
23 0 0
23 1 -64.592071498736914
23 2 748.7154829220799
23 3 -5.0385813551656611
23 4 756.77489891177174
23 5 11.344262094326041
23 6 746.72529078156913
23 7 20.840561398927093
23 8 729.14697538521978
23 9 32.771363311212554
23 10 706.6790197256978
23 11 47.091628823636711
23 12 679.6529373048088
23 13 63.667282580581741
23 14 648.3491756227977
23 15 82.257930500873044
23 16 613.08695088087006
23 17 102.60383040190391
23 18 574.2232534885261
23 19 124.42287807061803
23 20 532.14692991900847
23 21 147.41511982947486
23 22 487.272529665006
23 23 171.26642314906348
23 24 440.03388183000425
23 25 195.65234129004239
23 26 390.87774158588218
23 27 220.24202598913689
23 28 340.25761390239495
23 29 244.70211087646021
23 30 288.62787006573853
23 31 268.70048744740416
23 32 236.43825318231393
23 33 291.90990376264381
23 34 184.12885061707129
23 35 314.01132613382288
23 36 132.12559169915039
23 37 334.69701585318035
23 38 80.836309905407688
23 39 353.67328854363222
23 40 30.6473885871128
23 41 370.6629364728542
23 42 -18.079008964377863
23 43 385.40730960221481
23 44 -65.007141893147491
23 45 397.66806505667773
23 46 -109.82935870060828
23 47 407.22860603636946
23 48 -152.26727482513525
23 49 413.8952436846921
23 50 -192.0725012382718
23 51 417.49812224907146
23 52 -229.02723528659408
23 53 417.89146812334366
23 54 -262.94142884353278
23 55 414.96859145127019
23 56 -293.67625022587163
23 57 408.35147251527815
23 58 -321.31515262108223
23 59 402.80319091152705
23 60 -332.67923899984453
23 61 334.10564425366829
23 62 -688.02907371718902
23 63 0
24 0 0
24 1 -67.373695770811537
24 2 743.54851213342954
24 3 -5.7432538881130313
24 4 751.81750585784357
24 5 10.44544227966071
24 6 741.83311987212619
24 7 19.937567583383498
24 8 724.38397224345863
24 9 31.836235882565234
24 10 702.06517185624762
24 11 46.107229741210176
24 12 675.20756035150953
24 13 62.614441128516773
24 14 644.08951159293792
24 15 81.119346276636861
24 16 609.0289547159955
24 17 101.36410843415433
24 18 570.38162358935551
24 19 123.06904604884039
24 20 528.53523687304005
24 21 145.93695302096421
24 22 483.90325703735471
24 23 169.65666941928248
24 24 436.91842524822277
24 25 193.90684774407418
24 26 388.02637046728705
24 27 218.35977737509893
24 28 337.67940545885722
24 29 242.68519000543165
24 30 286.33062493099715
24 31 266.55396960677535
24 32 234.42840119969333
24 33 289.64169599703382
24 34 182.41135411471987
24 35 311.63196274519578
24 36 130.70385342643931
24 37 332.21942119325831
24 38 79.712090473549324
24 39 351.11251568196167
24 40 29.820738041053119
24 41 368.03589154033034
24 42 -18.609802805258369
24 43 382.73246838116393
24 44 -65.245586063156225
24 45 394.96518868418207
24 46 -109.78076827541372
24 47 404.51846041378303
24 48 -151.93876596413247
24 49 411.19932686797256
24 50 -191.47296443406958
24 51 414.83840378759851
24 52 -228.16729468786434
24 53 415.29011167540375
24 54 -261.83330131743787
24 55 412.44847086545633
24 56 -292.3341936025281
24 57 405.91946042241034
24 58 -319.77199658967947
24 59 400.74980560120821
24 60 -330.13597679882878
24 61 328.7941388634863
24 62 -706.41444842749479
24 63 0
25 0 0
25 1 -70.331617382635159
25 2 738.92707482627884
25 3 -6.3969658640417038
25 4 747.47962411265689
25 5 9.5920273622596142
25 6 737.55667064006047
25 7 19.085304171539974
25 8 720.23008147539258
25 9 30.956997903786032
25 10 698.04916099087677
25 11 45.186174850186944
25 12 671.34485561837209
25 13 61.634751455130754
25 14 640.39396870612109
25 15 80.066083927476939
25 16 605.51347810360312
25 17 100.22407238921005
25 18 567.05813539679184
25 19 121.83119112023633
25 20 525.41476982810309
25 21 144.59264432389318
25 22 480.99597702275787
25 23 168.1998594108336
25 24 434.23362317298597
25 25 192.33417245914097
25 26 385.57242413617132
25 27 216.67057908416609
25 28 335.4637189204368
25 29 240.88147490601841
25 30 284.35955244958677
25 31 264.64030930810623
25 32 232.70716294518934
25 33 287.62508338786574
25 34 180.94395014713882
25 35 309.52163107258457
25 36 129.49298154580902
25 37 330.02663557226697
25 38 78.759072584944079
25 39 348.85034599483333
25 40 29.125458718226582
25 41 365.71897292105859
25 42 -19.048943033794785
25 43 380.37675712985219
25 44 -65.431701432316913
25 45 392.58771735148912
25 46 -109.7185010053181
25 47 402.13709756926619
25 48 -151.63428266760093
25 49 408.83254412165115
25 50 -190.93393574394213
25 51 412.50505349808009
25 52 -227.40286266298426
25 53 413.00918925344376
25 54 -260.85396827966179
25 55 410.23956454182553
25 56 -291.15216869968208
25 57 403.78819888928774
25 58 -318.41606272564604
25 59 398.94990344464532
25 60 -327.90319963851289
25 61 324.13329987548423
25 62 -722.57551962593425
25 63 0
26 0 0
26 1 -73.254733365502034
26 2 734.84434827832956
26 3 -6.8567348421311181
26 4 743.7210479793066
26 5 8.920265412371009
26 6 733.83467052394735
26 7 18.416691165157317
26 8 716.60916780729167
26 9 30.26489647481867
26 10 694.54417422321058
26 11 44.458222293997096
26 12 667.97046564488483
26 13 60.856030222566915
26 14 637.1632327898169
26 15 79.223262042660281
26 16 602.43847918286519
26 17 99.305247431402677
26 18 564.1499805847161
26 19 120.82630555596552
26 20 522.68369244075075
26 21 143.4937298654404
26 22 478.4513644949584
26 23 167.00120661425899
26 24 431.88401406268895
26 25 191.03242520941421
26 26 383.42547697993723
26 27 215.26476238022951
26 28 333.52616089814546
26 29 239.37296377880557
26 30 282.6371146056772
26 31 263.03274823931133
26 32 231.20450880469434
26 33 285.92426427849205
26 34 179.66460366096726
26 35 307.73533899264294
26 36 128.43925901506736
26 37 328.16446990864279
26 38 77.932023134508199
26 39 346.9235243642288
26 40 28.524815866148856
26 41 363.74012455553384
26 42 -19.424796039402281
26 43 378.35971085087294
26 44 -65.585751565322425
26 45 390.54728943028749
26 46 -109.65511002041239
26 47 400.08888259990272
26 48 -151.35917624320427
26 49 406.79271204453471
26 50 -190.45417758434269
26 51 410.49015584349036
26 52 -226.7268167202019
26 53 411.035952504335
26 54 -259.99119936841453
26 55 408.3252707914653
26 56 -290.11366946178896
26 57 401.93825907408609
26 58 -317.22739521455878
26 59 397.38287373438652
26 60 -325.95749315760258
26 61 320.09825310979068
26 62 -736.5038841498972
26 63 0
27 0 0
27 1 -76.302346815282363
27 2 731.31269334112403
27 3 -7.2435538584159076
27 4 740.58153692817541
27 5 8.3150963632760977
27 6 730.72457208809283
27 7 17.819034673038914
27 8 713.59067555931688
27 9 29.64797569120492
27 10 691.62792571546561
27 11 43.811916737013235
27 12 665.1675939906454
27 13 60.167681181155785
27 14 634.48373604160224
27 15 78.481796106188995
27 16 599.89169743630555
27 17 98.500856080363519
27 18 561.74453884523246
27 19 119.95076899324886
27 20 520.42756791479405
27 21 142.54059524319018
27 22 476.35189597485805
27 23 165.96591226516466
27 24 429.94789107524412
27 25 189.91236722740723
27 26 381.65870798820833
27 27 214.05930795026507
27 28 331.93402596225496
27 29 238.08341827589174
27 30 281.22410835749179
27 31 261.66228234387745
27 32 229.97427820428129
27 33 284.47780866827088
27 34 178.61988562799525
27 35 306.21945293205499
27 36 127.58182186871636
27 37 326.58719089795341
27 38 77.26261507059462
27 39 345.29420428270896
27 40 28.04312319995006
27 41 362.06925797159784
27 42 -19.720179545856809
27 43 376.65875977381802
27 44 -65.697342813564319
27 45 388.82850835761928
27 46 -109.58654207797736
27 47 398.36514679336688
27 48 -151.11519094261894
27 49 405.07735128585409
27 50 -190.04060625320562
27 51 408.79679590943852
27 52 -226.15055064534317
27 53 409.37834504575221
27 54 -259.26011828687479
27 55 406.71760928034928
27 56 -289.23677772354495
27 57 400.38483220996568
27 58 -316.22626697753731
27 59 396.06654543149489
27 60 -324.31978405611517
27 61 316.70341483049924
27 62 -748.24603888146157
27 63 0
28 0 0
28 1 -79.308478842676777
28 2 728.33132696246139
28 3 -7.4471975096912502
28 4 738.03394085416585
28 5 7.8807404463532293
28 6 728.18326897845509
28 7 17.393268620935487
28 8 711.12030955191585
28 9 29.205291019707147
28 10 689.2381387444857
28 11 43.34467377020701
28 12 662.86836173503616
28 13 59.66522003859609
28 14 632.28394736256632
28 15 77.934800776802149
28 16 597.79961816275318
28 17 97.900999099920227
28 18 559.76777210275941
28 19 119.29101726195768
28 20 518.57312276979428
28 21 141.81536832893471
28 22 474.62619814950813
28 23 165.17119271384217
28 24 428.35677450057119
28 25 189.04576029399323
28 26 380.20738847990287
28 27 213.12005636673348
28 28 330.62706219197935
28 29 237.07237805865589
28 30 280.06535516169606
28 31 260.58186532509353
28 32 228.96683630051484
28 33 283.33189786735602
28 34 177.7660522293445
28 35 305.01329657681708
28 36 126.88304492485258
28 37 325.32728015439716
28 38 76.719454341400706
28 39 343.98814015048629
28 40 27.655219560074329
28 41 360.72561113087431
28 42 -19.954124775267701
28 43 375.28692751038761
28 44 -65.779577937519207
28 45 387.43857132885751
28 46 -109.52026426593875
28 47 396.96772819297621
28 48 -150.90453484845057
28 49 403.68348027186585
28 50 -189.6906222555117
28 51 407.41777761468256
28 52 -225.66717345853249
28 53 408.02562089083949
28 54 -258.65011011774186
28 55 405.40300706197741
28 56 -288.50775942146356
28 57 399.11227734137356
28 58 -315.39641842073252
28 59 394.98441972227738
28 60 -322.971278183104
28 61 313.92935878784556
28 62 -757.79341829047553
28 63 0
29 0 0
29 1 -82.388669846977791
29 2 725.90499490843285
29 3 -7.5564762084923132
29 4 736.10267527897122
29 5 7.5338719852879876
29 6 726.24788689381603
29 7 17.058484559129283
29 8 709.24370397165148
29 9 28.85708015014643
29 10 687.4262779149376
29 11 42.977609410854711
29 12 661.12808229377151
29 13 59.270818059076191
29 14 630.62143162824214
29 15 77.505897507990085
29 16 596.22071004241661
29 17 97.431250969748362
29 18 558.27789083195967
29 19 118.7751239967838
29 20 517.17729953679736
29 21 141.24917103117696
29 22 473.32906934798302
29 23 164.55174303473541
29 24 427.16256565427102
29 25 188.37135451121867
29 26 379.11988681571529
29 27 212.39023825501135
29 28 329.64958161301183
29 29 236.2879137535856
29 30 279.20069630908984
29 31 259.74469484708607
29 32 228.21724555797118
29 33 282.44506704595551
29 34 177.13318156893365
29 35 304.08087396835981
29 36 126.36791553859439
29 37 324.35426278425439
29 38 76.322425525177096
29 39 342.98035131996585
29 40 27.375964566545008
29 41 359.68959404044654
29 42 -20.116635153044626
29 43 374.22983679107347
29 44 -65.82708377891322
29 45 386.36806527847511
29 46 -109.4552162612672
29 47 395.89186291095757
29 48 -150.73008630679396
29 49 402.61060723878472
29 50 -189.41061333634934
29 51 406.3564462398972
29 52 -225.28610769541046
29 53 406.98447311342534
29 54 -258.17312267690795
29 55 404.39096367208549
29 56 -287.940564874134
29 57 398.13227410832042
29 58 -314.75328612486919
29 59 394.14997472704272
29 60 -321.9278899564415
29 61 311.78720076923128
29 62 -765.17944589795661
29 63 0
30 0 0
30 1 -85.427795687564867
30 2 724.03821337729823
30 3 -7.4974881556499895
30 4 734.77381675388642
30 5 7.3436707907603704
30 6 724.89410268872234
30 7 16.880960100706943
30 8 707.92928059404403
30 9 28.667792537362402
30 10 686.15563131970703
30 11 42.773598130452228
30 12 659.90646375553297
30 13 59.045688658443396
30 14 629.45357571493332
30 15 77.25438470060908
30 16 595.1111057640901
30 17 97.148661291157623
30 18 557.23069973510064
30 19 118.4575262755061
30 20 516.19638649071931
30 21 140.89346487935472
30 22 472.41799261428241
30 23 164.15570728440798
30 24 426.32456107867256
30 25 187.93367000853323
30 26 378.35784424942176
30 27 211.91048842865712
30 28 328.96601708216622
30 29 235.76656575414745
30 30 278.59772188776333
30 31 259.18306444054906
30 32 227.69653937757539
30 33 281.84527005805649
30 34 176.69595958977879
30 35 303.44576737206808
30 36 126.01490705037577
30 37 323.68737797696667
30 38 76.053853047142184
30 39 342.28582226205617
30 40 27.191529386527691
30 41 358.97208219921595
30 42 -20.21776157334898
30 43 373.49445474319509
30 44 -65.846261850310839
30 45 385.62030059665631
30 46 -109.39433477687999
30 47 395.13750356263699
30 48 -150.59155224435017
30 49 401.85566917898541
30 50 -189.1973369652078
30 51 405.60710471027051
30 52 -225.00147983919305
30 53 406.24698774536228
30 54 -257.821000570857
30 55 403.67180148450643
30 56 -287.52512610026315
30 57 397.43385832480271
30 58 -314.28524570173977
30 59 393.55172114028392
30 60 -321.17641727609225
30 61 310.26376581166915
30 62 -770.39679451900156
30 63 0
31 0 0
31 1 -88.493412044954312
31 2 722.72861079909489
31 3 -7.3240917515704496
31 4 734.05618039146248
31 5 7.2608926700468146
31 6 724.13812246168163
31 7 16.813657487091405
31 8 707.19808317107891
31 9 28.59175674529979
31 10 685.45053388788801
31 11 42.688069413543417
31 12 659.23000807401877
31 13 58.946372320178853
31 14 628.80815706307658
31 15 77.138057127967841
31 16 594.49911614706252
31 17 97.012490783754401
31 18 556.65441071255373
31 19 118.29919201318262
31 20 515.65795250780866
31 21 140.71117285539003
31 22 471.91942592235137
31 23 163.94820221421469
31 24 425.86770905472804
31 25 187.70023623346788
31 26 377.94436533431508
31 27 211.65094075286106
31 28 328.59735669035217
31 29 235.48123165255674
31 30 278.27508960172054
31 31 258.87275877494176
31 32 227.42088785889791
31 33 281.51126384727831
31 34 176.46796608232762
31 35 303.08975186699172
31 36 125.83495821445467
31 37 323.31142537032065
31 38 75.922033272490808
31 39 341.89234431778459
31 40 27.107613209409465
31 41 358.56378740390937
31 42 -20.25431318770643
31 43 373.07430566215771
31 44 -65.836301394028851
31 45 385.19147127544784
31 46 -109.33902415217744
31 47 394.70333802000823
31 48 -150.4923554762172
31 49 401.41964117310636
31 50 -189.05600966263592
31 51 405.17277965363974
31 52 -224.82005349502288
31 53 405.81798009498016
31 54 -257.60179086091739
31 55 403.25183435925283
31 56 -287.2705064874026
31 57 397.02450525282984
31 58 -314.00211631762431
31 59 393.19808357731745
31 60 -320.7269458130213
31 61 309.36615115706445
31 62 -773.4650276006505
31 63 0
32 0 0
32 1 -91.524897811723349
32 2 721.98550043935938
32 3 -7.0009605508403183
32 4 733.94914465438887
32 5 7.3177765330001421
32 6 723.97475910861431
32 7 16.886517892089614
32 8 707.04176465028468
32 9 28.657301498924426
32 10 685.30044665635614
32 11 42.747981547108793
32 12 659.08666711038677
32 13 58.998532580289975
32 14 628.67215292499168
32 15 77.181270728488016
32 16 594.37118364940034
32 17 97.045730461786661
32 18 556.53530373547255
32 19 118.32166965177748
32 20 515.54843417989105
32 21 140.72231662112245
32 22 471.82023685081731
32 23 163.94764164715525
32 24 425.77954267244422
32 25 187.68778733146974
32 26 377.86784648687899
32 27 211.62659144238205
32 28 328.53302434432408
32 29 235.44512791886518
32 30 278.22338257692536
32 31 258.82519104243329
32 32 227.38213448292299
32 33 281.45265426928745
32 34 176.442376846353
32 35 303.0206417406589
32 36 125.82262130536037
32 37 323.23246338137324
32 38 75.922913197246089
32 39 341.80427502406019
32 40 27.121551181608083
32 41 358.46744044647494
32 42 -20.227596417043969
32 43 372.97058520380233
32 44 -65.797201114037307
32 45 385.08134587118548
32 46 -109.28804581453733
32 47 394.5878311242268
32 48 -150.43010777162635
32 49 401.299821601242
32 50 -188.98319681284192
32 51 405.04975330577508
32 52 -224.73746314517484
32 53 405.69287848484237
32 54 -257.51032201242197
32 55 403.12581238595158
32 56 -287.17085763219075
32 57 396.89847308181925
32 58 -313.89748841093024
32 59 393.08313308765719
32 60 -320.57246427257269
32 61 309.08792606396673
32 62 -774.37892034595279
32 63 0
33 0 0
33 1 -94.539565992590724
33 2 721.79970040338048
33 3 -6.545489736708987
33 4 734.44583688342391
33 5 7.5004343500495452
33 6 724.39903233885161
33 7 17.087502635604324
33 8 707.4564122206084
33 9 28.853868161604623
33 10 685.70215595968875
33 11 42.944010942846944
33 12 659.47369056971183
33 13 59.1939328501212
33 14 629.04311275815417
33 15 77.376771463377736
33 16 594.72503776873964
33 17 97.24203052314806
33 18 556.87119822778186
33 19 118.51945042735679
33 20 515.86567210506473
33 21 140.92217494408033
33 22 472.11823465431735
33 23 164.15004438385949
33 24 426.05780031408358
33 25 187.89303838957494
33 26 378.12592649970611
33 27 211.83481071602728
33 28 328.77053868105577
33 29 235.6562402610507
33 30 278.43998649359492
33 31 259.03892421865748
33 32 227.57752510642604
33 33 281.66854405071717
33 34 176.61629623262343
33 35 303.23804297722745
33 36 125.97486216918696
33 37 323.45056533813477
33 38 76.053326199598814
33 39 342.02212012814925
33 40 27.230053478888294
33 41 358.68394504632306
33 42 -20.141012703334127
33 43 373.18456148796031
33 44 -65.732460802792048
33 45 385.29152432147384
33 46 -109.24498328677146
33 47 394.7928825937197
33 48 -150.40846095644156
33 49 401.49837868739269
33 50 -188.98260293553903
33 51 405.24043097320828
33 52 -224.75745089423071
33 53 405.87429358538429
33 54 -257.55036011787524
33 55 403.29651773163278
33 56 -287.22996130454703
33 57 397.05867321799815
33 58 -313.97515707567436
33 59 393.20987650626193
33 60 -320.71680507215206
33 61 309.43179691576006
33 62 -773.14377127777334
33 63 0
34 0 0
34 1 -97.532787941645438
34 2 722.18506517174319
34 3 -5.961818834521182
34 4 735.5589145504382
34 5 7.8034133025539631
34 6 725.42497234735492
34 7 17.409558552117232
34 8 708.45705177475793
34 9 29.173077138011649
34 10 686.67147237420068
34 11 43.266671707442583
34 12 660.40746870044131
34 13 59.522212535512153
34 14 629.93780442752723
34 15 77.713549217151012
34 16 595.57762730833019
34 17 97.589948688892036
34 18 557.67903500623106
34 19 118.88086668250253
34 20 516.62642039218554
34 21 141.29904844821795
34 22 472.82981996659146
34 23 164.54385779525182
34 24 426.71837630905429
34 25 188.30474522246732
34 26 378.73385592774866
34 27 212.26480603218079
34 28 329.32438629131866
34 29 236.10435162026988
34 30 278.93852120541851
34 31 259.50441998929819
34 32 228.019729161133
34 33 282.15015613568539
34 34 177.00137856309084
34 35 303.73400094276803
34 36 126.30227437284702
34 37 323.9586392169258
34 38 76.322779125348461
34 39 342.53966957749071
34 40 27.441532972716232
34 41 359.20797234894053
34 42 -19.987231826235075
34 43 373.71176699707576
34 44 -65.635803798613779
34 45 385.81836225830557
34 46 -109.204567775123
34 47 395.31561629928547
34 48 -150.42309264572395
34 49 402.0131341690103
34 50 -189.05077597537456
34 51 405.74324865474409
34 52 -224.87734592004927
34 53 406.36118055772386
34 54 -257.71991419105689
34 55 403.76332027562967
34 56 -287.44639405431371
34 57 397.50478292717162
34 58 -314.23414062601296
34 59 393.5781439395214
34 60 -321.15936626269104
34 61 310.39825394145737
34 62 -769.75677611699211
34 63 0
35 0 0
35 1 -100.47138698041636
35 2 723.12571276711424
35 3 -5.2306579561900435
35 4 737.26590017031413
35 5 8.2483579149084107
35 6 727.02647582900681
35 7 17.875795157351604
35 8 710.01486765567279
35 9 29.639609408604883
35 10 688.17768180338135
35 11 43.741995062873684
35 12 661.85604421207245
35 13 60.010449044511915
35 14 631.32359346695921
35 15 78.219377098776022
35 16 596.89614428179993
35 17 98.117586901480536
35 18 558.9262854300614
35 19 119.43398295670704
35 20 517.79883648350733
35 21 141.88061060167456
35 22 473.92419945708752
35 23 165.15603156221914
35 24 427.73184613906778
35 25 188.94882850872818
35 26 379.66385514209833
35 27 212.94119594585936
35 28 330.16866435673364
35 29 236.81254109533256
35 30 279.69514854930821
35 31 260.24301898814883
35 32 228.68711618002635
35 33 282.91693358823977
35 34 177.57830030404875
35 35 304.52594287453394
35 36 126.78789718165717
35 37 324.77201923484245
35 38 76.716687567568442
35 39 343.37012790501831
35 40 27.743754628772876
35 41 360.05060047727966
35 42 -19.77620535171809
35 43 374.56119475791638
35 44 -65.515000267168944
35 45 386.66884556732839
35 46 -109.17252353692675
35 47 396.16112321709807
35 48 -150.47784739863346
35 49 402.84742837002341
35 50 -189.18987400411424
35 51 406.55996920122561
35 52 -225.09783628947844
35 53 407.1539240499078
35 54 -258.01843854651452
35 55 404.52544902791487
35 56 -287.81862658888713
35 57 398.23512814791684
35 58 -314.67218170746492
35 59 394.1855030006991
35 60 -321.89769860906381
35 61 311.98558983760449
35 62 -764.20894910143033
35 63 0
36 0 0
36 1 -103.40602753444728
36 2 724.64003335994676
36 3 -4.3951243128503847
36 4 739.59260930678283
36 5 8.7925367949992506
36 6 729.23659822095033
36 7 18.442541124841227
36 8 712.16802552385161
36 9 30.208726616365311
36 10 690.26268682250702
36 11 44.32437818309154
36 12 663.86397530209251
36 13 60.612563885342752
36 14 633.24676391971479
36 15 78.848163775546709
36 16 598.72777248415332
36 17 98.779331909781831
36 18 560.66028882355567
36 19 120.13415410478956
36 20 519.42974338317072
36 21 142.62365443755698
36 22 475.44707582574119
36 23 165.9452340277312
36 24 429.14225542745044
36 25 189.78622590566374
36 26 380.95784248071141
36 27 213.82753182024317
36 28 331.34276091004722
36 29 237.74726264491619
36 30 280.74639058104367
36 31 261.22430816712949
36 32 229.61307428204236
36 33 283.94176566735041
36 34 178.37711421861968
36 35 305.59016785218773
36 36 127.45831270422059
36 37 325.87045994887376
36 38 77.258092096599285
36 39 344.49669021796581
36 40 28.156208634300128
36 41 361.19839118100572
36 42 -19.491942441618448
36 43 375.72264346863449
36 44 -65.357451444469916
36 45 387.83582737096367
36 46 -109.13948367488047
36 47 397.32507981398157
36 48 -150.56638112582732
36 49 403.99948549065812
36 50 -189.39632267347406
36 51 407.6910494063668
36 52 -225.41782532243815
36 53 408.25486332778382
36 54 -258.4469888233798
36 55 405.58674376143244
36 56 -288.34951482394899
36 57 399.25465106307456
36 58 -315.29357094086663
36 59 395.03738721577975
36 60 -322.9374458555867
36 61 314.20107494568583
36 62 -756.49967564004328
36 63 0
37 0 0
37 1 -106.25481169768136
37 2 726.705356430557
37 3 -3.4003139944616123
37 4 742.5012115845675
37 5 9.4922022128685057
37 6 732.00850561647712
37 7 19.167221887528285
37 8 714.86327876186806
37 9 30.939579568212139
37 10 692.86878675143271
37 11 45.074488156160442
37 12 666.37062764698385
37 13 61.390276096062735
37 14 635.64502468125283
37 15 79.662083118137161
37 16 601.00967644416414
37 17 99.637158564291894
37 18 562.81864963807493
37 19 121.04248884838853
37 20 521.45805909162846
37 21 143.58777116285637
37 22 477.33945233403574
37 23 166.96892328127433
37 24 430.89336613775231
37 25 190.8716976231517
37 26 382.56291601328485
37 27 214.97537205732442
37 28 332.79759205697701
37 29 238.95643868172556
37 30 282.04736863699509
37 31 262.49221393754851
37 32 230.75722318708358
37 33 285.26430133979375
37 34 179.36213944267365
37 35 306.96184600174092
37 36 128.28265014377394
37 37 327.28453196568807
37 38 77.920955050103657
37 39 345.9452869492452
37 40 28.657630195993988
37 41 362.67267230414291
37 42 -19.15107466174959
37 43 377.21295127539634
37 44 -65.175369365988445
37 45 389.3318410291613
37 46 -109.11352259199703
37 47 398.81596711666134
37 48 -150.69297410263971
37 49 405.47404959170308
37 50 -189.67100575082441
37 51 409.13786946248365
37 52 -225.83524439596658
37 53 409.66244091578119
37 54 -259.00102574496486
37 55 406.9431829975656
37 56 -289.03255405339223
37 57 400.55740811340002
37 58 -316.09034850816897
37 59 396.12624626670367
37 60 -324.2702444367751
37 61 317.03891453389588
37 62 -746.60605182543804
37 63 0
38 0 0
38 1 -109.12082698268932
38 2 729.34485273776772
38 3 -2.3264662786459667
38 4 746.03046415404606
38 5 10.26891199558122
38 6 735.39381726277497
38 7 19.9709500066092
38 8 718.16132949038547
38 9 31.7523506055295
38 10 696.06328945042151
38 11 45.911781683116715
38 12 669.44799717134629
38 13 62.262870375207058
38 14 638.59343173930938
38 15 80.580950924513672
38 16 603.81854019055936
38 17 100.61217799375299
38 18 565.478399192898
38 19 122.08216564886243
38 20 523.96001224792599
38 21 144.69895182287473
38 22 479.67572621701038
38 23 168.15659731719279
38 24 433.05683260541628
38 25 192.13887463820356
38 26 384.54719133369508
38 27 216.32302629086553
38 28 334.59705410905372
38 29 240.38351281205905
38 30 283.65719416569846
38 31 263.99567339012719
38 32 232.17343861006157
38 33 286.83923047765347
38 34 180.58167805747871
38 35 308.60157755796536
38 36 129.30341119954392
38 37 328.98080179393219
38 38 78.741859681485948
38 39 347.68840665719836
38 40 29.278670172061538
38 41 364.45171349441807
38 42 -18.728797272160591
38 43 379.01593562992275
38 44 -64.949614409215428
38 45 391.14593159865763
38 46 -109.08089642498453
38 47 400.62765722268523
38 48 -150.84892733057131
38 49 407.26934612393961
38 50 -190.00984498234175
38 51 410.90246884323278
38 52 -226.35014656771091
38 53 411.38191229492804
38 54 -259.68419012087907
38 55 408.60258678776518
38 56 -289.87438597596338
38 57 402.15310383473479
38 58 -317.07155528692965
38 59 397.46260977153725
38 60 -325.90744057188203
38 61 320.51270277406729
38 62 -734.52887684197776
38 63 0
39 0 0
39 1 -111.87720046450522
39 2 732.52877808158701
39 3 -1.0854026754714141
39 4 750.12760000277012
39 5 11.21152121754676
39 6 739.32568278110011
39 7 20.943671580653245
39 8 721.9853824551592
39 9 32.739010288196368
39 10 699.76247872318709
39 11 46.930030362091202
39 12 673.00777903938069
39 13 63.325284190796083
39 14 642.00104021665538
39 15 81.700024128394944
39 16 607.06247008965875
39 17 101.79902709523958
39 18 568.54818760143644
39 19 123.34623668834865
39 20 526.84611891891109
39 21 146.04771849917597
39 22 482.36944591053543
39 23 169.5953533840111
39 24 435.55025276873494
39 25 193.67060746162679
39 26 386.83318738321759
39 27 217.94836559365649
39 28 336.66931443576686
39 29 242.10074529946723
39 30 285.51026780405664
39 31 265.80081437259651
39 32 233.80279758384859
39 33 288.72614218471426
39 34 181.983788195339
39 35 310.56212485509604
39 36 130.47580429201844
39 37 331.00503623018085
39 38 79.683202375235851
39 39 349.76477027157671
39 40 29.988825474447367
39 41 366.56725521879707
39 42 -18.248719516122947
39 43 381.15653376280534
39 44 -64.697219761455926
39 45 393.29651702928459
39 46 -109.05248224162278
39 47 402.77243323316725
39 48 -151.03947425814113
39 49 409.39200137017906
39 50 -190.41302384721348
39 51 412.98638096805007
39 52 -226.95832889212397
39 53 413.41036157973576
39 54 -260.4886117865135
39 55 410.55830482719102
39 56 -290.86422620139274
39 57 404.03217383300216
39 58 -318.22425254404152
39 59 399.03446835296563
39 60 -327.83551494048879
39 61 324.6132284630221
39 62 -720.23207535494294
39 63 0
40 0 0
40 1 -114.67446715869301
40 2 736.28557495908353
40 3 0.20869807144663355
40 4 754.84401066887585
40 5 12.208566141680421
40 6 743.87356427223494
40 7 21.973682675024975
40 8 726.4177145884787
40 9 33.786846506700385
40 10 704.05796481054495
40 11 48.015754526886667
40 12 677.14822936295604
40 13 64.464003219200094
40 14 645.97047608003777
40 15 82.906701925367088
40 16 610.84646294489175
40 17 103.08705694797027
40 18 572.13359663705887
40 19 124.72705767549996
40 20 530.22094333528003
40 21 147.53045014685995
40 22 485.52272443771471
40 23 171.18654392902499
40 24 438.47201824291915
40 25 195.37408001042422
40 26 389.51446459805084
40 27 219.76515291726173
40 28 339.10215252035414
40 29 244.0291026914565
40 30 287.68779764050123
40 31 267.8362993265182
40 32 235.71930552179765
40 33 290.86174949952692
40 34 183.63479788376935
40 35 312.78846604436694
40 36 131.85815971610282
40 37 333.31055245753305
40 38 80.795145981937821
40 39 352.13596974017491
40 40 30.830066907583387
40 41 368.98896590855657
40 42 -17.676947902600659
40 43 383.61216421662903
40 44 -64.392122669687524
40 45 395.76831928798129
40 46 -109.00967847646825
40 47 405.24176216649721
40 48 -151.25299108831314
40 49 411.83956718668924
40 50 -190.87531020431925
40 51 415.39249119750821
40 52 -227.66027386751375
40 53 415.75517434466747
40 54 -261.41973553421849
40 55 412.82131491016116
40 56 -292.01166869370354
40 57 406.20824054258264
40 58 -319.56135129576069
40 59 400.85659511532867
40 60 -330.07060067120619
40 61 329.35964393345785
40 62 -703.71654942391615
40 63 0
41 0 0
41 1 -117.34642359897407
41 2 740.57795030171292
41 3 1.6737335158722999
41 4 760.11256589936238
41 5 13.378464092284048
41 6 748.95161887411632
41 7 23.180730698868501
41 8 731.3592602827157
41 9 35.018153704413635
41 10 708.84142959926066
41 11 49.293517434989553
41 12 681.75484163361944
41 13 65.805036280153217
41 14 650.38360587550414
41 15 84.327338453249467
41 16 615.05098393581648
41 17 104.60174321451632
41 18 576.11565603679082
41 19 126.34796783004276
41 20 533.9678235543488
41 21 149.26711554608119
41 22 489.022748536172
41 23 173.04559805779718
41 24 441.71450978751636
41 25 197.35910647113997
41 26 392.48975263035391
41 27 221.87662801798069
41 28 341.80161303538625
41 29 246.26442226463041
41 30 290.1039225207569
41 31 270.18987799465322
41 32 237.84578896766106
41 33 293.32517999591801
41 34 185.46663262668517
41 35 315.35072630504146
41 36 133.39173469830712
41 37 335.95824960457321
41 38 82.028339272710582
41 39 354.85360955362921
41 40 31.762328751483437
41 41 371.75923897621033
41 42 -17.04452583908278
41 43 386.41624025785859
41 44 -64.05675479754791
41 45 398.5861427963755
41 46 -108.96685103034542
41 47 408.05234386880329
41 48 -151.49644702887599
41 49 414.62126645228636
41 50 -191.39705417501318
41 51 418.12328699961654
41 52 -228.45058280154262
41 53 418.41294934101825
41 54 -262.46735843642455
41 55 415.38326839827278
41 56 -293.30269647971363
41 57 408.66909018859587
41 58 -321.06602162684794
41 59 402.91350890129252
41 60 -332.59516259249722
41 61 334.74032911726681
41 62 -684.93417087438502
41 63 0
42 0 0
42 1 -120.08408241399593
42 2 745.44034732753062
42 3 3.1660265563004941
42 4 765.99690121383901
42 5 14.58048513995891
42 6 754.64618604996758
42 7 24.423645123761162
42 8 736.91257063046578
42 9 36.290374822556259
42 10 714.22728703964822
42 11 50.619699504750315
42 12 686.95052797806966
42 13 67.204633739947894
42 14 655.36898495679452
42 15 85.819254871921657
42 16 619.80771972116599
42 17 106.2027914031205
42 18 580.62693627789486
42 19 128.07238919663178
42 20 538.21819372501523
42 21 151.12614290160309
42 22 492.99800588187281
42 23 175.04715497693724
42 24 445.40166129536374
42 25 199.50762613802908
42 26 395.87702445942341
42 27 224.17298138748265
42 28 344.87850081177385
42 29 248.70594243111555
42 30 292.86127120258243
42 31 272.77046743847677
42 32 240.27589209936195
42 33 296.03548669001611
42 34 187.5633407848909
42 35 318.1783753120726
42 36 135.15056483583976
42 37 338.88811681208608
42 38 83.446578253187909
42 39 357.86812627520703
42 40 32.839124673955666
42 41 374.8387164819178
42 42 -16.308088436289836
42 43 389.5392047866153
42 44 -63.657598877853161
42 45 401.72967343323762
42 46 -108.89987212294727
42 47 411.1924067842665
42 48 -151.75450046172045
42 49 417.73304034222747
42 50 -191.97096540892744
42 51 421.18147541714279
42 52 -229.3291653131746
42 53 421.39210861478205
42 54 -263.63764186498884
42 55 418.25715564982602
42 56 -294.74869497789769
42 57 411.43108709320586
42 58 -322.75381857971297
42 59 405.22303878560706
42 60 -335.42884611961199
42 61 340.77892906907437
42 62 -663.88411587467999
42 63 0
43 0 0
43 1 -122.68933788277536
43 2 750.82726563096003
43 3 4.8284966567280208
43 4 772.41624003931975
43 5 15.958595156462252
43 6 760.8537437022278
43 7 25.848385683957531
43 8 742.95796028422956
43 9 37.752834697357684
43 10 720.08444856805909
43 11 52.146603172786854
43 12 692.59648682873376
43 13 68.81704130705657
43 14 660.78319609914615
43 15 87.537279114258126
43 16 624.97133858983034
43 17 108.04410553646449
43 18 585.5225848677037
43 19 130.05175606508601
43 20 542.82981034816657
43 21 153.25498108609281
43 22 497.3107486250683
43 23 177.33324064010958
43 24 449.40187359543415
43 25 201.95491852632586
43 26 399.55225317385157
43 27 226.78156249185122
43 28 348.21755679672606
43 29 251.47205856228538
43 30 295.85432152998692
43 31 275.68665840931317
43 32 242.9145732435245
43 33 299.09078843957104
43 34 189.84088211482231
43 35 321.35858107267268
43 36 137.06191457458772
43 37 342.17608372273389
43 38 84.988523042284214
43 39 361.24411379887533
43 40 34.010397530437331
43 41 378.2807458719617
43 42 -15.506716692925693
43 43 393.02342935343404
43 44 -63.223248173471802
43 45 405.23075078908732
43 46 -108.8275040501685
43 47 414.68386654059941
43 48 -152.03689199552173
43 49 421.18764085898874
43 50 -192.59870740597762
43 51 424.57154653448015
43 52 -230.29066843491819
43 53 424.68991150599322
43 54 -264.91937093169327
43 55 421.43415353166347
43 56 -296.33379998585951
43 57 414.48064773703663
43 58 -324.60546012771374
43 59 407.76753345426187
43 60 -338.55160758093916
43 61 347.46274635608643
43 62 -640.50768066863384
43 63 0
44 0 0
44 1 -125.38487875985993
44 2 756.7800954689119
44 3 6.4935657746900688
44 4 779.44598984345248
44 5 17.34753544724299
44 6 767.67631190932661
44 7 27.288543060421944
44 8 749.61663349313312
44 9 39.236981757539979
44 10 726.54825836480086
44 11 53.704001828691617
44 12 698.83827629269035
44 13 70.471514754899545
44 14 666.77866382747197
44 15 89.311612418896402
44 16 630.69817493328628
44 17 109.95842281431578
44 18 590.96019201660965
44 19 132.12295143603114
44 20 547.95912614054032
44 21 155.49621674608716
44 22 502.11414085197248
44 23 179.75360210016333
44 24 453.86310592334667
44 25 204.55921064694849
44 26 403.65650987155277
44 27 229.57023412004673
44 28 351.95151422158233
44 29 254.4412416511932
44 30 299.20625352701791
44 31 278.82830540875148
44 32 245.87447830413112
44 33 302.39289204132547
44 34 192.40062148924153
44 35 324.80546061037785
44 36 139.2153510892058
44 37 345.74872275925372
44 38 86.73165293657803
44 39 364.92053544634473
44 40 35.341468560545763
44 41 382.03641272502864
44 42 -14.587106102226244
44 43 396.83165711039692
44 44 -62.712072463000368
44 45 409.06312600554884
44 46 -108.71925873061627
44 47 418.51066030176298
44 48 -152.32356832939331
44 49 424.97821247025058
44 50 -193.2697946585904
44 51 428.29473130723272
44 52 -231.33316564099005
44 53 428.31442912074635
44 54 -266.31804992121033
44 55 424.92781130931689
44 56 -298.06971970174345
44 57 417.83538501931616
44 58 -326.63759222941735
44 59 410.56636916891875
44 60 -341.98498836985891
44 61 354.8185675640525
44 62 -614.79999308176048
44 63 0
45 0 0
45 1 -127.94973729910453
45 2 763.24431965417716
45 3 8.3234574674406758
45 4 786.99259512973185
45 5 18.9119394917725
45 6 774.99428917349178
45 7 28.911925892316503
45 8 756.75030111028718
45 9 40.915166630384192
45 10 733.46709795600873
45 11 55.468223183652299
45 12 705.51513528585019
45 13 72.34708447185767
45 14 673.18902390525182
45 15 91.322357741319138
45 16 636.81936647981274
45 17 112.1251323411343
45 18 596.77116331044999
45 19 134.46282421796241
45 20 553.44028656350019
45 21 158.02236955551052
45 22 507.24726680186905
45 23 182.47473232690936
45 24 458.63131598480322
45 25 207.47940300793744
45 26 408.04429945637821
45 27 232.68890080885285
45 28 355.94483828162993
45 29 257.75318144383164
45 30 302.79264509545101
45 31 282.32386587774272
45 32 249.04319049028345
45 33 306.05821803533217
45 34 195.14278170618127
45 35 328.62281264556259
45 36 141.52411741292781
45 37 349.69684932093514
45 38 88.602364292000857
45 39 368.97508456377182
45 40 36.771781310562801
45 41 386.17036897221624
45 42 -13.597100144124852
45 43 401.01579262454834
45 44 -62.159750916634948
45 45 413.266454739869
45 46 -108.59939912961636
45 47 422.70088721352295
45 48 -152.62830563642638
45 49 429.12217070352199
45 50 -193.98860764567871
45 51 432.35880189058662
45 52 -232.45287219424426
45 53 432.26498326021101
45 54 -267.82307369330738
45 55 428.73033092973856
45 56 -299.94044568866229
45 57 421.4819157709826
45 58 -328.83025072578675
45 59 413.60132348700063
45 60 -345.70829114954904
45 61 362.83425686178816
45 62 -586.69359179930325
45 63 0
46 0 0
46 1 -130.62775651633274
46 2 770.26950726235555
46 3 10.133413348967224
46 4 795.14277852013038
46 5 20.467729672191126
46 6 782.92405983120261
46 7 30.531996253557736
46 8 764.49699731711007
46 9 42.597509394681765
46 10 740.99511280678598
46 11 57.246724816195638
46 12 712.79296880675247
46 13 74.249957407346301
46 14 680.18820295492333
46 15 93.376208030804264
46 16 643.51354166660713
46 17 114.35328293032399
46 18 603.13583383617697
46 19 136.88466383996456
46 20 559.45262012073727
46 21 160.65279158397061
46 22 512.88599885879194
46 23 185.32375085555941
46 24 463.87672847458816
46 25 210.55193041092934
46 26 412.87826520033377
46 27 235.98467341798823
46 28 360.35091748658488
46 29 261.26681643177108
46 30 306.75621946443243
46 31 286.04503202700471
46 32 252.55162170765288
46 33 309.97190215202863
46 34 198.18558195083824
46 35 332.70966376903743
46 36 144.09312138923269
46 37 353.93358376154538
46 38 90.691893399252876
46 39 373.33493580717914
46 40 38.378792902449277
46 41 390.62356785848351
46 42 -12.472884736780543
46 43 405.53006452341833
46 44 -61.515743544759971
46 45 417.80752265481169
46 46 -108.4300705770147
46 47 427.23297098063995
46 48 -152.92514141833635
46 49 433.60847457734053
46 50 -194.74009633313472
46 51 436.76198415028011
46 52 -233.6445042772084
46 53 436.54765152041364
46 54 -269.43763681970267
46 55 432.85409313398304
46 56 -301.95624276529998
46 57 425.43732113244914
46 58 -331.19930613452198
46 59 416.89151616424169
46 60 -349.7430132313184
46 61 371.53812662609198
46 62 -556.17677057284709
46 63 0
47 0 0
47 1 -133.18563467237254
47 2 777.79112178859577
47 3 12.0982883004217
47 4 803.79115234450182
47 5 22.194508846951067
47 6 791.33174959906682
47 7 32.333313123444896
47 8 772.70212707389874
47 9 44.474700558794211
47 10 748.96271909210554
47 11 59.235505119659138
47 12 720.4917367289454
47 13 76.379891322631011
47 14 687.58957734189607
47 15 95.674772450138335
47 16 650.59092046908518
47 17 116.84427213936033
47 18 609.8643409984561
47 19 139.58755849330373
47 20 565.80894456033093
47 21 163.58220976258053
47 22 518.84830579638219
47 23 188.48907569122275
47 24 469.42464852577359
47 25 213.9571024883935
47 26 417.99294972975076
47 27 239.62813511388958
47 28 365.01514715610028
47 29 265.14159223438583
47 30 310.9545521454038
47 31 290.13892672082875
47 32 256.27056631378764
47 33 314.2677983817066
47 34 201.41378616926886
47 35 337.18590082116862
47 36 146.82156218555065
47 37 358.56439967574261
47 38 92.914061281135218
47 39 378.09095609304677
47 40 40.090861898534058
47 41 395.47232544236977
47 42 -11.271907328591624
47 43 410.43653712335981
47 44 -60.82389263042387
47 45 422.73467511790841
47 46 -108.24232733739336
47 47 432.14229265799986
47 48 -153.23336820642908
47 49 438.46050291449501
47 50 -195.53300480197322
47 51 441.51680807544835
47 52 -234.90763356903699
47 53 441.16544312373662
47 54 -271.15364998167024
47 55 437.2940694281624
47 56 -304.10296103013934
47 57 429.69025013235296
47 58 -333.72619402030068
47 59 420.42002253879218
47 60 -354.06998470079998
47 61 380.92052496381257
47 62 -523.1754495127916
47 63 0
48 0 0
48 1 -135.87716135816663
48 2 785.86760917573883
48 3 14.023053995515511
48 4 813.03453633836398
48 5 23.895164889609077
48 6 800.34592083961797
48 7 34.114331600676451
48 8 781.51779641189023
48 9 46.340164504954373
48 10 757.5397587856969
48 11 61.223926581988053
48 12 728.79439311464012
48 13 78.523888504378192
48 14 695.58520448254058
48 15 98.004719751543234
48 16 658.24907633214025
48 17 119.38658911958555
48 18 617.15651572171737
48 19 142.36397600484452
48 20 572.70837758665039
48 21 166.60915247825869
48 22 525.32989472524605
48 23 191.77724453243172
48 24 475.46494616312884
48 25 217.51123962872043
48 26 423.57023353929435
48 27 243.44695507920733
48 28 370.10954512766148
48 29 269.21786094362687
48 30 315.54820927226501
48 31 294.45966881667118
48 32 260.34783778641213
48 33 318.81461346188189
48 34 204.96144387607274
48 35 341.93536909583599
48 36 149.82900357267681
48 37 363.48855825281134
48 38 95.373510436047582
48 39 383.15782808808763
48 40 41.997554939143811
48 41 400.6464855365266
48 42 -9.9195593577405816
48 43 415.67969827269735
48 44 -60.024168368499886
48 45 428.00628354484616
48 46 -107.99009124298209
48 47 437.40011916497679
48 48 -153.52000087887063
48 49 443.66122115206963
48 50 -196.34637026797463
48 51 446.61655225013419
48 52 -236.23205873377628
48 53 446.12039754952093
48 54 -272.970249119453
48 55 442.05935814147779
48 56 -306.38750648108726
48 57 434.25510687598035
48 58 -336.42394338357917
48 59 424.20356373895629
48 60 -358.70847334535938
48 61 391.00940080061264
48 62 -487.6678925086253
48 63 0
49 0 0
49 1 -138.46888223838505
49 2 794.42286755693203
49 3 16.087344170045981
49 4 822.75635740529651
49 5 25.757514822544181
49 6 809.82005181908789
49 7 36.070274637722832
49 8 790.77528815787446
49 9 48.397295586255495
49 10 766.54116594454536
49 11 63.422375819754961
49 12 737.50423159708589
49 13 80.897468694729469
49 14 703.97082559452429
49 15 100.5845107897585
49 16 666.27985806917422
49 17 122.19930294463666
49 18 624.80362453243288
49 19 145.43123569410454
49 20 579.94459958194966
49 21 169.94688762110854
49 22 532.12955644994508
49 23 195.39528907444037
49 24 481.80392331573785
49 25 221.41311540622155
49 26 429.42603246842737
49 27 247.62982549191292
49 28 375.46144134239512
49 29 273.67263604105574
49 30 320.37742813599834
49 31 299.17124275016249
49 32 264.63776331411282
49 33 323.76221445815645
49 34 208.69784300998617
49 35 347.09300209669891
49 36 153.00025452233967
49 37 368.82552089991805
49 38 97.97082524301004
49 39 388.63928159571515
49 40 44.015187870627415
49 41 406.23406308668564
49 42 -8.484124526830783
49 43 421.33213511874601
49 44 -59.170057892288241
49 45 433.68005466390969
49 46 -107.71291202900102
49 47 443.05007194225254
49 48 -153.81174573576573
49 49 449.24119261509077
49 50 -197.19536121556303
49 51 452.07996238900705
49 52 -237.62290189210944
49 53 451.42087695353439
49 54 -274.88415935295052
49 55 447.14954081541691
49 56 -308.79996486419259
49 57 439.12455050758581
49 58 -339.2778240026928
49 59 428.2285711667555
49 60 -363.64334804375176
49 61 401.79975079013275
49 62 -449.57583428981707
49 63 0
50 0 0
50 1 -141.20685953002976
50 2 803.53040848422097
50 3 18.098849210446133
50 4 833.0676029913775
50 5 27.583165592659498
50 6 819.89785935547843
50 7 37.995584767713808
50 8 800.64306195595236
50 9 50.433214698841766
50 10 776.15428220951799
50 11 65.611972036094812
50 12 746.82273346411421
50 13 83.277769346068453
50 14 712.95790410772497
50 15 103.18962563928835
50 16 674.90095121911509
50 17 125.05866654350939
50 18 633.02612547886383
50 19 148.56877858733242
50 20 587.73766944000272
50 21 173.3803671129408
50 22 539.46404979114959
50 23 199.13584670803175
50 24 488.65241224689271
50 25 225.4650369366118
50 26 435.76290767077808
50 27 251.99048353101716
50 28 381.26307217112299
50 29 278.33259518956766
50 30 325.6223655228041
50 31 304.11450713927479
50 32 269.30697067655274
50 33 328.96659702714715
50 34 212.7749424630565
50 35 352.53059505748752
50 36 156.47177625623954
50 37 374.46324743086734
50 38 100.82645025590864
50 39 394.43950898316871
50 40 46.247974910329503
50 41 412.15525920961227
50 42 -6.8775349234329042
50 43 427.32955133146788
50 44 -58.189268435171471
50 45 439.70641962118862
50 46 -107.35362757259281
50 47 449.05628282094767
50 48 -154.06567011382322
50 49 455.17699139168144
50 50 -198.05013679956573
50 51 457.8945873788598
50 52 -239.06206370725158
50 53 457.06375217946515
50 54 -276.88748922969353
50 55 452.56899131231876
50 56 -311.34095345350943
50 57 444.3085961554516
50 58 -342.29515189281301
50 59 432.50742558029742
50 60 -368.88886974679735
50 61 413.31726852149586
50 62 -408.86384444434043
50 63 0
51 0 0
51 1 -143.86386776550353
51 2 813.10774050962209
51 3 20.24036487568992
51 4 843.84811596009968
51 5 29.567752949333226
51 6 830.42887461033388
51 7 40.096479250451011
51 8 810.94758465383165
51 9 52.664801683022233
51 10 786.1881661199277
51 11 68.018608044440043
51 12 756.54625055676661
51 13 85.897492431286082
51 14 722.33426411116852
51 15 106.05709233004745
51 16 683.89544157412274
51 17 128.20342888062441
51 18 641.60582169847657
51 19 152.01445559682725
51 20 595.87125745679259
51 21 177.14399153305749
51 22 547.12176630573595
51 23 203.22744330201203
51 24 495.80608290966666
51 25 229.88740576579403
51 26 442.38606155317939
51 27 256.73916820210252
51 28 387.33111487658789
51 29 283.39601697666694
51 30 331.11279611830469
51 31 309.47424491500897
51 32 274.19962852945901
51 33 334.5977928290722
51 34 217.0522713754508
51 35 358.40246434872824
51 36 160.11909447684047
51 37 380.5396733582711
51 38 103.83221600704928
51 39 400.6797006979923
51 40 48.604038653365933
51 41 418.51445486713601
51 42 -5.175699158144198
51 43 433.75974824471086
51 44 -57.142359247563945
51 45 446.15711499886856
51 46 -106.95834540683791
51 47 455.47521042408334
51 48 -154.31458428452061
51 49 461.5108407790558
51 50 -198.93159657158321
51 51 464.08969355979934
51 52 -240.5601252348788
51 53 463.06682243084651
51 54 -278.98227308469359
51 55 458.32571036612535
51 56 -314.00586318000023
51 57 449.80738812796517
51 58 -345.46666517485392
51 59 437.03298094897036
51 60 -374.43617380290561
51 61 425.56426108149026
51 62 -365.45214282455163
51 63 0
52 0 0
52 1 -146.70152020812566
52 2 823.20806245093081
52 3 22.29430152169698
52 4 855.1857037332411
52 5 31.482673296068242
52 6 841.53386462162416
52 7 42.134115238923187
52 8 821.8352998028422
52 9 54.843504597101855
52 10 796.80936407839908
52 11 70.385900386327194
52 12 766.85689050464134
52 13 88.494944532158115
52 14 732.29354123327539
52 15 108.92266650444071
52 16 693.46478060765548
52 17 131.3696024908495
52 18 650.74852345787804
52 19 155.5072904352528
52 20 604.55231857758918
52 21 180.98243019153415
52 22 555.30783920403337
52 23 207.42285755659395
52 24 503.46553933877658
52 25 234.44336172815383
52 26 449.4891332115003
52 27 261.65138680198652
52 28 393.85009305874519
52 29 288.65250978356016
52 30 337.02227460707945
52 31 315.05560550613154
52 32 279.47677644988289
52 33 340.47762292175321
52 34 221.67712287455288
52 35 364.54791369919803
52 36 164.07484384330928
52 37 386.91207184911036
52 38 107.10550761814375
52 39 407.23526176975611
52 40 51.185242620022109
52 41 425.20503041600932
52 42 -3.2922339642027509
52 43 440.53361580722594
52 44 -55.958081361495715
52 45 452.9597798409668
52 46 -106.47031270991647
52 47 462.25020658994254
52 48 -154.51531677967978
52 49 468.20051578606581
52 50 -199.80897816935794
52 51 470.63596223893001
52 52 -242.09732640088077
52 53 469.41195749923281
52 54 -281.15814450302423
52 55 464.41085537480831
52 56 -316.79193084528379
52 57 455.61943358052304
52 58 -348.79526985491793
52 59 441.80756105447472
52 60 -380.29425262493533
52 61 438.56022007844331
52 62 -319.28857872571825
52 63 0
53 0 0
53 1 -149.57957117758269
53 2 833.67409169454731
53 3 24.37115867905959
53 4 866.89101459000995
53 5 33.457438803452533
53 6 852.99417908686337
53 7 44.252656243770616
53 8 833.06437412034029
53 9 57.127207168150562
53 10 807.75805733992456
53 11 72.883328783746038
53 12 777.48148893874713
53 13 91.248747600047864
53 14 742.55347983012143
53 15 111.97143897447859
53 16 703.3215385092717
53 17 134.74598332550158
53 18 660.16525544227989
53 19 159.2370402022425
53 20 613.49369739787107
53 21 185.08375762280593
53 22 563.74003917767368
53 23 211.9059963717973
53 24 511.35631708802975
53 25 239.31036265025796
53 26 456.80798155558477
53 27 266.89610519383677
53 28 400.56845210756364
53 29 294.2607710451739
53 30 343.11378686879834
53 31 321.00552938345572
53 32 284.91757329902612
53 33 346.74008640536158
53 34 226.44613033548922
53 35 371.08713109432756
53 36 168.15409672403803
53 37 393.68627040516913
53 38 110.48046144424006
53 39 414.19743146775545
53 40 53.845074069158727
53 41 432.30372670564066
53 42 -1.3543462387133332
53 43 447.71379581334259
53 44 -54.7447032886339
53 45 460.16365350283195
53 46 -105.97953491355838
53 47 469.4180855040031
53 48 -154.7405748908659
53 49 475.27164368261765
53 50 -200.73892267760129
53 51 477.54930925520966
53 52 -243.71571604433484
53 53 476.10704544354121
53 54 -283.44425609816426
53 55 470.82612693998271
53 56 -319.71730398936415
53 57 461.74232357429901
53 58 -352.29016365292409
53 59 446.82506514845954
53 60 -386.46897344278841
53 61 452.31443391458015
53 62 -270.29524027852858
53 63 0
54 0 0
54 1 -152.38972622455549
54 2 844.91135057760403
54 3 26.607651170706959
54 4 879.39746808274322
54 5 35.60937065572034
54 6 865.27227232409132
54 7 46.551528981808588
54 8 845.11856019844345
54 9 59.59748116879382
54 10 819.5331309195808
54 11 75.576114346631584
54 12 788.92890997508403
54 13 94.209816359125398
54 14 753.62811973604948
54 15 115.2421867971043
54 16 713.98036048435642
54 17 138.36140316811907
54 18 670.36694276794151
54 19 163.22475858601138
54 20 623.19854425254562
54 21 189.46334702718559
54 22 572.90998087751177
54 23 216.68853920573383
54 24 519.95504956607874
54 25 244.49823285408456
54 26 464.80114860969479
54 27 272.48295048138971
54 28 407.9238860526857
54 29 300.23167969943643
54 30 349.80179062813477
54 31 327.33736334193964
54 32 290.91123179796341
54 33 353.40196068887053
54 34 231.72163986941996
54 35 378.04101846745652
54 36 172.6911009086507
54 37 400.88770912234395
54 38 114.26238363583252
54 39 421.59631404388165
54 40 56.859436909917349
54 41 439.84514837234201
54 42 0.88437694785170606
54 43 455.33894189588864
54 44 -53.285034175587498
54 45 467.81070632277988
54 46 -105.29743575489192
54 47 477.02313318609413
54 48 -154.82947301279637
54 49 482.76957295456668
54 50 -201.58701939294588
54 51 484.87466337405749
54 52 -245.30587677418225
54 53 483.19491126562752
54 54 -285.75447184380209
54 55 477.61036977931326
54 56 -322.71723400754126
54 57 468.20897437669373
54 58 -355.90596260135499
54 59 452.10873809651275
54 60 -392.93496802201844
54 61 466.85649110145278
54 62 -218.38829082980737
54 63 0
55 0 0
55 1 -154.19843243762443
55 2 857.58089874730103
55 3 29.927622915693064
55 4 893.34183367100195
55 5 38.887470600457164
55 6 878.97535748311384
55 7 49.995661726143226
55 8 858.57816729344449
55 9 63.23171786561943
55 10 832.69147576743308
55 11 79.450446366990946
55 12 801.73588914362881
55 13 98.369095377393023
55 14 766.0367925382161
55 15 119.72620462188388
55 16 725.94550059079666
55 17 143.20291867306878
55 18 681.84473381052157
55 19 168.44860485889512
55 20 634.1465320417683
55 21 195.08579732701037
55 22 583.2871393579353
55 23 222.71690880302231
55 24 529.72192351035119
55 25 250.93069475019547
55 26 473.92005949973282
55 27 279.30855380873254
55 28 416.35919218947492
55 29 307.43055739890224
55 30 357.52019142591962
55 31 334.8811121441031
55 32 297.88210564447581
55 33 361.25417379935243
55 34 237.91740471210687
55 35 386.15794934457881
55 36 178.08758684054737
55 37 409.219043712028
55 38 118.83920703326112
55 39 430.08602855820754
55 40 60.600366191465582
55 41 448.43242978345188
55 42 3.7776810756895429
55 43 463.95914913546221
55 44 -51.246263114990143
55 45 476.39635170071415
55 46 -104.11499366114185
55 47 485.50486430940509
55 48 -154.49979592290219
55 49 491.07713717262413
55 50 -202.100987638687
55 51 492.93783376356259
55 52 -246.64864556598332
55 53 490.94443770627549
55 54 -287.90593042913315
55 55 484.97605192210358
55 56 -325.64831985268938
55 57 475.17638642489146
55 58 -359.54195654994692
55 59 457.75935178085092
55 60 -399.64134844581167
55 61 482.24957081401953
55 62 -163.48101802350357
55 63 0
56 0 0
56 1 -158.67714399746546
56 2 868.28351097665291
56 3 30.682236683787778
56 4 905.36529858695758
56 5 39.640192130718788
56 6 890.79930453408451
56 7 50.943335264719281
56 8 870.19751603634177
56 9 64.410369753886698
56 10 844.05207755366973
56 11 80.922441020447877
56 12 812.79225744310679
56 13 100.19132259344588
56 14 776.74580435314056
56 15 121.94925652124766
56 16 736.26501144303802
56 17 145.86923221031611
56 18 691.73341272517064
56 19 171.59159529569479
56 20 643.56388573401091
56 21 198.7292097169302
56 22 592.1936160802943
56 23 226.87439430342238
56 24 538.07908433896046
56 25 255.6056069238366
56 26 481.69081422315685
56 27 284.49396074279321
56 28 423.50809465006023
56 29 313.109458886629
56 30 364.01378606001344
56 31 341.02684635968217
56 32 303.68931531370436
56 33 367.83099362196481
56 34 243.00994868440284
56 35 393.12174645829145
56 36 182.44041753519014
56 37 416.51819663570677
56 38 122.43095412713956
56 39 437.66235016846622
56 40 63.41377706462481
56 41 456.22218962648731
56 42 5.8000466992780275
56 43 471.89414640342875
56 44 -50.022706869867761
56 45 484.40501580557793
56 46 -103.69269907073431
56 47 493.51336139693558
56 48 -154.87557944879882
56 49 499.01046253921777
56 50 -203.26576086517889
56 51 500.72086914383362
56 52 -248.58717034703659
56 53 498.50304318965755
56 54 -290.59725264346525
56 55 492.23506322277899
56 56 -329.0618142045787
56 57 482.11981486474542
56 58 -363.59955403213462
56 59 463.41148183728365
56 60 -406.83999022235184
56 61 498.30812675395464
56 62 -105.58493760868259
56 63 0
57 0 0
57 1 -179.8222857928522
57 2 862.7989495721522
57 3 14.922140030648734
57 4 901.27795193666316
57 5 24.0036435343427
57 6 886.58852355933959
57 7 35.624603793849019
57 8 865.88187890015433
57 9 49.480756075581667
57 10 839.61187937120485
57 11 66.480176099048549
57 12 808.21704795539517
57 13 86.328724239592702
57 14 772.02700922498479
57 15 108.75182963445695
57 16 731.39510961937049
57 17 133.41426263195899
57 18 686.70602248062096
57 19 159.94742196880907
57 20 638.3738567706132
57 21 187.95460325122804
57 22 586.8371191809274
57 23 217.01810424588075
57 24 532.55372037597226
57 25 246.70609232089191
57 26 475.99575107710734
57 27 276.57930662599028
57 28 417.64423218637603
57 29 306.19747146829468
57 30 357.98394430912595
57 31 335.12531361452602
57 32 297.49843918693841
57 33 362.9380944857985
57 34 236.66532155175446
57 35 389.22658914657404
57 36 175.95187621282093
57 37 413.60146571491896
57 38 115.81109802705214
57 39 435.69704110950624
57 40 56.678164440882028
57 41 455.17440987055124
57 42 -1.0326278186312265
57 43 471.7239626643277
57 44 -56.930459447812609
57 45 485.06732862847457
57 46 -110.65013326856388
57 47 494.95878948846439
57 48 -161.85379624857887
57 49 501.18622168042748
57 50 -210.23230788728142
57 51 503.57163239596048
57 52 -255.50598626864485
57 53 501.97187320577541
57 54 -297.42928705331906
57 55 496.26109524751882
57 56 -335.76091875602287
57 57 486.70181851662164
57 58 -370.07435018381329
57 59 467.52553424198595
57 60 -415.71700717213389
57 61 514.33559773954585
57 62 -44.952663824915362
57 63 0
58 0 0
58 1 -188.86948422505156
58 2 870.10172303507716
58 3 11.347621938284647
58 4 909.96574155042254
58 5 20.495297587785899
58 6 895.06414370816856
58 7 32.306331189602133
58 8 874.11684643257104
58 9 46.396569325679593
58 10 847.5500941926839
58 11 63.698998604877488
58 12 815.81038721196819
58 13 83.912714234202213
58 14 779.22929819465026
58 15 106.7568203495739
58 16 738.16263595745113
58 17 131.88914624606696
58 18 692.99815207841675
58 19 158.93371867150563
58 20 644.15341130938941
58 21 187.48600327285203
58 22 592.07065347663956
58 23 217.1201125065636
58 24 537.2117573642754
58 25 247.39580997561461
58 26 480.05299376541188
58 27 277.86535904397169
58 28 421.07975709200218
58 29 308.08007927021208
58 30 360.78137482036254
58 31 337.5964969393408
58 32 299.64609562398437
58 33 365.98199699255929
58 34 238.1563439087131
58 35 392.81990653989851
58 36 176.78431638614711
58 37 417.71396209924205
58 38 115.98797851206655
58 39 440.29213670455647
58 40 56.207502103688967
58 41 460.20982374557207
58 42 -2.1378344627009938
58 43 477.15239520016439
58 44 -58.652279204807201
58 45 490.83716922382337
58 46 -112.96578705923821
58 47 501.01483793127954
58 48 -164.73577574060982
58 49 507.47041325394093
58 50 -213.64852644865095
58 51 510.02376158066909
58 52 -259.41990260207604
58 53 508.53043998699832
58 54 -301.80066345906198
58 55 502.86082009733946
58 56 -340.54154847353857
58 57 493.34080491121313
58 58 -375.16761652227615
58 59 473.12149628737643
58 60 -423.89716896309437
58 61 531.93858767599522
58 62 19.487618476432544
58 63 0
59 0 0
59 1 45.404369035395575
59 2 1121.1367076612078
59 3 250.87028850521165
59 4 1161.7257117222834
59 5 259.18071247019725
59 6 1145.3971358037052
59 7 269.76795880955251
59 8 1122.5217090725437
59 9 282.21039518143698
59 10 1093.4913276969382
59 11 297.44815707886119
59 12 1058.747460132281
59 13 315.1626235819549
59 14 1018.6137543826135
59 15 335.05678810570316
59 16 973.43911840539477
59 17 356.77182668223395
59 18 923.60497521326579
59 19 379.91474069372089
59 20 869.52317399209278
59 21 404.06396059893268
59 22 811.6311776745988
59 23 428.77711044297939
59 24 750.38744728885831
59 25 453.59862351119773
59 26 686.26664465796239
59 27 478.06721295842181
59 28 619.75481250442499
59 29 501.72303434123933
59 30 551.34461351826758
59 31 524.11440846071855
59 32 481.53071528531655
59 33 544.80399670069346
59 34 410.8053984111848
59 35 563.3743465864427
59 36 339.65445287549301
59 37 579.43274943568213
59 38 268.55341303075875
59 39 592.61537726911229
59 40 197.96416491431046
59 41 602.59068937966731
59 42 128.33194241466117
59 43 609.06212148097438
59 44 60.082712110443026
59 45 611.77009017114869
59 46 -6.3790693729970371
59 47 610.49336332530402
59 48 -70.672353206191474
59 49 605.04985729608052
59 50 -132.44112021766341
59 51 595.29693922968363
59 52 -191.35533122494053
59 53 581.1321032581418
59 54 -247.11719975130109
59 55 562.46826844130737
59 56 -299.42135206511011
59 57 539.74812010437745
59 58 -347.68673719440812
59 59 505.04518193292824
59 60 -413.14157809893004
59 61 562.81093603161025
59 62 92.986479950241119
59 63 0
60 0 0
60 1 517.65263906986547
60 2 1610.9144914310036
60 3 728.1297332383474
60 4 1651.412265965746
60 5 734.42858591192817
60 6 1632.2216974117509
60 7 742.09438732282251
60 8 1605.4661778923673
60 9 750.66637937197811
60 10 1571.4712418798626
60 11 761.07167230361483
60 12 1530.6673484360545
60 13 772.97269727409912
60 14 1483.3709811796325
60 15 786.05780969951411
60 16 1429.926776074808
60 17 799.95430797339395
60 18 1370.7136545122012
60 19 814.25605222875674
60 20 1306.1428067430825
60 21 828.52952981511407
60 22 1236.6533164822613
60 23 842.32230574912137
60 24 1162.7080943810597
60 25 855.17138719524155
60 26 1084.7896588245476
60 27 866.6114495781585
60 28 1003.395885561531
60 29 876.18272899590011
60 30 919.03578363030647
60 31 883.43842505196335
60 32 832.22536653124735
60 33 887.95148848817007
60 34 743.48368137293619
60 35 889.32069448333095
60 36 653.32904861179486
60 37 887.17593177989329
60 38 562.27555297709841
60 39 881.18266364745068
60 40 470.8298107743758
60 41 871.04554406778334
60 42 379.48802458913633
60 43 856.51119742351511
60 44 288.73332155399112
60 45 837.37019215845976
60 46 199.03335797266664
60 47 813.458260626021
60 48 110.83816471000318
60 49 784.65683070021441
60 50 24.578166483024688
60 51 750.89295875159223
60 52 -59.337142255344588
60 53 712.13970250596503
60 54 -140.52674811182442
60 55 668.38709237799776
60 56 -218.59161823272188
60 57 620.23953787502251
60 58 -292.80762208827582
60 59 558.62514627733617
60 60 -387.56519759886032
60 61 603.72255315996881
60 62 173.08625833720725
60 63 0
61 0 0
61 1 -1827.1426872502161
61 2 -712.9909365801268
61 3 -1605.5139445768418
61 4 -663.70872130505632
61 5 -1589.3129151663743
61 6 -670.83268077681169
61 7 -1566.5096720908878
61 8 -680.42281300790819
61 9 -1537.653852949461
61 10 -692.25230279243988
61 11 -1501.8249318302423
61 12 -705.87518349043421
61 13 -1459.3489678873084
61 14 -720.95011850592527
61 15 -1410.5207173884082
61 16 -737.10510827140752
61 17 -1355.6973504364578
61 18 -753.93588198835459
61 19 -1295.2742395100358
61 20 -771.01123397937954
61 21 -1229.6818803747556
61 22 -787.88048369347052
61 23 -1159.3803046650919
61 24 -804.08057229419683
61 25 -1084.8535322395492
61 26 -819.14325834873125
61 27 -1006.6040900255757
61 28 -832.6022455491966
61 29 -925.14774046890125
61 30 -844.00012344190145
61 31 -841.00851489665729
61 32 -852.89498769043348
61 33 -754.71411648777575
61 34 -858.86661452150292
61 35 -666.79173322654606
61 36 -861.52207829286453
61 37 -577.7642781765735
61 38 -860.50072120542609
61 39 -488.14705472750575
61 40 -855.47840633353189
61 41 -398.44482590183361
61 42 -846.17101062463007
61 43 -309.14925189904352
61 44 -832.33713821755373
61 45 -220.73664613913024
61 46 -813.78005922374541
61 47 -133.66599022219816
61 48 -790.34889738522907
61 49 -48.377143701827663
61 50 -761.93914473492441
61 51 34.710835916484939
61 52 -728.49194210107271
61 53 115.20243016320819
61 54 -690.00026352341592
61 55 192.69501302119352
61 56 -646.44825625350677
61 57 267.4782600195158
61 58 -597.49802844635269
61 59 328.56453870522273
61 60 -571.17860995958836
61 61 515.24871930723748
61 62 201.18604103345206
61 63 0
62 0 0
62 1 -12399.780843276176
62 2 -11256.713272939578
62 3 -12144.519653685393
62 4 -11162.819049349082
62 5 -12069.824375566895
62 6 -11096.976052368746
62 7 -11958.901868604244
62 8 -11004.435290647052
62 9 -11812.970311711979
62 10 -10885.617036575468
62 11 -11631.715361681927
62 12 -10740.713681616398
62 13 -11416.164865966039
62 14 -10570.129585664745
62 15 -11167.423757632378
62 16 -10374.344125204971
62 17 -10886.763225198592
62 18 -10153.902576200835
62 19 -10575.586878883314
62 20 -9909.4108935844361
62 21 -10235.416037357936
62 22 -9641.5311202690646
62 23 -9867.8713790150141
62 24 -9350.9755992783994
62 25 -9474.6540287587777
62 26 -9038.5008780174303
62 27 -9057.5264884250828
62 28 -8704.9014819683634
62 29 -8618.2938813806231
62 30 -8351.0037439396001
62 31 -8158.7859022135945
62 32 -7977.6598346938954
62 33 -7680.8398072955697
62 34 -7585.7421238197276
62 35 -7186.2847308864275
62 36 -7176.1379890858734
62 37 -6676.9275617900803
62 38 -6749.7451831115995
62 39 -6154.5405630681671
62 40 -6307.4678572775156
62 41 -5620.8508661313772
62 42 -5850.213332655585
62 43 -5077.5319168621991
62 44 -5378.8896952084997
62 45 -4526.1969002694968
62 46 -4894.4042770642682
62 47 -3968.3941178736859
62 48 -4397.6630635484071
62 49 -3405.6042458587399
62 50 -3889.5710796793992
62 51 -2839.239334417698
62 52 -3371.0330541509848
62 53 -2270.6421595160009
62 54 -2842.9632801532989
62 55 -1701.1238118357142
62 56 -2306.2201438222019
62 57 -1131.1879462994057
62 58 -1761.3058045299113
62 59 -573.99882493882615
62 60 -1239.6121762321854
62 61 129.40825893110741
62 62 112.22383342897047
62 63 0
63 0 0
63 1 0
63 2 0
63 3 0
63 4 0
63 5 0
63 6 0
63 7 0
63 8 0
63 9 0
63 10 0
63 11 0
63 12 0
63 13 0
63 14 0
63 15 0
63 16 0
63 17 0
63 18 0
63 19 0
63 20 0
63 21 0
63 22 0
63 23 0
63 24 0
63 25 0
63 26 0
63 27 0
63 28 0
63 29 0
63 30 0
63 31 0
63 32 0
63 33 0
63 34 0
63 35 0
63 36 0
63 37 0
63 38 0
63 39 0
63 40 0
63 41 0
63 42 0
63 43 0
63 44 0
63 45 0
63 46 0
63 47 0
63 48 0
63 49 0
63 50 0
63 51 0
63 52 0
63 53 0
63 54 0
63 55 0
63 56 0
63 57 0
63 58 0
63 59 0
63 60 0
63 61 0
63 62 0
63 63 0
