0 0 2645784.4985024189
0 1 2645784.4985024189
0 2 2606607.0094176754
0 3 2612941.4574082172
0 4 2567595.2436194401
0 5 2549271.1074986644
0 6 2500318.0022207894
0 7 2465978.2249237113
0 8 2419577.2776503698
0 9 2372067.0962597844
0 10 2328934.7284562881
0 11 2272284.9570236211
0 12 2231804.3711868119
0 13 2170300.5803422052
0 14 2131023.4282974489
0 15 2068362.8453429071
0 16 2028859.1048812077
0 17 1967669.3106336431
0 18 1927011.5527635692
0 19 1868732.066344698
0 20 1826619.3748929542
0 21 1771692.7846911612
0 22 1728318.2499419721
0 23 1676532.9013657845
0 24 1632348.0495828029
0 25 1583181.3199466416
0 26 1538681.6852377488
0 27 1491552.1510686867
0 28 1447144.2692836595
0 29 1401549.1939539288
0 30 1357502.2319297877
0 31 1313062.6743936995
0 32 1269517.4589092864
0 33 1225969.4121464193
0 34 1182972.7193838749
0 35 1140137.6486759912
0 36 1097678.8553110554
0 37 1055433.7857774193
0 38 1013473.0896841551
0 39 971728.31043134676
0 40 930214.50472081127
0 41 888899.63761360967
0 42 847779.60033216164
0 43 806835.87135891325
0 44 766058.82916799735
0 45 725435.07243822445
0 46 684954.07656970795
0 47 644604.67652935942
0 48 604376.79567368457
0 49 564260.52915888419
0 50 524246.5359730614
0 51 484325.80157220864
0 52 444489.69793715118
0 53 404729.91248851334
0 54 365038.42641825078
0 55 325407.46650983818
0 56 285829.48822674615
0 57 246297.36567917716
0 58 206804.54062102118
0 59 167343.05931679485
0 60 127897.95872544307
0 61 88458.243460711848
0 62 49097.317725001834
0 63 10000
1 0 2645784.4985024189
1 1 2645784.4985024189
1 2 2606607.0094176754
1 3 2612941.4574082172
1 4 2567595.2436194401
1 5 2549271.1074986644
1 6 2500318.0022207894
1 7 2465978.2249237113
1 8 2419577.2776503698
1 9 2372067.0962597844
1 10 2328934.7284562881
1 11 2272284.9570236211
1 12 2231804.3711868119
1 13 2170300.5803422052
1 14 2131023.4282974489
1 15 2068362.8453429071
1 16 2028859.1048812077
1 17 1967669.3106336431
1 18 1927011.5527635692
1 19 1868732.066344698
1 20 1826619.3748929542
1 21 1771692.7846911612
1 22 1728318.2499419721
1 23 1676532.9013657845
1 24 1632348.0495828029
1 25 1583181.3199466416
1 26 1538681.6852377488
1 27 1491552.1510686867
1 28 1447144.2692836595
1 29 1401549.1939539288
1 30 1357502.2319297877
1 31 1313062.6743936995
1 32 1269517.4589092864
1 33 1225969.4121464193
1 34 1182972.7193838749
1 35 1140137.6486759912
1 36 1097678.8553110554
1 37 1055433.7857774193
1 38 1013473.0896841551
1 39 971728.31043134676
1 40 930214.50472081127
1 41 888899.63761360967
1 42 847779.60033216164
1 43 806835.87135891325
1 44 766058.82916799735
1 45 725435.07243822445
1 46 684954.07656970795
1 47 644604.67652935942
1 48 604376.79567368457
1 49 564260.52915888419
1 50 524246.5359730614
1 51 484325.80157220864
1 52 444489.69793715118
1 53 404729.91248851334
1 54 365038.42641825078
1 55 325407.46650983818
1 56 285829.48822674615
1 57 246297.36567917716
1 58 206804.54062102118
1 59 167343.05931679485
1 60 127897.95872544307
1 61 88458.243460711848
1 62 49097.317725001834
1 63 10000
2 0 2596425.2357598767
2 1 2596425.2357598767
2 2 2557892.7177238022
2 3 2564690.181533244
2 4 2520924.8781947889
2 5 2504268.902018595
2 6 2457702.6376753692
2 7 2425848.8284736252
2 8 2382257.3747032308
2 9 2337696.5936454465
2 10 2297477.1424497031
2 11 2243893.4017594387
2 12 2206177.9458398898
2 13 2147578.1458612462
2 14 2110757.6127915047
2 15 2050655.4020683065
2 16 2013222.6536754775
2 17 1954157.5525733321
2 18 1915172.9973908355
2 19 1858574.3574614043
2 20 1817767.5772797547
2 21 1764119.6359230578
2 22 1721736.733693897
2 23 1670895.5025368226
2 24 1627448.2784908323
2 25 1578964.7523499106
2 26 1535006.4046055155
2 27 1488366.2434362031
2 28 1444353.1015341678
2 29 1399108.4062606173
2 30 1355349.6655965641
2 31 1311163.0922587372
2 32 1267830.0699998729
2 33 1224467.5400199594
2 34 1181629.2964637158
2 35 1138933.0471616297
2 36 1096594.753990981
2 37 1054455.9194314424
2 38 1012588.7452601969
2 39 970927.11328040075
2 40 929487.39698825497
2 41 888238.99988373287
2 42 847178.81313121133
2 43 806289.2556425404
2 44 765561.43753106624
2 45 724982.60474738257
2 46 684542.76708298898
2 47 644231.22448645509
2 48 604038.29731149389
2 49 563954.42748745694
2 50 523970.57682920556
2 51 484077.99857324403
2 52 444268.30290889653
2 53 404533.39114117384
2 54 364865.43809352914
2 55 325256.84754528879
2 56 285700.23804678652
2 57 246188.63283980731
2 58 206715.60856660741
2 59 167273.3564536355
2 60 127847.13822409314
2 61 88426.137359283253
2 62 49082.906311506289
2 63 10000
3 0 2546852.3291142769
3 1 2546852.3291142769
3 2 2508548.2049206127
3 3 2515192.5609457926
3 4 2472537.7165317289
3 5 2457059.3911424465
3 6 2412452.9332977841
3 7 2382646.4314055745
3 8 2341477.5689976653
3 9 2299517.7034943844
3 10 2261903.6379074389
3 11 2211156.5400744588
3 12 2176006.3883997113
3 13 2120214.4413373009
3 14 2085771.8620007075
3 15 2028260.1001109183
3 16 1992935.4693262142
3 17 1936133.0510421833
3 18 1898953.4561485904
3 19 1844247.0580587341
3 20 1804942.6008981203
3 21 1752823.7218953106
3 22 1711662.3273521331
3 23 1662024.9578084811
3 24 1619552.0842902956
3 25 1571999.3184107891
3 26 1528806.7452983346
3 27 1482878.5097288436
3 28 1439461.175591171
3 29 1394758.9001438227
3 30 1351461.4200265924
3 31 1307688.9764110979
3 32 1264713.1174699322
3 33 1221668.9707216267
3 34 1179108.6594428648
3 35 1136659.7764511595
3 36 1094539.6850282336
3 37 1052595.5296121312
3 38 1010901.6633151999
3 39 969395.4173862359
3 40 928095.17784630856
3 41 886972.60818350955
3 42 846026.23139537626
3 43 805240.03228201088
3 44 764606.3766515723
3 45 724113.6408235362
3 46 683752.78829799476
3 47 643513.96084853483
3 48 603388.20828908449
3 49 563366.61664107046
3 50 523440.71569885832
3 51 483602.26469254057
3 52 443843.326713196
3 53 404156.21164193191
3 54 364533.46556107351
3 55 324967.83253703994
3 56 285452.24530980765
3 57 245980.01492947032
3 58 206544.97886123703
3 59 167139.60803442291
3 60 127749.59429632763
3 61 88364.464135697708
3 62 49055.168402585725
3 63 10000
4 0 2507404.1734416289
4 1 2507404.1734416289
4 2 2468830.8981403387
4 3 2474691.0126751293
4 4 2432548.7938918443
4 5 2417629.1911994759
4 6 2374340.2995499657
4 7 2345891.511689289
4 8 2306451.8155625639
4 9 2266374.9927894771
4 10 2230667.3237609072
4 11 2182059.1032189731
4 12 2148814.9117555348
4 13 2095198.4768091317
4 14 2062553.651184022
4 15 2007099.2965007308
4 16 1973408.2332811831
4 17 1918452.4542784144
4 18 1882719.6655150345
4 19 1829607.9584225297
4 20 1791560.2286012371
4 21 1740780.0156078397
4 22 1700692.5409909298
4 23 1652156.6260783274
4 24 1610588.1833292688
4 25 1563929.7535412621
4 26 1521489.1209252977
4 27 1476281.3973452996
4 28 1433482.5919429604
4 29 1389358.7375751298
4 30 1346566.0974671042
4 31 1303257.8939133326
4 32 1260692.249044481
4 33 1218021.5670357312
4 34 1175794.2347166452
4 35 1133647.1024854332
4 36 1091797.8713550656
4 37 1050098.9906512294
4 38 1008626.5084988225
4 39 967321.09749146283
4 40 926203.04034526658
4 41 885246.30259158497
4 42 844451.09745769377
4 43 803803.09988830099
4 44 763296.06740405108
4 45 722919.66544201167
4 46 682665.97251452727
4 47 642526.1368221282
4 48 602492.0982459666
4 49 562555.74274174788
4 50 522709.31681567745
4 51 482945.22700258245
4 52 443256.12279604032
4 53 403634.84856664063
4 54 364074.4404208418
4 55 324568.09498630284
4 56 285109.16555932444
4 57 245691.35032641006
4 58 206308.83891881094
4 59 166954.48221848649
4 60 127614.56103752235
4 61 88279.071232084127
4 62 49016.748560896041
4 63 10000
5 0 2475049.2986141592
5 1 2475049.2986141592
5 2 2435721.3316149958
5 3 2440277.0326551525
5 4 2398145.9424301907
5 5 2383343.2799373018
5 6 2340893.3233387121
5 7 2313335.8506331155
5 8 2275143.3525370895
5 9 2236477.3054275452
5 10 2202215.7639265624
5 11 2155295.1115674237
5 12 2123540.2727293107
5 13 2071693.6475942882
5 14 2040489.8750741989
5 15 1986750.0494285398
5 16 1954403.85245226
5 17 1901022.5854889257
5 18 1866516.4747640581
5 19 1814797.648024291
5 20 1777850.0436704278
5 21 1728270.4735426528
5 22 1689155.3161239356
5 23 1641636.5586733012
5 24 1600915.7884058044
5 25 1555109.7489127282
5 26 1513398.7637495059
5 27 1468900.8861713067
5 28 1426723.148265437
5 29 1383188.5576663255
5 30 1340919.8381441813
5 31 1298100.2364833145
5 32 1255973.7656519094
5 33 1213708.3242644076
5 34 1171847.8064358204
5 35 1130037.2515145261
5 36 1088494.0949904094
5 37 1047075.4681297159
5 38 1005858.7158788065
5 39 964787.51464451139
5 40 923883.82563759352
5 41 883123.76217713789
5 42 842509.14145586779
5 43 802027.28894795955
5 44 761673.35343660344
5 45 721438.31773915933
5 46 681315.42507169629
5 47 641296.89510141185
5 48 601375.63319225388
5 49 561544.40737390902
5 50 521796.26678742189
5 51 482124.35290317808
5 52 442521.98941589176
5 53 402982.64208775596
5 54 363499.92244067992
5 55 324067.56323169515
5 56 284679.41982954845
5 57 245329.65530815965
5 58 206012.88402468726
5 59 166722.41941733696
5 60 127445.26958002803
5 61 88172.00872713147
5 62 48968.58161209774
5 63 10000
6 0 2447671.3501078524
6 1 2447671.3501078524
6 2 2407211.703019686
6 3 2410008.1639180006
6 4 2367483.1225284189
6 5 2352422.4211877314
6 6 2310435.7177897417
6 7 2283393.0523856552
6 8 2246076.9233182222
6 9 2208458.7143301684
6 10 2175298.6661689831
6 11 2129736.3544917796
6 12 2099170.12069637
6 13 2048813.3829648637
6 14 2018804.8340502405
6 15 1966556.5855773713
6 16 1935367.1429375112
6 17 1883394.3466320103
6 18 1849980.770346394
6 19 1799540.1495986006
6 20 1763604.8492461494
6 21 1715154.1922087278
6 22 1676960.7428430519
6 23 1630421.1790363991
6 24 1590525.7938197292
6 25 1545559.3643626517
6 26 1504576.2785997919
6 27 1460793.3195835324
6 28 1419249.0667787876
6 29 1376320.7631946432
6 30 1334597.5481576724
6 31 1292290.9660739342
6 32 1250630.6210880431
6 33 1208798.834960134
6 34 1167334.6516422622
6 35 1125890.6405120075
6 36 1084683.6586704936
6 37 1043575.1205245889
6 38 1002643.4385071825
6 39 961835.06218307733
6 40 921173.4884786678
6 41 880636.85939407034
6 42 840228.52641354455
6 43 799937.42106714274
6 44 759760.06850563968
6 45 719688.77352596447
6 46 679717.96659045911
6 47 639840.9743100988
6 48 600051.71349105274
6 49 560343.88777685713
6 50 520711.40807281644
6 51 481148.21371534507
6 52 441648.36800980452
6 53 402206.02490502573
6 54 362815.43880655133
6 55 323470.94624208432
6 56 284166.97203215025
6 57 244898.20937205671
6 58 205659.75885498151
6 59 166445.46870124535
6 60 127243.20075341369
6 61 88044.206213191952
6 62 48911.082308512501
6 63 10000
7 0 2424634.1822406393
7 1 2424634.1822406393
7 2 2382700.567306221
7 3 2383369.9957675724
7 4 2340094.0002850075
7 5 2324471.2556950869
7 6 2282624.0479920018
7 7 2255785.2765753064
7 8 2219031.78132093
7 9 2182155.7329949741
7 10 2149809.0489797192
7 11 2105322.3105406831
7 12 2075694.2647771791
7 13 2026582.0845906425
7 14 1997563.112658703
7 15 1946606.5982659094
7 16 1916414.1964974445
7 17 1865696.9780392349
7 18 1833258.9433395728
7 19 1783987.1671308752
7 20 1748984.2013219362
7 21 1701590.39432325
7 22 1664269.0689543483
7 23 1618666.6548472825
7 24 1579570.8930442655
7 25 1535424.939151193
7 26 1495161.8860159651
7 27 1452091.3563936213
7 28 1411185.5709697849
7 29 1368872.5573824097
7 30 1327708.5694528706
7 31 1285931.4681819896
7 32 1244756.4898012602
7 33 1203379.2411795168
7 34 1162333.7124887214
7 35 1121279.3387887366
7 36 1080432.1527550211
7 37 1039657.4573386072
7 38 999034.52606876241
7 39 958512.34761733457
7 40 918115.81024933443
7 41 877824.9518001643
7 42 837644.57256153715
7 43 797565.14412087167
7 44 757584.52982566005
7 45 717696.33553373662
7 46 677896.17550039
7 47 638178.49256135197
7 48 598538.23536898498
7 49 558970.07210860914
7 50 519468.81128392671
7 51 480029.23120033916
7 52 440646.17993075086
7 53 401314.54773506569
7 54 362029.28223551268
7 55 322785.37567829527
7 56 283577.87534469372
7 57 244402.05670291852
7 58 205253.55625290881
7 59 166126.81757047051
7 60 127010.66812938843
7 61 87897.122161104373
7 62 48844.905338605262
7 63 10000
8 0 2405318.7669482669
8 1 2405318.7669482669
8 2 2361688.9153215974
8 3 2359951.9458923195
8 4 2315660.3290933147
8 5 2299234.1002174332
8 6 2257273.4779323693
8 7 2230388.4308944303
8 8 2193942.7315078983
8 9 2157561.1202098792
8 10 2125786.5926563437
8 11 2082143.5095572246
8 12 2053237.5732369658
8 13 2005164.4532098912
8 14 1976951.2948980983
8 15 1927113.5669880186
8 16 1897769.1171068768
8 17 1848168.8608408652
8 18 1816590.7780458769
8 19 1768382.1492350041
8 20 1734226.1683296561
8 21 1687813.0308024643
8 22 1651304.4860915099
8 23 1606588.1540066022
8 24 1568254.178870602
8 25 1524898.0547043344
8 26 1485334.3494694778
8 27 1442961.5216448368
8 28 1402686.6922024251
8 29 1360986.1271176275
8 30 1320383.55140996
8 31 1279141.5540645497
8 32 1238460.9065919407
8 33 1197549.5077337739
8 34 1156936.0250356321
8 35 1116286.1281887779
8 36 1075814.7351115586
8 37 1035390.6295180368
8 38 995093.70001388527
8 39 954875.20985857223
8 40 914761.25596939889
8 41 874733.60390256357
8 42 834798.38062528474
8 43 794947.49688659038
8 44 755180.08197510848
8 45 715490.98948153213
8 46 675876.98314259259
8 47 636333.60221738229
8 48 596856.8202994446
8 49 557442.27353861718
8 50 518085.68013932632
8 51 478782.67647173355
8 52 439528.9201752767
8 53 400320.06714418088
8 54 361151.79119343607
8 55 322019.77619359398
8 56 282919.73004549876
8 57 243847.54897521951
8 58 204799.44257780389
8 59 165770.49775059501
8 60 126750.60288690966
8 61 87732.607137412735
8 62 48770.883109237046
8 63 10000
9 0 2389227.9213444614
9 1 2389227.9213444614
9 2 2343724.3328045355
9 3 2339387.3047432532
9 4 2293871.7408509282
9 5 2276461.357075898
9 6 2234185.8124343981
9 7 2207054.1116075357
9 8 2170711.9024809655
9 9 2134617.9153404008
9 10 2103221.2566831317
9 11 2060222.432123271
9 12 2031862.5243540017
9 13 1984647.1695057107
9 14 1957086.8529609072
9 15 1908211.2325602493
9 16 1879586.5689616336
9 17 1830973.8075783497
9 18 1800151.8774528543
9 19 1752903.8555233534
9 20 1719513.7604224107
9 21 1674003.559495568
9 22 1638247.0729264528
9 23 1594360.7885247092
9 24 1556745.5922975952
9 25 1514141.4677493079
9 26 1475249.0162849391
9 27 1433550.7836990766
9 28 1393890.9462329794
9 29 1352791.2217240152
9 30 1312743.5951029803
9 31 1272033.7537526139
9 32 1231848.109087833
9 33 1191405.8739233548
9 34 1151230.2123445007
9 35 1110992.4142626442
9 36 1070906.0235279086
9 37 1030842.8998368833
9 38 990883.30236370442
9 39 950980.49428222806
9 40 911161.58470159408
9 41 871409.88000255416
9 42 831732.69056630181
9 43 792123.24237489339
9 44 752581.8345404272
9 45 713104.49091087538
9 46 673689.06647712272
9 47 634332.15378081589
9 48 595030.72194231499
9 49 555781.35698507074
9 50 516580.67849883699
9 51 477425.18073933275
9 52 438311.33758467122
9 53 399235.5828839466
9 54 360194.33368640306
9 55 321183.98645092594
9 56 282200.93382789101
9 57 243241.71822269601
9 58 204303.14745947151
9 59 165380.98729533597
9 60 126466.26535764721
9 61 87552.723217096194
9 62 48689.946119278597
9 63 10000
10 0 2375772.3677159562
10 1 2375772.3677159562
10 2 2328317.2671911553
10 3 2321270.3995974581
10 4 2274395.9662136235
10 5 2255876.8009865033
10 6 2213135.1363268513
10 7 2185606.5276012896
10 8 2149202.7288354849
10 9 2113234.8655652497
10 10 2082052.9258233216
10 11 2039538.1907115467
10 12 2011572.6007646427
10 13 1965065.3960292628
10 14 1938023.2248654063
10 15 1889976.6074938339
10 16 1861956.3504267659
10 17 1814217.5162390934
10 18 1784055.899602219
10 19 1737675.2488277119
10 20 1704973.798113744
10 21 1660292.8547203916
10 22 1625228.217784479
10 23 1582116.0811928525
10 24 1545174.5901003568
10 25 1503282.0255824917
10 26 1465028.8202083763
10 27 1423977.6925669629
10 28 1384911.7855229389
10 29 1344395.8997061253
10 30 1304891.0408650388
10 31 1264704.5810315621
10 32 1225008.717595251
10 33 1185033.1167142892
10 34 1145295.3071955333
10 35 1105471.6493654633
10 36 1065774.0895162765
10 37 1026077.1919322253
10 38 986461.36101754487
10 39 946881.59845990455
10 40 907365.83430758002
10 41 867898.72902076633
10 42 828488.62849204196
10 43 789129.94199153234
10 44 749824.03161316237
10 45 710568.00138472521
10 46 671360.72541482188
10 47 632199.79169108474
10 48 593083.12035513681
10 49 554008.21404220129
10 50 514972.57039436593
10 51 475973.52668217802
10 52 437008.36544466537
10 53 398074.29707412608
10 54 359168.48571255873
10 55 320288.04873811261
10 56 281430.07558864082
10 57 242591.76883754542
10 58 203770.54900703608
10 59 164962.88493829616
10 60 126161.00551405655
10 61 87359.588554851915
10 62 48603.048590826977
10 63 10000
11 0 2364540.9898622972
11 1 2364540.9898622972
11 2 2315101.3164849286
11 3 2305301.5872585205
11 4 2256983.5325172697
11 5 2237272.4734414471
11 6 2193955.7647906053
11 7 2165911.9595568646
11 8 2129320.3638835521
11 9 2093342.5977921339
11 10 2062246.5506821503
11 11 2020076.2855606882
11 12 1992381.8630769183
11 13 1946449.4087998027
11 14 1919812.7941402989
11 15 1872474.2630982816
11 16 1844958.810615238
11 17 1797988.8003129587
11 18 1768401.8237052721
11 19 1722800.4245759579
11 20 1690715.9264151591
11 21 1646792.7824435716
11 22 1612361.7525566595
11 23 1569967.700676816
11 24 1533654.1604752429
11 25 1492430.704395124
11 26 1454782.203898689
11 27 1414347.350921039
11 28 1375850.5713450413
11 29 1335897.3262484695
11 30 1296918.6144268725
11 31 1257242.1090759097
11 32 1218026.0585420569
11 33 1178509.7702176105
11 34 1139205.0772604269
11 35 1099792.9030153074
11 36 1060483.4162263751
11 37 1021153.5437837194
11 38 981883.63479821244
11 39 942630.18464698654
11 40 903421.76461510104
11 41 864244.20866928436
11 42 825106.75248392951
11 43 786004.85528047848
11 44 746940.83113429334
11 45 707912.76776718686
11 46 668920.47815541702
11 47 629962.47850110417
11 48 591037.58516525954
11 49 552144.1732386623
11 50 513280.58384268545
11 51 474444.9710028703
11 52 435635.4069557066
11 53 396849.86595709989
11 54 358086.25202332961
11 55 319342.400938957
11 56 280616.10038744274
11 57 241905.21695016749
11 58 203207.78874532456
11 59 164521.00148496765
11 60 125838.33154827205
11 61 87155.42373617769
11 62 48511.192484948384
11 63 10000
12 0 2355103.9941123594
12 1 2355103.9941123594
12 2 2303714.6560238879
12 3 2291187.0943820104
12 4 2241390.2365845963
12 5 2220448.5580366128
12 6 2176479.8895105552
12 7 2147841.3642517277
12 8 2110960.7618599348
12 9 2074870.8534420286
12 10 2043752.1385696884
12 11 2001815.1403990199
12 12 1974285.3248350394
12 13 1928816.8732646855
12 14 1902486.4718703688
12 15 1855752.0859589372
12 16 1828651.8930587934
12 17 1782357.4493739351
12 18 1753266.4852550819
12 19 1708363.7280024739
12 20 1676828.7914139465
12 21 1633596.0116928103
12 22 1599742.2607114632
12 23 1558011.5609653951
12 24 1522280.1687595786
12 25 1481682.7009313365
12 26 1444602.7986438507
12 27 1404751.3051577921
12 28 1366796.1967417663
12 29 1327381.3708392722
12 30 1288908.8257486778
12 31 1249725.2673892509
12 32 1210975.3137495641
12 33 1171907.174720824
12 34 1133026.9763565951
12 35 1094019.7465615247
12 36 1055093.7336026784
12 37 1016127.9171349523
12 38 977202.41525507462
12 39 938274.99177648465
12 40 899374.69387299451
12 41 860488.35847989132
12 42 821625.9715386699
12 43 782783.91186952766
12 44 743965.33479202481
12 45 705169.21324126527
12 46 666396.21498029784
12 47 627645.71189176419
12 48 588917.35530364583
12 49 550210.34128058585
12 50 511523.81188263121
12 51 472856.70321415772
12 52 434207.84953609528
12 53 395575.96741393843
12 54 356959.68456995627
12 55 318357.54372138222
12 56 279768.02333851834
12 57 241189.64917548423
12 58 202621.07358823955
12 59 164060.20363652558
12 60 125501.79450585722
12 61 86942.47650007077
12 62 48415.391179197628
12 63 10000
13 0 2347149.3286191518
13 1 2347149.3286191518
13 2 2293884.2430071002
13 3 2278698.9924948853
13 4 2227428.379710902
13 5 2205242.6492080791
13 6 2160577.9851788888
13 7 2131285.4275211692
13 8 2094044.3237626932
13 9 2057757.0500590319
13 10 2026532.7343400721
13 11 1984732.4476215253
13 12 1957281.7749442924
13 13 1912178.9940405698
13 14 1886071.9301196691
13 15 1839847.8449746852
13 16 1813085.5107293457
13 17 1767381.0898115744
13 18 1738715.8768347111
13 19 1694436.5276043767
13 20 1663388.9770339394
13 21 1620782.3367269901
13 22 1587452.2134405272
13 23 1546331.4524338092
13 24 1511137.0992553302
13 25 1471122.263255886
13 26 1434574.0502918884
13 27 1395271.5635665779
13 28 1357828.7894426615
13 29 1318925.8601306307
13 30 1280936.8935391319
13 31 1242226.4089311627
13 32 1203925.7877224188
13 33 1165291.4528463203
13 34 1126823.8646228332
13 35 1088211.7376000637
13 36 1049661.2940198663
13 37 1011053.28641488
13 38 972467.45160797716
13 39 933862.61675226549
13 40 895268.15556749748
13 41 856671.74941100611
13 42 818084.00359408162
13 43 779502.09177877021
13 44 740929.90282544401
13 45 702367.19723122346
13 46 663815.41245143733
13 47 625274.70096339344
13 48 586745.48400224338
13 49 548227.72230236675
13 50 509721.31069731666
13 51 471225.92644669983
13 52 432741.13144445524
13 53 394266.35594995948
13 54 355800.92791448918
13 55 317344.07803104754
13 56 278894.96050865523
13 57 240452.74795958956
13 58 202016.69644302753
13 59 163585.43048319902
13 60 125155.00122209894
13 61 86723.031590558268
13 62 48316.6757417638
13 63 10000
14 0 2340386.0309584052
14 1 2340386.0309584052
14 2 2285354.0130990152
14 3 2267628.4387925924
14 4 2214917.0037499936
14 5 2191505.3200442716
14 6 2146118.9092772803
14 7 2116141.2447655024
14 8 2078484.0797577393
14 9 2041938.8633837041
14 10 2010540.1344357224
14 11 1968800.6979210998
14 12 1941356.1855917473
14 13 1896537.4014553847
14 14 1870581.4748622624
14 15 1824786.6850035111
14 16 1798293.5011344173
14 17 1753102.9977258446
14 18 1724799.9074262029
14 19 1681075.2638393333
14 20 1650457.5503176346
14 21 1608416.9379820165
14 22 1575559.5805328332
14 23 1534997.4920748079
14 24 1500296.2700706758
14 25 1460821.2970608955
14 26 1424767.7662141204
14 27 1385979.3227483488
14 28 1349018.4425218329
14 29 1310599.394564396
14 30 1273069.5846701246
14 31 1234810.1973969219
14 32 1196939.8219874019
14 33 1158722.4582479496
14 34 1120652.9859148986
14 35 1082423.4287800542
14 36 1044237.9120154782
14 37 1005978.7112299635
14 38 967725.05711189006
14 39 929436.65631223738
14 40 891143.07715097209
14 41 852832.70076150994
14 42 814516.63169981202
14 43 776192.72168914392
14 44 737865.4909528062
14 45 699535.39327858249
14 46 661204.55225260812
14 47 622873.82581102103
14 48 584544.33864974172
14 49 546216.7573616592
14 50 507891.67795473209
14 51 469569.47372895939
14 52 431250.39501595136
14 53 392934.55186529475
14 54 354621.94330578711
14 55 316312.46306864207
14 56 278005.91984264448
14 57 239702.11457244464
14 58 201400.89047844231
14 59 163101.57837330099
14 60 124801.52931968382
14 61 86499.355585934318
14 62 48216.068669959917
14 63 10000
15 0 2334582.9910970856
15 1 2334582.9910970856
15 2 2277922.1741600186
15 3 2257799.0859853784
15 4 2203708.8435093011
15 5 2179102.9963506893
15 6 2132993.1232192582
15 7 2102312.1788086947
15 8 2064205.5156141852
15 9 2027354.0900023212
15 10 1995731.2605660271
15 11 1953988.3268749756
15 12 1926492.8767983706
15 13 1881886.7759862808
15 14 1856022.479287474
15 15 1810584.853130026
15 16 1784301.8797837386
15 17 1739556.3701301159
15 18 1711558.9733933387
15 19 1668325.7616851199
15 20 1638085.3340596871
15 21 1596554.3824209771
15 22 1564122.0745789709
15 23 1524069.6151446833
15 24 1489819.2338014168
15 25 1450842.2751269494
15 26 1415246.8064605065
15 27 1376937.3020380572
15 28 1340427.3044115063
15 29 1302463.1601725635
15 30 1265366.7993572548
15 31 1227534.9694858561
15 32 1190073.9643290949
15 33 1152254.7667775825
15 34 1114566.8025596086
15 35 1076705.06285984
15 36 1038871.5371580037
15 37 1000949.8023315913
15 38 963018.48258863541
15 39 925038.00107464276
15 40 887038.0063842797
15 41 849007.44931923121
15 42 810957.82533688529
15 43 772887.55669504101
15 44 734801.6998068617
15 45 696701.31247378082
15 46 658589.12408059742
15 47 620466.6245690115
15 48 582335.57599528471
15 49 544197.29119547212
15 50 506053.0139711423
15 51 467903.76594073896
15 52 429750.44338090438
15 53 391593.79836109409
15 54 353434.46749662072
15 55 315272.97788655118
15 56 277109.76639515447
15 57 238945.23865032411
15 58 200779.80349931333
15 59 162613.4805262888
15 60 124444.91242973914
15 61 86273.688048069525
15 62 48114.580530821557
15 63 10000
16 0 2329561.3369532768
16 1 2329561.3369532768
16 2 2271417.5850029928
16 3 2249066.2248752601
16 4 2193670.7140399516
16 5 2167922.493187333
16 6 2121096.7660612357
16 7 2089713.7520398449
16 8 2051134.5714586037
16 9 2013946.1787505385
16 10 1982060.0185056399
16 11 1940264.2565297787
16 12 1912670.6911225773
16 13 1868218.3590809051
16 14 1842395.0731861072
16 15 1797252.3852755181
16 16 1771128.217955373
16 17 1726766.4319195873
16 18 1699024.3273517308
16 19 1656224.943756846
16 20 1626313.7567173098
16 21 1585240.0495923585
16 22 1553188.1495484172
16 23 1513598.7607919245
16 24 1479758.7304418199
16 25 1441239.19785511
16 26 1406065.8915215435
16 27 1368200.4860222598
16 28 1332110.2021609005
16 29 1294571.4645320505
16 30 1257882.006511135
16 31 1220453.0839976333
16 32 1183379.2330062957
16 33 1145937.8654319027
16 34 1108613.1152669068
16 35 1071102.6319609119
16 36 1033606.2600499144
16 37 996008.6820383278
16 38 958387.8383936173
16 39 920704.72583951219
16 40 882988.97621909308
16 41 845229.9945461991
16 42 807439.57105899346
16 43 769616.60099649173
16 44 731766.58972440427
16 45 693891.11586839531
16 46 655993.43871631287
16 47 618075.60972707032
16 48 580139.96388600022
16 49 542188.40118975716
16 50 504222.75939856406
16 51 466244.65942225297
16 52 428255.59895494423
16 53 390256.93166432186
16 54 352249.89508290059
16 55 314235.61638093571
16 56 276215.13029873825
16 57 238189.41937097657
16 58 200159.43248530716
16 59 162125.85504575371
16 60 124088.60181269336
16 61 86048.216887204762
16 62 48013.198592435314
16 63 10000
17 0 2325156.8609239776
17 1 2325156.8609239776
17 2 2265694.0529655856
17 3 2241293.7180537586
17 4 2184685.1124182404
17 5 2157852.7850648691
17 6 2110335.3716486553
17 7 2078260.1089074202
17 8 2039201.4389535945
17 9 2001654.8689266415
17 10 1969480.3752940467
17 11 1927591.9917287978
17 12 1899865.252054878
17 13 1855516.6623811836
17 14 1829693.7674474826
17 15 1784791.6093788163
17 16 1758782.8658386595
17 17 1714750.0533499981
17 18 1687219.0747009537
17 19 1644801.0631745078
17 20 1615175.7165932413
17 21 1574510.6480580864
17 22 1542797.7642599719
17 23 1503627.46878633
17 24 1470159.3477493895
17 25 1432058.1552156787
17 26 1397272.1467397243
17 27 1359816.5930423546
17 28 1324115.0604238734
17 29 1286972.0879978274
17 30 1250662.5366107787
17 31 1213611.1531032831
17 32 1176901.2917568735
17 33 1139816.2734221802
17 34 1102835.135177861
17 35 1065657.9049508274
17 36 1028482.3001050429
17 37 991193.93732487294
17 38 953870.01778928563
17 39 916471.98802482896
17 40 879029.3828686123
17 41 841531.96056244895
17 42 803991.72234807862
17 43 766407.94923671032
17 44 728786.51681990619
17 45 691129.44818278495
17 46 653440.46191871597
17 47 615722.10443307378
17 48 577977.22189329402
17 49 540208.24395973177
17 50 502417.54913293908
17 51 464607.30835339118
17 52 426779.57523036771
17 53 388936.26299481437
17 54 351079.17125926731
17 55 313209.99131952773
17 56 275330.32244108559
17 57 237441.69306709958
17 58 199545.56335197357
17 59 161643.25698800231
17 60 123735.93090250218
17 61 85825.055540063768
17 62 47912.876234874166
17 63 10000
18 0 2321272.0990378694
18 1 2321272.0990378694
18 2 2260643.7357747261
18 3 2234382.8338894765
18 4 2176654.2233108613
18 5 2148807.0411843834
18 6 2100626.1880761408
18 7 2067881.0256542841
18 8 2028342.9484922681
18 9 1990429.1353337143
18 10 1957949.3396770677
18 11 1915939.416232584
18 12 1888052.4816412127
18 13 1843766.9439553728
18 14 1817911.2393059209
18 15 1773202.9716333693
18 16 1747272.7201148625
18 17 1703520.4096412028
18 18 1676161.7094428507
18 19 1634077.5143927909
18 20 1604698.7600776544
18 21 1564397.3737756035
18 22 1532985.1492546296
18 23 1494192.5053465096
18 24 1461059.8706696539
18 25 1423339.4982379226
18 26 1388907.0556453022
18 27 1351827.8508050474
18 28 1316484.4941147168
18 29 1279707.7136269144
18 30 1243750.8553169749
18 31 1207051.1733104028
18 32 1170681.4478308698
18 33 1133930.4186847196
18 34 1097272.2490135138
18 35 1060409.0914834018
18 36 1023536.5780947853
18 37 986541.11011512403
18 38 949499.11367192958
18 39 912372.37899421668
18 40 875190.27933897194
18 41 837942.8389223268
18 42 800642.19811114587
18 43 763287.94663923304
18 44 725886.26014130528
18 45 688439.53683832369
18 46 650951.88969527557
18 47 613426.29789601779
18 48 575866.06030541903
18 49 538274.08098419954
18 50 500653.22726910055
18 51 463006.17136792798
18 52 425335.47707806603
18 53 387643.57430435263
18 54 349932.78449236031
18 55 312205.32522144198
18 56 274463.32462106383
18 57 236708.82354715336
18 58 198943.76215845611
18 59 161170.07103901386
18 60 123390.10995020233
18 61 85606.239975560457
18 62 47814.532132623805
18 63 10000
19 0 2317796.322000239
19 1 2317796.322000239
19 2 2256163.3153054863
19 3 2228229.6472618976
19 4 2169484.0872750902
19 5 2140693.7037929911
19 6 2091888.3323390584
19 7 2058501.5851416555
19 8 2018495.478820106
19 9 1980212.9409103594
19 10 1947421.3677472193
19 11 1905268.906523431
19 12 1877204.0400413689
19 13 1832948.4009175492
19 14 1807034.6325555609
19 15 1762480.3537302613
19 16 1736598.2843567561
19 17 1693083.7379702947
19 18 1665863.8311764498
19 19 1624070.5562674771
19 20 1594903.3374515919
19 21 1554924.2793949223
19 22 1523777.4810288656
19 23 1485323.6643719324
19 24 1452492.2645501695
19 25 1415116.9281210576
19 26 1381005.6617169587
19 27 1344270.2761123611
19 28 1309255.1595305887
19 29 1272815.3321645558
19 30 1237184.0144034198
19 31 1200810.0126522563
19 32 1164756.1694120329
19 33 1128316.1800168441
19 34 1091959.5821094916
19 35 1055390.4229173542
19 36 1018802.3128788846
19 37 982082.30838211882
19 38 945306.0431541407
19 39 908435.56164017355
19 40 871500.02584719681
19 41 834489.65192508954
19 42 797416.65909715544
19 43 760280.87884245988
19 44 723088.72528640437
19 45 685842.9097375354
19 46 648547.88061977364
19 47 611206.99258895882
19 48 573823.94252452627
19 49 536402.05646008474
19 50 498944.64062812156
19 51 461454.82092069276
19 52 423935.62607683876
19 53 386389.95964919805
19 54 348820.62398323411
19 55 311230.32392649527
19 56 273621.67922059359
19 57 235997.20784735621
19 58 198359.29690461155
19 59 160710.44932201089
19 60 123054.17985052952
19 61 85393.698571139073
19 62 47719.035815462907
19 63 10000
20 0 2314685.1530268453
20 1 2314685.1530268453
20 2 2252188.8204917503
20 3 2222767.1077280608
20 4 2163102.7341615618
20 5 2133445.5354647553
20 6 2084055.8333531655
20 7 2050063.4021579309
20 8 2009605.5172358793
20 9 1970961.0240172523
20 10 1937857.4098541124
20 11 1895549.2823891514
20 12 1867295.217593784
20 13 1823043.4101463994
20 14 1797052.432131177
20 15 1752618.3852976572
20 16 1726759.6049059383
20 17 1683445.2456757268
20 18 1656335.2195678661
20 19 1614794.1590984848
20 20 1585807.1022955202
20 21 1546112.2851835436
20 22 1515198.4965149001
20 23 1477047.0952577556
20 24 1444484.69183686
20 25 1407420.2518927869
20 26 1373599.0675492201
20 27 1337175.9449611222
20 28 1302459.8082110267
20 29 1266328.0984538849
20 30 1230995.3248152644
20 31 1194920.9154647326
20 32 1159158.4354153473
20 33 1123006.094862384
20 34 1086929.0761974372
20 35 1050633.1114801692
20 36 1014309.8725987046
20 37 977846.95935902453
20 38 941319.21211428673
20 39 904688.85495325725
20 40 867984.80246538727
20 41 831197.40078461613
20 42 794338.89845828421
20 43 757409.31115682982
20 44 720415.23812294903
20 45 683359.64870247839
20 46 646247.27375954157
20 47 609081.79097841843
20 48 571867.24448229419
20 49 534607.33288718329
20 50 497305.75362030102
20 51 459966.04019155266
20 52 422591.64190006332
20 53 385185.89320554538
20 54 347752.03618436021
20 55 310293.22323615267
20 56 272812.52735950437
20 57 235312.90707634133
20 58 197797.16203946658
20 59 160268.33036438146
20 60 122731.02622485219
20 61 85189.261818171639
20 62 47627.212989985477
20 63 10000
21 0 2311868.8832788914
21 1 2311868.8832788914
21 2 2248649.7338813492
21 3 2217917.6644982616
21 4 2157436.1659687427
21 5 2126988.771718544
21 6 2077061.2594926427
21 7 2042503.1632884638
21 8 2001617.4248271948
21 9 1962623.6627725535
21 10 1929215.3729762447
21 11 1886744.8532859252
21 12 1858297.3971926481
21 13 1814029.5581208081
21 14 1787948.5123216324
21 15 1743606.5697355201
21 16 1717751.6006072727
21 17 1674604.724381685
21 18 1647580.1920332958
21 19 1606256.689311018
21 20 1577422.0793633396
21 21 1537976.6432629798
21 22 1507266.2875834119
21 23 1469383.3398384226
21 24 1437059.783441039
21 25 1400273.8421251855
21 26 1366713.0647557285
21 27 1330571.7649905786
21 28 1296126.1844400084
21 29 1260274.3356289878
21 30 1225213.4535190866
21 31 1189412.679074724
21 32 1153916.9815402394
21 33 1118028.6656780022
21 34 1082208.8485604052
21 35 1046164.755869584
21 36 1010086.2214575571
21 37 973861.29312049644
21 38 937564.03196696634
21 39 901156.78100892634
21 40 864668.18388775317
21 41 828088.66618396551
21 42 791430.4664651081
21 43 754693.73611188261
21 44 717885.21408035338
21 45 681008.07961790496
21 46 644067.29893147619
21 47 607066.82527715247
21 48 570011.00336982822
21 49 532903.8583313959
21 50 495749.43365785672
21 51 458551.62631091918
21 52 421314.26305613783
21 53 384041.06725845725
21 54 346735.67979843129
21 55 309401.66070750909
21 56 272042.49729360588
21 57 234661.55124657217
21 58 197261.99957541472
21 59 159847.37637003843
21 60 122423.33278328425
21 61 84994.631740104887
21 62 47539.83070547352
21 63 10000
22 0 2309333.8786897827
22 1 2309333.8786897827
22 2 2245510.4500626442
22 3 2213635.6987634921
22 4 2152431.3833114421
22 5 2121271.3240692518
22 6 2070852.3934213179
22 7 2035772.9017615833
22 8 1994486.5715888718
22 9 1955161.7317657752
22 10 1921460.8588149794
22 11 1878826.9032796905
22 12 1850186.9659956726
22 13 1805888.6176894542
22 14 1779709.566784543
22 15 1735436.4516992543
22 16 1709570.2612975771
22 17 1666562.3693342719
22 18 1639602.7723329258
22 19 1598465.6886902566
22 20 1569758.9711437849
22 21 1530530.8884758318
22 22 1499996.8851869018
22 23 1462350.6068232507
22 24 1430237.61587548
22 25 1393699.3494516772
22 26 1360370.5995090131
22 27 1324481.7164192481
22 28 1290279.0586642353
22 29 1254679.3783900368
22 30 1219864.0917829645
22 31 1184311.1614967778
22 32 1149057.6605400282
22 33 1113409.5850784734
22 34 1077824.2934498391
22 35 1042010.3295589047
22 36 1006155.8047830833
22 37 970149.13358065265
22 38 934063.62512252107
22 39 897861.69279904093
22 40 861571.69696129917
22 41 825184.10227956576
22 42 788711.10723336088
22 43 752152.9586564675
22 44 715516.49710203765
22 45 678805.06996732624
22 46 642023.83723099448
22 47 605176.98497693986
22 48 568269.11581061361
22 49 531304.5385224541
22 50 494287.60013240948
22 51 457222.51886404899
22 52 420113.45727844356
22 53 382964.48656807723
22 54 345779.60596050404
22 55 308562.74325753318
22 56 271317.76082814788
22 57 234048.38567890917
22 58 196758.13647003053
22 59 159451.00238705488
22 60 122133.60294018715
22 61 84811.396459835043
22 62 47457.604952555848
22 63 10000
23 0 2307040.0934235486
23 1 2307040.0934235486
23 2 2242725.0234900499
23 3 2209865.2081279666
23 4 2148031.7912245272
23 5 2116235.7288719844
23 6 2065375.110278303
23 7 2029821.1854186987
23 8 1988166.5209957596
23 9 1948533.2134774986
23 10 1914557.2801924893
23 11 1871763.814086678
23 12 1842937.6106285935
23 13 1798599.1922247952
23 14 1772319.0898690415
23 15 1728096.0614820046
23 16 1702207.9504452227
23 17 1659314.5359121799
23 18 1632403.0274148732
23 19 1591424.6039456341
23 20 1562824.2990472326
23 21 1523784.2985667526
23 22 1493402.0216002015
23 23 1455962.7845406258
23 24 1424033.9499955147
23 25 1387714.1345240276
23 26 1354590.3751224903
23 27 1318925.6023160687
23 28 1284939.1070868268
23 29 1249564.5651023337
23 30 1214969.045576948
23 31 1179638.4576305298
23 32 1144602.6935019316
23 33 1109171.0529230314
23 34 1073797.4570277466
23 35 1038191.606775641
23 36 1002540.020222534
23 37 966731.40994793549
23 38 930838.37249354413
23 39 894823.35422667174
23 40 858714.43015929079
23 41 822502.0731159749
23 42 786198.41994480661
23 43 749803.78039071569
23 44 713325.06538004952
23 45 676765.75480238895
23 46 640131.16616948298
23 47 603425.6802548978
23 48 566654.11877575389
23 49 529821.03463375708
23 50 492931.03851125954
23 51 455988.62983538082
23 52 418998.26691650605
23 53 381964.32886245346
23 54 344891.13353558612
23 55 307782.93700976815
23 56 270643.93749469798
23 57 233478.18932201836
23 58 196289.51692868586
23 59 159082.32246437587
23 60 121864.11974726077
23 61 84641.003863069665
23 62 47381.187818826314
23 63 10000
24 0 2304989.1277700085
24 1 2304989.1277700085
24 2 2240274.9825487421
24 3 2206575.1536184466
24 4 2144198.6367945876
24 5 2111842.1672072709
24 6 2060588.8432735396
24 7 2024609.5909023026
24 8 1982621.0503164418
24 9 1942705.4859061001
24 10 1908475.5023919884
24 11 1865530.5161588287
24 12 1836528.1660815265
24 13 1792144.1654385433
24 14 1765763.8140176507
24 15 1721575.9004930092
24 16 1695658.7089711637
24 17 1652858.6160609752
24 18 1625981.4519227394
24 19 1585136.7968760054
24 20 1556624.0369200031
24 21 1517745.210343878
24 22 1487492.1458795851
24 23 1450232.1902945817
24 24 1418462.7339568713
24 25 1382333.5480651082
24 26 1349388.9271501533
24 27 1313920.936533819
24 28 1280124.6277452731
24 29 1244948.796345517
24 30 1210547.6495001845
24 31 1175414.1804891855
24 32 1140571.8293092281
24 33 1105332.8241115722
24 34 1070147.9828263498
24 35 1034728.0142630454
24 36 999257.98381005693
24 37 963626.84451834403
24 38 927906.52989351901
24 39 892059.49148571992
24 40 856113.52584615047
24 41 820059.09123805386
24 42 783908.24885211361
24 43 747661.34561644739
24 44 711325.33773345093
24 45 674903.80738188419
24 46 638402.19817632658
24 47 601825.05162951688
24 48 565177.37339117331
24 49 528463.9239612472
24 50 491689.54034777411
24 51 454858.96516523039
24 52 417976.91402318049
24 53 381048.03522278671
24 54 344076.92636532249
24 55 307068.13277400797
24 56 270026.14945389534
24 57 232955.32009647708
24 58 195859.73904322396
24 59 158744.17828669271
24 60 121616.96709694443
24 61 84484.775803381737
24 62 47311.174798304761
24 63 10000
25 0 2303160.7381563191
25 1 2303160.7381563191
25 2 2238132.1020327304
25 3 2203726.7737430474
25 4 2140890.402037716
25 5 2108047.7672859561
25 6 2056452.1599522489
25 7 2020098.2759661754
25 8 1977813.4018995115
25 9 1937644.905396736
25 10 1903185.6296257169
25 11 1860100.7843935511
25 12 1830936.272767806
25 13 1786504.902167704
25 14 1760028.7904936965
25 15 1715864.5190101929
25 16 1689914.432582451
25 17 1647189.634450594
25 18 1620335.9928729462
25 19 1579602.906493054
25 20 1551161.2901219008
25 21 1512418.9640264111
25 22 1482274.6073776041
25 23 1445167.9596461656
25 24 1413534.6746585942
25 25 1377569.6607542466
25 26 1344779.4924526545
25 27 1309481.9342762711
25 28 1275850.6374768727
25 29 1240847.7248725281
25 30 1206616.0381133121
25 31 1171654.8037321721
25 32 1136981.7495445679
25 33 1101911.6681877377
25 34 1066892.6194168602
25 35 1031636.1812873799
25 36 996326.11738529417
25 37 960851.573277744
25 38 925283.8782073122
25 39 889585.46971633856
25 40 853783.88079647708
25 41 817869.53985122161
25 42 781854.4252016244
25 43 745738.90143804275
25 44 709529.95055406855
25 45 673231.23184289655
25 46 636848.28805675288
25 47 600385.79141897231
25 48 563848.89973844611
25 49 527242.54751618369
25 50 490571.76320540131
25 51 453841.4966192607
25 52 417056.68384640175
25 53 380222.20492633572
25 54 343342.89923497953
25 55 306423.56294697116
25 56 269468.94917095499
25 57 232483.65321221217
25 58 195472.00364082333
25 59 158439.09846702529
25 60 121393.99940807345
25 61 84343.888150890663
25 62 47248.095036457911
25 63 10000
26 0 2301562.1897766124
26 1 2301562.1897766124
26 2 2236287.5784441489
26 3 2201299.2516073664
26 4 2138079.4548263047
26 5 2104823.1069108043
26 6 2052934.7025188049
26 7 2016257.7938442782
26 8 1973715.4906102654
26 9 1933325.6743884962
26 10 1898664.3213331038
26 11 1855454.1125631521
26 12 1826144.2825557713
26 13 1781666.705510457
26 14 1755102.2025867668
26 15 1710952.9235227997
26 16 1684968.8211824989
26 17 1642303.8514235795
26 18 1615465.3074964115
26 19 1574823.8184768229
26 20 1546438.9936217985
26 21 1507810.3630000567
26 22 1477755.8960372498
26 23 1440778.0893242925
26 24 1409259.0999479361
26 25 1373432.9610586686
26 26 1340773.5565213927
26 27 1305620.9217485602
26 28 1272130.1553144851
26 29 1237274.9231920466
26 30 1203188.2071858421
26 31 1168374.6252608022
26 32 1133846.9423969828
26 33 1098922.1608882651
26 34 1064045.9363646926
26 35 1028930.5862518601
26 36 993758.73165590153
26 37 958419.67077942414
26 38 922984.19506080437
26 39 887414.71608329169
26 40 851738.52496373199
26 41 815946.01124868402
26 42 780049.06899332441
26 43 744048.06625291856
26 44 707949.99616452237
26 45 671758.57431694225
26 46 635479.41952390072
26 47 599117.30812656507
26 48 562677.52132256969
26 49 526165.136606846
26 50 489585.34119809914
26 51 452943.25795570953
26 52 416244.0081238905
26 53 379492.66721099062
26 54 342694.27929989807
26 55 305853.85365027928
26 56 268976.36317920667
26 57 232066.61734207961
26 58 195129.14352693292
26 59 158169.32140241412
26 60 121196.85853724678
26 61 84219.382093391148
26 62 47192.417113408119
26 63 10000
27 0 2300185.0884314924
27 1 2300185.0884314924
27 2 2234725.3117795866
27 3 2199267.2549561672
27 4 2135737.098300992
27 5 2102138.0656437692
27 6 2050006.7259119065
27 7 2013059.2035131739
27 8 1970300.1534276991
27 9 1929722.6701251823
27 10 1894888.9176432879
27 11 1851570.3838441386
27 12 1822134.7567372704
27 13 1777614.7888296747
27 14 1750971.8955678514
27 15 1706831.4970851119
27 16 1680814.6948696307
27 17 1638196.3901483652
27 18 1611366.6816508772
27 19 1570798.8271237458
27 20 1542458.2933625851
27 21 1503922.2439728668
27 22 1473940.3797777526
27 23 1437068.320182309
27 24 1405642.9695783141
27 25 1369931.4780295189
27 26 1337380.0742755046
27 27 1302347.64262171
27 28 1268973.5838781141
27 29 1234241.3304290539
27 30 1200275.5177651653
27 31 1165585.3212686628
27 32 1131179.3003973835
27 33 1096376.3200858657
27 34 1061619.9936309345
27 35 1026623.2554504052
27 36 991567.75076540525
27 37 956342.89748738008
27 38 921019.02233989956
27 39 885558.50525482418
27 40 849988.42303766403
27 41 814299.12285678461
27 42 778502.41817504889
27 43 742598.67097184923
27 44 706594.87512757664
27 45 670494.7855497374
27 46 634304.07748468383
27 47 598027.60786202562
27 48 561670.75519342371
27 49 525238.7113046376
27 50 488736.79151190718
27 51 452170.25926805497
27 52 415544.38705766865
27 53 378864.41072915104
27 54 342135.54289647372
27 55 305362.96880064713
27 56 268551.84333137807
27 57 231707.15299154096
27 58 194833.58892291784
27 59 157936.76774123768
27 60 121026.95325920105
27 61 84112.150622168236
27 62 47144.542429905327
27 63 10000
28 0 2299037.0965192299
28 1 2299037.0965192299
28 2 2233441.5734512662
28 3 2197617.4972361852
28 4 2133844.8020200324
28 5 2099972.3772960952
28 6 2047647.1015673985
28 7 2010481.6439327376
28 8 1967547.2941018969
28 9 1926817.1694248132
28 10 1891842.3017018717
28 11 1848434.3416485807
28 12 1818894.3799548598
28 13 1774337.8478721168
28 14 1747628.5625405896
28 15 1703492.8990680054
28 16 1677446.6086448734
28 17 1634863.6166218212
28 18 1608038.1894919719
28 19 1567527.6034014234
28 20 1539220.3385301507
28 21 1500757.1121945172
28 22 1470831.7964735215
28 23 1434043.4994618248
28 24 1402692.1190502862
28 25 1367071.9171062645
28 26 1334606.5069569356
28 27 1299670.2042933661
28 28 1266389.5724388259
28 29 1231756.0389492824
28 30 1197887.4125103226
28 31 1163296.5979077057
28 32 1128988.7125768263
28 33 1094284.1431896621
28 34 1059624.8286003938
28 35 1024724.2037814297
28 36 989763.11045564688
28 37 954631.05888112867
28 38 919397.989484953
28 39 884026.24990614923
28 40 848542.73496506887
28 41 812937.75038385019
28 42 777223.03684486263
28 43 741398.94452592975
28 44 705472.461143733
28 45 669447.36711910891
28 46 633329.37735950353
28 47 597123.40840347041
28 48 560834.91225621046
28 49 524469.16838151729
28 50 488031.59122628189
28 51 451527.55383123073
28 52 414962.4472156624
28 53 378341.63342993753
28 54 341670.45822939818
28 55 304954.24633044959
28 56 268198.29718969605
28 57 231407.73760579462
28 58 194587.38775137349
28 59 157743.05622768728
28 60 120885.47098117642
28 61 84022.946349997597
28 62 47104.809198082883
28 63 10000
29 0 2298115.8362960326
29 1 2298115.8362960326
29 2 2232428.1075754808
29 3 2196334.9516647467
29 4 2132384.6724001006
29 5 2098306.9701101482
29 6 2045836.6646127931
29 7 2008506.2657346281
29 8 1965438.9836149989
29 9 1924592.4389812888
29 10 1889509.2121707464
29 11 1846032.3073860556
29 12 1816411.1530095492
29 13 1771825.5793868171
29 14 1745063.5933601432
29 15 1700930.1702035975
29 16 1674859.197221389
29 17 1632301.6832817094
29 18 1605477.4161135145
29 19 1565009.0709610546
29 20 1536725.2933556712
29 21 1498316.2712344164
29 22 1468432.4874429852
29 23 1431706.9048283473
29 24 1400410.6629754272
29 25 1364859.1327885233
29 26 1332458.3553830902
29 27 1297594.6640131846
29 28 1264384.6491660946
29 29 1229825.9667973642
29 30 1196031.1231309667
29 31 1161515.9291893509
29 32 1127282.8288737389
29 33 1092653.3946179498
29 34 1058068.2636386426
29 35 1023241.2598139698
29 36 988352.59842671023
29 37 953291.8592116104
29 38 918128.67902433476
29 39 882825.37665755174
29 40 847408.70113357971
29 41 811868.92127719987
29 42 776217.7161704778
29 43 740455.42157692951
29 44 704589.0150004935
29 45 668622.29117319803
29 46 632560.9902456014
29 47 596410.06949478167
29 48 560175.0324725298
29 49 523861.22123481194
29 50 487474.12182391546
29 51 451019.1870913122
29 52 414501.89492306072
29 53 377927.70029524341
29 54 341302.04741228902
29 55 304630.36450543167
29 56 267918.05860258848
29 57 231170.36039370904
29 58 194392.18469969352
29 59 157589.48700132797
29 60 120773.36528476131
29 61 83952.373302721724
29 62 47073.488423422292
29 63 10000
30 0 2297426.7919452838
30 1 2297426.7919452838
30 2 2231683.6483879802
30 3 2195412.2468597819
30 4 2131346.0159218814
30 5 2097129.915328199
30 6 2044562.8662142083
30 7 2007120.516171433
30 8 1963963.0257133238
30 9 1923036.9967719279
30 10 1887879.0627082242
30 11 1844354.7454812839
30 12 1814676.663892203
30 13 1770070.7435399599
30 14 1743270.9267680666
30 15 1699138.4159459521
30 16 1673048.6994778777
30 17 1630507.9172714346
30 18 1603682.7210746848
30 19 1563242.5591806578
30 20 1534973.3897095621
30 21 1496600.7851003925
30 22 1466744.2772235083
30 23 1430061.0492771224
30 24 1398801.7315889958
30 25 1363296.8025886689
30 26 1330939.7765280318
30 27 1296125.5927690177
30 28 1262963.7365383746
30 29 1228456.328461797
30 30 1194712.0999979277
30 31 1160248.9486359225
30 32 1126067.4167632279
30 33 1091489.9301138469
30 34 1056956.2005999279
30 35 1022180.3328125046
30 36 987342.09604007297
30 37 952331.11989560805
30 38 917216.82353723457
30 39 881961.50335724605
30 40 846591.80160966946
30 41 811097.95744240575
30 42 775491.60201328341
30 43 739773.05637251073
30 44 703949.28589322441
30 45 668024.09036348504
30 46 632003.22252519906
30 47 595891.66311168915
30 48 559694.94669052691
30 49 523418.45411395881
30 50 487067.71657607413
30 51 450648.23790381564
30 52 414165.55198288121
30 53 377625.17410957435
30 54 341032.61279352929
30 55 304393.36425550655
30 56 267712.90643368947
30 57 230996.53779421438
30 58 194249.2337102067
30 59 157477.05134783054
30 60 120691.36313074558
30 61 83900.891723487264
30 62 47050.786352834606
30 63 10000
31 0 2296969.8577242275
31 1 2296969.8577242275
31 2 2231204.8933926802
31 3 2194842.4393366063
31 4 2130720.2129321322
31 5 2096431.8892052229
31 6 2043816.2018539722
31 7 2006314.9512102858
31 8 1963110.3375674339
31 9 1922142.2922423335
31 10 1886943.9803529303
31 11 1843394.5359217692
31 12 1813684.6015389224
31 13 1769067.8590127486
31 14 1742245.9165245157
31 15 1698113.8119331088
31 16 1672012.0896618443
31 17 1629480.0583762194
31 18 1602652.5708259947
31 19 1562227.2173260262
31 20 1533964.4130797824
31 21 1495611.026806477
31 22 1465768.0769617597
31 23 1429107.3323952109
31 24 1397867.163855277
31 25 1362387.1566490785
31 26 1330053.3449821393
31 27 1295265.8644764386
31 28 1262129.9646548813
31 29 1227650.46914168
31 30 1193933.8645926996
31 31 1159499.3174897784
31 32 1125346.243114867
31 33 1090797.5904174424
31 34 1056292.5247264949
31 35 1021545.3254950035
31 36 986735.49876129802
31 37 951752.70664064516
31 38 916666.2386097397
31 39 881438.37715062872
31 40 846095.69871955423
31 41 810628.42183570785
31 42 775048.14512002212
31 43 739355.17620080325
31 44 703556.46787107957
31 45 667655.81706600008
31 46 631658.97769252211
31 47 595570.93776432634
31 48 559397.24332508736
31 49 523143.29110708559
31 50 486814.63178592932
31 51 450416.79200119036
31 52 413955.3313486051
31 53 377435.79332880618
31 54 340863.71701973525
31 55 304244.63143677788
31 56 267584.04902948078
31 57 230887.30015816406
31 58 194159.38688504393
31 59 157406.42283590545
31 60 120639.95824038188
31 61 83868.813708843212
31 62 47036.842337234069
31 63 10000
32 0 2296747.2588212476
32 1 2296747.2588212476
32 2 2230991.7322645332
32 3 2194623.1951530762
32 4 2130503.6947031794
32 5 2096208.8137811588
32 6 2043592.3169907331
32 7 2006085.1468692452
32 8 1962876.565710183
32 9 1921904.1717753997
32 10 1886700.0866377002
32 11 1843148.1353359094
32 12 1813431.7916333242
32 13 1768814.1431622377
32 14 1741986.1801594154
32 15 1697854.3764533247
32 16 1671747.7797437066
32 17 1629216.9001300321
32 18 1602386.1242143745
32 19 1561962.550352239
32 20 1533698.193264802
32 21 1495347.1282331035
32 22 1465504.2970670566
32 23 1428846.4190669982
32 24 1397607.8550882407
32 25 1362131.2968403986
32 26 1329800.3458186893
32 27 1295016.9246764362
32 28 1261884.9176301027
32 29 1227410.0905334938
32 30 1193698.2162352805
32 31 1159268.9138025506
32 32 1125121.2469520872
32 33 1090578.3589056106
32 34 1056079.2482918834
32 35 1021338.2647248872
32 36 986534.83487575781
32 37 951558.63709588489
32 38 916478.92027410085
32 39 881257.96250715782
32 40 845922.31641266111
32 41 810462.18986592197
32 42 774889.16522055108
32 43 739203.53879900579
32 44 703412.25113110954
32 45 667519.08909681765
32 46 631529.79698937375
32 47 595449.35451570991
32 48 559283.30018754373
32 49 523037.02417693834
32 50 486716.07139341894
32 51 450325.96349827939
32 52 413872.2558316412
32 53 377360.48826203169
32 54 340796.19693620055
32 55 304184.90866733395
32 56 267532.13418081269
32 57 230843.20000013933
32 58 194123.10116734641
32 59 157377.96254311095
32 60 120619.41496004678
32 61 83856.305782734169
32 62 47031.730137746708
32 63 10000
33 0 2296759.3378374446
33 1 2296759.3378374446
33 2 2231044.3453955916
33 3 2194754.4801304038
33 4 2130696.2724831034
33 5 2096460.3944080896
33 6 2043890.8358632321
33 7 2006430.6626185295
33 8 1963261.2230591073
33 9 1922322.1180977174
33 10 1887146.8483113404
33 11 1843615.0061356612
33 12 1813917.7020966795
33 13 1769309.0775089005
33 14 1742491.2194157678
33 15 1698359.6367361252
33 16 1672255.3265556882
33 17 1629718.0320506219
33 18 1602883.0056586245
33 19 1562448.2190151252
33 20 1534174.428151072
33 21 1495808.8246131721
33 22 1465952.7098687186
33 23 1429278.1180512069
33 24 1398023.649480659
33 25 1362529.1015049557
33 26 1330180.6900238839
33 27 1295378.7153050499
33 28 1262228.56651832
33 29 1227735.1908684126
33 30 1194005.178319999
33 31 1159557.7840686098
33 32 1125392.4957839616
33 33 1090832.3220130103
33 34 1056316.4745828914
33 35 1021559.268597474
33 36 986740.23528704338
33 37 951749.05302659422
33 38 916655.01927344152
33 39 881420.41733366775
33 40 846071.81802079733
33 41 810599.42863058124
33 42 775014.831601443
33 43 739318.31415053271
33 44 703516.80494698416
33 45 667614.07369906129
33 46 631615.84439303353
33 47 595527.07292648708
33 48 559353.27135432255
33 49 523099.80092955969
33 50 486772.17562750319
33 51 450375.88441760256
33 52 413916.44849373936
33 53 377399.37232873571
33 54 340830.15570893144
33 55 304214.28831618553
33 56 267557.24298178166
33 57 230864.30673076387
33 58 194140.43395060088
33 59 157391.71554578195
33 60 120629.76563618214
33 61 83863.387160078346
33 62 47035.457069653523
33 63 10000
34 0 2297004.7807621942
34 1 2297004.7807621942
34 2 2231363.3764482872
34 3 2195238.7027729601
34 4 2131301.2538332799
34 5 2097190.224975348
34 6 2044715.4548460955
34 7 2007355.1282274025
34 8 1964267.7687900267
34 9 1923399.3253672495
34 10 1888287.1476531608
34 11 1844797.6830344885
34 12 1815144.5059905984
34 13 1770554.4674967269
34 14 1743762.4770581715
34 15 1699630.6830697774
34 16 1673535.4833784392
34 17 1630983.8888606282
34 18 1604143.3521312554
34 19 1563684.0847313905
34 20 1535392.7265512086
34 21 1496995.4954388631
34 22 1467112.4886724018
34 23 1430401.4192607924
34 24 1399113.3756754845
34 25 1363579.2593826691
34 26 1331192.9468363463
34 27 1296349.7055020847
34 28 1263159.2986445487
34 29 1228624.0928160043
34 30 1194853.024840568
34 31 1160364.1684183469
34 32 1126158.2095120992
34 33 1091557.691896752
34 34 1057002.4193649103
34 35 1022206.5667477543
34 36 987349.95270795631
34 37 952322.23842811212
34 38 917192.85813750955
34 39 881924.10904966586
34 40 846542.62136962987
34 41 811038.61109916167
34 42 775423.67639547866
34 43 739698.09691405343
34 44 703868.78926965536
34 45 667939.49834600615
34 46 631915.91665125138
34 47 595802.96034990461
34 48 559606.09574847948
34 49 523330.63250756689
34 50 486982.02823486377
34 51 450565.71127557009
34 52 414087.13861119468
34 53 377551.74741984421
34 54 340964.967599781
34 55 304332.21670798707
34 56 267658.89347792027
34 57 230950.20976046196
34 58 194211.04564829901
34 59 157447.41296330231
34 60 120670.81214107273
34 61 83889.930758945498
34 62 47047.964505190583
34 63 10000
35 0 2297484.33072442
35 1 2297484.33072442
35 2 2231952.4345111903
35 3 2196082.678238817
35 4 2132326.8244548482
35 5 2098406.9871798619
35 6 2046074.8799085137
35 7 2008867.0651296361
35 8 1965904.2762929881
35 9 1925143.2799763596
35 10 1890127.7670714608
35 11 1846702.1918309741
35 12 1817117.435874613
35 13 1772554.7473370992
35 14 1745803.5964702833
35 15 1701670.3913075964
35 16 1675590.389657049
35 17 1633015.9124610601
35 18 1606167.9509540575
35 19 1565670.3266458074
35 20 1537352.7073208767
35 21 1498906.2481333418
35 22 1468982.2781145493
35 23 1432214.5526766418
35 24 1400874.895864357
35 25 1365279.3103186369
35 26 1332834.3773046448
35 27 1297926.9191025828
35 28 1264673.9399738174
35 29 1230073.4615527408
35 30 1196238.2948701477
35 31 1161684.5121259307
35 32 1127414.76949669
35 33 1092750.8135155656
35 34 1058133.4163620705
35 35 1023276.5045601251
35 36 988360.36487610231
35 37 953274.62197774055
35 38 918088.93306090194
35 39 882765.61604699586
35 40 847331.39994448645
35 41 811776.51708354149
35 42 776112.59543282038
35 43 740339.90721242537
35 44 704465.35549481795
35 45 668492.65151465067
35 46 632427.44407848699
35 47 596274.59275830316
35 48 560039.49799708184
35 49 523727.39447345032
35 50 487343.65738003101
35 51 450893.62598738301
35 52 414382.66257067356
35 53 377816.10476944578
35 54 341199.27879875101
35 55 304537.49490077852
35 56 267836.04137495381
35 57 231100.01912614991
35 58 194334.20022705806
35 59 157544.47238748937
35 60 120742.12618869789
35 61 83935.663394963674
35 62 47069.12795387442
35 63 10000
36 0 2298193.4279678147
36 1 2298193.4279678147
36 2 2232813.2893330925
36 3 2197293.8028352265
36 4 2133783.3603515257
36 5 2100122.0736111314
36 6 2047980.9540101031
36 7 2010978.1926818939
36 8 1968182.0165033424
36 9 1927564.4825162196
36 10 1892678.2828747511
36 11 1849337.0535837945
36 12 1819843.9037874483
36 13 1775316.1875554121
36 14 1748619.7129249505
36 15 1704482.7834860364
36 16 1678422.9951857314
36 17 1635816.0312829847
36 18 1608957.7690038225
36 19 1568407.0151204646
36 20 1540053.612808333
36 21 1501539.5674370909
36 22 1471559.876083354
36 23 1434714.6997499
36 24 1403304.8439965148
36 25 1367625.4078909608
36 26 1335100.7192062708
36 27 1300105.7399372619
36 28 1266767.5790717967
36 29 1232078.1458246794
36 30 1198155.6493082915
36 31 1163513.3367454759
36 32 1129156.6028935772
36 33 1094406.0610737596
36 34 1059703.8247968983
36 35 1024763.4608669116
36 36 989765.90154086507
36 37 954600.71249994461
36 38 919337.85709151078
36 39 883939.67789696914
36 40 848433.03945864202
36 41 812808.19555370288
36 42 777076.81573157932
36 43 741239.16276449501
36 44 705302.12273961282
36 45 669269.36264588789
36 46 633146.47377183789
36 47 596938.2408193408
36 48 560649.97700296168
36 49 524286.81754185457
36 50 487854.02823150542
36 51 451356.83002773911
36 52 414800.45935122436
36 53 378190.12153016916
36 54 341531.00488891831
36 55 304828.27686006582
36 56 268087.07876409963
36 57 231312.36463145068
36 58 194508.7646468062
36 59 157681.9975277521
36 60 120843.04910676055
36 61 84000.165621151988
36 62 47098.756956659716
36 63 10000
37 0 2299134.9311152427
37 1 2299134.9311152427
37 2 2233954.3333809441
37 3 2198886.7914002454
37 4 2135688.1506177457
37 5 2102353.7546854457
37 6 2050451.9023042256
37 7 2013706.3131187495
37 8 1971117.8038247353
37 9 1930678.5140134543
37 10 1895952.7947041695
37 11 1852714.796603637
37 12 1823334.7885552114
37 13 1778848.0150334183
37 14 1752218.4159088966
37 15 1708073.8626762806
37 16 1682037.7802401439
37 17 1639387.2837121063
37 18 1612514.4909192109
37 19 1571894.5767264587
37 20 1543494.7099077422
37 21 1504893.6611490985
37 22 1474842.5313774629
37 23 1437898.2494338753
37 24 1406398.8457623741
37 25 1370612.5082639118
37 26 1337986.3490616621
37 27 1302880.0507725815
37 28 1269433.6862602723
37 29 1234631.2801931526
37 30 1200597.9587208075
37 31 1165843.3157221524
37 32 1131376.2479219111
37 33 1096515.8945726757
37 34 1061706.0786235111
37 35 1026659.8910582161
37 36 991559.08246551792
37 37 956293.13271844154
37 38 920932.39035118849
37 39 885439.22263713332
37 40 849840.66269785119
37 41 814126.98744020564
37 42 778309.91657963081
37 43 742389.69850015466
37 44 706373.19618731271
37 45 670264.01936715888
37 46 634067.68581964157
37 47 597788.88516534329
37 48 561432.82032265188
37 49 525004.50109213882
37 50 488509.05561819859
37 51 451951.55622718658
37 52 415337.08144734235
37 53 378670.67080301908
37 54 341957.33995903528
37 55 305202.07762798335
37 56 268409.84132120403
37 57 231585.40205060807
37 58 194733.21404658092
37 59 157858.78235822066
37 60 120972.69492348764
37 61 84082.873736738999
37 62 47136.596042080142
37 63 10000
38 0 2300302.110112323
38 1 2300302.110112323
38 2 2235379.727055287
38 3 2200874.8526020236
38 4 2138059.2942743725
38 5 2105121.657254525
38 6 2053508.0531835384
38 7 2017071.3782558474
38 8 1974730.7497237378
38 9 1934503.0755500507
38 10 1899967.3849530693
38 11 1856849.6548053927
38 12 1827602.4116442243
38 13 1783160.5840889036
38 14 1756608.117288169
38 15 1712450.1383111274
38 16 1686439.4287211562
38 17 1643732.6172569869
38 18 1616839.4333873454
38 19 1576132.8100221143
38 20 1547674.3977758104
38 21 1508965.6502815497
38 22 1478826.2085757807
38 23 1441760.1306772684
38 24 1410150.9125811704
38 25 1374233.820159771
38 26 1341483.7832007725
38 27 1306241.7810753596
38 28 1272663.7041226998
38 29 1237723.9146984974
38 30 1203555.9689042554
38 31 1168664.9728838084
38 32 1134064.0825568065
38 33 1099070.6161969553
38 34 1064130.4682932331
38 35 1028956.132085687
38 36 993730.34368295665
38 37 958342.46491857269
38 38 922863.30338826333
38 39 887255.24621553731
38 40 851545.52356783696
38 41 815724.43289876205
38 42 779803.74872598099
38 43 743783.69647886429
38 44 707671.10661907669
38 45 671469.51560481719
38 46 635184.34903933236
38 47 598820.17887522583
38 48 562382.07258148689
38 49 525874.88677319034
38 50 489303.58214464155
38 51 452673.05078026885
38 52 415988.18021121557
38 53 379253.80981142056
38 54 342474.74716105085
38 55 305655.76586787566
38 56 268801.60249173717
38 57 231916.80865522244
38 58 195005.62836144757
38 59 158073.30861676417
38 60 121129.94857827855
38 61 84183.078580816567
38 62 47182.324070622853
38 63 10000
39 0 2301703.5387284276
39 1 2301703.5387284276
39 2 2237105.4014482624
39 3 2203282.6906616823
39 4 2140924.5975725739
39 5 2108454.8334559831
39 6 2057177.9783401447
39 7 2021101.0763768405
39 8 1979046.731075472
39 9 1939061.9945549127
39 10 1904743.4379302366
39 11 1861760.5059857373
39 12 1832663.0266838283
39 13 1788267.5612338304
39 14 1761799.9265767029
39 15 1717620.2633370988
39 16 1691634.2426385954
39 17 1648856.1196168629
39 18 1621934.6115604055
39 19 1581121.8117805971
39 20 1552591.010533131
39 21 1513752.265132023
39 22 1483506.1909560354
39 23 1446294.3346105518
39 24 1414553.8936066125
39 25 1378481.1960874032
39 26 1345584.0163788758
39 27 1310181.2002059093
39 28 1276447.3015500547
39 29 1241345.2352523324
39 30 1207018.4924124177
39 31 1171966.8492702416
39 32 1137208.4702768938
39 33 1102058.4981075537
39 34 1066965.2532862353
39 35 1031640.5020427543
39 36 996268.12609609764
39 37 960737.33024162892
39 38 925119.44857798039
39 39 889376.87718135025
39 40 853537.06606016832
39 41 817590.32536413707
39 42 781548.48418723734
39 43 745411.73198591894
39 44 709186.85322899197
39 45 672877.29145539785
39 46 636488.35816559871
39 47 600024.48217656068
39 48 563490.56783407414
39 49 526891.28862408805
39 50 490231.40613969334
39 51 453515.59906306211
39 52 416748.52955942915
39 53 379934.80150194507
39 54 343078.97819868417
39 55 306185.58122716879
39 56 269259.08871009795
39 57 232303.79627076432
39 58 195323.70319740201
39 59 158323.75448025955
39 60 121313.47237370767
39 61 84299.929740443025
39 62 47235.556250721194
39 63 10000
40 0 2303332.8397589652
40 1 2303332.8397589652
40 2 2239140.443769054
40 3 2206130.876460887
40 4 2144311.0831994424
40 5 2112381.9106743676
40 6 2061491.0937896483
40 7 2025823.8350092098
40 8 1984092.7629380305
40 9 1944379.9914265724
40 10 1910303.2290240298
40 11 1867466.8283970647
40 12 1838533.3038976577
40 13 1794182.7297578121
40 14 1767804.8190377674
40 15 1723592.4692584246
40 16 1697627.8433872361
40 17 1654760.9377871733
40 18 1627800.8623689415
40 19 1586860.2770054219
40 20 1558241.2789322317
40 21 1519248.4507362433
40 22 1488875.816623715
40 23 1451492.7685112413
40 24 1419598.4368427359
40 25 1383344.1907937007
40 26 1350275.668961084
40 27 1314686.1455519202
40 28 1280771.6758451436
40 29 1245481.9333857456
40 30 1210971.8402049881
40 31 1175734.9914420047
40 32 1140795.3002354463
40 33 1105465.3700682679
40 34 1070196.2931332821
40 35 1034698.9708325056
40 36 999158.58232245909
40 37 963464.12849141622
40 38 927687.5299089473
40 39 891791.17368326103
40 40 855802.74589329539
40 41 819712.55544959905
40 42 783532.48019434162
40 43 747262.65547815198
40 44 710909.8016739724
40 45 674477.24559000565
40 46 637970.15899699985
40 47 601392.7988524033
40 48 564749.87587291352
40 49 528045.84804364492
40 50 491285.24415753275
40 51 454472.49464219628
40 52 417612.00056717562
40 53 380708.0938966797
40 54 343765.05670219089
40 55 306787.12108554749
40 56 269778.46895516833
40 57 232743.10315300385
40 58 195684.74361960607
40 59 158607.98992691748
40 60 121521.70263568034
40 61 84432.433300248536
40 62 47295.84292568361
40 63 10000
41 0 2305209.9401545404
41 1 2305209.9401545404
41 2 2241512.4444731446
41 3 2209457.0871135653
41 4 2148258.9803916644
41 5 2116944.3218930075
41 6 2066487.3411027011
41 7 2031277.9652967805
41 8 1989904.089723042
41 9 1950489.2267311697
41 10 1916675.2333227391
41 11 1873993.4976427809
41 12 1845234.3416839761
41 13 1800923.5574616208
41 14 1774636.6779378653
41 15 1730377.2445497601
41 16 1704427.4807807778
41 17 1661451.2989899758
41 18 1634439.5961371965
41 19 1593347.0269449593
41 20 1564621.6576581115
41 21 1525448.5226452085
41 22 1494927.4831971191
41 23 1457346.1299338762
41 24 1425273.7493112558
41 25 1388810.7227125405
41 26 1355545.5626592969
41 27 1319742.5241177548
41 28 1285621.9902005284
41 29 1250118.5884245799
41 30 1215400.1561835157
41 31 1179953.2450534878
41 32 1144808.245659461
41 33 1109274.8476805133
41 34 1073807.2498036104
41 35 1038115.3404168944
41 36 1002385.737975714
41 37 966507.18314781552
41 38 930552.23401568225
41 39 894483.24244840688
41 40 858328.13905279769
41 41 822077.21039332345
41 42 785742.37065752246
41 43 749323.6769810525
41 44 712827.7621473117
41 45 676257.8076054519
41 46 639618.81550550519
41 47 602914.83848964551
41 48 566150.35991305579
41 49 529329.58714058343
41 50 492456.78016719013
41 51 455536.08443309204
41 52 418571.6026893158
41 53 381567.35744371341
41 54 344527.31175354775
41 55 307455.37028440926
41 56 270355.38070201006
41 57 233231.01617260181
41 58 196085.68257598899
41 59 158923.59140048909
41 60 121752.86060579834
41 61 84579.458948622239
41 62 47362.672984773315
41 63 10000
42 0 2307333.9391951766
42 1 2307333.9391951766
42 2 2244239.8718796233
42 3 2213291.8519231905
42 4 2152806.1711208629
42 5 2122180.873817279
42 6 2072206.1485910849
42 7 2037500.7250241481
42 8 1996515.7511520088
42 9 1957421.1773112679
42 10 1923887.4848956154
42 11 1881364.5562679046
42 12 1852786.3564943888
42 13 1808506.3047810707
42 14 1782308.0101246622
42 15 1737983.427873828
42 16 1712038.5547646673
42 17 1668929.353508411
42 18 1641849.9596785924
42 19 1600578.4380148093
42 20 1571726.0040318146
42 21 1532344.0638808424
42 22 1501650.7451549459
42 23 1463842.183484439
42 24 1431566.0375018499
42 25 1394865.6626634423
42 26 1361377.4444276402
42 27 1325333.1595539588
42 28 1290980.3331576979
42 29 1255236.7296095663
42 30 1220284.5731254609
42 31 1184602.4965127388
42 32 1149228.0838337834
42 33 1113467.7238917646
42 34 1077779.0444764993
42 35 1041870.7610741436
42 36 1005931.062069547
42 37 969848.36097741185
42 38 933695.89442290121
42 39 897435.94342593953
42 40 861096.68291412108
42 41 824668.3480335623
42 42 788162.86964170565
42 43 751580.19596994983
42 44 714926.84281383536
42 45 678205.81239019812
42 46 641421.90272580297
42 47 604578.92568796012
42 48 567681.1001091646
42 49 530732.34472873062
42 50 493736.61236731225
42 51 456697.72483745043
42 52 419619.44787640456
42 53 382505.4559115197
42 54 345359.35449538397
42 55 308184.68251515139
42 56 270984.91527650214
42 57 233763.35943940541
42 58 196523.0722066552
42 59 159267.83532343496
42 60 122004.94776486489
42 61 84739.736814168282
42 62 47435.472143229214
42 63 10000
43 0 2309743.8247703412
43 1 2309743.8247703412
43 2 2247367.3890432636
43 3 2217689.4928802066
43 4 2158007.4657291276
43 5 2128147.1330486732
43 6 2078699.7705638842
43 7 2044541.6845511056
43 8 2003972.4113794614
43 9 1965216.1668578705
43 10 1931974.9971692171
43 11 1889610.1627336219
43 12 1861214.3354935478
43 13 1816951.1715873899
43 14 1790834.2611210467
43 15 1746422.0613275988
43 16 1720467.9070030481
43 17 1677198.0788852272
43 18 1650031.3431308959
43 19 1608550.638784925
43 20 1579547.4843912676
43 21 1539925.590136718
43 22 1509033.7625472997
43 23 1470967.0248037635
43 24 1438459.608927429
43 25 1401491.7954024719
43 26 1367752.826135749
43 27 1331438.5265642235
43 28 1296826.3618818992
43 29 1260815.4007465267
43 30 1225603.7095067685
43 31 1189661.1113898759
43 32 1154033.0842252767
43 33 1118022.3138605976
43 34 1082090.1651853519
43 35 1045944.0069989298
43 36 1009773.7149926974
43 37 973467.2961411248
43 38 937098.69496688154
43 39 900630.07520354027
43 40 864089.84590387426
43 41 827468.15259289823
43 42 790776.91483424162
43 43 754015.93381106935
43 44 717191.57228491828
43 45 680306.61350099277
43 46 643365.61173959495
43 47 606372.09722329641
43 48 569329.98335838702
43 49 532242.85913811112
43 50 495114.32929959253
43 51 457947.85139261722
43 52 420746.81394469517
43 53 383514.50362546509
43 54 346254.12934859056
43 55 308968.82560801972
43 56 271661.65728599078
43 57 234335.52793103555
43 58 196993.11171557513
43 59 159637.72024524136
43 60 122275.76226562234
43 61 84911.868180803154
43 62 47513.608084124135
43 63 10000
44 0 2312453.4457899854
44 1 2312453.4457899854
44 2 2250930.0700756717
44 3 2222694.7002112907
44 4 2163914.607052316
44 5 2134893.8709884398
44 6 2086019.0135784242
44 7 2052447.4505507105
44 8 2012317.3660182368
44 9 1973912.0893682272
44 10 1940971.0225016696
44 11 1898758.0117448838
44 12 1870540.9843987105
44 13 1826275.6093137404
44 14 1800228.0856151141
44 15 1755701.0777400513
44 16 1729719.1479008561
44 17 1686257.0013278991
44 18 1658979.5588092336
44 19 1617256.0331400358
44 20 1588075.4443872089
44 21 1548179.7104244202
44 22 1517060.7364485844
44 23 1478702.7579045563
44 24 1445934.7728178219
44 25 1408667.9214641671
44 26 1374649.2706962158
44 27 1338035.2046007283
44 28 1303135.9090880856
44 29 1266829.9069626692
44 30 1231332.5440471168
44 31 1195103.9256461922
44 32 1159198.1062347002
44 33 1122913.6498604133
44 34 1086715.9502335498
44 35 1050310.840244259
44 36 1013889.9855904058
44 37 977340.89357892855
44 38 940738.2331561211
44 39 904043.99248999218
44 40 867286.79369210778
44 41 830456.64458237914
44 42 793565.41655195062
44 43 756612.71762894478
44 44 719604.71444873628
44 45 682543.92538345151
44 46 645434.6160202832
44 47 608279.98953870544
44 48 571083.60923085606
44 49 533848.69013349037
44 50 496578.44554327615
44 51 459275.92625449697
44 52 421944.10207069316
44 53 384585.83139451314
44 54 347203.88697690476
44 55 309800.96031384985
44 56 272379.66816099756
44 57 234942.47489171685
44 58 197491.63787138701
44 59 160029.9598250314
44 60 122562.89388976395
44 61 85094.322034341239
44 62 47596.388520681903
44 63 10000
45 0 2315530.4304497982
45 1 2315530.4304497982
45 2 2254996.3066601478
45 3 2228382.6209723591
45 4 2170599.2404629621
45 5 2142492.4397269688
45 6 2094229.0342327771
45 7 2061279.1274796796
45 8 2021604.2298632578
45 9 1983556.7756054429
45 10 1950915.9577820238
45 11 1908842.2596857022
45 12 1880793.5770178083
45 13 1836500.8578014318
45 14 1810504.6148571253
45 15 1765830.1435566228
45 16 1739796.6919285175
45 17 1696105.8139656608
45 18 1668689.9193363483
45 19 1626686.0190689657
45 20 1597297.749442846
45 21 1557091.1781188038
45 22 1525713.6862913128
45 23 1487029.0480018924
45 24 1453969.1915038717
45 25 1416370.0381760728
45 26 1382041.4239460246
45 27 1345096.7821999625
45 28 1309881.7770165431
45 29 1273252.514027003
45 30 1237443.0335709399
45 31 1200902.793606553
45 32 1164695.0871386605
45 33 1128113.9176768886
45 34 1091628.9802700516
45 35 1054944.3646228646
45 36 1018253.6120911143
45 37 981443.62134573469
45 38 944589.78759400034
45 39 907653.85169721232
45 40 870664.61548891105
45 41 833611.88992868247
45 42 796507.4514436787
45 43 759350.66001736303
45 44 722147.4353623261
45 45 684899.97840199328
45 46 647612.21537941298
45 47 610286.97224005254
45 48 572927.41352833109
45 49 535536.33295337355
45 50 498116.5065740259
45 51 460670.5341535178
45 52 423200.92407123424
45 53 385710.06530241331
45 54 348200.25474383717
45 55 310673.70255533862
45 56 273132.54030760389
45 57 235578.75797571425
45 58 198014.1632180381
45 59 160441.01316926721
45 60 122863.74653593944
45 61 85285.449706248837
45 62 47683.068203801304
45 63 10000
46 0 2319018.3750675325
46 1 2319018.3750675325
46 2 2259628.6280530971
46 3 2234818.7053605285
46 4 2178131.5026822509
46 5 2151008.3195501831
46 6 2103394.0084757814
46 7 2071093.4727534619
46 8 2031884.9696449353
46 9 1994194.1375504413
46 10 1961847.6388549523
46 11 1919893.0691704508
46 12 1891995.9628934814
46 13 1847643.8644364702
46 14 1821674.8474807506
46 15 1776814.2797390483
46 16 1750700.2928474399
46 17 1706739.2565399786
46 18 1679152.7252861923
46 19 1636826.8321261501
46 20 1607197.0653397865
46 21 1566639.4961944448
46 22 1534969.391093344
46 23 1495920.344228141
46 24 1462535.3732501278
46 25 1424569.0716108214
46 26 1389898.9692484618
46 27 1352592.013168853
46 28 1317032.0792364115
46 29 1280050.9595046653
46 30 1243902.7793824151
46 31 1207025.3961190663
46 32 1170491.9797944699
46 33 1133591.5124260394
46 34 1096798.2416484964
46 35 1059814.2867713254
46 36 1022835.1317458568
46 37 985746.94034657127
46 38 948625.81994475762
46 39 911433.1778504299
46 40 874197.9491598293
46 41 836909.67707434029
46 42 799579.98584666406
46 43 762207.9233892347
46 44 724799.10377328226
46 45 687355.351128601
46 46 649880.19601090706
46 47 612376.03225410799
46 48 574845.57326194225
46 49 537291.14113847318
46 50 499715.02677845286
46 51 462119.3332139554
46 52 424506.06391054887
46 53 386877.09703088837
46 54 349234.21420881152
46 55 311579.1066649062
46 56 273913.38485374633
46 57 236238.53045371795
46 58 198555.86986828345
46 59 160867.08049770739
46 60 123175.53517117231
46 61 85483.482662494178
46 62 47772.847500498465
46 63 10000
47 0 2323024.6088238484
47 1 2323024.6088238484
47 2 2264927.1766554159
47 3 2242103.641479536
47 4 2186602.3862966946
47 5 2160530.1222746568
47 6 2113592.1604348002
47 7 2081962.8779298891
47 8 2043220.9891000858
47 9 2005878.1857701039
47 10 1973809.8734125246
47 11 1931946.539535098
47 12 1904175.2198352246
47 13 1859724.3813565907
47 14 1833750.8194920858
47 15 1788658.9813746496
47 16 1762429.0225875627
47 17 1718150.8423618018
47 18 1690356.2952680637
47 19 1647662.2808873104
47 20 1617753.147212767
47 21 1576800.9397766734
47 22 1544801.1120605306
47 23 1505347.3865527124
47 24 1471601.9705692881
47 25 1433232.0102026372
47 26 1398187.6133347224
47 27 1360485.6807635399
47 28 1324550.9994705205
47 29 1287189.1234001128
47 30 1250675.6227302442
47 31 1213435.7726882752
47 32 1176553.2310396547
47 33 1139311.4714622789
47 34 1102189.5206278758
47 35 1064887.2773047062
47 36 1027602.2135771223
47 37 990219.61247925891
47 38 952816.26154802414
47 39 915353.13215363352
47 40 877859.23172131891
47 41 840323.75197195786
47 42 802758.096513069
47 43 765160.92739865708
47 44 727537.48598502716
47 45 689889.15322890982
47 46 652219.0018433223
47 47 614528.93399084744
47 48 576821.15589188994
47 49 539097.46505916037
47 50 501359.61743776896
47 51 463609.17253236525
47 52 425847.58499015355
47 53 388076.18096246943
47 54 350296.18813263171
47 55 312508.74237393448
47 56 274714.89869541151
47 57 236915.59838355429
47 58 199111.65686148396
47 59 161304.14073977823
47 60 123495.31367650229
47 61 85686.550589478167
47 62 47864.880994559076
47 63 10000
48 0 2327644.0611565248
48 1 2327644.0611565248
48 2 2270996.8963650675
48 3 2250333.5035180412
48 4 2196107.0140981353
48 5 2171142.2748010722
48 6 2124903.900111136
48 7 2093955.5603563809
48 8 2055673.6105999565
48 9 2018658.4261274808
48 10 1986844.3321640086
48 11 1945033.7628249654
48 12 1917354.6113499862
48 13 1872756.5938715192
48 14 1846739.4983992716
48 15 1801363.6655695406
48 16 1774976.0290114258
48 17 1730327.621731821
48 18 1702282.5155241229
48 19 1659169.4968783227
48 20 1628939.100259684
48 21 1587545.0775957627
48 22 1555175.479866463
48 23 1515274.3533145115
48 24 1481131.2122662207
48 25 1442319.5734436961
48 26 1406866.987821077
48 27 1368736.7060486327
48 28 1332397.0949177614
48 29 1294625.5087785458
48 30 1257720.2895842744
48 31 1220093.1163062816
48 32 1182838.7141690182
48 33 1145234.532399287
48 34 1107764.5757462482
48 35 1070126.2469364845
48 36 1032519.0283371435
48 37 994827.1551439584
48 38 957128.04382216011
48 39 919382.11023197812
48 40 881618.35795717267
48 41 843825.53017930291
48 42 806014.72983853496
48 43 768184.1494860684
48 44 730338.58240654424
48 45 692478.89318485465
48 46 654607.62905831169
48 47 616726.13670869579
48 48 578836.05599142588
48 49 540938.60470441903
48 50 503034.95281577052
48 51 465126.06906001264
48 52 427212.81561828643
48 53 389295.92630209075
48 54 351376.03756743605
48 55 313453.69541666936
48 56 275529.36737150257
48 57 237603.4247075358
48 58 199676.14461726364
48 59 161747.95563893928
48 60 123819.97801617137
48 61 85892.683175097292
48 62 47958.277912872123
48 63 10000
49 0 2333035.9207140459
49 1 2333035.9207140459
49 2 2277979.5207874817
49 3 2259640.2493483555
49 4 2206759.2612912231
49 5 2182952.3303186689
49 6 2137420.7016193923
49 7 2107154.6045775004
49 8 2069310.3350462876
49 9 2032593.0670295535
49 10 2000995.406774852
49 11 1959189.8559675408
49 12 1931557.4876624437
49 13 1886755.2161653687
49 14 1860645.8927141605
49 15 1814925.751614592
49 16 1788330.9487898259
49 17 1743252.9068597963
49 18 1714908.6540627012
49 19 1671320.7601888767
49 20 1640722.7067670042
49 21 1598836.0054294469
49 22 1566053.4487573148
49 23 1525659.7075707472
49 24 1491079.5883047609
49 25 1451786.8083418258
49 26 1415891.1502110176
49 27 1377298.5864888711
49 28 1340523.6783082457
49 29 1302313.583765805
49 30 1264990.6997802705
49 31 1226952.0586675855
49 32 1189303.9956182854
49 33 1151317.3861855874
49 34 1113481.3805803193
49 35 1075490.581454752
49 36 1037546.4773372874
49 37 999532.06496964907
49 38 961525.31740911154
49 39 923485.95684017113
49 40 885442.89054579823
49 41 847384.30205925205
49 42 809320.90165295068
49 43 771250.31869837898
49 44 733176.81480394735
49 45 695100.65837687335
49 46 657023.79842448002
49 47 618946.95856049575
49 48 580871.15051627508
49 49 542796.9557434069
49 50 504724.90664076316
49 51 466655.33419295226
49 52 428588.46545173239
49 53 390524.40316639392
49 54 352463.15743488958
49 55 314404.6524790118
49 56 276348.73929764464
49 57 238295.19271458674
49 58 200243.72759297056
49 59 162194.1115835977
49 60 124146.29718904546
49 61 86099.830117493853
49 62 48052.111526103858
49 63 10000
50 0 2339373.7976048356
50 1 2339373.7976048356
50 2 2286041.1436380865
50 3 2270164.3396637659
50 4 2218688.3770497241
50 5 2196070.1256130179
50 6 2151243.3171127308
50 7 2121641.9445872321
50 8 2084202.9539311649
50 9 2047736.8995297705
50 10 2016307.714220243
50 11 1974444.8551018836
50 12 1946804.2390470905
50 13 1901728.6000096083
50 14 1875469.7173203405
50 15 1829335.3380768881
50 16 1802476.5629089524
50 17 1756902.0516700265
50 18 1728204.2153699154
50 19 1684080.0763189942
50 20 1653063.6035346764
50 21 1610629.5317721025
50 22 1577387.8503886433
50 23 1536453.8771946572
50 24 1501395.7874731263
50 25 1461581.1897571224
50 26 1425206.8861488954
50 27 1386117.8613410753
50 28 1348877.4518072123
50 29 1310200.564706292
50 30 1272434.8935120152
50 31 1233961.7270600756
50 32 1195899.5131245963
50 33 1157511.965756637
50 34 1119293.5133083167
50 35 1080935.6225162107
50 36 1042641.7554008801
50 37 1004293.4542054359
50 38 965969.15381046373
50 39 927627.72504302347
50 40 889297.86962179455
50 41 850967.08609346661
50 42 812645.58819565666
50 43 774330.33876414958
50 44 736024.97642938956
50 45 697729.08771553752
50 46 659443.94635223225
50 47 621169.5824360681
50 48 582906.31621420803
50 49 544654.03566505213
50 50 506412.58449119062
50 51 468181.61024103762
50 52 429960.66417763371
50 53 391749.18187004852
50 54 353546.515044801
50 55 315351.93778708711
50 56 277164.65945053962
50 57 238983.83601390166
50 58 200808.59989346183
50 59 162638.04032738364
50 60 124470.92860810584
50 61 86305.870803003636
50 62 48145.423321938382
50 63 10000
51 0 2346881.8515199097
51 1 2346881.8515199097
51 2 2295377.5143945301
51 3 2282076.8406839399
51 4 2232037.2259379253
51 5 2210625.216921695
51 6 2166477.984561868
51 7 2137511.2725896141
51 8 2100423.6929297983
51 9 2064150.1789509235
51 10 2032822.9501010708
51 11 1990829.2642775918
51 12 1963109.95416936
51 13 1917681.7680382382
51 14 1891203.6775125726
51 15 1844576.5125856425
51 16 1817387.4809195478
51 17 1771242.6951673175
51 18 1742129.8552439921
51 19 1697402.8352371184
51 20 1665912.335490685
51 21 1622872.5729936915
51 22 1589122.5549713934
51 23 1547598.582125572
51 24 1512019.9677171663
51 25 1471641.9904120378
51 26 1434753.1007064586
51 27 1395133.5805163768
51 28 1357398.0277623322
51 29 1318227.0062785789
51 30 1279994.6815724529
51 31 1241065.4577160415
51 32 1202570.3468782525
51 33 1163765.2725892244
51 34 1125150.0337762476
51 35 1086412.5908768869
51 36 1047758.3152366856
51 37 1009067.0513583709
51 38 970417.57736273552
51 39 931767.73479546339
51 40 893145.89343317878
51 41 854538.72737867245
51 42 815955.83852766361
51 43 777393.41084119049
51 44 738854.36187331635
51 45 700337.50571756519
51 46 661843.36065214127
51 47 623371.19118549139
51 48 584920.56239853392
51 49 546490.61246649339
51 50 508080.44701683277
51 51 469688.98702703952
51 52 431315.0705356932
51 53 392957.43359183607
51 54 354614.74177600309
51 55 316285.59530253481
51 56 277968.54168422037
51 57 239662.10066993235
51 58 201364.80699933242
51 59 163075.06013837649
51 60 124790.44849375194
51 61 86508.633779652431
51 62 48237.231942547602
51 63 10000
52 0 2355842.0041717011
52 1 2355842.0041717011
52 2 2306236.7379138619
52 3 2295580.099736941
52 4 2246981.1134992964
52 5 2226762.3434585724
52 6 2183251.693980162
52 7 2154862.1991570671
52 8 2118056.6886600503
52 9 2081893.1427286067
52 10 2050587.6392255148
52 11 2008369.5397757024
52 12 1980488.971159243
52 13 1934612.9041357937
52 14 1907835.5957977702
52 15 1860624.6483152481
52 16 1833030.6428180877
52 17 1786232.6271771928
52 18 1756636.9321458994
52 19 1711234.0663314108
52 20 1679209.4496682761
52 21 1635501.6938180225
52 22 1601191.4290422939
52 23 1559025.614841766
52 24 1522882.7652680955
52 25 1481899.2860669736
52 26 1444459.9746370807
52 27 1404276.5271275791
52 28 1366017.2696701889
52 29 1326326.2298509337
52 30 1287605.1738419503
52 31 1248200.4104365024
52 32 1209255.9188370025
52 33 1170019.1512976298
52 34 1130995.3272360777
52 35 1091868.4910650752
52 36 1052845.8257809498
52 37 1013805.2056892599
52 38 974825.60890320118
52 39 935863.64912324445
52 40 896947.22091294627
52 41 858062.02097656857
52 42 819216.91360231955
52 43 780407.18379494559
52 44 741634.92457239819
52 45 702898.08377350622
52 46 664196.34256986598
52 47 625528.12786816398
52 48 586892.18725815415
52 49 548286.85522889427
52 50 509710.45330264495
52 51 471161.13683727599
52 52 432636.9978938658
52 53 394136.04581619333
52 54 355656.23779557424
52 55 317195.48227116605
52 56 278751.65077427216
52 57 240322.61550002423
52 58 201906.30415089452
52 59 163500.42214940276
52 60 125101.38605052957
52 61 86705.918620280849
52 62 48326.543193923804
52 63 10000
53 0 2366557.0788996662
53 1 2366557.0788996662
53 2 2318883.8243386862
53 3 2310895.386186671
53 4 2263702.3018242507
53 5 2244639.217802193
53 6 2201690.2686145296
53 7 2173800.917745593
53 8 2137179.3117153752
53 9 2101026.6284451946
53 10 2069637.759074284
53 11 2027087.4267234139
53 12 1998942.568352646
53 13 1952511.223762606
53 14 1925338.7101253928
53 15 1877443.1745022817
53 16 1849357.6937759665
53 17 1801816.0003754371
53 18 1771661.4796138429
53 19 1725504.581496849
53 20 1692880.6958779239
53 21 1648439.5256783552
53 22 1613514.5052985621
53 23 1570653.7260462244
53 24 1533902.2566274174
53 25 1492271.3814171096
53 26 1454246.5905951941
53 27 1413467.17832425
53 28 1374657.4793506025
53 29 1334422.7700508323
53 30 1295193.4356917965
53 31 1255296.4315706729
53 32 1215889.0336961895
53 33 1176209.4944233543
53 34 1136768.4522983872
53 35 1097245.5866086876
53 36 1057849.7580306793
53 37 1018456.5691220391
53 38 979145.0300103717
53 39 939870.3084043382
53 40 900659.66483134136
53 41 861497.65398677695
53 42 822392.26840640465
53 43 783337.76861219737
53 44 744335.31666969799
53 45 705381.89952395298
53 46 666476.28056089673
53 47 627615.97954318637
53 48 588798.86793679977
53 49 550022.42734149948
53 50 511284.15460504539
53 51 472581.40648464154
53 52 433911.50283785211
53 53 395271.70598036837
53 54 356659.24957512878
53 55 318071.33965672884
53 56 279505.16501429642
53 57 240957.94624403521
53 58 202427.00164101922
53 59 163909.34642641022
53 60 125400.24998942163
53 61 86895.512615647182
53 62 48412.35735243433
53 63 10000
54 0 2379443.1603641701
54 1 2379443.1603641701
54 2 2333669.0266696778
54 3 2328307.0291749667
54 4 2282437.0918397345
54 5 2264449.1351031936
54 6 2221955.9775066492
54 7 2194452.1351561327
54 8 2157892.0303641511
54 9 2121618.3646330372
54 10 2090021.3846678818
54 11 2047003.4650630176
54 12 2018475.1977222194
54 13 1971359.230713259
54 14 1943682.681647595
54 15 1894985.30607879
54 16 1866312.1009312014
54 17 1817924.8079503721
54 18 1787128.6652523123
54 19 1740132.2782336622
54 20 1706839.8097555814
54 21 1661595.9147445394
54 22 1625999.7833950075
54 23 1582389.6365945197
54 24 1544985.2205093559
54 25 1502665.7148876621
54 26 1464021.9161048415
54 27 1422616.5346956812
54 28 1383232.2415421242
54 29 1342433.1547880128
54 30 1302679.2638551195
54 31 1262276.8008102546
54 32 1222396.6160812243
54 33 1182266.9623394627
54 34 1142403.8484167277
54 35 1102482.0918947416
54 36 1062712.061188156
54 37 1022966.7543644753
54 38 983325.02151206776
54 39 943740.3472027604
54 40 904239.18516771379
54 41 864804.77373801521
54 42 825444.09351449041
54 43 786150.25210835098
54 44 746923.37395684072
54 45 707759.39240544999
54 46 668656.07609214296
54 47 629609.97324025247
54 48 590618.02682264731
54 49 551676.82346128416
54 50 512783.00250011572
54 51 473933.09729247529
54 52 435123.63773098198
54 53 396351.12740725279
54 54 357612.07001854206
54 55 318902.9672798345
54 56 280220.32715091709
54 57 241560.72302795562
54 58 202920.86947128345
54 59 164297.10438486753
54 60 125683.58909371654
54 61 87075.229726174308
54 62 48493.687363632387
54 63 10000
55 0 2394899.3351267045
55 1 2394899.3351267045
55 2 2350948.0705101057
55 3 2348106.0419448265
55 4 2303427.8462302787
55 5 2286394.1920205136
55 6 2244209.9194401978
55 7 2216945.9297713968
55 8 2180287.2232774743
55 9 2143735.9992230968
55 10 2111772.8753077942
55 11 2068132.0579116174
55 12 2039073.5614898317
55 13 1991127.8763759902
55 14 1962817.0165390305
55 15 1913188.7074884563
55 16 1883816.2198195497
55 17 1834473.1779206402
55 18 1802942.7491791372
55 19 1755016.4391274545
55 20 1720980.6819826253
55 21 1674862.5844565493
55 22 1638537.0703296061
55 23 1594123.3004377428
55 24 1556022.2614620258
55 25 1512974.8325840179
55 26 1473680.9458347813
55 27 1431622.8217333974
55 28 1391643.4026680065
55 29 1350263.2927393767
55 30 1309972.8658789604
55 31 1269056.2316479289
55 32 1228697.9772454877
55 33 1188115.5086319037
55 34 1147830.0867852205
55 35 1107511.1298176639
55 36 1067370.3017249941
55 37 1027277.6347735241
55 38 987311.6028575931
55 39 947423.75415281032
55 40 907639.55159717577
55 41 867940.73678166268
55 42 828333.13605033606
55 43 788808.576995624
55 44 749366.04375672014
55 45 710000.32956431375
55 46 670708.13919348456
55 47 631484.99402587046
55 48 592326.86614216783
55 49 553229.41565123724
55 50 514188.40245545341
55 51 475199.52273997129
55 52 436258.50970942253
55 53 397361.10746216151
55 54 358503.09403637715
55 55 319680.27543216298
55 56 280888.49095867126
55 57 242123.68106371848
55 58 203381.9715430534
55 59 164659.04598533097
55 60 125948.01198182227
55 61 87242.922528915835
55 62 48569.563498779673
55 63 10000
56 0 2413495.8650172264
56 1 2413495.8650172264
56 2 2371194.6458404846
56 3 2370684.8639888805
56 4 2326995.9092183737
56 5 2310741.4425472249
56 6 2268670.4106634427
56 7 2241452.0626161271
56 8 2204496.6451543123
56 9 2167467.3949093916
56 10 2134949.9214551859
56 11 2090492.900853713
56 12 2060733.7410254725
56 13 2011782.561228435
56 14 1982689.4091959766
56 15 1931978.2460507038
56 16 1901782.5342429492
56 17 1851358.2034954843
56 18 1818993.1203397682
56 19 1770037.4525882869
56 20 1735179.9744271266
56 21 1688112.2842166126
56 22 1650998.630814977
56 23 1605726.8676618701
56 24 1566887.5460925628
56 25 1523075.4453929691
56 26 1483104.1980678078
56 27 1440370.8212021003
56 28 1399780.6993690974
56 29 1357808.1627416012
56 30 1316974.7767215061
56 31 1275540.9200647175
56 32 1234705.0387828485
56 33 1193672.7316751662
56 34 1152970.3461567387
56 35 1112261.3004881192
56 36 1071758.3073364228
56 37 1031328.0394839207
56 38 991048.35987452324
56 39 950868.61414919503
56 40 910813.08539308945
56 41 870861.83792334213
56 42 831019.40599429701
56 43 791276.21783510013
56 44 751630.02500780358
56 45 712074.4063270014
56 46 672604.94707396615
56 47 633216.10073582537
56 48 593902.84073772875
56 49 554659.88385609596
56 50 515482.10318388732
56 51 476364.3582303258
56 52 437301.59261991212
56 53 398288.80351987795
56 54 359321.0604169282
56 55 320393.494470498
56 56 281501.30026478093
56 57 242639.81066294797
56 58 203804.58803849836
56 59 164990.69564987242
56 60 126190.25743439721
56 61 87396.527553616819
56 62 48639.054744361849
56 63 10000
57 0 2435715.3760901815
57 1 2435715.3760901815
57 2 2394847.9451665701
57 3 2396399.6220923578
57 4 2353442.7653217996
57 5 2337733.4539854382
57 6 2295530.1692337715
57 7 2268114.9668426025
57 8 2230615.731914686
57 9 2192868.306262292
57 10 2159562.7880599168
57 11 2114064.7083541979
57 12 2083395.6738705682
57 13 2033239.7363693013
57 14 2003186.4572276177
57 15 1951224.7249705244
57 16 1920061.5573179801
57 17 1868421.5072962153
57 18 1835109.9615983441
57 19 1785022.4209356259
57 20 1749260.6562503532
57 21 1701169.4689495221
57 22 1663210.2424567968
57 23 1617030.9128892357
57 24 1577416.6469206512
57 25 1532810.073955552
57 26 1492141.361499768
57 27 1448718.3294462054
57 28 1407510.1081781993
57 29 1364942.2260303923
57 30 1323567.828652669
57 31 1281621.9950680318
57 32 1240316.9570894979
57 33 1198845.5307928082
57 34 1157738.8990504583
57 35 1116653.8636781196
57 36 1075803.9090143463
57 37 1035051.9517046802
57 38 994475.00747704541
57 39 954019.96308757353
57 40 913709.7460125793
57 41 873522.58091857017
57 42 833461.59257392376
57 43 793515.7127841172
57 44 753681.39134680014
57 45 713950.94173126528
57 46 674318.79724549782
57 47 634778.32502573461
57 48 595323.49387391366
57 49 555948.08124868385
57 50 516646.0858409864
57 51 477411.54964704829
57 52 438238.65137980814
57 53 399121.67031143326
57 54 360054.99992558325
57 55 321033.13189603231
57 56 282050.65360541077
57 57 243102.3283624243
57 58 204183.19215300752
57 59 165287.73392882466
57 60 126407.1804409285
57 61 87534.055255466257
57 62 48701.262909620971
57 63 10000
58 0 2462156.7296841107
58 1 2462156.7296841107
58 2 2422390.6166657326
58 3 2425647.3096874664
58 4 2383075.9899937082
58 5 2367617.1983653009
58 6 2324967.5534431706
58 7 2297054.1649836102
58 8 2258706.9618947324
58 9 2219945.0842088424
58 10 2185572.3793725874
58 11 2138759.1434527002
58 12 2106937.7646747758
58 13 2055339.2398769185
58 14 2024126.8065881312
58 15 1970720.7565074151
58 16 1938435.6176226777
58 17 1885431.6074137969
58 18 1851060.4424688059
58 19 1799734.9832578148
58 20 1762991.5912510348
58 21 1713807.0096775719
58 22 1674954.2448332855
58 23 1627826.5351484073
58 24 1587412.3761635553
58 25 1541992.69946234
58 26 1500618.8509001138
58 27 1456503.6343441196
58 28 1414682.0367876058
58 29 1371527.3815673953
58 30 1329625.114191216
58 31 1287183.0652329244
58 32 1245427.3123875989
58 33 1203536.7732781796
58 34 1162047.278294429
58 35 1120608.3639698729
58 36 1079434.0521489682
58 37 1038383.1194437789
58 38 997531.53645174019
58 39 956823.50419258478
58 40 916280.45586954069
58 41 875878.64827823266
58 42 835619.71480038669
58 43 795491.02756317297
58 44 755487.69843505463
58 45 715600.75601456582
58 46 675823.47906137037
58 47 636148.15809186199
58 48 596567.777789279
58 49 557075.20503650536
58 50 517663.59954141593
58 51 478326.22629292461
58 52 439056.54350781272
58 53 399848.15983947058
58 54 360694.84215947898
58 55 321590.49358047743
58 56 282529.14622320421
58 57 243505.04514456392
58 58 204512.74910630475
58 59 165546.23101178874
58 60 126595.92294323703
58 61 87653.699846874093
58 62 48755.374361929469
58 63 10000
59 0 2493437.7681787931
59 1 2493437.7681787931
59 2 2454406.8003991246
59 3 2458927.6985076591
59 4 2416348.684778634
59 5 2400776.955367717
59 6 2357316.4502836056
59 7 2328539.9255487062
59 8 2288985.2094926746
59 9 2248857.0521148625
59 10 2213083.2016522861
59 11 2164635.6213013865
59 12 2131370.599859193
59 13 2078058.0660542045
59 14 2045448.4607963848
59 15 1990381.8837895941
59 16 1956792.6915462413
59 17 1902263.6787258547
59 18 1866703.0755753075
59 19 1814028.452853566
59 20 1776218.447030677
59 21 1725870.855758857
59 22 1686075.5632879541
59 23 1637962.5815251619
59 24 1596726.9229474477
59 25 1550481.6443390967
59 26 1508400.8988955007
59 27 1463598.2783019962
59 28 1421175.2183270992
59 29 1377450.1214721599
59 30 1335040.732688338
59 31 1292125.930672111
59 32 1249945.3693155884
59 33 1207663.0162343401
59 34 1165819.0123475366
59 35 1124054.9850660509
59 36 1082585.1947609724
59 37 1041263.889894761
59 38 1000165.7757199516
59 39 959232.14386888372
59 40 918482.7960979474
59 41 877891.90636401495
59 42 837459.55003470753
59 43 797171.49711756001
59 44 757021.50790422363
59 45 716999.33129010396
59 46 677097.11407222436
59 47 637306.10523611913
59 48 597618.35059140634
59 49 558025.85901635932
59 50 518521.00921083789
59 51 479096.35079860152
59 52 439744.68552833737
59 53 400459.01679298613
59 54 361232.5508390168
59 55 322058.66834346112
59 56 282930.91202520201
59 57 243843.07266681502
59 58 204789.29244089549
59 59 165763.0977483934
59 60 126754.24263775141
59 61 87754.047611229369
59 62 48800.754344962203
59 63 10000
60 0 2531608.6899960265
60 1 2531608.6899960265
60 2 2492841.5651170462
60 3 2498122.5077125467
60 4 2455049.1469998765
60 5 2438936.2393545713
60 6 2394200.6008088742
60 7 2364108.8350872817
60 8 2322879.3369574286
60 9 2280927.0887233685
60 10 2243306.0461893557
60 11 2192786.6051779045
60 12 2157674.3392026192
60 13 2102254.4779174323
60 14 2067902.2227823143
60 15 2010842.6996781002
60 16 1975669.8876442169
60 17 1919352.0432024579
60 18 1882388.8638315278
60 19 1828169.4167885997
60 20 1789141.1732178447
60 21 1737496.7428077708
60 22 1696660.5388895515
60 23 1647480.5224242783
60 24 1605368.3777126672
60 25 1558256.7640007271
60 26 1515447.4765057538
60 27 1469947.0069273501
60 28 1426924.8492608541
60 29 1382639.6769084975
60 30 1339741.5120394577
60 31 1296377.3872745349
60 32 1253799.890960915
60 33 1211156.3006399951
60 34 1168990.3442143111
60 35 1126934.69928908
60 36 1085203.2844163484
60 37 1043645.2146741454
60 38 1002333.5461732208
60 39 961206.33398361609
60 40 920281.53818481648
60 41 879531.10088499065
60 42 838953.45674610382
60 43 798532.73592734581
60 44 758261.34749548871
60 45 718127.78873936227
60 46 678123.1233847785
60 47 638237.62261948769
60 48 598462.46716616396
60 49 558788.88818238256
60 50 519208.56729900744
60 51 479713.42435390514
60 52 440295.69035505992
60 53 400947.84828279313
60 54 361662.62712054636
60 55 322432.96667746396
60 56 283251.99983984727
60 57 244113.13923209583
60 58 205010.18178775883
60 59 165936.28703050344
60 60 126880.6591759735
60 61 87834.168539890932
60 62 48836.987345470712
60 63 10000
61 0 2579604.9023957229
61 1 2579604.9023957229
61 2 2540618.6196355303
61 3 2546047.9715602743
61 4 2501900.2819488836
61 5 2484646.4288074202
61 6 2438012.9460521769
61 7 2405937.7364545432
61 8 2362361.4423345886
61 9 2317889.5028147553
61 10 2277744.0966971889
61 11 2224476.6714653173
61 12 2186878.5588765945
61 13 2128738.6372942035
61 14 2092081.8901481992
61 15 2032512.9076093035
61 16 1995297.0056170148
61 17 1936787.1869527125
61 18 1898074.6945256924
61 19 1842022.0949477584
61 20 1801537.8629737806
61 21 1748412.0839911785
61 22 1706392.0949762987
61 23 1656045.7718898589
61 24 1612989.4380192219
61 25 1564976.1215467767
61 26 1521424.8556745115
61 27 1475234.7455485086
61 28 1431635.4066157793
61 29 1386824.8901250961
61 30 1343480.0185238663
61 31 1299714.9316046436
61 32 1256791.696693629
61 33 1213840.0056478176
61 34 1171405.1827891828
61 35 1129110.3424333653
61 36 1087168.0355925537
61 37 1045421.9156445335
61 38 1003942.9497444099
61 39 962665.8515147015
61 40 921606.62842847907
61 41 880735.03193855542
61 42 840047.91350262414
61 43 799527.88446908596
61 44 759166.13525451347
61 45 718950.06605286954
61 46 678869.81454101938
61 47 638914.83429521671
61 48 599075.59726895241
61 49 559342.7085831617
61 50 519707.2975860163
61 51 480160.79191239178
61 52 440694.98183179699
61 53 401301.9525533531
61 54 361974.07149194094
61 55 322703.94696696475
61 56 283484.40567713743
61 57 244308.57911419158
61 58 205170.00853123236
61 59 166061.58327552461
61 60 126972.10568254052
61 61 87892.116935355938
61 62 48863.186133878153
61 63 10000
62 0 2627403.9167847116
62 1 2627403.9167847116
62 2 2587794.0437281881
62 3 2592775.0130320932
62 4 2547096.8128132261
62 5 2528227.1445601867
62 6 2479282.1472936454
62 7 2444798.9730501403
62 8 2398501.4475470749
62 9 2351172.6765618073
62 10 2308205.5945216417
62 11 2251968.380787313
62 12 2211691.5539538483
62 13 2150738.7854249724
62 14 2111702.0488527333
62 15 2049654.9533621457
62 16 2010432.5545855716
62 17 1949864.641793486
62 18 1909530.9794123517
62 19 1851850.1573837094
62 20 1810100.5752198913
62 21 1755736.120887378
62 22 1712755.2701695431
62 23 1661494.3000038827
62 24 1617723.2174311841
62 25 1569047.9989241729
62 26 1524972.243940321
62 27 1478308.0184944456
62 28 1434326.2172636532
62 29 1389176.2695099378
62 30 1345552.1873322106
62 31 1301542.0696886284
62 32 1258413.3392868
62 33 1215282.0322509671
62 34 1172693.8407829774
62 35 1130264.6790064257
62 36 1088205.8273175515
62 37 1046357.0120949299
62 38 1004787.6944448688
62 39 963430.32282357861
62 40 922299.62754186441
62 41 881363.96587595728
62 42 840619.21932563838
62 43 800047.08717540943
62 44 759638.04985685006
62 45 719378.87937380653
62 46 679259.19451129076
62 47 639267.99721455458
62 48 599395.37365706917
62 49 559631.59184806363
62 50 519967.48660580447
62 51 480394.22500099288
62 52 440903.36540247733
62 53 401486.78469623288
62 54 362136.66162033519
62 55 322845.43197313265
62 56 283605.76341617841
62 57 244410.64165505514
62 58 205253.47558439316
62 59 166127.01446476005
62 60 127019.85073408598
62 61 87922.353909949801
62 62 48876.835399757518
62 63 10000
63 0 2627403.9167847116
63 1 2627403.9167847116
63 2 2587794.0437281881
63 3 2592775.0130320932
63 4 2547096.8128132261
63 5 2528227.1445601867
63 6 2479282.1472936454
63 7 2444798.9730501403
63 8 2398501.4475470749
63 9 2351172.6765618073
63 10 2308205.5945216417
63 11 2251968.380787313
63 12 2211691.5539538483
63 13 2150738.7854249724
63 14 2111702.0488527333
63 15 2049654.9533621457
63 16 2010432.5545855716
63 17 1949864.641793486
63 18 1909530.9794123517
63 19 1851850.1573837094
63 20 1810100.5752198913
63 21 1755736.120887378
63 22 1712755.2701695431
63 23 1661494.3000038827
63 24 1617723.2174311841
63 25 1569047.9989241729
63 26 1524972.243940321
63 27 1478308.0184944456
63 28 1434326.2172636532
63 29 1389176.2695099378
63 30 1345552.1873322106
63 31 1301542.0696886284
63 32 1258413.3392868
63 33 1215282.0322509671
63 34 1172693.8407829774
63 35 1130264.6790064257
63 36 1088205.8273175515
63 37 1046357.0120949299
63 38 1004787.6944448688
63 39 963430.32282357861
63 40 922299.62754186441
63 41 881363.96587595728
63 42 840619.21932563838
63 43 800047.08717540943
63 44 759638.04985685006
63 45 719378.87937380653
63 46 679259.19451129076
63 47 639267.99721455458
63 48 599395.37365706917
63 49 559631.59184806363
63 50 519967.48660580447
63 51 480394.22500099288
63 52 440903.36540247733
63 53 401486.78469623288
63 54 362136.66162033519
63 55 322845.43197313265
63 56 283605.76341617841
63 57 244410.64165505514
63 58 205253.47558439316
63 59 166127.01446476005
63 60 127019.85073408598
63 61 87922.353909949801
63 62 48876.835399757518
63 63 10000
