0 0 852671.12829383276
0 1 852671.12829383276
0 2 846997.60011473717
0 3 854396.9999053838
0 4 845339.78574980225
0 5 844860.88132052508
0 6 831883.08425165177
0 7 826624.87166581303
0 8 811714.58989903179
0 9 802160.07179063698
0 10 786112.34740241815
0 11 772903.79065797571
0 12 756400.56532848103
0 13 740234.65495177102
0 14 723731.33044415398
0 15 705323.16171059583
0 16 689087.07846499968
0 17 669137.68155730038
0 18 653288.16365042946
0 19 632448.65509709506
0 20 617002.56057519978
0 21 595843.30058879522
0 22 580758.21167801577
0 23 559746.96792529779
0 24 544956.87466009264
0 25 524448.25794201891
0 26 509888.96654225542
0 27 490125.1664234004
0 28 475749.00316735852
0 29 456870.02298963373
0 30 442651.22825832671
0 31 424711.67236291757
0 32 410644.96306642011
0 33 393634.0549297852
0 34 379729.16205663577
0 35 363590.96421958087
0 36 349865.67633051763
0 37 334517.21717035846
0 38 320990.81687000062
0 39 306336.74626909877
0 40 293024.95837333938
0 41 278968.2298447662
0 42 265880.09932930773
0 43 252328.86156081158
0 44 239465.46003344978
0 45 226336.77312045475
0 46 213691.33018590609
0 47 200912.50971363205
0 48 188471.45733952831
0 49 175979.84687248667
0 50 163724.29593628639
0 51 151466.146527626
0 52 139373.42290345143
0 53 127302.38637528325
0 54 115347.38952460927
0 55 103422.93369025154
0 56 91579.122419537758
0 57 79765.189436085318
0 58 68006.387494656097
0 59 56270.720220700299
0 60 44558.989412200608
0 61 32842.224125216009
0 62 21230.224042274764
0 63 10000
1 0 852671.12829383276
1 1 852671.12829383276
1 2 846997.60011473717
1 3 854396.9999053838
1 4 845339.78574980225
1 5 844860.88132052508
1 6 831883.08425165177
1 7 826624.87166581303
1 8 811714.58989903179
1 9 802160.07179063698
1 10 786112.34740241815
1 11 772903.79065797571
1 12 756400.56532848103
1 13 740234.65495177102
1 14 723731.33044415398
1 15 705323.16171059583
1 16 689087.07846499968
1 17 669137.68155730038
1 18 653288.16365042946
1 19 632448.65509709506
1 20 617002.56057519978
1 21 595843.30058879522
1 22 580758.21167801577
1 23 559746.96792529779
1 24 544956.87466009264
1 25 524448.25794201891
1 26 509888.96654225542
1 27 490125.1664234004
1 28 475749.00316735852
1 29 456870.02298963373
1 30 442651.22825832671
1 31 424711.67236291757
1 32 410644.96306642011
1 33 393634.0549297852
1 34 379729.16205663577
1 35 363590.96421958087
1 36 349865.67633051763
1 37 334517.21717035846
1 38 320990.81687000062
1 39 306336.74626909877
1 40 293024.95837333938
1 41 278968.2298447662
1 42 265880.09932930773
1 43 252328.86156081158
1 44 239465.46003344978
1 45 226336.77312045475
1 46 213691.33018590609
1 47 200912.50971363205
1 48 188471.45733952831
1 49 175979.84687248667
1 50 163724.29593628639
1 51 151466.146527626
1 52 139373.42290345143
1 53 127302.38637528325
1 54 115347.38952460927
1 55 103422.93369025154
1 56 91579.122419537758
1 57 79765.189436085318
1 58 68006.387494656097
1 59 56270.720220700299
1 60 44558.989412200608
1 61 32842.224125216009
1 62 21230.224042274764
1 63 10000
2 0 818977.57584804343
2 1 818977.57584804343
2 2 813476.86049308407
2 3 821001.18984130141
2 4 812397.93585148815
2 5 812390.07106560725
2 6 800157.70349882741
2 7 795660.8474613633
2 8 781729.82045249734
2 9 773178.10779314407
2 10 758284.93009966705
2 11 746260.3155187649
2 12 731024.55628756108
2 13 716159.99138712557
2 14 700977.46054792986
2 15 683926.11861048138
2 16 669010.98030815274
2 17 650417.87971402111
2 18 635845.17384058062
2 19 616314.30170993716
2 20 602066.75530995114
2 21 582131.95174812223
2 22 568143.36388729222
2 23 548247.01131583797
2 24 534437.27888300538
2 25 514919.22919678915
2 26 501218.49869083276
2 27 482315.52228799352
2 28 468677.29365132598
2 29 450531.5444272749
2 30 436936.34847846051
2 31 419610.18366107863
2 32 406062.49105676124
2 33 389556.565754476
2 34 376077.85926825117
2 35 360349.64176001714
2 36 346970.25459461025
2 37 331950.77065353515
2 38 318702.404157179
2 39 304309.87023511744
2 40 291219.90126476175
2 41 277369.73070291057
2 42 264457.69493092515
2 43 251069.01307467307
2 44 238345.11844377956
2 45 225344.33798046177
2 46 212809.5560305838
2 47 200131.74854447992
2 48 187778.92528003189
2 49 175367.72860203244
2 50 163183.19385263877
2 51 150989.88421009126
2 52 138955.15483609302
2 53 126937.3540320032
2 54 115030.67054784579
2 55 103150.97256381648
2 56 91348.459656124251
2 57 79573.282661516714
2 58 67850.899845943117
2 59 56149.974022599265
2 60 44471.727587338064
2 61 32787.847721396924
2 62 21206.612167965526
2 63 10000
3 0 783578.71652201586
3 1 783578.71652201586
3 2 778141.69284761255
3 3 785626.92212673381
3 4 777358.74946431548
3 5 777692.46336217783
3 6 766102.28977306513
3 7 762250.34421433753
3 8 749205.70233984862
3 9 741557.58528527967
3 10 727739.57523712958
3 11 716819.52005977044
3 12 702787.7246395793
3 13 689167.63711806445
3 14 675261.11477953847
3 15 659534.70990019862
3 16 645917.0655202847
3 17 628674.96971684846
3 18 615378.74401507061
3 19 597178.11517794186
3 20 584152.41113382857
3 21 565489.32008796884
3 22 552643.18826742866
3 23 533931.87897890585
3 24 521168.74725228269
3 25 502730.33386560262
3 26 489971.17257907311
3 27 472032.23256379802
3 28 459227.45987870113
3 29 441927.21827136213
3 30 429059.10987873573
3 31 412462.75442049623
3 32 399541.12062524311
3 33 383656.34648995392
3 34 370710.47939658491
3 35 355504.55100841454
3 36 342574.08725382225
3 37 327989.32237746794
3 38 315115.95557767904
3 39 301082.34405889607
3 40 288303.50161052297
3 41 274747.95707744564
3 42 262092.8200812595
3 43 248945.18553103242
3 44 236432.89015457372
3 45 223629.21506993508
3 46 211268.7617993801
3 47 198752.54401768092
3 48 186543.8324141663
3 49 174265.92016820284
3 50 162201.36355648009
3 51 150119.10648277358
3 52 138185.39887898715
3 53 126261.48492822614
3 54 114441.23960043566
3 55 102642.47758758767
3 56 90915.513653913993
3 57 79211.846828166148
3 58 67557.243739551181
3 59 55921.378231034796
3 60 44306.193789479454
3 61 32684.46079441742
3 62 21161.535130176817
3 63 10000
4 0 753699.9861739967
4 1 753699.9861739967
4 2 748181.93906387698
4 3 755451.29890633642
4 4 747348.96246581455
4 5 747853.90011265734
4 6 736725.84718295559
4 7 733327.8718052333
4 8 720971.17805782065
4 9 714017.88890123321
4 10 701061.49448430527
4 11 691022.80634736177
4 12 677970.00006703229
4 13 665361.62443724799
4 14 652499.82769499859
4 15 637862.09055938513
4 16 625310.4026298034
4 17 609186.23618626781
4 18 596941.11427754851
4 19 579847.51087433554
4 20 567830.59220547008
4 21 550231.85849451285
4 22 538332.79518269305
4 23 520619.88824654103
4 24 508729.76785723661
4 25 491208.44710713031
4 26 479241.73257744801
4 27 462130.17668877891
4 28 450035.35481285147
4 29 433470.12404161243
4 30 421230.9494353261
4 31 405278.9967262022
4 32 392909.16124554892
4 33 377583.12053526734
4 34 365117.37454165349
4 35 350391.50399189466
4 36 337875.86982061487
4 37 323700.60656357702
4 38 311183.59781042731
4 39 297497.45452987938
4 40 285023.38980357372
4 41 271761.68409093522
4 42 259366.44877525608
4 43 246466.96243362728
4 44 234176.03522078705
4 45 221582.08920404754
4 46 209410.34256534121
4 47 197071.94706225235
4 48 185024.62564639415
4 49 172898.36962886198
4 50 160972.69006950673
4 51 149020.93301833532
4 52 137207.86835077623
4 53 125397.65079270619
4 54 113683.61096370773
4 55 101985.52963550511
4 56 90353.710707404491
4 57 78741.029410541872
4 58 67173.499518310127
4 59 55621.853143075583
4 60 44088.843337869752
4 61 32548.457312399554
4 62 21102.083312778428
4 63 10000
5 0 727683.27658568555
5 1 727683.27658568555
5 2 721937.58562839555
5 3 728829.94304245163
5 4 720740.07068182214
5 5 721280.0107734066
5 6 710466.40602301352
5 7 707380.23629040096
5 8 695558.52261653368
5 9 689151.41704962333
5 10 676899.70899559953
5 11 667588.41771214211
5 12 655355.68673793774
5 13 643602.21987405675
5 14 631627.19849788514
5 15 617921.87003065483
5 16 606282.52971097932
5 17 591124.3303257426
5 18 579784.42454193102
5 19 563653.84858264343
5 20 552510.56702452339
5 21 535843.36197033396
5 22 524769.35735502571
5 23 507935.67746406165
5 24 496811.33528614359
5 25 480103.21585833869
5 26 468837.33359243494
5 27 452465.31272508128
5 28 441004.5401781777
5 29 425102.4694083911
5 30 413431.49326145294
5 31 398067.37500071706
5 32 386202.71882107592
5 33 371392.90027692338
5 34 359373.36857663596
5 35 345097.53599233687
5 36 332973.9216182144
5 37 319188.8847050544
5 38 307014.82206714607
5 39 293665.8251233956
5 40 281490.84597204754
5 41 268519.88316444407
5 42 256385.00085133966
5 43 243736.20751634147
5 44 231671.82512655237
5 45 219294.40048969365
5 46 207320.03665613342
5 47 195169.32745793817
5 48 183294.55325865617
5 49 171331.93620906814
5 50 159557.95931146224
5 51 147750.06394601293
5 52 136071.51789065549
5 53 124389.19077830268
5 54 112795.83656476416
5 55 101213.08288244276
5 56 89691.195420398173
5 57 78184.356722059325
5 58 66718.805157472845
5 59 55266.303336222059
5 60 43830.486759239597
5 61 32386.613103731717
5 62 21031.244767170672
5 63 10000
6 0 704450.19969648449
6 1 704450.19969648449
6 2 698343.34565784957
6 3 704702.60736669379
6 4 696484.61323682545
6 5 696930.49564529106
6 6 686301.03724406217
6 7 683396.84322381159
6 8 671978.74015160673
6 9 665986.33287946996
6 10 654307.63190132857
6 11 645591.82739648316
6 12 634048.99534263799
6 13 623020.65388646326
6 14 611806.4936124041
6 15 598909.0371319477
6 16 588063.37569856131
6 17 573754.95339643559
6 18 563211.57601579023
6 19 547938.83929021051
6 20 537572.64116384881
6 21 521744.71389573469
6 22 511412.7335248274
6 23 495380.06072172534
6 24 484952.55074035801
6 25 468993.70372608514
6 26 458373.61095000448
6 27 442691.01933195867
6 28 431822.35210405855
6 29 416546.12595962995
6 30 405413.2512514941
6 31 390611.02969247039
6 32 379231.78112458525
6 33 364922.00958477473
6 34 353337.61422523082
6 35 339503.74141954427
6 36 327768.15004645742
6 37 314371.75823464157
6 38 302542.22532589658
6 39 289533.83475329098
6 40 277663.77420981642
6 41 264990.78929845826
6 42 253125.20945778818
6 43 240737.05979896872
6 44 228910.35879519841
6 45 216761.26751090691
6 46 204996.87461828266
6 47 193046.86056639758
6 48 181358.11258975754
6 49 169572.84370713632
6 50 157964.53008921788
6 51 146314.55255239856
6 52 134784.68510243695
6 53 123244.41634198498
6 54 111785.92840114715
6 55 100332.64189884339
6 56 88934.791027178464
6 57 77547.839195575085
6 58 66198.254531344341
6 59 54858.829254906115
6 60 43534.169147522371
6 61 32200.868945110447
6 62 20949.884162352744
6 63 10000
7 0 683773.30649741273
7 1 683773.30649741273
7 2 677175.15371317021
7 3 682857.73078485462
7 4 674376.02970517438
7 5 674611.15235678037
7 6 664042.0213985187
7 7 661203.8277510131
7 8 650066.38410921395
7 9 644371.72111561464
7 10 633144.20776129991
7 11 624906.4750966375
7 12 613934.26975355099
7 13 603515.22554170073
7 14 592947.55185379507
7 15 580746.44613750267
7 16 570587.50163293222
7 17 557024.41434492089
7 18 547180.25172291044
7 19 532670.39914014086
7 20 522995.30003936955
7 21 507922.96740610688
7 22 498259.35384777968
7 23 482956.32401382842
7 24 473164.62090656772
7 25 457896.31302933529
7 26 447873.30491821119
7 27 432833.70408350736
7 28 422519.95610782184
7 29 407834.58514776302
7 30 397212.99971698248
7 31 382947.93695687514
7 32 372036.31391520851
7 33 358210.7078193124
7 34 347051.27995595708
7 35 333650.88258153026
7 36 322299.36860862398
7 37 309289.11665044026
7 38 297805.09949911287
7 39 285139.48579961044
7 40 273579.11334833084
7 41 261209.80863256246
7 42 249621.10215333916
7 43 237501.8659861121
7 44 225922.40808836085
7 45 214011.70466329186
7 46 202468.18925139401
7 47 190730.09732057931
7 48 179239.13076310314
7 49 167643.14947269604
7 50 156212.73776675834
7 51 144733.00018598381
7 52 133364.27870368963
7 53 121978.55098812935
7 54 110667.46104482557
7 55 99356.148981139835
7 56 88094.838405958159
7 57 76840.235125968029
7 58 65619.048337508822
7 59 54405.090056382534
7 60 43204.01754740141
7 61 31993.814605671698
7 62 20859.132307417516
7 63 10000
8 0 665490.6832027426
8 1 665490.6832027426
8 2 658290.88147064636
8 3 663165.85468361166
8 4 654302.17585174274
8 5 654219.34774988284
8 6 643602.91303199029
8 7 640725.03008134034
8 8 629761.48380469996
8 9 624258.9566316891
8 10 613376.63149688742
8 11 605511.68274064921
8 12 595005.80547364766
8 13 585092.6906549288
8 14 575070.80455845862
8 15 563466.7797511525
8 16 553899.56739189592
8 17 540988.8348699467
8 18 531756.52923283994
8 19 517924.73138774134
8 20 508862.46647453122
8 21 494470.3922072702
8 22 485406.88555791957
8 23 470768.41401538783
8 24 461554.61635872978
8 25 446922.21397180617
8 26 437448.60636866721
8 27 423007.53586732555
8 28 413210.70532116538
8 29 399081.25724557595
8 30 388941.82664255431
8 31 375187.62257866433
8 32 364722.37197860569
8 33 351362.22419455566
8 34 340613.3289864941
8 35 327634.20091469411
8 36 316658.08178788383
8 37 304027.18996049283
8 38 292884.74358934083
8 39 280559.5460912814
8 40 269308.72668306332
8 41 257244.2523215338
8 42 245935.27414300514
8 43 234088.82048195053
8 44 222761.74725251633
8 45 211095.34956097486
8 46 199779.55324940325
8 47 188260.79964765851
8 48 176975.6806625482
8 49 165577.46237102244
8 50 154333.8691521869
8 51 143033.56686657915
8 52 131835.47374499345
8 53 120613.94957496924
8 54 109460.09770102019
8 55 98300.709488607288
8 56 87185.992348702959
8 57 76073.85158969021
8 58 64991.228338034583
8 59 53912.934238895461
8 60 42845.731000641579
8 61 31769.021085574695
8 62 20760.551175604025
8 63 10000
9 0 649417.83994584042
9 1 649417.83994584042
9 2 641512.16480762861
9 3 645465.66958551423
9 4 636111.10274863499
9 5 635618.60080318106
9 6 624856.67346964777
9 7 621848.55608634755
9 8 610962.50996386458
9 9 605561.26623018575
9 10 594929.37933244964
9 11 587346.03800886485
9 12 577214.04097931285
9 13 567716.65212870634
9 14 558151.88767420128
9 15 547057.60788340622
9 16 537998.87402144168
9 17 525657.97653626674
9 18 516961.11037124594
9 19 503731.34173714917
9 20 495213.36204395455
9 21 481433.25039009046
9 22 472909.75219849654
9 23 458876.00925318687
9 24 450188.62383279443
9 25 436141.02276147861
9 26 427173.72461397521
9 27 413288.658873012
9 28 403973.58410758275
9 29 390365.65160129021
9 30 380680.48915436753
9 31 367410.17772113235
9 32 357369.9289540053
9 33 344454.90946933551
9 34 334100.89080176782
9 35 321528.47840792296
9 36 310917.01438578591
9 37 298655.84805141552
9 38 287848.38665372418
9 39 275858.07489671005
9 40 264913.67095880315
9 41 253151.85452119497
9 42 242122.27888325465
9 43 230549.13043794787
9 44 219476.36703730948
9 45 208056.91920509154
9 46 196972.53435559646
9 47 185677.3997482674
9 48 174603.17960511375
9 49 163408.24092292375
9 50 152357.53923697848
9 51 141243.10118324438
9 52 130222.45914096879
9 53 119172.22416038708
9 54 108182.96815679832
9 55 97183.048726142166
9 56 86222.652716525074
9 57 75260.828653833349
9 58 64324.736407501463
9 59 53390.154222697362
9 60 42464.9831536122
9 61 31530.052566748451
9 62 20655.708219199994
9 63 10000
10 0 635334.85243398673
10 1 635334.85243398673
10 2 626640.80266152497
10 3 629574.36443653237
10 4 619638.86576664425
10 5 618656.30725253094
10 6 607666.8213240325
10 7 604448.84095498698
10 8 593558.64225977287
10 9 588178.89132230147
10 10 577716.27224341861
10 11 570334.66202087793
10 12 560496.51725577121
10 13 551336.00095785467
10 14 542150.8657987183
10 15 531490.07283140207
10 16 522866.39055273106
10 17 511023.24765423371
10 18 502793.80258122529
10 19 490099.49394298607
10 20 482064.18118231132
10 21 468835.93485347234
10 22 460797.8177044575
10 23 447315.73722202005
10 24 439107.34117512609
10 25 425598.69493807695
10 26 417097.3872990206
10 27 403729.57958280458
10 28 394862.70782353153
10 29 381744.2894922886
10 30 372486.10943773843
10 31 359673.91827316652
10 32 350037.05750809243
10 33 337547.00885440648
10 34 327571.28583925712
10 35 315390.38704009401
10 36 305131.38585270033
10 37 293229.03380364884
10 38 282748.13103749166
10 39 271085.4444416702
10 40 260442.21226681443
10 41 248978.84760998795
10 42 238226.08039094243
10 43 226924.54544204564
10 44 216105.67033021466
10 45 204933.51736102119
10 46 194081.87619278967
10 47 183012.32852289401
10 48 172151.73199493968
10 49 161163.31221346703
10 50 150309.31319982302
10 51 139384.95651886688
10 52 128546.40772617953
10 53 117672.41576796015
10 54 106853.01896711497
10 55 96018.063258741066
10 56 85217.702463684036
10 57 74412.073175319456
10 58 63628.534579601663
10 59 52843.795273314652
10 60 42066.914642614953
10 61 31280.144103836796
10 62 20546.028671702508
10 63 10000
11 0 623061.29086325248
11 1 623061.29086325248
11 2 613503.84266439162
11 3 615336.83865022799
11 4 604741.08751330466
11 5 603203.25587335369
11 6 591914.19640266104
11 7 588420.47158380237
11 8 577454.55558671511
11 9 572028.95305239398
11 10 561664.65184242895
11 11 554416.14818282612
11 12 544802.09241813608
11 13 535909.65853870055
11 14 527036.7215754448
11 15 516741.99595609022
11 16 508489.48553761904
11 17 497079.59392680647
11 18 489258.27926005976
11 19 477039.1616225813
11 20 469432.55378282175
11 21 456701.11664572736
11 22 449100.16831911111
11 23 436120.52015517472
11 24 428348.78732976865
11 25 415335.96646087413
11 26 407264.11807642609
11 27 394376.53051132668
11 28 385926.86824767658
11 29 373266.78973416577
11 30 364409.76805546321
11 31 352030.00304914417
11 32 342775.44057797268
11 33 330689.66705814126
11 34 321075.41540604905
11 35 309269.79925973614
11 36 299350.22347311809
11 37 287794.37038324779
11 38 277630.30449894845
11 39 266286.30543286377
11 40 255937.38725722765
11 41 244766.40615415553
11 42 234286.0298714895
11 43 223252.44259246584
11 44 212685.08870332135
11 45 201758.54781768576
11 46 191138.98131317494
11 47 180294.95149763874
11 48 169648.69447892267
11 49 158868.0182559714
11 50 148212.54880252649
11 51 137480.51859488277
11 52 126826.76465316085
11 53 116132.05037757117
11 54 105485.88749055981
11 55 94819.526045629129
11 56 84183.077492417389
11 57 73537.706619759512
11 58 62910.952707400902
11 59 52280.413374115524
11 60 41656.314105548583
11 61 31022.311184321767
11 62 20432.84251272129
11 63 10000
12 0 612402.35697906138
12 1 612402.35697906138
12 2 601928.15003000246
12 3 602596.47271362576
12 4 591279.54841953423
12 5 589133.12539822282
12 6 577487.33737143409
12 7 573662.90412290324
12 8 562562.51994411519
12 9 557034.1555341268
12 10 546708.39068068587
12 11 539534.5091187451
12 12 530084.55153420602
12 13 521401.19615991792
12 14 512781.51788840606
12 15 502794.6815550985
12 16 494856.73012477701
12 17 483824.0535991824
12 18 476357.65932619915
12 19 464560.94942025538
12 20 457334.02283194911
12 21 445050.69475628878
12 22 437842.55856326618
12 23 425321.26476092183
12 24 417946.71918481152
12 25 405390.54230648174
12 26 397713.55960086122
12 27 385271.96066666831
12 28 377209.64301686507
12 29 364978.50290192157
12 30 356497.24393307726
12 31 344525.08683391631
12 32 335631.5702923233
12 33 323929.50311832747
12 34 314659.2506789664
12 35 303212.21122690104
12 36 293617.98960057274
12 37 282395.38005094818
12 38 272537.10000048339
12 39 261501.56683331
12 40 251438.56019144983
12 41 240552.36938886106
12 42 230338.27523708364
12 43 219567.28783331136
12 44 209247.30724273322
12 45 198562.92290643306
12 46 188172.93714785087
12 47 177552.54243416089
12 48 167119.50629608167
12 49 156545.97930319278
12 50 146089.04635384481
12 51 135549.78684239491
12 52 125081.73906479533
12 53 114567.56765733968
12 54 104096.25996455092
12 55 93600.390305828652
12 56 83130.015035807082
12 57 72647.268290091873
12 58 62179.847763797923
12 59 51706.197006540278
12 60 41237.703805833487
12 61 30759.402486620351
12 62 20317.406446507117
12 63 10000
13 0 603200.60063905013
13 1 603200.60063905013
13 2 591764.6234688923
13 3 591221.42785286915
13 4 579133.5632345659
13 5 576338.97702301946
13 6 564289.30925568473
13 7 560091.07684225601
13 8 548807.06567748729
13 9 543129.25535277207
13 10 532791.52032619528
13 11 525642.63670480181
13 12 516305.74553685653
13 13 507780.13727914158
13 14 499363.28670984117
13 15 489632.74773990741
13 16 481960.61044516042
13 17 471254.6761410269
13 18 464097.03460473334
13 19 452674.54123046488
13 20 445784.34704690526
13 21 433904.1024087132
13 22 427049.44867889048
13 23 414945.2499741253
13 24 407932.37875949591
13 25 395795.69794689701
13 26 388481.92648037319
13 27 376453.41047505842
13 28 368750.57020229212
13 29 356919.6671796579
13 30 348789.94111081405
13 31 337200.73158375325
13 32 328647.46558437409
13 33 317308.23433179862
13 34 308364.38183603232
13 35 297258.53162137052
13 36 287975.00022193184
13 37 277071.39239393099
13 38 267506.89599350985
13 39 256768.38453513189
13 40 246981.67045037347
13 41 236371.27931360464
13 42 226415.95472536981
13 43 215900.70028763253
13 44 205822.41754897003
13 45 195375.13775142364
13 46 185210.63740441328
13 47 174810.35676999958
13 48 164587.78519207699
13 49 154219.16007279945
13 50 143959.12349684545
13 51 133611.43019565553
13 52 123328.36114670477
13 53 112994.36532897156
13 54 102697.91371299568
13 55 92372.822871158845
13 56 82069.083587298694
13 57 71749.738822978252
13 58 61442.623712705135
13 59 51126.98213384152
13 60 40815.351230529435
13 61 30494.107576027953
13 62 20200.908285515747
13 63 10000
14 0 595285.52989813744
14 1 595285.52989813744
14 2 582862.76044470351
14 3 581077.67007036554
14 4 568185.74905892322
14 5 564714.97245108208
14 6 552227.05324036314
14 7 547622.2376089415
14 8 536116.02084007079
14 9 530251.58959888411
14 10 519860.24428091932
14 11 512695.65871358465
14 12 503428.32180734101
14 13 495017.484533204
14 14 486759.42349272006
14 15 477241.28356562683
14 16 469791.61748068489
14 17 459368.85956670577
14 18 452478.30545195995
14 19 441387.8496319133
14 20 434795.11298013484
14 21 423277.97786163306
14 22 416740.38675092679
14 23 405016.09996215173
14 24 398331.59909435408
14 25 386580.39866328752
14 26 379599.75614582212
14 27 367953.67430274264
14 28 360583.44506191585
14 29 349125.55236160482
14 30 341323.6251527546
14 31 330093.50045498949
14 32 321859.74620306276
14 33 310862.70938727824
14 34 302227.33972188004
14 35 291445.05564435595
14 36 282456.9206750702
14 37 271857.46785186889
14 38 262573.86995754048
14 39 252120.04601576162
14 40 242598.92374761472
14 41 232254.23859122425
14 42 222548.939109103
14 43 212281.29466823253
14 44 202437.6946383141
14 45 192221.10699468144
14 46 182276.58474881633
14 47 172091.47081314563
14 48 162075.15184202819
14 49 151907.71798060689
14 50 141841.46026874328
14 51 131682.64952093025
14 52 121582.34828945628
14 53 111426.67974718347
14 54 101303.60555437753
14 55 91148.105873206223
14 56 81010.09484006594
14 57 70853.465118655309
14 58 60706.168102323027
14 59 50548.201819230933
14 60 40393.231195411841
14 61 30228.932218775786
14 62 20084.454821367301
14 63 10000
15 0 588520.64730181999
15 1 588520.64730181999
15 2 575094.8154830226
15 3 572053.16660104634
15 4 558334.97466082266
15 5 554171.65612973855
15 6 541220.51697707281
15 7 536186.04337614507
15 8 524427.80185112718
15 9 518347.64237737871
15 10 507869.25016080728
15 11 500655.05111183313
15 12 491421.4501624977
15 13 483088.16784790123
15 14 474951.98167722003
15 15 465607.23325347959
15 16 458343.14648376632
15 17 448164.12230700441
15 18 441504.67102422309
15 19 430707.49966622412
15 20 424377.7901530668
15 21 413186.57438151736
15 22 406933.61088861997
15 23 395554.24331886927
15 24 389167.95198698377
15 25 377769.8604839599
15 26 371094.61771220679
15 27 359801.46636861371
15 28 352738.61935985228
15 29 341627.20421122585
15 30 334130.35115355492
15 31 323235.7404556658
15 32 315301.23175378196
15 33 304625.68736958911
15 34 296280.90858997247
15 35 285804.20415030111
15 36 277095.8325654068
15 37 266785.07021653798
15 38 257768.85643281232
15 39 247586.55983497092
15 40 238319.47423020119
15 41 228229.41015115639
15 42 218764.36690056816
15 43 208735.09169907644
15 44 199118.01068705387
15 45 189124.49216219544
15 46 179393.20529214133
15 47 169417.03551470587
15 48 159601.46436524254
15 49 149630.19436943301
15 50 139753.27024726188
15 51 129779.31759959264
15 52 119858.22695302733
15 53 109877.68523747429
15 54 99925.1560708951
15 55 89936.704722754454
15 56 79962.159739626426
15 57 69966.204568926289
15 58 59976.887048791184
15 59 49974.912433428166
15 60 39975.044767184801
15 61 29966.210356298267
15 62 19969.077568956876
15 63 10000
16 0 582760.9248109539
16 1 582760.9248109539
16 2 568332.97213741182
16 3 564035.62997351575
16 4 549483.14326699742
16 5 544621.53478301701
16 6 531192.58376329206
16 7 525714.68168947008
16 8 513682.9464354373
16 9 507366.34602326446
16 10 496774.2926670828
16 11 489484.26040155103
16 12 480254.26365978637
16 13 471968.35955893138
16 14 463921.92581176903
16 15 454717.91539463273
16 16 447606.56439791917
16 17 437637.4440651983
16 18 431176.51126076479
16 19 420638.69887865591
16 20 414540.40342222771
16 21 403641.94438059337
16 22 397643.45701746916
16 23 386577.26089733996
16 24 380460.80932150764
16 25 369385.96280284564
16 26 362989.72725441074
16 27 352021.83785034553
16 28 345242.06413203984
16 29 334451.83280262165
16 30 327237.87048311456
16 31 316655.92631692381
16 32 309000.59916445345
16 33 298626.1318855143
16 34 290553.95561970444
16 35 280364.76834722777
16 36 271920.17285622522
16 37 261882.26488503677
16 38 253119.34891613291
16 39 243194.81152343052
16 40 234169.4563083692
16 41 224322.13522027369
16 42 215086.68467835741
16 43 205285.60300154277
16 44 195885.87126007956
16 45 186106.75828263615
16 46 176580.87457108646
16 47 166806.30983223458
16 48 157184.83231845798
16 49 147403.52968140104
16 50 137710.30360526103
16 51 127915.98108138025
16 52 118169.32738538866
16 53 108359.48752505942
16 54 98573.439246137583
16 55 88748.257236291727
16 56 78933.676312660027
16 57 69095.113449320605
16 58 59260.694111014251
16 59 49411.784077286509
16 60 39564.211341628878
16 61 29708.098378042479
16 62 19855.729357904529
16 63 10000
17 0 577890.30676879
17 1 577890.30676879
17 2 562469.89176486619
17 3 556931.32339041634
17 4 541546.69229192066
17 5 535990.4390311446
17 6 522077.55750784918
17 7 516150.04634819977
17 8 503831.09518642188
17 9 497263.50517458521
17 10 486538.27480998181
17 11 479151.30216721777
17 12 469901.29479822487
17 13 461636.90635600971
17 14 453654.01981703943
17 15 444561.76707072929
17 16 437575.57954711886
17 17 427785.66152635339
17 18 421495.24664201523
17 19 411185.51103470672
17 20 405290.89407424303
17 21 394654.22695967788
17 22 388883.24439809402
17 23 378100.2537959094
17 24 372227.78884168231
17 25 361447.71455949463
17 26 355305.99908091046
17 27 344636.7282892869
17 28 338117.07630038442
17 29 327623.42031904549
17 30 320671.04259730864
17 31 310379.29098158429
17 32 302983.54614133027
17 33 292889.83283788513
17 34 285072.38705918874
17 35 275152.49764059891
17 36 266955.5176171558
17 37 257174.25515560672
17 38 248650.14022417241
17 39 238969.03808187169
17 40 230172.50548067098
17 41 220555.34201445224
17 42 211538.06800368088
17 43 201954.17471978339
17 44 192761.75263816188
17 45 183187.45645558788
17 46 173858.18504300987
17 47 164276.88822299454
17 48 154841.82609617585
17 49 145243.24279798349
17 50 135727.0084886486
17 51 126105.998758956
17 52 116527.90558889524
17 53 106883.22764747808
17 54 97258.47226914177
17 55 87591.64913064467
17 56 77932.393232241579
17 57 68246.798933033395
17 58 58563.052216299366
17 59 48863.132890088549
17 60 39163.892197010966
17 61 29456.590211957722
17 62 19745.291471449284
17 63 10000
18 0 573788.95137309714
18 1 573788.95137309714
18 2 557399.57891939208
18 3 550648.19018373697
18 4 534445.0148354643
18 5 528207.06041016302
18 6 513812.1234330677
18 7 507436.9056514409
18 8 494823.34834701853
18 9 487997.41578528006
18 10 477124.61014217563
18 11 469626.08077208983
18 12 460336.70600301283
18 13 452073.81615695986
18 14 444131.88052830007
18 15 435127.60433577577
18 16 428242.09360466205
18 17 418605.21401710279
18 18 412459.9531054711
18 19 402350.88239625166
18 20 396634.44070886116
18 21 386231.81696661731
18 22 380663.22480750229
18 23 370136.0685228564
18 24 364483.23991534678
18 25 353971.48587020219
18 26 348060.97096291132
18 27 337665.17895967158
18 28 331383.54895356623
18 29 321162.90669163159
18 30 314451.36482388095
18 31 304427.98227252573
18 32 297272.50749617204
18 33 287439.53649797838
18 34 279858.99213870807
18 35 270190.20645224076
18 36 262224.50822942535
18 37 252683.46887259171
18 38 244383.29786734414
18 39 234930.89692114556
18 40 226349.75987502144
18 41 216949.59893665541
18 42 208138.43407956022
18 43 198760.02669100865
18 44 189764.11649120686
18 45 180384.25069669075
18 46 171241.95790862496
18 47 161844.71699640839
18 48 152587.4839150577
18 49 143163.43889567326
18 50 133816.53301069746
18 51 124361.54303392339
18 52 114945.14124063599
18 53 105459.07914349662
18 54 95989.410811993381
18 55 86475.0089246235
18 56 76965.404009718462
18 57 67427.313445787964
18 58 57888.968180414144
18 59 48332.916239613041
18 60 38776.986433333826
18 61 29213.514256012597
18 62 19638.571693983115
18 63 10000
19 0 570359.98939844035
19 1 570359.98939844035
19 2 553033.44375180488
19 3 545108.89100903936
19 4 528109.88584532286
19 5 521210.36059421906
19 6 506342.60020111699
19 7 499527.28088932298
19 8 486618.3793711327
19 9 479531.34250628058
19 10 468502.57054595195
19 11 460881.68254276738
19 12 451539.01719207852
19 13 443260.8591643782
19 14 435342.1414663606
19 15 426404.87067922018
19 16 419599.82946094032
19 17 410092.26377455215
19 18 404070.4804283905
19 19 394136.76933350891
19 20 388576.10330704506
19 21 378381.56887054903
19 22 372992.79747197736
19 23 362695.59921457979
19 24 357240.08140639035
19 25 346971.40091215965
19 26 341270.31934155175
19 27 331123.79277162603
19 28 325059.21633196354
19 29 315088.68709583051
19 30 308597.9945173235
19 31 298821.56950143818
19 32 291887.49514143332
19 33 282295.43745402235
19 34 274934.13444746507
19 35 265498.23396694299
19 36 257747.42105324916
19 37 248429.9746881669
19 38 240338.63328547165
19 39 231099.8327981286
19 40 222720.24586478365
19 41 213523.43061595105
19 42 204905.75719067507
19 43 195720.51907749439
19 44 186909.66611788163
19 45 177713.13863981157
19 46 168747.4493257679
19 47 159524.27368328173
19 48 150435.47581962816
19 49 141176.95254099666
19 50 131990.85377907933
19 51 122693.71178314218
19 52 113431.23652224964
19 53 104096.33339215966
19 54 94774.623055260832
19 55 85405.770884395839
19 56 76039.200232542556
19 57 66642.198635378852
19 58 57243.028289088055
19 59 47824.760324488365
19 60 38406.151125646262
19 61 28980.546316543641
19 62 19536.310390817707
19 63 10000
20 0 567507.275291336
20 1 567507.275291336
20 2 549285.71224657539
20 3 540239.59042143705
20 4 522476.22853389301
20 5 514943.07250157028
20 6 499617.57121800829
20 7 492376.52966817707
20 8 479176.17749333143
20 9 471831.26646983559
20 10 460641.90005985048
20 11 452893.20639595814
20 12 443486.50296670437
20 13 435181.08142355009
20 14 427270.59133211122
20 15 418383.55526711955
20 16 411641.17100589111
20 17 402242.83012172655
20 18 396324.93932568014
20 19 386544.36701800174
20 20 381118.88749141095
20 21 371109.04805788945
20 22 365879.06863918254
20 23 355788.02414555522
20 24 350508.76997344499
20 25 340459.54451091302
20 26 334947.15188983741
20 27 325026.90859113302
20 28 319159.19364948774
20 29 309416.75774519844
20 30 303127.46989378275
20 31 293577.16630929697
20 32 286845.94578408601
20 33 277475.28360301629
20 34 270315.68422108487
20 35 261094.53499738805
20 36 253542.15272574569
20 37 244431.56107433053
20 38 236533.71754462621
20 39 227493.14615429565
20 40 219300.90869330187
20 41 210293.37613069499
20 42 201856.10421812025
20 43 192851.20082853144
20 44 184213.380788279
20 45 175188.49067660404
20 46 166388.38031975704
20 47 157328.59752257148
20 48 148398.1277976917
20 49 139295.37045410846
20 50 130260.79407357366
20 51 121112.54453627119
20 52 111995.4289392877
20 53 102803.41045141798
20 54 93621.698089125246
20 55 84390.681765983667
20 56 75159.676588326547
20 57 65896.48914523967
20 58 56629.400902510402
20 59 47341.961895963221
20 60 38053.802251695604
20 61 28759.209871121879
20 62 19439.180255342701
20 63 10000
21 0 565151.62012139882
21 1 565151.62012139882
21 2 546084.69562509155
21 3 535977.50888506637
21 4 517489.10858376994
21 5 509355.49847838009
21 6 493593.50110924221
21 7 485945.25198449614
21 8 472462.88881924725
21 9 464866.6883926611
21 10 453517.06319017406
21 11 445637.95447080233
21 12 436160.91117372754
21 13 427818.70471420098
21 14 419905.39121368679
21 15 411054.00912970613
21 16 404359.90561637137
21 17 395052.64493612625
21 18 389222.00486320269
21 19 379574.06562382309
21 20 374265.65434549528
21 21 364418.60639463522
21 22 359328.4196594205
21 23 349420.99213742989
21 24 344298.57995701226
21 25 334446.23624553432
21 26 329103.05020088685
21 27 319386.93445792201
21 28 313696.82803853182
21 29 304161.0802880858
21 30 298054.40759388299
21 31 288709.8023934362
21 32 282163.29607207602
21 33 272994.73687794618
21 34 266019.49523110024
21 35 256995.0169945519
21 36 249624.61723077012
21 37 240704.04184775311
21 38 232984.21254716025
21 39 224126.26334407768
21 40 216106.88847991001
21 41 207274.22305453368
21 42 199003.86376673417
21 43 190166.00866343823
21 44 181688.70471910981
21 45 172823.21625427253
21 46 164177.09123444953
21 47 155269.42614171971
21 48 146486.54654707047
21 49 137529.14191464416
21 50 128636.12315000971
21 51 119627.10993160636
21 52 110646.06884174315
21 53 101587.92666449222
21 54 92537.504805983859
21 55 83435.851306540193
21 56 74332.173750078597
21 57 65194.748260802953
21 58 56051.865395465386
21 59 46887.51079998615
21 60 37722.131161742538
21 61 28550.886631165991
21 62 19347.791228474529
21 63 10000
22 0 563218.29255503009
22 1 563218.29255503009
22 2 543362.83642389812
22 3 532264.84331431612
22 4 513097.06821655302
22 5 504402.46358833264
22 6 488229.27923689206
22 7 480197.81153598859
22 8 466446.15412892599
22 9 458610.08787150629
22 10 447103.26255165966
22 11 439095.43506505043
22 12 429544.11487733747
22 13 421159.41446223063
22 14 413234.32676951768
22 15 404407.35205922497
22 16 397749.03308294172
22 17 388517.57865311438
22 18 382759.22487065045
22 19 373225.84211968025
22 20 368017.86023041437
22 21 358313.71762735955
22 22 353345.60509930871
22 23 343600.89843408199
22 24 338616.98766302789
22 25 328940.25368439622
22 26 323747.67389109317
22 27 314214.52887620049
22 28 308683.46494225418
22 29 299333.73184706457
22 30 293391.38397233136
22 31 284232.55105963373
22 32 277852.9414748585
22 33 268867.48453084647
22 34 262059.41307836384
22 35 253213.63891094446
22 36 246008.7831351262
22 37 237261.34464776411
22 38 229703.92290704075
22 39 221012.81559305463
22 40 213151.57715349496
22 41 204479.07716007694
22 42 196361.80206532855
22 43 187677.32760459333
22 44 179347.59834765765
22 45 170628.81539877213
22 46 162124.5865240682
22 47 153357.23842885526
22 48 144710.65709679495
22 49 135887.61356076441
22 50 127125.58675040735
22 51 118245.53319557993
22 52 109390.64332297015
22 53 100456.71567319371
22 54 91528.209903792318
22 55 82546.767637217301
22 56 73561.491249903265
22 57 64541.078515908594
22 58 55513.820597795151
22 59 46464.096428918427
22 60 37413.109122046546
22 61 28356.819251800112
22 62 19262.691519167391
22 63 10000
23 0 561644.20897583023
23 1 561644.20897583023
23 2 541063.51183465857
23 3 529051.72137802793
23 4 509256.70730527857
23 5 500044.19906875346
23 6 483490.10467740963
23 7 475102.30850158329
23 8 461098.54800900311
23 9 453036.45229724376
23 10 441379.47198769945
23 11 433246.72941138141
23 12 423620.74453317531
23 13 415189.73639239842
23 14 407247.04804109386
23 15 398434.95623965748
23 16 391802.63565468218
23 17 382633.27490682772
23 18 376934.55605166598
23 19 367499.0536259574
23 20 362376.80326789781
23 21 352796.91447126726
23 22 347934.75689281902
23 23 338332.93864743458
23 24 333470.47880445555
23 25 323948.9723672418
23 26 318889.41207320226
23 27 309518.79729720863
23 28 304128.97779757722
23 29 294945.13268226467
23 30 289149.37021342292
23 31 280156.76814412657
23 32 273926.59760922316
23 33 265105.47480138298
23 34 258447.5780811607
23 35 249762.63386595625
23 36 242706.92916168162
23 37 234115.71468734197
23 38 226705.0122448272
23 39 218164.82081236911
23 40 210446.80138219681
23 41 201919.52132351571
23 42 193941.2170527027
23 43 185396.12737054069
23 44 177200.6672151112
23 45 168615.49385187877
23 46 160240.64151828364
23 47 151601.35015221173
23 48 143079.29016539422
23 49 134379.10744536167
23 50 125736.97747903818
23 51 116975.05861823524
23 52 108235.83177705896
23 53 99415.87718943457
23 54 90599.320517563785
23 55 81728.334026222612
23 56 72851.918782148714
23 57 63939.147812224226
23 58 55018.30604204366
23 59 46074.124303045566
23 60 37128.499422631256
23 61 28178.119068332453
23 62 19184.371161986714
23 63 10000
24 0 560373.34826499422
24 1 560373.34826499422
24 2 539135.21580349235
24 3 526294.21282914444
24 4 505928.43296865601
24 5 496245.93736915966
24 6 479343.88076670381
24 7 470630.8944267261
24 8 456394.46549231303
24 9 448123.94644011097
24 10 436325.79487184453
24 11 428075.29352205689
24 12 418376.00633101375
24 13 409897.83638973348
24 14 401933.3251670851
24 15 393129.17093685828
24 16 386514.53331066552
24 17 377395.76846068783
24 18 371745.36881317128
24 19 362392.94369904214
24 20 357342.92105867859
24 21 347870.19365222973
24 22 343098.91730082454
24 23 333621.42993779399
24 24 328864.26267482468
24 25 319478.62191081053
24 26 314535.23134565208
24 27 305307.50006431714
24 28 300041.71050034801
24 29 291004.21949603199
24 30 285337.73815071961
24 31 276492.2404915035
24 32 270394.34582321916
24 33 261719.04707968203
24 34 255194.493428938
24 35 246652.62493605367
24 36 239729.72284461034
24 37 231277.81833561393
24 38 223998.08420163757
24 39 215592.77605666747
24 40 208002.90070174646
24 41 199605.69739071166
24 42 191752.01045406333
24 43 183332.03399001146
24 44 175257.22627735909
24 45 166792.22478825983
24 46 158533.85824376243
24 47 150009.96624442871
24 48 141600.22942249643
24 49 133010.96447822987
24 50 124477.17384130752
24 51 115822.08484084721
24 52 107187.53727972438
24 53 98470.804860594828
24 54 89755.708601497303
24 55 80984.890038423851
24 56 72207.254239905
24 57 63392.204516482765
24 58 54568.014227235231
24 59 45719.72562769799
24 60 36869.864301165035
24 61 28015.770438240503
24 62 19113.26390737942
24 63 10000
25 0 559357.22979811695
25 1 559357.22979811695
25 2 537534.71784025652
25 3 523953.95668742503
25 4 503078.96225959156
25 5 492976.78278595686
25 6 475763.53754826437
25 7 466758.46478358522
25 8 452312.26485415129
25 9 443852.6312697556
25 10 431925.37374018598
25 11 423565.81907175318
25 12 413797.32752826629
25 13 405272.58160821866
25 14 397284.42423443607
25 15 388482.60191540205
25 16 381879.40609712468
25 17 372800.97392515297
25 18 367189.34569854912
25 19 357906.31485878938
25 20 352916.50125404733
25 21 343534.83879317529
25 22 338840.59839354432
25 23 329469.7491864108
25 24 324802.7141967772
25 25 315534.30695057753
25 26 310691.02884368412
25 27 301587.12844677368
25 28 296428.76397812128
25 29 287518.55454156897
25 30 281964.49723602715
25 31 273247.31161915115
25 32 267264.83262010623
25 33 258717.06239483817
25 34 252309.19535296905
25 35 243892.75259520498
25 36 237086.36700618488
25 37 228756.86257199803
25 38 221592.30893623151
25 39 213305.76618045609
25 40 205828.83658823703
25 41 197546.40270498945
25 42 189802.78131090492
25 43 181493.41386475856
25 44 173525.37941226122
25 45 165166.82071780882
25 46 157011.73224822906
25 47 148590.24123954694
25 48 140280.2668755842
25 49 131789.59430595126
25 50 123352.18537281484
25 51 114792.20517314448
25 52 106250.9225655576
25 53 97626.218011516132
25 54 89001.638760485686
25 55 80320.235613341458
25 56 71630.824275542705
25 57 62903.094656516761
25 58 54165.304620667404
25 59 45402.76822223256
25 60 36638.572903760512
25 61 27870.63578807587
25 62 19049.749491547613
25 63 10000
26 0 558555.77801492228
26 1 558555.77801492228
26 2 536224.46310730034
26 3 521998.93541443633
26 4 500679.05144834769
26 5 490210.99489033502
26 6 472724.98205964628
26 7 463464.0573393011
26 8 448832.46106638067
26 9 440205.82013041916
26 10 428162.86648793693
26 11 419705.45830859226
26 12 409873.12739014078
26 13 401304.59234995442
26 14 393292.16226619534
26 15 384488.98179666349
26 16 377892.10570406663
26 17 368845.38701901591
26 18 363264.01200213679
26 19 354038.08429771644
26 20 349097.38970817486
26 21 339791.85803752311
26 22 335161.62713100854
26 23 325880.67915042042
26 24 321289.31944561604
26 25 312120.28488680476
26 26 307361.64754348708
26 27 298363.13235485903
26 28 293296.05690010986
26 29 284494.51696469274
26 30 279036.38219507085
26 31 270429.04621705035
26 32 264545.37088022893
26 33 256107.04734987867
26 34 249799.35861604259
26 35 241490.80201128934
26 36 234784.70332799203
26 37 226560.70801139198
26 38 219495.52086962404
26 39 211311.56401907359
26 40 203932.28208189202
26 41 195749.17836952087
26 42 188100.90630412163
26 43 179887.45081864836
26 44 172012.09001370112
26 45 163745.99996677326
26 46 155680.71353068293
26 47 147348.33584489158
26 48 139125.25451168598
26 49 130720.52266494032
26 50 122367.19554587512
26 51 113890.24643524567
26 52 105430.44483324506
26 53 96886.192669715383
26 54 88340.79559515047
26 55 79737.654918290587
26 56 71125.50477698
26 57 62474.279161831109
26 58 53812.217764343499
26 59 45124.867592792172
26 60 36435.809390522154
26 61 27743.460792754726
26 62 18994.156000548464
26 63 10000
27 0 557933.79035338142
27 1 557933.79035338142
27 2 535173.19787711697
27 3 520401.18853241683
27 4 498704.45846544794
27 5 487925.80190066458
27 6 470208.20550968597
27 7 460728.93325276533
27 8 445938.83577077539
27 9 437168.45301122597
27 10 425025.45912624197
27 11 416482.49714542145
27 12 406593.68451631174
27 13 397985.20033638173
27 14 389949.61570924846
27 15 381142.38531637518
27 16 374548.21375355293
27 17 365525.519840163
27 18 359967.16445278935
27 19 350786.89884919266
27 20 345885.31471425178
27 21 336641.73941977497
27 22 332063.38996961573
27 23 322856.26891934691
27 24 318326.86229198059
27 25 309239.90165866981
27 26 304551.02223890391
27 27 295639.90764457663
27 28 290648.44379586773
27 29 281937.32348270813
27 30 276558.95212887746
27 31 268043.27088871092
27 32 262242.0256329074
27 33 253895.24551115354
27 34 247671.37235106493
27 35 239453.25865074064
27 36 232831.28012595067
27 37 224695.9244798579
27 38 217714.27934365364
27 39 209616.68325165802
27 40 202319.67578819528
27 41 194220.35780179943
27 42 186652.58735132156
27 43 178520.18949530055
27 44 170723.22239953722
27 45 162535.42457633236
27 46 154546.2420156986
27 47 146289.4493348028
27 48 138140.13416136216
27 49 129808.41847932753
27 50 121526.58640679118
27 51 113120.29109416979
27 52 104729.87557527727
27 53 96254.179132822741
27 54 87776.299146725229
27 55 79239.929744390378
27 56 70693.732321750693
27 57 62107.843450002983
27 58 53510.483074264484
27 59 44887.393004787307
27 60 36262.57732967061
27 61 27634.877112630253
27 62 18946.761043443395
27 63 10000
28 0 557464.62948486628
28 1 557464.62948486628
28 2 534355.47347183549
28 3 519138.9747578504
28 4 497135.06468135421
28 5 486103.42644024699
28 6 468196.3646040638
28 7 458538.37909717567
28 8 443617.58936432574
28 9 434728.6520982887
28 10 422502.15525791893
28 11 413887.65941671177
28 12 403950.58793840144
28 13 395307.51486721094
28 14 387250.73195167718
28 15 378438.08381351479
28 16 371843.79719787702
28 17 362838.57680189004
28 18 357296.7460938532
28 19 348151.66675524658
28 20 343279.8546035628
28 21 334084.87035844912
28 22 329546.86774356972
28 23 320398.16840884468
28 24 315917.50456474267
28 25 306895.86309511773
28 26 302262.28728414897
28 27 293421.02089345112
28 28 288489.83697621198
28 29 279851.21854716266
28 30 274536.71701037214
28 31 266094.7379780453
28 32 260359.73860841541
28 33 252086.76043314734
28 34 245930.45849272
28 35 237785.43412116292
28 36 231231.46217932313
28 37 223167.90204257824
28 38 216253.96853873591
28 39 208226.47621451534
28 40 200996.31136098324
28 41 192965.15249531539
28 42 185462.93064256577
28 43 177396.61000077738
28 44 169663.61070766996
28 45 161539.76464676962
28 46 153612.8068100331
28 47 145417.87436204884
28 48 137328.98771916184
28 49 129057.13987033133
28 50 120833.98040369578
28 51 112485.71516397338
28 52 104152.33464989296
28 53 95733.032400446609
28 54 87310.731806580414
28 55 78829.363040266384
28 56 70337.524445415926
28 57 61805.514542841884
28 58 53261.532894420438
28 59 44691.478556051326
28 60 36119.707847331229
28 61 27545.407654248556
28 62 18907.794212507521
28 63 10000
29 0 557125.30092192756
29 1 557125.30092192756
29 2 533750.91243263579
29 3 518193.91024289228
29 4 495954.90621465328
29 5 484728.7201620937
29 6 466676.0947498859
29 7 456879.77946744958
29 8 441857.74959607475
29 9 432876.16721805464
29 10 420584.17410749051
29 11 411912.87735354528
29 12 401937.07557478995
29 13 393265.47325353592
29 14 385190.59216508345
29 15 376371.83073852077
29 16 369775.59820112266
29 17 360781.9316568792
29 18 355250.97506272094
29 19 346131.18590798764
29 20 341280.52036074066
29 21 332121.28168657247
29 22 327612.68648706778
29 23 318507.45849539625
29 24 314062.81703654065
29 25 305090.127334975
29 26 300497.7966562701
29 27 291709.14570641349
29 28 286823.22166219412
29 29 278239.44077520753
29 30 272973.15144481661
29 31 264587.11210855155
29 32 258902.34239750964
29 33 250685.55516673459
29 34 244580.68690387832
29 35 236491.47364579592
29 36 229989.44668481455
29 37 221980.86298528427
29 38 215118.81377183716
29 39 207145.14802854013
29 40 199966.35355804881
29 41 191987.66670818097
29 42 184535.96190813757
29 43 176520.64211791143
29 44 168837.07294399553
29 45 160762.71143227047
29 46 152883.95873556126
29 47 144737.00856524543
29 48 136695.04799829773
29 49 128469.74410345302
29 50 120292.24951009921
29 51 111989.19645311027
29 52 103700.297702982
29 53 95325.018766608337
29 54 86946.144118249285
29 55 78507.783940781985
29 56 70058.483930038696
29 57 61568.66463779661
29 58 53066.505378550217
29 59 44538.025390083138
29 60 36007.861187404313
29 61 27475.467478765935
29 62 18877.437398812552
29 63 10000
30 0 556900.6123418418
30 1 556900.6123418418
30 2 533344.73290847742
30 3 517553.30144060246
30 4 495152.09004337841
30 5 483791.11596110358
30 6 465637.27948829142
30 7 455744.24881078856
30 8 440650.92035802267
30 9 431603.72593506216
30 10 419264.74378716579
30 11 410552.39138918382
30 12 400547.89734239329
30 13 391854.72351399547
30 14 383765.34825714969
30 15 374940.56239884777
30 16 368341.03718947637
30 17 359353.68081211869
30 18 353828.40046566568
30 19 344724.58123331051
30 20 339886.84959732165
30 21 330750.99608524778
30 22 326261.23580152373
30 23 317184.9323820945
30 24 312763.91075460089
30 25 303824.13604478753
30 26 299259.25949017791
30 27 290506.25633310433
30 28 285650.78949691221
30 29 277104.38794614567
30 30 271870.82205625024
30 31 263523.11280792439
30 32 257872.6792444211
30 33 249694.57678459998
30 34 243625.08428032708
30 35 235574.46540377327
30 36 229108.36177141679
30 37 221137.95799177303
30 38 214311.96962839286
30 39 206375.84107593424
30 40 199232.91630584828
30 41 191290.97136092425
30 42 183874.69490788371
30 43 175895.22954468068
30 44 168246.47047843545
30 45 160207.03271669272
30 46 152362.36144977054
30 47 144249.4017978108
30 48 136240.74209292355
30 49 128048.52732303704
30 50 119903.55142096047
30 51 111632.74739709025
30 52 103375.62574529545
30 53 95031.842279154749
30 54 86684.07822381398
30 55 78276.568310446484
30 56 69857.816535411286
30 57 61398.326112676943
30 58 52926.256839575872
30 59 44427.711451851392
30 60 35927.533918815563
30 61 27425.36848786223
30 62 18855.827020026438
30 63 10000
31 0 556779.01874933729
31 1 556779.01874933729
31 2 533126.67829672992
31 3 517207.79421801108
31 4 494718.44432458241
31 5 483282.78394885024
31 6 465072.96213354368
31 7 455125.17074225133
31 8 439991.30141760409
31 9 430905.87661747291
31 10 418539.14854018093
31 11 409801.84342755191
31 12 399779.35286460025
31 13 391071.92409519484
31 14 382972.23755904991
31 15 374141.8656276656
31 16 367538.2036531996
31 17 358552.24482541933
31 18 353027.87435499753
31 19 343931.01045158575
31 20 339098.36665361887
31 21 329973.81332980189
31 22 325492.62367608678
31 23 316430.94028011098
31 24 312021.39177291124
31 25 303098.70283871063
31 26 298547.69822582463
31 27 289813.54788541317
31 28 284973.90206157893
31 29 276447.56014152005
31 30 271231.35710947256
31 31 262904.47408489365
31 32 257272.57667296965
31 33 249115.72770473536
31 34 243065.61517796924
31 35 235036.42022426234
31 36 228590.25208716904
31 37 220641.25177956244
31 38 213835.50921105166
31 39 205920.62482700861
31 40 198798.05476954416
31 41 190877.0967931395
31 42 183481.12559781122
31 43 175522.32467567973
31 44 167893.70372208281
31 45 159874.56897816123
31 46 152049.78818520455
31 47 143956.75323026208
31 48 135967.68885554711
31 49 127795.02229368547
31 50 119669.32754742814
31 51 111417.71324882751
31 52 103179.56352561462
31 53 94854.643266929255
31 54 86525.566536524406
31 55 78136.637548670769
31 56 69736.32993317685
31 57 61295.190584142903
31 58 52841.360931930547
31 59 44360.990793501536
31 60 35879.058362594325
31 61 27395.318965255487
31 62 18843.053707343064
31 63 10000
32 0 556755.47920783516
32 1 556755.47920783516
32 2 533091.70793504373
32 3 517152.97374453914
32 4 494649.74500251992
32 5 483199.91406996717
32 6 464979.44098442997
32 7 455019.24554374558
32 8 439875.73868628987
32 9 430779.84311216348
32 10 418404.77649043367
32 11 409658.96892947156
32 12 399629.35426486703
32 13 390915.3000172085
32 14 382809.66549584083
32 15 373974.42275241786
32 16 367365.95682868932
32 17 358376.72457784199
32 18 352848.66548453004
32 19 343749.95080445625
32 20 338914.70365400327
32 21 329789.54355868627
32 22 325306.799512717
32 23 316245.58188286884
32 24 311835.48186428688
32 25 302914.17461681005
32 26 298363.56393081474
32 27 289631.57367410802
32 28 284793.19883956457
32 29 276269.67821807024
32 30 271055.54603919783
32 31 262732.04767927091
32 32 257102.93815673154
32 33 248949.95628586144
32 34 242903.26383757341
32 35 234878.35135720947
32 36 228436.1520620753
32 37 220491.79338427953
32 38 213690.48927440823
32 39 205780.557656519
32 40 198662.82286388971
32 41 190747.08692375189
32 42 183356.28254358398
32 43 175402.93578348472
32 44 167779.75596246502
32 45 159766.27417628164
32 46 151947.1595016997
32 47 143859.94625935142
32 48 135876.7310277097
32 49 127710.02789015154
32 50 119590.32994666028
32 51 111344.79655556765
32 52 103112.76163490396
32 53 94794.018157844577
32 54 86471.149344631514
32 55 78088.474049320663
32 56 69694.447081892722
32 57 61259.620252695437
32 58 52812.118012467632
32 59 44338.100990156585
32 60 35862.608091702539
32 61 27385.427178848728
32 62 18839.164045887366
32 63 10000
33 0 556829.48882257345
33 1 556829.48882257345
33 2 533239.28938330244
33 3 517388.23370257358
33 4 494945.36977471388
33 5 483541.84591926058
33 6 465356.05842285958
33 7 455425.80191288702
33 8 440303.57859604736
33 9 431224.97570289986
33 10 418861.00398124143
33 11 410123.15942453413
33 12 400097.32367637294
33 13 391384.29573796754
33 14 383277.1091237886
33 15 374437.73726326908
33 16 367823.83316768846
33 17 358826.68493486481
33 18 353290.37099514465
33 19 344181.02832314553
33 20 339335.51753183478
33 21 330197.87201420229
33 22 325703.47762393486
33 23 316628.59849239967
33 24 312205.94925967266
33 25 303270.34477556043
33 26 298706.67458377517
33 27 289960.17468737229
33 28 285108.54292673635
33 29 276570.62592230208
33 30 271343.29215945874
33 31 263005.75509131397
33 32 257363.70220905842
33 33 249197.21673195343
33 34 243137.99895122222
33 35 235100.2407156332
33 36 228646.05563853413
33 37 220689.58756945084
33 38 213876.92424999032
33 39 205955.66252124053
33 40 198827.25097508126
33 41 190900.97849841538
33 42 183500.2078249965
33 43 175537.10929167221
33 44 167904.67702133587
33 45 159882.20062594156
33 46 152054.52934794326
33 47 143959.03565212752
33 48 135967.92342616554
33 49 127793.59825633033
33 50 119666.61141472952
33 51 111414.04813789252
33 52 103175.26833879392
33 53 94850.012131171359
33 54 86520.868258115268
33 55 78132.115418150235
33 56 69732.20119640106
33 57 61291.643607537793
33 58 52838.55156782503
33 59 44359.060279194971
33 60 35878.195772986975
33 61 27395.699916475409
33 62 18844.159811960631
33 63 10000
34 0 557005.67487604416
34 1 557005.67487604416
34 2 533573.77562581166
34 3 517917.15497746755
34 4 495608.558214864
34 5 484311.36198971566
34 6 466205.41275687522
34 7 456347.03873360966
34 8 441276.84943692113
34 9 432242.95523832203
34 10 419909.35468455777
34 11 411195.63737756305
34 12 401184.33476327482
34 13 392479.72652204346
34 14 384375.24395638763
34 15 375532.26593402674
34 16 368912.16044167901
34 17 359902.27086556249
34 18 354353.01925915666
34 19 345224.12047232123
34 20 340360.58277793351
34 21 331198.45019978273
34 22 326682.22086588416
34 23 317579.4542700107
34 24 313132.1840227982
34 25 304166.52581932762
34 26 299576.28295451548
34 27 290798.54459139751
34 28 285919.08210357412
34 29 277349.50812540611
34 30 272093.66754516034
34 31 263724.63975525077
34 32 258053.89162860831
34 33 249856.51579947106
34 34 243768.81776780999
34 35 235701.08062507259
34 36 229218.95567920877
34 37 221233.63205752199
34 38 214393.82134969288
34 39 206444.96005460274
34 40 199290.37710824554
34 41 191337.83038161785
34 42 183911.98453566956
34 43 175923.9555565303
34 44 168267.60737782213
34 45 160221.5215240597
34 46 152371.10604544546
34 47 144253.2670401097
34 48 136240.55099453745
34 49 128045.0594592711
34 50 119897.54078371347
34 51 111624.88106791337
34 52 103366.54227124133
34 53 95022.130558197459
34 54 86674.276424564654
34 55 78267.163489250888
34 56 69849.24358725101
34 57 61390.962108527419
34 58 52920.413755526584
34 59 44423.671974248849
34 60 35925.676464931232
34 61 27426.044675093544
34 62 18857.999061138114
34 63 10000
35 0 557294.53176012693
35 1 557294.53176012693
35 2 534104.32516853313
35 3 518747.85456780577
35 4 496646.21951746987
35 5 485514.95736776898
35 6 467533.13578627643
35 7 457788.2224046723
35 8 442800.04014605843
35 9 433837.93098834646
35 10 421553.29664072423
35 11 412879.5442542432
35 12 402892.93451150536
35 13 394203.82564066979
35 14 386105.79121665336
35 15 377259.43368942628
35 16 370631.92814621079
35 17 361604.19789603382
35 18 356036.95987256139
35 19 346879.32918622973
35 20 341989.69727308565
35 21 332790.85736201634
35 22 328242.35896015511
35 23 319097.29082971875
35 24 314613.12615189311
35 25 305601.50059909793
35 26 300971.01245295565
35 27 292145.18016716954
35 28 287223.19099475333
35 29 278604.60221720935
35 30 273304.86053445219
35 31 264886.82054362888
35 32 259171.56571266078
35 33 250925.86912412386
35 34 244793.70260712921
35 35 236678.83337615451
35 36 230152.80450549573
35 37 222121.88050247758
35 38 215239.14492518286
35 39 207246.43501558958
35 40 200050.21489864471
35 41 192055.69344931154
35 42 184589.70828928068
35 43 176561.62211523444
35 44 168866.75301556909
35 45 160782.50743225493
35 46 152895.23032206722
35 47 144741.05649793631
35 48 136693.10986936936
35 49 128462.99201926365
35 50 120281.78687127514
35 51 111976.05600877578
35 52 103685.439127135
35 53 95309.327018307813
35 54 86930.427837701951
35 55 78492.774899444019
35 56 70044.835475513086
35 57 61556.943219422836
35 58 53057.179636171706
35 59 44531.519880129861
35 60 36004.744202722286
35 61 27476.267407955842
35 62 18880.595023748978
35 63 10000
36 0 557710.71851621708
36 1 557710.71851621708
36 2 534844.93619277887
36 3 519892.11936561554
36 4 498069.20461945439
36 5 487162.12632513215
36 6 469348.20325569465
36 7 459757.10917383287
36 8 444880.3971563896
36 9 436016.06291292823
36 10 423798.49918570416
36 11 415179.58853851352
36 12 405227.35167406453
36 13 396559.98256614205
36 14 388471.67853818258
36 15 379621.4454242863
36 16 372984.9060813727
36 17 363933.62148182152
36 18 358342.94780275202
36 19 349146.89338046039
36 20 344222.73994539352
36 21 334974.54405574652
36 22 330383.02680872945
36 23 321180.89230061427
36 24 316647.29042381357
36 25 307573.50170683919
36 26 302888.87300023361
36 27 293997.86992353678
36 28 289018.48122034466
36 29 280333.35245719703
36 30 274974.18239857181
36 31 266489.4895923505
36 32 260713.82491887207
36 33 252402.30111077352
36 34 246209.62444316613
36 35 238030.43233769832
36 36 231444.51696350574
36 37 223351.24433929386
36 38 216409.81933642874
36 39 208357.03859576682
36 40 201103.75644781697
36 41 193051.61318704145
36 42 185530.49009010836
36 43 177447.29646280003
36 44 169699.3883312844
36 45 161562.5291415579
36 46 153624.37822200826
36 47 145419.99341015948
36 48 137323.31022974258
36 49 129045.23369195664
36 50 120817.32119321931
36 51 112465.6838242221
36 52 104130.2141552571
36 53 95710.005649707688
36 54 87287.879528890262
36 55 78807.663099726662
36 56 70317.84980775736
36 57 61788.622009872684
36 58 53248.048548661165
36 59 44681.969429091769
36 60 36114.932887431394
36 61 27546.073163322013
36 62 18911.816471805934
36 63 10000
37 0 558276.05716866162
37 1 558276.05716866162
37 2 535814.788123579
37 3 521367.02218192827
37 4 499892.1597870391
37 5 489266.63991891622
37 6 471662.62524205982
37 7 462264.94195173355
37 8 447527.5685072596
37 9 438786.28984776489
37 10 426652.49395962612
37 11 418102.62226053979
37 12 408193.20194357639
37 13 399553.16018710803
37 14 391476.79674056196
37 15 382621.57394574489
37 16 375973.44953237299
37 17 366892.32325259439
37 18 361271.98895352846
37 19 352027.29789102223
37 20 347059.54744172684
37 21 337748.8844219062
37 22 333103.06372734992
37 23 323828.69766419416
37 24 319232.68128936284
37 25 310080.19687013049
37 26 305327.18655112316
37 27 296353.66228503513
37 28 291301.73420365766
37 29 282532.32801301044
37 30 277098.0054386328
37 31 268528.8651619351
37 32 262676.75321475673
37 33 254281.79603447363
37 34 248012.48908708143
37 35 239751.73359232533
37 36 233089.92037001008
37 37 224917.54645824776
37 38 217901.68274952951
37 39 209772.64508714643
37 40 202446.93010200522
37 41 194321.58992662295
37 42 186730.41819320543
37 43 178577.17017064837
37 44 170761.82212040218
37 45 162558.02580509987
37 46 154555.1311964808
37 47 146286.81262667489
37 48 138128.05041571261
37 49 129788.85557378062
37 50 121501.39598990243
37 51 113091.20551173683
37 52 104698.50394683692
37 53 96222.004763599776
37 54 87744.676963284699
37 55 79210.085499797366
37 56 70666.760111914467
37 57 62084.691691686647
37 58 53491.936297460255
37 59 44874.161494776345
37 60 36255.611708493176
37 61 27635.063106696834
37 62 18951.486304852184
37 63 10000
38 0 559016.41121760686
38 1 559016.41121760686
38 2 537038.3529960314
38 3 523193.24986964843
38 4 502134.04443945427
38 5 491845.10982431401
38 6 474492.02807896642
38 7 465325.2461363069
38 8 450754.15521459293
38 9 442159.34158020304
38 10 430125.1453640901
38 11 421656.85176247009
38 12 411797.86030568165
38 13 403189.28076722036
38 14 395126.27502900432
38 15 386263.69327612122
38 16 379600.68826985295
38 17 370482.36286727356
38 18 364825.45848363452
38 19 355521.01694422483
38 20 350499.97819106036
38 21 341112.98794657778
38 22 336401.03835218551
38 23 327038.66185549402
38 24 322366.79126754357
38 25 313118.58483826352
38 26 308282.56883516116
38 27 299208.78562532843
38 28 294068.87350042962
38 29 285197.15971693484
38 30 279671.73094384285
38 31 271000.14014848595
38 32 265055.38499881915
38 33 256559.25509988712
38 34 250197.10515965673
38 35 241837.47953117482
38 36 235083.72475942018
38 37 226815.49008275729
38 38 219709.46030336525
38 39 211488.02524633228
38 40 204074.57680789314
38 41 195860.55615360249
38 42 188184.53767987518
38 43 179946.41972373117
38 44 172049.38025368613
38 45 163764.4889504888
38 46 155683.16167241239
38 47 147337.38132048165
38 48 139103.40512901466
38 49 130690.15148707847
38 50 122330.5347760669
38 51 113849.38380909094
38 52 105387.31905046805
38 53 96842.590385261414
38 54 88298.348451694299
38 55 79697.838685085677
38 56 71089.63646803645
38 57 62443.500291964068
38 58 53787.47248606167
38 59 45107.010348688011
38 60 36425.983697161166
38 61 27742.733657431356
38 62 18999.381220205447
38 63 10000
39 0 559965.60948938434
39 1 559965.60948938434
39 2 538545.51896424883
39 3 525397.32726176083
39 4 504817.6885516324
39 5 494918.85785122227
39 6 477855.01421407994
39 7 468955.34914295538
39 8 454575.02822108101
39 9 446148.95098819176
39 10 434228.01497158926
39 11 425852.77655721921
39 12 416049.91315749282
39 13 407475.92701673129
39 14 399426.0315574446
39 15 390552.77953520371
39 16 383870.16949203768
39 17 374706.41647934867
39 18 369004.82191451231
39 19 359628.72581366362
39 20 354543.69497815921
39 21 345065.81591105764
39 22 340275.07687567582
39 23 330808.30356570688
39 24 326046.46163988835
39 25 316684.99580488226
39 26 311750.8124611578
39 27 302558.6176262807
39 28 297314.86327102059
39 29 288322.49041532748
39 30 282689.69848551339
39 31 273897.42203590478
39 32 267843.62254072819
39 33 259228.4319688906
39 34 252757.10827741484
39 35 244281.23398387519
39 36 237419.45320122995
39 37 229038.59613755476
39 38 221826.70036654678
39 39 213496.78756275942
39 40 205980.39229652903
39 41 197662.32266375067
39 42 189886.79858763507
39 43 181549.15809090625
39 44 173556.35972737291
39 45 165176.41967372142
39 46 157003.1929225022
39 47 148566.66180230863
39 48 140244.5909484713
39 49 131744.60627480611
39 50 123300.50326870671
39 51 114736.27674644797
39 52 106193.02004498211
39 53 97568.434802252319
39 54 88945.886092099609
39 55 80268.241695734992
39 56 71584.13105781941
39 57 62863.03842058748
39 58 54132.990450304475
39 59 45379.195717678595
39 60 36625.079876310061
39 61 27868.472715778535
39 62 19055.229955223214
39 63 10000
40 0 561162.59084717592
40 1 561162.59084717592
40 2 540372.57301084348
40 3 528009.99058008951
40 4 507970.99656529998
40 5 498512.31392251805
40 6 481774.34141852806
40 7 473174.932713243
40 8 459008.39772068162
40 9 450770.60031867638
40 10 438975.26682639209
40 11 430702.14458916604
40 12 420959.88220468292
40 13 412421.50040624
40 14 404383.32109223068
40 15 395494.25157952233
40 16 388786.24816024333
40 17 379567.27124386979
40 18 373811.89399359003
40 19 364350.91866669792
40 20 359190.32005663059
40 21 349605.89386793016
40 22 344722.94055340905
40 23 335134.48768045643
40 24 330267.90494924673
40 25 320774.9240709166
40 26 315726.87267003191
40 27 306397.55330875114
40 28 301033.67124328122
40 29 291901.86778517388
40 30 286145.13624687411
40 31 277213.64333804307
40 32 271034.18074697419
40 33 262281.85620721726
40 34 255684.90496296601
40 35 247075.3158053006
40 36 240089.38784516233
40 37 231579.14524287358
40 38 224245.72450211563
40 39 215791.32760137593
40 40 208156.88193021604
40 41 199719.53455863247
40 42 191830.01605326371
40 43 183378.39684750486
40 44 175275.99415618938
40 45 166787.29642423688
40 46 158508.96973153809
40 47 149968.68451353765
40 48 141545.94185193584
40 49 132946.87354133237
40 50 124406.28937057099
40 51 115747.21967544242
40 52 107111.30156187338
40 53 98395.602438354181
40 54 89683.733417252093
40 55 80918.125338276368
40 56 72147.469062071119
40 57 63340.931668849364
40 58 54526.52109217336
40 59 45689.157991714615
40 60 36851.755800340368
40 61 28011.557511431205
40 62 19118.712368319684
40 63 10000
41 0 562654.18389241258
41 1 562654.18389241258
41 2 542561.14342925255
41 3 531067.98743891099
41 4 511625.70081811148
41 5 502654.81759240222
41 6 486275.59506385098
41 7 478007.63180054992
41 8 464074.52130711405
41 9 456042.87689935148
41 10 444382.4987313812
41 11 436219.04991808208
41 12 426539.21987228148
41 13 418036.06779331394
41 14 410005.90370393934
41 15 401094.58941272931
41 16 394353.4177999954
41 17 385068.24797575024
41 18 379248.30947467824
41 19 369688.1719300886
41 20 364439.01976791839
41 21 354731.45172128978
41 22 349741.69863978995
41 23 340013.47462012689
41 24 335026.44400152355
41 25 325383.01411017543
41 26 320204.65455512085
41 27 310718.94971959281
41 28 305218.0907940992
41 29 295927.66426018631
41 30 290030.00857013284
41 31 280940.46882949694
41 32 274618.4539332136
41 33 265710.73622338887
41 34 258971.55471025084
41 35 250210.7031336053
41 36 243084.46490310162
41 37 234428.08686215954
41 38 226957.53395141123
41 39 218362.74416795705
41 40 210595.27780731127
41 41 202023.59556229939
41 42 194005.79741028306
41 43 185425.97910621471
41 44 177200.39032247424
41 45 168589.51656945
41 46 160193.20385974416
41 47 151536.49796052481
41 48 143000.86303131832
41 49 134290.73352330414
41 50 125642.06475253175
41 51 116876.79055694451
41 52 108137.16105013658
41 53 99319.522015324037
41 54 90507.760784994898
41 55 81643.810703666997
41 56 72776.430176851674
41 57 63874.425029241691
41 58 54965.780105987826
41 59 46035.088182316598
41 60 37104.684186041268
41 61 28171.149876276693
41 62 19189.457259704846
41 63 10000
42 0 564494.78849158541
42 1 564494.78849158541
42 2 545161.07875919249
42 3 534613.65629929153
42 4 515819.80769670149
42 5 507379.62341881171
42 6 491389.37216841429
42 7 483479.88312624465
42 8 469797.62209307385
42 9 461986.33055500267
42 10 450468.36416097643
42 11 442418.89303024422
42 12 432801.62809385039
42 13 424330.47014356498
42 14 416303.07386887219
42 15 407360.60307903378
42 16 400577.07870131149
42 17 391212.62078033184
42 18 385316.06844912586
42 19 375640.6938273714
42 20 370288.86851864203
42 21 360440.07810930582
42 22 355327.95142766059
42 23 345440.65501708869
42 24 340316.63021478406
42 25 330502.85420712415
42 26 325177.05719442747
42 27 315514.96155649144
42 28 309859.73514130665
42 29 300390.94210711704
42 30 294334.97866749385
42 31 285068.1814283292
42 32 278586.46051903995
42 33 269504.86037935154
42 34 262606.70611172303
42 35 253676.94635806142
42 36 246394.2085885324
42 37 237574.96220850226
42 38 229951.74551169472
42 39 221200.77109728727
42 40 213285.47909912071
42 41 204564.60807836257
42 42 196404.48838984224
42 43 187682.52740677336
42 44 179320.48088491117
42 45 170574.35170704371
42 46 162047.53339563104
42 47 153262.13099759285
42 48 144601.79669837246
42 49 135769.06183455818
42 50 127001.15672402004
42 51 118118.78461855344
42 52 109264.87622200667
42 53 100334.96656427465
42 54 91413.247881710355
42 55 82441.094001244681
42 56 73467.335684841033
42 57 64460.372083421193
42 58 55448.159198236484
42 59 46414.921088134244
42 60 37382.349968344352
42 61 28346.293156696116
42 62 19267.041039431897
42 63 10000
43 0 566745.48379327659
43 1 566745.48379327659
43 2 548227.09196948993
43 3 538695.02160337288
43 4 520594.97760096268
43 5 512724.79891640932
43 6 497148.87762506475
43 7 489622.03448474576
43 8 476203.68537309679
43 9 468624.58481354994
43 10 457252.61411651614
43 11 449319.37506784545
43 12 439761.37130945624
43 13 431317.13904671889
43 14 423284.24682739563
43 15 414300.05084396718
43 16 407462.38014632539
43 17 398004.04332078429
43 18 392016.60421782796
43 19 382208.58165984409
43 20 376738.10616113263
43 21 366728.83971296006
43 22 361477.24052030506
43 23 351410.56391261058
43 24 346131.77335308603
43 25 336126.91613180842
43 26 330635.59460056538
43 27 320776.43238074053
43 28 314948.72709791508
43 29 305281.31687680265
43 30 299049.15031857067
43 31 289585.53335821611
43 32 282926.62454100657
43 33 273652.44677934196
43 34 266578.40976682655
43 35 257462.02377649077
43 36 250006.56969686577
43 37 241007.77022486128
43 38 233216.45189562486
43 39 224293.65599622537
43 40 216215.93145620651
43 41 207331.26574040111
43 42 199015.06952826641
43 43 190137.35018912589
43 44 181625.93612124622
43 45 172731.86758456918
43 46 164062.44836968402
43 47 155136.52536456997
43 48 146340.16021989688
43 49 137373.77360987628
43 50 128475.99762600427
43 51 119466.16903021258
43 52 110487.96453150417
43 53 101436.01758465311
43 54 92394.85222876005
43 55 83305.219243942149
43 56 74216.0250761918
43 57 65095.215397941509
43 58 55970.710082506346
43 59 46826.322762684395
43 60 37683.041132327831
43 61 28535.906351576374
43 62 19350.985037415609
43 63 10000
44 0 569478.7789984257
44 1 569478.7789984257
44 2 551824.5974332823
44 3 543367.89739560813
44 4 526000.76358477399
44 5 518733.7395694385
44 6 503593.50668104977
44 7 496468.1340332877
44 8 483323.54607784731
44 9 475983.76377010578
44 10 464758.7151674293
44 11 456939.7830680756
44 12 447435.43968055991
44 13 439009.37372451858
44 14 430960.69103725808
44 15 421920.98113344476
44 16 415015.56016181596
44 17 405445.98789702333
44 18 399351.77980185935
44 19 389391.36394401017
44 20 383784.84691965976
44 21 373593.91727112449
44 22 368184.52660164982
44 23 357916.59450644319
44 24 352464.24093593942
44 25 342246.32896997227
44 26 336570.56305215391
44 27 326492.71257567563
44 28 320473.77273433557
44 29 310586.80674095528
44 30 304160.07825870783
44 31 294479.61763735017
44 32 287625.74582670938
44 33 278140.03083049227
44 34 270873.06507298088
44 35 261552.24159482925
44 36 253907.86085224955
44 37 244712.87807870525
44 38 236738.15344819284
44 39 227628.08031114287
44 40 219373.56038338135
44 41 210310.78264210411
44 42 201825.09435910441
44 43 192778.37994548731
44 44 184105.1086757642
44 45 175050.87090396875
44 46 166227.24282491964
44 47 157149.49075644722
44 48 148206.30563605696
44 49 139095.78631995944
44 50 130058.09151796324
44 51 120911.05284205395
44 52 111799.15652215781
44 53 102616.04143140491
44 54 93446.588584717771
44 55 84230.86041958713
44 56 75017.840898086521
44 57 65774.973878838209
44 58 56530.134240846324
44 59 47266.682563139519
44 60 38004.842980706453
44 61 28738.780550286472
44 62 19440.753989345863
44 63 10000
45 0 572771.43517970119
45 1 572771.43517970119
45 2 556022.99351571046
45 3 548692.91910874925
45 4 532090.11210376432
45 5 525454.24984002404
45 6 510765.04423843522
45 7 504055.91480621143
45 8 491189.53355216287
45 9 484092.92028078064
45 10 473010.8963484611
45 11 465301.58465178503
45 12 455840.99042643601
45 13 447421.93289225764
45 14 439343.35385555902
45 15 430232.22568199231
45 16 423242.13244576612
45 17 413542.09592696506
45 18 407322.40053976187
45 19 397188.19980797882
45 20 391425.87411119952
45 21 381030.66769028251
45 22 375443.22000311315
45 23 364950.94846322056
45 24 359304.68011088262
45 25 348850.74705942883
45 26 342970.41454482381
45 27 332651.47319675772
45 28 326421.65309857094
45 29 316293.61652934353
45 30 309653.35164267663
45 31 299735.64140554657
45 32 292668.65495283849
45 33 282952.24176738417
45 34 275475.13171089411
45 35 265932.02297892066
45 36 258082.51367013709
45 37 248674.82837994955
45 38 240501.5531415219
45 39 231188.98757371918
45 40 222743.59829230444
45 41 213488.74350425057
45 42 204820.54410702563
45 43 195592.04488602307
45 44 186744.91233966307
45 45 177518.80124255441
45 46 168529.91467468473
45 47 159289.61529598592
45 48 150189.43795354236
45 49 140924.94688817547
45 50 131737.94854618938
45 51 122444.62881478071
45 52 113190.34416683725
45 53 103867.64403412437
45 54 94561.789417466658
45 55 85212.087471055813
45 56 75867.599807907158
45 57 66495.218649018934
45 58 57122.763322693623
45 59 47733.097871128819
45 60 38345.62698994785
45 61 28953.571824244511
45 62 19535.752778813876
45 63 10000
46 0 576716.67132909957
46 1 576716.67132909957
46 2 560905.33668422117
46 3 554741.44910218159
46 4 538925.80353487283
46 5 532941.4811528289
46 6 518712.91896810505
46 7 512428.20198777679
46 8 499839.9504009849
46 9 492984.52899672196
46 10 482037.96738330438
46 11 474428.39197233529
46 12 464998.55153229466
46 13 456570.72199454915
46 14 448445.48493625392
46 15 439242.97192985856
46 16 432148.97222843743
46 17 422295.73292394314
46 18 415929.81824991282
46 19 405597.46860831353
46 20 399657.82874439843
46 21 389033.2700351259
46 22 383246.02461882978
46 23 372504.34145429719
46 24 366642.58673564246
46 25 355928.10847766255
46 26 349822.11524436146
46 27 339238.50705692038
46 28 332777.42767057783
46 29 322385.97102658311
46 30 315512.6882927168
46 31 305336.78288716852
46 32 298038.23430271429
46 33 288071.6771825513
46 34 280367.10468361678
46 35 270583.7963363147
46 36 262513.02748582425
46 37 252876.23914875067
46 38 244489.49273270086
46 39 234959.49411978692
46 40 226309.51725978573
46 41 216849.02479197015
46 42 207985.76284545258
46 43 198563.20028143196
46 44 189530.76299420462
46 45 180121.67237892014
46 46 170957.1141433896
46 47 161544.21641606957
46 48 152277.57167376732
46 49 142849.99149834842
46 50 133505.0494338398
46 51 124057.14135992175
46 52 114652.55277618974
46 53 105182.64608883511
46 54 95733.083487933531
46 55 86242.347855845641
46 56 76759.577049628366
46 57 67251.060170335157
46 58 57744.548807626117
46 59 48222.366119014579
46 60 38703.045117237998
46 61 29178.797738555091
46 62 19635.325013536938
46 63 10000
47 0 581408.43840596033
47 1 581408.43840596033
47 2 566557.47197915672
47 3 561588.31921761367
47 4 546573.75841790054
47 5 541254.32949203113
47 6 527488.85152532137
47 7 521631.14804208418
47 8 509314.47253510257
47 9 502693.79024776159
47 10 491869.29093100509
47 11 484345.85703538876
47 12 474928.50368608703
47 13 466472.9671285529
47 14 458279.59954909445
47 15 448963.01434478821
47 16 441741.7347446346
47 17 431710.1977327608
47 18 425173.77013921429
47 19 414616.87738502491
47 20 408475.42478200869
47 21 397594.71310509072
47 22 391583.47937081172
47 23 380565.87912701326
47 24 374465.12133095693
47 25 363464.42190559889
47 26 357110.18672414828
47 27 346237.45428637735
47 28 339523.65707091679
47 29 328845.8064266672
47 30 321719.30194645131
47 31 311263.87199978234
47 32 303714.90008478443
47 33 293478.59071428527
47 34 285529.08792366408
47 35 275487.70257622155
47 36 267179.61690063629
47 37 257297.53834778233
47 38 248682.66092421446
47 39 238920.6547561968
47 40 230052.78766454142
47 41 220373.59253804255
47 42 211303.25871451624
47 43 201674.95751251825
47 44 192446.4160490997
47 45 182843.93040812475
47 46 173494.01211386474
47 47 163899.22519887102
47 48 154457.42548642727
47 49 144858.45303585505
47 50 135347.76254183752
47 51 125737.81396486839
47 52 116175.87695864288
47 53 106552.02755151707
47 54 96952.347733449249
47 55 87314.425532529407
47 56 77687.471788008028
47 57 68037.119582435043
47 58 58391.038844087481
47 59 48730.966839052475
47 60 39074.516751797622
47 61 29412.829050643242
47 62 19738.749220610502
47 63 10000
48 0 586962.86600362242
48 1 586962.86600362242
48 2 573082.02708926098
48 3 569322.54733959166
48 4 555111.82237863226
48 5 550461.57768384437
48 6 537153.83396892378
48 7 531717.87751174078
48 8 519660.05856761022
48 9 513260.6696659564
48 10 502539.85643446026
48 11 495082.67085075652
48 12 485655.40455776383
48 13 477147.56155586895
48 14 468861.09429809859
48 15 459402.71783808374
48 16 452027.80109634652
48 17 441788.48547336273
48 18 435054.70683660806
48 19 424243.14061760815
48 20 417873.22692161781
48 21 406706.46127889981
48 22 400445.26456969284
48 23 389122.7448449785
48 24 382758.02739889926
48 25 371443.49050679168
48 26 364817.31754832016
48 27 353629.56420375622
48 28 346640.78199263039
48 29 335652.56615935499
48 30 328252.11221768125
48 31 317495.21433465328
48 32 309676.6953131748
48 33 299150.73884698428
48 34 290938.81079687388
48 35 280621.46075135435
48 36 272060.18199711695
48 37 261916.84580865875
48 38 253059.53882012167
48 39 243051.3594971041
48 40 233952.81352993476
48 41 224042.41304021102
48 42 214753.63856418853
48 43 204908.60810210081
48 44 195473.90597984593
48 45 185668.39042632087
48 46 176124.24746824661
48 47 166339.13483407116
48 48 156714.37851401386
48 49 146936.62021552736
48 50 137253.30896348401
48 51 127474.81771198756
48 52 117749.45383930324
48 53 107965.90418968764
48 54 98210.687562180115
48 55 88420.424216364394
48 56 78644.393358020985
48 57 68847.517471447703
48 58 59057.369439685797
48 59 49255.054982738926
48 60 39457.224064893751
48 61 29653.88695618615
48 62 19845.237839456822
48 63 10000
49 0 593492.53976898664
49 1 593492.53976898664
49 2 580583.06938718364
49 3 578034.92740108888
49 4 564620.85924702999
49 5 560634.93437173148
49 6 547771.32069061347
49 7 542744.45119351381
49 8 530925.23212744354
49 9 524727.69161701051
49 10 514085.29169832933
49 11 506669.49122992909
49 12 497203.58836007019
49 13 488614.65133620379
49 14 480204.38008821133
49 15 470572.93272694806
49 16 463012.91790426977
49 17 452533.31497997767
49 18 445570.91357957496
49 19 434471.98942171171
49 20 427843.21978520171
49 21 416358.3792961482
49 22 409818.1759408809
49 23 398160.01924779848
49 24 391503.96047346137
49 25 379846.63427218032
49 26 372922.99529481871
49 27 361393.34390389087
49 28 354106.00802874146
49 29 342782.80475684168
49 30 335086.83693031414
49 31 324006.17840273149
49 32 315898.55082999344
49 33 305062.97505342186
49 34 296571.02586385986
49 35 285959.98655346734
49 36 277129.81727511832
49 37 266709.6274490506
49 38 257595.99988684489
49 39 247328.02957079769
49 40 237986.60764464273
49 41 227833.19255950235
49 42 218315.34559407219
49 43 208243.40601040621
49 44 198593.33619777934
49 45 188576.05837104874
49 46 178829.76060785045
49 47 168846.8578346897
49 48 159032.34017950826
49 49 149069.42552325825
49 50 139207.66245792512
49 51 129255.18527654586
49 52 119361.3876617451
49 53 109413.46326814609
49 54 99498.381553987725
49 55 89551.720902516347
49 56 79622.822312270669
49 57 69675.842042277043
49 58 59738.238928932915
49 59 49790.441306684726
49 60 39848.097815622219
49 61 29900.034099016655
49 62 19953.933099322727
49 63 10000
50 0 601137.94140658353
50 1 601137.94140658353
50 2 589184.34176463424
50 3 587834.072467722
50 4 575195.67045014119
50 5 571858.88218268543
50 6 559415.70340218453
50 7 554776.21472462651
50 8 543167.22230311634
50 9 537143.93268392177
50 10 526548.04762658908
50 11 519141.3075425381
50 12 509602.5275826818
50 13 500896.88744949881
50 14 492327.46411073924
50 15 482485.51454118965
50 16 474705.02269710018
50 17 463947.19468246476
50 18 456721.61255564028
50 19 445297.98064545245
50 20 438377.24151947635
50 21 426538.41710089467
50 22 419687.96379540162
50 23 407660.32386543567
50 24 400683.82076954702
50 25 388652.33960458828
50 26 381404.42583650473
50 27 369504.23693270446
50 28 361893.90214808506
50 29 350209.90400676965
50 30 342196.34780523879
50 31 330768.94972917897
50 32 322352.47008198779
50 33 311187.03883799457
50 34 302397.57911161549
50 35 291475.21241886501
50 36 282360.81052931701
50 37 271648.54285263905
50 38 262265.26893600449
50 39 251724.48952233489
50 40 242128.73236302068
50 41 231721.27152921085
50 42 221964.59603530643
50 43 211656.48182050785
50 44 201782.81997211001
50 45 191546.06311021722
50 46 181590.74291800745
50 47 171403.67387640133
50 48 161393.70977873553
50 49 151240.40653921029
50 50 141195.51896302964
50 51 131064.78340371005
50 52 120998.72808530377
50 53 110882.9448879937
50 54 100804.86693084898
50 55 90698.953936651291
50 56 80614.601373705984
50 57 70515.142073635725
50 58 60427.902897915585
50 59 50332.588753265933
50 60 40243.815090546857
50 61 30149.173419232338
50 62 20063.906847491984
50 63 10000
51 0 610031.49426257925
51 1 610031.49426257925
51 2 599009.72622538381
51 3 598828.56288798398
51 4 586934.20991884207
51 5 584220.0158279062
51 6 572164.4247674857
51 7 567881.16771360941
51 8 556445.51121327432
51 9 550561.03270887968
51 10 539971.79599282844
51 11 532535.19756025262
51 12 522881.83435062564
51 13 514018.29134849465
51 14 505247.4615866075
51 15 495152.83577536361
51 16 487110.2385194946
51 17 476032.25305402651
51 18 468503.43298311689
51 19 456714.42792265734
51 20 449463.91945652058
51 21 437232.51110923203
51 22 430036.71295148629
51 23 417603.62917123828
51 24 410274.54370701086
51 25 397835.9579918313
51 26 390234.69167314778
51 27 377934.22610369103
51 28 369974.87155918597
51 29 357903.60873756511
51 30 349549.4225183478
51 31 337752.03309448273
51 32 329006.51028015389
51 33 317491.05563907168
51 34 308386.58129695762
51 35 297135.61025015468
51 36 287721.97132490127
51 37 276703.00855743611
51 38 267037.38033932663
51 39 256211.58162621755
51 40 246350.86510179535
51 41 235679.29455628098
51 42 225675.03349449552
51 43 215122.56813798973
51 44 205018.20833215065
51 45 194555.43383291774
51 46 184385.42536485373
51 47 173989.05381019253
51 48 163779.21480893003
51 49 153431.57024230066
51 50 143200.17525309385
51 51 132888.21096454674
51 52 122647.38113383511
51 53 112361.56757710663
51 54 102118.67602830203
51 55 91851.97061091222
51 56 81610.891897754656
51 57 71357.891918649984
51 58 61120.146340841769
51 59 50876.591334687961
51 60 40640.784102576006
51 61 30399.038600371397
51 62 20174.156161639978
51 63 10000
52 0 620338.3060942858
52 1 620338.3060942858
52 2 610204.9200156834
52 3 611148.07405390451
52 4 599949.9724639632
52 5 597820.6073659251
52 6 586107.3461549324
52 7 582139.15884948708
52 8 570829.67565292213
52 9 565039.33861767827
52 10 554408.28055235685
52 11 546894.25032693602
52 12 537077.30611416453
52 13 528006.56394075276
52 14 518985.87894502457
52 15 508588.95269297599
52 16 500237.39143500134
52 17 488790.63202196674
52 18 480914.16140424809
52 19 468713.30339442869
52 20 461091.67531962821
52 21 448424.20108260779
52 22 440845.15478597302
52 23 427966.73089317337
52 24 420250.79684010922
52 25 407369.13626533019
52 26 399383.92894943559
52 27 386651.2749100884
52 28 378315.92272321653
52 29 365829.51048127626
52 30 357111.18482084019
52 31 344919.79262864334
52 32 335824.99287702423
52 33 323939.13750637951
52 34 314502.46397643385
52 35 302905.8514776284
52 36 293178.59216965089
52 37 281838.91379291943
52 38 271879.08879454352
52 39 260756.93258585475
52 40 250621.68976917138
52 41 239677.02302205988
52 42 229417.6211152132
52 43 218613.85289513218
52 44 208272.99453868839
52 45 197578.98876296816
52 46 187190.00068053763
52 47 176580.57842195599
52 48 166167.85206571373
52 49 155623.33646279119
52 50 145203.4875090865
52 51 134708.76189774417
52 52 124292.08235689891
52 53 113835.50584422176
52 54 103427.42059228629
52 55 92999.81496871807
52 56 82602.165890512115
52 57 72195.985888209252
52 58 61808.280445363373
52 59 51417.172255759047
52 60 41035.143519553574
52 61 30647.194061756298
52 62 20283.603873792759
52 63 10000
53 0 632211.11911107029
53 1 632211.11911107029
53 2 622914.52431841393
53 3 624920.41946866293
53 4 614359.9093180038
53 5 612764.2499938542
53 6 601338.33034520282
53 7 597632.51599935035
53 8 586392.72085055849
53 9 580641.92447881505
53 10 569911.56922896078
53 11 562263.93313194287
53 12 552225.71777354332
53 13 542891.03616846993
53 14 533563.79746678809
53 15 522808.55995747977
53 16 514093.5518427986
53 17 502224.01012920833
53 18 493948.65568963072
53 19 481285.01707420597
53 20 473245.03846894979
53 21 460094.45977983484
53 22 452089.39835550776
53 23 438723.01231565862
53 24 430582.13165966846
53 25 417219.46209061338
53 26 408816.88618458062
53 27 395618.85437829635
53 28 386878.59988270118
53 29 373948.48258808703
53 30 364841.38706221723
53 31 352231.83519167919
53 32 342767.09022060188
53 33 330490.75639892794
53 34 320704.83003869304
53 35 308746.20631357672
53 36 298691.52471541846
53 37 287018.07248910581
53 38 276753.13632263173
53 39 265324.4749628877
53 40 254906.32346599843
53 41 243680.93334771052
53 42 233160.20060357783
53 43 222099.65443686538
53 44 211517.9814632581
53 45 200589.08173897301
53 46 189978.37818284679
53 47 179153.74788426768
53 48 168536.7117443688
53 49 157794.39998116423
53 50 147185.74907212271
53 51 136508.32942689001
53 52 125916.31497855549
53 53 115289.82659941286
53 54 104717.73932765199
53 55 94130.687724495205
53 56 83578.17413520519
53 57 73020.714533410195
53 58 62485.124576548988
53 59 51948.6711807342
53 60 41422.753599323136
53 61 30891.029655580151
53 62 20391.096149394765
53 63 10000
54 0 645838.55802011327
54 1 645838.55802011327
54 2 637306.14705776528
54 3 640297.15545406763
54 4 630297.71486776776
54 5 629173.07961638435
54 6 617965.09458656434
54 7 614458.35622398858
54 8 603219.33317205682
54 9 597443.35284582363
54 10 586545.39438539743
54 11 578698.14668982301
54 12 568371.49757890834
54 13 558706.65343690978
54 14 549007.93528609083
54 15 537829.42541140586
54 16 528689.45025518571
54 17 516334.92133738496
54 18 507603.56427280523
54 19 494418.97416477476
54 20 485908.63724740746
54 21 472221.76850406831
54 22 463744.1985574495
54 23 449842.24857592455
54 24 441235.57184534322
54 25 427350.14639711252
54 26 418494.90745573759
54 27 404795.60201227927
54 28 395620.45774316072
54 29 382216.37412097055
54 30 372695.47391294577
54 31 359642.76844120689
54 32 349787.5779006232
54 33 337100.5758671455
54 34 326948.98061829153
54 35 314612.44629348081
54 36 304217.55144313403
54 37 292198.18733207422
54 38 281618.52219569124
54 39 269874.46062460536
54 40 259166.52264170168
54 41 247654.26729642594
54 42 236867.65964047369
54 43 225546.49703187877
54 44 214721.42532313804
54 45 203555.69278112729
54 46 192722.31181973082
54 47 181682.07889191294
54 48 170861.09313955758
54 49 159921.82735111576
54 50 149125.79437480273
54 51 138267.49712583295
54 52 127502.40118795568
54 53 116708.5702480692
54 54 105975.37508740564
54 55 95232.014204980806
54 56 84528.007748765362
54 57 73822.817113612968
54 58 63143.050892231164
54 59 52465.079639672353
54 60 41799.222875776926
54 61 31127.77791076219
54 62 20495.410904567994
54 63 10000
55 0 661395.63602283294
55 1 661395.63602283294
55 2 653547.51347109466
55 3 657428.66250581376
55 4 647903.332311937
55 5 647172.31320024945
55 6 636103.08348754339
55 7 632718.77889187331
55 8 621401.81092677033
55 9 615523.84331366199
55 10 604380.05407215282
55 11 596256.27323505655
55 12 585564.07005113224
55 13 575493.08061633643
55 14 565348.2022256481
55 15 553672.88945976645
55 16 544037.17447329243
55 17 531128.10935282928
55 18 521875.17558232264
55 19 508105.3585690051
55 20 499065.24077249761
55 21 484784.0135725076
55 22 475781.23103340814
55 23 461292.40157230763
55 24 452174.14710803732
55 25 437721.59032565588
55 26 428374.73055356427
55 27 414136.60451409372
55 28 404494.11005450517
55 29 390585.00255484733
55 30 380623.85319545667
55 31 367102.92961010366
55 32 356836.29169914708
55 33 343718.95841181919
55 34 333185.52003823
55 35 320456.17768060684
55 36 309709.10303099075
55 37 297333.05426394974
55 38 286430.30251432059
55 39 274363.57503030036
55 40 263360.54113597306
55 41 251557.08693787176
55 42 240501.83095151282
55 43 228918.12973703895
55 44 217848.96368847074
55 45 206446.42734884837
55 46 195391.34905452843
55 47 184137.09531155901
55 48 173114.46906954306
55 49 161981.04567843306
55 50 151000.97519366469
55 51 139965.52940387896
55 52 129031.48736680056
55 53 118074.7442379405
55 54 107185.1666361059
55 55 96290.440877850604
55 56 85440.094286455933
55 57 74592.480242977632
55 58 63773.982863027544
55 59 52960.040681794519
55 60 42159.907524393435
55 61 31354.51363336515
55 62 20595.25708584554
55 63 10000
56 0 679095.29950306518
56 1 679095.29950306518
56 2 671830.50702214194
56 3 676491.87541459559
56 4 667335.39335185592
56 5 666909.57037280174
56 6 655884.2811011814
56 7 652535.17248377972
56 8 641047.24646773504
56 9 634979.75849377573
56 10 623498.74820460146
56 11 615010.55806896475
56 12 603863.64529877109
56 13 593299.53002483037
56 14 582622.9860093809
56 15 570366.61000572296
56 16 560154.86517979077
56 17 546611.60674182058
56 18 536763.38997073821
56 19 522334.91716062318
56 20 512698.88781152142
56 21 497757.30046374293
56 22 488171.30833698867
56 23 473037.74166561337
56 24 463358.19261717866
56 25 448289.04619254824
56 26 438408.93081493094
56 27 423590.78714927519
56 28 413446.93227001699
56 29 398999.42312945187
56 30 388571.00687481696
56 31 374555.65441696276
56 32 363856.81169490155
56 33 350289.3265975737
56 34 339358.77520408592
56 35 326222.36460159015
56 36 315112.5588138231
56 37 302370.29765699076
56 38 291137.89225258207
56 39 278742.9168762773
56 40 267441.52499642142
56 41 255344.5154550226
56 42 244020.04164471466
56 43 232174.03118771678
56 44 220862.35441756179
56 45 209225.27622788248
56 46 197951.77233694671
56 47 186487.32509070335
56 48 175267.62599935452
56 49 163945.05207485761
56 50 152786.48407802783
56 51 141579.76548542004
56 52 130483.02890714961
56 53 119369.87271916683
56 54 108330.67050991427
56 55 97291.513410338899
56 56 86301.933146411175
56 57 75319.120578798073
56 58 64369.223996135304
56 59 53426.717385461714
56 60 42499.818296984668
56 61 31568.09605225045
56 62 20689.249994664828
56 63 10000
57 0 699116.45190562168
57 1 699116.45190562168
57 2 692328.06112072209
57 3 697643.16761141142
57 4 688741.16264623345
57 5 688517.10487355932
57 6 677431.76354668685
57 7 674015.92054407019
57 8 662253.95801910351
57 9 655895.10557891475
57 10 643974.56846080802
57 11 635020.41100706172
57 12 623318.14089941769
57 13 612161.15863878524
57 14 600855.77978614869
57 15 587922.51469783066
57 16 577043.08271626662
57 17 562775.83820152946
57 18 552248.03415435017
57 19 537078.94781698426
57 20 526771.46675085986
57 21 511096.6984861815
57 22 500861.59778028878
57 23 485020.34796653927
57 24 474723.5849909379
57 25 458984.97483501182
57 26 448525.52552397485
57 27 433084.29674519459
57 28 422402.3259867421
57 29 407382.5331410892
57 30 396458.62953358842
57 31 381923.28699154267
57 32 370771.60161996918
57 33 356735.7206622191
57 34 345393.97476033686
57 35 331838.51398346649
57 36 320357.42338571366
57 37 307242.19164987054
57 38 295676.12805335526
57 39 282950.39701083332
57 40 271350.29739574366
57 41 258960.59783430863
57 42 247369.42108406033
57 43 235264.57510118495
57 44 223715.08966808548
57 45 211848.90520694683
57 46 200363.30036642891
57 47 188695.52625801269
57 48 177286.24425503
57 49 165782.3945879204
57 50 154453.62498425192
57 51 143084.19032095198
57 52 131833.58822115237
57 53 120573.01517450299
57 54 109393.35150843843
57 55 98219.026432056969
57 56 87099.572116954892
57 57 75990.975372739427
57 58 64919.14125709988
57 59 53857.559140971687
57 60 42813.45717798519
57 61 31765.070626613204
57 62 20775.869711962383
57 63 10000
58 0 721615.82862418902
58 1 721615.82862418902
58 2 715177.73399585951
58 3 721007.79465446598
58 4 712229.10530234547
58 5 712094.14773328044
58 6 700829.07022283634
58 7 697234.58295008319
58 8 685079.81607533549
58 9 678316.75416024099
58 10 665839.05648350634
58 11 656305.62079212116
58 12 643932.84064821748
58 13 632071.17869172501
58 14 620026.55054184876
58 15 606308.70479219791
58 16 594658.32992479089
58 17 579566.20832397148
58 18 568264.87349273637
58 19 552263.41387882258
58 20 541201.46877008735
58 21 524712.62119401118
58 22 513757.29059728177
58 23 497139.33752688661
58 24 486166.42169472604
58 25 469701.51138387213
58 26 458615.66773391311
58 27 442506.37915001245
58 28 431250.33390324202
58 29 415624.32851385121
58 30 404178.97320895188
58 31 389099.60077390593
58 32 377477.8035884159
58 33 362958.0273847084
58 34 351195.14401424653
58 35 337212.26335456758
58 36 325355.92870990542
58 37 311865.11521915544
58 38 299966.17096101254
58 39 286911.57157526922
58 40 275017.17053053551
58 41 262340.06113399321
58 42 250489.26932128952
58 43 238133.32928140255
58 44 226355.02332179807
58 45 214269.17955475952
58 46 202581.73999743804
58 47 190721.20096515995
58 48 179133.40310561631
58 49 167459.51150672178
58 50 155972.05748749812
58 51 144451.49549088115
58 52 133058.75133788271
58 53 121662.49234290794
58 54 110354.14042121528
58 55 99056.391057576824
58 56 87818.798603311341
58 57 76596.108601872125
58 58 65413.995292903863
58 59 54244.953401308318
58 60 43095.295884289604
58 61 31941.972500996286
58 62 20853.599829441075
58 63 10000
59 0 746814.16990975535
59 1 746814.16990975535
59 2 740596.95812898222
59 3 746791.04354135215
59 4 737999.62601516244
59 5 737829.1061187333
59 6 726258.29586518544
59 7 722359.80969556095
59 8 709685.28618722898
59 9 702391.07176373678
59 10 689229.00231176568
59 11 678988.91624745447
59 12 665819.88726216333
59 13 653128.19607620733
59 14 640222.70518568438
59 15 625599.96183331427
59 16 613064.03016675543
59 17 597034.74407746375
59 18 584854.90145951125
59 19 567919.38098893675
59 20 556009.70789986302
59 21 538617.56943189469
59 22 526861.79310860415
59 23 509391.46337025805
59 24 497675.77402954071
59 25 480422.68387726025
59 26 468657.23893108132
59 27 451831.35501681943
59 28 439960.66254599957
59 29 423692.25633603969
59 30 411696.29960417451
59 31 396047.69086461898
59 32 383936.58366480708
59 33 368917.12599430681
59 34 356722.28131706599
59 35 342304.00381191797
59 36 330068.41737295821
59 37 316200.30683898716
59 38 303969.84053156164
59 39 290589.5113634367
59 40 278406.24857785337
59 41 265448.49733498064
59 42 253346.51762383056
59 43 240748.85710721044
59 44 228752.2487160968
59 45 216457.89950641387
59 46 204580.52522973192
59 47 192539.51414015272
59 48 180785.9423970622
59 49 168954.96214095392
59 50 157322.0142035023
59 51 145663.59857635977
59 52 134142.08078457142
59 53 122623.50450572501
59 54 111199.84016703336
59 55 99791.996692887798
59 56 88449.558611953864
59 57 77126.004610299307
59 58 65846.784576133723
59 59 54583.397195003905
59 60 43341.320852335884
59 61 32096.282510905541
59 62 20921.339735589325
59 63 10000
60 0 775756.50202509714
60 1 775756.50202509714
60 2 769618.05479370581
60 3 776020.31852349604
60 4 767067.71447233064
60 5 766729.99685441703
60 6 754710.60188722669
60 7 750370.77587337059
60 8 737028.58994629059
60 9 729059.61933800101
60 10 715061.47500120732
60 11 703965.95851347293
60 12 689847.07122885273
60 13 676173.79057406075
60 14 662254.75816465018
60 15 646576.03689840552
60 16 633006.0575924915
60 17 615892.63678865472
60 18 602693.2460127119
60 19 584684.3563190432
60 20 571796.28045559453
60 21 553372.31088841427
60 22 540698.09741364978
60 23 522260.02824581257
60 24 509697.8403502946
60 25 491555.96808762942
60 26 479022.27677797485
60 27 461394.69363258133
60 28 448835.87994711357
60 29 431855.42785576289
60 30 419250.03806313849
60 31 402977.31606056803
60 32 390331.69464361959
60 33 374771.26172508881
60 34 362111.52159089391
60 35 347228.62192528299
60 36 334591.55819830857
60 37 320327.30346358055
60 38 307752.15575879719
60 39 294035.89443757781
60 40 281558.05470154132
60 41 268316.4325601827
60 42 255963.47039612586
60 43 243126.29997671297
60 44 230916.14488554251
60 45 218419.59292061991
60 46 206360.4057061545
60 47 194148.18054705753
60 48 182239.33902848716
60 49 170262.56249145383
60 50 158496.22310368475
60 51 146712.56628046618
60 52 135075.37925356571
60 53 123447.89107551624
60 54 111922.59157620261
60 55 100418.48701365288
60 56 88985.167079165738
60 57 77574.776911698282
60 58 66212.521663007588
60 59 54868.876561602869
60 60 43548.551627597546
60 61 32226.101226607228
60 62 20978.243155019914
60 63 10000
61 0 810048.18687491305
61 1 810048.18687491305
61 2 803848.21155853197
61 3 810287.65074800944
61 4 801010.0160659122
61 5 800340.41055541276
61 6 787698.1996156188
61 7 782732.46766176575
61 8 768530.68724754301
61 9 759685.14999839768
61 10 744644.40767601214
61 11 732477.66873844073
61 12 717191.36035960773
61 13 702311.39538873092
61 14 687155.15258379932
61 15 670191.92161976988
61 16 655363.96694939642
61 17 636940.92338022368
61 18 622503.99892805936
61 19 603205.74762734224
61 20 589133.18020139763
61 21 569476.69956333877
61 22 555695.03104584955
61 23 536108.55585771718
61 24 522531.91595028254
61 25 503343.8875942665
61 26 489897.6424986918
61 27 471336.01915601606
61 28 457969.53578623931
61 29 440169.98816208
61 30 426860.11851623282
61 31 409880.49538058665
61 32 396628.40401164367
61 33 380466.43660204788
61 34 367290.66180989199
61 35 351902.09704606188
61 36 338830.41067864769
61 37 324145.41420976754
61 38 311207.36477745726
61 39 297143.87287027598
61 40 284365.10478513234
61 41 270838.61561757774
61 42 258237.34377858893
61 43 245167.28047167047
61 44 232752.77504783723
61 45 220065.9619649435
61 46 207838.59626976092
61 47 195470.57209658198
61 48 183422.88203545162
61 49 171317.77680662519
61 50 159436.01726828809
61 51 147545.61182635851
61 52 135811.41005712363
61 53 124093.83896947555
61 54 112485.68687651426
61 55 100904.07563702781
61 56 89398.47962444766
61 57 77919.737585006107
61 58 66492.752194086177
61 59 55087.02044598911
61 60 43706.565251432854
61 61 32324.896044211986
61 62 21021.429547840271
61 63 10000
62 0 842686.13909778441
62 1 842686.13909778441
62 2 836318.86049698002
62 3 842636.91471937159
62 4 832919.32568751206
62 5 831792.92898784915
62 6 818428.29645424942
62 7 812724.47789621528
62 8 797573.67274516565
62 9 787756.14409587497
62 10 771596.52234928613
62 11 758282.3527908331
62 12 741767.76132318762
62 13 725626.68862938741
62 14 709190.5094277747
62 15 690912.49062289833
62 16 674804.47652241844
62 17 655067.22875019081
62 18 639393.03411750449
62 19 618826.81642394839
62 20 603592.84157518635
62 21 582750.00631669874
62 22 567905.83977710002
62 23 547239.20806756453
62 24 532712.63688682392
62 25 512564.94254356064
62 26 498286.81852092507
62 27 478891.26524287346
62 28 464809.81939123303
62 29 446299.99135203013
62 30 432385.98147173831
62 31 414812.2146407385
62 32 401057.35483875714
62 33 384406.30457549315
62 34 370817.74619868171
62 35 355032.17150210339
62 36 341625.53070443298
62 37 326622.03619988461
62 38 313414.8273170407
62 39 299098.20544021792
62 40 286104.78118418599
62 41 272378.45812010299
62 42 259606.8666078985
62 43 246379.62992452126
62 44 233830.28654236253
62 45 221019.89798439006
62 46 208685.67211248889
62 47 196220.15411332925
62 48 184087.36418912225
62 49 171904.746321093
62 50 159954.58758855687
62 51 148001.77947675082
62 52 136211.81547303425
62 53 124443.10256366422
62 54 112788.58495198698
62 55 101164.06102331083
62 56 89618.910191428629
62 57 78103.082543487486
62 58 66641.279690652053
62 59 55202.360646712317
62 60 43789.946965485651
62 61 32376.912855748698
62 62 21044.079280341539
62 63 10000
63 0 842686.13909778441
63 1 842686.13909778441
63 2 836318.86049698002
63 3 842636.91471937159
63 4 832919.32568751206
63 5 831792.92898784915
63 6 818428.29645424942
63 7 812724.47789621528
63 8 797573.67274516565
63 9 787756.14409587497
63 10 771596.52234928613
63 11 758282.3527908331
63 12 741767.76132318762
63 13 725626.68862938741
63 14 709190.5094277747
63 15 690912.49062289833
63 16 674804.47652241844
63 17 655067.22875019081
63 18 639393.03411750449
63 19 618826.81642394839
63 20 603592.84157518635
63 21 582750.00631669874
63 22 567905.83977710002
63 23 547239.20806756453
63 24 532712.63688682392
63 25 512564.94254356064
63 26 498286.81852092507
63 27 478891.26524287346
63 28 464809.81939123303
63 29 446299.99135203013
63 30 432385.98147173831
63 31 414812.2146407385
63 32 401057.35483875714
63 33 384406.30457549315
63 34 370817.74619868171
63 35 355032.17150210339
63 36 341625.53070443298
63 37 326622.03619988461
63 38 313414.8273170407
63 39 299098.20544021792
63 40 286104.78118418599
63 41 272378.45812010299
63 42 259606.8666078985
63 43 246379.62992452126
63 44 233830.28654236253
63 45 221019.89798439006
63 46 208685.67211248889
63 47 196220.15411332925
63 48 184087.36418912225
63 49 171904.746321093
63 50 159954.58758855687
63 51 148001.77947675082
63 52 136211.81547303425
63 53 124443.10256366422
63 54 112788.58495198698
63 55 101164.06102331083
63 56 89618.910191428629
63 57 78103.082543487486
63 58 66641.279690652053
63 59 55202.360646712317
63 60 43789.946965485651
63 61 32376.912855748698
63 62 21044.079280341539
63 63 10000
