0 0 302877.69864383468
0 1 302877.69864383468
0 2 301031.61164308968
0 3 301284.67678433598
0 4 298740.51959566708
0 5 298150.8342834448
0 6 295021.35929759947
0 7 293735.73861010006
0 8 290075.65326612978
0 9 288100.70940844272
0 10 283972.54128189752
0 11 281335.07491813682
0 12 276803.82081236469
0 13 273542.38384004025
0 14 268676.56199674797
0 15 264839.70469291601
0 16 259707.28079273694
0 17 255350.67274386543
0 18 250016.54795915686
0 19 245200.72328018898
0 20 239724.8850718879
0 21 234513.23220029709
0 22 228949.51595494529
0 23 223406.48500137424
0 24 217801.84523620084
0 25 211991.34288478346
0 26 206385.54837151102
0 27 200369.51155852433
0 28 194795.18299406377
0 29 188632.33222765842
0 30 183115.24547834371
0 31 176860.02340893884
0 32 171419.60650801411
0 33 165121.30815779953
0 34 159771.26679383626
0 35 153473.36586060215
0 36 148222.38004108579
0 37 141962.05182533106
0 38 136814.4954209062
0 39 130622.33202632943
0 40 125578.97652136644
0 41 119478.88479992353
0 42 114537.55826251191
0 43 108546.82615833922
0 44 103703.00768536789
0 45 97832.52068549658
0 46 93079.85894368717
0 47 87334.445628057772
0 48 82665.197286929179
0 49 77044.081699397255
0 50 72449.471392694628
0 51 66946.810178179236
0 52 62417.317978753701
0 53 57022.802627619305
0 54 52548.391869091647
0 55 47247.892688681051
0 56 42818.126057488429
0 57 37594.398232075597
0 58 33199.647316990318
0 59 28034.544722311442
0 60 23651.047722066454
0 61 18475.37642084077
0 62 14217.030910294437
0 63 10000
1 0 302877.69864383468
1 1 302877.69864383468
1 2 301031.61164308968
1 3 301284.67678433598
1 4 298740.51959566708
1 5 298150.8342834448
1 6 295021.35929759947
1 7 293735.73861010006
1 8 290075.65326612978
1 9 288100.70940844272
1 10 283972.54128189752
1 11 281335.07491813682
1 12 276803.82081236469
1 13 273542.38384004025
1 14 268676.56199674797
1 15 264839.70469291601
1 16 259707.28079273694
1 17 255350.67274386543
1 18 250016.54795915686
1 19 245200.72328018898
1 20 239724.8850718879
1 21 234513.23220029709
1 22 228949.51595494529
1 23 223406.48500137424
1 24 217801.84523620084
1 25 211991.34288478346
1 26 206385.54837151102
1 27 200369.51155852433
1 28 194795.18299406377
1 29 188632.33222765842
1 30 183115.24547834371
1 31 176860.02340893884
1 32 171419.60650801411
1 33 165121.30815779953
1 34 159771.26679383626
1 35 153473.36586060215
1 36 148222.38004108579
1 37 141962.05182533106
1 38 136814.4954209062
1 39 130622.33202632943
1 40 125578.97652136644
1 41 119478.88479992353
1 42 114537.55826251191
1 43 108546.82615833922
1 44 103703.00768536789
1 45 97832.52068549658
1 46 93079.85894368717
1 47 87334.445628057772
1 48 82665.197286929179
1 49 77044.081699397255
1 50 72449.471392694628
1 51 66946.810178179236
1 52 62417.317978753701
1 53 57022.802627619305
1 54 52548.391869091647
1 55 47247.892688681051
1 56 42818.126057488429
1 57 37594.398232075597
1 58 33199.647316990318
1 59 28034.544722311442
1 60 23651.047722066454
1 61 18475.37642084077
1 62 14217.030910294437
1 63 10000
2 0 282799.11710960662
2 1 282799.11710960662
2 2 281002.56059844763
2 3 281301.57740395953
2 4 278860.80657393404
2 5 278373.74259076279
2 6 275402.77404689114
2 7 274276.53135813767
2 8 270828.6267076066
2 9 269067.47294433799
2 10 265201.38900607446
2 11 262828.35096352402
2 12 258604.41380293152
2 13 255653.3557477821
2 14 251134.71591306326
2 15 247648.80701700028
2 16 242897.59785884296
2 17 238926.6358143313
2 18 234001.65163304296
2 19 229599.99267793659
2 20 224555.01504199917
2 21 219779.7402950688
2 22 214662.46096132396
2 23 209571.7501536452
2 24 204423.18778891227
2 25 199074.86736972828
2 26 193929.19025280565
2 27 188379.44387449842
2 28 183264.11536766111
2 29 177566.35487288624
2 30 172502.52350814373
2 31 166706.42405713166
2 32 161709.48600791511
2 33 155860.19067488358
2 34 150940.45971074401
2 35 145077.95779538259
2 36 140241.38646144918
2 37 134400.06674985931
2 38 129648.97211666846
2 39 123857.34817212258
2 40 119191.10556480143
2 41 113471.70554644952
2 42 108887.38364096488
2 43 103256.79275712298
2 44 98749.712813768492
2 45 93218.75281442891
2 46 88782.963180004328
2 47 83356.990643524347
2 48 78985.654695976817
2 49 73664.958492876103
2 50 69350.659797681976
2 51 64130.938088192692
2 52 59865.910542077712
2 53 54738.80961425454
2 54 50515.106563104877
2 55 45468.80002660647
2 56 41278.354652857932
2 57 36298.181477595252
2 58 32133.88930821163
2 59 27204.391284616708
2 60 23046.055032734341
2 61 18104.314643447611
2 62 14059.708138445938
2 63 10000
3 0 260879.57251328323
3 1 260879.57251328323
3 2 259127.38927601351
3 3 259461.23242800758
3 4 257118.10260784309
3 5 256723.03486474277
3 6 253904.76012301477
3 7 252928.19563324651
3 8 249687.84992409195
3 9 248132.57455019123
3 10 244525.60323790199
3 11 242411.3030257287
3 12 238493.68205359334
3 13 235849.85990660152
3 14 231679.62350322679
3 15 228544.35107953617
3 16 224178.03916288938
3 17 220595.51178475592
3 18 216086.05063601959
3 19 212104.70530995179
3 20 207499.90779150618
3 21 203170.75981167782
3 22 198512.40094333945
3 23 193887.57339397867
3 24 189210.94108226246
3 25 184342.35443350935
3 26 179676.18785070127
3 27 174614.39648127198
3 28 169981.12870613858
3 29 164774.30109967236
3 30 160190.52778392695
3 31 154883.57290610741
3 32 150360.67498515852
3 33 144994.51949504565
3 34 140539.37568108644
3 35 135150.39608149862
3 36 130766.12989581567
3 37 125385.7412544207
3 38 121072.45727424418
3 39 115726.85648660811
3 40 111482.33077958082
3 41 106192.38817954258
3 42 102012.68802369002
3 43 96793.977072914713
3 44 92673.994501620575
3 45 87536.945797192733
3 46 83470.837846934868
3 47 78421.001130844525
3 48 74402.536614695957
3 49 69440.933078340488
3 50 65463.751135652208
3 51 60587.298153432668
3 52 56645.087586834692
3 53 51847.079599366618
3 54 47933.693552118057
3 55 43204.319293013839
3 56 39313.783094639497
3 57 34640.692772756767
3 58 30768.126393833751
3 59 26138.252225650856
3 60 22267.067041193117
3 61 17624.510326618907
3 62 13853.402620229343
3 63 10000
4 0 241399.02334990533
4 1 241399.02334990533
4 2 239677.08829964712
4 3 240029.60974466905
4 4 237766.11866987872
4 5 237443.16340237911
4 6 234754.64684281804
4 7 233902.96818189314
4 8 230842.76017427075
4 9 229464.13042212243
4 10 226084.70710178957
4 11 224195.77875568721
4 12 220549.05392104885
4 13 218175.22703110255
4 14 214314.37032181851
4 15 211488.87970693514
4 16 207465.108048341
4 17 204226.84521901331
4 18 200087.52894170856
4 19 196479.36315024036
4 20 192266.71023694676
4 21 188333.99981045435
4 22 184084.28548783012
4 23 179873.56004910113
4 24 175616.8066598516
4 25 171174.58970897782
4 26 166934.61128444198
4 27 162306.37026657382
4 28 158101.09948128124
4 29 153330.31993577458
4 30 149172.34021112093
4 31 144299.72647943522
4 32 140196.93849967423
4 33 135259.74598370335
4 34 131216.10592976483
4 35 126247.60978988727
4 36 122263.88591199483
4 37 117292.98905548139
4 38 113367.49334379265
4 39 108418.47326481983
4 40 104547.73539517136
4 41 99640.125539773377
4 42 95819.486413945968
4 43 90968.083839793486
4 44 87192.195401359291
4 45 82407.18306742463
4 46 78670.409248116674
4 47 73957.578662771688
4 48 70254.2990227876
4 49 65615.357431251046
4 50 61940.180182117088
4 51 57373.126052764863
4 52 53721.020533058232
4 53 49220.572198314549
4 54 45586.935603122562
4 55 41144.994392453606
4 56 37525.615119150891
4 57 33131.771138391749
4 58 29523.607683863444
4 59 25166.766858048552
4 60 21556.312930304604
4 61 17186.78335868959
4 62 13664.315806482664
4 63 10000
5 0 223516.54893838399
5 1 223516.54893838399
5 2 221809.80353241897
5 3 222166.07901988027
5 4 219965.99632171696
5 5 219699.60523055133
5 6 217122.45555356311
5 7 216377.67790538166
5 8 213476.88952140286
5 9 212254.53901693734
5 10 209079.73132695543
5 11 207393.56678383733
5 12 203992.77033808228
5 13 201864.23051710043
5 14 198285.91141441633
5 15 195743.53740810967
5 16 192033.75943270957
5 17 189111.30362244265
5 18 185312.07235465362
5 19 182047.03167408565
5 20 178195.1684559031
5 21 174627.47312796989
5 22 170753.99871097901
5 23 166924.84486745836
5 24 163054.78452519237
5 25 159005.58396846644
5 26 155158.11169345028
5 27 150929.54738095147
5 28 147118.38893316363
5 29 142749.57357863284
5 30 138983.59297760157
5 31 134511.3340031378
5 32 130795.23464130417
5 33 126253.41145982557
5 34 122588.49124877673
5 35 118007.55107677821
5 36 114392.46053212708
5 37 109799.03721275144
5 38 106230.49963266056
5 39 101647.15692279441
5 40 98120.620255059534
5 41 93565.717319707095
5 42 90075.917383947701
5 43 85563.590418169697
5 44 82105.014355629872
5 45 77645.264798562479
5 46 74212.511567680165
5 47 69811.388649057029
5 48 66399.429804636908
5 49 62059.293404662225
5 50 58663.642179782044
5 51 54383.491254866705
5 52 51000.290935448051
5 53 46776.143347684563
5 54 43402.189848224785
5 55 39227.495808742155
5 56 35860.160863222634
5 57 31726.253764644469
5 58 28364.134658104336
5 59 24261.684428140976
5 60 20894.078934426801
5 61 16779.175703242319
5 62 13488.465464235691
5 63 10000
6 0 206706.41963423375
6 1 206706.41963423375
6 2 205000.51149466942
6 3 205345.24327894748
6 4 203192.84296179566
6 5 202967.49670143984
6 6 200484.57818460686
6 7 199829.42957655134
6 8 197069.22408465474
6 9 195984.03501818099
6 10 192993.30892885514
6 11 191489.05379394512
6 12 188312.12305712831
6 13 186406.45620614631
6 14 183087.27557832393
6 15 180804.24695347113
6 16 177383.94299808587
6 17 174752.39636914802
6 18 171267.85031980582
6 19 168320.16858781947
6 20 164803.07886230829
6 21 161574.04681290349
6 22 158050.46212959435
6 23 154576.24290129091
6 24 151066.48548815359
6 25 147383.68884463122
6 26 143902.58955931934
6 27 140047.42300802688
6 28 136604.79113361752
6 29 132612.29295950689
6 30 129213.54785271577
6 31 125116.90676947928
6 32 121763.80505170063
6 33 117593.77398327889
6 34 114285.17423267361
6 35 110069.58611983777
6 36 106802.20254701712
6 37 102565.59452258862
6 38 99334.701337483159
6 39 95098.050715404563
6 40 91898.109236450429
6 41 87678.681111929269
6 42 84503.87157140029
6 43 80315.173993380231
6 44 77159.822966629901
6 45 73011.662098642235
6 46 69870.56414901097
6 47 65769.188948300041
6 48 62637.82718005935
6 49 58586.151133650674
6 50 55460.825774784251
6 51 51458.712201085305
6 52 48336.588918692956
6 53 44381.186465359242
6 54 41260.279304550095
6 55 37346.390687277722
6 56 34225.450393661282
6 57 30345.934967356152
6 58 27224.978462682899
6 59 23372.045851001811
6 60 20242.957435714234
6 61 16378.229862285152
6 62 13315.366336343937
6 63 10000
7 0 190915.72338451579
7 1 190915.72338451579
7 2 189196.06744181088
7 3 189514.33397991167
7 4 187393.53612552086
7 5 187194.174511472
7 6 184788.21968494201
7 7 184206.18515556547
7 8 181567.81965248883
7 9 180601.63372961039
7 10 177774.69036703496
7 11 176432.56676632015
7 12 173457.77035086483
7 13 171753.71105537532
7 14 168670.68249608425
7 15 166624.42515089316
7 16 163469.56757778954
7 17 161105.26331028371
7 18 157910.57600794453
7 19 155255.74130291102
7 20 152048.06556491219
7 21 149132.61321899385
7 22 145933.30838832559
7 23 142788.66021339063
7 24 139613.63699348253
7 25 136271.90157265903
7 26 133131.93917892163
7 27 129625.14886507802
7 28 126526.42245254875
7 29 122885.83104781875
7 30 119830.57978361969
7 31 116086.02766758057
7 32 113073.3001375078
7 33 109252.65635680882
7 34 106279.07816240282
7 35 102407.76940156579
7 36 99468.287227116409
7 37 95568.9220669028
7 38 92657.488577120879
7 39 88749.582558174923
7 40 85859.756631897078
7 41 81959.559954918703
7 42 79085.006411100825
7 43 75205.432174967005
7 44 72340.313827873979
7 45 68490.961013531385
7 46 65630.223236628182
7 47 61817.485559251108
7 48 58957.039300742799
7 49 55184.288816586748
7 50 52321.102092691006
7 51 48588.935129355013
7 52 45721.045252292861
7 53 42027.577958612856
7 54 39154.039339715848
7 55 35495.236853391005
7 56 32615.980008527513
7 57 28986.017658989927
7 58 26102.266216291966
7 59 22494.675090768964
7 60 19600.68677050183
7 61 15982.362511314372
7 62 13144.314117457787
7 63 10000
8 0 176139.62969636617
8 1 176139.62969636617
8 2 174393.14669021149
8 3 174670.58699056139
8 4 172566.42783121477
8 5 172378.28221959001
8 6 170033.18519861926
8 7 169508.16356161964
8 8 166974.23003039591
8 9 166109.46163366194
8 10 163427.48045856343
8 11 162228.41200358365
8 12 159435.59129668507
8 13 157912.67868524886
8 14 155044.44525707827
8 15 153213.27508357758
8 16 150301.49136586036
8 17 148181.72272936255
8 18 145253.71976125878
8 19 142868.23359971627
8 20 139946.23277915796
8 21 137320.32345068082
8 22 134421.24811620254
8 23 131581.86416679694
8 24 128717.47500195293
8 25 125692.49759510568
8 26 122869.78340151469
8 27 119687.34017562367
8 28 116909.09459019202
8 29 113596.91327037755
8 30 110862.43145278808
8 31 107447.24250833274
8 32 104753.07786601085
8 33 101260.07807629212
8 34 98600.807049135852
8 35 95053.196152404984
8 36 92422.148289022502
8 37 88840.749298292285
8 38 86230.66969190193
8 39 82633.640482299714
8 40 80037.261494452847
8 41 76439.901459296729
8 42 73850.409992583969
8 43 70265.061479944517
8 44 67676.456401279836
8 45 64112.496760190115
8 46 61519.838070423284
8 47 57983.754831701983
8 48 55383.311595957523
8 49 51878.850833176381
8 50 49268.158637193803
8 51 45796.534976599323
8 52 43174.375603564607
8 53 39734.53176723628
8 54 37100.849899716421
8 55 33689.750857433573
8 56 31045.488624420825
8 57 27658.447230179685
8 58 25005.855631838964
8 59 21637.538052190896
8 60 18973.048323081635
8 61 15595.351574255898
8 62 12976.913654678458
8 63 10000
9 0 162344.79426066449
9 1 162344.79426066449
9 2 160558.48229648231
9 3 160781.83305441923
9 4 158679.63246006056
9 5 158489.08662911403
9 6 156189.10505874656
9 7 155706.27395138683
9 8 153259.86210152251
9 9 152480.34534630633
9 10 149925.14626286644
9 11 148851.58776225115
9 12 146221.3496692942
9 13 144860.73194960633
9 14 142186.81303224061
9 15 140550.70572266902
9 16 137860.59959329007
9 17 135964.3473302972
9 18 133280.9198388962
9 19 131142.97735988986
9 20 128484.05443593458
9 21 126125.32968378374
9 22 123503.63587934646
9 23 120946.85002630511
9 24 118370.23767550396
9 25 115639.29537825356
9 26 113111.20086651974
9 27 110230.57231261121
9 28 107750.6344535258
9 29 104744.75678191389
9 30 102309.53530578628
9 31 99202.245563672521
9 32 96805.983422928781
9 33 93619.997536020106
9 34 91255.378381597126
9 35 88011.830729877547
9 36 85670.691812109566
9 37 82388.748237687774
9 38 80062.718490094703
9 39 76759.272406379037
9 40 74440.314976968715
9 41 71129.772251588132
9 42 68810.619710924249
9 43 65504.773703916093
9 44 63179.252128685403
9 45 59887.246165316566
9 46 57550.49092957309
9 47 54278.861953128035
9 48 51927.433139185414
9 49 48680.227574671975
9 50 46312.136359260257
9 51 43091.087416278664
9 52 40705.746470564394
9 53 37510.501295357171
9 54 35108.61398414243
9 55 31936.996860022089
9 56 29520.371329482474
9 57 26368.678471926894
9 58 23940.438996375848
9 59 20804.309550034508
9 60 18362.879476929866
9 61 15218.953078302076
9 62 12814.091350997864
9 63 10000
10 0 149485.64627637449
10 1 149485.64627637449
10 2 147648.35791976345
10 3 147805.26089550552
10 4 145691.88024676786
10 5 145485.93450675395
10 6 143216.79130572031
10 7 142761.93114010693
10 8 140387.61921788918
10 9 139677.85317434932
10 10 137232.79747433928
10 11 136267.95255946057
10 12 133782.48890323748
10 13 132566.14840684191
10 14 130067.67588164953
10 15 128607.52401771153
10 16 126119.32354494426
10 17 124426.56373974998
10 18 121967.22400046262
10 19 120056.08737313683
10 20 117639.24823677575
10 21 115526.47835825059
10 22 113160.88733267919
10 23 110865.21042210003
10 24 108555.03713726481
10 25 106096.61549644383
10 26 103841.96556054978
10 27 101241.83971116992
10 28 99039.40753884046
10 29 96318.938154083691
10 30 94162.740977912574
10 31 91343.065884339434
10 32 89225.206477578758
10 33 86326.729991018481
10 34 84238.1428948947
10 35 81280.074585757407
10 36 79211.219142543705
10 37 76211.177101062611
10 38 74152.649695162094
10 39 71126.339961614198
10 40 69069.386966484089
10 41 66030.366551009138
10 42 63967.28803666056
10 43 60926.814421997886
10 44 58851.256254429514
10 45 55818.221935978945
10 46 53725.360167315994
10 47 50706.307020752349
10 48 48592.933219635073
10 49 45592.138553645367
10 50 43456.657888222922
10 51 40476.282045805317
10 52 38318.637414567624
10 53 35358.921794814196
10 54 33180.458747286983
10 55 30239.961518932403
10 56 28043.225173611543
10 57 25119.088805660158
10 58 22907.939578787595
10 59 19996.631760117412
10 60 17771.316292962179
10 61 14853.968073611559
10 62 12656.122612234642
10 63 10000
11 0 137521.70893357493
11 1 137521.70893357493
11 2 135622.49635693297
11 3 135701.96291967799
11 4 133564.77524069499
11 5 133331.85556144032
11 6 131079.83573804153
11 7 130640.18489815216
11 8 128323.16269791489
11 9 127669.14358866197
11 10 125318.28043316129
11 11 124446.88603087496
11 12 122089.15777291363
11 13 121000.6322229444
11 14 118659.58654417102
11 15 117357.84455940635
11 16 115052.70122287187
11 17 113544.96326034865
11 18 111290.21506146077
11 19 109586.67677072813
11 20 107391.97754653115
11 21 105505.42585734541
11 22 103375.75544966925
11 23 101321.13962585357
11 24 99257.195322466956
11 25 97051.154985311077
11 26 95049.915484449069
11 27 92710.275017874679
11 28 90765.681197712009
11 29 88310.92530321097
11 30 86414.624340536844
11 31 83863.373297471757
11 32 82005.477577681842
11 33 79375.982370949976
11 34 77545.801451077423
11 35 74855.478405210975
11 36 73042.190341482128
11 37 70307.212546983414
11 38 68500.449539886715
11 39 65735.408646140364
11 40 63925.740599569544
11 41 61143.388022340965
11 42 59322.695737963906
11 43 56533.767531471713
11 44 54695.504434446389
11 45 51908.629491702166
11 46 50047.976690268413
11 47 47269.663945088832
11 48 45383.587866110443
11 49 42618.285036547008
11 50 40705.509789675642
11 51 37955.724046635871
11 52 36016.63199050822
11 53 33283.101808856445
11 54 31319.57696762617
11 55 28601.483381120965
11 56 26616.693782675491
11 57 23911.903590607249
11 58 21910.325315872586
11 59 19216.006405844259
11 60 17199.55632814936
11 61 14501.092223418291
11 62 12503.405602765364
11 63 10000
12 0 126411.27337333227
12 1 126411.27337333227
12 2 124441.28785654074
12 3 124433.4358051093
12 4 122261.60073222233
12 5 121990.94913671474
12 6 119744.01077093105
12 7 119307.5705481379
12 8 117034.64852384353
12 9 116423.14171876248
12 10 114152.12105773979
12 11 113359.72155214549
12 12 111114.27594081889
12 13 110137.96169373023
12 14 107937.89074469643
12 15 106777.92667890654
12 16 104638.53223174981
12 17 103298.31257207102
12 18 101230.16307467647
12 19 99716.030615566502
12 20 97724.983359518243
12 21 96045.966942542611
12 22 94133.432346826288
12 23 92300.909804376017
12 24 90464.311652644057
12 25 88491.604357542732
12 26 86724.986703403731
12 27 84626.899135969652
12 28 82921.628904281912
12 29 80713.95179115166
12 30 79059.4680319053
12 31 76758.466985437146
12 32 75143.032181016955
12 33 72764.944942953254
12 34 71176.360088755551
12 35 68736.924543668065
12 36 67163.177259390926
12 37 64677.209646650852
12 38 63107.032712595479
12 39 60588.071404551731
12 40 59011.397277766715
12 41 56471.422650996079
12 42 54879.727191902697
12 43 52328.963039409464
12 44 50715.498449893741
12 45 48162.295547981113
12 46 46522.218076319165
12 47 43973.016314392815
12 48 42303.418428920617
12 49 39762.780595835655
12 50 38062.64001305007
12 51 35533.348041832978
12 52 33803.407178861293
12 53 31286.610410613037
12 54 29529.20073811397
12 55 27024.605223767056
12 56 25243.417151883317
12 57 22749.506848603003
12 58 20949.525908887241
12 59 18464.056744330701
12 60 16648.727964633399
12 61 14161.103092106192
12 62 12356.213399091643
12 63 10000
13 0 116117.23980822199
13 1 116117.23980822199
13 2 114067.91601283978
13 3 113964.39972076239
13 4 111747.72266316402
13 5 111430.16485204986
13 6 109176.96100002395
13 7 108733.30717620622
13 8 106492.00711247753
13 9 105911.33282818917
13 10 103706.55282216807
13 11 102980.22806556136
13 12 100832.40776354464
13 13 99954.212545762566
13 14 97879.511262820699
13 15 96846.173058241751
13 16 94856.117324987761
13 17 93667.35222625747
13 18 91768.753197203303
13 19 90427.224583362316
13 20 88622.324602324807
13 21 87133.492263215987
13 22 85420.319595547524
13 23 83792.185721043192
13 24 82165.075869080159
13 25 80407.838263727797
13 26 78858.077263671017
13 27 76983.707264109049
13 28 75500.250764374185
13 29 73522.018274391958
13 30 72092.241777998468
13 31 70024.212772792496
13 32 68634.652381171996
13 33 66491.184930380638
13 34 65128.233699489385
13 35 62923.497155617661
13 36 61574.029159419821
13 37 59321.567993354416
13 38 57973.46979096422
13 39 55685.829112512969
13 40 54328.425975646336
13 41 52016.850600709884
13 42 50641.222080362
13 43 48315.435638537259
13 44 46914.621422594944
13 45 44582.686919927917
13 46 43151.789151518838
13 47 40820.047994633322
13 48 39356.240096924623
13 49 37029.323108032411
13 50 35531.77764268421
13 51 33212.679187023808
13 52 31682.428340840146
13 53 29372.633344408099
13 54 27812.376273804453
13 55 25512.029795915696
13 56 23925.89174747335
13 57 21634.00025774918
13 58 20027.384670860458
13 59 17742.193646496242
13 60 16119.945468613296
13 61 13834.654372647638
13 62 12214.910956755344
13 63 10000
14 0 106600.19780241547
14 1 106600.19780241547
14 2 104465.21993278812
14 3 104258.92046961919
14 4 101989.12217047818
14 5 101616.4101308785
14 6 99347.366360413711
14 7 98886.92923216449
14 8 96666.446965769748
14 9 96105.754878407199
14 10 93955.217531991788
14 11 93282.882441162306
14 12 91219.5736737267
14 13 90426.262646315488
14 14 88462.812334586997
14 15 87541.835756915461
14 16 85686.136392520304
14 17 84633.681934452397
14 18 82888.950682618233
14 19 81704.172500590459
14 20 80069.213185977031
14 21 78754.1838720019
14 22 77223.82381999983
14 23 75783.355335431464
14 24 74349.020437469429
14 25 72790.368885742573
14 26 71440.757110057617
14 27 69773.23300146703
14 28 68495.044970635237
14 29 66729.555305685164
14 30 65508.241748611043
14 31 63656.792698816796
14 32 62477.282004763198
14 33 60552.471144919982
14 34 59399.845433496128
14 35 57414.370570086532
14 36 56274.46508760671
14 37 54240.673101935274
14 38 53100.580797900955
14 39 51030.075074690889
14 40 49878.545361203302
14 41 47781.8648519009
14 42 46609.592318695839
14 43 44495.969633016357
14 44 43295.774476003942
14 45 41172.975081138735
14 46 39939.881901416506
14 47 37814.121912728428
14 48 36545.347169293622
14 49 34421.283596920774
14 50 33116.144297028572
14 51 30996.929105306979
14 52 29656.686280361922
14 53 27544.074178445182
14 54 26171.725056985499
14 55 24066.22520039427
14 56 22666.253022873709
14 57 20567.312117916474
14 58 19145.458026378434
14 59 17051.726201799625
14 60 15614.115360728705
14 61 13522.369857335787
14 62 12079.713429913301
14 63 10000
15 0 97825.596164305112
15 1 97825.596164305112
15 2 95598.986918101116
15 3 95284.407626271466
15 4 92953.928116816634
15 5 92519.463333518914
15 6 90225.769516741449
15 7 89740.589214201638
15 8 87530.882415824351
15 9 86980.873073621508
15 10 84873.353745881133
15 11 84244.414571754925
15 12 82253.298224141705
15 13 81533.067910933649
15 14 79667.572692166403
15 15 78846.063450324102
15 16 77110.591206756479
15 17 76180.609156946011
15 18 74574.944228255263
15 19 73532.30066134558
15 20 72051.978957176019
15 21 70895.536591369833
15 22 69532.356807418357
15 23 68263.917832220206
15 24 67006.563598484718
15 25 65630.619174929918
15 26 64465.35733347194
15 27 62988.724501939687
15 28 61900.142979353361
15 29 60331.519248403783
15 30 59303.268709961871
15 31 57652.736512165429
15 32 56668.242823501685
15 33 54946.755633424887
15 34 53989.874720376887
15 35 52208.75417904411
15 36 51264.346662661097
15 37 49434.815940908964
15 38 48489.225398874551
15 39 46621.998765248143
15 40 45663.424109506581
15 41 43768.366797657916
15 42 42787.125585096735
15 43 40872.992116184185
15 44 39861.677224014107
15 45 37935.930801876428
15 46 36889.46750052175
15 47 34958.178330435781
15 48 33873.792186469473
15 49 31941.608823655311
15 50 30818.71700537248
15 51 28888.902246714519
15 52 27728.941678455605
15 53 25803.462986503197
15 54 24609.668896837942
15 55 22689.333944314749
15 56 21466.481557671817
15 57 19551.104831723365
15 58 18305.204943471002
15 59 16393.767021007225
15 60 15132.116651694236
15 61 13224.760894344621
15 62 11950.905978240578
15 63 10000
16 0 89756.803380471829
16 1 89756.803380471829
16 2 87434.898271360449
16 3 87007.828859401823
16 4 84611.06580196468
16 5 84109.227891851886
16 6 81783.864756452225
16 7 81266.876137985731
16 8 79059.563740384387
16 9 78511.788535268963
16 10 76437.619892988514
16 11 75842.317409585186
16 12 73912.539157302526
16 13 73254.421318638895
16 14 71474.964960197904
16 15 70740.87455053239
16 16 69112.798479840552
16 17 68292.310653455628
16 18 66812.128885700964
16 19 65897.877201942669
16 20 64558.027973051205
16 21 63545.837433088775
16 22 62335.261611884227
16 23 61224.096874811301
16 24 60128.900969304261
16 25 58920.654612180027
16 26 57924.828756219053
16 27 56623.979965765153
16 28 55710.139236027411
16 29 54323.317170121714
16 30 53473.434750113403
16 31 52008.922112696833
16 32 51205.025025331743
16 33 49672.236398695575
16 34 48897.038439731252
16 35 47306.004898305429
16 36 46543.456561292609
16 37 44904.343477932125
16 38 44140.08456081793
16 39 42462.76382600642
16 40 41684.470542383911
16 41 39978.162200671155
16 42 39175.786515583895
16 43 37448.778611309572
16 44 36614.682784054552
16 45 34874.132462174297
16 46 34003.126103172181
16 47 32254.940090432108
16 48 31344.230233477065
16 49 29593.018972116464
16 50 28642.085661361623
16 51 26891.18270309288
16 52 25901.593389226342
16 53 24153.130056416794
16 54 23128.305942644623
16 55 21383.332170920858
16 56 20328.282849500483
16 57 18586.918722205657
16 58 17507.865420105063
16 59 15769.358925090535
16 60 14674.668537391524
16 61 12942.321078453206
16 62 11828.655054999523
16 63 10000
17 0 82362.284216893575
17 1 82362.284216893575
17 2 79941.789598966716
17 3 79399.659021801956
17 4 76931.760128911264
17 5 76358.572862643938
17 6 73995.309515001165
17 7 73441.02823240099
17 8 71228.502404704399
17 9 70676.007820133993
17 10 68626.290530266124
17 11 68056.274073212189
17 12 66177.750526074975
17 13 65572.100949248314
17 14 63867.54837916723
17 15 63210.070328034511
17 16 61677.354401761826
17 17 60954.544290251746
17 18 59587.070784396783
17 19 58788.550183948886
17 20 57575.825927089158
17 21 56694.553998620977
17 22 55622.825931247957
17 23 54655.101120766485
17 24 53708.054661368071
17 25 52653.336030044899
17 26 51812.828475840717
17 27 50673.411599868487
17 28 49920.213793586467
17 29 48700.799434230044
17 30 48015.318454053617
17 31 46722.512831664673
17 32 46085.46998580324
17 33 44727.25384558543
17 34 44120.29548611604
17 35 42705.495533112007
17 36 42111.718726611245
17 37 40649.509883298299
17 38 40053.890305141984
17 39 38553.351130683106
17 40 37943.066189878009
17 41 36412.803245444578
17 42 35777.44893316536
17 43 34225.299404949947
17 44 33557.004292592566
17 45 31989.820244865681
17 46 31283.264128802814
17 47 29706.776701756149
17 48 28959.124402502668
17 49 27377.882324157432
17 50 26588.645021273456
17 51 25006.019078896206
17 52 24176.856292145771
17 53 22595.099743990242
17 54 21729.574680995767
17 55 20149.930783388438
17 56 19253.238791091007
17 57 17676.078663143697
17 58 16754.602154736189
17 59 15179.386417973565
17 60 14242.469361137661
17 61 12675.454234348035
17 62 11713.184953321519
17 63 10000
18 0 75608.641265896949
18 1 75608.641265896949
18 2 73088.554122897302
18 3 72430.082750438145
18 4 69888.119913396265
18 5 69240.58957074114
18 6 66834.935995421241
18 7 66238.76982202036
18 8 64015.014075400701
18 9 63451.683291334164
18 10 61418.984355738285
18 11 60866.70936376421
18 12 59030.710851975193
18 13 58468.676989063802
18 14 56829.144271891659
18 15 56238.259628385575
18 16 54790.023743805905
18 17 54153.863104886754
18 18 52887.388875990589
18 19 52192.727879079801
18 20 51094.760455139149
18 21 50331.860901278662
18 22 49386.119349065331
18 23 48548.778571905219
18 24 47736.684503822915
18 25 46822.084947950963
18 26 46123.50740630518
18 27 45131.905984549812
18 28 44525.900686661967
18 29 43460.200050161111
18 30 42925.719895953902
18 31 41790.963649960897
18 32 41307.51819175596
18 33 40110.349765303319
18 34 39658.59387496311
18 35 38406.714538403146
18 36 37968.950391109604
18 37 36670.606279571512
18 38 36231.187540301216
18 39 34894.709010011298
18 40 34440.341272167687
18 41 33073.751036800706
18 42 32593.687657849878
18 43 31204.387434427277
18 44 30690.524539104081
18 45 29285.063818779974
18 46 28731.942080779372
18 47 27315.867461599908
18 48 26720.591121659083
18 49 25298.370617800058
18 50 24660.455962036522
18 51 23235.469932201624
18 52 22556.63613006481
18 53 21131.224751004753
18 54 20415.139343991345
18 55 18990.698015191083
18 56 18242.699991310834
18 57 16819.804740999345
18 58 16046.395229321604
18 59 14624.673603123265
18 60 13836.085533874926
18 61 12424.548000552397
18 62 11604.623788439352
18 63 10000
19 0 69467.637547703998
19 1 69467.637547703998
19 2 66847.33713106568
19 3 66072.838442305685
19 4 63454.628241130027
19 5 62731.338692803918
19 6 60279.579955678179
19 7 59638.434003833863
19 8 57398.18300470445
19 9 56819.294198929361
19 10 54796.915391606184
19 11 54256.129809143553
19 12 52454.651853669493
19 13 51928.574992254376
19 14 50344.900836839217
19 15 49811.691093755799
19 16 48437.779386268186
19 17 47878.251889483312
19 18 46701.794521844051
19 19 46100.048975228099
19 20 45105.196674230421
19 21 44448.968980466962
19 22 43617.07386478343
19 23 42897.827517619349
19 24 42208.197584727917
19 25 41420.996907831315
19 26 40851.64920202714
19 27 39994.858664024796
19 28 39523.254031503857
19 29 38598.10964307627
19 30 38201.849982734697
19 31 37211.947898129874
19 32 36869.416857355449
19 33 35820.161276168248
19 34 35511.091170372558
19 35 34409.138810922719
19 36 34115.089797809786
19 37 32967.822069405702
19 38 32672.563829754952
19 39 31487.610893997295
19 40 31177.401779411528
19 41 29962.235500077495
19 42 29625.998837793115
19 43 28387.604673371923
19 44 28017.006261355004
19 45 26761.637881469382
19 46 26351.072339586506
19 47 25084.087464189812
19 48 24630.583810481596
19 49 23356.355684298178
19 50 22859.414179144329
19 51 21581.310285863081
19 52 21042.68321993895
19 53 19763.101084236849
19 54 19186.529379315649
19 55 17906.981013584267
19 56 17297.9125781246
19 57 16019.138628657051
19 58 15384.158926651304
19 59 14105.914455075714
19 60 13456.064621618405
19 61 12189.917125987555
19 62 11503.145612879394
19 63 10000
20 0 63909.482043540535
20 1 63909.482043540535
20 2 61190.533367243501
20 3 60301.5661461973
20 4 57606.747364375726
20 5 56807.227996371956
20 6 54307.281008125559
20 7 53618.913227337267
20 8 51358.3747010835
20 9 50759.997561455035
20 10 48742.578757429575
20 11 48207.783110713768
20 12 46434.037455488709
20 13 45936.987446131017
20 14 44401.116558978334
20 15 43917.377798461508
20 16 42608.639826033555
20 17 42116.435146177151
20 18 41019.92486760459
20 19 40500.849381172309
20 20 39598.296491357811
20 21 39037.72968248518
20 22 38308.285037081288
20 23 37695.519328900067
20 24 37116.531208436936
20 25 36444.665081223007
20 26 35992.437758977983
20 27 35258.082284092729
20 28 34908.60450859616
20 29 34111.453079368577
20 30 33841.08123652052
20 31 32983.390575831254
20 32 32769.470554391999
20 33 31855.497337096469
20 34 31676.910242875721
20 35 30712.342239652655
20 36 30549.961734540891
20 37 29541.375742807628
20 38 29378.428479353101
20 39 28332.799980684249
20 40 28155.124879774245
20 41 27079.40688002047
20 42 26875.613388397887
20 43 25776.39474274364
20 44 25537.924291556643
20 45 24421.171402106702
20 46 24142.269734289512
20 47 23013.150137023975
20 48 22690.760749170408
20 49 21553.542968964619
20 50 21187.133509596348
20 51 20045.154727564426
20 52 19636.488795432844
20 53 18492.180087348643
20 54 18045.045886437441
20 55 16900.006728101773
20 56 16419.931329597523
20 57 15275.033533837821
20 58 14768.657491871512
20 59 13623.751512484629
20 60 13102.846815997134
20 61 11971.861929116114
20 62 11408.847673425356
20 63 10000
21 0 58909.47448883859
21 1 58909.47448883859
21 2 56093.816617463766
21 3 55093.428604095447
21 4 52322.347380355124
21 5 51447.585127264021
21 6 48898.096548175017
21 7 48161.632847426095
21 8 45877.715027957267
21 9 45257.177605601362
21 10 43240.036067850924
21 11 42706.880603398764
21 12 40954.739041726396
21 13 40480.832025481533
21 14 38985.35835296903
21 15 38543.836558630173
21 16 37291.764591322157
21 17 36858.43282760588
21 18 35832.437482907466
21 19 35386.56373724711
21 20 34566.125729080464
21 21 34090.907694859772
21 22 33453.138642887119
21 23 32935.864681319494
21 24 32456.301687533451
21 25 31888.260221062326
21 26 31541.627611189964
21 27 30917.818348435394
21 28 30678.748724950219
21 29 29997.449136049247
21 30 29841.152169788023
21 31 29103.390095365699
21 32 29006.255956103301
21 33 28215.234776828787
21 34 28155.359527476583
21 35 27315.876292432484
21 36 27273.498602874577
21 37 26391.388393523579
21 38 26349.230124514961
21 39 25430.862234873643
21 40 25374.369316280114
21 41 24426.213073583003
21 42 24343.697177053662
21 43 23371.9678828578
21 44 23254.653240376811
21 45 22265.042172549598
21 46 22107.02517398163
21 47 21104.512144628996
21 48 20902.643817159729
21 49 19891.386603228268
21 50 19645.089607125294
21 51 18628.381718659577
21 52 18339.414073534615
21 53 17319.700520730446
21 54 16991.877126941941
21 55 15970.819994035353
21 56 15609.723311867489
21 57 14588.296533211767
21 58 14200.599437131292
21 59 13178.721490249798
21 60 12776.855292215219
21 61 11770.624229967218
21 62 11321.863031104855
21 63 10000
22 0 54441.75460606144
22 1 54441.75460606144
22 2 51533.329758529435
22 3 50425.720213541048
22 4 47580.381253837557
22 5 46632.234791333089
22 6 44033.323033169378
22 7 43248.671033061146
22 8 40939.596469622426
22 9 40294.946312089422
22 10 38274.5789226872
22 11 37739.39110846111
22 12 36003.783620050068
22 13 35547.784111397646
22 14 34086.25068580464
22 15 33680.320715952679
22 16 32477.257766793431
22 17 32094.963796053191
22 18 31130.812801001135
22 19 30749.275087704176
22 20 30001.447461501066
22 21 29601.855594312041
22 22 29045.592013990765
22 23 28613.394180783162
22 24 28222.574252968639
22 25 27747.400015430456
22 26 27495.305225770229
22 27 26970.67957616879
22 28 26830.706001185055
22 29 26253.611581891222
22 30 26199.924240206663
22 31 25570.265236997919
22 32 25578.383650557971
22 33 24898.399713179431
22 34 24945.703995663549
22 35 24219.375932641189
22 36 24285.524178963675
22 37 23518.00559570589
22 38 23585.256070266725
22 39 22782.357076942972
22 40 22835.792198071635
22 41 22003.533306561989
22 42 22031.186214277841
22 43 21175.433028179476
22 44 21168.321164718407
22 45 20294.503818322897
22 46 20246.577087777128
22 47 19359.492882159026
22 48 19267.5063331114
22 49 18371.199809077771
22 50 18234.522263170056
22 51 17332.234088441794
22 52 17152.604703787096
22 53 16246.778937018644
22 54 16028.022400134854
22 55 15120.364030889095
22 56 14868.098148621561
22 57 13959.659646561719
22 58 13680.570686967789
22 59 12771.316953869315
22 60 12478.426463514323
22 61 11586.432774281613
22 62 11242.264238718091
22 63 10000
23 0 50485.354016757803
23 1 50485.354016757803
23 2 47488.452009288478
23 3 46279.15273700242
23 4 43362.202306482366
23 5 42343.821503731364
23 6 39696.261662638135
23 7 38864.529190928617
23 8 36529.145940405913
23 9 35859.522848113476
23 10 33833.025947753667
23 11 33293.119554488185
23 12 31569.55448915514
23 13 31127.113396794928
23 14 29693.626403199691
23 15 29317.457477100364
23 16 28156.298602279578
23 17 27817.917500102485
23 18 26907.482972330934
23 19 26582.048797345025
23 20 25897.859864212794
23 21 25564.734022798461
23 22 25080.326211831489
23 23 24723.285907419326
23 24 24411.031085416194
23 25 24018.202706709813
23 26 23850.071835175564
23 27 23413.646156928131
23 28 23361.913283971127
23 29 22877.702603169579
23 30 22915.585165381235
23 31 22382.478314355554
23 32 22484.70576376584
23 33 21904.071108269178
23 34 22047.372980013548
23 35 21422.452354490753
23 36 21585.957809630228
23 37 20921.286335168032
23 38 21086.829500514214
23 39 20387.70786778965
23 40 20540.036453464676
23 41 19812.074017596784
23 42 19938.962225512318
23 43 19187.701592332181
23 44 19279.971786008788
23 45 18510.598827530652
23 46 18562.059444953615
23 47 17779.197123704798
23 48 17786.506614679456
23 49 16994.086766257813
23 50 16956.554771746156
23 51 16157.759129021668
23 52 16077.096679238148
23 53 15274.35660266742
23 54 15154.385684463152
23 55 14349.432570646259
23 56 14195.791042049163
23 57 13389.735582704918
23 58 13209.109266820702
23 59 12401.944726846395
23 60 12207.880844394267
23 61 11419.469637480073
23 62 11170.150947976963
23 63 10000
24 0 47018.617301695587
24 1 47018.617301695587
24 2 43939.278075544455
24 3 42634.835363083614
24 4 39650.360520547605
24 5 38565.660875515816
24 6 35871.496368853994
24 7 34994.474446731423
24 8 32632.752986098239
24 9 31937.921443323015
24 10 29903.388693236971
24 11 29356.660879685314
24 12 27641.531509441025
24 13 27208.853506001567
24 14 25798.303686164898
24 15 25446.597456065996
24 16 24320.932657634694
24 17 24019.855623730378
24 18 23155.624414326321
24 19 22878.563238969509
24 20 22249.583847710881
24 21 21974.25142792473
24 22 21552.526762702135
24 23 21261.19644625772
24 24 21017.746025128334
24 25 20697.19344152062
24 26 20602.814760359521
24 27 20244.033038744721
24 28 20269.99666862101
24 29 19867.74815233464
24 30 19986.424563969376
24 31 19538.68717695857
24 32 19724.09951689445
24 33 19231.459466318389
24 34 19459.755004734398
24 35 18924.78983647393
24 36 19174.623226502539
24 37 18601.310849121943
24 38 18854.13422657198
24 39 18247.314864594056
24 40 18487.572667935805
24 41 17852.48226663252
24 42 18067.711960832497
24 43 17409.597763720594
24 44 17590.440946414928
24 45 16914.263145823345
24 46 17054.394418489595
24 47 16364.612180708691
24 48 16460.595402096049
24 49 15761.031323530711
24 50 15812.11426536438
24 51 15105.888450346782
24 52 15113.747432965483
24 53 14403.270565438514
24 54 14371.715108865768
24 55 13658.732548325141
24 56 13593.408013915167
24 57 12879.072615179139
24 58 12786.653366076054
24 59 12070.97316451691
24 60 11965.469257127213
24 61 11269.904768737943
24 62 11105.575911517419
24 63 10000
25 0 44024.464459548828
25 1 44024.464459548828
25 2 40869.032705965386
25 3 39477.12349523243
25 4 36429.762262274489
25 5 35283.745056535729
25 6 32545.57929022047
25 7 31626.060101217849
25 8 29238.501012847635
25 9 28519.128538954745
25 10 26475.158082830119
25 11 25920.313597901437
25 12 24210.496237904827
25 13 23784.504319285195
25 14 22392.249070073576
25 15 22060.344035464866
25 16 20964.217258239405
25 17 20694.398672879746
25 18 19869.300671952791
25 19 19633.378670056467
25 20 19051.611748096351
25 21 18825.836726838788
25 22 18458.042072620225
25 23 18223.356101595182
25 24 18039.353498259446
25 25 17781.338510612117
25 26 17750.885581201917
25 27 17459.4776168102
25 28 17552.956284656902
25 29 17221.991587200879
25 30 17411.022364485751
25 31 17037.675463821761
25 32 17295.6557510356
25 33 16879.822604395198
25 34 17182.383126470435
25 35 16726.054257673874
25 36 17051.427732191809
25 37 16558.087550290296
25 38 16887.385216268372
25 39 16361.464780317925
25 40 16678.858994958868
25 41 16125.260873978481
25 42 16418.075089171019
25 43 15841.781050409681
25 44 16100.491636033501
25 45 15506.257007899772
25 46 15724.414202342434
25 47 15116.547127897906
25 48 15290.624577431137
25 49 14672.844120215115
25 50 14802.027845474488
25 51 14177.392047956453
25 52 14263.320235432013
25 53 13634.213416275263
25 54 13680.676787556771
25 55 13048.848153587825
25 56 13061.490676329317
25 57 12428.121558735824
25 58 12413.599004255149
25 59 11778.701189774776
25 60 11751.427035063594
25 61 11137.871033675172
25 62 11048.61145164066
25 63 10000
26 0 41485.66938747526
26 1 41485.66938747526
26 2 38261.926025732959
26 3 36791.067077411033
26 4 33686.634780749278
26 5 32484.933281115271
26 6 29706.398979670055
26 7 28747.736470993019
26 8 26335.744551137239
26 9 25593.009719802267
26 10 23538.996624681749
26 11 22975.214658468529
26 12 21268.286526627609
26 13 20846.351120485066
26 14 19468.363472014076
26 15 19152.025462998809
26 16 18080.020731955421
26 17 17835.826516650854
26 18 17043.2647307601
26 19 16841.645858221134
26 20 16299.507897779091
26 21 16115.438415947603
26 22 15793.180944740892
26 23 15606.442935792416
26 24 15472.843920349043
26 25 15267.980443991257
26 26 15291.895703230035
26 27 15057.923517851792
26 28 15208.964967065462
26 29 14938.91519800403
26 30 15188.05369060544
26 31 14878.402299912244
26 32 15198.492948445133
26 33 14848.535277418676
26 34 15214.760585474305
26 35 14825.975693084023
26 36 15216.201401363356
26 37 14791.642850527063
26 38 15186.68262176905
26 39 14730.423224765691
26 40 15114.21063546092
26 41 14630.859898731142
26 42 14990.529139185208
26 43 14484.834135229747
26 44 14810.713857093717
26 45 14287.247310525403
26 46 14572.774799073501
26 47 14035.708519176756
26 48 14277.273506065685
26 49 13730.231039257706
26 50 13926.959828642419
26 51 13372.939348788772
26 52 13526.43049439786
26 53 12967.787140716362
26 54 13081.808175805876
26 55 12520.287949515496
26 56 12600.474509120035
26 57 12037.276719899695
26 58 12090.260863377996
26 59 11525.393363934934
26 60 11565.933753736605
26 61 11023.489673042779
26 62 10999.294316413037
26 63 10000
27 0 39389.161569986063
27 1 39389.161569986063
27 2 36105.135395407611
27 3 34564.734552701877
27 4 31409.486175229078
27 5 30158.582472985399
27 6 27343.75625965395
27 7 26350.081959115883
27 8 23915.480215752221
27 9 23151.257999121841
27 10 21086.993210995763
27 11 20514.071003977922
27 12 18807.986214818342
27 13 18388.023033817739
27 14 17020.637981831947
27 15 16716.112189084648
27 16 15663.163580359804
27 17 15439.379928748189
27 18 14673.097103933704
27 19 14499.312820029922
27 20 13989.549930151094
27 21 13839.654452817913
27 22 13554.859829283479
27 23 13407.651370242962
27 24 13315.717213821323
27 25 13154.858906190757
27 26 13223.874917436719
27 27 13037.605569516696
27 28 13236.529724509972
27 29 13017.199359264083
27 30 13316.450671365781
27 31 13059.94415812716
27 32 13431.916733772337
27 33 13137.020782626905
27 34 13556.515506661382
27 35 13224.275392343538
27 36 13668.844810886541
27 37 13301.947854945882
27 38 13752.15078192219
27 39 13354.36429096515
27 40 13793.92881008541
27 41 13369.611268875487
27 42 13785.507594964216
27 43 13339.203821975487
27 44 13721.631426422602
27 45 13257.755416043279
27 46 13600.051498573841
27 47 13122.655002476287
27 48 13421.133496228715
27 49 12933.754135525711
27 50 13187.485774910114
27 51 12693.065627056811
27 52 12903.610179306599
27 53 12404.473983044412
27 54 12575.573929548855
27 55 12073.459045324955
27 56 12210.737413722909
27 57 11706.852278805734
27 58 11816.915113332794
27 59 11311.25775563018
27 60 11409.15312948855
27 61 10926.852476483871
27 62 10957.674208859084
27 63 10000
28 0 37722.318654194249
28 1 37722.318654194249
28 2 34387.111404921714
28 3 32787.210870302268
28 4 29588.278766415497
28 5 28295.13109859539
28 6 25448.852209773533
28 7 24424.71975796781
28 8 21969.997327615234
28 9 21186.545334260005
28 10 19112.403230335072
28 11 18530.491750233025
28 12 16823.714137748098
28 13 16403.970936254598
28 14 15043.968053836561
28 15 14747.815254185613
28 16 13709.244053172666
28 17 13500.959614805062
28 18 12755.035240380454
28 19 12602.907990104031
28 20 12118.558541246017
28 21 11995.585335656213
28 22 11740.432106066117
28 23 11624.602655604009
28 24 11565.812441766881
28 25 11440.067464775011
28 26 11545.103170425438
28 27 11397.043057395258
28 28 11634.327870023542
28 29 11455.743671620454
28 30 11795.24522213043
28 31 11581.536437934226
28 32 11995.271399685495
28 33 11744.806635685994
28 34 12207.262898541921
28 35 11920.73026719028
28 36 12409.202777823182
28 37 12088.987359611732
28 38 12583.824463444627
28 39 12233.440665278589
28 40 12718.199772356638
28 41 12341.797417052298
28 42 12803.311493106539
28 43 12405.266322093084
28 44 12833.625571008106
28 45 12418.217826505188
28 46 12806.673560582685
28 47 12377.85263010073
28 48 12722.65240433651
28 49 12283.881249622289
28 50 12584.045668426093
28 51 12138.215921219602
28 52 12395.268105047859
28 53 11944.674918252109
28 54 12162.331735416727
28 55 11708.700546090731
28 56 11892.569454829369
28 57 11437.111204739065
28 58 11593.771281717638
28 59 11136.470604294678
28 60 11281.204322009895
28 61 10848.039601930812
28 62 10923.774702451623
28 63 10000
29 0 36476.167686299195
29 1 36476.167686299195
29 2 33099.060960577299
29 3 31450.325415685958
29 4 28215.154159037793
29 5 26887.308820937113
29 6 24014.72939737414
29 7 22965.22838426445
29 8 20493.168203302401
29 9 19693.221453759179
29 10 17609.85344832093
29 11 17019.524986729579
29 12 15310.781076189545
29 13 14889.875165131736
29 14 13534.285248672441
29 15 13243.389160133473
29 16 12214.758572926658
29 17 12017.343435971816
29 18 11286.090820173809
29 19 11149.687703079624
29 20 10684.016023880171
29 21 10580.925401667992
29 22 10347.809646278458
29 23 10255.39170174595
29 24 10221.432478395465
29 25 10122.066103084184
29 26 10254.237351208682
29 27 10135.026668872735
29 28 10401.334326714164
29 29 10253.635785404111
29 30 10623.695011585402
29 31 10442.530398135761
29 32 10888.062664621953
29 33 10671.474700178031
29 34 11166.722488064603
29 35 10915.120247168117
29 36 11437.175821688219
29 37 11152.707499005774
29 38 11681.752822684117
29 39 11367.733772471973
29 40 11887.190483273258
29 41 11547.605380931276
29 42 12044.196356724373
29 43 11683.286134887825
29 44 12147.012974464389
29 45 11768.950148315862
29 46 12192.993495175884
29 47 11801.643800796228
29 48 12182.195497651621
29 49 11780.959509159624
29 50 12116.996896779267
29 51 11708.722454738352
29 52 12001.735714837923
29 53 11588.690212433528
29 54 11842.371715837828
29 55 11426.266411461176
29 56 11646.206843001699
29 57 11228.249606384157
29 58 11421.001973744074
29 59 11001.161619802017
29 60 11182.189382395616
29 61 10787.107708925047
29 62 10897.626333507371
29 63 10000
30 0 35642.814039300669
30 1 35642.814039300669
30 2 32233.762722453597
30 3 30547.262835518733
30 4 27283.847948421731
30 5 25929.155203400489
30 6 23035.90354070982
30 7 21966.392740672632
30 8 19480.191980409014
30 9 18666.729040440914
30 10 16575.147754573918
30 11 15977.199194236739
30 12 14265.52967760725
30 13 13842.288584364323
30 14 12488.415219776338
30 15 12199.858718053047
30 16 11176.968487652575
30 17 10985.982965792604
30 18 10263.920244646317
30 19 10137.490748740805
30 20 9683.9382240657324
30 21 9593.8652984974833
30 22 9375.3357383705879
30 23 9298.5286299494073
30 24 9281.2185031950648
30 25 9199.6540656118195
30 26 9350.1885635241997
30 27 9250.6157873345874
30 28 9536.7031497220414
30 29 9410.1671832665907
30 30 9801.1707171375783
30 31 9642.4223085216217
30 32 10109.851987121097
30 33 9916.6993884566728
30 34 10434.621152670356
30 35 10207.271962239567
30 36 10752.63144842759
30 37 10493.062039142449
30 38 11045.919932223043
30 39 10757.300439995062
30 40 11300.978438720818
30 41 10987.172160376153
30 42 11508.311080593525
30 43 11173.458906142478
30 44 11661.993220308119
30 45 11310.186673719971
30 46 11759.242358545696
30 47 11394.283127152994
30 48 11800.00774255682
30 49 11425.247319977909
30 50 11786.582564080478
30 51 11404.832804082203
30 52 11723.240382066468
30 53 11336.743980796389
30 54 11615.893641312592
30 55 11226.346723297946
30 56 11471.811940402391
30 57 11080.415066304235
30 58 11298.72446860598
30 59 10905.429603253475
30 60 11112.174653539476
30 61 10744.101227152722
30 62 10879.241469241224
30 63 10000
31 0 35217.439084541656
31 1 35217.439084541656
31 2 31786.502093222967
31 3 30073.64268366648
31 4 26790.153359475087
31 5 25416.774868884891
31 6 22508.651015628016
31 7 21424.771728062551
31 8 18927.788498161593
31 9 18104.038555782023
31 10 16005.407954377577
31 11 15400.85652926211
31 12 13685.44523397923
31 13 13258.889116944985
31 14 11904.172383869623
31 15 11615.206175717272
31 16 10593.987069756671
31 17 10405.137361053206
31 18 9686.908885941375
31 19 9564.8290470763641
31 20 9116.9586266649458
31 21 9033.1480181267598
31 22 8821.8700327015722
31 23 8752.9675304357552
31 24 8744.235805844266
31 25 8671.9776911615227
31 26 8832.2081624584371
31 27 8743.1308458527565
31 28 9039.8528234061996
31 29 8924.8146623379143
31 30 9327.2394775395842
31 31 9180.8278883362909
31 32 9660.3370827476501
31 33 9480.218159352251
31 34 10010.769523623785
31 35 9797.027736099908
31 36 10355.476036057076
31 37 10109.981701040288
31 38 10676.311348729425
31 39 10402.143853881735
31 40 10959.612530624046
31 41 10660.558149100616
31 42 11195.752899085872
31 43 10875.887794116756
31 44 11378.697862230059
31 45 11042.059827031135
31 46 11505.57307802172
31 47 11155.919863042787
31 48 11576.251665517182
31 49 11216.899493002549
31 50 11592.964272492311
31 51 11226.697315294434
31 52 11559.933579121567
31 53 11188.973405322498
31 54 11483.031022673349
31 55 11109.058183250876
31 56 11369.493884936839
31 57 10993.697920720384
31 58 11227.01859684456
31 59 10849.334169847662
31 60 11071.207106659744
31 61 10719.045611889707
31 62 10868.633762755249
31 63 10000
32 0 35196.94911105583
32 1 35196.94911105583
32 2 31754.436748248529
32 3 30026.786027813392
32 4 26731.599938846375
32 5 25347.819097242937
32 6 22430.801033316129
32 7 21338.302700848009
32 8 18834.049419248815
32 9 18003.339643874442
32 10 15898.957793368711
32 11 15288.911121639943
32 12 13569.058282859845
32 13 13138.291844587668
32 14 11780.272818092835
32 15 11488.22756194714
32 16 10464.697952068533
32 17 10273.766406141607
32 18 9554.0925020560335
32 19 9430.8111156631057
32 20 8982.251598007535
32 21 8898.0173955987302
32 22 8686.7133570597071
32 23 8618.0752855076498
32 24 8609.9004657423829
32 25 8538.515432122078
32 26 8699.816885699227
32 27 8612.150934582949
32 28 8910.3985502579308
32 29 8797.2474067463845
32 30 9201.6010388232244
32 31 9057.4961792182548
32 32 9539.2925349515572
32 33 9361.8499586114121
32 34 9895.0075267403554
32 35 9684.2667641372245
32 36 10245.605600706462
32 37 10003.396615787193
32 38 10572.870224225033
32 39 10302.236162975951
32 40 10863.074456070466
32 41 10567.769052723152
32 42 11106.533896708595
32 43 10790.604117579893
32 44 11297.161715437025
32 45 10964.619170256725
32 46 11432.036105865529
32 47 11086.615067507171
32 48 11510.986880521488
32 49 11155.982505103873
32 50 11536.204987977204
32 51 11174.382507215212
32 52 11511.876519182806
32 53 11145.440404224764
32 54 11443.838952647682
32 55 11074.454223709114
32 56 11339.29804249818
32 57 10968.140004459239
32 58 11205.917176738318
32 59 10832.903249721268
32 60 11059.304846618285
32 61 10711.952792078111
32 62 10865.805555597712
32 63 10000
33 0 35580.706429535487
33 1 35580.706429535487
33 2 32136.953043767327
33 3 30406.115060776101
33 4 27107.639234108909
33 5 25721.766290034415
33 6 22801.85738718852
33 7 21706.512835202346
33 8 19198.525698553411
33 9 18364.20345072095
33 10 16255.39061146094
33 11 15640.973874731739
33 12 13916.00063056432
33 13 13480.144008431118
33 14 12116.3835528278
33 15 11818.603608850499
33 16 10788.800645119754
33 17 10591.581890035233
33 18 9865.2006949308452
33 19 9735.1776489480453
33 20 9279.5746863292934
33 21 9188.2410649559642
33 22 8969.6492236174745
33 23 8893.6446203562336
33 24 8878.0200841982223
33 25 8799.0833294543081
33 26 8952.8446218042191
33 27 8857.5136821975066
33 28 9148.1907581518499
33 29 9027.3229401345943
33 30 9424.1246662447666
33 31 9272.3029399824882
33 32 9746.6047902255323
33 33 9561.4871572897446
33 34 10087.237183872487
33 35 9868.8964515191328
33 36 10422.936191314457
33 37 10173.227698938092
33 38 10735.525152459868
33 39 10457.510334452974
33 40 11011.303946178094
33 41 10708.748506429629
33 42 11240.603617862813
33 43 10917.56088089824
33 44 11417.342904650504
33 45 11077.825871525019
33 46 11538.597012460577
33 47 11186.336968135576
33 48 11604.185373485911
33 49 11242.470646706846
33 50 11616.282191884671
33 51 11247.86784979294
33 52 11579.051373744438
33 53 11206.128861676665
33 54 11498.303606472782
33 55 11122.522499807859
33 56 11381.214027919312
33 57 11003.732225285883
33 58 11235.412827856966
33 59 10856.13062105628
33 60 11076.463157233327
33 61 10722.819040396942
33 62 10870.754793375263
33 63 10000
34 0 36370.440510470318
34 1 36370.440510470318
34 2 32935.602473105857
34 3 31213.097051661163
34 4 27919.59919769437
34 5 26539.880392776846
34 6 23622.95995482181
34 7 22530.486307865467
34 8 20022.193432901651
34 9 19187.55627711337
34 10 17075.538339345021
34 11 16457.831182067432
34 12 14726.976866883568
34 13 14285.107788191064
34 14 12913.096255089444
34 15 12606.885823262524
34 16 11566.786187334414
34 17 11359.036350311639
34 18 10620.634406033718
34 19 10478.292424588868
34 20 10009.247884326476
34 21 9904.1031039281661
34 22 9670.9248001012693
34 23 9579.8881335647548
34 24 9548.7764121547734
34 25 9453.8301376532909
34 26 9591.4146406406253
34 27 9479.3112369414612
34 28 9753.3008728859459
34 29 9615.0837705458835
34 30 9994.8363900177701
34 31 9825.2478030896891
34 32 10282.260799255349
34 33 10079.093101993651
34 34 10587.412564182901
34 35 10350.850268163926
34 36 10887.395059606741
34 37 10619.38474546356
34 38 11164.182462509189
34 39 10867.858443421992
34 40 11404.192086769279
34 41 11083.376529575455
34 42 11597.843318670039
34 43 11256.631376023204
34 44 11739.117954043852
34 45 11381.551446167559
34 46 11825.132325512106
34 47 11454.959839594601
34 48 11855.728007534053
34 49 11476.245041106196
34 50 11833.084975578244
34 51 11447.044930993057
34 52 11761.358886597291
34 53 11370.94395165706
34 54 11646.340312116965
34 55 11253.184381104664
34 56 11495.174174262791
34 57 11100.414234821266
34 58 11315.45678585699
34 59 10918.975767771877
34 60 11122.653596878499
34 61 10751.624976250287
34 62 10883.47422971682
34 63 10000
35 0 37569.69170336402
35 1 37569.69170336402
35 2 34153.869122196411
35 3 32450.953564920008
35 4 29170.586179804988
35 5 27805.01022329304
35 6 24896.836429052204
35 7 23812.715297922212
35 8 21307.431318660419
35 9 20475.566884546581
35 10 18361.46272498172
35 11 17741.359905665584
35 12 16003.762502162621
35 13 15554.797284592125
35 14 14171.928118170932
35 15 13854.45132119242
35 16 12799.938260724244
35 17 12577.29247951487
35 18 11821.465794970949
35 19 11661.123557240391
35 20 11172.151525493744
35 21 11046.394802894734
35 22 10791.24656704243
35 23 10677.436555143628
35 24 10622.718837037537
35 25 10503.241306315187
35 26 10615.935183552174
35 27 10477.898442101765
35 28 10726.011401516093
35 29 10560.768451046766
35 30 10913.908020864252
35 31 10716.467121245543
35 32 11146.336405219772
35 33 10914.715846417665
35 34 11395.527953461697
35 35 11130.101649438315
35 36 11638.908965351664
35 37 11341.779953514928
35 38 11858.714949994774
35 39 11533.144425923081
35 40 12041.570696258557
35 41 11691.481246800573
35 42 12178.056144303333
35 43 11807.619723329532
35 44 12262.272853840112
35 45 11875.587061299697
35 46 12291.421520120803
35 47 11892.272089238486
35 48 12265.397423116508
35 49 11857.100583514788
35 50 12186.407797656077
35 51 11771.723360811391
35 52 12058.612902529841
35 53 11639.717142730166
35 54 11887.788736739716
35 55 11466.299203543425
35 56 11681.049235332102
35 57 11258.078067892824
35 58 11445.954941492146
35 59 11021.367002213257
35 60 11197.820054215508
35 61 10798.337868186831
35 62 10903.94620310418
35 63 10000
36 0 39184.984080237868
36 1 39184.984080237868
36 2 35797.677239227203
36 3 34125.281357544307
36 4 30865.7152924578
36 5 29522.024283499031
36 6 26627.93343618475
36 7 25557.429440364518
36 8 23058.101541805954
36 9 22231.901946938036
36 10 20116.509614859857
36 11 19494.726073045516
36 12 17749.244694301393
36 13 17291.93156239979
36 14 15895.356604334263
36 15 15563.618243134599
36 16 14490.366294867705
36 17 14248.307225292605
36 18 13469.472017191631
36 19 13285.301544800464
36 20 12769.76172800516
36 21 12616.451203082683
36 22 12331.817565975392
36 23 12187.357778720587
36 24 12100.803041969488
36 25 11948.144050271892
36 26 12027.138841592521
36 27 11853.88707215772
36 28 12066.855206799923
36 29 11864.797716286861
36 30 12181.695488483652
36 31 11946.214359902027
36 32 12339.032987839213
36 33 12068.464791564296
36 34 12511.652173098855
36 35 12206.638531038083
36 36 12677.435696858265
36 37 12340.301679553726
36 38 12818.990293120181
36 39 12453.17808712809
36 40 12923.23749501619
36 41 12532.813921232246
36 42 12980.989059169289
36 43 12570.237474882906
36 44 12986.521887940653
36 45 12559.622061954338
36 46 12937.162985748797
36 47 12497.956899952951
36 48 12832.89146771764
36 49 12384.728766999287
36 50 12675.961758455764
36 51 12221.615747464577
36 52 12470.549908866617
36 53 12012.193218551656
36 54 12222.421144454464
36 55 11761.6531804064
36 56 11938.655833499775
36 57 11476.558774221678
36 58 11626.774996530645
36 59 11163.193710490033
36 60 11301.886395517562
36 61 10862.906215179015
36 62 10932.153590311944
36 63 10000
37 0 41224.003726557494
37 1 41224.003726557494
37 2 37874.579860247541
37 3 36243.082465832085
37 4 33011.734053504413
37 5 31697.136343870316
37 6 28822.202000143363
37 7 27770.091529650781
37 8 25279.420242058979
37 9 24461.341767714799
37 10 22345.22642681389
37 11 21722.092234759504
37 12 19967.365014109153
37 13 19500.114892995531
37 14 18086.774366068392
37 15 17737.485090333874
37 16 16640.964557919695
37 17 16374.719316171366
37 18 15567.093831060192
37 19 15353.045942406021
37 20 14804.106098711383
37 21 14616.109206869278
37 22 14294.289289542234
37 23 14111.139739584283
37 24 13984.339168449889
37 25 13789.709214148019
37 26 13826.027700883824
37 27 13608.161700816627
37 28 13776.558693123288
37 29 13527.800112241661
37 30 13798.681270251962
37 31 13514.891943872379
37 32 13860.620335866981
37 33 13540.545857915029
37 34 13935.872996354643
37 35 13580.499560909346
37 36 14002.910967305408
37 37 13614.849955926438
37 38 14044.82116869283
37 39 13627.748681370758
37 40 14048.909973328973
37 41 13607.079780559239
37 42 14006.290797454814
37 43 13544.131230300092
37 44 13911.469812757128
37 45 13433.268214987966
37 46 13761.94041754842
37 47 13271.613172517398
37 48 13557.793647341692
37 49 13058.735568315544
37 50 13301.348847931793
37 51 12796.352894772546
37 52 12996.806724682519
37 53 12488.043231805999
37 54 12649.923093994734
37 55 12138.970590463257
37 56 12267.739653542953
37 57 11755.644297732535
37 58 11857.731526607438
37 59 11344.3152339714
37 60 11434.742314524863
37 61 10945.26662192187
37 62 10968.062150655442
37 63 10000
38 0 43697.99019156085
38 1 43697.99019156085
38 2 40394.817097648927
38 3 38814.039791575313
38 4 35617.517520888745
38 5 34338.80192870165
38 6 31487.390080763627
38 7 30458.079094247769
38 8 27978.146660351704
38 9 27170.310665229284
38 10 25053.495669027954
38 11 24429.031779288078
38 12 22663.223767878764
38 13 22184.157629112153
38 14 20750.57973812248
38 15 20380.174524600399
38 16 19255.497682854042
38 17 18960.028849325237
38 18 18117.520925592533
38 19 17867.291447708947
38 20 17277.850967984028
38 21 17047.789404598632
38 22 16680.851204126782
38 23 16450.736115066742
38 24 16275.08293159771
38 25 16029.468045309786
38 26 16013.964745714031
38 27 15741.873902363472
38 28 15856.131921942859
38 29 15550.589186120465
38 30 15765.561616504314
38 31 15423.016232034483
38 32 15711.519521592414
38 33 15331.218308577692
38 34 15668.374462342425
38 35 15251.726140053019
38 36 15615.31927006711
38 37 15165.286470853109
38 38 15536.029084487764
38 39 15056.574961921786
38 40 15418.281963701076
38 41 14913.889739148177
38 42 15253.561237955126
38 43 14728.837173410593
38 44 15036.654356494902
38 45 14496.017810518013
38 46 14765.258973832128
38 47 14212.717616772541
38 48 14439.603639435209
38 49 13878.607690727731
38 50 14062.087629204278
38 51 13495.454152881166
38 52 13636.942250394084
38 53 13066.838765353747
38 54 13169.912203922386
38 55 12597.891650420501
38 56 12667.992222211251
38 57 12095.056625422028
38 58 12138.601865689932
38 59 11564.54508923289
38 60 11596.25996845062
38 61 11045.33263089406
38 62 11011.643856485747
38 63 10000
39 0 46618.713182574422
39 1 46618.713182574422
39 2 43369.956040450947
39 3 41848.900504930236
39 4 38693.429656531407
39 5 37456.591137753399
39 6 34632.673243475831
39 7 33629.838925625329
39 8 31162.355986602841
39 9 30366.23039729529
39 10 28248.387053562823
39 11 27622.034397866708
39 12 25842.975321237747
39 13 25349.702769677158
39 14 23892.093370493523
39 15 23496.558302975529
39 16 22338.525210229825
39 17 22008.402632326608
39 18 21124.616483819002
39 19 20831.558754004502
39 20 20194.221791794371
39 21 19914.41972287812
39 22 19494.14532360695
39 23 19208.531755537351
39 24 18975.14437359419
39 25 18669.309839689751
39 26 18592.577860321009
39 27 18256.463842559217
39 28 18306.769534946026
39 29 17934.201959460679
39 30 18083.146334993602
39 31 17671.266947254288
39 32 17892.203509579122
39 33 17440.850281286806
39 34 17709.340126216546
39 35 17220.42019813872
39 36 17514.601333576888
39 37 16991.49164107001
39 38 17292.357288495954
39 39 16739.359420433655
39 40 17030.942918295979
39 41 16452.810387176258
39 42 16722.277632915633
39 43 16123.825999735465
39 44 16361.479675918878
39 45 15747.283215371252
39 46 15946.485965858912
39 47 15320.65901467314
39 48 15477.684989269257
39 49 14843.741921420558
39 50 14957.567522842395
39 51 14318.352469178764
39 52 14390.397761926864
39 53 13748.073412375703
39 54 13781.903740193518
39 55 13137.991220484255
39 56 13139.020931150226
39 57 12494.468482596305
39 58 12469.099501802339
39 59 11823.666166222489
39 60 11786.268888291768
39 61 11163.006633936327
39 62 11062.845816845533
39 63 10000
40 0 50001.998565033631
40 1 50001.998565033631
40 2 46814.459737898011
40 3 45361.362961774066
40 4 42252.061231369349
40 5 41062.518227047127
40 6 38269.092475773141
40 7 37295.901128879836
40 8 34841.723387837934
40 9 34058.312274185919
40 10 31938.358316724545
40 11 31309.127708966338
40 12 29513.984923293712
40 13 29003.71013350282
40 14 27517.693975798909
40 15 27092.627807752142
40 16 25895.52958790214
40 17 25524.949733680442
40 18 24593.044699563794
40 19 24250.150645724152
40 20 23557.133489329564
40 21 23219.565474010553
40 22 22737.400083834615
40 23 22387.418508890143
40 24 22087.124356538057
40 25 21711.514040815851
40 26 21563.897075122015
40 27 21153.657961931032
40 28 21129.986445534425
40 29 20679.870381883917
40 30 20752.490542291802
40 31 20260.439504390451
40 32 20403.322762837692
40 33 19869.858050574483
40 34 20059.070664944415
40 35 19486.675453555446
40 36 19700.762320027919
40 37 19093.291997959561
40 38 19313.568643537412
40 39 18675.715065945511
40 40 18886.465029433661
40 41 18223.292653732264
40 42 18411.870996650985
40 43 17728.435271969767
40 44 17885.282431762396
40 45 17186.334141736457
40 46 17304.907367604748
40 47 16594.681129822467
40 48 16671.313059923225
40 49 15953.394005846203
40 50 15987.089393987962
40 51 15264.349230947644
40 52 15256.531466130349
40 53 14531.123347560289
40 54 14485.340565362065
40 55 13758.744699820913
40 56 13680.3758918028
40 57 12953.47408591977
40 58 12848.899502152719
40 59 12121.406069298169
40 60 12004.58251696864
40 61 11298.162276563493
40 62 11121.627293015197
40 63 10000
41 0 53863.606808297307
41 1 53863.606808297307
41 2 50743.827078237911
41 3 49365.86598452802
41 4 46307.354812418809
41 5 45169.49566864784
41 6 42409.048493352471
41 7 41467.715390943136
41 8 39027.214269701079
41 9 38256.663393724426
41 10 36133.0554183778
41 11 35499.190148978152
41 12 33684.689299202008
41 13 33153.934229826584
41 14 31634.709004434262
41 15 31175.10635408678
41 16 29932.818197892608
41 17 29515.444118497311
41 18 28528.172963263634
41 19 28127.964960751393
41 20 27371.086701218774
41 21 26967.31553591814
41 22 26414.318083441733
41 23 25990.739750340992
41 24 25613.993556270056
41 25 25158.740142325554
41 26 24930.226108555529
41 27 24435.492971045969
41 28 24327.484123555216
41 29 23789.069722674121
41 30 23774.758319526336
41 31 23191.509603518822
41 32 23245.56898851426
41 33 22618.780052736864
41 34 22717.850281126743
41 35 22050.655438419606
41 36 22173.743144593347
41 37 21470.5380168966
41 38 21599.323714430247
41 39 20865.239981184561
41 40 20984.289490048075
41 41 20224.74099932536
41 42 20321.621494024388
41 43 19541.932005496237
41 44 19607.236833010978
41 45 18812.35308867463
41 46 18839.64265804083
41 47 18033.931036168091
41 48 18019.599478366377
41 49 17206.720332724479
41 50 17149.799121804092
41 51 16332.650093850305
41 52 16234.560469981474
41 53 15415.278293853629
41 54 15279.542568445961
41 55 14459.5552241021
41 56 14291.505664925146
41 57 13471.613626106146
41 58 13277.599066488432
41 59 12457.45957724256
41 60 12250.960930144229
41 61 11450.662193745895
41 62 11187.913518245334
41 63 10000
42 0 58223.771571311241
42 1 58223.771571311241
42 2 55176.614600825138
42 3 53880.024051954781
42 4 50875.553803944713
42 5 49793.055143150843
42 6 47066.861763729852
42 7 46158.968739335571
42 8 43731.444158208018
42 9 42973.321037649024
42 10 40843.5637268395
42 11 40202.767573309269
42 12 38364.790232350628
42 13 37809.564900941798
42 14 36251.580723218678
42 15 35751.943838632149
42 16 34457.679631922154
42 17 33986.696695921069
42 18 32936.228152184558
42 19 32470.763466302749
42 20 31641.328720820755
42 21 31162.464860887292
42 22 30529.242848108323
42 23 30022.401392871303
42 24 29559.264041542236
42 25 29014.080479362787
42 26 28694.316422929143
42 27 28104.322278987995
42 28 27901.324128349792
42 29 27263.489146120224
42 30 27151.392547917032
42 31 26465.577156022682
42 32 26419.838275913611
42 33 25688.202095263179
42 34 25686.100555960064
42 35 24912.506696586697
42 36 24933.563013998169
42 37 24123.010842523567
42 38 24149.310591283607
42 39 23307.422025748936
42 40 23323.842840581914
42 41 22456.419554615219
42 42 22450.761156049572
42 43 21563.422813440808
42 44 21526.444108855343
42 45 20624.351289704959
42 46 20549.721897063366
42 47 19637.382003173683
42 48 19521.558033744572
42 49 18602.708341322712
42 50 18444.743822244913
42 51 17522.303049935737
42 52 17323.609037851351
42 53 16399.687044493821
42 54 16163.748820389028
42 55 15239.706195001767
42 56 14971.795320136307
42 57 14048.332259844568
42 58 13754.753729838743
42 59 12831.453818896978
42 60 12525.148667818847
42 61 11620.332956651309
42 62 11261.6483877422
42 63 10000
43 0 63102.118994025048
43 1 63102.118994025048
43 2 60132.141469478323
43 3 58921.893417136576
43 4 55974.125388851229
43 5 54949.428954953764
43 6 52258.154644392605
43 7 51384.134839008773
43 8 48968.305958837795
43 9 48221.132536653233
43 10 46082.173755438635
43 11 45431.206598603632
43 12 43565.096920591081
43 13 42980.563639234912
43 14 41377.746977015195
43 15 40831.819162626736
43 16 39478.278929579741
43 17 38946.194803983119
43 18 37824.191775827785
43 19 37284.924301706
43 20 36373.740375813541
43 21 35810.359201161606
43 22 35087.033714512057
43 23 34486.790840833353
43 24 33926.85147300642
43 25 33281.037545383966
43 26 32859.21806991534
43 27 32162.837771925035
43 28 31853.770174707581
43 29 31105.085891475548
43 30 30883.951424522787
43 31 30083.94256843549
43 32 29927.065507726336
43 33 29078.847139848709
43 34 28964.2160998254
43 35 28072.455072731776
43 36 27980.159339487647
43 37 27050.519600603122
43 38 26963.091629223258
43 39 26001.733072616193
43 40 25904.392567974406
43 41 24917.54042397024
43 42 24798.339815942021
43 43 23791.934501157619
43 44 23641.809718312365
43 45 22621.24073770683
43 46 22433.974642288114
43 47 21403.896839746529
43 48 21176.005283430975
43 49 20140.231661303347
43 50 19870.783729419098
43 51 18832.246277300677
43 52 18522.630988079101
43 53 17483.399229792823
43 54 17137.049411170119
43 55 16098.39831915457
43 56 15720.50631302566
43 57 14683.01373775347
43 58 14279.823426036224
43 59 13242.979325294858
43 60 12826.823504334945
43 61 11806.989747432164
43 62 11342.73079679791
43 63 10000
44 0 68523.063395895413
44 1 68523.063395895413
44 2 65632.890925319458
44 3 64512.874834686365
44 4 61622.881078135695
44 5 60657.608753350185
44 6 58000.505034383197
44 7 57160.058122215742
44 8 54753.382337958472
44 9 54015.006440499987
44 10 51862.662025486206
44 11 51197.649728466931
44 12 49297.737091938448
44 13 48678.451298290143
44 14 47023.819311090308
44 15 46424.755052405111
44 16 45003.824630361065
44 17 44402.570927577821
44 18 43199.968386798413
44 19 42577.786793814514
44 20 41575.011905866311
44 21 40917.135254034147
44 22 40093.251032015534
44 23 39388.92956513723
44 24 38721.268686002397
44 25 37963.604383046564
44 26 37428.478975048842
44 27 36614.091884280657
44 28 36187.489503911704
44 29 35316.061447770648
44 30 34974.307971498252
44 31 34048.048033475745
44 32 33768.418170992387
44 33 32791.491329160133
44 34 32552.74925456912
44 35 31530.70472746138
44 36 31313.560550149647
44 37 30252.790332053009
44 38 30040.262334446077
44 39 28947.513536787457
44 40 28725.190805521666
44 41 27607.148317214131
44 42 27363.353122766865
44 43 26226.302247432006
44 44 25952.155874099499
44 45 24801.72841541651
44 46 24491.127786248868
44 47 23332.129849202338
44 48 22981.6450105615
44 49 21817.960764794669
44 50 21426.664979812544
44 51 20261.227879949576
44 52 19830.472815974303
44 53 18665.294073907608
44 54 18198.441160741851
44 55 17034.686980798371
44 56 16536.827254523359
44 57 15374.92584678493
44 58 14852.221125573331
44 59 13691.543333596426
44 60 13155.647440184701
44 61 12010.402468839799
44 62 11431.085672389025
44 63 10000
45 0 74509.937159386056
45 1 74509.937159386056
45 2 71701.859002734782
45 3 70674.543534319004
45 4 67842.738545916989
45 5 66937.11129369284
45 6 64312.744784832794
45 7 63504.255201601285
45 8 61103.532728993261
45 9 60370.592414110615
45 10 58200.042479073127
45 11 57516.006029475917
45 12 55576.00013738712
45 13 54915.512468840148
45 14 53201.472371715194
45 15 52541.514699518309
45 16 51044.475524539535
45 17 50365.159071699032
45 18 49072.291684363328
45 19 48357.340571704823
45 20 47252.537968846511
45 21 46489.519291293698
45 22 45554.034932614399
45 23 44734.360836349719
45 24 43947.486805077628
45 25 43066.223328578038
45 26 42405.989514289315
45 27 41461.511333205635
45 28 40905.383673187025
45 29 39898.91621260954
45 30 39424.470728633758
45 31 38359.56094484304
45 32 37945.111052763445
45 33 36827.065843514472
45 34 36452.222905844152
45 35 35287.549920170786
45 36 34933.700864653903
45 37 33729.580903312664
45 38 33380.271475494876
45 39 32144.085219649169
45 40 31785.302585746787
45 41 30524.227599907848
45 42 30144.581104573135
45 43 28865.268434407448
45 44 28456.071942533701
45 45 27164.405602251543
45 46 26719.668701165137
45 47 25420.606248023316
45 48 24936.94444734506
45 49 23634.432884995393
45 50 23110.90872702995
45 51 21807.867266363817
45 52 21245.775042573554
45 53 19944.13459027982
45 54 19346.740106240395
45 55 18047.530822947832
45 56 17419.795983509823
45 57 16123.264915236865
45 58 15471.242315491903
45 59 14176.611141950834
45 60 13511.19926322293
45 61 12230.3288002759
45 62 11526.579767007941
45 63 10000
46 0 81091.060174031532
46 1 81091.060174031532
46 2 78365.250222618328
46 3 77431.923686168971
46 4 74656.968062910819
46 5 73810.310675292756
46 6 71215.674619621248
46 7 70436.72025002267
46 8 68037.332152212795
46 9 67305.717909487677
46 10 65110.85412236167
46 11 64402.104161920535
46 12 62414.544495058501
46 13 61705.71799124169
46 14 59923.61374022474
46 15 59194.331020894097
46 16 57611.498859415151
46 17 56844.559441026948
46 18 55450.88618277826
46 19 54632.649345129445
46 20 53414.590548759537
46 21 52535.130583263672
46 22 51476.292239403519
46 23 50529.351170711838
46 24 49611.135515316608
46 25 48593.902165573418
46 26 47796.193315242919
46 27 46708.943192629828
46 28 46010.805781129238
46 29 44856.439303685074
46 30 44236.802736517522
46 31 43020.319881069059
46 32 42458.622295133006
46 33 41186.570099946774
46 34 40663.339303182562
46 35 39343.265069004359
46 36 38840.618221970159
46 37 37480.556188771632
46 38 36982.605290299252
46 39 35590.618529748455
46 40 35083.77438729813
46 41 33667.567185519634
46 42 33140.740022702405
46 43 31707.349647782125
46 44 31152.049427613783
46 45 29707.620326545355
46 46 29117.963942446378
46 47 27667.602437067184
46 48 27040.237944990407
46 49 25587.941619027355
46 50 24921.901564799387
46 51 23470.554870507061
46 52 22767.051607378668
46 53 21318.47761507245
46 54 20580.652428313231
46 55 19135.711853010947
46 56 18368.364918767096
46 57 16927.085547616643
46 58 16136.12814590034
46 59 14697.545446073167
46 60 13893.041036938581
46 61 12466.469751859056
46 62 11629.114363228218
46 63 10000
47 0 88293.274268500463
47 1 88293.274268500463
47 2 85649.558649376995
47 3 84809.982230452937
47 4 82089.838517086842
47 5 81299.954586588225
47 6 78731.309649941002
47 7 77978.024525882749
47 8 75574.642206944001
47 9 74838.899742470821
47 10 72612.919341068264
47 11 71872.521149134438
47 12 69829.261529511088
47 13 69063.809701423044
47 14 67204.301517696702
47 15 66396.203307849937
47 16 64717.208038729448
47 17 63852.112589946832
47 18 62346.403608100336
47 19 61413.474053646569
47 20 60070.241144951971
47 21 59062.228936270003
47 22 57867.59762663814
47 23 56780.740460224551
47 24 55718.380725732204
47 25 54552.147313895912
47 26 53603.942017369503
47 27 52360.653612598187
47 28 51507.394982642174
47 29 50191.757189695149
47 30 49413.839749018567
47 31 48032.419418292018
47 32 47310.499923397343
47 33 45871.180907996953
47 34 45186.779726107503
47 35 43698.228292390493
47 36 43034.251758695609
47 37 41505.417883137954
47 38 40846.587044617358
47 39 39286.26221594715
47 40 38619.439471315076
47 41 37035.885489126493
47 42 36350.296509369306
47 43 34750.953650813703
47 44 34038.307213948428
47 45 32429.584483527247
47 46 31684.097178408254
47 47 30071.24251814514
47 48 29289.578473391448
47 49 27676.623026349822
47 50 26857.760822329354
47 51 25247.528738812907
47 52 24392.568571297059
47 53 22786.742306734624
47 54 21898.665587143005
47 55 20297.89756996743
47 56 19381.303035305693
47 57 17785.358079636691
47 58 16845.975820052354
47 59 15253.660066209
47 60 14300.631720275143
47 61 12718.512859356268
47 62 11738.516797154862
47 63 10000
48 0 96148.481557171937
48 1 96148.481557171937
48 2 93584.463495771677
48 3 92837.167133538285
48 4 90167.940106511393
48 5 89431.696947354387
48 6 86883.621136762478
48 7 86151.290954714452
48 8 83737.049167437552
48 9 82990.92952111701
48 10 80725.614729733803
48 11 79945.86836786296
48 12 77837.457271871099
48 13 77006.342114147366
48 14 75058.884741110727
48 15 74161.732684535455
48 16 72375.09132730306
48 17 71400.557627640854
48 18 69770.5576749639
48 19 68710.777617333428
48 20 67229.511279675295
48 21 66080.086656847518
48 22 64736.363806222245
48 23 63496.199753648034
48 24 62276.114390376497
48 25 60947.124504112275
48 26 59834.701991689362
48 27 58421.407178604226
48 28 57399.29569930971
48 29 55908.346318679512
48 30 54958.51666365414
48 31 53398.169396789905
48 32 52502.58999931888
48 33 50882.1704861006
48 34 50023.429123710346
48 35 48352.80898205097
48 36 47514.658312685162
48 37 45803.771100814098
48 38 44971.581628560059
48 39 43229.997118587533
48 40 42391.107784716907
48 41 40627.678132313798
48 42 39771.641023926648
48 43 37994.226571001869
48 44 37112.947833221464
48 45 35328.224831802618
48 46 34416.008460815588
48 47 32629.356321779505
48 48 31682.860917940918
48 49 29898.322911958618
48 50 28916.44361228928
48 51 27136.75241889368
48 52 26120.441220378278
48 53 24347.099257266069
48 54 23299.136270738072
48 55 21532.54136297213
48 56 20457.277910613902
48 57 18696.880060957137
48 58 17599.818642435581
48 59 15844.142814431776
48 60 14733.411889101182
48 61 12986.07511512696
48 62 11854.658781223196
48 63 10000
49 0 104686.79484359465
49 1 104686.79484359465
49 2 102199.73783142198
49 3 101541.67518154896
49 4 98918.762541815959
49 5 98231.438642985479
49 6 95697.761219417691
49 7 94980.144390102956
49 8 92547.443802936657
49 9 91783.254163299629
49 10 89469.657787578501
49 11 88641.503789943352
49 12 86457.75710995993
49 13 85550.663499401388
49 14 83503.968805582525
49 15 82506.327304702238
49 16 80599.800209100504
49 17 79503.426977137104
49 18 77736.110662818173
49 19 76536.280732011612
49 20 74903.341815144246
49 21 73598.680664426167
49 22 72091.784814645391
49 23 70684.03758434247
49 24 69291.867904459752
49 25 67785.559235707347
49 26 66494.437550698232
49 27 64896.443177292596
49 28 63691.01286561077
49 29 62010.068565410053
49 30 60873.998709385553
49 31 59120.174652259135
49 32 58036.848667437196
49 33 56221.017370198198
49 34 55174.174411225053
49 35 53307.498629829861
49 36 52281.802414986079
49 37 50375.265733253451
49 38 49356.782420802025
49 39 47420.78052038233
49 40 46397.354371715192
49 41 44441.359531969465
49 42 43402.881826318458
49 43 41435.187636168368
49 44 40373.76025745488
49 45 38401.30829501032
49 46 37311.308293062808
49 47 35339.594013984621
49 48 34217.64906553227
49 49 32250.700589313576
49 50 31095.587580253454
49 51 29136.008616701096
49 52 27948.488651927346
49 53 25997.555432022447
49 54 24780.158132935747
49 55 22837.960505621661
49 56 21594.735123135571
49 57 19660.349084852234
49 58 18396.514508462249
49 59 16468.124027716665
49 60 15190.695286389777
49 61 13268.758379591527
49 62 11977.319335426744
49 63 10000
50 0 113943.32932538842
50 1 113943.32932538842
50 2 111528.24789791653
50 3 110955.14089642926
50 4 108372.04608581762
50 5 107727.98424142849
50 6 105200.80053254771
50 7 104490.80135714456
50 8 102030.43594622397
50 9 101239.67218620061
50 10 98867.342009160318
50 11 97980.925444225097
50 12 95710.244551443975
50 13 94716.061103150831
50 14 92557.509625918043
50 15 91447.136345870967
50 16 89407.231871880926
50 17 88175.796893448511
50 18 86256.964722927631
50 19 84903.051504765332
50 20 83103.704848443202
50 21 81629.140832680525
50 22 79943.973945599457
50 23 78353.524753771664
50 24 76773.976956808881
50 25 75074.954485672381
50 26 73589.800386941017
50 27 71791.60173519238
50 28 70387.621491657832
50 29 68501.220412765979
50 30 67163.905432202242
50 31 65201.320936975411
50 32 63915.574346174006
50 33 61889.341780278461
50 34 60640.138710218314
50 35 58562.807260219728
50 36 57335.786925535169
50 37 55219.464395858391
50 38 54001.433487138631
50 39 51857.394818259469
50 40 50636.729328655558
50 41 48475.100233197561
50 42 47242.040013366815
50 43 45071.561825687248
50 44 43818.398495061847
50 45 41646.275336111168
50 46 40367.439371049331
50 47 38199.264400475389
50 48 36891.32108605931
50 49 34731.075202757413
50 50 33392.641606944228
50 51 31242.755610618038
50 52 29874.351928772496
50 53 27735.821871165761
50 54 26339.670276968987
50 55 24212.215663189705
50 56 22792.000575270518
50 57 20674.25428859314
50 58 19234.846447088963
50 59 17124.580866310851
50 60 15671.775426457269
50 61 13566.077684716154
50 62 12106.333413933438
50 63 10000
51 0 123951.18824910933
51 1 123951.18824910933
51 2 121602.78601867265
51 3 121108.79322342519
51 4 118558.33913519856
51 5 117950.28576677616
51 6 115420.96288946975
51 7 114709.92827270881
51 8 112211.96634076815
51 9 111384.62480747842
51 10 108942.37153526154
51 11 107986.39637256693
51 12 105616.42473048267
51 13 104522.65775248203
51 14 102238.84457705825
51 15 101002.17494310804
51 16 98814.58630848657
51 17 97433.60780250674
51 18 95348.217441194531
51 19 93824.994205968062
51 20 91843.639690698488
51 21 90183.383673279095
51 22 88303.969213531134
51 23 86514.651689489954
51 24 84731.55088205912
51 25 82823.45207569006
51 26 81128.061226058431
51 27 79113.270874802736
51 28 77494.661990996727
51 29 75386.548694159268
51 30 73832.173180962476
51 31 71644.8437532518
51 32 70141.242258265294
51 33 67889.013493396982
51 34 66422.493626891766
51 35 64119.39797157322
51 36 62676.649097329355
51 37 60335.993052245154
51 38 58904.615415013111
51 39 56538.605488105502
51 40 55107.53903697533
51 41 52726.985313186902
51 42 51286.831195708743
51 43 48900.933592080532
51 44 47444.168015756521
51 45 45060.385538732742
51 46 43581.47121629191
51 47 41205.470408262248
51 48 39700.874932877741
51 49 37336.550443715954
51 50 35804.683608461171
51 51 33454.241593599996
51 52 31895.324976522668
51 53 29559.418840581682
51 54 27975.300999930278
51 55 25653.208518758482
51 56 24047.135819440886
51 57 21736.968168297637
51 58 20113.386923833532
51 59 17812.423965172726
51 60 16175.792024043669
51 61 13877.531435448382
51 62 12241.421476630458
51 63 10000
52 0 134748.25120265406
52 1 134748.25120265406
52 2 132459.04082640045
52 3 132037.14240984619
52 4 129510.29547444517
52 5 128930.10849917022
52 6 126388.29524633498
52 7 125666.75417286911
52 8 123119.64314384189
52 9 122244.92701907124
52 10 119720.00974859102
52 11 118682.38155630049
52 12 116199.27048971329
52 13 114992.60623831356
52 14 112568.69056024899
52 15 111191.31036541931
52 16 108840.35223980121
52 17 107294.46752349855
52 18 105026.15887594537
52 19 103317.48976907454
52 20 101137.27514844546
52 21 99274.607532808339
52 22 97183.78820415576
52 23 95178.494188258599
52 24 93174.562320654222
52 25 91040.083917127951
52 26 89117.232810192814
52 27 86868.537653013424
52 28 85018.292396934427
52 29 82671.315562879332
52 30 80883.230806482083
52 31 78454.320612533324
52 32 76716.696999500389
52 33 74222.084270704305
52 34 72522.661875628808
52 35 69977.971690593127
52 36 68304.566769826473
52 37 65724.389391006291
52 38 64065.449328322931
52 39 61462.983380337115
52 40 59808.043274627991
52 41 57194.81978475854
52 42 55534.852180561829
52 43 52920.543377716545
52 44 51248.199755643909
52 45 48640.512016133085
52 46 46950.260522383076
52 47 44354.906932913174
52 48 42643.075241702711
52 49 40063.820175692301
52 50 38328.555266656906
52 51 35767.321269525739
52 52 34008.479345344393
52 53 31465.505554420921
52 54 29684.485582407884
52 55 27158.525940267031
52 56 25358.052664179442
52 57 22846.606091480826
52 58 21030.614164856033
52 59 18530.37394676471
52 60 16701.858200946808
52 61 14202.509309301451
52 62 12382.371719361588
52 63 10000
53 0 146370.15260096209
53 1 146370.15260096209
53 2 144132.38725611396
53 3 143774.08035243739
53 4 141261.19497345376
53 5 140699.1980038631
53 6 138133.87983693578
53 7 137390.83666911445
53 8 134782.34498335799
53 9 133847.95281544433
53 10 131226.91578172802
53 11 130094.05516515965
53 12 127483.19529245113
53 13 126148.85919872462
53 14 123569.18928700227
53 15 122035.25461459749
53 16 119504.38103689399
53 17 117776.8370374855
53 18 115308.34394302632
53 19 113396.75077775348
53 20 110999.8798925201
53 21 108916.79589676294
53 22 106596.44323698308
53 23 104356.84585336744
53 24 102113.81962720175
53 25 99734.515476933448
53 26 97565.996419096045
53 27 95065.02539984991
53 28 92965.169297286862
53 29 90361.213111089673
53 30 88321.837924048217
53 31 85633.647655384571
53 32 83644.952950263018
53 33 80890.812325547071
53 34 78942.085955002942
53 35 76139.326785092664
53 36 74219.602188155579
53 37 71384.186524649209
53 38 69482.823037702925
53 39 66629.003234542295
53 40 64736.170813490106
53 41 61876.234519699632
53 42 59983.292749693661
53 43 57127.39540447422
53 44 55227.164180596876
53 45 52383.247317386398
53 46 50470.172793009915
53 47 47643.962762891097
53 48 45714.186879388697
53 49 42909.26572680736
53 50 40960.610771113264
53 51 38178.549052397546
53 52 36210.430292842517
53 53 33450.970690671602
53 54 31464.250640195361
53 55 28725.529711082261
53 56 26722.315376408475
53 57 24001.117125295226
53 58 21984.730084745079
53 59 19277.053941164817
53 60 17248.88688492135
53 61 14540.372601337036
53 62 12528.827747517154
53 63 10000
54 0 158857.0646135619
54 1 158857.0646135619
54 2 156660.95007152142
54 3 156356.66634327211
54 4 153846.36276457287
54 5 153292.09526244615
54 6 150690.63407017864
54 7 149914.36169152381
54 8 147230.68724851811
54 9 146223.58064984973
54 10 143491.41822599736
54 11 142248.97202010627
54 12 139494.21932675305
54 13 138016.61356680517
54 14 135264.02223698876
54 15 133556.81259011617
54 16 130827.98913018999
54 17 128901.1042021602
54 18 126213.70825581632
54 19 124080.73755046744
54 20 121448.00826587703
54 21 119125.48992006741
54 22 116556.12641075627
54 23 114062.85974840725
54 24 111561.19478313945
54 25 108917.56860085067
54 26 106483.97194445993
54 27 103711.30951893616
54 28 101342.75613157632
54 29 98462.683861858779
54 30 96153.425218885459
54 31 93187.276439906709
54 32 90929.558938799019
54 33 87897.826787443511
54 34 85682.608812517574
54 35 82604.462185587836
54 36 80422.090227934328
54 37 77314.965161723609
54 38 75155.778807610826
54 39 72035.054517522251
54 40 69889.899530276714
54 41 66768.664424869101
54 42 64629.302019104565
54 43 61518.210785691314
54 44 59377.619082098659
54 45 56284.837909082744
54 46 54137.408127145609
54 47 51068.641657332606
54 48 48910.276639547723
54 49 45868.867584543128
54 50 43696.993651099714
54 51 40684.084241154778
54 52 38497.589174821267
54 53 35512.332850449537
54 54 33311.443579705381
54 55 30351.253222566487
54 56 28137.349807555573
54 57 25198.177580829823
54 58 22973.853314312884
54 59 20050.881859125639
54 60 17815.777514097055
54 61 14890.362908422085
54 62 12680.522114204588
54 63 10000
55 0 172247.95059164692
55 1 172247.95059164692
55 2 170083.5129527775
55 3 169822.36083296346
55 4 167302.77506368828
55 5 166744.39411584177
55 6 164093.61537771762
55 7 163270.97386192394
55 8 160497.73038208485
55 9 159403.42125102101
55 10 156544.46956970519
55 11 155176.60083921655
55 12 152261.07424401102
55 13 150623.09663915599
55 14 147679.60252018995
55 15 145780.88743258815
55 16 142835.19273305094
55 17 140689.78401957176
55 18 137763.81361466274
55 19 135389.53326558112
55 20 132500.73301571055
55 21 129918.32005429859
55 22 127079.41246843011
55 23 124311.71851406715
55 24 121530.78423756908
55 25 118602.01177049115
55 26 115882.82840970375
55 27 112817.80894743586
55 28 110160.37807088479
55 29 106983.89393311286
55 30 104385.09059811088
55 31 101121.24895473133
55 32 98575.534159687013
55 33 95247.204665821613
55 34 92747.349042114802
55 35 89375.676724265344
55 36 86913.452917410352
55 37 83517.456444116819
55 38 81084.267376927557
55 39 77680.529934775812
55 40 75267.949903655623
55 41 71870.406164090935
55 42 69470.620952848476
55 43 66090.439601072867
55 44 63696.580046863055
55 45 60342.137527637889
55 46 57948.507893130096
55 47 54625.445782171686
55 48 52227.653653371191
55 49 48939.009628031374
55 50 46534.007760041961
55 51 43280.408607270714
55 52 40866.461182789644
55 53 37646.365741991322
55 54 35222.952608439737
55 55 32032.929857191928
55 56 29600.580426001925
55 57 26435.619066529853
55 58 23996.067023911241
55 59 20850.394408985714
55 60 18401.363564855386
55 61 15251.801727546506
55 62 12837.066738218136
55 63 10000
56 0 186586.78262121891
56 1 186586.78262121891
56 2 184442.23630120661
56 3 184212.45101196438
56 4 181670.220549814
56 5 181095.29045945709
56 6 178380.59622766013
56 7 177497.86739756403
56 8 174619.22495456514
56 9 173422.5873150964
56 10 170419.68916944298
56 11 168909.84215583684
56 12 165815.12627884344
56 13 163998.87330182179
56 14 160844.9349240619
56 15 158735.60236075654
56 16 155552.54418437064
56 17 153168.471109498
56 18 149982.68734501948
56 19 147346.13785640599
56 20 144179.50475287047
56 21 141315.6494649688
56 22 138185.14808599305
56 23 135121.13435093983
56 24 132038.83195536828
56 25 128802.92367065859
56 26 125776.24028507987
56 27 122397.02094018389
56 28 119429.20787817614
56 29 115934.84764663498
56 30 113025.60872753359
56 31 109443.20180081004
56 32 106589.39435900324
56 33 102944.37550984291
56 34 100140.7364159662
56 35 96456.386242249122
56 36 93696.237508111866
56 37 89993.284359736383
56 38 87269.182884548442
56 39 83565.506657551829
56 40 80869.812710436076
56 41 77180.252078758058
56 42 74505.600656043403
56 43 70841.861451060831
56 44 68181.529227922714
56 45 64552.188045296498
56 46 61900.355899196293
56 47 58310.949980199395
56 48 55662.866763431215
56 49 52116.058999986599
56 50 49468.116263566895
56 51 45963.922892543458
56 52 43313.652600779693
56 53 39849.720915962491
56 54 37195.729733852328
56 55 33767.649978794871
56 56 31109.476947870855
56 57 27711.126240437738
56 58 25049.497700231419
56 59 21673.992507571209
56 60 19004.538058038968
56 61 15623.908655888359
56 62 12998.192327071922
56 63 10000
57 0 201905.65558167896
57 1 201905.65558167896
57 2 199769.15304307145
57 3 199557.90876002007
57 4 196979.40618726783
57 5 196374.37292498793
57 6 193580.81991186345
57 7 192623.04567979396
57 8 189622.69905610583
57 9 188307.23159337675
57 10 185142.61608663667
57 11 183472.75266943249
57 12 180179.697158208
57 13 178165.70827810204
57 14 174780.94169270614
57 15 172440.2741094564
57 16 168998.42069915912
57 17 166353.91083741095
57 18 162886.04852739105
57 19 159964.63292172368
57 20 156497.3044024152
57 21 153328.83669780151
57 22 149883.53238271028
57 23 146499.72047913753
57 24 143092.75218991959
57 25 139526.19119141597
57 26 136168.87846387745
57 27 132452.16995400764
57 28 129151.26209882136
57 29 125316.21819052091
57 30 122074.47972335391
57 31 118151.41603223466
57 32 114968.30962720141
57 33 110985.4341844483
57 34 107857.84354256188
57 35 103840.7491119715
57 36 100763.69359188041
57 37 96734.959377028747
57 38 93702.262364555048
57 39 89681.168269750618
57 40 86686.05149623043
57 41 82688.404532119006
57 42 79723.990340457807
57 43 75762.05899873242
57 44 72821.771422756967
57 45 68904.320359749749
57 46 65982.183452107362
57 47 62114.597983181891
57 48 59205.435854081021
57 49 55389.923801181758
57 50 52489.471190709868
57 51 48725.328621101507
57 52 45830.263506317882
57 53 42114.191046565866
57 54 39222.102898078097
57 55 35548.555861948233
57 56 32657.831791810695
57 57 29019.404077510815
57 58 26129.59091066473
57 59 22518.108993756941
57 60 19622.54694176573
57 61 16004.978728824368
57 62 13162.999542104892
57 63 10000
58 0 218209.12403126812
58 1 218209.12403126812
58 2 216067.34356392937
58 3 215861.27334514871
58 4 213231.7838883193
58 5 212582.81442665317
58 6 209694.32972292032
58 7 208646.15580864361
58 8 205506.50461293288
58 9 204055.15648836765
58 10 200709.62010866631
58 11 198861.02813414746
58 12 195348.95972314908
58 13 193117.00062946093
58 14 189479.44495115502
58 15 186885.86820120591
58 16 183162.18668624654
58 17 180234.54297095467
58 18 176460.73924184317
58 19 173230.88402403719
58 20 169438.43078488085
58 21 165941.17141621758
58 22 162156.34746793972
58 23 158428.24005643371
58 24 154671.88870703851
58 25 150750.15559130316
58 26 147037.78221049
58 27 142959.3381087977
58 28 139301.46700139425
58 29 135102.05060735162
58 30 131504.76627739315
58 31 127218.17998970402
58 32 123683.78448799279
58 33 119341.24777626595
58 34 115868.97403738671
58 35 111498.59624565966
58 36 108085.3267529119
58 37 103711.70350644665
58 38 100352.65377937003
58 39 95996.588218101839
58 40 92685.924946884959
58 41 88364.271379257887
58 42 85095.644984355851
58 43 80821.268803535408
58 44 77588.249291080938
58 45 73370.093599477128
58 46 70166.506426307446
58 47 66009.753134817263
58 48 62829.918133482104
58 49 58736.229567553193
58 50 55575.110682645878
58 51 51542.937016009251
58 52 48396.213661618713
58 53 44421.152093907614
58 54 41285.225749831603
58 55 37360.4138571613
58 56 34232.328054874386
58 57 30348.874351129041
58 58 27226.791710590711
58 59 23375.02274312111
58 60 20249.786111196594
58 61 16391.349721194816
58 62 13329.932166026234
58 63 10000
59 0 235548.364197352
59 1 235548.364197352
59 2 233388.22167473554
59 3 233173.59454343826
59 4 230478.75397894799
59 5 229771.56727763574
59 6 226772.21067988875
59 7 225617.54702831613
59 8 222320.90483339172
59 9 220715.6941537424
59 10 217169.81008569387
59 11 215122.73374602303
59 12 211370.66239647265
59 13 208899.38581489856
59 14 204986.68413607561
59 15 202117.4646247027
59 16 198088.44891277206
59 17 194853.782300344
59 18 190749.62192086468
59 19 187186.53930953733
59 20 183043.8985416936
59 21 179192.44050302796
59 22 175042.66538218458
59 23 170944.53237633093
59 24 166813.28707241986
59 25 162510.63317545925
59 26 158417.90049310803
59 27 153952.2570344095
59 28 149912.62114391717
59 29 145323.94620757259
59 30 141347.08087873011
59 31 136672.93659143877
59 32 132764.22874638735
59 33 128039.0908732689
59 34 124200.33730904886
59 35 119455.0416724161
59 36 115685.16606790264
59 37 110946.49436369677
59 38 107242.24173762779
59 39 102532.64613107892
59 40 98889.222228029452
59 41 94226.684310698649
59 42 90638.317415799596
59 43 86036.33327897967
59 44 82496.745205796236
59 45 77964.425010388528
59 46 74467.206071357825
59 47 70009.473930333188
59 48 66548.363315669252
59 49 62166.241776533221
59 50 58735.319801571313
59 51 54426.282803072849
59 52 51020.084942103313
59 53 46778.464210113249
59 54 43392.030418613518
59 55 39209.456883852756
59 56 35838.29053259948
59 57 31704.178046846158
59 58 28344.846827388701
59 59 24247.806180396834
59 60 20888.443280767347
59 61 16784.552955300736
59 62 13499.671136505482
59 63 10000
60 0 254432.76545571245
60 1 254432.76545571245
60 2 252240.4700346922
60 3 252003.9071003327
60 4 249228.84665545708
60 5 248449.12833381025
60 6 245321.73090597443
60 7 244043.79283137998
60 8 240570.64035095577
60 9 238792.37206706972
60 10 235024.38122105153
60 11 232757.36236679149
60 12 228741.47592415079
60 13 226007.30869788653
60 14 221793.7617413355
60 15 218623.35879247755
60 16 214261.59538116239
60 17 210692.56477364164
60 18 206229.11229500096
60 19 202303.85663698043
60 20 197780.78839233404
60 21 193544.80893399555
60 22 188998.78105217495
60 23 184499.17957361884
60 24 179960.94173187099
60 25 175245.08501787766
60 26 170739.37764281951
60 27 165853.71081910783
60 28 161399.46580523564
60 29 156388.47060276745
60 30 151999.23782399856
60 31 146904.53769768451
60 32 142589.06590526289
60 33 137448.68218257447
60 34 133211.59060995339
60 35 128059.35341146201
60 36 123901.83938704134
60 37 118766.95470318802
60 38 114687.49241355866
60 39 109594.26317221686
60 40 105589.2589135576
60 41 100556.95380630257
60 42 96621.333069855973
60 43 91664.192914412444
60 44 87791.903973391964
60 45 82919.271959618694
60 46 79103.698849534485
60 47 74320.258503095291
60 48 70554.54313351067
60 49 65860.646455092545
60 50 62137.924917701755
60 51 57529.992997193316
60 52 53843.55496136818
60 53 49314.534932173774
60 54 45657.919380702479
60 55 41197.778188199671
60 56 37564.775499993571
60 57 33161.043043380829
60 58 29546.433979625304
60 59 25185.803521605751
60 60 21574.740447606269
60 61 17207.302451949923
60 62 13682.369161063392
60 63 10000
61 0 275676.55698767601
61 1 275676.55698767601
61 2 273439.22903281136
61 3 273166.1612037188
61 4 270294.29962327739
61 5 269423.53095978458
61 6 266146.52536558261
61 7 264721.93138117925
61 8 261046.26075763471
61 9 259067.15081621526
61 10 255046.93770332632
61 11 252528.09885224857
61 12 248214.46658781034
61 13 245181.69899177839
61 14 240629.81451714135
61 15 237118.94732121105
61 16 232383.65272777309
61 17 228437.70280325061
61 18 223571.1927868354
61 19 219238.28106319497
61 20 214288.3963380116
61 21 209619.88635713494
61 22 204629.00216073007
61 23 199677.85064065867
61 24 194682.25723893641
61 25 189501.54117655556
61 26 184531.22869806725
61 27 179172.83638817788
61 28 174251.60117131946
61 29 168765.08451723386
61 30 163910.87930673914
61 31 158342.47042631669
61 32 153567.9267598665
61 33 147959.72370390789
61 34 143272.78218060514
61 35 137662.10763268208
61 36 133066.70037506201
61 37 127485.63432540368
61 38 122982.37348538628
61 39 117457.45684537558
61 40 113044.29297367297
61 41 107596.39462903074
61 42 103269.21859485663
61 43 97913.554097978806
61 44 93666.725510530057
61 45 88413.011981106087
61 46 84239.80531145462
61 47 79092.534509572797
61 48 74985.501051775907
61 49 69944.311230620238
61 50 65895.560530655333
61 51 60955.687645773192
61 52 56957.096091900479
61 53 52109.88686289121
61 54 48153.246135126901
61 55 43386.711806485408
61 56 39463.781886835837
61 57 34763.209969329015
61 58 30866.612465016296
61 59 26216.376530288901
61 60 22327.771634131775
61 61 17671.180518719211
61 62 13881.884282949002
61 63 10000
62 0 295132.08035960991
62 1 295132.08035960991
62 2 292845.60866379004
62 3 292526.47105438565
62 4 289553.21095859201
62 5 288581.95096398797
62 6 285150.4508438296
62 7 283570.54338755604
62 8 279688.52399100643
62 9 277501.54007682204
62 10 273226.77434141381
62 11 270451.13981211826
62 12 265839.25617168756
62 13 262505.29632295028
62 14 257616.64697967714
62 15 253765.39084404058
62 16 248660.45546154786
62 17 244340.59702687478
62 18 239077.47564661104
62 19 234343.11078956886
62 20 228975.64682955644
62 21 223884.2405316979
62 22 218460.75277602649
62 23 213071.32829255715
62 24 207633.85022665421
62 25 202005.36762329182
62 26 196589.308526243
62 27 190779.22306542611
62 28 185413.36980942733
62 29 179476.37020031983
62 30 174183.15322714197
62 31 168170.08464247038
62 32 162966.03684681215
62 33 156923.01456158876
62 34 151819.35841938545
62 35 145787.07609905713
62 36 140790.38232484166
62 37 134803.61528762733
62 38 129916.48528030192
62 39 124003.78431244823
62 40 119225.51818951521
62 41 113409.08444619345
62 42 108736.30605200867
62 43 103032.03286796251
62 44 98459.252270976955
62 45 92876.91583720484
62 46 88397.018082378563
62 47 82940.59627699884
62 48 78545.252228279642
62 49 73213.3496308264
62 50 68893.350465938172
62 51 63679.707796284034
62 52 59425.229112766858
62 53 54319.297686638056
62 54 50120.104796187959
62 55 45107.663007407573
62 56 40953.217913561821
62 57 36017.048841339551
62 58 31897.526253855343
62 59 27019.397865460709
62 60 22913.007228332495
62 61 18030.158209271569
62 62 14034.115199918786
62 63 10000
63 0 295132.08035960991
63 1 295132.08035960991
63 2 292845.60866379004
63 3 292526.47105438565
63 4 289553.21095859201
63 5 288581.95096398797
63 6 285150.4508438296
63 7 283570.54338755604
63 8 279688.52399100643
63 9 277501.54007682204
63 10 273226.77434141381
63 11 270451.13981211826
63 12 265839.25617168756
63 13 262505.29632295028
63 14 257616.64697967714
63 15 253765.39084404058
63 16 248660.45546154786
63 17 244340.59702687478
63 18 239077.47564661104
63 19 234343.11078956886
63 20 228975.64682955644
63 21 223884.2405316979
63 22 218460.75277602649
63 23 213071.32829255715
63 24 207633.85022665421
63 25 202005.36762329182
63 26 196589.308526243
63 27 190779.22306542611
63 28 185413.36980942733
63 29 179476.37020031983
63 30 174183.15322714197
63 31 168170.08464247038
63 32 162966.03684681215
63 33 156923.01456158876
63 34 151819.35841938545
63 35 145787.07609905713
63 36 140790.38232484166
63 37 134803.61528762733
63 38 129916.48528030192
63 39 124003.78431244823
63 40 119225.51818951521
63 41 113409.08444619345
63 42 108736.30605200867
63 43 103032.03286796251
63 44 98459.252270976955
63 45 92876.91583720484
63 46 88397.018082378563
63 47 82940.59627699884
63 48 78545.252228279642
63 49 73213.3496308264
63 50 68893.350465938172
63 51 63679.707796284034
63 52 59425.229112766858
63 53 54319.297686638056
63 54 50120.104796187959
63 55 45107.663007407573
63 56 40953.217913561821
63 57 36017.048841339551
63 58 31897.526253855343
63 59 27019.397865460709
63 60 22913.007228332495
63 61 18030.158209271569
63 62 14034.115199918786
63 63 10000
