0 0 0
0 1 0
0 2 0
0 3 0
0 4 0
0 5 0
0 6 0
0 7 0
0 8 0
0 9 0
0 10 0
0 11 0
0 12 0
0 13 0
0 14 0
0 15 0
0 16 0
0 17 0
0 18 0
0 19 0
0 20 0
0 21 0
0 22 0
0 23 0
0 24 0
0 25 0
0 26 0
0 27 0
0 28 0
0 29 0
0 30 0
0 31 0
0 32 0
0 33 0
0 34 0
0 35 0
0 36 0
0 37 0
0 38 0
0 39 0
0 40 0
0 41 0
0 42 0
0 43 0
0 44 0
0 45 0
0 46 0
0 47 0
0 48 0
0 49 0
0 50 0
0 51 0
0 52 0
0 53 0
0 54 0
0 55 0
0 56 0
0 57 0
0 58 0
0 59 0
0 60 0
0 61 0
0 62 0
0 63 0
1 0 0
1 1 7.9120738241547839
1 2 7.6601983553117501
1 3 7.38188542254042
1 4 7.1086118686826838
1 5 6.8331648263945448
1 6 6.5559880409988658
1 7 6.2788147694362406
1 8 6.0028999560800962
1 9 5.7291542338135679
1 10 5.4587317979567809
1 11 5.1924650772023648
1 12 4.9313207964914252
1 13 4.6759379389122726
1 14 4.4270867666552673
1 15 4.18523890631689
1 16 3.9509690275103058
1 17 3.7245940479751063
1 18 3.506500013620824
1 19 3.2968663650170091
1 20 3.0959053985666007
1 21 2.9036777429971807
1 22 2.7202423935997331
1 23 2.5455602911128636
1 24 2.3795612719052954
1 25 2.2221253489445729
1 26 2.0730790462266571
1 27 1.9322392436253537
1 28 1.7993548923200842
1 29 1.6741961462093835
1 30 1.5564585193965372
1 31 1.4458801739790967
1 32 1.3421246218296199
1 33 1.244910913542032
1 34 1.1538886183807713
1 35 1.068768604374253
1 36 0.98920090179144404
1 37 0.91489714806104294
1 38 0.84551862873352246
1 39 0.78078476552575871
1 40 0.72037557276711939
1 41 0.66402343418505994
1 42 0.61143168682009419
1 43 0.56234916913556487
1 44 0.51650476834666648
1 45 0.4736657784460816
1 46 0.43358701787046977
1 47 0.39605496442763299
1 48 0.3608493833136146
1 49 0.32777562159030954
1 50 0.29663645465627791
1 51 0.26725496479361721
1 52 0.23945438620836407
1 53 0.21307380424360667
1 54 0.18795398800014484
1 55 0.16394765595457703
1 56 0.14090974499548961
1 57 0.11870597027628076
1 58 0.097208852754953973
1 59 0.07628383949985261
1 60 0.055717574230727346
1 61 0.035318802356738073
1 62 0.015916521275732176
1 63 0
2 0 0
2 1 15.471682673285294
2 2 14.973622886673111
2 3 14.423012907797442
2 4 13.884206121953206
2 5 13.341074335877863
2 6 12.796095080374711
2 7 12.251245239414031
2 8 11.710148127044164
2 9 11.173550455473368
2 10 10.644425082849363
2 11 10.123798661603123
2 12 9.6138299043453923
2 13 9.1155829089848321
2 14 8.6304253922229108
2 15 8.1594687074574175
2 16 7.7033552322523962
2 17 7.2632050497214502
2 18 6.8390275047862072
2 19 6.4319094646246695
2 20 6.0413407243205404
2 21 5.6683320452742825
2 22 5.3119754917378303
2 23 4.9731675431555482
2 24 4.6507224706664756
2 25 4.3453931328334363
2 26 4.0558258198657242
2 27 3.7826116813187936
2 28 3.5243230826145511
2 29 3.2813832874085458
2 30 3.0523660414685692
2 31 2.8375315857412966
2 32 2.6355109499810938
2 33 2.4464152597476878
2 34 2.268970516652681
2 35 2.1031590455238023
2 36 1.9478237122368625
2 37 1.8028419528853634
2 38 1.6671826607836828
2 39 1.5406432918713726
2 40 1.4223184135982077
2 41 1.311949275267454
2 42 1.208749239292223
2 43 1.1124244543750543
2 44 1.02229621300385
2 45 0.93805308496407358
2 46 0.85911142965514431
2 47 0.78515580632938453
2 48 0.71568421008939842
2 49 0.65038686654054312
2 50 0.58883033926851869
2 51 0.53071666140033102
2 52 0.47566879656844269
2 53 0.42340374723845658
2 54 0.37358981155400456
2 55 0.32595929760879533
2 56 0.28021539512160776
2 57 0.23610823989193969
2 58 0.19338014408799512
2 59 0.15177543251523415
2 60 0.11086777163595568
2 61 0.070285821466569379
2 62 0.031678750947196646
2 63 0
3 0 0
3 1 22.317917908797966
3 2 21.580403039687205
3 3 20.769164681048451
3 4 19.976892288754957
3 5 19.181693496572745
3 6 18.385039647369485
3 7 17.591463340472046
3 8 16.80465105416777
3 9 16.026706246117854
3 10 15.260918012970713
3 11 14.509208227005081
3 12 13.774226971358418
3 13 13.057397834259003
3 14 12.360727137516838
3 15 11.685236057712645
3 16 11.032311223767909
3 17 10.402619201882738
3 18 9.7969680482384707
3 19 9.2157232308931682
3 20 8.6591766936008714
3 21 8.1274434137258993
3 22 7.6203753375229262
3 23 7.1378830385639231
3 24 6.6794621694099785
3 25 6.2448596662149525
3 26 5.833300081337871
3 27 5.444402170337491
3 28 5.0772007616805572
3 29 4.7312170702047354
3 30 4.405369610385379
3 31 4.0991085479387275
3 32 3.8112987379308234
3 33 3.5413422662920677
3 34 3.2881008099989746
3 35 3.0509482841763682
3 36 2.8287813009394589
3 37 2.6209627195108509
3 38 2.4264506049027665
3 39 2.2446111858845561
3 40 2.0744803364981923
3 41 1.9154394028280735
3 42 1.7666100529296456
3 43 1.6273978143202985
3 44 1.4970116463234013
3 45 1.374887675271167
3 46 1.2603189377100599
3 47 1.1527760445716666
3 48 1.0516297246994168
3 49 0.95638662963484367
3 50 0.8664868641000506
3 51 0.78147261900014298
3 52 0.70084406531309562
3 53 0.62417674314293292
3 54 0.55102119559430385
3 55 0.48098212766650272
3 56 0.41365003861649846
3 57 0.34865953571525482
3 58 0.28565110919756626
3 59 0.22425234088369198
3 60 0.16384930435178163
3 61 0.10390088724366575
3 62 0.046854234036418758
3 63 0
4 0 0
4 1 28.434314224022756
4 2 27.468919336628314
4 3 26.409721701972575
4 4 25.379610697478803
4 5 24.348602704349705
4 6 23.319114405901448
4 7 22.296298238155998
4 8 21.285089975650347
4 9 20.287760120538138
4 10 19.308356526007866
4 11 18.349224831613647
4 12 17.413269031345497
4 13 16.502457279116989
4 14 15.618621529816734
4 15 14.763427494515666
4 16 13.937750761705152
4 17 13.142957167036684
4 18 12.379101155190305
4 19 11.647257510744726
4 20 10.946812826328616
4 21 10.27856086843239
4 22 9.6413768176272683
4 23 9.0357869080529767
4 24 8.460304263578724
4 25 7.9152057393748194
4 26 7.398776737502236
4 27 6.9110679331297433
4 28 6.4502512590438963
4 29 6.0161789969693027
4 30 5.6070014110278175
4 31 5.2224036102118854
4 32 4.860583455935064
4 33 4.5210919349722767
4 34 4.2022228830063764
4 35 3.9034262668162061
4 36 3.6231221555297761
4 37 3.3606909540574526
4 38 3.1146944408669435
4 39 2.8844718564344003
4 40 2.6687308148136148
4 41 2.4667937108292675
4 42 2.2775099651030146
4 43 2.1002047889772437
4 44 1.9338599707838466
4 45 1.7778183816835391
4 46 1.6311815290782099
4 47 1.4933201516537111
4 48 1.3634412636121831
4 49 1.2409494776434582
4 50 1.1251426796908326
4 51 1.0154617443682437
4 52 0.91128110466092982
4 53 0.81207737587760243
4 54 0.71728787252568216
4 55 0.62642131650580546
4 56 0.53896409121938937
4 57 0.45445950873705132
4 58 0.37245644057471372
4 59 0.29248557196517649
4 60 0.21376157714496635
4 61 0.13559553964829921
4 62 0.061187067200634035
4 63 0
5 0 0
5 1 33.866467988865729
5 2 32.684409893927096
5 3 31.392654002533096
5 4 30.140448713925267
5 5 28.891910799550114
5 6 27.648456029048944
5 7 26.417020918290728
5 8 25.202580343002541
5 9 24.008029358223041
5 10 22.837688992163969
5 11 21.694109079763138
5 12 20.580622741465842
5 13 19.498952435339341
5 14 18.451484276857968
5 15 17.439297975372046
5 16 16.463908227195461
5 17 15.525852132476649
5 18 14.625862471757477
5 19 13.76403716665385
5 20 12.940437447864481
5 21 12.15481530770831
5 22 11.406680439555638
5 23 10.695520063296254
5 24 10.020414397399644
5 25 9.3806543842258758
5 26 8.7750078394140782
5 27 8.2026259642185799
5 28 7.6620707044807856
5 29 7.1523995281748158
5 30 6.6720606702922769
5 31 6.2200550226021356
5 32 5.7947928145921637
5 33 5.3952482616952233
5 34 5.0198523576239076
5 35 4.6675766074117666
5 36 4.3369154194125326
5 37 4.026856614558632
5 38 3.7359862876518433
5 39 3.4633233586174472
5 40 3.2075617823287357
5 41 2.96776259554467
5 42 2.7427341643168193
5 43 2.5315872457516129
5 44 2.3332439447567861
5 45 2.1468692301329564
5 46 1.9714931865891021
5 47 1.8063366793231801
5 48 1.650528699082201
5 49 1.5033452180781517
5 50 1.3640031172279308
5 51 1.2318305678148616
5 52 1.106120392834453
5 53 0.9862483831611929
5 54 0.87157103350022214
5 55 0.76150483363635291
5 56 0.65545658788462635
5 57 0.55288514954538581
5 58 0.45326676049703457
5 59 0.35604413770249438
5 60 0.2602821106095411
5 61 0.16515870898188553
5 62 0.074578228245361505
5 63 0
6 0 0
6 1 38.634361944101606
6 2 37.250894987765349
6 3 35.743037603609046
6 4 34.287156972527939
6 5 32.839955927000616
6 6 31.403068043788384
6 7 29.983999828847175
6 8 28.588221129582443
6 9 27.218787882957056
6 10 25.880070682763936
6 11 24.575015058181059
6 12 23.306591037759954
6 13 22.077019982250807
6 14 20.888012696627275
6 15 19.741227639427404
6 16 18.637294100313266
6 17 17.577365070029611
6 18 16.56117052032544
6 19 15.589422001793162
6 20 14.6611403588659
6 21 13.776655398443793
6 22 12.934461755668373
6 23 12.13456352094221
6 24 11.375096146439692
6 25 10.655790663290528
6 26 9.9745683515494843
6 27 9.3309367085665755
6 28 8.7227226325458709
6 29 8.1492565203695477
6 30 7.6083647535618448
6 31 7.0992437652889624
6 32 6.619788630123594
6 33 6.1691012611605061
6 34 5.7451926270265581
6 35 5.3471053830369373
6 36 4.9729950263255507
6 37 4.6218755698983518
6 38 4.2920608390329855
6 39 3.9825618300198555
6 40 3.6918532880541095
6 41 3.4189636747424101
6 42 3.1625232909411918
6 43 2.9215934652619961
6 44 2.6949494580421769
6 45 2.4816960570170119
6 46 2.2807397963846774
6 47 2.0912351464530068
6 48 1.9122047207183259
6 49 1.7428550840100263
6 50 1.5823093080484525
6 51 1.4298252624942192
6 52 1.2846111257216506
6 53 1.1459727873075967
6 54 1.0131887523156842
6 55 0.88560651923211942
6 56 0.76255949803434186
6 57 0.64344017754418259
6 58 0.52765972046650977
6 59 0.41458826262327597
6 60 0.30315545875538691
6 61 0.19242486286790284
6 62 0.086948595827024869
6 63 0
7 0 0
7 1 42.757530356352603
7 2 41.187693154763849
7 3 39.482341579563034
7 4 37.841459654765089
7 5 36.215895254347721
7 6 34.606330662978742
7 7 33.021237832739487
7 8 31.466134791691665
7 9 29.944004002472347
7 10 28.459474625681274
7 11 27.015087083181253
7 12 25.614208749403602
7 13 24.258329082712283
7 14 22.949661315203056
7 15 21.688921934748084
7 16 20.477308612846851
7 17 19.314916533769399
7 18 18.202068565182191
7 19 17.138384379173328
7 20 16.123465585323618
7 21 15.156580367982704
7 22 14.236762694098825
7 23 13.363031237250844
7 24 12.533998863384657
7 25 11.748515934423056
7 26 11.004907564087201
7 27 10.301918841151183
7 28 9.6377030592835276
7 29 9.0109481162752996
7 30 8.4197316665211286
7 31 7.8627207264225323
7 32 7.3379931542540122
7 33 6.8442224027593426
7 34 6.3795429061445823
7 35 5.9426550753714684
7 36 5.5317887556592487
7 37 5.1456866325929598
7 38 4.7826978515778
7 39 4.4416185527615726
7 40 4.1209289919294827
7 41 3.8194864897493273
7 42 3.5359049737520167
7 43 3.2691076545841509
7 44 3.0178380130038627
7 45 2.7810871544219138
7 46 2.5577194883161916
7 47 2.3467935846655181
7 48 2.1472833762475818
7 49 1.9583123062875785
7 50 1.7789509254179832
7 51 1.6083830856738224
7 52 1.4457624595915393
7 53 1.2903273786108163
7 54 1.141301040321774
7 55 0.99796779508866973
7 56 0.85960545456344017
7 57 0.72554776381973718
7 58 0.59515500124303578
7 59 0.46773384442258192
7 60 0.34209780255445499
7 61 0.21721073288230214
7 62 0.09821363436007878
7 63 0
8 0 0
8 1 46.251533036706924
8 2 44.513512338956708
8 3 42.630227853684062
8 4 40.824849222248247
8 5 39.041750788043522
8 6 37.281117810610098
8 7 35.551931770149515
8 8 33.859520859942499
8 9 32.207030947228048
8 10 30.598545964589402
8 11 29.036978807188735
8 12 27.524864059146751
8 13 26.064151160788505
8 14 24.656039839944796
8 15 23.301768605305117
8 16 22.001437491272714
8 17 20.755686048445931
8 18 19.563733811011808
8 19 18.425732878738046
8 20 17.340235759508072
8 21 16.307003866774512
8 22 15.324116990399331
8 23 14.391029034234768
8 24 13.505516748156174
8 25 12.666797339373698
8 26 11.872486323643631
8 27 11.121624225250759
8 28 10.411778539097538
8 29 9.741863896210031
8 30 9.109485625145318
8 31 8.5134753932280205
8 32 7.9515374960603848
8 33 7.4224567723678208
8 34 6.9240763939251782
8 35 6.4551644834743147
8 36 6.0137256451026078
8 37 5.5985359166750115
8 38 5.2077703900706505
8 39 4.8402325647302815
8 40 4.4942671216771677
8 41 4.1687198208057881
8 42 3.8620971400886805
8 43 3.573297493135978
8 44 3.3009769588504323
8 45 3.0440929765088991
8 46 2.8014365364327052
8 47 2.5720268916200673
8 48 2.3547741377137195
8 49 2.148759025942117
8 50 1.952994753160733
8 51 1.766620644004431
8 52 1.5887373743231117
8 53 1.4185379117328869
8 54 1.2551953716672317
8 55 1.0979483672053567
8 56 0.94602641324767733
8 57 0.79871870429350911
8 58 0.65534251273969901
8 59 0.51515392759127088
8 60 0.3768658841189787
8 61 0.23935960634014208
8 62 0.10829963147687764
8 63 0
9 0 0
9 1 49.138404723950764
9 2 47.250344858617254
9 3 45.210119555443605
9 4 43.261025704966919
9 5 41.341889856435813
9 6 39.452009059841345
9 7 37.600572077204021
9 8 35.792969823242842
9 9 34.031704640534819
9 10 32.321107853671684
9 11 30.663230888107087
9 12 29.060979747066163
9 13 27.515250193497355
9 14 26.027701826380515
9 15 24.598435020490104
9 16 23.228060357374133
9 17 21.916073548557431
9 18 20.662218046841989
9 19 19.465557306761372
9 20 18.325150004927909
9 21 17.239765702481805
9 22 16.207949206478371
9 23 15.22828337518561
9 24 14.298953675936362
9 25 13.418436348402278
9 26 12.58469179766746
9 27 11.796147621835356
9 28 11.05065114080346
9 29 10.346622257451065
9 30 9.6818844739827146
9 31 9.0548784552865111
9 32 8.4634714307776058
9 33 7.9061444771560954
9 34 7.3808564198533801
9 35 6.8861423175344783
9 36 6.4200835159314247
9 37 5.9812783937629552
9 38 5.5679478499883057
9 39 5.1787598274924243
9 40 4.8120809815215919
9 41 4.4666526033887566
9 42 4.1409853092644475
9 43 3.8338953878990885
9 44 3.5440300695113494
9 45 3.270280325115499
9 46 3.0114190878645184
9 47 2.7664098562987456
9 48 2.5341383095163494
9 49 2.3136366176602254
9 50 2.1038892863791427
9 51 1.9039917686516263
9 52 1.7130132590777685
9 53 1.5301059018870304
9 54 1.3544095616048124
9 55 1.1851238546358811
9 56 1.0214438230698693
9 57 0.86262187599307172
9 58 0.70794368119501583
9 59 0.55662372715940067
9 60 0.40729211644495567
9 61 0.25876199222677171
9 62 0.11715476288208639
9 63 0
10 0 0
10 1 51.437126160359057
10 2 49.419341448732531
10 3 47.244005392261606
10 4 45.172961563442222
10 5 43.139743925630327
10 6 41.142533415326383
10 7 39.190957651129395
10 8 37.289660186031362
10 9 35.441320188128465
10 10 33.649281651677654
10 11 31.915953536373756
10 12 30.243102087743889
10 13 28.632054293109082
10 14 27.083275377679847
10 15 25.597343242775214
10 16 24.173698746982566
10 17 22.812325023004181
10 18 21.511877157171536
10 19 20.271886433898533
10 20 19.090441192012733
10 21 17.966737472555614
10 22 16.898486398857273
10 23 15.88464239271285
10 24 14.922697924335893
10 25 14.011439765218288
10 26 13.148269282850599
10 27 12.331863479750464
10 28 11.559630856077911
10 29 10.83018380260401
10 30 10.1410097438369
10 31 9.4906917555959911
10 32 8.8768451286750505
10 33 8.2980513067816535
10 34 7.7520834536376375
10 35 7.2375430872481106
10 36 6.7523762193793706
10 37 6.2952212923595221
10 38 5.8642007508975409
10 39 5.4580026891843545
10 40 5.0749213878093444
10 41 4.713703681558699
10 42 4.3728055889213922
10 43 4.051038485094927
10 44 3.7470066532926309
10 45 3.4595888206310699
10 46 3.1875222807366175
10 47 2.9297532373066635
10 48 2.6851360809674119
10 49 2.4526822524559235
10 50 2.2313473925792846
10 51 2.0202039108940877
10 52 1.8182933658973288
10 53 1.6247433170456977
10 54 1.4386665173478033
10 55 1.2592368757583381
10 56 1.0856223526658424
10 57 0.91704984142926571
10 58 0.75278088456816727
10 59 0.59199917580322259
10 60 0.4332674290933306
10 61 0.27534609152300848
10 62 0.12474368257824454
10 63 0
11 0 0
11 1 53.170742119762792
11 2 51.043677254839281
11 3 48.75577576919774
11 4 46.584838892525376
11 5 44.459463226614879
11 6 42.377038007773635
11 7 40.346751714354689
11 8 38.373337273419992
11 9 36.45841803215805
11 10 34.605584160665273
11 11 32.816090071253825
11 12 31.09205774294611
11 13 29.433595554408495
11 14 27.841597291495688
11 15 26.315445094496265
11 16 24.855045298350603
11 17 23.45926441549506
11 18 22.12722686753542
11 19 20.857463596779862
11 20 19.64851014776508
11 21 18.498697903092612
11 22 17.406144800832244
11 23 16.369081364584709
11 24 15.385355729520446
11 25 14.453165974850204
11 26 13.570213652148704
11 27 12.734709674864547
11 28 11.944307867690556
11 29 11.197260621510367
11 30 10.491249843003999
11 31 9.8245867791157568
11 32 9.1950363597859646
11 33 8.6009788704712555
11 34 8.0402991068391803
11 35 7.5114521937965861
11 36 7.0124646061665512
11 37 6.5418694804787458
11 38 6.0978448596491779
11 39 5.6790033847361148
11 40 5.2836755515361427
11 41 4.9105537303055415
11 42 4.5581153300906365
11 43 4.2251315095192767
11 44 3.9102167761750013
11 45 3.6122189398774283
11 46 3.3298772069314762
11 47 3.0621126551041575
11 48 2.8077754548812339
11 49 2.5658553156577741
11 50 2.3352991620646266
11 51 2.1151594950665258
11 52 1.9044658804335226
11 53 1.7023268185223095
11 54 1.5078406931555095
11 55 1.3201625501433445
11 56 1.1384441838961048
11 57 0.96189433767167043
11 58 0.78975965763278388
11 59 0.62120144220138096
11 60 0.45473135570496265
11 61 0.2890708100028605
11 62 0.13104548290839085
11 63 0
12 0 0
12 1 54.360549942356577
12 2 52.145807762692137
12 3 49.768569027150079
12 4 47.519975562886636
12 5 45.324729032928389
12 6 43.178642565794249
12 7 41.09127099269201
12 8 39.066201297228794
12 9 37.10526153287995
12 10 35.21077746233081
12 11 33.384356833843235
12 12 31.626831852171613
12 13 29.938724379912632
12 14 28.319690565145471
12 15 26.769557236014688
12 16 25.287100484266944
12 17 23.871630091216431
12 18 22.521280150515434
12 19 21.234998732899058
12 20 20.01048529749259
12 21 18.846445497104209
12 22 17.74031526258155
12 23 16.690647462311567
12 24 15.694751840363077
12 25 14.75109423017836
12 26 13.856964537822016
12 27 13.010788936277093
12 28 12.20991637871786
12 29 11.452767198255303
12 30 10.736804691508992
12 31 10.060467508295364
12 32 9.4213689612286586
12 33 8.8179834207005694
12 34 8.2480941112309232
12 35 7.7102237905504483
12 36 7.202333283313485
12 37 6.7230029470522155
12 38 6.2703698619053378
12 39 5.8430784879042479
12 40 5.4394344912480532
12 41 5.0581506221577417
12 42 4.6976893492685345
12 43 4.3568337885040096
12 44 4.0341890329440977
12 45 3.7286086539620968
12 46 3.4388250632818922
12 47 3.1637605138187848
12 48 2.9022591750638465
12 49 2.6533084966148182
12 50 2.4158491355983478
12 51 2.1889287255858916
12 52 1.9715697608895337
12 53 1.7628738801904285
12 54 1.5619313888935682
12 55 1.3678888733614472
12 56 1.1798889808985149
12 57 0.99713142982903069
12 58 0.81885478558503666
12 59 0.64420713225388904
12 60 0.47166387373796476
12 61 0.29992116100491906
12 62 0.1360508935473197
12 63 0
13 0 0
13 1 55.030268157240009
13 2 52.749726817425433
13 3 50.30642016904968
13 4 48.002687600194783
13 5 45.759222039128346
13 6 43.571189484682279
13 7 41.44720629672225
13 8 39.390990858930998
13 9 37.403072156867211
13 10 35.486033491608445
13 11 33.640192049969983
13 12 31.86673150249749
13 13 30.164927134446685
13 14 28.534843565463479
13 15 26.975164376435686
13 16 25.485097802558005
13 17 24.06294552136039
13 18 22.707268945879676
13 19 21.416157839588372
13 20 20.187713131243225
13 21 19.019932727005688
13 22 17.910614537148213
13 23 16.857745155603222
13 24 15.85894975393618
13 25 14.912254082361654
13 26 14.015215098580372
13 27 13.165926683064098
13 28 12.361958389124741
13 29 11.601486896340683
13 30 10.882153927965398
13 31 10.202224874724342
13 32 9.5594547759266479
13 33 8.9521988228257605
13 34 8.3783510698209742
13 35 7.8363552970923633
13 36 7.3242578154819746
13 37 6.8405888874192895
13 38 6.3835507037149002
13 39 5.9517576192067745
13 40 5.543564270660009
13 41 5.1576665464261291
13 42 4.7925632290956006
13 43 4.4470288693432911
13 44 4.1196950079846388
13 45 3.8094114468262985
13 46 3.5149293740569374
13 47 3.2351696867852335
13 48 2.9689893686720685
13 49 2.7153753832220486
13 50 2.4732765669847265
13 51 2.2417400013300401
13 52 2.0197927638621183
13 53 1.8065353724512463
13 54 1.6010599390141396
13 55 1.4025110956167424
13 56 1.2100311354455806
13 57 1.0228174737423099
13 58 0.84010816442794001
13 59 0.66104571694823144
13 60 0.48408423685504198
13 61 0.30790712370088907
13 62 0.13976233578698505
13 63 0
14 0 0
14 1 55.203296859809619
14 2 52.879014757271797
14 3 50.393396813240862
14 4 48.056504436115894
14 5 45.786713581985211
14 6 43.577351801612735
14 7 41.437335048200637
14 8 39.369006290899094
14 9 37.373143646144513
14 10 35.450947192356587
14 11 33.603095150768731
14 12 31.829468120404741
14 13 30.129748182738641
14 14 28.502828216554516
14 15 26.94781453936433
14 16 25.462904487606014
14 17 24.046810239622637
14 18 22.697253126524377
14 19 21.412701339111329
14 20 20.190582346868862
14 21 19.029228433180783
14 22 17.925916660886777
14 23 16.878918826374935
14 24 15.88547208095145
14 25 14.943838354193304
14 26 14.051297159401541
14 27 13.206133259428562
14 28 12.40572711195678
14 29 11.648406731637234
14 30 10.931692578464398
14 31 10.253968358334889
14 32 9.612917851883692
14 33 9.0069879633178029
14 34 8.4340367644023644
14 35 7.8925789072006216
14 36 7.3806483653697592
14 37 6.8968302715852161
14 38 6.4393293253535484
14 39 6.0068026088080559
14 40 5.5976157350510496
14 41 5.2104981275701183
14 42 4.8439635968031256
14 43 4.4968132214980052
14 44 4.1676947224899807
14 45 3.8554790071804796
14 46 3.5589328193981604
14 47 3.27699388152271
14 48 3.0085331290848565
14 49 2.7525509049711161
14 50 2.5080079570931155
14 51 2.2739619322304234
14 52 2.049449696525814
14 53 1.8335800283957426
14 54 1.6254528390116052
14 55 1.4242191125018417
14 56 1.2290271885699289
14 57 1.0390796635465971
14 58 0.85362011980411445
14 59 0.67179333478427161
14 60 0.49204592244799022
14 61 0.31306075516386667
14 62 0.1421922496198007
14 63 0
15 0 0
15 1 54.903808863662597
15 2 52.55821757767378
15 3 50.053486610435101
15 4 47.705650339175115
15 5 45.430305499310769
15 6 43.220333602718931
15 7 41.083373668668521
15 8 39.021958595656848
15 9 37.035485287086559
15 10 35.125436125662965
15 11 33.29119922487827
15 12 31.533013623140501
15 13 29.849395189117786
15 14 28.23963559863483
15 15 26.70182896517241
15 16 25.234581917674433
15 17 23.835757774887433
15 18 22.503474132413857
15 19 21.235509929002646
15 20 20.029659727800009
15 21 18.883713410636599
15 22 17.795276530826673
15 23 16.762207334543515
15 24 15.782028931941595
15 25 14.852698313922746
15 26 13.971738552131974
15 27 13.137217810945268
15 28 12.346720505876753
15 29 11.598427560794683
15 30 10.890028085168263
15 31 10.219811652931076
15 32 9.5856002743824575
15 33 8.9857857746552661
15 34 8.4183389061352454
15 35 7.8817470470872255
15 36 7.3741357848397504
15 37 6.8940819915949527
15 38 6.4398648240675112
15 39 6.0101454615697225
15 40 5.6033501048636865
15 41 5.2182197509969495
15 42 4.853317621226422
15 43 4.5074603821905734
15 44 4.1793361594751444
15 45 3.867833099958613
15 46 3.5717510834213972
15 47 3.2900451884442941
15 48 3.0216136094465869
15 49 2.7654732351963003
15 50 2.5206073201697596
15 51 2.2860887554096134
15 52 2.0609730853378276
15 53 1.8443828468021577
15 54 1.6354335732568173
15 55 1.4332885244301556
15 56 1.2371092657819813
15 57 1.0461095389812569
15 58 0.85954470576430397
15 59 0.6765686135853769
15 60 0.49563394831781377
15 61 0.31543427427931592
15 62 0.14336252068125463
15 63 0
16 0 0
16 1 54.156976466829093
16 2 51.811797656540016
16 3 49.311405925048881
16 4 46.97369951691924
16 5 44.713667437122446
16 6 42.522299802379266
16 7 40.407479641291289
16 8 38.370294742162407
16 9 36.410451939724389
16 10 34.52806852726296
16 11 32.722912913819698
16 12 30.994015417320348
16 13 29.340302170167025
16 14 27.760036370307663
16 15 26.251722633966814
16 16 24.813125388696115
16 17 23.442495681662727
16 18 22.137286982609812
16 19 20.895628376081429
16 20 19.714810958664568
16 21 18.592929679273805
16 22 17.52722477108156
16 23 16.515812802208906
16 24 15.555965385363585
16 25 14.645853524383096
16 26 13.782838875543385
16 27 12.965164213517943
16 28 12.190321031181869
16 29 11.4566314877686
16 30 10.761741691432695
16 31 10.104055236054579
16 32 9.4813858180316064
16 33 8.8922177233870041
16 34 8.3345361121522696
16 35 7.8069040840341222
16 36 7.307475342683377
16 37 6.8348896183340901
16 38 6.3874613900720201
16 39 5.9639048078525416
16 40 5.5626841263635445
16 41 5.1825856295146435
16 42 4.8222104158501429
16 43 4.4804143472686917
16 44 4.1559215014822408
16 45 3.8476542700094836
16 46 3.5544456350176814
16 47 3.2752807987699502
16 48 3.0090878450732359
16 49 2.7549102948674244
16 50 2.5117580813316236
16 51 2.2787277469003944
16 52 2.0548985330223122
16 53 1.8394140949439106
16 54 1.631411040131425
16 55 1.4300716278555092
16 56 1.2345763198951787
16 57 1.0441561841981244
16 58 0.85808360200852862
16 59 0.67552819012063359
16 60 0.49496131923274977
16 61 0.31509797560536307
16 62 0.1433033558907135
16 63 0
17 0 0
17 1 52.987242563782303
17 2 50.664610780268347
17 3 48.190947873127904
17 4 45.884601244685136
17 5 43.659261365983348
17 6 41.50573068360238
17 7 39.430431970808478
17 8 37.434716774148121
17 9 35.516966602773159
17 10 33.677618357353353
17 11 31.915257578067425
17 12 30.229290040599686
17 13 28.617632176557212
17 14 27.078945421527184
17 15 25.610901137443214
17 16 24.211659321719146
17 17 22.878805717034368
17 18 21.610168521371861
17 19 20.403362815231201
17 20 19.256022217669422
17 21 18.165858133570726
17 22 17.13041549208749
17 23 16.14753567178915
17 24 15.21475585728999
17 25 14.330058880338774
17 26 13.491034469631023
17 27 12.695804938065899
17 28 11.942055696086435
17 29 11.228039518845774
17 30 10.551566418064578
17 31 9.911007915383184
17 32 9.304315893247102
17 33 8.7299688687436081
17 34 8.1860685275293577
17 35 7.6711899666279351
17 36 7.1835853672127632
17 37 6.7219177903909939
17 38 6.2845852389162156
17 39 5.8703318160907543
17 40 5.4776929316327481
17 41 5.1054880979409658
17 42 4.7523793294359082
17 43 4.4172566960968496
17 44 4.0988966974532719
17 45 3.7962554102345232
17 46 3.5082111783323682
17 47 3.2337814504288414
17 48 2.9719338013802785
17 49 2.7217420702213548
17 50 2.4822508117470639
17 51 2.2525847738020484
17 52 2.0318538088190783
17 53 1.8192276944939589
17 54 1.613870389417672
17 55 1.4149883826061249
17 56 1.2217869346629928
17 57 1.0335196166873257
17 58 0.8494809998572922
17 59 0.66886241845188599
17 60 0.49016606229262527
17 61 0.31213821621795718
17 62 0.14205249915879783
17 63 0
18 0 0
18 1 51.421207393623419
18 2 49.141782115356925
18 3 46.717228984335208
18 4 44.461852122602835
18 5 42.290513589755726
18 6 40.192266890694292
18 7 38.173737567518209
18 8 36.234897497462001
18 9 34.374512955320924
18 10 32.591780073531837
18 11 30.885693936712521
18 12 29.254620760957753
18 13 27.696899294899573
18 14 26.210352145584732
18 15 24.793057226341446
18 16 23.442523854134702
18 17 22.156711325768686
18 18 20.932964586738034
18 19 19.769229554592105
18 20 18.662798916549932
18 21 17.611668881457565
18 22 16.61315958028386
18 23 15.665352489982157
18 24 14.765651103738378
18 25 13.912237901233203
18 26 13.102637578141238
18 27 12.335137370710743
18 28 11.607407180422319
18 29 10.917836079286589
18 30 10.264252493903568
18 31 9.6451413561441264
18 32 9.0584946838136258
18 33 8.5028864903369374
18 34 7.9764711532356563
18 35 7.477905397281627
18 36 7.0055000597117765
18 37 6.5579890889132457
18 38 6.1338305904905539
18 39 5.7318311364724766
18 40 5.3505847723225877
18 41 4.9889667330636849
18 42 4.6456944772508999
18 43 4.3197082384448118
18 44 4.0098358910083434
18 45 3.7150789659260131
18 46 3.4343628126123522
18 47 3.1667462577282954
18 48 2.911239588349984
18 49 2.6669544520407045
18 50 2.4329741302543786
18 51 2.208458053266499
18 52 1.9925512554293363
18 53 1.7844554881784862
18 54 1.583366856830724
18 55 1.38852155930082
18 56 1.1991545621321704
18 57 1.0145470474190177
18 58 0.83402023940451697
18 59 0.65679288209971076
18 60 0.48140926865877104
18 61 0.30665627383700661
18 62 0.13965464296766544
18 63 0
19 0 0
19 1 49.483453154605293
19 2 47.268286623402346
19 3 44.913760604082334
19 4 42.729007038810366
19 5 40.629242705306432
19 6 38.603641327526397
19 7 36.657318903676384
19 8 34.790596816764221
19 9 33.001076897227094
19 10 31.288322336218354
19 11 29.650325648195498
19 12 28.085853536351848
19 13 26.592436121915483
19 14 25.168301109215243
19 15 23.810893188497044
19 16 22.518111163595758
19 17 21.287436003424698
19 18 20.116573925936759
19 19 19.003123468890049
19 20 17.94470358896308
19 21 16.939069986283265
19 22 15.983831827362673
19 23 15.076914547151935
19 24 14.215974310012488
19 25 13.39910231287797
19 26 12.624042291640579
19 27 11.889038369281653
19 28 11.191949501591878
19 29 10.531156348737266
19 30 9.9046503036573572
19 31 9.31093198921576
19 32 8.7481340465494792
19 33 8.2148621700329816
19 34 7.7093923968382274
19 35 7.2304230692408504
19 36 6.7763706540353486
19 37 6.3460162482724733
19 38 5.9379100458556735
19 39 5.5509081762096253
19 40 5.1836853194865258
19 41 4.8351665318630479
19 42 4.5041401998714417
19 43 4.1895952294703651
19 44 3.8904221845402094
19 45 3.6056692493166373
19 46 3.3343174700241565
19 47 3.0754698346263374
19 48 2.828186404949089
19 49 2.5916203146114043
19 50 2.3648996318892235
19 51 2.147222624208327
19 52 1.9377749527915058
19 53 1.7357947307914687
19 54 1.5405152771561164
19 55 1.3512069997075595
19 56 1.1671394224022658
19 57 0.9876257423378102
19 58 0.81201809541277792
19 59 0.63956774419048878
19 60 0.46887175815333987
19 61 0.29876613182844741
19 62 0.13616045503109925
19 63 0
20 0 0
20 1 47.201671608553696
20 2 45.06971996211206
20 3 42.805850571822447
20 4 40.709400907686629
20 5 38.698537222959295
20 6 36.760986354073104
20 7 34.90204106662803
20 8 33.120808962041529
20 9 31.415361238004515
20 10 29.784215675801871
20 11 28.225810965511034
20 12 26.738085764935096
20 13 25.319011040494285
20 14 23.96618435369944
20 15 22.677459591126933
20 16 21.450278071548674
20 17 20.282487238857243
20 18 19.171480929293288
20 19 18.115176697919484
20 20 17.110998281174084
20 21 16.156973426510785
20 22 15.250607153429424
20 23 14.390053837149019
20 24 13.572933505941728
20 25 12.797528859011424
20 26 12.061596037514363
20 27 11.363539496300337
20 28 10.701263360117617
20 29 10.073283490047306
20 30 9.4776569137045321
20 31 8.9129996492481709
20 32 8.3775212222839031
20 33 7.8699273115523516
20 34 7.3885754693785932
20 35 6.9322520494350943
20 36 6.4994551399753311
20 37 6.0890444495631346
20 38 5.6996489982807894
20 39 5.330195986577829
20 40 4.9794344324030169
20 41 4.6463542362786168
20 42 4.3298128052846678
20 43 4.0288585891423629
20 44 3.7424456178706142
20 45 3.4696769903470721
20 46 3.2095918129148444
20 47 2.9613438788757303
20 48 2.7240462890469455
20 49 2.4968993149045766
20 50 2.279079561349922
20 51 2.0698291787773302
20 52 1.868378447546454
20 53 1.6740065164384363
20 54 1.4859880174091928
20 55 1.3036320262658621
20 56 1.1262467768864897
20 57 0.95318167595789749
20 58 0.78382350127778389
20 59 0.61746081635767425
20 60 0.45275333556749808
20 61 0.28859407972033846
20 62 0.13162638882065331
20 63 0
21 0 0
21 1 44.600497284770505
21 2 42.571036629390242
21 3 40.416689469796282
21 4 38.426131945173012
21 5 36.519610288173531
21 6 34.685312963707403
21 7 32.927076573303282
21 8 31.244450670104822
21 9 29.634570057492223
21 10 28.096373534729473
21 11 26.627517018148762
21 12 25.226369998150894
21 13 23.890312321687659
21 14 22.617358894379809
21 15 21.404929909900691
21 16 20.250856065687902
21 17 19.152681736253651
21 18 18.108155112037956
21 19 17.114994901033665
21 20 16.170941619276373
21 21 15.273904797951916
21 22 14.421669364883554
21 23 13.612332003367628
21 24 12.843758390037321
21 25 12.114217589511782
21 26 11.4216806635045
21 27 10.764569449309814
21 28 10.14097604503708
21 29 9.5494546807412792
21 30 8.9882270363981931
21 31 8.4559609662835413
21 32 7.9510105971732852
21 33 7.472141404026293
21 34 7.0178383341944794
21 35 6.5869515525192908
21 36 6.1780917660390786
21 37 5.7901837468214161
21 38 5.4219564196119814
21 39 5.0724014174539285
21 40 4.7403567026045348
21 41 4.4248747407314966
21 42 4.1248924256904607
21 43 3.8395181418370394
21 44 3.5677772496314577
21 45 3.3088297360858769
21 46 3.0617790211694356
21 47 2.8258325795374017
21 48 2.6001618182705659
21 49 2.3840175126853222
21 50 2.1766294712067826
21 51 1.9772873412917096
21 52 1.7852703233530147
21 53 1.5999023268524959
21 54 1.4205033735138466
21 55 1.2464249838518004
21 56 1.0770180557597615
21 57 0.91167187165963604
21 58 0.74981132011164298
21 59 0.59076656296697216
21 60 0.43326914220926649
21 61 0.27627630888950372
21 62 0.12611356591498601
21 63 0
22 0 0
22 1 41.708406532196307
22 2 39.798142042918293
22 3 37.771614749203103
22 4 35.902323977941919
22 5 34.115163444694602
22 6 32.397284770665557
22 7 30.752689370310765
22 8 29.17993992568892
22 9 27.676729198824656
22 10 26.241181741011022
22 11 24.871440277714267
22 12 23.565270968887983
22 13 22.320516988737186
22 14 21.134768593080949
22 15 20.005862499540335
22 16 18.931351287225006
22 17 17.909144169162818
22 18 16.936828158567049
22 19 16.012435055894315
22 20 15.133634014991586
22 21 14.298599747245683
22 22 13.50511215252255
22 23 12.751491132210182
22 24 12.035644094005747
22 25 11.356028098170594
22 26 10.710686958870081
22 27 10.098201894985605
22 28 9.5167565658048243
22 29 8.9650418869245314
22 30 8.4413807748540659
22 31 7.9445600312365059
22 32 7.4730381404546256
22 33 7.0256857230576051
22 34 6.6010907304393189
22 35 6.1981976586024841
22 36 5.8157160073044034
22 37 5.4526562485459502
22 38 5.1078402422678444
22 39 4.780338241156656
22 40 4.4690745119027886
22 41 4.1731741466758772
22 42 3.8916535418526879
22 43 3.6236884859267238
22 44 3.3683772631545268
22 45 3.1249426151736022
22 46 2.8925547719877338
22 47 2.6704797765553088
22 48 2.4579503320819565
22 49 2.2542720103528606
22 50 2.0587310659850688
22 51 1.8706685758335897
22 52 1.6894160196320056
22 53 1.5143457790703072
22 54 1.3448266689945811
22 55 1.1802562417834526
22 56 1.0200314856454356
22 57 0.86358495318300921
22 58 0.71038269141888899
22 59 0.55980040386004115
22 60 0.41064985653250979
22 61 0.26195910306697257
22 62 0.11968789050972183
22 63 0
23 0 0
23 1 38.550034174073545
23 2 36.775879826872327
23 3 34.893495457146273
23 4 33.16060665840552
23 5 31.505871230931081
23 6 29.917254576660966
23 7 28.397421637126495
23 8 26.945469643996415
23 9 25.558412087280015
23 10 24.234850481429632
23 11 22.972373695441512
23 12 21.769211242201589
23 13 20.622826011310373
23 14 19.531240961156232
23 15 18.492042120990934
23 16 17.50317548985959
23 17 16.562400788060533
23 18 15.667657336887038
23 19 14.816903327185841
23 20 14.008120321754824
23 21 13.239464592524552
23 22 12.508991706040099
23 23 11.815041898592883
23 24 11.155765473603564
23 25 10.529666032283433
23 26 9.9350016049621104
23 27 9.3704167985421094
23 28 8.8342846272300637
23 29 8.3253694530683031
23 30 7.8421620580247771
23 31 7.383527940579814
23 32 6.9480748515390385
23 33 6.5347540277713394
23 34 6.1422865369582373
23 35 5.7696971528447936
23 36 5.41581441873958
23 37 5.0797272523399899
23 38 4.7603642636731829
23 39 4.4568713654326446
23 40 4.1682688255674556
23 41 3.8937540389204313
23 42 3.6324300137507257
23 43 3.3835411865299534
23 44 3.1462642746219975
23 45 2.9198869174023541
23 46 2.7036506872565877
23 47 2.4968828318719352
23 48 2.2988812912298986
23 49 2.109009324600942
23 50 1.9266132158224352
23 51 1.7510884815773677
23 52 1.5818222464804741
23 53 1.4182384203953271
23 54 1.2597578435471655
23 55 1.1058271763657344
23 56 0.95589266034483866
23 57 0.80943308785356849
23 58 0.66595843321288972
23 59 0.52489345881456773
23 60 0.38513782315979506
23 61 0.24579629243726575
23 62 0.11241883256239238
23 63 0
24 0 0
24 1 35.154380000225437
24 2 33.53033849256741
24 3 31.807587625810523
24 4 30.223874104137234
24 5 28.714040660166042
24 6 27.265473599196643
24 7 25.88100190290486
24 8 24.558984399527578
24 9 23.297078401679347
24 10 22.093306008095308
24 11 20.945783696888849
24 12 19.852351370184252
24 13 18.810958924991478
24 14 17.819390234528601
24 15 16.875657802203204
24 16 15.977584654510524
24 17 15.123297392018365
24 18 14.310700235840514
24 19 13.53806276259974
24 20 12.803395242652826
24 21 12.105116491814236
24 22 11.441354994822838
24 23 10.810672298554637
24 24 10.211320289998882
24 25 9.6419901749625687
24 26 9.1010582673176561
24 27 8.5873298862195764
24 28 8.0993041171067475
24 29 7.6358849246444285
24 30 7.1956905634612882
24 31 6.7777096863292092
24 32 6.3806745612516238
24 33 6.0036467280139716
24 34 5.6454660412673112
24 35 5.3052573996134873
24 36 4.9819608226719936
24 37 4.674757101276974
24 38 4.3826783002995437
24 39 4.104955313188424
24 40 3.8407037374304376
24 41 3.58920001182249
24 42 3.3496346470698577
24 43 3.1213258748542945
24 44 2.9035306344589022
24 45 2.695605638228654
24 46 2.4968660846002324
24 47 2.3067040139684192
24 48 2.124485144236405
24 49 1.94963365659268
24 50 1.7815585280090114
24 51 1.6197127358603045
24 52 1.4635417630678782
24 53 1.3125239372578346
24 54 1.1661348502547983
24 55 1.0238730887975862
24 56 0.88523688225819752
24 57 0.74975393819650604
24 58 0.61698057150874641
24 59 0.48639375979460081
24 60 0.35698794143222584
24 61 0.22794987914741127
24 62 0.10437976054670445
24 63 0
25 0 0
25 1 31.546052541572237
25 2 30.086204675049476
25 3 28.536466198272688
25 4 27.114317327673646
25 5 25.759892548664425
25 6 24.461727825773259
25 7 23.221465052496374
25 8 22.038083155361882
25 9 20.908811466674901
25 10 19.832202036998115
25 11 18.806030116205218
25 12 17.828630334178598
25 13 16.897758828308543
25 14 16.011648273407928
25 15 15.168216006510894
25 16 14.365684768199317
25 17 13.602157748288272
25 18 12.875892584305214
25 19 12.185185027802174
25 20 11.528356844047497
25 21 10.903885878417647
25 22 10.31017530664738
25 23 9.7458662733124104
25 24 9.2094535476259072
25 25 8.6997197585557657
25 26 8.215256765516525
25 27 7.754967109088736
25 28 7.3175418918748028
25 29 6.9019840727804684
25 30 6.5070835573293166
25 31 6.1319271617418112
25 32 5.7754010486176961
25 33 5.4366624619225306
25 34 5.1146895689215652
25 35 4.808699533287478
25 36 4.5177569519583418
25 37 4.2411308842996602
25 38 3.9779658421519861
25 39 3.7275767076319957
25 40 3.4891808193278231
25 41 3.2621342237808126
25 42 3.045719751192955
25 43 2.8393308874129626
25 44 2.6423086387896322
25 45 2.4540807436117906
25 46 2.2740392848918121
25 47 2.1016433067456206
25 48 1.936329211043899
25 49 1.7775844359851454
25 50 1.6248833454521205
25 51 1.4777387639088548
25 52 1.3356570970852146
25 53 1.1981734900699126
25 54 1.064820771217349
25 55 0.93515185880026019
25 56 0.80871941613657228
25 57 0.68510237863023749
25 58 0.56390553670178278
25 59 0.44466084949302165
25 60 0.32646367068878629
25 61 0.20858740990630054
25 62 0.095646667187148968
25 63 0
26 0 0
26 1 27.754368821310848
26 2 26.469657308711458
26 3 25.105244658503047
26 4 23.85460860958495
26 5 22.665368166345999
26 6 21.525924061706473
26 7 20.438088720431931
26 8 19.400336860880156
26 9 18.410617812803316
26 10 17.467115670272062
26 11 16.56817034143274
26 12 15.711910891718906
26 13 14.896602578910231
26 14 14.120392955253118
26 15 13.381636340572566
26 16 12.678557151585018
26 17 12.009629412367548
26 18 11.373174149900867
26 19 10.767799356036484
26 20 10.191931788733669
26 21 9.6443118318114358
26 22 9.1234737646210196
26 23 8.6282804317478714
26 24 8.1573720890480637
26 25 7.7097203123889475
26 26 7.284068183503094
26 27 6.87948136979462
26 28 6.4948017658276713
26 29 6.1291753011436665
26 30 5.7815380439914152
26 31 5.4511040677766696
26 32 5.1368983992575394
26 33 4.8381931896789316
26 34 4.554096663746086
26 35 4.2839310119948202
26 36 4.0268814294852886
26 37 3.782313891363231
26 38 3.5494840025237973
26 39 3.3277967000136561
26 40 3.1165712741400999
26 41 2.9152478529092418
26 42 2.7232026983373401
26 43 2.5399080552719999
26 44 2.3647906088399782
26 45 2.1973520449012969
26 46 2.0370632054527875
26 47 1.8834527109637664
26 48 1.7360296498649015
26 49 1.5943470810459131
26 50 1.4579468127565367
26 51 1.3264037541339486
26 52 1.1992873080751396
26 53 1.0761915967539459
26 54 0.95670875883697915
26 55 0.84044816317796467
26 56 0.72701898293756062
26 57 0.61605339600025921
26 58 0.50720648864929352
26 59 0.40006760911570743
26 60 0.29383838073574331
26 61 0.18788289507147765
26 62 0.086298646626424752
26 63 0
27 0 0
27 1 23.803901402394011
27 2 22.70521730656306
27 3 21.536250693862879
27 4 20.466562969669965
27 5 19.450329165208188
27 6 18.477391313963142
27 7 17.548520754912481
27 8 16.662883722596057
27 9 15.818217643626408
27 10 15.013281754190537
27 11 14.246251343287256
27 12 13.515777241793153
27 13 12.820080651176793
27 14 12.157772493973551
27 15 11.527233119964414
27 16 10.927093385711265
27 17 10.355899646509641
27 18 9.8123289681074901
27 19 9.2950895870639165
27 20 8.8029207393277957
27 21 8.3346782220148228
27 22 7.8891718157679849
27 23 7.4653863848904392
27 24 7.0622064344003999
27 25 6.6787266648178258
27 26 6.313907876314282
27 27 5.9669366216026392
27 28 5.6368497659318475
27 29 5.3229099959605861
27 30 5.0242286109655803
27 31 4.7401313581011495
27 32 4.4698011750827398
27 33 4.2126164128067822
27 34 3.9678278851658728
27 35 3.7348584358767969
27 36 3.5130222345832371
27 37 3.3017804570302323
27 38 3.1005055746566805
27 39 2.9086924478981979
27 40 2.7257664882772801
27 41 2.5512526866340139
27 42 2.3846239318288989
27 43 2.2254325153357972
27 44 2.0731934105653842
27 45 1.9274838057667623
27 46 1.7878555619030956
27 47 1.6539085619867648
27 48 1.5252266324535191
27 49 1.4014301963415043
27 50 1.2821304324420064
27 51 1.1669660969613376
27 52 1.055571439645786
27 53 0.94760132218984261
27 54 0.84270899596880022
27 55 0.74056204270243797
27 56 0.64082792619882822
27 57 0.54319375626946109
27 58 0.44736646421587822
27 59 0.35299482735744414
27 60 0.25939132741508786
27 61 0.16601416013564999
27 62 0.076416599581233521
27 63 0
28 0 0
28 1 19.724134701006591
28 2 18.819092730669016
28 3 17.854439327618817
28 4 16.972660628073555
28 5 16.136409871817996
28 6 15.335767823669448
28 7 14.571685890015754
28 8 13.843016383668607
28 9 13.148276759376419
28 10 12.486025384066989
28 11 11.855031904340199
28 12 11.253882578762354
28 13 10.681325755299465
28 14 10.13600209178094
28 15 9.616738101436999
28 16 9.1222571515806958
28 17 8.651480683894583
28 18 8.2032194548888686
28 19 7.7764958597528677
28 20 7.3702076032906083
28 21 6.9834742308901978
28 22 6.6152767910399968
28 23 6.2648232260798631
28 24 5.9311734539702297
28 25 5.6136130386291159
28 26 5.3112762428274856
28 27 5.0235152678417032
28 28 4.7495343609661074
28 29 4.4887422186199375
28 30 4.2404088155296451
28 31 4.0039905673974436
28 32 3.7788188941010574
28 33 3.5643906909528615
28 34 3.3600944210202783
28 35 3.1654616967226956
28 36 2.9799334757749567
28 37 2.8030716088284242
28 38 2.6343648892812679
28 39 2.4734019532904052
28 40 2.3197147379543397
28 41 2.1729159679078935
28 42 2.0325760921411029
28 43 1.8983297330527333
28 44 1.769781367474659
28 45 1.6465856224627764
28 46 1.5283767342965584
28 47 1.414827579206194
28 48 1.3055981421285161
28 49 1.2003778187094116
28 50 1.0988486026736985
28 51 1.0007146322771696
28 52 0.90567645265933727
28 53 0.81345115447246163
28 54 0.72375454631209424
28 55 0.6363138896349162
28 56 0.55085638356136557
28 57 0.46712546462441296
28 58 0.38488116927678073
28 59 0.30383339002348636
28 60 0.2234092729643174
28 61 0.14316393595556934
28 62 0.066083793057919768
28 63 0
29 0 0
29 1 15.539605749596936
29 2 14.835659410443904
29 3 14.081950213070856
29 4 13.394427217928278
29 5 12.743211311189402
29 6 12.120046634472317
29 7 11.524959340616965
29 8 10.957544373673024
29 9 10.41626560185072
29 10 9.9002897112143309
29 11 9.4083482216824432
29 12 8.9395691104535508
29 13 8.4927613709931187
29 14 8.0670401139743344
29 15 7.6613409118020739
29 16 7.2747991550567255
29 17 6.9064730147118052
29 18 6.5555320116232147
29 19 6.2211478095178361
29 20 5.902532150538395
29 21 5.5989567977463066
29 22 5.3096796706918452
29 23 5.0340581069524042
29 24 4.7713979222534144
29 25 4.5211280830567819
29 26 4.2826026482936541
29 27 4.0553097523698201
29 28 3.8386510969289191
29 29 3.6321634006984174
29 30 3.4352946604989558
29 31 3.2476215397278554
29 32 3.0686363527281126
29 33 2.8979488807652749
29 34 2.7350932509460599
29 35 2.579707106958554
29 36 2.4313634716589041
29 37 2.2897238762632637
29 38 2.1543970376690855
29 39 2.0250653827919898
29 40 1.9013699660638259
29 41 1.783011825757242
29 42 1.669660961936543
29 43 1.5610352109404431
29 44 1.4568301897524645
29 45 1.3567790012588261
29 46 1.2605996858141977
29 47 1.1680392218771691
29 48 1.0788350592233076
29 49 0.99274670395264497
29 50 0.90952819824129438
29 51 0.82895020772197014
29 52 0.75078076222804335
29 53 0.6748003241881313
29 54 0.60078842151110456
29 55 0.52853313722656825
29 56 0.45782255612324946
29 57 0.38845753342896533
29 58 0.32025220757521883
29 59 0.25297891852200421
29 60 0.18618250958174248
29 61 0.1195172403394288
29 62 0.055384574474144077
29 63 0
30 0 0
30 1 11.279866867977175
30 2 10.781119563096453
30 3 10.243601172612713
30 4 9.7541976551362559
30 5 9.2921426471885162
30 6 8.8496784176483416
30 7 8.4270200187941562
30 8 8.0235729625923593
30 9 7.6386198015343831
30 10 7.2712343309930434
30 11 6.9207618770704045
30 12 6.586355052164663
30 13 6.267361911907666
30 14 5.9629986889687974
30 15 5.6726534510252726
30 16 5.3956096701823402
30 17 5.1313038525548258
30 18 4.8790816256698584
30 19 4.6384305978134881
30 20 4.408752860938371
30 21 4.1895852395679833
30 22 3.9803806294951776
30 23 3.7807208064061912
30 24 3.5901045288593654
30 25 3.4081532451456358
30 26 3.2344074370452156
30 27 3.0685227977212874
30 28 2.9100780550888055
30 29 2.7587580867063566
30 30 2.6141768424910676
30 31 2.476043960782361
30 32 2.3440058510404542
30 33 2.2177932239903235
30 34 2.0970823121882325
30 35 1.9816219298078841
30 36 1.8711155482404203
30 37 1.7653277502811981
30 38 1.6639866915910169
30 39 1.5668709024261567
30 40 1.4737307096431118
30 41 1.3843571535743306
30 42 1.2985202895895378
30 43 1.2160224927405423
30 44 1.1366512067939805
30 45 1.0602191250491306
30 46 0.98652886838184095
30 47 0.91540251084282687
30 48 0.84665578379491013
30 49 0.78011922688245339
30 50 0.71561976253857085
30 51 0.65299546557110455
30 52 0.59208268526298879
30 53 0.53272611251810364
30 54 0.47476982738907469
30 55 0.41806357942120748
30 56 0.36245717236871355
30 57 0.30780968217226973
30 58 0.25399007225223125
30 59 0.20083411294608269
30 60 0.14800659334663371
30 61 0.095262538776343803
30 62 0.044404964063138874
30 63 0
31 0 0
31 1 6.9694253279306775
31 2 6.6797455162250312
31 3 6.3614102089105922
31 4 6.0733108122563442
31 5 5.8026435572515433
31 6 5.543447246197827
31 7 5.2950786125256064
31 8 5.0577120553442221
31 9 4.8306619704648002
31 10 4.6136285163124393
31 11 4.4059863531382213
31 12 4.2074406605094463
31 13 4.0174550788433177
31 14 3.8357264486906821
31 15 3.6617948902995736
31 16 3.4953591763971539
31 17 3.3360255059500452
31 18 3.1835000604436181
31 19 3.0374445664165752
31 20 2.8975763271132648
31 21 2.7636028926318041
31 22 2.6352550806927386
31 23 2.5122777465935151
31 24 2.3944167045513782
31 25 2.2814469037623741
31 26 2.1731299575231655
31 27 2.0692649761954485
31 28 1.9696296412413403
31 29 1.8740424629174621
31 30 1.7822970282468384
31 31 1.6942275105344584
31 32 1.6096428908585938
31 33 1.528390130581569
31 34 1.4502928203008891
31 35 1.3752085334550146
31 36 1.3029744852909499
31 37 1.2334572311593066
31 38 1.1665064943707768
31 39 1.1019965907635283
31 40 1.0397885651554488
31 41 0.97976356407634613
31 42 0.92179274933291078
31 43 0.86576336449319136
31 44 0.81155550625321138
31 45 0.75906190362572634
31 46 0.70817045671499801
31 47 0.65877883609483079
31 48 0.61078168127741861
31 49 0.56408109069997558
31 50 0.51857745245604547
31 51 0.47417678450670186
31 52 0.43078431705051506
31 53 0.38830950473940512
31 54 0.34666152714951848
31 55 0.30575233658444267
31 56 0.2654939971240789
31 57 0.22580431668766326
31 58 0.18660754912075167
31 59 0.14780353180638131
31 60 0.10917847134467727
31 61 0.07058919339583114
31 62 0.033231399133522584
31 63 0
32 0 0
32 1 2.6378398544738615
32 2 2.5577178504632259
32 3 2.4601057233269441
32 4 2.3740147741150444
32 5 2.295995388535661
32 6 2.2207003574211717
32 7 2.1476808296198318
32 8 2.076967127320704
32 9 2.0087061993403865
32 10 1.9425455333863946
32 11 1.8784809031046479
32 12 1.8162747261867858
32 13 1.7559341927082237
32 14 1.6972830272171688
32 15 1.6403163334131055
32 16 1.5849008178903838
32 17 1.5310224081389465
32 18 1.478578426145887
32 19 1.4275474185177486
32 20 1.3778482744041254
32 21 1.3294543073805749
32 22 1.2822996395481101
32 23 1.2363542691671201
32 24 1.1915631065762242
32 25 1.147894359731545
32 26 1.1053006237664509
32 27 1.063749426012641
32 28 1.0231988845212976
32 29 0.9836165892257952
32 30 0.94496467528387762
32 31 0.90721124749673732
32 32 0.87032140581602402
32 33 0.83426400841575765
32 34 0.79900637899176341
32 35 0.76451822094298671
32 36 0.73076855324949597
32 37 0.697727922701883
32 38 0.66536666014434964
32 39 0.63365609919463917
32 40 0.60256759855308961
32 41 0.57207319435141124
32 42 0.54214505808939661
32 43 0.51275583398093394
32 44 0.4838783400477511
32 45 0.45548573482135046
32 46 0.42755135199903616
32 47 0.40004877740412659
32 48 0.37295175616217124
32 49 0.34623422387726044
32 50 0.31987025235363459
32 51 0.29383405947353447
32 52 0.26809998353414322
32 53 0.24264248797368965
32 54 0.21743608278776208
32 55 0.19245516302864149
32 56 0.16767428624657826
32 57 0.1430702168182782
32 58 0.11862269798193539
32 59 0.094295924257297367
32 60 0.069998206548383721
32 61 0.04568861495426401
32 62 0.021951320450135484
32 63 0
33 0 0
33 1 -1.6904039043608101
33 2 -1.5607405167975923
33 3 -1.4383460278678843
33 4 -1.322426691076328
33 5 -1.2084247942605757
33 6 -1.0998575754579414
33 7 -0.99802384269043209
33 8 -0.90212540137353403
33 9 -0.81197847073111262
33 10 -0.72730796388247776
33 11 -0.64808459870868429
33 12 -0.57399272709520344
33 13 -0.50490650851286811
33 14 -0.44052115785140372
33 15 -0.38068723358434875
33 16 -0.32512238582145109
33 17 -0.27366929360573494
33 18 -0.22606978799058289
33 19 -0.18216993239125912
33 20 -0.14173535275697924
33 21 -0.10462104993299579
33 22 -0.070614713036089391
33 23 -0.039582528819288053
33 24 -0.011332267834445266
33 25 0.014258353381266728
33 26 0.0373633207409267
33 27 0.05809403888238851
33 28 0.076607832458259639
33 29 0.093006302918783382
33 30 0.10743146753784003
33 31 0.11997628723140268
33 32 0.1307686694275369
33 33 0.13989400310566694
33 34 0.14746719639584829
33 35 0.15356696288772623
33 36 0.15829628267793666
33 37 0.16172790503858542
33 38 0.16395393736090777
33 39 0.16504171356767786
33 40 0.16507351185751987
33 41 0.16411167817500913
33 42 0.16222968571635563
33 43 0.15948524263640496
33 44 0.15594400992354893
33 45 0.15165937115506992
33 46 0.14669012503591392
33 47 0.14108563868089835
33 48 0.13489874772849067
33 49 0.12817512790709218
33 50 0.12096249634798421
33 51 0.11330319282650464
33 52 0.10524061407316836
33 53 0.096814163940178083
33 54 0.088063628007609029
33 55 0.079025780734559056
33 56 0.06973761565529786
33 57 0.060234791455789631
33 58 0.050552484473242024
33 59 0.040719192859774551
33 60 0.030765240899521561
33 61 0.02075180137628822
33 62 0.010651959582388232
33 63 0
34 0 0
34 1 -5.985781288232582
34 2 -5.6494759355892468
34 3 -5.3092441781821167
34 4 -4.9937876830588204
34 5 -4.6893581370501316
34 6 -4.3988970573974377
34 7 -4.1235076571209666
34 8 -3.8625740636009329
34 9 -3.6150920672841185
34 10 -3.380869615444873
34 11 -3.1592618223933835
34 12 -2.9499212811067888
34 13 -2.7521820152594949
34 14 -2.5656327912391097
34 15 -2.3896709011773929
34 16 -2.2238619457903459
34 17 -2.0676696493982143
34 18 -1.9206567743001632
34 19 -1.7823528829256157
34 20 -1.6523310255224273
34 21 -1.5301806074871289
34 22 -1.4154926495689955
34 23 -1.3079083742373163
34 24 -1.2070413010273744
34 25 -1.1125761445818987
34 26 -1.0241514624047094
34 27 -0.94148778048698334
34 28 -0.86424990948993374
34 29 -0.79218759215921197
34 30 -0.72499215839429132
34 31 -0.66243719215126795
34 32 -0.60424008963162046
34 33 -0.55019407054591696
34 34 -0.50004159016386518
34 35 -0.45359232095455004
34 36 -0.41061235328713752
34 37 -0.37092546019953065
34 38 -0.33431965066923974
34 39 -0.30063107693008395
34 40 -0.26966776974428586
34 41 -0.24127698415077167
34 42 -0.21528479228592581
34 43 -0.19154856175210055
34 44 -0.1699104196624692
34 45 -0.15023701591953986
34 46 -0.13238459680945527
34 47 -0.11622833114613448
34 48 -0.10163673519584822
34 49 -0.088492737287625342
34 50 -0.076675379533473517
34 51 -0.066074555361976595
34 52 -0.056578192712209686
34 53 -0.048082305584637053
34 54 -0.040482203454822299
34 55 -0.033679091619421578
34 56 -0.02757390566914306
34 57 -0.022072441054890611
34 58 -0.017084410546035156
34 59 -0.012517412027320625
34 60 -0.0082199832321605461
34 61 -0.0040295799827587504
34 62 -0.00057911016157655734
34 63 0
35 0 0
35 1 -10.223819484502188
35 2 -9.6842565880926976
35 3 -9.1306033780390941
35 4 -8.6187650988837738
35 5 -8.1273920308149421
35 6 -7.6576628206398567
35 7 -7.2115810576581056
35 8 -6.7877912677409906
35 9 -6.3853278638208275
35 10 -6.0033868080460842
35 11 -5.6413487581863491
35 12 -5.2983226263897789
35 13 -4.9735724977640769
35 14 -4.6662113540651529
35 15 -4.375520468613141
35 16 -4.1006524169517871
35 17 -3.8409289952271863
35 18 -3.5955533476115611
35 19 -3.3639018695006078
35 20 -3.1452327758845708
35 21 -2.9389803068585372
35 22 -2.7444578310194707
35 23 -2.5611549168162364
35 24 -2.3884384111624173
35 25 -2.2258478626069045
35 26 -2.0728012662327102
35 27 -1.9288818052795265
35 28 -1.7935560848571144
35 29 -1.6664446677070144
35 30 -1.5470601315967745
35 31 -1.4350548340840668
35 32 -1.3299845720086261
35 33 -1.2315288276702161
35 34 -1.1392837140924752
35 35 -1.0529521117538363
35 36 -0.97216739387718265
35 37 -0.89665295726456073
35 38 -0.82607625968674381
35 39 -0.7601790139283281
35 40 -0.69865952729172387
35 41 -0.64127612671101064
35 42 -0.58775474566049624
35 43 -0.53786894849382605
35 44 -0.4913691500947589
35 45 -0.44804295388227905
35 46 -0.40766224269417833
35 47 -0.37002752640173969
35 48 -0.33492930728919207
35 49 -0.30217985699151467
35 50 -0.27158562813015008
35 51 -0.24296944840357437
35 52 -0.2161512264899525
35 53 -0.19096307256172232
35 54 -0.16723604661675995
35 55 -0.14481000044554787
35 56 -0.12352445504021115
35 57 -0.10322729815682856
35 58 -0.083773710599893011
35 59 -0.065008131434561051
35 60 -0.046659611934555652
35 61 -0.028465555393774711
35 62 -0.011655137330341679
35 63 0
36 0 0
36 1 -14.375066727903045
36 2 -13.638960062101269
36 3 -12.877687595578866
36 4 -12.175090107806975
36 5 -11.501184450330323
36 6 -10.856757262271344
36 7 -10.243618957138162
36 8 -9.6607137723175285
36 9 -9.1062926718342769
36 10 -8.5797327357434128
36 11 -8.0798167345378538
36 12 -7.6057037462480093
36 13 -7.1561286154311823
36 14 -6.7301637361360429
36 15 -6.3266427285005813
36 16 -5.9446175213868733
36 17 -5.5830336371069897
36 18 -5.2409544252860751
36 19 -4.9174410584094499
36 20 -4.6115886804929538
36 21 -4.3225667581642133
36 22 -4.0495138880800843
36 23 -3.7916955435837325
36 24 -3.5483004501544344
36 25 -3.318676280064361
36 26 -3.1020654294500547
36 27 -2.8978844314070682
36 28 -2.7054307817220749
36 29 -2.5241780524838302
36 30 -2.3534787100979955
36 31 -2.1928534909342074
36 32 -2.0417084809683606
36 33 -1.8996036980651234
36 34 -1.7659965248715481
36 35 -1.6404801870140608
36 36 -1.5225602937964138
36 37 -1.4118587136539822
36 38 -1.3079256822312852
36 39 -1.2104083130453791
36 40 -1.1188975424322594
36 41 -1.0330631662798733
36 42 -0.95253275253323288
36 43 -0.87699675977111058
36 44 -0.80611532351429116
36 45 -0.73959785214337403
36 46 -0.6771330991199338
36 47 -0.61844784003613185
36 48 -0.56325568098792356
36 49 -0.51129919209918984
36 50 -0.4623132856655669
36 51 -0.4160546880275709
36 52 -0.37227629650976846
36 53 -0.33074728097391642
36 54 -0.29123543454210216
36 55 -0.25352021788051377
36 56 -0.21738070888910316
36 57 -0.18260781430462239
36 58 -0.14900303401268791
36 59 -0.11634874152093144
36 60 -0.084256936071245236
36 61 -0.052366880030690927
36 62 -0.022489699649324301
36 63 0
37 0 0
37 1 -18.415054857090855
37 2 -17.489291298699783
37 3 -16.52842280616186
37 4 -15.64130898551141
37 5 -14.791189245100107
37 6 -13.977245785578335
37 7 -13.202289373991997
37 8 -12.464577736733741
37 9 -11.762548848301858
37 10 -11.094998677270427
37 11 -10.460853474046482
37 12 -9.8587473726141202
37 13 -9.287443490106865
37 14 -8.745548717757778
37 15 -8.2318587165074586
37 16 -7.7450173922449101
37 17 -7.2838889572120564
37 18 -6.8471793833178509
37 19 -6.4338428274772212
37 20 -6.0426607025630679
37 21 -5.6726819248912372
37 22 -5.3227683536338368
37 23 -4.9920595014525322
37 24 -4.6794986058474803
37 25 -4.384307141002151
37 26 -4.1055085469995198
37 27 -3.842396022626021
37 28 -3.5940708685369684
37 29 -3.3598878975325466
37 30 -3.1390231457993361
37 31 -2.9308839923111041
37 32 -2.7347174469100155
37 33 -2.5499758708873692
37 34 -2.3759729311380284
37 35 -2.2121999047335787
37 36 -2.058032339349106
37 37 -1.9129957229582868
37 38 -1.7765223753249071
37 39 -1.6481683897859518
37 40 -1.5274175663208047
37 41 -1.4138538013863249
37 42 -1.3070070507834779
37 43 -1.2064867338595893
37 44 -1.1118637378289384
37 45 -1.0227710085128916
37 46 -0.93881534129600464
37 47 -0.85965131316868226
37 48 -0.78491687008692801
37 49 -0.71428630001245286
37 50 -0.64742423610549538
37 51 -0.58402265317202828
37 52 -0.52376870396652209
37 53 -0.46636992515239578
37 54 -0.41153210687427544
37 55 -0.35897560368592324
37 56 -0.30842031472040882
37 57 -0.25960139303875912
37 58 -0.21226777026339094
37 59 -0.16614119982137662
37 60 -0.12071983512131168
37 61 -0.075547303827664211
37 62 -0.032997817607163173
37 63 0
38 0 0
38 1 -22.314461619488636
38 2 -21.209171977391001
38 3 -20.05798758084568
38 4 -18.995050094232521
38 5 -17.975882830003339
38 6 -16.999578070523864
38 7 -16.068757077832796
38 8 -15.18216058769778
38 9 -14.337501617205362
38 10 -13.533914441687752
38 11 -12.769755520962638
38 12 -12.043842604801187
38 13 -11.354426681184412
38 14 -10.700183027856982
38 15 -10.07946821850161
38 16 -9.4909118041234546
38 17 -8.9330055102985568
38 18 -8.4043823284233934
38 19 -7.9036827003328272
38 20 -7.429575772566845
38 21 -6.980846493154699
38 22 -6.5562200621435665
38 23 -6.1546128564174971
38 24 -5.7748183312652994
38 25 -5.4158675647706094
38 26 -5.0766293943062522
38 27 -4.7562324406350882
38 28 -4.4536244915603458
38 29 -4.1680159524462734
38 30 -3.8984344482429303
38 31 -3.6441586927147722
38 32 -3.4042949200574322
38 33 -3.1781792147138708
38 34 -2.9649935147360815
38 35 -2.7641227439177367
38 36 -2.5748203516142749
38 37 -2.3965136273257914
38 38 -2.2285224200850724
38 39 -2.0703115269753729
38 40 -1.9212615067725689
38 41 -1.7808709704077654
38 42 -1.6485752163465583
38 43 -1.5239037332202183
38 44 -1.4063405507342432
38 45 -1.2954435227011494
38 46 -1.1907395413189854
38 47 -1.091812485279716
38 48 -0.99822649546678077
38 49 -0.90958913541172393
38 50 -0.82549649460441321
38 51 -0.74557737392557111
38 52 -0.66945484434257019
38 53 -0.59677638826496648
38 54 -0.52718741075896403
38 55 -0.46035073878315069
38 56 -0.39592868993755465
38 57 -0.33360218326203428
38 58 -0.27306898085270054
38 59 -0.21399201342158422
38 60 -0.15575957523719564
38 61 -0.097822765055737795
38 62 -0.04309553935489939
38 63 0
39 0 0
39 1 -26.048817583836254
39 2 -24.774201626344155
39 3 -23.444153408571687
39 4 -22.21460708896992
39 5 -21.035487640433534
39 6 -19.904514769754819
39 7 -18.825441446683918
39 8 -17.796395235587614
39 9 -16.815482522006452
39 10 -15.881299564913954
39 11 -14.992514221295723
39 12 -14.147445254804749
39 13 -13.344514782397585
39 14 -12.581946475990057
39 15 -11.858174740178326
39 16 -11.171427376136226
39 17 -10.52020632463543
39 18 -9.9027894621011505
39 19 -9.3177810188665937
39 20 -8.76353705415214
39 21 -8.2387758285736599
39 22 -7.7419462605248306
39 23 -7.2718792396429777
39 24 -6.8271237182253577
39 25 -6.4066147612275923
39 26 -6.0090040142216443
39 27 -5.6333192321609289
39 28 -5.2783145327498282
39 29 -4.9430983650100524
39 30 -4.6265250639976125
39 31 -4.3277727070633976
39 32 -4.0457920253050288
39 33 -3.779821275209128
39 34 -3.5289025148293702
39 35 -3.2923265279554181
39 36 -3.0692206652809912
39 37 -2.8589222503269656
39 38 -2.6606372102659699
39 39 -2.473744783092414
39 40 -2.297522355362851
39 41 -2.131387451281558
39 42 -1.9746816579876836
39 43 -1.8268577972837632
39 44 -1.6873144739831292
39 45 -1.5555371518120815
39 46 -1.4309745091805344
39 47 -1.3131420927292785
39 48 -1.20153205371584
39 49 -1.0956873969764267
39 50 -0.99513753843777941
39 51 -0.89945015012870977
39 52 -0.80818610896149701
39 53 -0.7209348138988938
39 54 -0.63728317291577252
39 55 -0.55683841660577482
39 56 -0.47920717128472162
39 57 -0.40401796332772655
39 58 -0.33091905271560268
39 59 -0.25951670979257352
39 60 -0.18909412002513534
39 61 -0.11901356630004389
39 62 -0.052701006114462351
39 63 0
40 0 0
40 1 -29.589021498540344
40 2 -28.158376171647276
40 3 -26.661988092042002
40 4 -25.277456437872161
40 5 -23.948214946721087
40 6 -22.672271067789396
40 7 -21.453189668054378
40 8 -20.289808908054283
40 9 -19.179585057267722
40 10 -18.121654411049409
40 11 -17.114150674517845
40 12 -16.155752484978048
40 13 -15.244391184725268
40 14 -14.378506477579604
40 15 -13.55610372798585
40 16 -12.77551599227718
40 17 -12.034876366153183
40 18 -11.33248426654303
40 19 -10.666630798707466
40 20 -10.035632942329466
40 21 -9.4379447114118964
40 22 -8.8719341428015941
40 23 -8.3362090729179759
40 24 -7.8292107028716407
40 25 -7.3496846967448901
40 26 -6.8961595716910793
40 27 -6.4675005364017313
40 28 -6.0623317565443582
40 29 -5.6796202323344067
40 30 -5.3180896418129366
40 31 -4.9767930741051387
40 32 -4.6545540584321659
40 33 -4.350498745230337
40 34 -4.063548077769469
40 35 -3.7928909541736511
40 36 -3.5375411753711528
40 37 -3.2967424784815504
40 38 -3.0695954438064463
40 39 -2.8553926632579061
40 40 -2.6533144316747088
40 41 -2.4626976090796817
40 42 -2.2827946114590154
40 43 -2.1129828855912298
40 44 -1.952579213472698
40 45 -1.8009984409773174
40 46 -1.6576140691943737
40 47 -1.5218753365424771
40 48 -1.3932051017417848
40 49 -1.2710839563493741
40 50 -1.1549771357954213
40 51 -1.0443933795332667
40 52 -0.93883373953507476
40 53 -0.8378317415223403
40 54 -0.74091808922558577
40 55 -0.64764663207036388
40 56 -0.55757056052365317
40 57 -0.47026814459583255
40 58 -0.38534011978894478
40 59 -0.30233861449305616
40 60 -0.22044723368555943
40 61 -0.13894376619964507
40 62 -0.061734133699493425
40 63 0
41 0 0
41 1 -32.910601849518017
41 2 -31.33716798301656
41 3 -29.689050084113685
41 4 -28.161553233900012
41 5 -26.693959165648586
41 6 -25.283183951522588
41 7 -23.934060787650047
41 8 -22.644902079649299
41 9 -21.413799586588482
41 10 -20.239402765329942
41 11 -19.120360683980739
41 12 -18.054883476999585
41 13 -17.041252965890042
41 14 -16.077472852458531
41 15 -15.161775955270796
41 16 -14.292099598686194
41 17 -13.466708420711244
41 18 -12.683547645982516
41 19 -11.940968174820496
41 20 -11.236972809508828
41 21 -10.570023375125535
41 22 -9.9382104410272696
41 23 -9.3401132970613396
41 24 -8.7739283660036644
41 25 -8.2383483665995492
41 26 -7.731685638972464
41 27 -7.2527369337222147
41 28 -6.7999350491430004
41 29 -6.3721694430135152
41 30 -5.9679938959181555
41 31 -5.5863794085363221
41 32 -5.225998220331272
41 33 -4.8858929794098431
41 34 -4.5648495187451488
41 35 -4.2619739338092391
41 36 -3.9761590299371745
41 37 -3.7065678309367178
41 38 -3.4521922627117405
41 39 -3.2122471729717246
41 40 -2.985814999342006
41 41 -2.7721583461681369
41 42 -2.5704412071895302
41 43 -2.3799705225933088
41 44 -2.1999828718057954
41 45 -2.0298264128044101
41 46 -1.8688015702172567
41 47 -1.7162946376805071
41 48 -1.5716615328339765
41 49 -1.4343234567086953
41 50 -1.3036839356765242
41 51 -1.1791955938522218
41 52 -1.0603021786109703
41 53 -0.94648403363872924
41 54 -0.83721819177530232
41 55 -0.73200774310855488
41 56 -0.63035498386950051
41 57 -0.53179042154590572
41 58 -0.43586951991419182
41 59 -0.34209317006854595
41 60 -0.24955167442356035
41 61 -0.15744327567126562
41 62 -0.070117632306856567
41 63 0
42 0 0
42 1 -35.984817331497744
42 2 -34.284701952742701
42 3 -32.500306546595091
42 4 -30.844189029642518
42 5 -29.250604972493136
42 6 -27.717157170453859
42 7 -26.248485808345027
42 8 -24.843856608150638
42 9 -23.500796014041192
42 10 -22.218719148145507
42 11 -20.995780566192359
42 12 -19.830756136220455
42 13 -18.721460029259614
42 14 -17.66629084049891
42 15 -16.663062035190745
42 16 -15.709965768011459
42 17 -14.804899760124016
42 18 -13.945952319809162
42 19 -13.131159444328979
42 20 -12.358581296084878
42 21 -11.626412722167148
42 22 -10.932738484464599
42 23 -10.275912759543475
42 24 -9.6540818147195235
42 25 -9.065748355918327
42 26 -8.5091453547225999
42 27 -7.9829080603818756
42 28 -7.4853724318441071
42 29 -7.0152890555514587
42 30 -6.5711061754862952
42 31 -6.1516736312063207
42 32 -5.7555557123569479
42 33 -5.3816877115387527
42 34 -5.0287493737126097
42 35 -4.6957502798698725
42 36 -4.38148172160495
42 37 -4.0850188799134344
42 38 -3.8052582829994672
42 39 -3.5413340629406562
42 40 -3.2922400746322711
42 41 -3.0571642478404382
42 42 -2.8351889271939532
42 43 -2.6255516460463437
42 44 -2.4274140081913997
42 45 -2.2400594551258699
42 46 -2.062719618348543
42 47 -1.8947202967546153
42 48 -1.7353541791212623
42 49 -1.5839857734323701
42 50 -1.4399602643268685
42 51 -1.302676974516078
42 52 -1.1715255046332771
42 53 -1.0459358751372827
42 54 -0.92533447744028763
42 55 -0.80917652027121867
42 56 -0.69691636820439917
42 57 -0.58803955075479608
42 58 -0.4820588620738856
42 59 -0.37842721827613307
42 60 -0.27614867417278222
42 61 -0.17434749209755965
42 62 -0.077776806361382109
42 63 0
43 0 0
43 1 -38.787203232846451
43 2 -36.976330156675502
43 3 -35.073056588300261
43 4 -33.302918097809915
43 5 -31.597626439395857
43 6 -29.953996542927555
43 7 -28.378046545241229
43 8 -26.868610837829014
43 9 -25.42410040059012
43 10 -24.043498001714187
43 11 -22.72569420348573
43 12 -21.469028234194191
43 13 -20.271868267731588
43 14 -19.132191978804791
43 15 -18.048216966275476
43 16 -17.017743636710716
43 17 -16.038949518378281
43 18 -15.109566714336948
43 19 -14.227811894456613
43 20 -13.391426706407032
43 21 -12.598710070862065
43 22 -11.847465019790794
43 23 -11.136092414288989
43 24 -10.462490890452189
43 25 -9.8251681775150512
43 26 -9.2221401810247041
43 27 -8.6520179586788277
43 28 -8.1129472223610399
43 29 -7.6036347164164093
43 30 -7.1223616766282154
43 31 -6.6679216111603088
43 32 -6.2387318145856776
43 33 -5.833663996053625
43 34 -5.4512681090773594
43 35 -5.0904866446026418
43 36 -4.7499959015969271
43 37 -4.4288030815375761
43 38 -4.1257024720178155
43 39 -3.839761114774205
43 40 -3.5698816297314746
43 41 -3.3151869076480267
43 42 -3.074677562639148
43 43 -2.8475288509579033
43 44 -2.6328288470302743
43 45 -2.429801856263162
43 46 -2.2376130381566655
43 47 -2.0555323308889299
43 48 -1.8827919939264111
43 49 -1.7187039023346895
43 50 -1.5625579440179767
43 51 -1.4137038527342898
43 52 -1.2714802409317307
43 53 -1.1352703054870168
43 54 -1.0044529980544556
43 55 -0.87843902490616133
43 56 -0.75663804292732684
43 57 -0.63849380536731914
43 58 -0.52347931409294168
43 59 -0.41100319331710577
43 60 -0.29999103078822348
43 61 -0.18949932700343655
43 62 -0.084640530434239039
43 63 0
44 0 0
44 1 -41.289570972532715
44 2 -39.38639096585748
44 3 -37.382220422839602
44 4 -35.514835064980375
44 5 -33.712549268433499
44 6 -31.973224994396301
44 7 -30.302672341351812
44 8 -28.700901736889506
44 9 -27.165846700706528
44 10 -25.697478714763573
44 11 -24.294233600624231
44 12 -22.955233474770456
44 13 -21.678401028341035
44 14 -20.462307441953733
44 15 -19.304758261596604
44 16 -18.203982071442518
44 17 -17.157787972380497
44 18 -16.164197252043593
44 19 -15.221105918047623
44 20 -14.326432616038826
44 21 -13.47820254963692
44 22 -12.674308640227054
44 23 -11.912920959480322
44 24 -11.1919631191493
44 25 -10.509749274983559
44 26 -9.8642741420955442
44 27 -9.2539861729610298
44 28 -8.676978916389201
44 29 -8.1318214885908802
44 30 -7.6167238265986557
44 31 -7.13036151724625
44 32 -6.6710702810425611
44 33 -6.237619267744698
44 34 -5.828472932013895
44 35 -5.4424831686235855
44 36 -5.078241178171905
44 37 -4.7346729835942201
44 38 -4.4104909310123412
44 39 -4.1046884587562245
44 40 -3.8160909909318872
44 41 -3.5437540846847995
44 42 -3.2866066586844616
44 43 -3.0437619816600732
44 44 -2.814242117870188
44 45 -2.5972140582485164
44 46 -2.3917824523495783
44 47 -2.197164073240033
44 48 -2.0125357600367226
44 49 -1.8371599252596165
44 50 -1.6702755890722696
44 51 -1.5111863073324203
44 52 -1.359183779966135
44 53 -1.2136078992906318
44 54 -1.0737940364486696
44 55 -0.93911196379601058
44 56 -0.80893037120818911
44 57 -0.68265470596349764
44 58 -0.5597214674095502
44 59 -0.43949902161584059
44 60 -0.32084305109118638
44 61 -0.20274913522306903
44 62 -0.090641194314673795
44 63 0
45 0 0
45 1 -43.467487756552515
45 2 -41.49015936085317
45 3 -39.404810477603334
45 4 -37.457063185828638
45 5 -35.574344513919115
45 6 -33.754027963676712
45 7 -32.003348489310255
45 8 -30.321979438842444
45 9 -28.70896067980139
45 10 -27.163884238461769
45 11 -25.686134423732259
45 12 -24.274426671874018
45 13 -22.927448121959344
45 14 -21.643361255588726
45 15 -20.420568755066828
45 16 -19.256907544602861
45 17 -18.150636018907171
45 18 -17.099412633117797
45 19 -16.101457665338327
45 20 -15.15436204211049
45 21 -14.256373225172284
45 22 -13.405093491982612
45 23 -12.598834599475451
45 24 -11.835265610325695
45 25 -11.112780661523288
45 26 -10.429153267768454
45 27 -9.7828660441546074
45 28 -9.1718210826939561
45 29 -8.5945887376173573
45 30 -8.0492133964972066
45 31 -7.5343491028251561
45 32 -7.0481882539564102
45 33 -6.5894634353230783
45 34 -6.1565146811316094
45 35 -5.7481480873263635
45 36 -5.3628464463384926
45 37 -4.9994849550217326
45 38 -4.6566811049379311
45 39 -4.3333754589922959
45 40 -4.0283100714132445
45 41 -3.7404876157251139
45 42 -3.468763388243536
45 43 -3.212199104703898
45 44 -2.9697514895730075
45 45 -2.7405381299603451
45 46 -2.5236053714958215
45 47 -2.3181231690713049
45 48 -2.1232160196651875
45 49 -1.9381022610953036
45 50 -1.7619735942865777
45 51 -1.5940921994775348
45 52 -1.4337066476487794
45 53 -1.2801179696749592
45 54 -1.1326218436754143
45 55 -0.99055134197265515
45 56 -0.85323812635142315
45 57 -0.72005332537206357
45 58 -0.59040048362388786
45 59 -0.4636122201741576
45 60 -0.33848355808237002
45 61 -0.2139566869277312
45 62 -0.095715635033438412
45 63 0
46 0 0
46 1 -45.29356342640655
46 2 -43.262304348969423
46 3 -41.115802049548478
46 4 -39.106513777661121
46 5 -37.160181854381847
46 6 -35.275489461923357
46 7 -33.459435538346618
46 8 -31.713033583890663
46 9 -30.034930235016468
46 10 -28.425895322848621
46 11 -26.884894518253027
46 12 -25.411630978383219
46 13 -24.00436484373045
46 14 -22.662054127765586
46 15 -21.382692342470595
46 16 -20.164731553567012
46 17 -19.006055047068138
46 18 -17.904775768547125
46 19 -16.858781954498532
46 20 -15.865982446569122
46 21 -14.924338626204246
46 22 -14.031659295632583
46 23 -13.186014552995802
46 24 -12.385192700671732
46 25 -11.627386312297688
46 26 -10.9104224947838
46 27 -10.232616684136264
46 28 -9.5918773643525252
46 29 -8.9866360554784706
46 30 -8.4149113734147498
46 31 -7.8752412068367619
46 32 -7.3657717718710094
46 33 -6.8851372782488172
46 34 -6.4316199844229001
46 35 -6.0039414059469562
46 36 -5.6005212925002743
46 37 -5.2201609748513444
46 38 -4.8614139554712867
46 39 -4.5231553564452955
46 40 -4.2040650669428627
46 41 -3.9030870931176058
46 42 -3.6190180117138864
46 43 -3.3508664685872023
46 44 -3.0975347187536442
46 45 -2.8580920314816929
46 46 -2.6315347817395445
46 47 -2.4169887253145044
46 48 -2.2135327753713594
46 49 -2.0203446795507642
46 50 -1.8365746087947614
46 51 -1.6614473142602597
46 52 -1.4941734326277571
46 53 -1.3340193059280352
46 54 -1.1802457484874416
46 55 -1.0321534140074327
46 56 -0.88904155705721433
46 57 -0.75025118279315506
46 58 -0.61515694462254644
46 59 -0.48306054940253784
46 60 -0.35270640456879399
46 61 -0.22299145446489763
46 62 -0.09980526154192064
46 63 0
47 0 0
47 1 -46.743446657729287
47 2 -44.678109963606424
47 3 -42.491920912968531
47 4 -40.439889601463967
47 5 -38.448464260357319
47 6 -36.516112364494766
47 7 -34.651206427124578
47 8 -32.854510417632298
47 9 -31.125934689615267
47 10 -29.46591643525716
47 11 -27.874544516997865
47 12 -26.351140350374088
47 13 -24.894923372291888
47 14 -23.50445000540601
47 15 -22.178504608575562
47 16 -20.915141979820635
47 17 -19.712875691106397
47 18 -18.569442979407704
47 19 -17.483217583262913
47 20 -16.451764947092219
47 21 -15.473407066690353
47 22 -14.545646929062562
47 23 -13.666811523075461
47 24 -12.83442205516447
47 25 -12.046844722468451
47 26 -11.301676596691381
47 27 -10.597341993186053
47 28 -9.9315531175285248
47 29 -9.3028015872794008
47 30 -8.7089394326819498
47 31 -8.1485290705528524
47 32 -7.619575614508868
47 33 -7.1207127984902083
47 34 -6.6501032856385072
47 35 -6.2064513036275679
47 36 -5.788074969201273
47 37 -5.3937476834349551
47 38 -5.0219362352844108
47 39 -4.6714816912614383
47 40 -4.3409895970258621
47 41 -4.0293669822729177
47 42 -3.7353463434588994
47 43 -3.4578986225307879
47 44 -3.1958705248999801
47 45 -2.9482943186266857
47 46 -2.7141179310676122
47 47 -2.4924316846660144
47 48 -2.2822719579727675
47 49 -2.0827830871533961
47 50 -1.893077617650567
47 51 -1.7123490703474438
47 52 -1.5397745030699053
47 53 -1.3745911629435417
47 54 -1.2160295733965465
47 55 -1.0633632029835269
47 56 -0.91586357977227706
47 57 -0.77284646709306082
47 58 -0.63366189348584046
47 59 -0.49758606063000754
47 60 -0.36332341514120131
47 61 -0.22973454731558546
47 62 -0.10285694071409372
47 63 0
48 0 0
48 1 -47.790835864553301
48 2 -45.712726003770157
48 3 -43.508348764850794
48 4 -41.433962227577048
48 5 -39.416048870596562
48 6 -37.454500096215675
48 7 -35.557410232122898
48 8 -33.726950417778262
48 9 -31.962712614576375
48 10 -30.266432612417603
48 11 -28.637809705408998
48 12 -27.077317158992798
48 13 -25.583759706868157
48 14 -24.156673112677552
48 15 -22.794429133634448
48 16 -21.495883205420796
48 17 -20.25916030962162
48 18 -19.082627276653092
48 19 -17.964307239989186
48 20 -16.90224084923258
48 21 -15.894444452607551
48 22 -14.938763501863109
48 23 -14.033265676782788
48 24 -13.175705346883689
48 25 -12.364233189799135
48 26 -11.596593037365521
48 27 -10.871032568986974
48 28 -10.185345178314291
48 29 -9.5378787679632957
48 30 -8.9265189017705175
48 31 -8.3497111372069899
48 32 -7.8054611578837108
48 33 -7.2923071366238679
48 34 -6.8083908722203388
48 35 -6.3523375994789317
48 36 -5.9224318082345357
48 37 -5.5173806723439984
48 38 -5.1356108342210538
48 39 -4.7759069782578703
48 40 -4.4368322651838348
48 41 -4.117245022820776
48 42 -3.815835891561254
48 43 -3.5315332243355448
48 44 -3.2631440468209174
48 45 -3.0096630239592423
48 46 -2.7700014327598046
48 47 -2.5432161550581527
48 48 -2.3283102615036197
48 49 -2.1243981817599131
48 50 -1.9305624582362966
48 51 -1.7459697263803313
48 52 -1.569770092601283
48 53 -1.4011764894794683
48 54 -1.2393951610861758
48 55 -1.0836773893483969
48 56 -0.93327262497925945
48 57 -0.78747634314434678
48 58 -0.64561890253498933
48 59 -0.50695666191736077
48 60 -0.37016560335104126
48 61 -0.23407942995777184
48 62 -0.10482334630197507
48 63 0
49 0 0
49 1 -48.411544289284457
49 2 -46.341579322439756
49 3 -44.141561693077662
49 4 -42.065073316993654
49 5 -40.040733497728183
49 6 -38.06844789054248
49 7 -36.157504322623026
49 8 -34.309900034493886
49 9 -32.526546737184525
49 10 -30.808884675326123
49 11 -29.157840600890641
49 12 -27.573523268455471
49 13 -26.055848610831291
49 14 -24.603950774128595
49 15 -23.217165805164193
49 16 -21.893938918344023
49 17 -20.63320316592992
49 18 -19.432929024037712
49 19 -18.291794788756039
49 20 -17.20747403601899
49 21 -16.178497465438923
49 22 -15.202381721691884
49 23 -14.277585232371184
49 24 -13.401575528763018
49 25 -12.572789840454517
49 26 -11.788726930309135
49 27 -11.047836299797554
49 28 -10.347705275901896
49 29 -9.6868169518814025
49 30 -9.0628856240056894
49 31 -8.4744413198792152
49 32 -7.9193484773615461
49 33 -7.3961923919328711
49 34 -6.9029988789343593
49 35 -6.4384137658105782
49 36 -6.0006264374927785
49 37 -5.5883465855073631
49 38 -5.1999227950349329
49 39 -4.8341305919659012
49 40 -4.4894689003747521
49 41 -4.1647799034347104
49 42 -3.858701174561046
49 43 -3.5701412584759837
49 44 -3.2978631396855507
49 45 -3.0408402741453542
49 46 -2.7979472016661808
49 47 -2.5682196584482089
49 48 -2.3506298973430702
49 49 -2.1442721430639855
49 50 -1.9482029163265397
49 51 -1.7615700445869582
49 52 -1.5835014831474064
49 53 -1.4131929147759661
49 54 -1.2498315232539392
49 55 -1.0926528528401596
49 56 -0.94088970747539302
49 57 -0.79382320416548502
49 58 -0.65076905887926917
49 59 -0.51097018391160665
49 60 -0.37308607496653307
49 61 -0.23593384947721979
49 62 -0.10566379318588019
49 63 0
50 0 0
50 1 -48.580678043985031
50 2 -46.540481495267606
50 3 -44.367145174537775
50 4 -42.309932130850441
50 5 -40.299150424455974
50 6 -38.336059976608283
50 7 -36.429614834350367
50 8 -34.583155489623181
50 9 -32.797336423843063
50 10 -31.074914753077632
50 11 -29.416447085662707
50 12 -27.823285901955249
50 13 -26.29493642858586
50 14 -24.831651179137985
50 15 -23.43234217410869
50 16 -22.096418759030701
50 17 -20.822403624674781
50 18 -19.609067255029007
50 19 -18.454710132492437
50 20 -17.357645605694163
50 21 -16.316070446368734
50 22 -15.327994277697092
50 23 -14.391590233866882
50 24 -13.504691092207363
50 25 -12.665497100213877
50 26 -11.87176600344632
50 27 -11.121754879653414
50 28 -10.41322523190936
50 29 -9.7445066026470375
50 30 -9.1134224638334942
50 31 -8.5183817496703664
50 32 -7.9573102790036483
50 33 -7.4286984216464624
50 34 -6.9305997852640964
50 35 -6.4615858015345644
50 36 -6.0198512663063823
50 37 -5.6040472727691313
50 38 -5.2125139028184071
50 39 -4.8439801084763401
50 40 -4.4969285207920295
50 41 -4.1701638868779165
50 42 -3.8623039244370827
50 43 -3.57222673964338
50 44 -3.298674660010978
50 45 -3.0405961448035339
50 46 -2.7968459532023906
50 47 -2.5664391411585519
50 48 -2.3483299665722219
50 49 -2.1415954638062669
50 50 -1.9452763315647612
50 51 -1.7585060666674068
50 52 -1.580399023355419
50 53 -1.4101389041333114
50 54 -1.2469013506664719
50 55 -1.0899118501189129
50 56 -0.93839345496807203
50 57 -0.79161864971453055
50 58 -0.64889451683393318
50 59 -0.50945702551774363
50 60 -0.37196210130588675
50 61 -0.23522105945637339
50 62 -0.10534486626525198
50 63 0
51 0 0
51 1 -48.274340081100974
51 2 -46.285185146982883
51 3 -44.161409086531258
51 4 -42.14463383239196
51 5 -40.168495184299047
51 6 -38.234446256408269
51 7 -36.352305072588337
51 8 -34.525298543613616
51 9 -32.755323389450609
51 10 -31.044866129360322
51 11 -29.395711872146268
51 12 -27.808856066194259
51 13 -26.284993420399477
51 14 -24.823965971487233
51 15 -23.425777170118494
51 16 -22.089404358749956
51 17 -20.814332608206563
51 18 -19.59890620998296
51 19 -18.442244523514933
51 20 -17.34226068741232
51 21 -16.297825883739737
51 22 -15.306588589513813
51 23 -14.367260484824573
51 24 -13.477359015253121
51 25 -12.635501731935694
51 26 -11.839178567064533
51 27 -11.086960325208073
51 28 -10.376386303378464
51 29 -9.706014608818851
51 30 -9.0734879316090957
51 31 -8.4773761660842002
51 32 -7.9154604347845394
51 33 -7.3863401708116374
51 34 -6.8879547130103917
51 35 -6.4189460256140984
51 36 -5.9774196457281352
51 37 -5.5620695709571457
51 38 -5.1711667822192755
51 39 -4.8034640725388975
51 40 -4.4573909863570114
51 41 -4.1317635442934
51 42 -3.8251589767989556
51 43 -3.5364588558362948
51 44 -3.2643748783524509
51 45 -3.0078545261568457
51 46 -2.765729620378552
51 47 -2.5370120802196285
51 48 -2.3206392268546128
51 49 -2.1156842730461394
51 50 -1.9211756627854673
51 51 -1.7362432728706472
51 52 -1.5599928486483914
51 53 -1.3916051434829357
51 54 -1.2302500105250922
51 55 -1.0751508705007731
51 56 -0.9255271722534234
51 57 -0.78064996842867607
51 58 -0.6398235177115793
51 59 -0.50228436337500859
51 60 -0.36669803053424377
51 61 -0.2318817963625496
51 62 -0.10384119376870153
51 63 0
52 0 0
52 1 -47.469371599844251
52 2 -45.552371189191533
52 3 -43.500579082494923
52 4 -41.545940342999614
52 5 -39.625309057363154
52 6 -37.741224640432932
52 7 -35.903105282165932
52 8 -34.11530225061945
52 9 -32.379500123791814
52 10 -30.699388113985439
52 11 -29.076389359419782
52 12 -27.512730765003113
52 13 -26.008690449367368
52 14 -24.565292999143416
52 15 -23.182096983582607
52 16 -21.859159635779442
52 17 -20.595524214830167
52 18 -19.39048058287533
52 19 -18.242733003521874
52 20 -17.150991857660209
52 21 -16.113755898855032
52 22 -15.129322579406717
52 23 -14.196082399342229
52 24 -13.312063567093034
52 25 -12.475616116864844
52 26 -11.68461880410617
52 27 -10.937426412903054
52 28 -10.231864406132072
52 29 -9.566321241762715
52 30 -8.9386429269368897
52 31 -8.3472694249070649
52 32 -7.7901209311313737
52 33 -7.2656996021656743
52 34 -6.7720359614058925
52 35 -6.3077006472214912
52 36 -5.8708561165899784
52 37 -5.4601450997198828
52 38 -5.0738720569850244
52 39 -4.7107536873961235
52 40 -4.3692378056830119
52 41 -4.0481156470124526
52 42 -3.7459734995272944
52 43 -3.4616765146378774
52 44 -3.1939404128607913
52 45 -2.9417024438581696
52 46 -2.7037961890249926
52 47 -2.4792279468575402
52 48 -2.2669362645070401
52 49 -2.0659922125246131
52 50 -1.8754259171137311
52 51 -1.694367772314356
52 52 -1.521926150411729
52 53 -1.3572843715628791
52 54 -1.199616024046023
52 55 -1.0481487164934988
52 56 -0.90210676126303635
52 57 -0.76076624773184776
52 58 -0.62343590401156734
52 59 -0.4893601759180729
52 60 -0.35722849324862282
52 61 -0.225876143472864
52 62 -0.10113645795455985
52 63 0
53 0 0
53 1 -46.142341685131662
53 2 -44.318350776991984
53 3 -42.360940021751908
53 4 -40.489876511845381
53 5 -38.646243564485466
53 6 -36.832901720046799
53 7 -35.059648447925952
53 8 -33.330765188192828
53 9 -31.648945198183476
53 10 -30.017618963332968
53 11 -28.439307099055586
53 12 -26.915875979337009
53 13 -25.448766634970092
53 14 -24.0385741722083
53 15 -22.685999731251297
53 16 -21.390636579442869
53 17 -20.152595579783778
53 18 -18.970699941886309
53 19 -17.844610385981021
53 20 -16.772592955735124
53 21 -15.753972732762104
53 22 -14.786642718980239
53 23 -13.869684524052621
53 24 -13.000772133362565
53 25 -12.178816693259911
53 26 -11.401397102093325
53 27 -10.667311321912607
53 28 -9.9741386804417189
53 29 -9.320608748131578
53 30 -8.7043711927945466
53 31 -8.1241222710573098
53 32 -7.5776297911176504
53 33 -7.0635842428920412
53 34 -6.5799010600584991
53 35 -6.1252865847820219
53 36 -5.697818823145437
53 37 -5.2962367666483656
53 38 -4.91878492048167
53 39 -4.564247634960295
53 40 -4.2310319173012401
53 41 -3.9179765898829992
53 42 -3.6236418270651094
53 43 -3.3469267997144851
53 44 -3.0865322265267596
53 45 -2.8414205746661909
53 46 -2.6104187339659934
53 47 -2.3925527922252408
53 48 -2.1867607699161056
53 49 -1.9921303984274972
53 50 -1.8076958239943219
53 51 -1.6326024749865444
53 52 -1.4659660795359135
53 53 -1.3069842905981668
53 54 -1.1548404845646263
53 55 -1.0087764881596415
53 56 -0.86802823396654716
53 57 -0.73188564582650406
53 58 -0.59966849002176492
53 59 -0.47063794111341983
53 60 -0.34352148906228863
53 61 -0.2171857110741918
53 62 -0.097224112840036472
53 63 0
54 0 0
54 1 -44.272141568922486
54 2 -42.560905160882612
54 3 -40.719625728477091
54 4 -38.95341543404173
54 5 -37.20793190388887
54 6 -35.486666279092049
54 7 -33.79894485002044
54 8 -32.149790380720724
54 9 -30.541712734657199
54 10 -28.979077706767811
54 11 -27.464040470437425
54 12 -25.999554220194064
54 13 -24.586626705521496
54 14 -23.226994085490983
54 15 -21.920881154323204
54 16 -20.668999518621977
54 17 -19.470975718365263
54 18 -18.326673565297124
54 19 -17.235289767793287
54 20 -16.196017626690953
54 21 -15.207759372461046
54 22 -14.269203814221832
54 23 -13.379063818738931
54 24 -12.535673768222455
54 25 -11.737635935887484
54 26 -10.983060671916872
54 27 -10.270496894513656
54 28 -9.5979396980225395
54 29 -8.9639252523044899
54 30 -8.3664201813454078
54 31 -7.8039762748317703
54 32 -7.2745974507858264
54 33 -6.7768708192585647
54 34 -6.3088843220208863
54 35 -5.8692740772988463
54 36 -5.4562423883664763
54 37 -5.0684838641858247
54 38 -4.7043320649203428
54 39 -4.3625464901623392
54 40 -4.041598365547916
54 41 -3.7403160328945964
54 42 -3.4573070378278965
54 43 -3.1914704003927392
54 44 -2.9415432483940966
54 45 -2.7064951815808556
54 46 -2.4851826986227827
54 47 -2.2766440786034363
54 48 -2.0798429733260866
54 49 -1.8938827818391455
54 50 -1.7178211341423464
54 51 -1.5508215002815768
54 52 -1.3920220693987013
54 53 -1.2406401464339099
54 54 -1.0958811943454159
54 55 -0.95700785148706358
54 56 -0.8232782017863004
54 57 -0.69400310483684946
54 58 -0.56852227233732511
54 59 -0.44612168554162529
54 60 -0.32558256631703447
54 61 -0.20581595927824772
54 62 -0.092108767228803512
54 63 0
55 0 0
55 1 -41.836016450842472
55 2 -40.257159744775947
55 3 -38.553080089495722
55 4 -36.912728517192257
55 5 -35.286586169085361
55 6 -33.678549759015937
55 7 -32.097698173593422
55 8 -30.549012584041638
55 9 -29.035614105842864
55 10 -27.561609321685829
55 11 -26.129967773288776
55 12 -24.743267420327765
55 13 -23.403519727490899
55 14 -22.112001396469196
55 15 -20.870024289759353
55 16 -19.677792648056293
55 17 -18.536027129549453
55 18 -17.444072222327168
55 19 -16.40216665566475
55 20 -15.409002440291445
55 21 -14.464431290066535
55 22 -13.566681316676489
55 23 -12.715298929121936
55 24 -11.908213000707471
55 25 -11.144734287929674
55 26 -10.422630057813802
55 27 -9.7410344972741978
55 28 -9.0976631996400457
55 29 -8.4915238067219168
55 30 -7.9203636842125071
55 31 -7.3831062121735451
55 32 -6.8775900520631437
55 33 -6.4026899021313781
55 34 -5.9563747086884931
55 35 -5.5375001248534748
55 36 -5.1441875817700007
55 37 -4.7752979215500284
55 38 -4.429114194375388
55 39 -4.1045216657810792
55 40 -3.799964499180422
55 41 -3.5143669628834671
55 42 -3.2463271431596423
55 43 -2.9948185828497227
55 44 -2.7585818202106425
55 45 -2.5366460225217615
55 46 -2.3278802737386526
55 47 -2.1313722277298033
55 48 -1.9461045031108781
55 49 -1.7712230875717807
55 50 -1.6058089083509164
55 51 -1.4490636033563458
55 52 -1.3001515223996314
55 53 -1.1583253083381966
55 54 -1.0228184284755757
55 55 -0.89292716481231316
55 56 -0.76793888024509627
55 57 -0.64719625181607954
55 58 -0.53006615610047947
55 59 -0.41586979307158467
55 60 -0.30345693969886189
55 61 -0.19179795997380503
55 62 -0.085806460913350563
55 63 0
56 0 0
56 1 -38.815110404353526
56 2 -37.386166879558999
56 3 -35.839555508196902
56 4 -34.345127228473437
56 5 -32.859083972240498
56 6 -31.38534624591173
56 7 -29.932452384221364
56 8 -28.505587472881256
56 9 -27.107703589433704
56 10 -25.743415399992319
56 11 -24.415312954642676
56 12 -23.126764386381122
56 13 -21.879320368165512
56 14 -20.675223898333115
56 15 -19.515267634197084
56 16 -18.40070457303375
56 17 -17.331716077422453
56 18 -16.308701835689273
56 19 -15.331374148609342
56 20 -14.399428577715435
56 21 -13.512229463573137
56 22 -12.668917371950466
56 23 -11.86860841400382
56 24 -11.11003038094851
56 25 -10.392130705084739
56 26 -9.713353811927556
56 27 -9.0725403334888011
56 28 -8.4679638587613262
56 29 -7.8984055133880604
56 30 -7.3620614546717347
56 31 -6.8576890884707717
56 32 -6.3834808624724708
56 33 -5.9381974374664761
56 34 -5.5200824327834042
56 35 -5.1279200626822474
56 36 -4.7600430293224605
56 37 -4.4152742761762935
56 38 -4.0920590329883062
56 39 -3.7892700758310598
56 40 -3.5054769096754708
56 41 -3.2396098504303215
56 42 -2.9903654625304021
56 43 -2.7567363504385569
56 44 -2.5375424407228415
56 45 -2.331840730376268
56 46 -2.1385664301451701
56 47 -1.9568406592112118
56 48 -1.7857031220229098
56 49 -1.624336687361577
56 50 -1.4718732908424226
56 51 -1.3275533599168388
56 52 -1.1905882015947646
56 53 -1.060270174563315
56 54 -0.93587701502043041
56 55 -0.81674515314800122
56 56 -0.70220458561576671
56 57 -0.59163730469560505
56 58 -0.48444836902940075
56 59 -0.38000285903461439
56 60 -0.27723616844014154
56 61 -0.17519203518788515
56 62 -0.078346969927059792
56 63 0
57 0 0
57 1 -35.187667612185741
57 2 -33.926216302889664
57 3 -32.555965375925297
57 4 -31.227264885400732
57 5 -29.9014410256895
57 6 -28.582874430681496
57 7 -27.279121466937283
57 8 -25.99534148885812
57 9 -24.734547377311475
57 10 -23.501084230191832
57 11 -22.297915189716797
57 12 -21.128008343297306
57 13 -19.993606965413512
57 14 -18.896453584095411
57 15 -17.838238257840786
57 16 -16.819650750585041
57 17 -15.841883389826799
57 18 -14.904749856562768
57 19 -14.009007665046498
57 20 -13.153778949513606
57 21 -12.339445091337968
57 22 -11.56461408753297
57 23 -10.829346294170699
57 24 -10.131897555806271
57 25 -9.4720589922587788
57 26 -8.8478749424388621
57 27 -8.258915967961924
57 28 -7.7031311240343534
57 29 -7.1799160063740057
57 30 -6.6872155125450572
57 31 -6.2242925769722408
57 32 -5.7891552047360211
57 33 -5.3809723053079237
57 34 -4.9978609588637575
57 35 -4.6389305541423429
57 36 -4.3024352461582023
57 37 -3.9874548366164748
57 38 -3.6923941951085086
57 39 -3.4163285810535604
57 40 -3.1578163638784265
57 41 -2.9159482812709356
57 42 -2.6894312759134427
57 43 -2.4773866335700467
57 44 -2.2786598645552325
57 45 -2.0924131941730204
57 46 -1.9176176868838244
57 47 -1.7534826554937144
57 48 -1.5990902258682773
57 49 -1.4536992480962714
57 50 -1.3164879859436864
57 51 -1.1867641730913578
57 52 -1.0637875260575147
57 53 -0.94691157733524189
57 54 -0.83546337718183405
57 55 -0.72883633349261967
57 56 -0.62641012872005375
57 57 -0.52761978940841769
57 58 -0.43191617043360986
57 59 -0.33872065496211429
57 60 -0.24706923309995216
57 61 -0.15609550619901588
57 62 -0.06977627498939537
57 63 0
58 0 0
58 1 -30.938152161581069
58 2 -29.858731914646512
58 3 -28.682819444634905
58 4 -27.537889325066082
58 5 -26.391901819003689
58 6 -25.248564180327936
58 7 -24.11483288685962
58 8 -22.995410035459283
58 9 -21.893142842881026
58 10 -20.812309298488618
58 11 -19.755470772757274
58 12 -18.725931230526406
58 13 -17.725435618561878
58 14 -16.756365625174819
58 15 -15.819837256611434
58 16 -14.917383728357452
58 17 -14.049588876583531
58 18 -13.217224342853067
58 19 -12.420442644382126
58 20 -11.659361053879207
58 21 -10.933791739140437
58 22 -10.243314079807213
58 23 -9.587479151423679
58 24 -8.965446867601953
58 25 -8.3765741744468123
58 26 -7.819715092323003
58 27 -7.2940877668878485
58 28 -6.798343684026011
58 29 -6.3316072560248813
58 30 -5.8924168750630805
58 31 -5.4798396444817321
58 32 -5.0923743773773111
58 33 -4.7290601937411818
58 34 -4.3884134508687254
58 35 -4.0694687990291563
58 36 -3.770801660525068
58 37 -3.491460888984248
58 38 -3.2301085720099545
58 39 -2.9858222836774475
58 40 -2.7573666603458764
58 41 -2.5438588308499939
58 42 -2.3441725397042155
58 43 -2.1574719714740906
58 44 -1.9827395335305174
58 45 -1.8191909346144999
58 46 -1.6659118613488213
58 47 -1.5221712849388995
58 48 -1.3871495638022302
58 49 -1.2601682666787322
58 50 -1.140491921857367
58 51 -1.0274919753679543
58 52 -0.92050570271901699
58 53 -0.81895007498794181
58 54 -0.72222339149854398
58 55 -0.62978168584604588
58 56 -0.54107153357435733
58 57 -0.45558836358209753
58 58 -0.37284255447337245
58 59 -0.2923205984862457
58 60 -0.21317742168064013
58 61 -0.13465077588687446
58 62 -0.060161226730107362
58 63 0
59 0 0
59 1 -26.04724583890038
59 2 -25.164607249991334
59 3 -24.198936540570259
59 4 -23.255578790300152
59 5 -22.307664630006158
59 6 -21.359404976258844
59 7 -20.415981444252829
59 8 -19.482080341711885
59 9 -18.559934988790555
59 10 -17.653539871239555
59 11 -16.765239981892801
59 12 -15.897908547579727
59 13 -15.053512709958548
59 14 -14.233883614172949
59 15 -13.440690221542235
59 16 -12.674834027760607
59 17 -11.93768815748847
59 18 -11.229355516709868
59 19 -10.550922521270415
59 20 -9.9018421398598662
59 21 -9.2829243603576348
59 22 -8.6931238698555973
59 23 -8.1329878472803454
59 24 -7.6011174778707264
59 25 -7.0978152386723359
59 26 -6.6214590410927334
59 27 -6.1721296039651303
59 28 -5.7480923488069458
59 29 -5.3492335629750958
59 30 -4.973795229363648
59 31 -4.6214997931645412
59 32 -4.2906330395893688
59 33 -3.980785871738822
59 34 -3.6903349006591855
59 35 -3.4187717820356234
59 36 -3.1645934393144524
59 37 -2.9272229359869009
59 38 -2.7052926821871628
59 39 -2.4981848023330944
59 40 -2.3046713755451047
59 41 -2.1241172614888062
59 42 -1.9554304875874731
59 43 -1.7979777927754494
59 44 -1.650794184265723
59 45 -1.5132627436900998
59 46 -1.3845333698901796
59 47 -1.2640154528040755
59 48 -1.1509601680191568
59 49 -1.0448091060781195
59 50 -0.94490068278559747
59 51 -0.85071107530666701
59 52 -0.76165218828289383
59 53 -0.67723434439642416
59 54 -0.59692983242248598
59 55 -0.52027979137833824
59 56 -0.44680367279671984
59 57 -0.37607480988341485
59 58 -0.3076704107964367
59 59 -0.24115694781036151
59 60 -0.17582242231492468
59 61 -0.11102670329105266
59 62 -0.049579522878103507
59 63 0
60 0 0
60 1 -20.495124165607756
60 2 -19.820115669339746
60 3 -19.07957604605469
60 4 -18.353012935530032
60 5 -17.620848867629572
60 6 -16.885913787295323
60 7 -16.152740489106048
60 8 -15.424828991181382
60 9 -14.704241469539744
60 10 -13.994219174468073
60 11 -13.296678120659053
60 12 -12.614230375088455
60 13 -11.948300481030147
60 14 -11.300873952368017
60 15 -10.672981913333167
60 16 -10.066006974872128
60 17 -9.4806329597839696
60 18 -8.9176795174792165
60 19 -8.3775353653115552
60 20 -7.8605178750563578
60 21 -7.36677003379247
60 22 -6.8961808076661653
60 23 -6.4486924551083531
60 24 -6.0238467414577199
60 25 -5.6214250317736036
60 26 -5.2407045261771605
60 27 -4.8813403634673858
60 28 -4.5424241118252962
60 29 -4.2235146518451598
60 30 -3.9235891372739018
60 31 -3.642136103165079
60 32 -3.3780790925685587
60 33 -3.1308587581157523
60 34 -2.8993940498587452
60 35 -2.6830972012359875
60 36 -2.4809196115815828
60 37 -2.2922618205528007
60 38 -2.1161334900719884
60 39 -1.9519375601497095
60 40 -1.7987579259155579
60 41 -1.6560114074908341
60 42 -1.5228639928020047
60 43 -1.3987552468836433
60 44 -1.2829348210498888
60 45 -1.1748713153815824
60 46 -1.0738950451717957
60 47 -0.97950747618549716
60 48 -0.89111350934796829
60 49 -0.80824904553127019
60 50 -0.73038561449293737
60 51 -0.65709312648970886
60 52 -0.5879008110259123
60 53 -0.52241051785879189
60 54 -0.46019988202700629
60 55 -0.40089878579026894
60 56 -0.34412329655661639
60 57 -0.28953127304146442
60 58 -0.236785127813152
60 59 -0.18553994660123263
60 60 -0.135237619693405
60 61 -0.085374405981411064
60 62 -0.038103316060692068
60 63 0
61 0 0
61 1 -14.23723283898539
61 2 -13.781051513686442
61 3 -13.277893829874435
61 4 -12.783239400051302
61 5 -12.282551973435124
61 6 -11.779167464173769
61 7 -11.275096547688037
61 8 -10.773800714933708
61 9 -10.27602006129084
61 10 -9.7846705940254992
61 11 -9.3007831942077317
61 12 -8.8264787873124817
61 13 -8.3628183823612847
61 14 -7.9111550188754851
61 15 -7.472592838292293
61 16 -7.0477807613950798
61 17 -6.6378286678748468
61 18 -6.24277078197139
61 19 -5.8636823875489101
61 20 -5.5000929948550032
61 21 -5.1530020388198921
61 22 -4.8215523523300341
61 23 -4.5066308325200657
61 24 -4.207109845946019
61 25 -3.9237356059752422
61 26 -3.6552164187401703
61 27 -3.4021405384108401
61 28 -3.1631433631759704
61 29 -2.9386494171753266
61 30 -2.7272941918201314
61 31 -2.5293433694032008
61 32 -2.3434867550641689
61 33 -2.1698448044922558
61 34 -2.0071982236387949
61 35 -1.855542033418291
61 36 -1.7137691359563585
61 37 -1.5817723688677907
61 38 -1.4585658007550228
61 39 -1.3439642832472438
61 40 -1.2371028051696924
61 41 -1.1377413157215386
61 42 -1.0451291548515516
61 43 -0.95899185932433195
61 44 -0.87868268632437652
61 45 -0.80390977218826953
61 46 -0.73411791613660193
61 47 -0.66901103346402624
61 48 -0.60811253341479765
61 49 -0.55113151878099198
61 50 -0.49765742282279879
61 51 -0.44741051942457671
61 52 -0.40003454225534568
61 53 -0.35526402977414151
61 54 -0.31278636451421149
61 55 -0.27235077013481485
61 56 -0.23367824213065211
61 57 -0.19653461674885586
61 58 -0.16067739697405278
61 59 -0.12586948177108678
61 60 -0.091722296467381836
61 61 -0.057889749042159211
61 62 -0.025824355267454361
61 63 0
62 0 0
62 1 -7.2890980941658903
62 2 -7.0582551213696458
62 3 -6.8037677251343984
62 4 -6.5526978406768617
62 5 -6.2986001001526155
62 6 -6.0423740016163929
62 7 -5.785745095079843
62 8 -5.5299058716717004
62 9 -5.2757457845272748
62 10 -5.0244017389273683
62 11 -4.7766976446700093
62 12 -4.5335852473641687
62 13 -4.295698358810081
62 14 -4.0637972511896887
62 15 -3.8383526340887517
62 16 -3.619934269615912
62 17 -3.4088619288863482
62 18 -3.2055216701622564
62 19 -3.0100991055779431
62 20 -2.8228110868816372
62 21 -2.6437272282990461
62 22 -2.4729150639454902
62 23 -2.3103468157651657
62 24 -2.1559641620990213
62 25 -2.0096601835811523
62 26 -1.8712758092225363
62 27 -1.7406422899966494
62 28 -1.617524802112889
62 29 -1.5017087294346638
62 30 -1.392906932548341
62 31 -1.2908732646838137
62 32 -1.1952890865993671
62 33 -1.1058892558602045
62 34 -1.0223411752935658
62 35 -0.94437134594710304
62 36 -0.87164720933673145
62 37 -0.80389562883483812
62 38 -0.74079458170217738
62 39 -0.68207813128981853
62 40 -0.6274420680047762
62 41 -0.5766327089784149
62 42 -0.52936814320744152
62 43 -0.48541035953510647
62 44 -0.4445019362993311
62 45 -0.40642250369991301
62 46 -0.37093952944510655
62 47 -0.33785101951776964
62 48 -0.30694840633339626
62 49 -0.27804779380590938
62 50 -0.25096273046461337
62 51 -0.22552634485528072
62 52 -0.20157185501637151
62 53 -0.17894775777855421
62 54 -0.15750413665222321
62 55 -0.13710261322066947
62 56 -0.11760691069564724
62 57 -0.098890904848416616
62 58 -0.080834663828920975
62 59 -0.063313143601433267
62 60 -0.046131859757983423
62 61 -0.029112359898242599
62 62 -0.012985283184232912
62 63 0
63 0 0
63 1 0
63 2 0
63 3 0
63 4 0
63 5 0
63 6 0
63 7 0
63 8 0
63 9 0
63 10 0
63 11 0
63 12 0
63 13 0
63 14 0
63 15 0
63 16 0
63 17 0
63 18 0
63 19 0
63 20 0
63 21 0
63 22 0
63 23 0
63 24 0
63 25 0
63 26 0
63 27 0
63 28 0
63 29 0
63 30 0
63 31 0
63 32 0
63 33 0
63 34 0
63 35 0
63 36 0
63 37 0
63 38 0
63 39 0
63 40 0
63 41 0
63 42 0
63 43 0
63 44 0
63 45 0
63 46 0
63 47 0
63 48 0
63 49 0
63 50 0
63 51 0
63 52 0
63 53 0
63 54 0
63 55 0
63 56 0
63 57 0
63 58 0
63 59 0
63 60 0
63 61 0
63 62 0
63 63 0
