0 0 0
0 1 0
0 2 0
0 3 0
0 4 0
0 5 0
0 6 0
0 7 0
0 8 0
0 9 0
0 10 0
0 11 0
0 12 0
0 13 0
0 14 0
0 15 0
0 16 0
0 17 0
0 18 0
0 19 0
0 20 0
0 21 0
0 22 0
0 23 0
0 24 0
0 25 0
0 26 0
0 27 0
0 28 0
0 29 0
0 30 0
0 31 0
0 32 0
0 33 0
0 34 0
0 35 0
0 36 0
0 37 0
0 38 0
0 39 0
0 40 0
0 41 0
0 42 0
0 43 0
0 44 0
0 45 0
0 46 0
0 47 0
0 48 0
0 49 0
0 50 0
0 51 0
0 52 0
0 53 0
0 54 0
0 55 0
0 56 0
0 57 0
0 58 0
0 59 0
0 60 0
0 61 0
0 62 0
0 63 0
1 0 0
1 1 6.5374047850914385
1 2 6.3963847831570444
1 3 6.2406589501901371
1 4 6.0805870804037827
1 5 5.9132587169738091
1 6 5.7406169915850436
1 7 5.5640140625961907
1 8 5.3842738051782542
1 9 5.2021696265057917
1 10 5.018605334809755
1 11 4.8343177749376878
1 12 4.650088493522067
1 13 4.4665325561900202
1 14 4.2843230012195095
1 15 4.1039708443503438
1 16 3.9260413909653264
1 17 3.7509473279348877
1 18 3.5791485315659544
1 19 3.4109668764234939
1 20 3.2467610104930138
1 21 3.0867699385343679
1 22 2.9312570514349923
1 23 2.7803867991435469
1 24 2.6343348965827578
1 25 2.4931997337306044
1 26 2.357078228108497
1 27 2.2260111983928521
1 28 2.1000265481179818
1 29 1.9791158334132268
1 30 1.8632482032421056
1 31 1.7523739275433319
1 32 1.6464137118646549
1 33 1.5452840557318783
1 34 1.4488671971707048
1 35 1.3570528169279554
1 36 1.2696940000063903
1 37 1.1866599159035083
1 38 1.1077828985538491
1 39 1.0329172119031442
1 40 0.96188175725925817
1 41 0.89452076009928161
1 42 0.83064583084743027
1 43 0.77009526803561335
1 44 0.71267833265991021
1 45 0.65823075410074228
1 46 0.60656321914428812
1 47 0.55751151147205857
1 48 0.51089043059369077
1 49 0.46653773906193235
1 50 0.42427405540897634
1 51 0.38394039519846573
1 52 0.3453640492291975
1 53 0.30838998957890834
1 54 0.27285231084124106
1 55 0.23859989054461544
1 56 0.20547273358659904
1 57 0.17332558190462069
1 58 0.14201323581600644
1 59 0.11138347947818639
1 60 0.081150557050498034
1 61 0.05103475721789235
1 62 0.022450237943905094
1 63 0
2 0 0
2 1 12.789020665621186
2 2 12.510011381017879
2 3 12.201719899920178
2 4 11.885807541774302
2 5 11.555417541007765
2 6 11.21543638886442
2 7 10.867599241591538
2 8 10.514367418650904
2 9 10.15649492700649
2 10 9.7964042306183181
2 11 9.4349689479455101
2 12 9.0741608784354444
2 13 8.7148123997782818
2 14 8.3584740126672994
2 15 8.0059693931535403
2 16 7.6584411037863536
2 17 7.3167029622977413
2 18 6.9815143907881394
2 19 6.6536738328331211
2 20 6.3335924019031102
2 21 6.0220427859362067
2 22 5.7191300443416351
2 23 5.425588099808234
2 24 5.1412629560961927
2 25 4.8668360159082038
2 26 4.6019431978355474
2 27 4.3472005270790524
2 28 4.1020822104308232
2 29 3.8671282201148345
2 30 3.6416966422843475
2 31 3.4262437757904638
2 32 3.2200527106443206
2 33 3.0234919569289307
2 34 2.8358051302664817
2 35 2.6572723987433493
2 36 2.4871272232542205
2 37 2.3255641663022777
2 38 2.1718295310835636
2 39 2.0260377824012687
2 40 1.8874650096660446
2 41 1.7561531880870047
2 42 1.6314196395673219
2 43 1.5132428235648516
2 44 1.400987978817396
2 45 1.2945796691968632
2 46 1.1934337919123188
2 47 1.0974306385505721
2 48 1.006036386066308
2 49 0.91909615491604157
2 50 0.83612366688124329
2 51 0.75693706304173314
2 52 0.68109319043811489
2 53 0.60839029056333771
2 54 0.53842277767600899
2 55 0.47097435495151002
2 56 0.40566986963104201
2 57 0.34228748801061565
2 58 0.28049523702807383
2 59 0.22004493454557272
2 60 0.16033595687193669
2 61 0.10086145497076217
2 62 0.044383801851965818
2 63 0
3 0 0
3 1 18.455324177101275
3 2 18.041831798705172
3 3 17.587270953115201
3 4 17.122094002600079
3 5 16.637435737847163
3 6 16.139205020582391
3 7 15.631111466977675
3 8 15.115661467517485
3 9 14.594846914275898
3 10 14.07136228906324
3 11 13.547100495633096
3 12 13.024348503997846
3 13 12.504659037794054
3 14 11.989958331219063
3 15 11.481520419130895
3 16 10.980919476251682
3 17 10.489174818533279
3 18 10.007522203907573
3 19 9.5367533272777525
3 20 9.077784921857587
3 21 8.6312071621596917
3 22 8.1976422607985615
3 23 7.7775038665988374
3 24 7.3711485655257052
3 25 6.9788369775442405
3 26 6.6006922112858364
3 27 6.2368435969660485
3 28 5.8872148424754904
3 29 5.5518238302553016
3 30 5.2304294836484839
3 31 4.9229561549556458
3 32 4.6290318145328193
3 33 4.3485033350229543
3 34 4.0808996166752678
3 35 3.8260043437686337
3 36 3.5832763442912965
3 37 3.3524487732687849
3 38 3.1329358274226515
3 39 2.9244312809264654
3 40 2.7263261840334283
3 41 2.5382846687483984
3 42 2.3596920239249144
3 43 2.1901911436657358
3 44 2.0291749178812664
3 45 1.8762721251548296
3 46 1.7308928473305216
3 47 1.5926576261960397
3 48 1.4609999283753767
3 49 1.33553672911836
3 50 1.2157281194531233
3 51 1.1011910099068742
3 52 0.99141288240945091
3 53 0.88601303091017569
3 54 0.78450508401948493
3 55 0.68651145092743149
3 56 0.59156782279203945
3 57 0.49930672810363819
3 58 0.40931040504879929
3 59 0.32118522374544711
3 60 0.23410881915636989
3 61 0.14732241669708945
3 62 0.064901610525862394
3 63 0
4 0 0
4 1 23.523687719202943
4 2 22.981895240204178
4 3 22.387766022620657
4 4 21.781957044481924
4 5 21.152086693953152
4 6 20.506426833705387
4 7 19.849290252256456
4 8 19.18427343543755
4 9 18.51356513071693
4 10 17.840829307478259
4 11 17.168272208803678
4 12 16.498850881192652
4 13 15.834468925622277
4 14 15.177457688049401
4 15 14.529488895512804
4 16 13.892305237891733
4 17 13.267361505222246
4 18 12.655859084687481
4 19 12.059050550383395
4 20 11.477652281459667
4 21 10.912725808420159
4 22 10.364564690456149
4 23 9.8340488515281024
4 24 9.3211143142801394
4 25 8.8264682336407017
4 26 8.3497546157536835
4 27 7.8915169877863516
4 28 7.4511705154533887
4 29 7.0291051569795728
4 30 6.6245659312990082
4 31 6.2378005307323203
4 32 5.8679364405534162
4 33 5.5150916936830336
4 34 5.1783217451952179
4 35 4.8576287103691893
4 36 4.5520339207929421
4 37 4.2614381100885836
4 38 3.9848587834302021
4 39 3.7221101714350087
4 40 3.4722290082920386
4 41 3.2349577434624854
4 42 3.0093687984983668
4 43 2.7951469159846165
4 44 2.5914108839909384
4 45 2.3978007289062413
4 46 2.2134874034325072
4 47 2.0380777764715639
4 48 1.8707967839438437
4 49 1.7112280227627825
4 50 1.5586490965281128
4 51 1.4126284107357479
4 52 1.2724925483891498
4 53 1.1378010525643394
4 54 1.0079240568613634
4 55 0.88241592720806672
4 56 0.76068206345666134
4 57 0.64228312964120282
4 58 0.52668918256845565
4 59 0.41342172429855589
4 60 0.30143148567108374
4 61 0.18977301088213833
4 62 0.083694746804746839
4 63 0
5 0 0
5 1 28.031181529085412
5 2 27.366920978468464
5 3 26.6414663123014
5 4 25.903594748622357
5 5 25.138884393887821
5 6 24.356551020877657
5 7 23.562532707491325
5 8 22.760466586320764
5 9 21.95344161598176
5 10 21.145375144205865
5 11 20.339147673651158
5 12 19.53800866871924
5 13 18.744250875227422
5 14 17.960551230032568
5 15 17.188726661785118
5 16 16.43091278307357
5 17 15.688500781796915
5 18 14.963121178787357
5 19 14.255793285159509
5 20 13.56768454319549
5 21 12.899493198413488
5 22 12.251970159343342
5 23 11.625540137843601
5 24 11.020587456511219
5 25 10.437306927907605
5 26 9.8757680773084751
5 27 9.3359751953324253
5 28 8.8177349544243704
5 29 8.3208961080757735
5 30 7.8450529303261067
5 31 7.3899292950117612
5 32 6.9549545726212729
5 33 6.5397543034598327
5 34 6.1436362921951604
5 35 5.7661504910238612
5 36 5.4065214488749804
5 37 5.0642428279106575
5 38 4.7384886773298636
5 39 4.4287125750406524
5 40 4.1340650747504011
5 41 3.853973113152009
5 42 3.5875850917484202
5 43 3.3343122767708397
5 44 3.093316922746538
5 45 2.8640033730129217
5 46 2.6455588931395013
5 47 2.4373876414271094
5 48 2.238708800046223
5 49 2.0489312586464909
5 50 1.8673094079115702
5 51 1.6932601328770385
5 52 1.5260733593595963
5 53 1.3651758362356938
5 54 1.2098909776711744
5 55 1.0596548580891914
5 56 0.91381853107751765
5 57 0.77183713357546413
5 58 0.63312865409950836
5 59 0.497108225456251
5 60 0.36256030670553391
5 61 0.22835072320515812
5 62 0.10082152397251921
5 63 0
6 0 0
6 1 31.995149796613958
6 2 31.216567145186382
6 3 30.3684630361027
6 4 29.508753256313383
6 5 28.619810801485592
6 6 27.71279080466644
6 7 26.794195761249913
6 8 25.868406988554998
6 9 24.938710063470424
6 10 24.009630024901263
6 11 23.084351485547433
6 12 22.166449315283842
6 13 21.258553699793929
6 14 20.363430892068941
6 15 19.483274942984156
6 16 18.620113013910284
6 17 17.775743284073513
6 18 16.951530309279701
6 19 16.148918055196891
6 20 15.368690503952097
6 21 14.61197441775149
6 22 13.879057433459851
6 23 13.170782954605702
6 24 12.487026001806402
6 25 11.828377940662762
6 26 11.194381752668427
6 27 10.585406074419909
6 28 10.000737010843833
6 29 9.4405481103573603
6 30 8.9039365977980918
6 31 8.3909071001180155
6 32 7.9004276116637335
6 33 7.4323585917535784
6 34 6.9855894911852552
6 35 6.5598598953069427
6 36 6.1540223318317073
6 37 5.7677172200096951
6 38 5.3997930417537159
6 39 5.0498110017960203
6 40 4.7166403191744566
6 41 4.3997809973199651
6 42 4.0981405498490364
6 43 3.8111736899720676
6 44 3.5378375476550632
6 45 3.2775552332833167
6 46 3.0293396041520433
6 47 2.7925935687343362
6 48 2.5663876036615516
6 49 2.3501135349593567
6 50 2.1428980390958023
6 51 1.9441287660249256
6 52 1.7529846691329329
6 53 1.5688541556107778
6 54 1.3909626867232601
6 55 1.2187012015239398
6 56 1.0513323208604246
6 57 0.88826293271240664
6 58 0.72883636687921671
6 59 0.57240821975665268
6 60 0.41759282893883259
6 61 0.26311842137477781
6 62 0.11628992368328638
6 63 0
7 0 0
7 1 35.430880887194718
7 2 34.545832437545762
7 3 33.585061487689828
7 4 32.613750535338184
7 5 31.612259162624909
7 6 30.592584049262133
7 7 29.562443981819069
7 8 28.526276672656106
7 9 27.487907650216254
7 10 26.452109314311418
7 11 25.422391664950755
7 12 24.402613094830205
7 13 23.395477500492021
7 14 22.404081226839839
7 15 21.430489746851414
7 16 20.477099784146827
7 17 19.545419812315053
7 18 18.637212108894829
7 19 17.753511398941157
7 20 16.895514049628883
7 21 16.063857040253421
7 22 15.259241008433062
7 23 14.481973921864592
7 24 13.732331235388706
7 25 13.010352921103951
7 26 12.31595852548001
7 27 11.648973265499366
7 28 11.009027139668389
7 29 10.39577632300522
7 30 9.808623219149089
7 31 9.2470936419075791
7 32 8.7104187210218846
7 33 8.19802621510261
7 34 7.7090257830449396
7 35 7.2427737962230641
7 36 6.7983012083847045
7 37 6.3749147775232835
7 38 5.9716023175933142
7 39 5.5876385510035824
7 40 5.2219966715431285
7 41 4.8739333672306238
7 42 4.5424290993494782
7 43 4.2267334731319339
7 44 3.92585007719976
7 45 3.6390297716919564
7 46 3.3653098285500258
7 47 3.1039484422642998
7 48 2.8540225985988643
7 49 2.6148019403017884
7 50 2.3854054470550938
7 51 2.1651165991849806
7 52 1.9530956472292198
7 53 1.7486409068529831
7 54 1.5509508206234188
7 55 1.3593367892079873
7 56 1.1730280430786262
7 57 0.991361204182867
7 58 0.81364788036266833
7 59 0.63917137046068062
7 60 0.46642225050854941
7 61 0.29399487730203883
7 62 0.13006609366641345
7 63 0
8 0 0
8 1 38.351354279816931
8 2 37.369621181205346
8 3 36.306551649925787
8 4 35.23515310474987
8 5 34.133006159039091
8 6 33.01355214381897
8 7 31.885022649862435
8 8 30.752252211242606
8 9 29.61926479643417
8 10 28.491091847934896
8 11 27.371537512535372
8 12 26.264473296918176
8 13 25.172927153114895
8 14 24.099815894586669
8 15 23.047562234275365
8 16 22.018234280881913
8 17 21.013720588622459
8 18 20.035347816806748
8 19 19.084541730133875
8 20 18.161994872082317
8 21 17.268733600406989
8 22 16.404920531883729
8 23 15.571239459496145
8 24 14.767421950198626
8 25 13.993860077317578
8 26 13.249945894073937
8 27 12.535825149371279
8 28 11.850633007652421
8 29 11.194309332430725
8 30 10.56580506284628
8 31 9.9648901053355416
8 32 9.3903933589761515
8 33 8.8419465816738754
8 34 8.3183083167630709
8 35 7.8190001955755459
8 36 7.342751987043302
8 37 6.8889997087120038
8 38 6.4564765591436766
8 39 6.0445541749998348
8 40 5.6519929649693568
8 41 5.2781183308808126
8 42 4.921734334105313
8 43 4.5821353716952373
8 44 4.2581793940913331
8 45 3.9491422703699097
8 46 3.6539409777573377
8 47 3.3718427477556689
8 48 3.1018246537178866
8 49 2.843152774096358
8 50 2.5948621943824444
8 51 2.3562231107162508
8 52 2.1263241839676157
8 53 1.9044431310301344
8 54 1.6897160293817752
8 55 1.4814281711510324
8 56 1.2787529056837887
8 57 1.0809981822345078
8 58 0.88742967572833298
8 59 0.69729261997182568
8 60 0.50895680174224112
8 61 0.32092260577992537
8 62 0.14211062508781516
8 63 0
9 0 0
9 1 40.773810201316074
9 2 39.704961471615384
9 3 38.550943765933418
9 4 37.390995534701581
9 5 36.200794577183991
9 6 34.994478102496217
9 7 33.781070093403258
9 8 32.565478801237994
9 9 31.351929330652574
9 10 30.145690675773658
9 11 28.950579846226621
9 12 27.770740924164333
9 13 26.609009954289942
9 14 25.46861778198436
9 15 24.351642873628585
9 16 23.260500636041264
9 17 22.196625533609069
9 18 21.161713385802255
9 19 20.156665822238011
9 20 19.182553685016845
9 21 18.239844003057723
9 22 17.329074232142212
9 23 16.4503627267081
9 24 15.603801121746974
9 25 14.789232872569928
9 26 14.006386059389978
9 27 13.254891482962005
9 28 12.53418945220805
9 29 11.843749759752518
9 30 11.182793267806398
9 31 10.550670956141124
9 32 9.9464444225238928
9 33 9.3693798258883501
9 34 8.8184311874657535
9 35 8.2928068813926217
9 36 7.7913965254934263
9 37 7.3133719565725421
9 38 6.8575933284441009
9 39 6.4232124344978327
9 40 6.009087201132667
9 41 5.6143619951645265
9 42 5.237912766235099
9 43 4.8788859084253984
9 44 4.5361894941905563
9 45 4.2089788001136936
9 46 3.8962028578478112
9 47 3.5970305208680129
9 48 3.3104562377607505
9 49 3.035665311516242
9 50 2.7716985203308564
9 51 2.5177589272199876
9 52 2.2729317806561813
9 53 2.0364380087183025
9 54 1.8074033369059859
9 55 1.5850637876084386
9 56 1.3685770091792493
9 57 1.1572082486775179
9 58 0.95020831521323534
9 59 0.7467774211340602
9 60 0.54520148562058524
9 61 0.34389425625923475
9 62 0.15242028301752303
9 63 0
10 0 0
10 1 42.713488850945573
10 2 41.568571466913674
10 3 40.335291442371243
10 4 39.099203062903314
10 5 37.833730352981263
10 6 36.553921619913027
10 7 35.269247067669966
10 8 33.984687063190755
10 9 32.704667618914435
10 10 31.434402896318645
10 11 30.177993412279346
10 12 28.939332469597392
10 13 27.721567459370618
10 14 26.527537515837519
10 15 25.359660242956462
10 16 24.219862491653402
10 17 23.109934901118955
10 18 22.031027611748407
10 19 20.984403931059791
10 20 19.97056606836988
10 21 18.990336720676829
10 22 18.04368959360335
10 23 17.13108241505028
10 24 16.252069267273939
10 25 15.406808364707537
10 26 14.594531469382849
10 27 13.815153539747925
10 28 13.067669151199734
10 29 12.351798051336782
10 30 11.666370441239566
10 31 11.010951653621076
10 32 10.384268271253172
10 33 9.7857656667308088
10 34 9.214116125950536
10 35 8.6686740014896788
10 36 8.1480960693690037
10 37 7.6516698162649295
10 38 7.1780658536816802
10 39 6.7265247959426695
10 40 6.2957521950732058
10 41 5.8849581525462087
10 42 5.4928972594160719
10 43 5.1187622690734722
10 44 4.7613651060629021
10 45 4.4198915138176824
10 46 4.0932143626086628
10 47 3.7805202117203089
10 48 3.480742814175199
10 49 3.1930751361359744
10 50 2.9165089444390317
10 51 2.6502472143182363
10 52 2.3933347992804666
10 53 2.1449866841415881
10 54 1.9042943909106407
10 55 1.6704835642806961
10 56 1.4426818010922207
10 57 1.2201418101198622
10 58 1.0020910141560144
10 59 0.78770971913658727
10 60 0.57520706085238049
10 61 0.36294151845048095
10 62 0.16099902056307139
10 63 0
11 0 0
11 1 44.188501562919619
11 2 42.978435909935968
11 3 41.678217318747528
11 4 40.378436314541013
11 5 39.050816064776406
11 6 37.710922464013983
11 7 36.368600012171022
11 8 35.028923646018505
11 9 33.696218692029341
11 10 32.375926484206062
11 11 31.071895963545604
11 12 29.788282812714066
11 13 28.527833369596259
11 14 27.293686355889353
11 15 26.087759208748604
11 16 24.912306363622488
11 17 23.768558857038688
11 18 22.658010976039883
11 19 21.581341635454596
11 20 20.539401797214676
11 21 19.532433268525857
11 22 18.560751865574797
11 23 17.6242597332378
11 24 16.722836784168745
11 25 15.856126509556843
11 26 15.023662706783776
11 27 14.22489634834225
11 28 13.459095044441767
11 29 12.725570296504534
11 30 12.023393371787567
11 31 11.351778144853236
11 32 10.709659312383643
11 33 10.096185618584032
11 34 9.5102051519508777
11 35 8.9508264016513301
11 36 8.4168514975653963
11 37 7.9073674557810731
11 38 7.4211624808404828
11 39 6.9573160964259024
11 40 6.5146268450093432
11 41 6.092176985400144
11 42 5.6887928313534211
11 43 5.3035666697699542
11 44 4.9353641672352433
11 45 4.5832926156182703
11 46 4.2462637296465386
11 47 3.9234029227590361
11 48 3.613670678492749
11 49 3.3162121209987285
11 50 3.0300360725068329
11 51 2.7543076665837112
11 52 2.4880812254362548
11 53 2.2305412429186018
11 54 1.9807828783988939
11 55 1.7380064594206506
11 56 1.5013387184387548
11 57 1.2700114825967148
11 58 1.0432511909008806
11 59 0.82021526180491622
11 60 0.59906575228457848
11 61 0.37811514747654418
11 62 0.16786876485268284
11 63 0
12 0 0
12 1 45.215564316509059
12 2 43.952257214716546
12 3 42.59769512703452
12 4 41.247123983924325
12 5 39.870622722926136
12 6 38.484125361454694
12 7 37.097844794768776
12 8 35.716642393182347
12 9 34.345048514569989
12 10 32.988183527854581
12 11 31.650169920546684
12 12 30.334704909539905
12 13 29.044835123486155
12 14 27.783154731570963
12 15 26.551904543280902
12 16 25.352748747234553
12 17 24.18725375827864
12 18 23.056311956312353
12 19 21.960938492818784
12 20 20.901397945994443
12 21 19.878258781623426
12 22 18.891286222070001
12 23 17.940690693917809
12 24 17.025851071354872
12 25 16.146694077293166
12 26 15.302310017274989
12 27 14.492403653052898
12 28 13.71585979684053
12 29 12.972212079226763
12 30 12.260208988519466
12 31 11.57925454185162
12 32 10.92801719832126
12 33 10.305805039035866
12 34 9.7112511183792485
12 35 9.1435947276757155
12 36 8.6014677844119021
12 37 8.0840625323846673
12 38 7.5900350228355054
12 39 7.1185477324404252
12 40 6.6682984682324422
12 41 6.2384335256654273
12 42 5.827703730566907
12 43 5.435249701160787
12 44 5.0598813791817152
12 45 4.7007416113514289
12 46 4.3567014567921012
12 47 4.0269116805906435
12 48 3.7103032969945442
12 49 3.4060387716245306
12 50 3.1131055322871029
12 51 2.8306798670762738
12 52 2.5578003624929746
12 53 2.2936579734921447
12 54 2.0373359607192767
12 55 1.7880375483244901
12 56 1.5448799781244609
12 57 1.307096071209332
12 58 1.073906641754107
12 59 0.84446477338753101
12 60 0.61689490115801682
12 61 0.38948847349875398
12 62 0.17305477208309331
12 63 0
13 0 0
13 1 45.813486517721806
13 2 44.508803384816403
13 3 43.11277928392478
13 4 41.724367196541387
13 5 40.312240276449373
13 6 38.89264948766759
13 7 37.475789331567583
13 8 36.066640598664833
13 9 34.669380191658526
13 10 33.289346126845615
13 11 31.93020040189263
13 12 30.595894241591221
13 13 29.288922886817531
13 14 28.012167991750246
13 15 26.767271841863813
13 16 25.556209393901177
13 17 24.379934957315402
13 18 23.239663563951662
13 19 22.135811860174645
13 20 21.068967793782427
13 21 20.039135328782887
13 22 19.046393822115981
13 23 18.090437261036662
13 24 17.170941316596355
13 25 16.287372750228435
13 26 15.43909536177898
13 27 14.625414091958326
13 28 13.84546013076557
13 29 13.098427312619004
13 30 12.383281538195527
13 31 11.699144130308635
13 32 11.044871801483534
13 33 10.419542209110729
13 34 9.8219485959344084
13 35 9.251146142997225
13 36 8.705900898022227
13 37 8.1852608656426504
13 38 7.6879927453212868
13 39 7.2131482106128209
13 40 6.7595150889395805
13 41 6.3261562317061744
13 42 5.9118947613975239
13 43 5.5158097178766905
13 44 5.1367684053296667
13 45 4.7738691694374911
13 46 4.4260280660342186
13 47 4.0923643935823844
13 48 3.7718440869318806
13 49 3.4636078637425336
13 50 3.1666699871865993
13 51 2.8801920697364367
13 52 2.6032331486053177
13 53 2.3349745226041554
13 54 2.0745149512536387
13 55 1.8210514096098895
13 56 1.5737128253987793
13 57 1.331728543181447
13 58 1.0943299161272801
13 59 0.86066528261819186
13 60 0.62884568927590068
13 61 0.39715160780335457
13 62 0.17659611602632971
13 63 0
14 0 0
14 1 46.000436569115671
14 2 44.666716703467628
14 3 43.24230508374378
14 4 41.829046246112476
14 5 40.394643821051496
14 6 38.955190198809525
14 7 37.521163399612277
14 8 36.097095015098461
14 9 34.687373645058827
14 10 33.296805078756478
14 11 31.929316648468486
14 12 30.58825164853738
14 13 29.276396892147282
14 14 27.995993550907063
14 15 26.748994220458243
14 16 25.536734174570469
14 17 24.360485460971635
14 18 23.220850290251402
14 19 22.118559776473223
14 20 21.05363482507537
14 21 20.026381241127645
14 22 19.036369408814689
14 23 18.083575140882239
14 24 17.167229714820397
14 25 16.287056525609245
14 26 15.442041302577655
14 27 14.631717428810225
14 28 13.854902403649859
14 29 13.110989255384341
14 30 12.398689993446048
14 31 11.717296416312228
14 32 11.065464879505424
14 33 10.442416512396093
14 34 9.8467905963460076
14 35 9.2777612813271908
14 36 8.7339796856220211
14 37 8.2145912112055832
14 38 7.7182795540162257
14 39 7.2441752847917513
14 40 6.791008633341109
14 41 6.3579058412403722
14 42 5.9436520999449725
14 43 5.5473770998396885
14 44 5.1679250084373383
14 45 4.8044345386048946
14 46 4.4558094035290958
14 47 4.1212010957272316
14 48 3.7995708211941128
14 49 3.4900850846673377
14 50 3.1917585872778012
14 51 2.9037737703635922
14 52 2.6251934585161574
14 53 2.355215996754592
14 54 2.0929459813128366
14 55 1.837594558846235
14 56 1.5882976254964221
14 57 1.3442969297609002
14 58 1.1048322726138138
14 59 0.86906105933030497
14 60 0.63509151922896057
14 61 0.40121319487677087
14 62 0.17853587316298508
14 63 0
15 0 0
15 1 45.795812702318848
15 2 44.445432494889474
15 3 43.005650263372154
15 4 41.580586101237465
15 5 40.13691983921197
15 6 38.69084821593561
15 7 37.252478226998733
15 8 35.82648967401169
15 9 34.416720298448496
15 10 33.028185856960818
15 11 31.664201625232842
15 12 30.328358925663462
15 13 29.022799008157502
15 14 27.75004105622719
15 15 26.511392214110625
15 16 25.308484633816928
15 17 24.141970195793348
15 18 23.012755580718817
15 19 21.920995494697632
15 20 20.86701257929343
15 21 19.850592148461004
15 22 18.871594909175037
15 23 17.929538755695706
15 24 17.023927208829541
15 25 16.154090431522636
15 26 15.319263742211444
15 27 14.518650561879339
15 28 13.751292707690794
15 29 13.016312547495566
15 30 12.312620206929875
15 31 11.63929049062558
15 32 10.995152083921379
15 33 10.379256240494502
15 34 9.7903901881751612
15 35 9.2275984619640123
15 36 8.689657798493446
15 37 8.1756175333596417
15 38 7.6842670708734682
15 39 7.2146682124068624
15 40 6.7656395360604611
15 41 6.33626021497221
15 42 5.9253889396063961
15 43 5.5321251894292072
15 44 5.1553741383891571
15 45 4.7942570778769342
15 46 4.4477283701148922
15 47 4.1149315526479802
15 48 3.7948700068591288
15 49 3.4867091069060074
15 50 3.1894988856001345
15 51 2.9024254333963975
15 52 2.6245814557431357
15 53 2.3551721898123028
15 54 2.0933278420569743
15 55 1.8382685532545124
15 56 1.5891525620195601
15 57 1.3452320911062814
15 58 1.1057670786979354
15 59 0.86992514466822035
15 60 0.63583168443967775
15 61 0.40179535643193998
15 62 0.17892735643835875
15 63 0
16 0 0
16 1 45.219125587446626
16 2 43.864423695298044
16 3 42.422388819209559
16 4 40.998217312940561
16 5 39.558336447791433
16 6 38.118294851290763
16 7 36.68839512341227
16 8 35.272687460404356
16 9 33.875230850272409
16 10 32.500354018155086
16 11 31.151631699392841
16 12 29.831953123735143
16 13 28.543744974859674
16 14 27.288840582773016
16 15 26.068847077627019
16 16 24.884751039978386
16 17 23.737507454405307
16 18 22.627434588893546
16 19 21.554983208065661
16 20 20.519955034504722
16 21 19.522416144350522
16 22 18.561778516220787
16 23 17.637819478966353
16 24 16.749666138043732
16 25 15.896882963142279
16 26 15.078397823081897
16 27 14.29362154531875
16 28 13.541351702284361
16 29 12.82089108643842
16 30 12.13096155228952
16 31 11.470792557770398
16 32 10.839072580300449
16 33 10.234983855449903
16 34 9.6572134995933538
16 35 9.1049159813043978
16 36 8.5768004545280352
16 37 8.0720079813354459
16 38 7.5892860456418081
16 39 7.1277727941230733
16 40 6.6862645527861355
16 41 6.2639041075324258
16 42 5.8595425101439487
16 43 5.4723324936283735
16 44 5.1011820795668621
16 45 4.7452575061370004
16 46 4.4035232057400062
16 47 4.0751610815197461
16 48 3.7591893107391319
16 49 3.4548064715032814
16 50 3.1610802768329211
16 51 2.8772260098649536
16 52 2.6023556411169917
16 53 2.3357005148019852
16 54 2.0764108187726844
16 55 1.8237304592236152
16 56 1.5768378708070374
16 57 1.3350073093220185
16 58 1.0975183554318599
16 59 0.86355921854294493
16 60 0.63128324410835301
16 61 0.39903442226828068
16 62 0.17782757938862931
16 63 0
17 0 0
17 1 44.290248900089153
17 2 42.943667893412616
17 3 41.512116630801138
17 4 40.101573371775864
17 5 38.677896147479906
17 6 37.256523586762604
17 7 35.847083952597551
17 8 34.453807703903976
17 9 33.080061617907994
17 10 31.730379094808271
17 11 30.407625483012417
17 12 29.114934622309466
17 13 27.854043021121438
17 14 26.627055165045295
17 15 25.434928356842224
17 16 24.278934941778825
17 17 23.159436029630292
17 18 22.077039224101519
17 19 21.031666854519919
17 20 20.023404127995139
17 21 19.05185845403782
17 22 18.116712027425681
17 23 17.217353428533229
17 24 16.353161396714867
17 25 15.523378557311725
17 26 14.727162507054921
17 27 13.963663915723522
17 28 13.231886589755138
17 29 12.530928279036521
17 30 11.859693396585284
17 31 11.217254254186303
17 32 10.602459086248226
17 33 10.014373566322528
17 34 9.4518233630875272
17 35 8.9138799655979408
17 36 8.399371905405367
17 37 7.9073844265704327
17 38 7.4367674448881234
17 39 6.9866247668973163
17 40 6.5558404569168101
17 41 6.1435395592776807
17 42 5.7486483245982125
17 43 5.3703142682764522
17 44 5.0075100527569534
17 45 4.6594059073271374
17 46 4.3250221188518179
17 47 4.0035511609476924
17 48 3.6940598307732357
17 49 3.3957618249811143
17 50 3.1077675829880742
17 51 2.829310529436754
17 52 2.5595406187977416
17 53 2.2977092502959007
17 54 2.043000838141976
17 55 1.7946804976576962
17 56 1.5519580422201471
17 57 1.3141294131777066
17 58 1.0805023158433105
17 59 0.85028754154194097
17 60 0.62168296776865173
17 61 0.39307741475305275
17 62 0.17530112362234077
17 63 0
18 0 0
18 1 43.029907718194586
18 2 41.703361537399402
18 3 40.295027958860103
18 4 38.910149979892864
18 5 37.515066353934813
18 6 36.124130603059101
18 7 34.747079440415767
18 8 33.387388083369409
18 9 32.048656803665445
18 10 30.734630294929477
18 11 29.448430006363715
18 12 28.192441969781562
18 13 26.968684496791187
18 14 25.778572302669652
18 15 24.623354924011249
18 16 23.503686546978209
18 17 22.420219518487837
18 18 21.373022335890152
18 19 20.36229803454324
18 20 19.387673969151315
18 21 18.449020603511087
18 22 17.545641558582734
18 23 16.677166092487024
18 24 15.842668572559342
18 25 15.04160738799273
18 26 14.272902808316758
18 27 13.535895656672135
18 28 12.829411121344393
18 29 12.152712227032069
18 30 11.504574709741135
18 31 10.884213018065379
18 32 10.290388029194906
18 33 9.7222867791681704
18 34 9.178680839228857
18 35 8.6587449484784944
18 36 8.1612795689284123
18 37 7.6854577899177619
18 38 7.2301212236924295
18 39 6.7944486917924385
18 40 6.3773304721958546
18 41 5.9779561229962876
18 42 5.5952683605582525
18 43 5.2284707395984116
18 44 4.8765592807700413
18 45 4.5387534884469671
18 46 4.21410133947556
18 47 3.9018392271997571
18 48 3.6010640899285145
18 49 3.3110293296290831
18 50 3.0308766582821702
18 51 2.7598759069812697
18 52 2.4972085636259975
18 53 2.2421598670564551
18 54 1.9939455024076973
18 55 1.7518624834712317
18 56 1.5151514613455348
18 57 1.2831385039079195
18 58 1.055159874115108
18 59 0.83045680282685774
18 60 0.60728206304087218
18 61 0.38408245743899
18 62 0.1714159491720105
18 63 0
19 0 0
19 1 41.458353125574156
19 2 40.16391173862651
19 3 38.790853625748035
19 4 37.443695608580953
19 5 36.088712365995278
19 6 34.739940979278607
19 7 33.406193885236114
19 8 32.091160662911243
19 9 30.797659833817828
19 10 29.529637988716676
19 11 28.289457056555825
19 12 27.079746668274616
19 13 25.901830549572232
19 14 24.757390107269281
19 15 23.647052778435537
19 16 22.571749921643949
19 17 21.531590092971619
19 18 20.526918759377246
19 19 19.557474453439074
19 20 18.623152832614309
19 21 17.723436591377958
19 22 16.857882809088615
19 23 16.025804551341821
19 24 15.226510748012577
19 25 14.459208313136635
19 26 13.723030975127562
19 27 13.017125015113708
19 28 12.340507263712031
19 29 11.692295060353551
19 30 11.071434384819774
19 31 10.477034969055781
19 32 9.9080077422835178
19 33 9.363468629324819
19 34 8.8423207607084606
19 35 8.3436947422048569
19 36 7.8665060538535121
19 37 7.4099048450559684
19 38 6.9728332281822434
19 39 6.554463364863417
19 40 6.1537734846329695
19 41 5.7699586948441919
19 42 5.4020389509501054
19 43 5.0492322721899576
19 44 4.710602866510178
19 45 4.3853910147254656
19 46 4.0727052995991571
19 47 3.7718071950788876
19 48 3.4818479481012052
19 49 3.2021088383303038
19 50 2.9317807024324396
19 51 2.6701629509601958
19 52 2.4164819767838401
19 53 2.1700535321244914
19 54 1.9301348241609981
19 55 1.6960538562101131
19 56 1.4670902689137915
19 57 1.2426008165420741
19 58 1.0219564951824551
19 59 0.80443132072315127
19 60 0.58834672380101294
19 61 0.37221610145801948
19 62 0.16624562292317155
19 63 0
20 0 0
20 1 39.597381715426749
20 2 38.346132846357271
20 3 37.020295213347552
20 4 35.721899775640971
20 5 34.418423449654654
20 6 33.122443560170993
20 7 31.842798120655129
20 8 30.582345314751549
20 9 29.344151468413628
20 10 28.131318705686081
20 11 26.946464051880969
20 12 25.791462449401831
20 13 24.667917999892119
20 14 23.576849193745385
20 15 22.519170228559972
20 16 21.495244268339825
20 17 20.505461727579039
20 18 19.549693126500209
20 19 18.627945130087333
20 20 17.739726734981122
20 21 16.884769054020438
20 22 16.062323356180823
20 23 15.271927923885029
20 24 14.512657733208083
20 25 13.783920318337206
20 26 13.084677567655175
20 27 12.414252018528298
20 28 11.771540945743729
20 29 11.155814978938063
20 30 10.565943414464472
20 31 10.001168449772123
20 32 9.4603585608828027
20 33 8.9427438425964016
20 34 8.4472115453071606
20 35 7.972990788108528
20 36 7.51900117319218
20 37 7.0844782551134644
20 38 6.6683827985601063
20 39 6.269961591239352
20 40 5.8882216194014507
20 41 5.5224238776385066
20 42 5.1716237084074113
20 43 4.8350980073956746
20 44 4.5119503590047358
20 45 4.2014743349634252
20 46 3.9028199491129629
20 47 3.6152975334132358
20 48 3.3381004663807214
20 49 3.0705553738456475
20 50 2.8118950351660352
20 51 2.5614614295064548
20 52 2.3185221760749473
20 53 2.0824334033359255
20 54 1.8524925735274116
20 55 1.6280664174686286
20 56 1.4084739473784822
20 57 1.1931087832165299
20 58 0.98137755725457532
20 59 0.77259305315958171
20 60 0.56515486500651757
20 61 0.35765361856625993
20 62 0.15986670668157185
20 63 0
21 0 0
21 1 37.467537626804344
21 2 36.270761502928444
21 3 35.00315473496466
21 4 33.764553281234029
21 5 32.5228975360954
21 6 31.29025860982291
21 7 30.074353199340187
21 8 28.878288360083157
21 9 27.704302889481987
21 10 26.555700325909829
21 11 25.434325482335318
21 12 24.342297894317934
21 13 23.280551936624967
21 14 22.250370350712618
21 15 21.252094104458347
21 16 20.286357149138819
21 17 19.353069772657882
21 18 18.45236959138634
21 19 17.583869724691578
21 20 16.74733509203676
21 21 15.942181630820102
21 22 15.167900369462584
21 23 14.423783604498219
21 24 13.709127010029999
21 25 13.023151831460948
21 26 12.365020361692835
21 27 11.733919257320258
21 28 11.128925919902091
21 29 10.549216794375493
21 30 9.9938219117022662
21 31 9.4619230885076746
21 32 8.9525315790134989
21 33 8.464843959269583
21 34 7.9978740335877543
21 35 7.550838314772772
21 36 7.1227685741870879
21 37 6.7129036915052174
21 38 6.3203040320006565
21 39 5.9442315598043356
21 40 5.5837820036109207
21 41 5.238240113096249
21 42 4.9067406751102922
21 43 4.5885903487256181
21 44 4.282964257218743
21 45 3.9891897694283007
21 46 3.7064817588360124
21 47 3.434186908499925
21 48 3.1715578500135342
21 49 2.9179590380414386
21 50 2.6726778361946821
21 51 2.4350947779659231
21 52 2.2045282212001145
21 53 1.9803730715780035
21 54 1.7619744117326013
21 55 1.5487377480902618
21 56 1.3400274109043835
21 57 1.1352748882703076
21 58 0.93392695082873056
21 59 0.7353375175665835
21 60 0.53799568139612464
21 61 0.34057681540233409
21 62 0.15235989323382293
21 63 0
22 0 0
22 1 35.091536268489286
22 2 33.959127434463191
22 3 32.760536573780307
22 4 31.591481393579681
22 5 30.421785228673397
22 6 29.261751851991196
22 7 28.119048114870576
22 8 26.995914085230222
22 9 25.894851754545478
22 10 24.818300505693063
22 11 23.768361175947614
22 12 22.746419429434667
22 13 21.753690327600147
22 14 20.790840137243542
22 15 19.858493021426323
22 16 18.956776849118569
22 17 18.08587658087977
22 18 17.245524811427302
22 19 16.435592742373682
22 20 15.655530460930745
22 21 14.904990503293439
22 22 14.183227646088472
22 23 13.489746951292814
22 24 12.823674712622159
22 25 12.184420718677048
22 26 11.571033466518561
22 27 10.982864949520193
22 28 10.418923878701781
22 29 9.8785307580169786
22 30 9.3606826161736105
22 31 8.8646864839054711
22 32 8.3895480850312527
22 33 7.9345729838364836
22 34 7.4987899525102808
22 35 7.0815108416196884
22 36 6.6817971262927998
22 37 6.2989717544399655
22 38 5.9321348956747784
22 39 5.5806234143464142
22 40 5.2435793186546826
22 41 4.9203548786915841
22 42 4.6101348864438743
22 43 4.3122876193949482
22 44 4.0260399197855374
22 45 3.7507760669834784
22 46 3.4857629602292355
22 47 3.2304004356637268
22 48 2.9839925335891935
22 49 2.7459538560835259
22 50 2.5156220112059815
22 51 2.2924252721240825
22 52 2.0757308154351679
22 53 1.864979355456041
22 54 1.6595633164011361
22 55 1.4589325718163275
22 56 1.2624976022903933
22 57 1.0697322836590915
22 58 0.88012459216725758
22 59 0.69307413400852036
22 60 0.50716785222114558
22 61 0.32117436962751678
22 62 0.14380846592895988
22 63 0
23 0 0
23 1 32.490143786400481
23 2 31.432211167568116
23 3 30.312268431742861
23 4 29.222465676669671
23 5 28.133607363049951
23 6 27.055325559927766
23 7 25.994017707528439
23 8 24.952205762293705
23 9 23.931551649124735
23 10 22.934697498819627
23 11 21.962985492815669
23 12 21.018048316877763
23 13 20.100474052760354
23 14 19.211192344620976
23 15 18.350313537766866
23 16 17.518231767128537
23 17 16.714719851478463
23 18 15.939769833254116
23 19 15.192929723819871
23 20 14.473895714888672
23 21 13.782073537661732
23 22 13.11694683364599
23 23 12.477838235852559
23 24 11.864083783873214
23 25 11.274964110184984
23 26 10.709717933792506
23 27 10.167611388501701
23 28 9.6478244880732333
23 29 9.1496264357664874
23 30 8.6721678818661765
23 31 8.2147316374158343
23 32 7.7764609492529324
23 33 7.356657977798573
23 34 6.9544746380439033
23 35 6.5692350462785551
23 36 6.200111153417363
23 37 5.8464496942378146
23 38 5.5074502685747468
23 39 5.182481765271695
23 40 4.8707760610041388
23 41 4.5717231365201032
23 42 4.2845894194723613
23 43 4.0087846398619309
23 44 3.7436102181949504
23 45 3.4884941789252575
23 46 3.2427719762888589
23 47 3.0058884325510427
23 48 2.7772110301845019
23 49 2.5561998625933025
23 50 2.3422516733148839
23 51 2.13484024464789
23 52 1.9333883017897939
23 53 1.7373817834738043
23 54 1.5462657245935674
23 55 1.3595348903531195
23 56 1.1766502330687028
23 57 0.99712914771415218
23 58 0.82050408606594327
23 59 0.64622251294091215
23 60 0.47297839253910096
23 61 0.29963990431756771
23 62 0.13429871138111452
23 63 0
24 0 0
24 1 29.686836703647522
24 2 28.711759506561787
24 3 27.679763470223506
24 4 26.67742145794206
24 5 25.678032188128867
24 6 24.689220479882298
24 7 23.717268711442735
24 8 22.763825711436859
24 9 21.830831867176087
24 10 20.92007040055325
24 11 20.033141783260497
24 12 19.170981853357958
24 13 18.334460869579299
24 14 17.523947266192238
24 15 16.739832517711047
24 16 15.982069507419403
24 17 15.250700436234281
24 18 14.545380236440586
24 19 13.865907235723776
24 20 13.211729211274747
24 21 12.582479257941493
24 22 11.977466715002633
24 23 11.396217277982682
24 24 10.837953379451685
24 25 10.302134877153133
24 26 9.7879355394305723
24 27 9.2947785406465577
24 28 8.8218170511405134
24 29 8.3684574670770875
24 30 7.933852668506292
24 31 7.5174054469081311
24 32 7.1182827887502871
24 33 6.7358922778579471
24 34 6.3694248900291255
24 35 6.0182980997081952
24 36 5.6817332950174979
24 37 5.3591607246346706
24 38 5.0498359509943063
24 39 4.7532034347583858
24 40 4.468554626383467
24 41 4.1953487142050454
24 42 3.9329131794007024
24 43 3.6807218714267034
24 44 3.43813725133966
24 45 3.2046473880665842
24 46 2.9796477798829657
24 47 2.7626400146818999
24 48 2.5530500355210695
24 49 2.3503920482276968
24 50 2.1541193883754302
24 51 1.9637577961039583
24 52 1.7787846583489277
24 53 1.5987361162105671
24 54 1.4231100344689478
24 55 1.2514500813197753
24 56 1.0832686414242076
24 57 0.91812990767250735
24 58 0.75561183872699378
24 59 0.59521318287413594
24 60 0.4357419237274458
24 61 0.27617244002940344
24 62 0.12391910027990892
24 63 0
25 0 0
25 1 26.702544072272541
25 2 25.818925773639638
25 3 24.882845693847372
25 4 23.976089423207309
25 5 23.073410932222743
25 6 22.181628433503349
25 7 21.305649586252439
25 8 20.447434629646523
25 9 19.608093028962806
25 10 18.789613264150635
25 11 17.992865556622434
25 12 17.219035971371401
25 13 16.468417562357061
25 14 15.741642340846466
25 15 15.038648353500331
25 16 14.35965174364739
25 17 13.704346952246228
25 18 13.072642679472372
25 19 12.464077633593833
25 20 11.878338216873859
25 21 11.31487034356565
25 22 10.773203892266451
25 23 10.25273598006817
25 24 9.7528904704527957
25 25 9.2730453010956264
25 26 8.8125568287896989
25 27 8.3708028528658271
25 28 7.9471013512589783
25 29 7.5408414831589052
25 30 7.1513246479915535
25 31 6.7779576718809498
25 32 6.4200414411509792
25 33 6.077003331785555
25 34 5.7481552784171992
25 35 5.4329459489574967
25 36 5.13070633913817
25 37 4.8409059058764781
25 38 4.562899919389082
25 39 4.2961774730772229
25 40 4.0401211214969512
25 41 3.7942381627331665
25 42 3.5579397227039147
25 43 3.3307498015524994
25 44 3.1121080526978635
25 45 2.9015537027393994
25 46 2.6985538787774481
25 47 2.5026616127405643
25 48 2.3133697036239735
25 49 2.1302436095575605
25 50 1.9527994602931682
25 51 1.7806137659691408
25 52 1.6132232927087431
25 53 1.4502143126967972
25 54 1.291141249770265
25 55 1.1355973459556197
25 56 0.98314951825749186
25 57 0.83340980953838206
25 58 0.6860040272536132
25 59 0.54048403718102755
25 60 0.39577902223516764
25 61 0.25097459307246434
25 62 0.11276022589959078
25 63 0
26 0 0
26 1 23.561344602277387
26 2 22.775780274137901
26 3 21.943154371241992
26 4 21.138440241075159
26 5 20.339401531337906
26 6 19.550674689713315
26 7 18.776999589117668
26 8 18.019474881809916
26 9 17.279502365290011
26 10 16.558230657119335
26 11 15.856791199615127
26 12 15.17571562811117
26 13 14.51558125842357
26 14 13.876513358116423
26 15 13.258730126694079
26 16 12.662065976467987
26 17 12.086481048915378
26 18 11.53160652789915
26 19 10.997225732535384
26 20 10.482833014424651
26 21 9.9880947849652788
26 22 9.5124177927574234
26 23 9.0553950187074026
26 24 8.6163817493791512
26 25 8.1949283000946984
26 26 7.7903647373966773
26 27 7.4022198964255645
26 28 7.0298174578441879
26 29 6.6726789113494132
26 30 6.3301348665428527
26 31 6.0017085426405901
26 32 5.686746678815628
26 33 5.3847797657709453
26 34 5.0951767914613049
26 35 4.8174786663232148
26 36 4.5510804213719274
26 37 4.2955349660779127
26 38 4.0502654014571595
26 39 3.8148372228726712
26 40 3.588702278335377
26 41 3.3714386296905059
26 42 3.1625265182969819
26 43 2.9615561918537043
26 44 2.7680351506596006
26 45 2.581565230969729
26 46 2.4016794758629931
26 47 2.2279905728103584
26 48 2.0600549696639177
26 49 1.8974953617811641
26 50 1.7398891673005281
26 51 1.5868681446893382
26 52 1.4380280699747139
26 53 1.2930088207252493
26 54 1.1514217570273209
26 55 1.0129125205524234
26 56 0.87710343249600542
26 57 0.74365671243946574
26 58 0.6122468829618245
26 59 0.48248143118557973
26 60 0.35341625329892856
26 61 0.22425316549144786
26 62 0.1009144652075494
26 63 0
27 0 0
27 1 20.284281236059076
27 2 19.603591698074339
27 3 18.880493930057149
27 4 18.184159819441927
27 5 17.494206946382331
27 6 16.814365745651489
27 7 16.147931829198274
27 8 15.496339374543975
27 9 14.860178875950712
27 10 14.24080719995646
27 11 13.638658281921648
27 12 13.054517303406227
27 13 12.48843162479338
27 14 11.940790883607983
27 15 11.411413166790954
27 16 10.900394327243045
27 17 10.407401143856751
27 18 9.9323146200375803
27 19 9.4747104972888678
27 20 9.0343164067707225
27 21 8.6106591808312274
27 22 8.2033601332455461
27 23 7.8119257612145807
27 24 7.435906849809351
27 25 7.0748080486730585
27 26 6.7281366312131619
27 27 6.3954066321208298
27 28 6.0761020422648127
27 29 5.7697524741607955
27 30 5.4758336171075914
27 31 5.1938934963462184
27 32 4.9234104138628778
27 33 4.6639515207776503
27 34 4.4150054818955473
27 35 4.1761580416637747
27 36 3.9469135058424514
27 37 3.7268750281567691
27 38 3.5155658978917281
27 39 3.31260522305067
27 40 3.1175371055243075
27 41 2.9299951058203564
27 42 2.7495447914134097
27 43 2.5758327412614621
27 44 2.4084457383677056
27 45 2.2470420555434294
27 46 2.0912287605164508
27 47 1.9406746021037249
27 48 1.7950055018478728
27 49 1.653899547261193
27 50 1.5169997254360543
27 51 1.3839923658297169
27 52 1.2545355065503729
27 53 1.128322719588442
27 54 1.0050248797446899
27 55 0.88434061929030006
27 56 0.76594982089655361
27 57 0.64956571564973131
27 58 0.53491316326200822
27 59 0.42165667776482912
27 60 0.30898417111304538
27 61 0.1962173929589095
27 62 0.088475612112187629
27 63 0
28 0 0
28 1 16.895877288170176
28 2 16.324664941425819
28 3 15.716658090525303
28 4 15.13324867933853
28 5 14.557460645313151
28 6 13.990729765032741
28 7 13.436145414712838
28 8 12.894298440655195
28 9 12.36608293472119
28 10 11.852038766591317
28 11 11.352864029952649
28 12 10.868728004972729
28 13 10.399964446692735
28 14 9.9465019715476561
28 15 9.5084385580560848
28 16 9.0855361643213488
28 17 8.6777249392672093
28 18 8.2846548485721474
28 19 7.9061423986619195
28 20 7.5417661178447899
28 21 7.1912686430232275
28 22 6.8541864039247082
28 23 6.5302168464686572
28 24 6.2188752781702084
28 25 5.9198340898157173
28 26 5.6326022682685704
28 27 5.3568408759508914
28 28 5.0920628767662954
28 29 4.8379270376637882
28 30 4.5939573286790774
28 31 4.359815904761442
28 32 4.1350423958231346
28 33 3.9193057055664378
28 34 3.7121640382876628
28 35 3.5132948474158758
28 36 3.3222765374724728
28 37 3.1387959028053567
28 38 2.9624522066885977
28 39 2.7929417484372543
28 40 2.629884575123584
28 41 2.4729862827496265
28 42 2.3218870691401228
28 43 2.1763014067011697
28 44 2.0358885889248302
28 45 1.9003714255497492
28 46 1.7694269370831239
28 47 1.6427856607232834
28 48 1.520140749653262
28 49 1.4012298075471183
28 50 1.2857603691128829
28 51 1.1734763922455038
28 52 1.064097957245127
28 53 0.95737468877901377
28 54 0.8530372740402189
28 55 0.75083925015006947
28 56 0.65051869671747942
28 57 0.55184142899513045
28 58 0.45458326080098621
28 59 0.35846745477417613
28 60 0.26281788177759569
28 61 0.1670796617082137
28 62 0.075538850915091188
28 63 0
29 0 0
29 1 13.41724852002841
29 2 12.960338412660251
29 3 12.471426448577988
29 4 12.005338761546572
29 5 11.547249183308873
29 6 11.097627073844267
29 7 10.658077157213569
29 8 10.229542871705462
29 9 9.8121274691184013
29 10 9.4065818925866367
29 11 9.0129350925057778
29 12 8.6316127394459503
29 13 8.2624557040695166
29 14 7.905657940666206
29 15 7.5609573217597559
29 16 7.228376329782547
29 17 6.9075914003772203
29 18 6.5984998979575016
29 19 6.3007478684675551
29 20 6.0141437305693062
29 21 5.7383238989068923
29 22 5.473035556465808
29 23 5.2179187240425851
29 24 4.9726804376458063
29 25 4.7369721235358
29 26 4.5104765915664773
29 27 4.2928606954359472
29 28 4.0837949298683398
29 29 3.8829630908059918
29 30 3.6900321602041606
29 31 3.504702823852571
29 32 3.3266449383651091
29 33 3.155575130276421
29 34 2.9911706356217294
29 35 2.8331626338606806
29 36 2.6812387727784359
29 37 2.5351432539273424
29 38 2.3945760163845122
29 39 2.2592927858203704
29 40 2.1290067721015413
29 41 2.0034838506456913
29 42 1.8824507843441027
29 43 1.7656823807733821
29 44 1.6529187052788938
29 45 1.5439424336608889
29 46 1.4385062842245533
29 47 1.336399867179709
29 48 1.2373876140183577
29 49 1.1412652331122299
29 50 1.0478077241211121
29 51 0.95681611781021547
29 52 0.86807471425289962
29 53 0.78138918762700471
29 54 0.69655173829586414
29 55 0.61337116079029708
29 56 0.53164513852336726
29 57 0.45119259436919251
29 58 0.37184134000346702
29 59 0.29337430326849145
29 60 0.21525481440945429
29 61 0.1370537716211333
29 62 0.062200200245820611
29 63 0
30 0 0
30 1 9.8732079145141984
30 2 9.5330668063990327
30 3 9.1666850739240306
30 4 8.8204421743291377
30 5 8.4831785432160753
30 6 8.1530136229915389
30 7 7.8313229878579955
30 8 7.5182228266616784
30 9 7.2141276548992312
30 10 6.9189902245018491
30 11 6.6331060338922017
30 12 6.3563123837629449
30 13 6.0887382718146625
30 14 5.8301477042257304
30 15 5.5805585947579637
30 16 5.3396910880177293
30 17 5.107483801221103
30 18 4.8836330849051279
30 19 4.6680235991556902
30 20 4.4603419512043523
30 21 4.2604376811027294
30 22 4.0679970631121121
30 23 3.8828482541051534
30 24 3.7046833212834271
30 25 3.5333187960990524
30 26 3.3684563781984247
30 27 3.2099077011523569
30 28 3.0573863800337664
30 29 2.910703624146191
30 30 2.7695862020600517
30 31 2.633847737658142
30 32 2.5032286924990852
30 33 2.3775467906296046
30 34 2.2565562548325424
30 35 2.14007980631713
30 36 2.0278851720963367
30 37 1.9198004471719392
30 38 1.815606373965968
30 39 1.7151364682050427
30 40 1.6181838282671053
30 41 1.5245872379127972
30 42 1.4341513639120076
30 43 1.3467199899645841
30 44 1.2621084676391021
30 45 1.1801652479145965
30 46 1.1007154136353965
30 47 1.0236117135646126
30 48 0.94868796065062599
30 49 0.8758008078035785
30 50 0.80479176655485762
30 51 0.73552097764417623
30 52 0.66783661813507755
30 53 0.60160193083791602
30 54 0.53667067477294295
30 55 0.47290809646667414
30 56 0.41017177678590355
30 57 0.34833470086071822
30 58 0.28727698673214869
30 59 0.22684226061438373
30 60 0.16663562616792896
30 61 0.10635574962466177
30 62 0.048556678754342317
30 63 0
31 0 0
31 1 6.2849086804434613
31 2 6.0642216904554473
31 3 5.8221911032013027
31 4 5.5981487208666172
31 5 5.3832580662973477
31 6 5.1746529027819292
31 7 4.9722077674129324
31 8 4.7764002531503298
31 9 4.5868682795090097
31 10 4.4037778244858643
31 11 4.2267729904301756
31 12 4.0559493914033711
31 13 3.8909646946938161
31 14 3.7318490734741707
31 15 3.5782827944604372
31 16 3.4302463014213362
31 17 3.2874462515364744
31 18 3.1498253467776069
31 19 3.0171178116501558
31 20 2.8892385752616079
31 21 2.7659487154079052
31 22 2.647143465476999
31 23 2.5326088619322449
31 24 2.4222269263556155
31 25 2.3158061176766589
31 26 2.2132203826084567
31 27 2.1142978112443518
31 28 2.0189082819546149
31 29 1.9268967338239908
31 30 1.8381320398959042
31 31 1.7524733823973035
31 32 1.6697909090974845
31 33 1.5899557096317687
31 34 1.5128408413783172
31 35 1.438327276315672
31 36 1.3662920895103292
31 37 1.2966244247146144
31 38 1.2292060576836885
31 39 1.1639328879962356
31 40 1.1006917372774991
31 41 1.0393841059616937
31 42 0.9799019433585956
31 43 0.9221514166505862
31 44 0.86602948418728942
31 45 0.81144622522822429
31 46 0.75830334043747083
31 47 0.70651420664691711
31 48 0.65598489490770706
31 49 0.60663157016801861
31 50 0.55836422944386654
31 51 0.51110139000295729
31 52 0.46475649606566793
31 53 0.41925007147486687
31 54 0.3744984531844599
31 55 0.33042333444224831
31 56 0.28694298497507803
31 57 0.24398459375393855
31 58 0.20148114752882523
31 59 0.15933735387186138
31 60 0.11730184042760657
31 61 0.075202117517492492
31 62 0.034705641687391042
31 63 0
32 0 0
32 1 2.6773013267315195
32 2 2.5763259338901894
32 3 2.4598679960647201
32 4 2.358468863218123
32 5 2.2670711218260413
32 6 2.1804578531515912
32 7 2.0982677974984383
32 8 2.0201593763843508
32 9 1.9460851719580528
32 10 1.875422638114782
32 11 1.8080838889848987
32 12 1.7435882231477549
32 13 1.6818824664117715
32 14 1.6225796230533127
32 15 1.5656403579757521
32 16 1.5107552846735017
32 17 1.4578930542579696
32 18 1.4068069648271928
32 19 1.3574692867914879
32 20 1.309683505177142
32 21 1.2634230470343135
32 22 1.2185312233836243
32 23 1.1749813729048286
32 24 1.1326481565968589
32 25 1.0915043613942135
32 26 1.0514491457669213
32 27 1.0124547350406488
32 28 0.97443930487739627
32 29 0.93737473688559325
32 30 0.90119388476028472
32 31 0.86586858551100621
32 32 0.83134296672951469
32 33 0.79758911391857801
32 34 0.76455978031208138
32 35 0.73222754157102732
32 36 0.70055173176950269
32 37 0.66950558933487514
32 38 0.63905346053637935
32 39 0.60916934950534218
32 40 0.57982141769553619
32 41 0.55098447685480711
32 42 0.52262959375223506
32 43 0.49473238127225128
32 44 0.4672661214555312
32 45 0.44020718674383819
32 46 0.4135305513154976
32 47 0.38721328257961074
32 48 0.36123164963809201
32 49 0.33556333709063835
32 50 0.31018560496642922
32 51 0.28507667075770832
32 52 0.26021456105736418
32 53 0.23557796780617615
32 54 0.21114546074422613
32 55 0.18689579441552101
32 56 0.16280779440649412
32 57 0.13886328603420831
32 58 0.11504807578992904
32 59 0.091328361716734641
32 60 0.067596938173293361
32 61 0.043810761278182925
32 62 0.020745048884033515
32 63 0
33 0 0
33 1 -0.92845540839338081
33 2 -0.90924648565065924
33 3 -0.90054259067405484
33 4 -0.87903104025281997
33 5 -0.84740666474062143
33 6 -0.81184936093392768
33 7 -0.77421671116613422
33 8 -0.73448898264763096
33 9 -0.69348597301902504
33 10 -0.6516158140779239
33 11 -0.60961395640771654
33 12 -0.56770203697916699
33 13 -0.52640129361036447
33 14 -0.48583204055522589
33 15 -0.44636850499473718
33 16 -0.40805942850891236
33 17 -0.37116582879870336
33 18 -0.3356878191348085
33 19 -0.30180168008229746
33 20 -0.26947543185614098
33 21 -0.23882257316002262
33 22 -0.20979069425960098
33 23 -0.18244733230424431
33 24 -0.15672774544178161
33 25 -0.13266621516110985
33 26 -0.11019121062547139
33 27 -0.089313240892200343
33 28 -0.06995773680115952
33 29 -0.052118433779161505
33 30 -0.035720236365619253
33 31 -0.020745219097794046
33 32 -0.0071194239361356696
33 33 0.0051830342846311533
33 34 0.016233893211742616
33 35 0.026064339194901032
33 36 0.034743207939358638
33 37 0.042305089822259764
33 38 0.048815519971803556
33 39 0.054311146550332666
33 40 0.058854010184907837
33 41 0.062481867087290394
33 42 0.065253221712793921
33 43 0.067206273989705745
33 44 0.068396066306004505
33 45 0.068860784918274673
33 46 0.068652173348221199
33 47 0.067808099256357862
33 48 0.066377239139738614
33 49 0.064396951968638733
33 50 0.061913130337662658
33 51 0.058962523368350533
33 52 0.05558856978993109
33 53 0.051827392248243828
33 54 0.047720281748674369
33 55 0.043302587148588353
33 56 0.038613965971248922
33 57 0.033690576206940999
33 58 0.0285711934154592
33 59 0.023283315166360355
33 60 0.017863943310673775
33 61 0.012399205541376386
33 62 0.0067727553177811105
33 63 0
34 0 0
34 1 -4.5074235718967435
34 2 -4.3699842203640422
34 3 -4.2371307251966224
34 4 -4.0943526882187067
34 5 -3.9406054336382992
34 6 -3.7843673970530833
34 7 -3.6277221329655451
34 8 -3.4714711590090568
34 9 -3.3161207414758489
34 10 -3.1628688609333895
34 11 -3.0121825714593737
34 12 -2.864864841748969
34 13 -2.7211475398006488
34 14 -2.5815749302611417
34 15 -2.4462403600762301
34 16 -2.3154898830016668
34 17 -2.1893217687243589
34 18 -2.0679329838531406
34 19 -1.9512607975064367
34 20 -1.8393916314779164
34 21 -1.7322255563057742
34 22 -1.6297682979875494
34 23 -1.531898998830262
34 24 -1.4385656428218185
34 25 -1.3496371599147721
34 26 -1.2650213202600717
34 27 -1.184583601552966
34 28 -1.1082048547382171
34 29 -1.0357511373348351
34 30 -0.96708638583285467
34 31 -0.90207945729826577
34 32 -0.84058482581395266
34 33 -0.78247521620597726
34 34 -0.72760111091349355
34 35 -0.67583947955659951
34 36 -0.62704074461461345
34 37 -0.58108611393874565
34 38 -0.53782868599782807
34 39 -0.49715371164975347
34 40 -0.45891877395209285
34 41 -0.42301289761221234
34 42 -0.38929924299332891
34 43 -0.35767032551500527
34 44 -0.3279954274289944
34 45 -0.30017028227506815
34 46 -0.27407042416275978
34 47 -0.2495945460324849
34 48 -0.22662425524655333
34 49 -0.20506095182138157
34 50 -0.18479191363818812
34 51 -0.16572098933109644
34 52 -0.14774055809698697
34 53 -0.13075664049741159
34 54 -0.11466609053653233
34 55 -0.099376819007729905
34 56 -0.084788978593582712
34 57 -0.070812095442894379
34 58 -0.057354882881924391
34 59 -0.044328711139612495
34 60 -0.031553435217282537
34 61 -0.018814505088075962
34 62 -0.0071131912675104015
34 63 0
35 0 0
35 1 -8.0384695702742519
35 2 -7.7845394627184445
35 3 -7.5301616462836751
35 4 -7.267932035964952
35 5 -6.99453835904536
35 6 -6.719357812423894
35 7 -6.4459447247266111
35 8 -6.1747483273512431
35 9 -5.9070532791676156
35 10 -5.6438429624762971
35 11 -5.3862422170369859
35 12 -5.1347953941630866
35 13 -4.8902175297462005
35 14 -4.6527860267282719
35 15 -4.4229461164315502
35 16 -4.2007823071050217
35 17 -3.9865397219972718
35 18 -3.7801672321000881
35 19 -3.5817669074324323
35 20 -3.3911947750548563
35 21 -3.2084525004491509
35 22 -3.0333346516573489
35 23 -2.8657740382914705
35 24 -2.7055265500980124
35 25 -2.5524790429975024
35 26 -2.4063651011594613
35 27 -2.2670419579624159
35 28 -2.1342325546958358
35 29 -2.0077759366774455
35 30 -1.8873926269303549
35 31 -1.7729113405923329
35 32 -1.6640559010554328
35 33 -1.5606499904770228
35 34 -1.4624246171715998
35 35 -1.3692019304005829
35 36 -1.2807226541222725
35 37 -1.1968096675591728
35 38 -1.1172149308202259
35 39 -1.0417634783940211
35 40 -0.97021926551490423
35 41 -0.9024103465599741
35 42 -0.83811285306602956
35 43 -0.77715834859437194
35 44 -0.71933488365297182
35 45 -0.66447776430656291
35 46 -0.61238637241431293
35 47 -0.56289980744863144
35 48 -0.51582795017479999
35 49 -0.47101360566951656
35 50 -0.42827614481199167
35 51 -0.38746187529617299
35 52 -0.34839852050972719
35 53 -0.31093560005665394
35 54 -0.27490802347319188
35 55 -0.24016799917872431
35 56 -0.20655564536971871
35 57 -0.17392699196155417
35 58 -0.14213845175742168
35 59 -0.11104107376267412
35 60 -0.080313201558977504
35 61 -0.049613519392806851
35 62 -0.020815255169927653
35 63 0
36 0 0
36 1 -11.496817254482659
36 2 -11.130491551070312
36 3 -10.757789296909555
36 4 -10.379793113753085
36 5 -9.9896396205654128
36 6 -9.5988992725741245
36 7 -9.21132639345808
36 8 -8.8282019647524272
36 9 -8.4505026040659921
36 10 -8.0800123448867183
36 11 -7.7175882341616129
36 12 -7.3643766668351809
36 13 -7.0208038432838125
36 14 -6.6875963181716873
36 15 -6.3649177880169701
36 16 -6.0531766611481537
36 17 -5.752353588157189
36 18 -5.4626201645518826
36 19 -5.1838369294696989
36 20 -4.9160021694233471
36 21 -4.6589011679903409
36 22 -4.4124077893803282
36 23 -4.1762634046185987
36 24 -3.9502548447790189
36 25 -3.7341007585116679
36 26 -3.5275293461312032
36 27 -3.330250334989413
36 28 -3.1419547248852426
36 29 -2.9623518997217819
36 30 -2.7911116945352816
36 31 -2.6279481550638151
36 32 -2.4725218125523614
36 33 -2.324554027380747
36 34 -2.1837046498601063
36 35 -2.0497035282544092
36 36 -1.9222159361817681
36 37 -1.8009805050909002
36 38 -1.6856720736658317
36 39 -1.5760378699981583
36 40 -1.4717649114921567
36 41 -1.3726085999701991
36 42 -1.2782695604451657
36 43 -1.1885108484436657
36 44 -1.1030472148756734
36 45 -1.0216488197377158
36 46 -0.94404436770998623
36 47 -0.87001056788178766
36 48 -0.79928939283504052
36 49 -0.73166353729874578
36 50 -0.66688718320044227
36 51 -0.60474842333389589
36 52 -0.54501232351283857
36 53 -0.48747177192412594
36 54 -0.43190126840358561
36 55 -0.37809753706178151
36 56 -0.32584191021321157
36 57 -0.27493732324084874
36 58 -0.22518882125792744
36 59 -0.17638783469329986
36 60 -0.12807400512014089
36 61 -0.079781328510147423
36 62 -0.034236151113982156
36 63 0
37 0 0
37 1 -14.861389787311339
37 2 -14.386549014234058
37 3 -13.900278603112939
37 4 -13.410355125431616
37 5 -12.907867682630595
37 6 -12.405181451778171
37 7 -11.907472763632716
37 8 -11.415687671882271
37 9 -10.931594020079023
37 10 -10.456761848222543
37 11 -9.9927272392975528
37 12 -9.5403794161486388
37 13 -9.1006586264624971
37 14 -8.6740245791797701
37 15 -8.261027532542256
37 16 -7.8618128050171725
37 17 -7.4766430309844107
37 18 -7.1054388730756761
37 19 -6.7482590028890179
37 20 -6.4048676335079149
37 21 -6.0751818614543147
37 22 -5.7588603574490334
37 23 -5.4557246370374539
37 24 -5.1653654682029488
37 25 -4.8875420163229402
37 26 -4.6218047124657611
37 27 -4.367873911954808
37 28 -4.1252797119405606
37 29 -3.8937199902466948
37 30 -3.6727188672629794
37 31 -3.4619628286923962
37 32 -3.2609801653659245
37 33 -3.0694533187335651
37 34 -2.886921748566464
37 35 -2.7130685963515337
37 36 -2.5474491205653496
37 37 -2.3897501328252204
37 38 -2.2395455261593158
37 39 -2.096527567246381
37 40 -1.9602902538672651
37 41 -1.8305323120315506
37 42 -1.7068682734254503
37 43 -1.5890038140548903
37 44 -1.4765736384348136
37 45 -1.3692905179002917
37 46 -1.2668083755325228
37 47 -1.168846978292247
37 48 -1.0750780766033763
37 49 -0.98522814488253974
37 50 -0.89898505668550699
37 51 -0.81608154425578072
37 52 -0.73621968094338552
37 53 -0.65913789981879456
37 54 -0.58455046281701117
37 55 -0.5122003543962762
37 56 -0.44181062272464283
37 57 -0.37313253681486119
37 58 -0.3059202948701778
37 59 -0.23990720189032871
37 60 -0.17449745861913665
37 61 -0.1091034651969929
37 62 -0.047279495932926276
37 63 0
38 0 0
38 1 -18.107722506170614
38 2 -17.530461927358122
38 3 -16.935900648152796
38 4 -16.339676641893181
38 5 -15.729654799515925
38 6 -15.120233292774648
38 7 -14.516747155187291
38 8 -13.920987690324862
38 9 -13.3344239659561
38 10 -12.759442215811207
38 11 -12.197312002084788
38 12 -11.64955674710737
38 13 -11.116828884230587
38 14 -10.600077391388274
38 15 -10.099569993845941
38 16 -9.6158189057081742
38 17 -9.1488194806711967
38 18 -8.6987574618083698
38 19 -8.2654458308874084
38 20 -7.8488305394740028
38 21 -7.4486073898457583
38 22 -7.0645497057184716
38 23 -6.6962824719165024
38 24 -6.3434581102129659
38 25 -6.0056627745571918
38 26 -5.6824675553970971
38 27 -5.3734411158106061
38 28 -5.0781032768531666
38 29 -4.7960188802372947
38 30 -4.5266791156288466
38 31 -4.2696533136024639
38 32 -4.0244208701855575
38 33 -3.7905602978435988
38 34 -3.5675514944170637
38 35 -3.3549845023773655
38 36 -3.1523484507734918
38 37 -2.9592458119197893
38 38 -2.7751808726564278
38 39 -2.5997685922479343
38 40 -2.4325321424746047
38 41 -2.2730985712952041
38 42 -2.1210119458525156
38 43 -1.9759107791188379
38 44 -1.8373607171528543
38 45 -1.7050110103703142
38 46 -1.5784485567101947
38 47 -1.4573325639350745
38 48 -1.3412701002599159
38 49 -1.2299295085751756
38 50 -1.1229363964699892
38 51 -1.0199673633840307
38 52 -0.92066453624324451
38 53 -0.82471186855798839
38 54 -0.73176577811176502
38 55 -0.64151597360537582
38 56 -0.55362920466072729
38 57 -0.46780579006247769
38 58 -0.38375058204056395
38 59 -0.3011399534559106
38 60 -0.21924726799447167
38 61 -0.13736671959218649
38 62 -0.059849651134649358
38 63 0
39 0 0
39 1 -21.214830057055643
39 2 -20.541030534158566
39 3 -19.844917181990535
39 4 -19.148147513864384
39 5 -18.43686547167048
39 6 -17.726123022702264
39 7 -17.022600573501528
39 8 -16.327779027984871
39 9 -15.643931664009218
39 10 -14.973231678556347
39 11 -14.317653998387414
39 12 -13.678466916686418
39 13 -13.056878422105648
39 14 -12.453570579560845
39 15 -11.869245915623759
39 16 -11.304151182575485
39 17 -10.758613703107212
39 18 -10.232563991800975
39 19 -9.7260614234605089
39 20 -9.2388123086462155
39 21 -8.7706886634640195
39 22 -8.3212424872734925
39 23 -7.8902183230065592
39 24 -7.477066463642033
39 25 -7.0814476069764893
39 26 -6.702749555672229
39 27 -6.3405803362719917
39 28 -5.9942942136420481
39 29 -5.6634683698230139
39 30 -5.3474446576953891
39 31 -5.0457843743435991
39 32 -4.7578321281827485
39 33 -4.4831433540637375
39 34 -4.2210760415984057
39 35 -3.971186314261554
39 36 -3.732852695856224
39 37 -3.5056361594424841
39 38 -3.2889402526143039
39 39 -3.0823333445762273
39 40 -2.8852464509619322
39 41 -2.6972568064994245
39 42 -2.5178237719280014
39 43 -2.3465341974908691
39 44 -2.1828754739267811
39 45 -2.0264443252039541
39 46 -1.8767549619499952
39 47 -1.73341388559206
39 48 -1.5959602579427763
39 49 -1.464009985916904
39 50 -1.3371248422184301
39 51 -1.2149295302704877
39 52 -1.0970057676017764
39 53 -0.98298629361201473
39 54 -0.87246994536203559
39 55 -0.76509579286557017
39 56 -0.66047503134219088
39 57 -0.55825919724978701
39 58 -0.45810456897931107
39 59 -0.3596328527769222
39 60 -0.261991407580629
39 61 -0.16436083286548056
39 62 -0.071852266611748372
39 63 0
40 0 0
40 1 -24.158710236882829
40 2 -23.396257877680704
40 3 -22.605775768027737
40 4 -21.815877432351719
40 5 -21.009931240347839
40 6 -20.204804085326721
40 7 -19.407279817486899
40 8 -18.619692592752727
40 9 -17.844029030037834
40 10 -17.083291265764149
40 11 -16.339189141621304
40 12 -15.613661889162634
40 13 -14.907630778528409
40 14 -14.222316437022469
40 15 -13.558137240646204
40 16 -12.915761746325884
40 17 -12.295245920412249
40 18 -11.696840908832966
40 19 -11.120354457524682
40 20 -10.565727487741139
40 21 -10.032603713794224
40 22 -9.5206979837075671
40 23 -9.0295510120028393
40 24 -8.5587172658634572
40 25 -8.1076774921617432
40 26 -7.6758767159351962
40 27 -7.2627651598682403
40 28 -6.8677176172473215
40 29 -6.490173237646804
40 30 -6.1294664827555492
40 31 -5.7850377413366703
40 32 -5.4562036488499368
40 33 -5.1424132048686584
40 34 -4.8429818416716213
40 35 -4.5573712418511363
40 36 -4.2849075732155972
40 37 -4.0250671579640906
40 38 -3.7771951101655334
40 39 -3.540783052694958
40 40 -3.3152003000198733
40 41 -3.0999536819978024
40 42 -2.8944396394445913
40 43 -2.69817969505185
40 44 -2.5105985291470274
40 45 -2.3312316112402938
40 46 -2.1595315848902095
40 47 -1.9950469801258881
40 48 -1.8372570840504296
40 49 -1.6857224933047501
40 50 -1.53994705460973
40 51 -1.3995023253809491
40 52 -1.2639140864295981
40 53 -1.1327636978511286
40 54 -1.0055959330158188
40 55 -0.88199977774223115
40 56 -0.76153378119278869
40 57 -0.64380163550661529
40 58 -0.52841325076800183
40 59 -0.4149372909334898
40 60 -0.30240157995856209
40 61 -0.18987780627664164
40 62 -0.083194308509751527
40 63 0
41 0 0
41 1 -26.918509202948776
41 2 -26.075079763304089
41 3 -25.198739418569769
41 4 -24.323224860718735
41 5 -23.430590589580802
41 6 -22.538183670021208
41 7 -21.654022658415919
41 8 -20.780161398266522
41 9 -19.91939460188858
41 10 -19.074512086038702
41 11 -18.24795204228354
41 12 -17.441400661948258
41 13 -16.656379472325554
41 14 -15.89384164719301
41 15 -15.154696080809801
41 16 -14.439342409174463
41 17 -13.748228736171862
41 18 -13.081345043323264
41 19 -12.43880531024184
41 20 -11.820303204964558
41 21 -11.225715030395289
41 22 -10.654525917060099
41 23 -10.106447196498902
41 24 -9.5808228468478926
41 25 -9.077253024953059
41 26 -8.5949917821763417
41 27 -8.1335671963428879
41 28 -7.692181931766803
41 29 -7.2703198779112839
41 30 -6.8671609452793643
41 31 -6.4821643594502838
41 32 -6.1145081954657021
41 33 -5.7636404211979704
41 34 -5.4287521910907186
41 35 -5.1092892380983388
41 36 -4.8044660390126381
41 37 -4.5137320342339136
41 38 -4.2363316318946955
41 39 -3.971721791632866
41 40 -3.7191806420806084
41 41 -3.4781750132545848
41 42 -3.2480183675403618
41 43 -3.0281887511457763
41 44 -2.8180349108799811
41 45 -2.6170467466154643
41 46 -2.4246069887004107
41 47 -2.2402175051879212
41 48 -2.0632927862975841
41 49 -1.8933463715165777
41 50 -1.7298216247316156
41 51 -1.5722431091324134
41 52 -1.4200797192158698
41 53 -1.2728661656035687
41 54 -1.1300932814936413
41 55 -0.9913037628339616
41 56 -0.85600435504718797
41 57 -0.72375400457815564
41 58 -0.5941171939227512
41 59 -0.46661271655321229
41 60 -0.34015517941884638
41 61 -0.21371361572039815
41 62 -0.093784423494725239
41 63 0
42 0 0
42 1 -29.470839525101312
42 2 -28.555837653402122
42 3 -27.602500092707675
42 4 -26.650373782789256
42 5 -25.67928601304213
42 6 -24.70812010604914
42 7 -23.744930682530551
42 8 -22.792616734411354
42 9 -21.85370012929145
42 10 -20.931799927934755
42 11 -20.02909021666574
42 12 -19.14796042845019
42 13 -18.289646024183838
42 14 -17.455689464108165
42 15 -16.646712902984085
42 16 -15.863598369193936
42 17 -15.106517029337985
42 18 -14.375843533048773
42 19 -13.671432330616252
42 20 -12.993274651038451
42 21 -12.341009217957248
42 22 -11.714342911533105
42 23 -11.112773531692506
42 24 -10.535802364431952
42 25 -9.9828403026025825
42 26 -9.4532452086480099
42 27 -8.9463790453423879
42 28 -8.4615049434662009
42 29 -7.9979618441910141
42 30 -7.5549558958563416
42 31 -7.1318200905844371
42 32 -6.7277324605461946
42 33 -6.34203083906724
42 34 -5.9738867973279204
42 35 -5.6226494730241985
42 36 -5.2874997836609641
42 37 -4.9678017542570903
42 38 -4.6627567282399767
42 39 -4.3717453508662212
42 40 -4.0939966715589149
42 41 -3.8289085396140998
42 42 -3.5757419652401405
42 43 -3.3339118874157885
42 44 -3.1027131542034616
42 45 -2.8815772514558993
42 46 -2.6698329046263307
42 47 -2.4669273206520064
42 48 -2.2722217512425291
42 49 -2.0851780827342647
42 50 -1.9051877149339687
42 51 -1.7317259719844746
42 52 -1.5642112910239379
42 53 -1.4021310844667358
42 54 -1.2449272620851155
42 55 -1.0920966549273028
42 56 -0.94309830497111835
42 57 -0.79744743827602516
42 58 -0.65466622069630642
42 59 -0.51422554171794366
42 60 -0.37493523573127913
42 61 -0.23566762529180738
42 62 -0.1035332592277462
42 63 0
43 0 0
43 1 -31.795026364239213
43 2 -30.817657888493233
43 3 -29.797336715368399
43 4 -28.777663431469485
43 5 -27.737608210006606
43 6 -26.69633366905855
43 7 -25.662977794662158
43 8 -24.640193013339751
43 9 -23.631293208942932
43 10 -22.639684943225276
43 11 -21.668280084585614
43 12 -20.719216524860862
43 13 -19.794368569974495
43 14 -18.895009754084075
43 15 -18.022308080768429
43 16 -17.176871800383363
43 17 -16.359328322931496
43 18 -15.569783337439718
43 19 -14.808464292579648
43 20 -14.075105319781725
43 21 -13.369642852578506
43 22 -12.691543198976952
43 23 -12.040535449665683
43 24 -11.415899511320964
43 25 -10.817220303386893
43 26 -10.24365458372994
43 27 -9.6946900262522124
43 28 -9.1694088288131983
43 29 -8.6672357138434499
43 30 -8.1872151417236889
43 31 -7.7287335471819905
43 32 -7.2908250742254062
43 33 -6.8728553329554911
43 34 -6.4738680844986982
43 35 -6.0932202930710577
43 36 -5.7299793259214704
43 37 -5.3835018664435763
43 38 -5.0528881769495291
43 39 -4.7375003073977364
43 40 -4.436477010267093
43 41 -4.1491894231957174
43 42 -3.8748175064076347
43 43 -3.6127438325185675
43 44 -3.3621900730520835
43 45 -3.1225515814025657
43 46 -2.8930905684394839
43 47 -2.6732157552456841
43 48 -2.4622274790079302
43 49 -2.2595478114317427
43 50 -2.0645119073350342
43 51 -1.8765546602800953
43 52 -1.695042113612016
43 53 -1.5194211076087731
43 54 -1.3490842820597693
43 55 -1.1834879361755333
43 56 -1.0220441379606915
43 57 -0.86422870130056129
43 58 -0.70952245893797394
43 59 -0.55735267338863026
43 60 -0.40643208159359789
43 61 -0.25554437704671323
43 62 -0.11235354732507581
43 63 0
44 0 0
44 1 -33.868449678177448
44 2 -32.839309689053103
44 3 -31.762263718001236
44 4 -30.685383895784383
44 5 -29.586035449113016
44 6 -28.484576461748766
44 7 -27.390103806420477
44 8 -26.306079383712568
44 9 -25.235558496495383
44 10 -24.182753996798976
44 11 -23.150313522969903
44 12 -22.141095543435366
44 13 -21.156687940142227
44 14 -20.198996300620689
44 15 -19.268897934801494
44 16 -18.367541907412829
44 17 -17.495271333184423
44 18 -16.652642922954904
44 19 -15.839614525152079
44 20 -15.056286308259175
44 21 -14.302345379064052
44 22 -13.577546286214679
44 23 -12.881392252686666
44 24 -12.213382319554739
44 25 -11.57290018469614
44 26 -10.959262045973187
44 27 -10.371778637897945
44 28 -9.8096413981697523
44 29 -9.2721209221871739
44 30 -8.7583297990674982
44 31 -8.2675209785536392
44 32 -7.798763965808555
44 33 -7.3513089987439635
44 34 -6.9242098215965653
44 35 -6.5167235177993046
44 36 -6.1279083970665189
44 37 -5.7570342313703691
44 38 -5.4031784582428122
44 39 -5.0656268857998468
44 40 -4.7434859346043625
44 41 -4.4360591580033137
44 42 -4.1424880158107156
44 43 -3.8620944506838457
44 44 -3.5940579972062943
44 45 -3.3377189282835231
44 46 -3.0922955300243573
44 47 -2.8571458556165266
44 48 -2.6315258166320046
44 49 -2.4148103198586917
44 50 -2.2062904312536493
44 51 -2.0053566558022702
44 52 -1.8113317732798659
44 53 -1.6236204329343413
44 54 -1.4415730589730154
44 55 -1.2646053939532744
44 56 -1.0920882142506532
44 57 -0.92345883187859723
44 58 -0.75816105668435374
44 59 -0.59558069567492933
44 60 -0.43434397367345273
44 61 -0.27315309758707712
44 62 -0.12016086798645181
44 63 0
45 0 0
45 1 -35.67067063521894
45 2 -34.600177887085557
45 3 -33.477603578455337
45 4 -32.353884482966073
45 5 -31.206002357034876
45 6 -30.054373124870821
45 7 -28.908979133722081
45 8 -27.773071119212151
45 9 -26.650449104105082
45 10 -25.545111745929876
45 11 -24.460429238543654
45 12 -23.399008776110843
45 13 -22.363098966045051
45 14 -21.354333584813485
45 15 -20.37418139925316
45 16 -19.423511104473427
45 17 -18.503182361441695
45 18 -17.613473019426987
45 19 -16.754781568524386
45 20 -15.926938793288272
45 21 -15.129998949989893
45 22 -14.363462477768943
45 23 -13.627131179355693
45 24 -12.920269036618659
45 25 -12.242496324988988
45 26 -11.592915255744881
45 27 -10.971018601815782
45 28 -10.375805487275001
45 29 -9.806681755527574
45 30 -9.2625888800668381
45 31 -8.7428758392348609
45 32 -8.2464609965337683
45 33 -7.7726584675265551
45 34 -7.3203891387204374
45 35 -6.8889481827731647
45 36 -6.4772774084320046
45 37 -6.0846644412225537
45 38 -5.7100845826570898
45 39 -5.3528259743622373
45 40 -5.0119053295559004
45 41 -4.6866169208230151
45 42 -4.3760231241528587
45 43 -4.079428145921896
45 44 -3.7959414265407658
45 45 -3.5248795417710457
45 46 -3.2653982245899487
45 47 -3.0168277919285367
45 48 -2.7783678759513712
45 49 -2.5493630480583898
45 50 -2.3290532672686326
45 51 -2.1167971476228811
45 52 -1.9118705789656882
45 53 -1.7136454942592609
45 54 -1.5214288105161595
45 55 -1.3346031329213337
45 56 -1.1524982506961103
45 57 -0.97451889651682633
45 58 -0.80007268956107702
45 59 -0.6285096571083002
45 60 -0.45837835062689902
45 61 -0.28830965859407365
45 62 -0.12687329999868774
45 63 0
46 0 0
46 1 -37.179987239393014
46 2 -36.079552884192559
46 3 -34.922781928715949
46 4 -33.763603631644479
46 5 -32.578062938933385
46 6 -31.387369396421779
46 7 -30.20138002246043
46 8 -29.024080899664799
46 9 -27.859026987384009
46 10 -26.710966165230925
46 11 -25.583002582726142
46 12 -24.478455166432191
46 13 -23.399284183034005
46 14 -22.347779768161086
46 15 -21.325114275808541
46 16 -20.332744269390847
46 17 -19.371235690893819
46 18 -18.441378488104668
46 19 -17.543289080216383
46 20 -16.677232383791367
46 21 -15.842998890313446
46 22 -15.040447055006814
46 23 -14.269137595862833
46 24 -13.528621254548382
46 25 -12.818302189708451
46 26 -12.137504996088362
46 27 -11.485531830974294
46 28 -10.861547852406288
46 29 -10.264792962855525
46 30 -9.6943267700632081
46 31 -9.1493552030766701
46 32 -8.6288751712970395
46 33 -8.1320782630275215
46 34 -7.6579320927603671
46 35 -7.2056271837108579
46 36 -6.7741272251597211
46 37 -6.3626303942537072
46 38 -5.9701150581979787
46 39 -5.5957925732919183
46 40 -5.2386689562821624
46 41 -4.8979720651634358
46 42 -4.5727439183991381
46 43 -4.2622306853546466
46 44 -3.965515013049373
46 45 -3.6818621363658588
46 46 -3.4103970115111815
46 47 -3.1504039250292424
46 48 -2.9010495438721078
46 49 -2.6616365963863298
46 50 -2.431371140767177
46 51 -2.2095732325933422
46 52 -1.9954847448533226
46 53 -1.7884416152865896
46 54 -1.5877171092964903
46 55 -1.3926597545621706
46 56 -1.2025661785393778
46 57 -1.0168090259109417
46 58 -0.83476566094834792
46 59 -0.65575249620400233
46 60 -0.47825338849040921
46 61 -0.30083613137925008
46 62 -0.13241285071990075
46 63 0
47 0 0
47 1 -38.376264951928242
47 2 -37.25715982626842
47 3 -36.078207932168844
47 4 -34.894949286402927
47 5 -33.683504158155301
47 6 -32.464905715278405
47 7 -31.249648215605582
47 8 -30.041541702432568
47 9 -28.844797042092193
47 10 -27.663944229821578
47 11 -26.502759158314248
47 12 -25.364307946866852
47 13 -24.251205653020744
47 14 -23.165465851839706
47 15 -22.108877899595615
47 16 -21.082609326518114
47 17 -20.087790089684741
47 18 -19.124919009044785
47 19 -18.194614229547568
47 20 -17.296856323847653
47 21 -16.431870915952565
47 22 -15.59924588755691
47 23 -14.798910243176495
47 24 -14.030162913600913
47 25 -13.292712314585195
47 26 -12.585653092213454
47 27 -11.908532588798527
47 28 -11.260309321675267
47 29 -10.640415582659282
47 30 -10.047727751208125
47 31 -9.4815982613382062
47 32 -8.940863304005541
47 33 -8.4248220985276809
47 34 -7.9323024589900664
47 35 -7.4625703836372184
47 36 -7.0144686755568815
47 37 -6.5872449947077181
47 38 -6.1797735447686835
47 39 -5.7912946299033665
47 40 -5.4207246152410971
47 41 -5.0673044569028001
47 42 -4.7299989199600656
47 43 -4.4080553341350566
47 44 -4.1004895461488404
47 45 -3.8065591952201667
47 46 -3.5253311495529673
47 47 -3.256075865814636
47 48 -2.9979091081213833
47 49 -2.7501154867942077
47 50 -2.5118560200702444
47 51 -2.2824298158216147
47 52 -2.0610384331549154
47 53 -1.8469950925393797
47 54 -1.6395364931517704
47 55 -1.4379873690017657
47 56 -1.2416106074565623
47 57 -1.0497548840215223
47 58 -0.8617676927244865
47 59 -0.67693933515062366
47 60 -0.4936986874240355
47 61 -0.31056307420401258
47 62 -0.13670444419211109
47 63 0
48 0 0
48 1 -39.238865094905201
48 2 -38.112907466486355
48 3 -36.923817123610426
48 4 -35.728562366961249
48 5 -34.503012009899884
48 6 -33.268534841735359
48 7 -32.035411685402266
48 8 -30.80806655339547
48 9 -29.590477018982281
48 10 -28.387821488306155
48 11 -27.203605878169739
48 12 -26.041562138857667
48 13 -24.904013044636269
48 14 -23.793623464164707
48 15 -22.711878487658971
48 16 -21.660559056337686
48 17 -20.640489627494031
48 18 -19.652728063878815
48 19 -18.697595319578088
48 20 -17.775566518186086
48 21 -16.886586142556773
48 22 -16.030667486415883
48 23 -15.207480095170046
48 24 -14.416678971210407
48 25 -13.657738260150916
48 26 -12.930042510645066
48 27 -12.232931556416627
48 28 -11.565593167368281
48 29 -10.927278848054586
48 30 -10.317040531498327
48 31 -9.7340753147801689
48 32 -9.1773488581200802
48 33 -8.6460283791254327
48 34 -8.1390327505941258
48 35 -7.6555166968390749
48 36 -7.1943829597208309
48 37 -6.7547858462579882
48 38 -6.3356349929803368
48 39 -5.9360924899675451
48 40 -5.5550914002949039
48 41 -5.1918070024719336
48 42 -4.8452068877949799
48 43 -4.5144829155859396
48 44 -4.1986438532004353
48 45 -3.8969000632903517
48 46 -3.6083045605476953
48 47 -3.3320870261229731
48 48 -3.0673449865826945
48 49 -2.8133273844063797
48 50 -2.5691743728612941
48 51 -2.3341533690831469
48 52 -2.1074436736656774
48 53 -1.8883298843926848
48 54 -1.6760258626630724
48 55 -1.4698300252395562
48 56 -1.2689822860934168
48 57 -1.0728069739881274
48 58 -0.88062988644730744
48 59 -0.69171705215597179
48 60 -0.50445811765874293
48 61 -0.31732904120515149
48 62 -0.13967834371515578
48 63 0
49 0 0
49 1 -39.748038268690905
49 2 -38.626956747464924
49 3 -37.440166010559629
49 4 -36.24497838637636
49 5 -35.017753973118175
49 6 -33.779447000390689
49 7 -32.540676487141248
49 8 -31.305723580831824
49 9 -30.079083499976679
49 10 -28.865710844084578
49 11 -27.669687329057563
49 12 -26.494488353478303
49 13 -25.343047059162277
49 14 -24.217744768022339
49 15 -23.120678367753349
49 16 -22.05332871708255
49 17 -21.017108976984378
49 18 -20.012770978206564
49 19 -19.041183227264764
49 20 -18.10251860769208
49 21 -17.197216083140582
49 22 -16.324998700852088
49 23 -15.485970836527965
49 24 -14.679515537090895
49 25 -13.905479960440148
49 26 -13.162999298989048
49 27 -12.451725843903493
49 28 -11.770623048447105
49 29 -11.119198065246666
49 30 -10.496304378297634
49 31 -9.9013432936273187
49 32 -9.3331074304679333
49 33 -8.7909230411370149
49 34 -8.2735599603244623
49 35 -7.7802933465260802
49 36 -7.3098988772415003
49 37 -6.861619135098926
49 38 -6.4342562905479159
49 39 -6.0270345548652013
49 40 -5.6387966236262432
49 41 -5.2687591188560932
49 42 -4.9158139032932908
49 43 -4.5791780563606777
49 44 -4.2577969468658718
49 45 -3.9508939430619474
49 46 -3.6574688977971292
49 47 -3.3767554751928199
49 48 -3.1078064277581778
49 49 -2.8498681945314956
49 50 -2.6020429401387766
49 51 -2.3635910523226391
49 52 -2.1336592572067845
49 53 -1.9115220702203635
49 54 -1.6963650242885255
49 55 -1.487474460783716
49 56 -1.284065198786283
49 57 -1.085448363307236
49 58 -0.89092754956746856
49 59 -0.69975446634412797
49 60 -0.51028969570797678
49 61 -0.32098343915147443
49 62 -0.14126813234515773
49 63 0
50 0 0
50 1 -39.884344553583745
50 2 -38.779934723584773
50 3 -37.607806830829588
50 4 -36.425107720542258
50 5 -35.208620772841819
50 6 -33.979131352288753
50 7 -32.746956517970901
50 8 -31.516817459858444
50 9 -30.292985448749842
50 10 -29.080911846507369
50 11 -27.884402162188376
50 12 -26.707505263725881
50 13 -25.552855725592494
50 14 -24.42344130333661
50 15 -23.321044333344087
50 16 -22.247752646500643
50 17 -21.204659486820475
50 18 -20.193098764977126
50 19 -19.21362375236426
50 20 -18.266946050387883
50 21 -17.353202873520011
50 22 -16.472600599411169
50 23 -15.624962283110023
50 24 -14.810092510279432
50 25 -14.027582383143189
50 26 -13.276925069970869
50 27 -12.557544829489579
50 28 -11.868701340934866
50 29 -11.209702650493213
50 30 -10.579641095467951
50 31 -9.9777471875901202
50 32 -9.4030010430373938
50 33 -8.8545846887256037
50 34 -8.3314109676266916
50 35 -7.8326348917489135
50 36 -7.3571377478998823
50 37 -6.9040631560506354
50 38 -6.4722883401646483
50 39 -6.0609567120886112
50 40 -5.6689617431169692
50 41 -5.2954544824873118
50 42 -4.9393588147646064
50 43 -4.5998387619225376
50 44 -4.2758576465992979
50 45 -3.9665958901112695
50 46 -3.671061074286269
50 47 -3.3884519612536548
50 48 -3.1178218581777761
50 49 -2.8583886177474227
50 50 -2.609250126810299
50 51 -2.3696430826384907
50 52 -2.1387068356073504
50 53 -1.9156959553847852
50 54 -1.699786732219178
50 55 -1.4902483828643054
50 56 -1.286285461930855
50 57 -1.0871939912592608
50 58 -0.89226664646602227
50 59 -0.70074185195707361
50 60 -0.51097021021360989
50 61 -0.32138581709962788
50 62 -0.14141460753831619
50 63 0
51 0 0
51 1 -39.628513431011648
51 2 -38.552545725518527
51 3 -37.407522747816053
51 4 -36.24970253295087
51 5 -35.056710838088797
51 6 -33.848685870757308
51 7 -32.635936928799573
51 8 -31.423072286574765
51 9 -30.214688899126923
51 10 -29.016006257332315
51 11 -27.831257676454683
51 12 -26.664229341039555
51 13 -25.518074131041253
51 14 -24.395486796720139
51 15 -23.298815334100684
51 16 -22.229833796809146
51 17 -21.190215761374219
51 18 -20.180971285189003
51 19 -19.203222120858793
51 20 -18.2573564889999
51 21 -17.344048305065773
51 22 -16.463190468858734
51 23 -15.615097191622182
51 24 -14.799277169573836
51 25 -14.015758835040591
51 26 -13.263762707068533
51 27 -12.543092884913229
51 28 -11.852763235982113
51 29 -11.192404166074498
51 30 -10.560890753612426
51 31 -9.957721128500534
51 32 -9.3816868291950968
51 33 -8.8321873578272303
51 34 -8.3079745535882754
51 35 -7.8083764597761451
51 36 -7.3321389498100071
51 37 -6.8785404092504834
51 38 -6.4463457097045573
51 39 -6.0348009426246971
51 40 -5.6427074929171805
51 41 -5.2692928439528606
51 42 -4.9134062188552772
51 43 -4.5742671102515544
51 44 -4.2507788758436158
51 45 -3.9421610490350036
51 46 -3.6473734300442522
51 47 -3.3656414222425237
51 48 -3.0959804923361767
51 49 -2.8376258507796224
51 50 -2.5896455330412111
51 51 -2.3512868527018584
51 52 -2.1216656285135294
51 53 -1.9000422770933487
51 54 -1.6855744635964183
51 55 -1.4775339962066103
51 56 -1.2751105662336841
51 57 -1.0776004239098433
51 58 -0.88428328209261609
51 59 -0.69439757275955916
51 60 -0.50629392147406782
51 61 -0.31840965333804716
51 62 -0.14006223446519195
51 63 0
52 0 0
52 1 -38.96242446932105
52 2 -37.926236450916434
52 3 -36.820594874119038
52 4 -35.700023035071588
52 5 -34.543208276218621
52 6 -33.369583919586724
52 7 -32.18907208691445
52 8 -31.006493997800455
52 9 -29.826229334022234
52 10 -28.653788529808818
52 11 -27.49312030822275
52 12 -26.348438771818628
52 13 -25.222589515077686
52 14 -24.118780179809534
52 15 -23.039031316993849
52 16 -21.985675555377547
52 17 -20.960049258263247
52 18 -19.963733557235333
52 19 -18.99751369919991
52 20 -18.062334979908211
52 21 -17.158545363432388
52 22 -16.286561061107435
52 23 -15.446389192163931
52 24 -14.638014559596673
52 25 -13.861183646384461
52 26 -13.11553804528773
52 27 -12.400629153859489
52 28 -11.715833758649138
52 29 -11.06056083541942
52 30 -10.433990818527358
52 31 -9.8354318932188463
52 32 -9.2639267047865044
52 33 -8.7187150676896099
52 34 -8.1987508004441558
52 35 -7.7032302465872364
52 36 -7.2310582681589777
52 37 -6.7814066146480227
52 38 -6.3531626644183925
52 39 -5.9454876939364274
52 40 -5.5572755067379109
52 41 -5.1876873013809703
52 42 -4.835640571253208
52 43 -4.5003039129495415
52 44 -4.1806300833961005
52 45 -3.8758002460256828
52 46 -3.5848092426559313
52 47 -3.3068541185692464
52 48 -3.0409747542697332
52 49 -2.7863858712015865
52 50 -2.5421722751200533
52 51 -2.3075668771852178
52 52 -2.0816969363227686
52 53 -1.8638130942889983
52 54 -1.6530808614368049
52 55 -1.4487657594769165
52 56 -1.2500630690231049
52 57 -1.0562649201513179
52 58 -0.86665368038846213
52 59 -0.68046733221962197
52 60 -0.49607976288063554
52 61 -0.31194121093616961
52 62 -0.13716524848743025
52 63 0
53 0 0
53 1 -37.867394260077205
53 2 -36.882373889820634
53 3 -35.828133417718327
53 4 -34.757148111311146
53 5 -33.649219224014864
53 6 -32.522915897184696
53 7 -31.387768539408633
53 8 -30.248511432926591
53 9 -29.109604799410388
53 10 -27.976317486146225
53 11 -26.852822872630298
53 12 -25.74306399674991
53 13 -24.650258594069989
53 14 -23.577309338922099
53 15 -22.526706715712695
53 16 -21.500453076369158
53 17 -20.500413875320554
53 18 -19.527825384951846
53 19 -18.584027325443294
53 20 -17.669616862110349
53 21 -16.785494230541193
53 22 -15.931734923209996
53 23 -15.108874855051916
53 24 -14.316574691878136
53 25 -13.555071037028565
53 26 -12.823705078104815
53 27 -12.122469971588499
53 28 -11.450470772989727
53 29 -10.807504905108019
53 30 -10.192512542202941
53 31 -9.605135896320073
53 32 -9.0442097146173808
53 33 -8.5092552327576012
53 34 -7.9990500624800758
53 35 -7.5130232279295752
53 36 -7.0499332303811135
53 37 -6.6091408998552019
53 38 -6.189414461096729
53 39 -5.7900664405542157
53 40 -5.4098956049032632
53 41 -5.0481824645978657
53 42 -4.7037703341739752
53 43 -4.3759208312123778
53 44 -4.0635301811462341
53 45 -3.7658514359477198
53 46 -3.481837541567375
53 47 -3.210740831195166
53 48 -2.951571204418038
53 49 -2.7035859207106596
53 50 -2.4658493339558549
53 51 -2.2376273209175284
53 52 -2.0180341728215709
53 53 -1.8063464738726076
53 54 -1.6017225251075644
53 55 -1.403448825738286
53 56 -1.2107178756193808
53 57 -1.0228388235864561
53 58 -0.83909218926161
53 59 -0.65873339726016467
53 60 -0.48016856393884561
53 61 -0.30188494289767354
53 62 -0.13268188416516985
53 63 0
54 0 0
54 1 -36.326725435761006
54 2 -35.403327740385642
54 3 -34.412264950284438
54 4 -33.402784034086494
54 5 -32.356326813975322
54 6 -31.290210179195707
54 7 -30.213499379907276
54 8 -29.130866216427687
54 9 -28.046557905876565
54 10 -26.965875680866958
54 11 -25.892698330612468
54 12 -24.831195160415998
54 13 -23.784265681052268
54 14 -22.755177020764616
54 15 -21.746076734493165
54 16 -20.759426916420836
54 17 -19.796735474397707
54 18 -18.85975499769479
54 19 -17.949463891452911
54 20 -17.066998935403713
54 21 -16.212906170205695
54 22 -15.387796896405977
54 23 -14.591869696666134
54 24 -13.825296481205042
54 25 -13.08800125936475
54 26 -12.379797244704315
54 27 -11.700395384462983
54 28 -11.049324411274377
54 29 -10.426133284524719
54 30 -9.8301330974335936
54 31 -9.2607525943010494
54 32 -8.7171440728346621
54 33 -8.1986497612168279
54 34 -7.7043136965445358
54 35 -7.2334184398484931
54 36 -6.7849419959580821
54 37 -6.3581284022185001
54 38 -5.9519238413774369
54 39 -5.565550280233019
54 40 -5.1979487970789524
54 41 -4.8483319118264925
54 42 -4.515655525322539
54 43 -4.1991322076738076
54 44 -3.8977466321001075
54 45 -3.6107183466161805
54 46 -3.337069632335778
54 47 -3.0760318071801627
54 48 -2.8266693396959797
54 49 -2.5882283111767896
54 50 -2.3598165105716813
54 51 -2.1406962374563672
54 52 -1.9300170278541759
54 53 -1.7270576416647316
54 54 -1.531005752719244
54 55 -1.3411543654535216
54 56 -1.156721409853628
54 57 -0.97702496749641399
54 58 -0.80136536904599853
54 59 -0.62901255238372289
54 60 -0.45843343547901616
54 61 -0.28816122900082425
54 62 -0.126583583385242
54 63 0
55 0 0
55 1 -34.322425500674868
55 2 -33.471237806094962
55 3 -32.554530024622039
55 4 -31.618447608598697
55 5 -30.645731464984831
55 6 -29.65264294715125
55 7 -28.647447780671445
55 8 -27.634752697595118
55 9 -26.618593102190928
55 10 -25.604018199411563
55 11 -24.594874806336652
55 12 -23.595051058904776
55 13 -22.60761570655362
55 14 -21.635516704927092
55 15 -20.681220239417993
55 16 -19.746838838091023
55 17 -18.834307054485866
55 18 -17.945008217840069
55 19 -17.080416615131444
55 20 -16.241292127497665
55 21 -15.428711970292122
55 22 -14.642914896856499
55 23 -13.884637628501089
55 24 -13.153694668532172
55 25 -12.450532782682222
55 26 -11.774631765476109
55 27 -11.126193499395214
55 28 -10.504443809286292
55 29 -9.9093798087644451
55 30 -9.3400443156723103
55 31 -8.7962652851063208
55 32 -8.2769632469809054
55 33 -7.7818285004196524
55 34 -7.3097097663089956
55 35 -6.8601874198969668
55 36 -6.4320790160975712
55 37 -6.0248792495599055
55 38 -5.6374060329206763
55 39 -5.2690893686390634
55 40 -4.918770864641723
55 41 -4.5858337628392087
55 42 -4.2691595755872536
55 43 -3.968099835061544
55 44 -3.6815861388368121
55 45 -3.4089506466770469
55 46 -3.1491802687850292
55 47 -2.9015975867904382
55 48 -2.6652460966819471
55 49 -2.439446235979045
55 50 -2.2232962933505771
55 51 -2.0161198296641314
55 52 -1.8170658346707969
55 53 -1.6254644110796137
55 54 -1.4405095174138438
55 55 -1.2615382665220092
55 56 -1.0877801213378442
55 57 -0.91859126096592503
55 58 -0.7532835793546937
55 59 -0.59116578145565113
55 60 -0.43077230116112197
55 61 -0.27071262615466718
55 62 -0.11884517529389531
55 63 0
56 0 0
56 1 -31.839239738475936
56 2 -31.069437408494128
56 3 -30.237955143141143
56 4 -29.386339602140598
56 5 -28.499472677322021
56 6 -27.591829554666145
56 7 -26.671144144972786
56 8 -25.741647463121211
56 9 -24.807164570756438
56 10 -23.872472567728479
56 11 -22.941113082266259
56 12 -22.01694464674048
56 13 -21.102705268352445
56 14 -20.201501620320695
56 15 -19.315439223927747
56 16 -18.446935237135886
56 17 -17.597543330820088
56 18 -16.769056365819093
56 19 -15.962558715867104
56 20 -15.179286928255792
56 21 -14.419931236949232
56 22 -13.685241110835548
56 23 -12.975580520234981
56 24 -12.291281180352644
56 25 -11.63244100272833
56 26 -10.999041838373147
56 27 -10.390968055442245
56 28 -9.8079165535609256
56 29 -9.2496032496027283
56 30 -8.7155006195208831
56 31 -8.2051942960770781
56 32 -7.7179873174584834
56 33 -7.253366926182383
56 34 -6.8105153315772222
56 35 -6.3888477320627333
56 36 -5.9874672540391787
56 37 -5.60573858137335
56 38 -5.2427204951546189
56 39 -4.8977445634321679
56 40 -4.5698531098862691
56 41 -4.2583584637804419
56 42 -3.9623079362948497
56 43 -3.6810054923093443
56 44 -3.4135190214152944
56 45 -3.1591524259573154
56 46 -2.9170046143935191
56 47 -2.6863855077358081
56 48 -2.4664310785495132
56 49 -2.2564614173307773
56 50 -2.0556519631539163
56 51 -1.8633354363763053
56 52 -1.6787262192968859
56 53 -1.5011707390606146
56 54 -1.3299195405437954
56 55 -1.1643314300742471
56 56 -1.0036862580999477
56 57 -0.8473647241622444
56 58 -0.6947203329326409
56 59 -0.54509379741715369
56 60 -0.39712266209784419
56 61 -0.24949977471315116
56 62 -0.10945869031218439
56 63 0
57 0 0
57 1 -28.860032006837653
57 2 -28.181004942892777
57 3 -27.444684392113743
57 4 -26.688592759278659
57 5 -25.899010809278661
57 6 -25.089202437117788
57 7 -24.265689286164207
57 8 -23.432655448575474
57 9 -22.59338616671986
57 10 -21.752396698630818
57 11 -20.912893721442774
57 12 -20.07844378872564
57 13 -19.251696713847466
57 14 -18.435424238932786
57 15 -17.631841478990076
57 16 -16.842994271549625
57 17 -16.070703578989725
57 18 -15.316365168475675
57 19 -14.581447877430389
57 20 -13.86677819353068
57 21 -13.173510028849957
57 22 -12.501983221709605
57 23 -11.853070682305317
57 24 -11.226707524198018
57 25 -10.623516962750509
57 26 -10.043108089949268
57 27 -9.4858836449024224
57 28 -8.9512000297139753
57 29 -8.4392669923887649
57 30 -7.9492545410497382
57 31 -7.4812053886927545
57 32 -7.0341612907197399
57 33 -6.6080224243936607
57 34 -6.2017517014497257
57 35 -5.8151297709107661
57 36 -5.4470812911170583
57 37 -5.0972887865060983
57 38 -4.7646707566858471
57 39 -4.4488312450767626
57 40 -4.1487068269526155
57 41 -3.8638407802235748
57 42 -3.5932049760719988
57 43 -3.3362975636085017
57 44 -3.0921368774905647
57 45 -2.8601893855598557
57 46 -2.639525995145755
57 47 -2.4295926970335713
57 48 -2.2295149835545844
57 49 -2.0387273402245656
57 50 -1.8564086400382556
57 51 -1.6819886745916448
57 52 -1.5146960534318032
57 53 -1.3539607442916335
57 54 -1.1990556815612701
57 55 -1.0494130415114051
57 56 -0.90434130128424539
57 57 -0.76328591047704109
57 58 -0.62562824033834163
57 59 -0.49077409988529141
57 60 -0.35746692260720131
57 61 -0.22452150273769228
57 62 -0.098423321282075898
57 63 0
58 0 0
58 1 -25.371748300878785
58 2 -24.791039260772887
58 3 -24.15945979223191
58 4 -23.508729733287403
58 5 -22.827677862131754
58 6 -22.127289813375775
58 7 -21.413503722517198
58 8 -20.689792638032273
58 9 -19.95923344500563
58 10 -19.225731350632845
58 11 -18.492177939099449
58 12 -17.761807570054778
58 13 -17.036926152816143
58 14 -16.320203654409223
58 15 -15.613475070614976
58 16 -14.918877535965876
58 17 -14.237824883964349
58 18 -13.57195800133279
58 19 -12.922323094895287
58 20 -12.290106640486931
58 21 -11.67603752738626
58 22 -11.080893804394579
58 23 -10.505134004476178
58 24 -9.9491768417988347
58 25 -9.4132535401746207
58 26 -8.8974742106951119
58 27 -8.4018815798754929
58 28 -7.9263279286214585
58 29 -7.4707019499475651
58 30 -7.0346473412092507
58 31 -6.6179289543823074
58 32 -6.2200282211009545
58 33 -5.8406122930537894
58 34 -5.479042581260698
58 35 -5.1349109355588238
58 36 -4.8074960876686941
58 37 -4.496333591348094
58 38 -4.2006514355625493
58 39 -3.9199448417562333
58 40 -3.6534174027671869
58 41 -3.4005372550248647
58 42 -3.1605044442509902
58 43 -2.9327708400162389
58 44 -2.7165486079037744
58 45 -2.5112819865364475
58 46 -2.316206223511267
58 47 -2.1307645921073828
58 48 -1.9542222563765497
58 49 -1.7860264065942302
58 50 -1.6254754500281461
58 51 -1.4720237614504279
58 52 -1.3250034337195322
58 53 -1.1838779161884911
58 54 -1.0480111484148247
58 55 -0.91687539824438902
58 56 -0.78986101111441098
58 57 -0.66645689297247479
58 58 -0.54611381840468387
58 59 -0.42829033435592101
58 60 -0.31188052805832184
58 61 -0.19582475131580762
58 62 -0.085773053619223966
58 63 0
59 0 0
59 1 -21.359152121992562
59 2 -20.884593009579614
59 3 -20.366084215931746
59 4 -19.830552657172138
59 5 -19.268247149852346
59 6 -18.688832188435985
59 7 -18.096635965261363
59 8 -17.495100873626789
59 9 -16.88641527263707
59 10 -16.274216441315811
59 11 -15.660722987799939
59 12 -15.048868481949441
59 13 -14.440565076186823
59 14 -13.838132593868151
59 15 -13.243250407204759
59 16 -12.657661512303017
59 17 -12.08282799065976
59 18 -11.519963037825903
59 19 -10.970326821494172
59 20 -10.434658147352305
59 21 -9.914026992553687
59 22 -9.4087586998703525
59 23 -8.9197429597017237
59 24 -8.4469554296974003
59 25 -7.9911147231235811
59 26 -7.551910707965928
59 27 -7.129900331521978
59 28 -6.7245492134704206
59 29 -6.336262856696071
59 30 -5.9643397700491354
59 31 -5.6090453710311898
59 32 -5.2695622599042355
59 33 -4.9460283310804973
59 34 -4.6375545589364631
59 35 -4.3441649245230938
59 36 -4.0649356769220137
59 37 -3.7997912170361965
59 38 -3.547802581192316
59 39 -3.308809215411475
59 40 -3.0818994286494412
59 41 -2.8668421512189322
59 42 -2.6627590501148322
59 43 -2.4693623230089012
59 44 -2.2858174742867541
59 45 -2.1117926785904189
59 46 -1.9465030218891024
59 47 -1.7895839590614502
59 48 -1.6403020403563051
59 49 -1.4982696682359096
59 50 -1.3628036980369871
59 51 -1.2335013875680025
59 52 -1.109726429701597
59 53 -0.99106712853694479
59 54 -0.87692887476702774
59 55 -0.76689479780671321
59 56 -0.66040414477214415
59 57 -0.55704468977059474
59 58 -0.45631476967536122
59 59 -0.35777096130046543
59 60 -0.26045422615507141
59 61 -0.16347993119429938
59 62 -0.071536748239959619
59 63 0
60 0 0
60 1 -16.804963971332398
60 2 -16.442160969946116
60 3 -16.044648692355988
60 4 -15.632565748900999
60 5 -15.19900683652736
60 6 -14.750939007286657
60 7 -14.292068199497505
60 8 -13.824791583821588
60 9 -13.351089067186962
60 10 -12.873637350439388
60 11 -12.394330784483824
60 12 -11.915436898659536
60 13 -11.438510729245829
60 14 -10.965464453234567
60 15 -10.497577199057506
60 16 -10.03641499411707
60 17 -9.5830050154897393
60 18 -9.1385812484065898
60 19 -8.7039459773863666
60 20 -8.2800206164862669
60 21 -7.8674084874292438
60 22 -7.4667427121861527
60 23 -7.0784524048595214
60 24 -6.7029108153140315
60 25 -6.3403960710986613
60 26 -5.9910530376290785
60 27 -5.6550303077311952
60 28 -5.3322776512369305
60 29 -5.0228336852399096
60 30 -4.7264868454652813
60 31 -4.4431834214483636
60 32 -4.172583478357204
60 33 -3.9145567772955769
60 34 -3.6686660603766819
60 35 -3.4347186200593738
60 36 -3.2122081070524677
60 37 -3.0008917930206662
60 38 -2.8002190076755298
60 39 -2.6099079593967738
60 40 -2.429384583123229
60 41 -2.2583375925784281
60 42 -2.0961864736584794
60 43 -1.942598701526163
60 44 -1.7970003548106883
60 45 -1.6590446677459587
60 46 -1.5281736938857862
60 47 -1.4040322056547381
60 48 -1.286084316732377
60 49 -1.1739709351079108
60 50 -1.0671814545414109
60 51 -0.96535637562994714
60 52 -0.86801118921396092
60 53 -0.77478840948343208
60 54 -0.68522850437896721
60 55 -0.59897687167253355
60 56 -0.51559513416789104
60 57 -0.43473738719041005
60 58 -0.35600769166113727
60 59 -0.27903985950283822
60 60 -0.20308033841874917
60 61 -0.12741756263176249
60 62 -0.055702543137641614
60 63 0
61 0 0
61 1 -11.67285181548761
61 2 -11.427759510164915
61 3 -11.157691271332286
61 4 -10.877379462699983
61 5 -10.581305084025248
61 6 -10.275031319997616
61 7 -9.9603150122594517
61 8 -9.6395190315624255
61 9 -9.3134078883613629
61 10 -8.9843721021733032
61 11 -8.6532988367971608
61 12 -8.3221326163188358
61 13 -7.9917139490578908
61 14 -7.6635754819179427
61 15 -7.3385451730887521
61 16 -7.0177572495349949
61 17 -6.7020265070106015
61 18 -6.3921133466908282
61 19 -6.088814620235496
61 20 -5.7925510772907804
61 21 -5.504092024153497
61 22 -5.2235598262404705
61 23 -4.951684029447871
61 24 -4.688334403406107
61 25 -4.4341877407372392
61 26 -4.1889088583903247
61 27 -3.953109625667921
61 28 -3.7262969303252635
61 29 -3.5090076223522053
61 30 -3.3006349586895265
61 31 -3.1016335987208201
61 32 -2.9113231187059423
61 33 -2.730072180630382
61 34 -2.5571611878587297
61 35 -2.3928724215236787
61 36 -2.2364756015766876
61 37 -2.0881694074057795
61 38 -1.9472352331447296
61 39 -1.8137935992588428
61 40 -1.6871540629056374
61 41 -1.5673664449405935
61 42 -1.4537796249284236
61 43 -1.3463814913164556
61 44 -1.244566789282868
61 45 -1.1482708557804313
61 46 -1.0569370224479808
61 47 -0.97045744879269913
61 48 -0.88832374801510361
61 49 -0.81039376273860031
61 50 -0.73620479752388546
61 51 -0.66558835214211465
61 52 -0.5981231954045978
61 53 -0.53362137112257579
61 54 -0.47169778929636857
61 55 -0.412150334824742
61 56 -0.35462324103213388
61 57 -0.29890830223987452
61 58 -0.24468980191775216
61 59 -0.19173739229740458
61 60 -0.13949800602776555
61 61 -0.087496281523038746
61 62 -0.038210049326437505
61 63 0
62 0 0
62 1 -5.9746060606471909
62 2 -5.8505998680896019
62 3 -5.7140449724252589
62 4 -5.571848962858625
62 5 -5.4217531464066102
62 6 -5.2660563320187928
62 7 -5.1061055592530789
62 8 -4.9426889530604088
62 9 -4.776571981525195
62 10 -4.6086527615967201
62 11 -4.4396649501343433
62 12 -4.2703833322963165
62 13 -4.1014204201646054
62 14 -3.9334438288254798
62 15 -3.7669633936972429
62 16 -3.6025405755666582
62 17 -3.4405883174331713
62 18 -3.2815644571264277
62 19 -3.1257925901354775
62 20 -2.9736312359499282
62 21 -2.8253225423444759
62 22 -2.6811316853810552
62 23 -2.5412275888844928
62 24 -2.4057895850306292
62 25 -2.2749217424316077
62 26 -2.1487262784088448
62 27 -2.027250746329353
62 28 -1.9105298326032421
62 29 -1.7985627229212791
62 30 -1.6913266005739973
62 31 -1.5887800945592172
62 32 -1.4908529491014575
62 33 -1.3974705894211654
62 34 -1.3085250487797953
62 35 -1.2239153452250899
62 36 -1.1435048794095934
62 37 -1.0671724266870117
62 38 -0.99476094211640476
62 39 -0.92613443611035318
62 40 -0.86112254955768142
62 41 -0.79957928440914727
62 42 -0.74132695404107207
62 43 -0.68621357163761021
62 44 -0.63405894298694265
62 45 -0.58470837795693664
62 46 -0.53798286163450104
62 47 -0.49372757121331445
62 48 -0.45176730100925322
62 49 -0.41194898630134963
62 50 -0.37410290847903976
62 51 -0.33807901931585171
62 52 -0.30371393595298024
62 53 -0.27086132747132691
62 54 -0.23936429974498022
62 55 -0.20908024638875586
62 56 -0.17985793821421675
62 57 -0.15156007003977975
62 58 -0.12404887016214716
62 59 -0.097181972254405682
62 60 -0.070696896444986224
62 61 -0.044330535796475355
62 62 -0.019353778539080907
62 63 0
63 0 0
63 1 0
63 2 0
63 3 0
63 4 0
63 5 0
63 6 0
63 7 0
63 8 0
63 9 0
63 10 0
63 11 0
63 12 0
63 13 0
63 14 0
63 15 0
63 16 0
63 17 0
63 18 0
63 19 0
63 20 0
63 21 0
63 22 0
63 23 0
63 24 0
63 25 0
63 26 0
63 27 0
63 28 0
63 29 0
63 30 0
63 31 0
63 32 0
63 33 0
63 34 0
63 35 0
63 36 0
63 37 0
63 38 0
63 39 0
63 40 0
63 41 0
63 42 0
63 43 0
63 44 0
63 45 0
63 46 0
63 47 0
63 48 0
63 49 0
63 50 0
63 51 0
63 52 0
63 53 0
63 54 0
63 55 0
63 56 0
63 57 0
63 58 0
63 59 0
63 60 0
63 61 0
63 62 0
63 63 0
