0 0 0
0 1 0
0 2 0
0 3 0
0 4 0
0 5 0
0 6 0
0 7 0
0 8 0
0 9 0
0 10 0
0 11 0
0 12 0
0 13 0
0 14 0
0 15 0
0 16 0
0 17 0
0 18 0
0 19 0
0 20 0
0 21 0
0 22 0
0 23 0
0 24 0
0 25 0
0 26 0
0 27 0
0 28 0
0 29 0
0 30 0
0 31 0
0 32 0
0 33 0
0 34 0
0 35 0
0 36 0
0 37 0
0 38 0
0 39 0
0 40 0
0 41 0
0 42 0
0 43 0
0 44 0
0 45 0
0 46 0
0 47 0
0 48 0
0 49 0
0 50 0
0 51 0
0 52 0
0 53 0
0 54 0
0 55 0
0 56 0
0 57 0
0 58 0
0 59 0
0 60 0
0 61 0
0 62 0
0 63 0
1 0 0
1 1 6.0960897427057956
1 2 5.9851018623235923
1 3 5.8621781525502348
1 4 5.7330412269693918
1 5 5.5959185544575725
1 6 5.452876179103411
1 7 5.3050942664298981
1 8 5.1533015744922981
1 9 4.998222268751281
1 10 4.8406763146751004
1 11 4.6813480342833733
1 12 4.5209505154436114
1 13 4.3600653695627551
1 14 4.1993154551357499
1 15 4.0391938899054924
1 16 3.8802345830620837
1 17 3.7228472323684323
1 18 3.5674791964560661
1 19 3.4144627723698799
1 20 3.264161987247868
1 21 3.116837859874348
1 22 2.9727752799728648
1 23 2.8321702803373197
1 24 2.6952337918884539
1 25 2.5621032554464533
1 26 2.432921706261129
1 27 2.307774404272843
1 28 2.1867432584231605
1 29 2.0698676803235108
1 30 1.9571757002619874
1 31 1.8486670404506691
1 32 1.7443233275445622
1 33 1.6441104913772473
1 34 1.5479712064244819
1 35 1.4558431673690373
1 36 1.3676372920866422
1 37 1.283268191871209
1 38 1.2026217677595485
1 39 1.1255942412687918
1 40 1.0520526217154027
1 41 0.98187893685569061
1 42 0.91492670113022445
1 43 0.85106742075763853
1 44 0.79014571545412404
1 45 0.73202570528037914
1 46 0.67654689230033138
1 47 0.6235686088338751
1 48 0.57292820354988672
1 49 0.52448229498314236
1 50 0.47806826980536982
1 51 0.43354160560381094
1 52 0.39074121059215572
1 53 0.34952254763925622
1 54 0.30972690516602669
1 55 0.27121019365639087
1 56 0.23381589829096472
1 57 0.19740303641060103
1 58 0.16182824423954062
1 59 0.12694127860376997
1 60 0.092435068214589189
1 61 0.057997361741272131
1 62 0.025311177319138081
1 63 0
2 0 0
2 1 11.926209179948851
2 2 11.706629439843709
2 3 11.46326904316909
2 4 11.208394728405057
2 5 10.937591195331047
2 6 10.655830363577723
2 7 10.364648840720042
2 8 10.066213116273508
2 9 9.7612777650286091
2 10 9.452043473102373
2 11 9.1393288108311772
2 12 8.8249649163017523
2 13 8.5097187509177807
2 14 8.1950830518291262
2 15 7.8818028414284926
2 16 7.5710400196340464
2 17 7.2635220950464845
2 18 6.9600962250959579
2 19 6.6614726643823001
2 20 6.368206651260703
2 21 6.0809868988868727
2 22 5.8001051618959298
2 23 5.5262213533776405
2 24 5.2593962987927769
2 25 5.0002522249204073
2 26 4.7486540346575667
2 27 4.5051769883233801
2 28 4.269525850803948
2 29 4.0422202845910995
2 30 3.8228399328048366
2 31 3.6118416864306941
2 32 3.4087129966461975
2 33 3.2138428183088514
2 34 3.0266562266595085
2 35 2.8474713780534562
2 36 2.6756769641319571
2 37 2.5115198378744585
2 38 2.3543740791832035
2 39 2.2044169444910335
2 40 2.061025340284111
2 41 1.9243105460320382
2 42 1.7936655237889569
2 43 1.6691407091943553
2 44 1.5501544449852507
2 45 1.4367025224887835
2 46 1.3282345146088588
2 47 1.2246983862602019
2 48 1.1255778101387999
2 49 1.030779951041864
2 50 0.9398229860372912
2 51 0.85258016873657139
2 52 0.76860262071577989
2 53 0.68773621439222754
2 54 0.6095619499423709
2 55 0.53390380123262859
2 56 0.46036746184296479
2 57 0.3887649323508795
2 58 0.31874350001901042
2 59 0.25008320081034258
2 60 0.18211910381138702
2 61 0.11430478565977119
2 62 0.049901517974066799
2 63 0
3 0 0
3 1 17.209672404898622
3 2 16.884235579492426
3 3 16.525456772729857
3 4 16.150124954023696
3 5 15.752797610803238
3 6 15.33972892546223
3 7 14.914181139169532
3 8 14.478385534949528
3 9 14.034250649717546
3 10 13.58424061747065
3 11 13.130150613777774
3 12 12.674093050899121
3 13 12.217571790355743
3 14 11.762400409586457
3 15 11.309840143927262
3 16 10.861413475569867
3 17 10.418159505094897
3 18 9.9813211164235121
3 19 9.5517372252516868
3 20 9.1303853015295715
3 21 8.7179249018278338
3 22 8.3150852451125363
3 23 7.9223663996282268
3 24 7.5402693376029761
3 25 7.169153404304053
3 26 6.8093137248813722
3 27 6.46098645658458
3 28 6.1242850150332071
3 29 5.799338579955152
3 30 5.4861039519421571
3 31 5.1846181735605494
3 32 4.8947066590007724
3 33 4.6163277857102489
3 34 4.349200149298011
3 35 4.0932156056266811
3 36 3.8480091275836594
3 37 3.6134169286836784
3 38 3.3890115957031131
3 39 3.1745833896541154
3 40 2.969661348970003
3 41 2.7739983570826974
3 42 2.5870960595440504
3 43 2.4086774891614926
3 44 2.2382302394915428
3 45 2.0754540284970235
3 46 1.9198329275571409
3 47 1.7710489323041791
3 48 1.6285904275199585
3 49 1.4921263791274215
3 50 1.3611548297505427
3 51 1.2353355494234277
3 52 1.1141793616311153
3 53 0.99733992222407475
3 54 0.88434204688110429
3 55 0.77483490212980755
3 56 0.66835544554867066
3 57 0.56455679351006027
3 58 0.46301835506374878
3 59 0.363361777003405
3 60 0.26469855936526909
3 61 0.16619152773901796
3 62 0.07264603027320303
3 63 0
4 0 0
4 1 21.935150066752772
4 2 21.50873090595363
4 3 21.03980852064036
4 4 20.55096207032247
4 5 20.034434118223537
4 6 19.498907019843589
4 7 18.948182596811332
4 8 18.385498909412792
4 9 17.812977578935691
4 10 17.234026053080076
4 11 16.650728378610044
4 12 16.065895126431972
4 13 15.481339418579434
4 14 14.899355432185656
4 15 14.321544847506312
4 16 13.749711328299851
4 17 13.185262518207461
4 18 12.629545931594947
4 19 12.083790773599068
4 20 11.548928332610654
4 21 11.026021078979435
4 22 10.515628456964334
4 23 10.018655540095292
4 24 9.5353372447126183
4 25 9.0664292127615358
4 26 8.6118903869927195
4 27 8.1723344014873334
4 28 7.7474923342611595
4 29 7.3378433198784441
4 30 6.9429367030193836
4 31 6.56312513682151
4 32 6.1978191041531785
4 33 5.8472535364440583
4 34 5.5107386900001636
4 35 5.188401333143033
4 36 4.8794852442265491
4 37 4.5840192965012827
4 38 4.3012093177072961
4 39 4.0309970621839009
4 40 3.7725736610752896
4 41 3.5258047592556561
4 42 3.2898849542946769
4 43 3.0646147143356517
4 44 2.8492055362032342
4 45 2.6434032573967459
4 46 2.4464454587518212
4 47 2.2580332263814835
4 48 2.0774357119774063
4 49 1.9043182351488359
4 50 1.7379838784852772
4 51 1.5780701211925141
4 52 1.4239137748347848
4 53 1.2751313324247084
4 54 1.1310910993666881
4 55 0.9913933569758856
4 56 0.85543220942666909
4 57 0.7228051289676114
4 58 0.59296824786060243
4 59 0.4654721625130207
4 60 0.33917662411181065
4 61 0.21304800093719928
4 62 0.093235394987550083
4 63 0
5 0 0
5 1 26.137446041972037
5 2 25.614565913357236
5 3 25.041995982881861
5 4 24.446466535984364
5 5 23.819149602742105
5 6 23.169918047878198
5 7 22.504032653964799
5 8 21.824793041450675
5 9 21.135215622720914
5 10 20.438955777789545
5 11 19.738805828253717
5 12 19.037840546418238
5 13 18.33834731460124
5 14 17.642919513736338
5 15 16.953426868458664
5 16 16.272006255304785
5 17 15.600150984643523
5 18 14.939570764242395
5 19 14.291425507949889
5 20 13.657029385417998
5 21 13.037249350298204
5 22 12.433038191110912
5 23 11.845007932169718
5 24 11.273786354503224
5 25 10.719765888053525
5 26 10.183287233633582
5 27 9.6645556547721316
5 28 9.1636633761042834
5 29 8.6806578819622136
5 30 8.2154212290778243
5 31 7.7678694335986576
5 32 7.3377114302709909
5 33 6.9247550584010655
5 34 6.5285710336293121
5 35 6.1488794205603883
5 36 5.785144738794366
5 37 5.4370169721342441
5 38 5.1038830303564193
5 39 4.7853380102950895
5 40 4.4807159991345991
5 41 4.1895701163409509
5 42 3.9112024447239411
5 43 3.6451349613284147
5 44 3.3906545988442511
5 45 3.1472611476667081
5 46 2.9142394337772344
5 47 2.6910743164986259
5 48 2.4770580163393965
5 49 2.2716661814612684
5 50 2.0742047345849501
5 51 1.8841444458851055
5 52 1.7008084619699773
5 53 1.5236658581396523
5 54 1.3520581732823618
5 55 1.185453757582297
5 56 1.0232095060291417
5 57 0.86480487532644368
5 58 0.70965944243993517
5 59 0.55720596735998562
5 60 0.40613962360279399
5 61 0.25520906913200786
5 62 0.11182163802150225
5 63 0
6 0 0
6 1 29.833282761524096
6 2 29.220320163114984
6 3 28.550878047150263
6 4 27.856849747285544
6 5 27.12730045489295
6 6 26.374168378725809
6 7 25.603220082065143
6 8 24.818496481221331
6 9 24.023224793591922
6 10 23.221719211339909
6 11 22.41705334722905
6 12 21.612724407686375
6 13 20.811319581527311
6 14 20.015653821098038
6 15 19.227923477673762
6 16 18.450312012166471
6 17 17.684662109097051
6 18 16.932583664511437
6 19 16.195602023519022
6 20 15.474814495738345
6 21 14.771460750527236
6 22 14.086188420006868
6 23 13.419979930695256
6 24 12.773096576408358
6 25 12.146289454209517
6 26 11.53949568208391
6 27 10.953258995830931
6 28 10.387251791581898
6 29 9.8418328763058351
6 30 9.3164653391935079
6 31 8.8113442268447102
6 32 8.3257736493377923
6 33 7.8598049495160138
6 34 7.4126277722146625
6 35 6.9841687534903416
6 36 6.5735413709350796
6 37 6.1805654651218767
6 38 5.8043103282839894
6 39 5.4445057502521506
6 40 5.1002026628733779
6 41 4.7710562714910409
6 42 4.4561191809333911
6 43 4.1549860796555427
6 44 3.8667260010707922
6 45 3.5908856775237168
6 46 3.326560655069918
6 47 3.0732606842698225
6 48 2.8301138845548106
6 49 2.5966023738998212
6 50 2.3718895290708968
6 51 2.1554375628188436
6 52 1.9464450424533035
6 53 1.7443605432235141
6 54 1.5484155808315887
6 55 1.3580486018230371
6 56 1.1725175332880544
6 57 0.9912666139538604
6 58 0.81363221968942845
6 59 0.63899887096810815
6 60 0.46587402077152035
6 61 0.29286364772430845
6 62 0.12845738793218076
6 63 0
7 0 0
7 1 33.036962861557221
7 2 32.339995166864121
7 3 31.581507028543029
7 4 30.797118366071732
7 5 29.974807320912333
7 6 29.127575403792477
7 7 28.262327023733818
7 8 27.383177199477732
7 9 26.493961648183067
7 10 25.599235876301655
7 11 24.702499906895895
7 12 23.807508372474864
7 13 22.917061412392862
7 14 22.034262606439846
7 15 21.161341991018499
7 16 20.300800554999366
7 17 19.454364588964168
7 18 18.623984760393032
7 19 17.810950488886522
7 20 17.016714892620776
7 21 16.242191978241593
7 22 15.488390713023062
7 23 14.755906018866302
7 24 14.045356317254711
7 25 13.357068396089737
7 26 12.691323204520536
7 27 12.048224886417509
7 28 11.427768560190296
7 29 10.829875806563308
7 30 10.254305185796737
7 31 9.7008305810723954
7 32 9.1690200248723688
7 33 8.6585296652927024
7 34 8.1687790586363906
7 35 7.6993320730891588
7 36 7.2494973082845497
7 37 6.8187677423566679
7 38 6.4063736578559798
7 39 6.0117549211691941
7 40 5.6340911162860428
7 41 5.2727836030179427
7 42 4.9269839141497167
7 43 4.5960667397260213
7 44 4.2791734506662129
7 45 3.975661497265162
7 46 3.6846755612019488
7 47 3.4055631926057304
7 48 3.1374818715638222
7 49 2.8797747723018707
7 50 2.6316181595854009
7 51 2.392354774397822
7 52 2.1611826691234683
7 53 1.937446842105728
7 54 1.7203676681915001
7 55 1.5092924500907174
7 56 1.3034595087210836
7 57 1.1022329554006012
7 58 0.90493001786010374
7 59 0.71085449237483267
7 60 0.51839304150511234
7 61 0.32599810401696611
7 62 0.14314482041522411
7 63 0
8 0 0
8 1 35.760938318279244
8 2 34.987604000316274
8 3 34.148141866741916
8 4 33.282596791215383
8 5 32.377122111064686
8 6 31.446344084799485
8 7 30.497627104477449
8 8 29.535552595986552
8 9 28.564164788911413
8 10 27.588393243111302
8 11 26.612009921039444
8 12 25.638930897977222
8 13 24.672245692626582
8 14 23.715047163830651
8 15 22.769877741079569
8 16 21.839086214121068
8 17 20.924729318771409
8 18 20.028495266832959
8 19 19.152015025665399
8 20 18.296398955757628
8 21 17.462905343767996
8 22 16.652147660279642
8 23 15.86505917048714
8 24 15.101834376190521
8 25 14.363124350102312
8 26 13.648778215204382
8 27 12.959203383076929
8 28 12.293971704792808
8 29 11.653281596130036
8 30 11.03648934323842
8 31 10.4436155250322
8 32 9.8738555416781626
8 33 9.3270800867730852
8 34 8.8023710009256781
8 35 8.2994740834885832
8 36 7.8173975544376795
8 37 7.3557845519371634
8 38 6.9136024461598833
8 39 6.4904113553615588
8 40 6.0851638283580458
8 41 5.6973541522983036
8 42 5.3259399185855045
8 43 4.970364441902662
8 44 4.6296047312891435
8 45 4.3030657727438024
8 46 3.9897536020404933
8 47 3.6890454228804828
8 48 3.3999818680954741
8 49 3.1219209358036948
8 50 2.8539400824462806
8 51 2.5953848433387039
8 52 2.3453690362439978
8 53 2.1032309315196955
8 54 1.8681181426554438
8 55 1.6393637618338903
8 56 1.4161418382985711
8 57 1.1977980722418922
8 58 0.98359744483575917
8 59 0.77281470700234123
8 60 0.56370396886578089
8 61 0.35462218783865823
8 62 0.15586552182373389
8 63 0
9 0 0
9 1 38.02126795207775
9 2 37.178969219182079
9 3 36.267411645309465
9 4 35.329881425741021
9 5 34.351472976147328
9 6 33.347698396604599
9 7 32.326717719195955
9 8 31.293199060235857
9 9 30.251515154641393
9 10 29.206825298494188
9 11 28.163064017483929
9 12 27.124394827526686
9 13 26.093888221071378
9 14 25.074913192063189
9 15 24.069848836785578
9 16 23.081345218557342
9 17 22.111182849933428
9 18 21.161370097170821
9 19 20.233179500088522
9 20 19.328052330884585
9 21 18.446834455190007
9 22 17.590472150773188
9 23 16.759457191442554
9 24 15.954310112803192
9 25 15.175232498851155
9 26 14.422384961129332
9 27 13.695734392442604
9 28 12.995143182591788
9 29 12.320391075090336
9 30 11.67109915861904
9 31 11.046900211729948
9 32 10.447225594972434
9 33 9.8715946546815623
9 34 9.3192948375573703
9 35 8.7897597005511461
9 36 8.2821726052909508
9 37 7.7959038408219881
9 38 7.3300664915712854
9 39 6.8839857137849849
9 40 6.4567322467669737
9 41 6.0476005350802646
9 42 5.6556413306143156
9 43 5.2801296662255934
9 44 4.920113514752261
9 45 4.5748571836331919
9 46 4.2434184376047286
9 47 3.9250573563487108
9 48 3.6188499923953419
9 49 3.3240568590164004
9 50 3.0397772945334984
9 51 2.7652753545143374
9 52 2.4996757456704
9 53 2.2422480040516772
9 54 1.9921419215376455
9 55 1.7486316044165189
9 56 1.5108863604977529
9 57 1.2782013880254717
9 58 1.0498368129375668
9 59 0.82501609739052006
9 60 0.60191340328492793
9 61 0.37878655795612015
9 62 0.1666464994180607
9 63 0
10 0 0
10 1 39.832363574709063
10 2 38.929721529771541
10 3 37.955159055445051
10 4 36.955568622032466
10 5 35.914564157368446
10 6 34.848788694512415
10 7 33.766802462736429
10 8 32.673472884829884
10 9 31.573377354173225
10 10 30.471780688419781
10 11 29.372877862546762
10 12 28.280760740570571
10 13 27.198777917910149
10 14 26.130091346048889
10 15 25.077378436296645
10 16 24.042979168434247
10 17 23.028986750281366
10 18 22.037027296610361
10 19 21.068693205467337
10 20 20.124999280107161
10 21 19.207110397666721
10 22 18.315526400620566
10 23 17.45104938836792
10 24 16.61375358724155
10 25 15.804135235875215
10 26 15.021924542514647
10 27 14.267361706319996
10 28 13.539906201455643
10 29 12.839585594119759
10 30 12.165653256496634
10 31 11.517961760554478
10 32 10.895614271353693
10 33 10.298320846471505
10 34 9.7250817614400056
10 35 9.1754924446056201
10 36 8.648489400146266
10 37 8.1435772309849135
10 38 7.6596601438800223
10 39 7.1961720977365244
10 40 6.7520095171042023
10 41 6.3265526806007228
10 42 5.9187085546758338
10 43 5.5278178379237248
10 44 5.1528109760319412
10 45 4.7930006345797
10 46 4.4473490903710884
10 47 4.1151502442155001
10 48 3.7954027366509164
10 49 3.4873889413472505
10 50 3.1901452806374744
10 51 2.902948029242121
10 52 2.6248703421593662
10 53 2.355186378647796
10 54 2.0930030713824537
10 55 1.8375932064600775
10 56 1.5880895022422372
10 57 1.3437824445498281
10 58 1.1039041622545207
10 59 0.86766514096598257
10 60 0.63315559175275027
10 61 0.39857925458016535
10 62 0.17551025025028155
10 63 0
11 0 0
11 1 41.211059837210819
11 2 40.256532202040177
11 3 39.228598865032488
11 4 38.176856539120514
11 5 37.083937810379787
11 6 35.967154138533779
11 7 34.835512646683895
11 8 33.693981467954522
11 9 32.547204148781439
11 10 31.400661341429728
11 11 30.258474139911328
11 12 29.124971010216669
11 13 28.003285215685811
11 14 26.896842383296573
11 15 25.808000046770101
11 16 24.739384097270865
11 17 23.692693984878957
11 18 22.669857103996563
11 19 21.672026434208711
11 20 20.700525367732819
11 21 19.756058237513766
11 22 18.839432514932387
11 23 17.950989050817824
11 24 17.091101027301409
11 25 16.259818870924171
11 26 15.45715645498337
11 27 14.682935565082142
11 28 13.936878847485216
11 29 13.218630948526162
11 30 12.527684259673649
11 31 11.863548617581289
11 32 11.225539907265317
11 33 10.613067475271984
11 34 10.025317241635783
11 35 9.4616255254342487
11 36 8.9210877786788849
11 37 8.4029889905604822
11 38 7.9063669018373277
11 39 7.4304720964282485
11 40 6.9743110500876035
11 41 6.5371129619009709
11 42 6.1178737077124898
11 43 5.7158109543022739
11 44 5.3299254600002515
11 45 4.9594306503834957
11 46 4.6033431016108048
11 47 4.2608772160534194
11 48 3.9310724189076827
11 49 3.6131476220323036
11 50 3.3061688484228346
11 51 3.0093616641006329
11 52 2.7218197573561453
11 53 2.4427765027535973
11 54 2.171352182391161
11 55 1.9067862330653504
11 56 1.648219049126955
11 57 1.3949140637985045
11 58 1.1461101923053734
11 59 0.90099032168334081
11 60 0.65760219132503239
11 61 0.414096673392575
11 62 0.18250229867281845
11 63 0
12 0 0
12 1 42.173010525612945
12 2 41.175893256141116
12 3 40.104392617400258
12 4 39.010833661928906
12 5 37.876765096018786
12 6 36.720105938026109
12 7 35.550192776693592
12 8 34.371945729239215
12 9 33.190208396517647
12 10 32.010325184825987
12 11 30.836665137011266
12 12 29.673287249614638
12 13 28.52359165120459
12 14 27.390640646402375
12 15 26.277076772981559
12 16 25.185099721765507
12 17 24.11670536910329
12 18 23.073359943729407
12 19 22.0565167779069
12 20 21.067027005415426
12 21 20.105891561965382
12 22 19.173454012824067
12 23 18.270340983641969
12 24 17.396485047339368
12 25 16.552205611391287
12 26 15.737109873940986
12 27 14.951267249896732
12 28 14.194034372477246
12 29 13.465279118606539
12 30 12.764171885418444
12 31 12.090419753441152
12 32 11.443061230658182
12 33 10.821676630020308
12 34 10.225217585205513
12 35 9.6531658814795769
12 36 9.1044227296171503
12 37 8.5783946712921288
12 38 8.0739612327453152
12 39 7.5904727746442786
12 40 7.1268090582056853
12 41 6.6822797381565646
12 42 6.2557808134552886
12 43 5.84659365867783
12 44 5.4536414751493156
12 45 5.0761871855839091
12 46 4.7131879494947189
12 47 4.3638958461962867
12 48 4.0273053013466793
12 49 3.7026632573649714
12 50 3.3890019432591352
12 51 3.0855672309198625
12 52 2.7914275280137431
12 53 2.5058304584316553
12 54 2.2278773333401487
12 55 1.9568171302301129
12 56 1.691775706904717
12 57 1.4320232175517293
12 58 1.1767895698560566
12 59 0.92525840317193964
12 60 0.67543625149580788
12 61 0.42545625132541859
12 62 0.18766266814193333
12 63 0
13 0 0
13 1 42.735688907121414
13 2 41.705190029846101
13 3 40.600195635335346
13 4 39.475153025236352
13 5 38.310758374860377
13 6 37.125352295106183
13 7 35.928377957328529
13 8 34.724871893201609
13 9 33.519509037176
13 10 32.317834660445079
13 11 31.12394201725953
13 12 29.942115998100995
13 13 28.775384577849209
13 14 27.627062062266411
13 15 26.499355713859117
13 16 25.394737150399006
13 17 24.314731151686555
13 18 23.261088305806982
13 19 22.234778717404765
13 20 21.236942308596326
13 21 20.26810405134573
13 22 19.328893015165086
13 23 18.419482159314999
13 24 17.540079441255205
13 25 16.690583740884893
13 26 15.870861935869737
13 27 15.080603073567746
13 28 14.319403605687143
13 29 13.586794909502238
13 30 12.882164631210991
13 31 12.204928195387531
13 32 11.554317426353341
13 33 10.929664670492228
13 34 10.330090743990505
13 35 9.7548704499108752
13 36 9.2030507825569803
13 37 8.673868555048859
13 38 8.166327110210899
13 39 7.6796400277447301
13 40 7.2127908197842139
13 41 6.7649807919848639
13 42 6.3351917977354431
13 43 5.922620848815801
13 44 5.526261375706004
13 45 5.1453117478283872
13 46 4.7787859746230188
13 47 4.4258876109133309
13 48 4.0856566843848174
13 49 3.7573043245050108
13 50 3.4398990751502163
13 51 3.1326608726340002
13 52 2.8346869157992267
13 53 2.5452064079713659
13 54 2.2633434867777087
13 55 1.9883342329500211
13 56 1.7193226638631831
13 57 1.455570500134304
13 58 1.1963240203501693
13 59 0.94075846479839165
13 60 0.68687211263268588
13 61 0.43278464724944693
13 62 0.19104901218704873
13 63 0
14 0 0
14 1 42.915991409411824
14 2 41.861754516062348
14 3 40.733458479349245
14 4 39.587363795432104
14 5 38.403518839064013
14 6 37.200341286224877
14 7 35.987525652991202
14 8 34.769841910770062
14 9 33.55216057039253
14 10 32.339682663865382
14 11 31.136736905120799
14 12 29.947179774478215
14 13 28.77429564753783
14 14 27.6209197574412
14 15 26.489532325636215
14 16 25.382102189805263
14 17 24.300436024959392
14 18 23.245780823241763
14 19 22.219389745923216
14 20 21.221916654435251
14 21 20.254163386328383
14 22 19.316304269449528
14 23 18.408776577126194
14 24 17.531374306992518
14 25 16.684243069232451
14 26 15.866882152450474
14 27 15.079206189462099
14 28 14.320492705695644
14 29 13.590475412135834
14 30 12.888271327537854
14 31 12.213474170568757
14 32 11.565091065581626
14 33 10.942608934049366
14 34 10.344966052644402
14 35 9.771569262081206
14 36 9.221320558462331
14 37 8.6935680447867743
14 38 8.1872025920948932
14 39 7.7015304852109647
14 40 7.235450241559346
14 41 6.7882396220684873
14 42 6.35881814601131
14 43 5.9464453769737338
14 44 5.5500706692247332
14 45 5.1689432807831661
14 46 4.8020475202530077
14 47 4.4486282245619551
14 48 4.1077067792523039
14 49 3.7785278199584793
14 50 3.4601495554051485
14 51 3.1518192417472113
14 52 2.8526298294765553
14 53 2.5618330134336311
14 54 2.2785530225338229
14 55 2.0020447083120079
14 56 1.7314551448987572
14 57 1.4660623925781193
14 58 1.2051186244023546
14 59 0.94781163751867503
14 60 0.69213608845517582
14 61 0.43622574361414018
14 62 0.19271648860899365
14 63 0
15 0 0
15 1 42.731947934321418
15 2 41.663602499515733
15 3 40.522193607294454
15 4 39.365486518398114
15 5 38.172854528938274
15 6 36.962871897584584
15 7 35.745020184195624
15 8 34.524203140153723
15 9 33.304921822106898
15 10 32.092563135962102
15 11 30.891016175419917
15 12 29.704353409359246
15 13 28.535370074186719
15 14 27.387142961957821
15 15 26.261640432474305
15 16 25.161090879176047
15 17 24.086788277604729
15 18 23.040249053525805
15 19 22.022230565025197
15 20 21.033658045785756
15 21 20.074867853225175
15 22 19.146300454108559
15 23 18.247967306127158
15 24 17.379917300814011
15 25 16.541915561026645
15 26 15.733700378762435
15 27 14.954853746828908
15 28 14.204873071041483
15 29 13.483207237702661
15 30 12.789172127189302
15 31 12.122122467642187
15 32 11.481242506543408
15 33 10.865822647409798
15 34 10.274956798858774
15 35 9.7078935212082484
15 36 9.1636699390947971
15 37 8.6415094323487107
15 38 8.1404190049165646
15 39 7.6596089921724397
15 40 7.1980768786195224
15 41 6.7550286198624097
15 42 6.3294675222874233
15 43 5.9206011913452601
15 44 5.5274496003794109
15 45 5.1492260428971521
15 46 4.7849742221291311
15 47 4.4339156487488269
15 48 4.0951216916753612
15 49 3.7678234527230088
15 50 3.4511213608646627
15 51 3.1442565739826667
15 52 2.8463579704258759
15 53 2.5566766735840085
15 54 2.2743678420358799
15 55 1.9986897464284428
15 56 1.7288165298434528
15 57 1.4640326272226325
15 58 1.20361453016088
15 59 0.94675726686707096
15 60 0.69147822525857705
15 61 0.4359312542126289
15 62 0.19273313733654984
15 63 0
16 0 0
16 1 42.201619767504923
16 2 41.128822103576461
16 3 39.984548663382384
16 4 38.827448754659933
16 5 37.636708489201581
16 6 36.430461989908586
16 7 35.218360197033675
16 8 34.004856085606775
16 9 32.794642536840115
16 10 31.592591522877019
16 11 30.402815858514234
16 12 29.228839759401371
16 13 28.073705608748075
16 14 26.939933433078032
16 15 25.829754017944769
16 16 24.744851365466953
16 17 23.68678863020963
16 18 22.656566680808368
16 19 21.655210773939476
16 20 20.68317144573038
16 21 19.741044651194695
16 22 18.828844863734322
16 23 17.946829169097331
16 24 17.094673296532129
16 25 16.272369863908526
16 26 15.479337829928786
16 27 14.715365886086003
16 28 13.979684448678887
16 29 13.271927018612065
16 30 12.591191508004126
16 31 11.936995059267161
16 32 11.308348415376031
16 33 10.704683003759824
16 34 10.124958428941884
16 35 9.568544366452862
16 36 9.0343773071475013
16 37 8.521783751230906
16 38 8.0296982852654288
16 39 7.5574185079693725
16 40 7.1038925745226349
16 41 6.6684000403058201
16 42 6.2499133322022455
16 43 5.8477021152361734
16 44 5.4607698770259772
16 45 5.08838239848372
16 46 4.7295778509301938
16 47 4.383622423219447
16 48 4.0495900722379607
16 49 3.7267503057076192
16 50 3.4142119916884006
16 51 3.1112497335549025
16 52 2.8170049363661369
16 53 2.5307583114979058
16 54 2.25168029995424
16 55 1.9790558217775793
16 56 1.7120761226612347
16 57 1.4500501000173363
16 58 1.1922718513411974
16 59 0.93795912715631857
16 60 0.685158605495374
16 61 0.43206589090989578
16 62 0.1911659248635324
16 63 0
17 0 0
17 1 41.343502263713141
17 2 40.27596307587303
17 3 39.138806541452709
17 4 37.991546389952852
17 5 36.812912785143197
17 6 35.620924918345835
17 7 34.424731275289041
17 8 33.228937274522139
17 9 32.037702588951475
17 10 30.85607086162608
17 11 29.687589735481335
17 12 28.535990734568959
17 13 27.403747365596729
17 14 26.293612235166393
17 15 25.207261819476699
17 16 24.14662900044129
17 17 23.112752275898593
17 18 22.106888977274167
17 19 21.129580356928454
17 20 20.181533147666709
17 21 19.262907159866177
17 22 18.373966164477345
17 23 17.514582780639103
17 24 16.684669907635225
17 25 15.883888335378691
17 26 15.111878282200433
17 27 14.368147935968674
17 28 13.652130649170555
17 29 12.963227736300494
17 30 12.300720521821146
17 31 11.663938120876411
17 32 11.052054972253037
17 33 10.464353801566707
17 34 9.8999387844766584
17 35 9.3580651053549939
17 36 8.8377958595282706
17 37 8.3383721799101167
17 38 7.8588388175373893
17 39 7.3984322956110287
17 40 6.9561962220866054
17 41 6.5313689435074078
17 42 6.1230054253019262
17 43 5.7303500612528753
17 44 5.3524777319088779
17 45 4.9886414895084137
17 46 4.637941425870272
17 47 4.2996406820760544
17 48 3.9728672010342523
17 49 3.6568947669971741
17 50 3.350879683939167
17 51 3.0541062582974479
17 52 2.7657580097265586
17 53 2.4851292822592987
17 54 2.2114283893733186
17 55 1.9439566741262488
17 56 1.68194003101375
17 57 1.4247055142713687
17 58 1.171578145014484
17 59 0.92179565664177066
17 60 0.67345519948870802
17 61 0.42480087067458322
17 62 0.18809117459962796
17 63 0
18 0 0
18 1 40.176727889084596
18 2 39.123785148738456
18 3 38.003720845099487
18 4 36.876013708261269
18 5 35.719675369107932
18 6 34.551798676746273
18 7 33.381619190892721
18 8 32.21314375284981
18 9 31.050721163487179
18 10 29.898746991245741
18 11 28.76098211017699
18 12 27.64052637502969
18 13 26.540092620372082
18 14 25.461832270872051
18 15 24.40767529497041
18 16 23.378997351795508
18 17 22.377095202403467
18 18 21.402722198725275
18 19 20.45667437610431
18 20 19.539213209171837
18 21 18.650743140537831
18 22 17.791143502736784
18 23 16.960516400696715
18 24 16.158450397442262
18 25 15.384817269932746
18 26 14.638990087542156
18 27 13.920667672633847
18 28 13.229068920388871
18 29 12.563764852182635
18 30 11.923869521503576
18 31 11.308861267298425
18 32 10.717788426063805
18 33 10.150063660663021
18 34 9.6047000912662241
18 35 9.0810652492967954
18 36 8.5781603093931071
18 37 8.0953231370945797
18 38 7.6315602190828011
18 39 7.1861912722572594
18 40 6.7582403940034039
18 41 6.3470176248013583
18 42 5.9515729204006869
18 43 5.5712127773716897
18 44 5.2050179833624597
18 45 4.8522958230221738
18 46 4.5121602752002357
18 47 4.1839223489552611
18 48 3.8667295152068664
18 49 3.5598983489662817
18 50 3.2626085158671554
18 51 2.9741831168663899
18 52 2.6938315168434013
18 53 2.4208837527755547
18 54 2.1545754946015832
18 55 1.8942414493293418
18 56 1.6391358147624697
18 57 1.3886169552716219
18 58 1.142036697823871
18 59 0.89866421683397568
18 60 0.65665454949632995
18 61 0.41431737934794727
18 62 0.18358509791142549
18 63 0
19 0 0
19 1 38.720175377409163
19 2 37.691281923498842
19 3 36.597772748605664
19 4 35.499343762116617
19 5 34.374800374529528
19 6 33.240854194485536
19 7 32.105985010589251
19 8 30.97437142724268
19 9 29.849702105096291
19 10 28.736531448750846
19 11 27.637965254288908
19 12 26.557303446444461
19 13 25.496642627410566
19 14 24.45835936235763
19 15 23.443814718181891
19 16 22.454624240567814
19 17 21.491570709290123
19 18 20.555652850535537
19 19 19.647211721631983
19 20 18.766751936332547
19 21 17.914283172182579
19 22 17.089919571365495
19 23 16.293427492694551
19 24 15.524617494111055
19 25 14.783081571223551
19 26 14.068398979203421
19 27 13.38004034492482
19 28 12.717413250288899
19 29 12.079906895819379
19 30 11.466805912480845
19 31 10.877447574277969
19 32 10.311032919175664
19 33 9.7668686200052477
19 34 9.2441034717656745
19 35 8.7420286106625333
19 36 8.2597651213806369
19 37 7.796598975510217
19 38 7.351642307784279
19 39 6.9241828526157017
19 40 6.513337700988477
19 41 6.1184007965359548
19 42 5.7385040450267022
19 43 5.3729502855409521
19 44 5.0208927564002606
19 45 4.6816446400179457
19 46 4.3543843008315353
19 47 4.0384358392045048
19 48 3.7330043487562539
19 49 3.4374247965193359
19 50 3.1509288719632389
19 51 2.8728618847855096
19 52 2.6024806557432645
19 53 2.3391401061313872
19 54 2.0821197004822269
19 55 1.8307809006079461
19 56 1.5844189699895579
19 57 1.3424197836726859
19 58 1.1041715630719662
19 59 0.86897385263022997
19 60 0.63505662385824213
19 61 0.40080192395873881
19 62 0.17773067957299651
19 63 0
20 0 0
20 1 36.99393918256974
20 2 35.99779842827067
20 3 34.940231325994702
20 4 33.880014379981716
20 5 32.79669368722675
20 6 31.705613899698431
20 7 30.615262621031913
20 8 29.529107475982446
20 9 28.45102470999819
20 10 27.384822564557513
20 11 26.333811118451308
20 12 25.300606740890785
20 13 24.287539042815805
20 14 23.296365906324116
20 15 22.328694541614261
20 16 21.385592118923618
20 17 20.468090505578736
20 18 19.576712341059441
20 19 18.712042301570019
20 20 17.874180394579568
20 21 17.063368145011729
20 22 16.279383457174443
20 23 15.522208418588075
20 24 14.791380857039455
20 25 14.086689775747299
20 26 13.407499151748919
20 27 12.753456766776058
20 28 12.123805637056224
20 29 11.51809230299404
20 30 10.935480560521896
20 31 10.375446114503244
20 32 9.8371060321660266
20 33 9.3198880030401074
20 34 8.822887234795644
20 35 8.3455003074804175
20 36 7.8868191925511058
20 37 7.446221722724129
20 38 7.0228101672602747
20 39 6.6159525274363897
20 40 6.2247707819550406
20 41 5.848629428118846
20 42 5.4866762494260888
20 43 5.1382766329430121
20 44 4.802607616490925
20 45 4.4790384251128437
20 46 4.1667767106888274
20 47 3.8651973953623342
20 48 3.5735384743226941
20 49 3.2911815932871593
20 50 3.0173935635340912
20 51 2.7515631220752863
20 52 2.4929834378104974
20 53 2.2410503350843269
20 54 1.9950801800361075
20 55 1.754473474585178
20 56 1.5185626780781276
20 57 1.2867707031523314
20 58 1.0585197782820301
20 59 0.83314829240615307
20 60 0.6089686374322375
20 61 0.3844486817108666
20 62 0.17061135556177445
20 63 0
21 0 0
21 1 35.017207331364638
21 2 34.062688323289791
21 3 33.049716680511537
21 4 32.036650802472579
21 5 31.003096403690954
21 6 29.963767120774719
21 7 28.926180900941475
21 8 27.893996267963747
21 9 26.870336358047247
21 10 25.859157165071103
21 11 24.863054642498472
21 12 23.884839488985481
21 13 22.926203708634549
21 14 21.989124391961411
21 15 21.074645939730807
21 16 20.184068031492533
21 17 19.317934560182952
21 18 18.47700425342812
21 19 17.661446131582544
21 20 16.871592308614034
21 21 16.107336755305969
21 22 15.36867993555054
21 23 14.655318998661595
21 24 13.967000992832896
21 25 13.303286308348811
21 26 12.663732517980318
21 27 12.047808435748088
21 28 11.45493398658534
21 29 10.884519669697342
21 30 10.335889384829436
21 31 9.808419240510359
21 32 9.3013701728478626
21 33 8.8141006755179614
21 34 8.3458346244749215
21 35 7.8959243277139279
21 36 7.4635765385880077
21 37 7.0481449029609573
21 38 6.6488340352253426
21 39 6.265003656360336
21 40 5.8958671317576608
21 41 5.5407930515226891
21 42 5.199011060911487
21 43 4.8699000842584148
21 44 4.5527108389407456
21 45 4.2468331514810647
21 46 3.9515413986829291
21 47 3.6662362717318393
21 48 3.3902166401192391
21 49 3.122893605826409
21 50 2.8635899870156152
21 51 2.6117265348919894
21 52 2.3666484297313852
21 53 2.1277852221099445
21 54 1.8945020647879476
21 55 1.666234365427997
21 56 1.4423610175586681
21 57 1.2223398225287845
21 58 1.0056338900392801
21 59 0.7916203817027867
21 60 0.57870776850170602
21 61 0.36545607255456836
21 62 0.16231542762942899
21 63 0
22 0 0
22 1 32.810914574853854
22 2 31.905794909683976
22 3 30.945925392330874
22 4 29.987919578759037
22 5 29.012555945537873
22 6 28.032797558512673
22 7 27.056097160275918
22 8 26.085321799236642
22 9 25.123781725344383
22 10 24.174619184326616
22 11 23.240627135522729
22 12 22.323906009408294
22 13 21.426375950729255
22 14 20.549397579501104
22 15 19.694255596459364
22 16 18.861724467658508
22 17 18.052589658140203
22 18 17.26717101498172
22 19 16.50587188854125
22 20 15.768665374269265
22 21 15.055666602187957
22 22 14.366589307883212
22 23 13.701334891221439
22 24 13.059427749778118
22 25 12.440613690215297
22 26 11.844283279669195
22 27 11.270071412723773
22 28 10.717278358710498
22 29 10.185461914945941
22 30 9.673865801723629
22 31 9.1819959200702428
22 32 8.7090652558032424
22 33 8.2545463073910668
22 34 7.8176407420084439
22 35 7.3978010158657108
22 36 6.9942317544335104
22 37 6.606374866406143
22 38 6.2334480997745843
22 39 5.8748894418435968
22 40 5.5299366476051723
22 41 5.1980283053686289
22 42 4.8784264575977696
22 43 4.5705732846027818
22 44 4.273757341503984
22 45 3.9874262778095377
22 46 3.7108957772377393
22 47 3.4436200192778288
22 48 3.1849411855888392
22 49 2.9343204377551908
22 50 2.6911248693829242
22 51 2.4548226024937039
22 52 2.2248033563917824
22 53 2.0005419588154116
22 54 1.7814479331072879
22 55 1.5670004494009335
22 56 1.3566225883072573
22 57 1.1498139064822352
22 58 0.94607710799551459
22 59 0.74483437880125547
22 60 0.5445972599967851
22 61 0.34402843584309234
22 62 0.15293193957522477
22 63 0
23 0 0
23 1 30.394492488553979
23 2 29.546755837332427
23 3 28.647569659527086
23 4 27.752526897023497
23 5 26.84273083269256
23 6 25.930290811038748
23 7 25.021516301989237
23 8 24.119483253234762
23 9 23.226685047835449
23 10 22.346402573210934
23 11 21.480680328587258
23 12 20.631808771708741
23 13 19.801067880217122
23 14 18.99003295661597
23 15 18.1994452805911
23 16 17.430305971220992
23 17 16.682946802044885
23 18 15.957916148481708
23 19 15.255244984370645
23 20 14.575129436595949
23 21 13.917384727243695
23 22 13.281937062263149
23 23 12.668451439320991
23 24 12.07665099887798
23 25 11.506099894529513
23 26 10.956372042102117
23 27 10.426967134801556
23 28 9.9173528639394775
23 29 9.4269906234640697
23 30 8.9552759106899718
23 31 8.5016501290729494
23 32 8.0654632247528006
23 33 7.6461490318880987
23 34 7.2430325218558371
23 35 6.8555480759550624
23 36 6.4830112972620562
23 37 6.1248621649891266
23 38 5.780418458500816
23 39 5.4491286816102571
23 40 5.1303210257258156
23 41 4.8234540148470577
23 42 4.527871805714474
23 43 4.2430434992536243
23 44 3.9683326109523906
23 45 3.7032187723718097
23 46 3.4470865279089224
23 47 3.1994256089762709
23 48 2.9596419002507219
23 49 2.7272345525003394
23 50 2.5016300433752217
23 51 2.2823360828125545
23 52 2.0687982025637823
23 53 1.8605318070017203
23 54 1.6569993266682896
23 55 1.4577211800304914
23 56 1.2621712819835291
23 57 1.0698898196089495
23 58 0.88042399095890111
23 59 0.69324145215144573
23 60 0.50696761510659338
23 61 0.32037338370049429
23 62 0.14255338808549722
23 63 0
24 0 0
24 1 27.789585018276028
24 2 27.005825885837861
24 3 26.174689626458083
24 4 25.349281161215259
24 5 24.512264328275542
24 6 23.673679689853863
24 7 22.83970763163644
24 8 22.012578882960696
24 9 21.194974335135701
24 10 20.389318265014129
24 11 19.597846582153014
24 12 18.822130915991934
24 13 18.063675845405911
24 14 17.323454784539631
24 15 16.602444860822008
24 16 15.901152386111688
24 17 15.220144765214275
24 18 14.559571629390319
24 19 13.919690807224891
24 20 13.300384478756477
24 21 12.701680376780603
24 22 12.123264380724072
24 23 11.564996465768569
24 24 11.026422289672212
24 25 10.507282113064317
24 26 10.007025088533316
24 27 9.5253081747646515
24 28 9.0615177329747514
24 29 8.6152545539941645
24 30 8.1858679103486729
24 31 7.7729222990886422
24 32 7.3757492376995941
24 33 6.9938912287726938
24 34 6.626676329075484
24 35 6.2736351432282094
24 36 5.9341025855475316
24 37 5.6076043461555551
24 38 5.2934893830039753
24 39 4.9912831869292669
24 40 4.7003534813404348
24 41 4.420228643297528
24 42 4.1502979485275873
24 43 3.8900945863731975
24 44 3.6390306578719369
24 45 3.396645268317529
24 46 3.1623734397634951
24 47 2.9357607098117189
24 48 2.7162642101305261
24 49 2.5034359997665376
24 50 2.2967538160266221
24 51 2.0957760010632609
24 52 1.8999988922799986
24 53 1.7089867444437259
24 54 1.5222520944649718
24 55 1.3393629494822337
24 56 1.1598428057371122
24 57 0.98327739357361166
24 58 0.80925776498225199
24 59 0.63730162154667169
24 60 0.46615433740414325
24 61 0.29470309244731835
24 62 0.13127311465810029
24 63 0
25 0 0
25 1 25.015809453452729
25 2 24.302858825187077
25 3 23.546054190221984
25 4 22.796931538459518
25 5 22.038726464562391
25 6 21.280439529894227
25 7 20.526973574625561
25 8 19.780784115163829
25 9 19.043694843013011
25 10 18.318261638434528
25 11 17.605955643739989
25 12 16.908535518858248
25 13 16.226874723559167
25 14 15.562158095108327
25 15 14.914845005360554
25 16 14.285663977748472
25 17 13.674764896473532
25 18 13.082520018738441
25 19 12.508856545721429
25 20 11.953872521988554
25 21 11.417339386916012
25 22 10.899147508219302
25 23 10.398963282300686
25 24 9.9165228508897947
25 25 9.4514250848274113
25 26 9.0032944660260252
25 27 8.5716893989813663
25 28 8.1561563160746875
25 29 7.7562321278639343
25 30 7.3714115134770255
25 31 7.0012227637157123
25 32 6.6451291567523665
25 33 6.3026587575110655
25 34 5.9732589790199722
25 35 5.6564628528261283
25 36 5.351713566733749
25 37 5.0585520919099878
25 38 4.7764258844830403
25 39 4.5048853396567861
25 40 4.2433881399850168
25 41 3.9914946264786959
25 42 3.7486766305466013
25 43 3.5145043620919529
25 44 3.2884660987672354
25 45 3.0701414841450467
25 46 2.8590362529236732
25 47 2.6547388385453101
25 48 2.4567724362550543
25 49 2.2647335035094249
25 50 2.0781619196442072
25 51 1.8966613164559252
25 52 1.7197869051637527
25 53 1.5471486919803723
25 54 1.3783154083781211
25 55 1.2129011218983465
25 56 1.0504836513539888
25 57 0.89069371419968069
25 58 0.73316967648015297
25 59 0.57747990519208381
25 60 0.42249805420328818
25 61 0.26723213967658482
25 62 0.11918685808168851
25 63 0
26 0 0
26 1 22.095381159314641
26 2 21.458434931566387
26 3 20.781967949308321
26 4 20.114388584358569
26 5 19.440820799603454
26 6 18.767949339697079
26 7 18.100495737738225
26 8 17.440037389387278
26 9 16.788586477907533
26 10 16.14781795988398
26 11 15.519390404582349
26 12 14.904346308392174
26 13 14.303781361333604
26 14 13.718298593716451
26 15 13.148590035782448
26 16 12.594920728091786
26 17 12.057671736546625
26 18 11.536854159454201
26 19 11.032616340793449
26 20 10.544782439548564
26 21 10.073329755607578
26 22 9.6179481376629195
26 23 9.1784918357948939
26 24 8.7545572224542489
26 25 8.345912160741694
26 26 7.9520908657822744
26 27 7.5728023254714323
26 28 7.207542351959078
26 29 6.8559813282112536
26 30 6.5175944683578404
26 31 6.1920282039916241
26 32 5.878750311621288
26 33 5.5773936528723
26 34 5.2874281164011467
26 35 5.0084801878586713
26 36 4.7400286153237516
26 37 4.4816983688702434
26 38 4.2329816273971232
26 39 3.9935050278412141
26 40 3.7627770601785584
26 41 3.5404280234469376
26 42 3.3259842838581348
26 43 3.1190809681609935
26 44 2.9192628625566344
26 45 2.7261705106858258
26 46 2.5393668724095839
26 47 2.3584980950302117
26 48 2.183144459435852
26 49 2.0129576172427162
26 50 1.8475338558500374
26 51 1.6865300156647904
26 52 1.5295567470704834
26 53 1.3762756997746959
26 54 1.2263099684890824
26 55 1.0793241791799686
26 56 0.93494975286504578
26 57 0.79286586675534565
26 58 0.65275788199840168
26 59 0.51424811990550956
26 60 0.37634341867023807
26 61 0.2381785922904803
26 62 0.10639117494197825
26 63 0
27 0 0
27 1 19.048052315180819
27 2 18.492564169189421
27 3 17.901230998614274
27 4 17.320418523740429
27 5 16.736034354351155
27 6 16.15358122302802
27 7 15.576406226508162
27 8 15.006324407190771
27 9 14.444467889489028
27 10 13.892638281872026
27 11 13.351724663657503
27 12 12.822954702973627
27 13 12.306807029592145
27 14 11.804093952846731
27 15 11.315015520955681
27 16 10.840055854931892
27 17 10.379211150233337
27 18 9.9327108254081402
27 19 9.5004083375406321
27 20 9.0823384130908078
27 21 8.6782581344572272
27 22 8.2880559226049471
27 23 7.9114269745316372
27 24 7.548152042111985
27 25 7.1978893952844851
27 26 6.8603426877236453
27 27 6.535150790519296
27 28 6.2219642356093123
27 29 5.9204143794136099
27 30 5.6301172597694897
27 31 5.3507044309669496
27 32 5.0817717483012261
27 33 4.8229556820020472
27 34 4.5738427440698253
27 35 4.334076957900117
27 36 4.1032435425917253
27 37 3.8809953188268054
27 38 3.6669220261032636
27 39 3.4606856342464511
27 40 3.2618844252353534
27 41 3.0701893288569067
27 42 2.8852097621143082
27 43 2.7066251198956572
27 44 2.5340574120402501
27 45 2.3671938467805886
27 46 2.2056695910915867
27 47 2.0491789446272635
27 48 1.8973701000565706
27 49 1.7499437009821179
27 50 1.6065602982062308
27 51 1.4669261189871174
27 52 1.3307130149928719
27 53 1.197632118523011
27 54 1.0673651981511372
27 55 0.9396264238018095
27 56 0.8141041557257922
27 57 0.69052571167777876
27 58 0.56862585401379562
27 59 0.44808140681437436
27 60 0.32803849120175604
27 61 0.2077621322282025
27 62 0.092984220273088794
27 63 0
28 0 0
28 1 15.89646756890199
28 2 15.426067448632287
28 3 14.924338262679239
28 4 14.434000457380085
28 5 13.94310443887314
28 6 13.454664898524703
28 7 12.971809107462565
28 8 12.495456154511338
28 9 12.026927935463064
28 10 11.567133595750217
28 11 11.1171471615258
28 12 10.677487865264442
28 13 10.248855197668318
28 14 9.8314993568079583
28 15 9.4258509987302332
28 16 9.0319577638714286
28 17 8.6500439957670245
28 18 8.2800085939608259
28 19 7.9219221679357048
28 20 7.5755771274269668
28 21 7.2409317309349905
28 22 6.9177044937381753
28 23 6.6057734460618054
28 24 6.3048080196783056
28 25 6.0146304822898369
28 26 5.7348798266526648
28 27 5.4653408491161652
28 28 5.2056359402289178
28 29 4.9555258389943626
28 30 4.7146264658428452
28 31 4.4826841415831558
28 32 4.2593156160132901
28 33 4.0442595667884857
28 34 3.8371387151305689
28 35 3.6376887400047764
28 36 3.445541833418853
28 37 3.2604337659698519
28 38 3.0820084459531545
28 39 2.9100037137008834
28 40 2.7440764784594598
28 41 2.5839678464098723
28 42 2.4293482733564553
28 43 2.2799627856015388
28 44 2.1354953616288705
28 45 1.9956952299129231
28 46 1.8602594296464907
28 47 1.7289414174583724
28 48 1.6014504965158318
28 49 1.4775441986481164
28 50 1.3569430395838866
28 51 1.2394083399074742
28 52 1.1246706013595584
28 53 1.0124946249695306
28 54 0.90261950259979284
28 55 0.79481210324981288
28 56 0.6888171958202417
28 57 0.58441264480771993
28 58 0.48138237899397013
28 59 0.37946000624889409
28 60 0.27793444356120106
28 61 0.17620504900642397
28 62 0.079064848237139579
28 63 0
29 0 0
29 1 12.660468933902253
29 2 12.279058017783697
29 3 11.870103542088371
29 4 11.473901900310084
29 5 11.07944950071612
29 6 10.688487325606795
29 7 10.30270642004974
29 8 9.9232725763957728
29 9 9.5506169351539345
29 10 9.1857723937083868
29 11 8.8290448333091582
29 12 8.4811377707244819
29 13 8.1421472540994007
29 14 7.8125315914519504
29 15 7.4922503911772722
29 16 7.1815684608835024
29 17 6.8803501883244218
29 18 6.5887100329232151
29 19 6.3064500611872596
29 20 6.0335697919893683
29 21 5.7698332359593687
29 22 5.5151535970132981
29 23 5.2692742601146252
29 24 5.032045032467896
29 25 4.8032007361245093
29 26 4.5825459566831102
29 27 4.3698149320496995
29 28 4.1647813058064918
29 29 3.967183695888743
29 30 3.7767759097275859
29 31 3.593303757734212
29 32 3.416509745259428
29 33 3.2461482101331773
29 34 3.0819568127340706
29 35 2.92369878580483
29 36 2.7711117283550215
29 37 2.6239675407413605
29 38 2.4820071986289478
29 39 2.3450107094976489
29 40 2.2127247848730272
29 41 2.0849368204910483
29 42 1.9614007618152687
29 43 1.8419106249331414
29 44 1.7262284045143788
29 45 1.6141539819104507
29 46 1.505457679859556
29 47 1.3999445317829202
29 48 1.2973930512247041
29 49 1.1976127602712598
29 50 1.1003899064673726
29 51 1.0055378789296083
29 52 0.91284997587904504
29 53 0.82214293075586642
29 54 0.73321619699130935
29 55 0.6458884829919439
29 56 0.55996326986299727
29 57 0.47526863877693265
29 58 0.39163931643062827
29 59 0.30886599153098682
29 60 0.22638444544798758
29 61 0.14373052958941851
29 62 0.064732896506333695
29 63 0
30 0 0
30 1 9.3629856638431868
30 2 9.0725137382538126
30 3 8.7591424601638277
30 4 8.4591417107728226
30 5 8.1638213950906842
30 6 7.8723390326988429
30 7 7.5861425354523417
30 8 7.3054941542193834
30 9 7.0310161160307256
30 10 6.7628453907581019
30 11 6.5014717156987283
30 12 6.2468981183927488
30 13 5.999440993985929
30 14 5.7590113453593714
30 15 5.5257983720587136
30 16 5.2996491702072843
30 17 5.0806545957900191
30 18 4.8686190859538918
30 19 4.6635595566770656
30 20 4.4652538213552164
30 21 4.2736643213561525
30 22 4.0885539918306177
30 23 3.9098460961587365
30 24 3.7372971167095028
30 25 3.5708029384349329
30 26 3.4101194955341896
30 27 3.2551242289223015
30 28 3.1055765559823016
30 29 2.9613421084997893
30 30 2.8221864502296752
30 31 2.6879682296759535
30 32 2.5584608337361088
30 33 2.4335193577700394
30 34 2.312925982732589
30 35 2.1965346248560045
30 36 2.0841367255986061
30 37 1.97558661221647
30 38 1.8706850906706916
30 39 1.7692879185586186
30 40 1.6712051071222565
30 41 1.5762944553670872
30 42 1.4843748268299766
30 43 1.3953063856170931
30 44 1.3089163501737346
30 45 1.2250673734337192
30 46 1.1435944230114514
30 47 1.0643626258406476
30 48 0.98721401195864
30 49 0.91201607078856595
30 50 0.83861714679047383
30 51 0.76688690880088295
30 52 0.69667923574610269
30 53 0.62786579438779988
30 54 0.56030514695666755
30 55 0.49387003065885066
30 56 0.42842203355685665
30 57 0.36384106974717961
30 58 0.30001233303880759
30 59 0.23678506825152928
30 60 0.17374389200309215
30 61 0.11056361382914393
30 62 0.050088714011702916
30 63 0
31 0 0
31 1 6.0239088470806665
31 2 5.8266037519691443
31 3 5.6102709254842589
31 4 5.4084806415785183
31 5 5.2135908782897635
31 6 5.023448100891688
31 7 4.8380353278552963
31 8 4.6578662012658789
31 9 4.48266965494415
31 10 4.3127055086643251
31 11 4.1476987246292225
31 12 3.9878365618907758
31 13 3.8328412525389477
31 14 3.6828316049057261
31 15 3.5375384063408446
31 16 3.3970251530712416
31 17 3.2610370397106747
31 18 3.1295928082946669
31 19 3.0024555126588575
31 20 2.8796084307414849
31 21 2.760833946002534
31 22 2.6460878038230571
31 23 2.5351717645925884
31 24 2.428020740521156
31 25 2.324454958494131
31 26 2.2243940811199647
31 27 2.1276753018324306
31 28 2.0342076227820209
31 29 1.9438433965427466
31 30 1.856484678723048
31 31 1.7719970717560098
31 32 1.6902786370127956
31 33 1.6112063571361996
31 34 1.5346765960469355
31 35 1.4605759765133459
31 36 1.3888009038356841
31 37 1.3192460804911881
31 38 1.2518092226407664
31 39 1.1863917523951297
31 40 1.1228935764797883
31 41 1.0612216769465275
31 42 1.0012787116571649
31 43 0.94297624985625916
31 44 0.88622000392859912
31 45 0.83092532318818091
31 46 0.77700107430268428
31 47 0.72436572019273926
31 48 0.67293122362929603
31 49 0.62261860967432858
31 50 0.57334275787514355
31 51 0.52502679286448439
31 52 0.47758825311729186
31 53 0.43095200965049213
31 54 0.38503789261998095
31 55 0.33977167496050809
31 56 0.2950746042229106
31 57 0.25087788970569136
31 58 0.20711825703758321
31 59 0.16370341233751681
31 60 0.12036898655025889
31 61 0.076929570341791237
31 62 0.035233150265711728
31 63 0
32 0 0
32 1 2.6663064837268013
32 2 2.5623802267480817
32 3 2.4441591154062072
32 4 2.3409519098761438
32 5 2.2475103900746922
32 6 2.159079727864528
32 7 2.0753926241898948
32 8 1.9960585937519344
32 9 1.9209988189248894
32 10 1.8495786997179178
32 11 1.7817072620476371
32 12 1.7168763200396986
32 13 1.6550286897965667
32 14 1.5957429465077735
32 15 1.5389794120622795
32 16 1.4843919822581366
32 17 1.4319519496122346
32 18 1.3813764423486876
32 19 1.3326427227866815
32 20 1.2855205490709183
32 21 1.2399899081819554
32 22 1.1958639031153711
32 23 1.153123255248983
32 24 1.1116164272766922
32 25 1.0713237906419621
32 26 1.0321223976909364
32 27 0.99399179795798787
32 28 0.95683196832529249
32 29 0.92062155114235766
32 30 0.88527876405051675
32 31 0.85078147702271745
32 32 0.81706231889586078
32 33 0.78409862555363852
32 34 0.7518343380661866
32 35 0.72024652341028539
32 36 0.68928795103371776
32 37 0.65893566497609235
32 38 0.62914928968473682
32 39 0.59990604895454802
32 40 0.57117086690740815
32 41 0.54292129747065232
32 42 0.51512634725949236
32 43 0.48776399886359711
32 44 0.46080639455112449
32 45 0.4342319981001011
32 46 0.40801535435896424
32 47 0.38213542314603677
32 48 0.35656858618425535
32 49 0.33129428526550458
32 50 0.30629030180423428
32 51 0.28153652370805904
32 52 0.25701180356578851
32 53 0.23269645369296199
32 54 0.20857009507201046
32 55 0.18461305897072819
32 56 0.16080535166155219
32 57 0.13713051790225927
32 58 0.11357623796103963
32 59 0.090109502370355546
32 60 0.066617266627610139
32 61 0.043054842437931937
32 62 0.020267318946498709
32 63 0
33 0 0
33 1 -0.68991933370784575
33 2 -0.69997559166935064
33 3 -0.72038291009252653
33 4 -0.72469367011681596
33 5 -0.71707222732444775
33 6 -0.70356556741687837
33 7 -0.68590264617179397
33 8 -0.66422254683629045
33 9 -0.63949397920054896
33 10 -0.6122276462370474
33 11 -0.58327609175675776
33 12 -0.55296257303052943
33 13 -0.52193556335072644
33 14 -0.49040818877675141
33 15 -0.4588760068994156
33 16 -0.42746838657413844
33 17 -0.39655750110588273
33 18 -0.3662116931579445
33 19 -0.33670568552066155
33 20 -0.30806410437340409
33 21 -0.28048543465857834
33 22 -0.25396365561268103
33 23 -0.2286382217119885
33 24 -0.20448215493183303
33 25 -0.18158963984628637
33 26 -0.15991981753235043
33 27 -0.13953247586357953
33 28 -0.12037797311134586
33 29 -0.10249019703445192
33 30 -0.08581435107488404
33 31 -0.070364995156693561
33 32 -0.05608472980323826
33 33 -0.042973823940499166
33 34 -0.030974048087909607
33 35 -0.02007520789675549
33 36 -0.010219456328970001
33 37 -0.0013890225014998154
33 38 0.0064727487442390718
33 39 0.013389042910232329
33 40 0.019414805171386822
33 41 0.024577027318601539
33 42 0.028928639302387461
33 43 0.032499250979414071
33 44 0.035339629619999507
33 45 0.037481132511974401
33 46 0.038972335569051983
33 47 0.039845712763591737
33 48 0.040147710701756704
33 49 0.039911470711079845
33 50 0.039181441040710981
33 51 0.037991118647148693
33 52 0.036383146649335556
33 53 0.034391186852124493
33 54 0.032056258437005089
33 55 0.029411869716133052
33 56 0.026497817315010722
33 57 0.023349061646089814
33 58 0.02000490005185112
33 59 0.016490997531070604
33 60 0.012846038281832501
33 61 0.0091654592672642133
33 62 0.0052924474947682433
33 63 0
34 0 0
34 1 -4.0217079090969818
34 2 -3.9394191185931109
34 3 -3.8626944941186983
34 4 -3.7694320602915692
34 5 -3.6614150512242003
34 6 -3.5472321034897534
34 7 -3.428853265479602
34 8 -3.3073165849218173
34 9 -3.1833976040455743
34 10 -3.0584961458209325
34 11 -2.9332792332308451
34 12 -2.8087645746696008
34 13 -2.6853791199475605
34 14 -2.5638779123431696
34 15 -2.444526106083531
34 16 -2.3278660701031444
34 17 -2.2140429633143848
34 18 -2.1034310914921686
34 19 -1.9960899635329878
34 20 -1.8922624586225527
34 21 -1.7919483810709476
34 22 -1.6952890738259245
34 23 -1.6022439268481032
34 24 -1.5128768638041574
34 25 -1.4271208481058428
34 26 -1.3449816645461667
34 27 -1.2663757438966476
34 28 -1.191266014658459
34 29 -1.1195591867634123
34 30 -1.051187344333457
34 31 -0.9860520283612344
34 32 -0.92406383533887992
34 33 -0.86512207683890852
34 34 -0.80912307515936788
34 35 -0.75596573458914906
34 36 -0.70553759391961257
34 37 -0.6577382220675716
34 38 -0.61245048523689727
34 39 -0.56957520240662529
34 40 -0.52899357695761151
34 41 -0.49060795971156512
34 42 -0.45430002584035395
34 43 -0.41997375768758821
34 44 -0.38751274498358207
34 45 -0.35682259594218768
34 46 -0.32778971442861354
34 47 -0.30032126884889437
34 48 -0.27430695392774873
34 49 -0.24965539707564502
34 50 -0.22625973581328707
34 51 -0.20402993059204799
34 52 -0.18286245883352364
34 53 -0.16266846437136742
34 54 -0.14334753373338383
34 55 -0.12481186682060125
34 56 -0.10696328144717958
34 57 -0.089714756414552496
34 58 -0.072976345206751086
34 59 -0.056663409307013857
34 60 -0.040586992317461858
34 61 -0.02451201626006376
34 62 -0.009590279424225235
34 63 0
35 0 0
35 1 -7.3091832032828865
35 2 -7.1357993817432517
35 3 -6.9639780633167847
35 4 -6.7745237669816252
35 5 -6.5681670314871061
35 6 -6.3547138313880511
35 7 -6.1375609425777098
35 8 -5.9174996985957575
35 9 -5.696186377994354
35 10 -5.4748939405917696
35 11 -5.255048078652953
35 12 -5.0374801457671738
35 13 -4.8232120150517614
35 14 -4.6127891552663183
35 15 -4.4069402383190424
35 16 -4.2059894723142719
35 17 -4.0104354261989155
35 18 -3.8204361836768634
35 19 -3.6363141853718681
35 20 -3.4581047578506339
35 21 -3.2859971998405784
35 22 -3.1199378528998967
35 23 -2.9600167648773796
35 24 -2.8061172374559131
35 25 -2.6582563610773242
35 26 -2.5162741030334841
35 27 -2.3801347063726643
35 28 -2.2496496158467414
35 29 -2.1247453979286806
35 30 -2.0052159974719594
35 31 -1.8909616003556262
35 32 -1.7817667671008957
35 33 -1.6775136095551841
35 34 -1.5779832015905997
35 35 -1.4830456170466779
35 36 -1.3924826524217155
35 37 -1.3061566797042981
35 38 -1.2238531410161593
35 39 -1.1454297861583917
35 40 -1.0706776432552685
35 41 -0.99945200038812765
35 42 -0.93155065876352916
35 43 -0.86682793733030616
35 44 -0.80508901827921497
35 45 -0.74618825961098312
35 46 -0.68993838667948681
35 47 -0.63619445169716016
35 48 -0.58477654299513171
35 49 -0.53554080197081255
35 50 -0.48831423900226911
35 51 -0.44295428283282462
35 52 -0.39929422096740935
35 53 -0.35719282619714404
35 54 -0.31648893185666288
35 55 -0.27704247193448228
35 56 -0.23869615840437297
35 57 -0.20131238964567905
35 58 -0.16475016421060498
35 59 -0.12886712157857572
35 60 -0.09332529657951158
35 61 -0.057752079904153701
35 62 -0.024279877358263341
35 63 0
36 0 0
36 1 -10.52943728710996
36 2 -10.268160876221986
36 3 -10.003646112225967
36 4 -9.7209771878387947
36 5 -9.418607548723255
36 6 -9.108748605681237
36 7 -8.7950129427392856
36 8 -8.479079064693428
36 9 -8.1624093866735379
36 10 -7.8471560412160706
36 11 -7.5345564927007844
36 12 -7.2261386952913478
36 13 -6.9227013435619913
36 14 -6.6253414107728537
36 15 -6.3345553632905434
36 16 -6.0510945754886469
36 17 -5.775228397985833
36 18 -5.5074373755537689
36 19 -5.2478260876498313
36 20 -4.9966652967778131
36 21 -4.7539426453558775
36 22 -4.5197685689691998
36 23 -4.2940499297066932
36 24 -4.0767764846056105
36 25 -3.8678010295250704
36 26 -3.6670241489006763
36 27 -3.4742638716773118
36 28 -3.2893564389174825
36 29 -3.1120987249955054
36 30 -2.9422820319962719
36 31 -2.7796914346051964
36 32 -2.6240883210713064
36 33 -2.475252211315063
36 34 -2.3329260847125481
36 35 -2.1968879368042464
36 36 -2.0668710212700363
36 37 -1.9426543043514422
36 38 -1.8239677399309886
36 39 -1.7105927250432067
36 40 -1.6022605378925265
36 41 -1.4987557883742471
36 42 -1.3998142693094937
36 43 -1.3052241532159279
36 44 -1.2147278020012244
36 45 -1.1281170304794099
36 46 -1.0451419302288081
36 47 -0.96559786975327522
36 48 -0.88924313354676321
36 49 -0.81587644726011532
36 50 -0.74526421420975442
36 51 -0.677208243474962
36 52 -0.61148256861126105
36 53 -0.5478917702838253
36 54 -0.48621678204346613
36 55 -0.42626431098651307
36 56 -0.36782009832746088
36 57 -0.31069553755947821
36 58 -0.25470009212686728
36 59 -0.19963378131029685
36 60 -0.14501296609527109
36 61 -0.090329328486393592
36 62 -0.038675782013099833
36 63 0
37 0 0
37 1 -13.662657908155149
37 2 -13.316426143004977
37 3 -12.962921210921277
37 4 -12.590066896720014
37 5 -12.195357418066315
37 6 -11.79209329444005
37 7 -11.385246410220898
37 8 -10.976257676220884
37 9 -10.567453476141305
37 10 -10.16085420372235
37 11 -9.758451487253188
37 12 -9.3615847261517509
37 13 -8.9716558169836897
37 14 -8.5895500631774819
37 15 -8.2162435937365181
37 16 -7.8522670859978101
37 17 -7.4982639920652598
37 18 -7.1544954671412793
37 19 -6.821351696197957
37 20 -6.4988921676337688
37 21 -6.1873168382093189
37 22 -5.8865370823318468
37 23 -5.596612153374382
37 24 -5.3173470506096931
37 25 -5.0486985934393509
37 26 -4.7903975857125909
37 27 -4.5423275453379102
37 28 -4.3041696404574044
37 29 -4.0757559419692022
37 30 -3.8567365372818818
37 31 -3.646908213570399
37 32 -3.4459038396869923
37 33 -3.2534967088136821
37 34 -3.069312684974955
37 35 -2.8931100511728229
37 36 -2.7245150510470646
37 37 -2.5632769805780788
37 38 -2.4090276546012919
37 39 -2.2615115988626715
37 40 -2.1203696904023279
37 41 -1.9853445903385587
37 42 -1.85608840932515
37 43 -1.7323439046663549
37 44 -1.613775568543524
37 45 -1.5001275354814738
37 46 -1.391077035282714
37 47 -1.2863703684650076
37 48 -1.1856972491956401
37 49 -1.0888065710530788
37 50 -0.99539981482137141
37 51 -0.90522861913159802
37 52 -0.81800515890141634
37 53 -0.73348379117544782
37 54 -0.65138612025714548
37 55 -0.57146858973234849
37 56 -0.49345934203842984
37 57 -0.41712101575582666
37 58 -0.34221324055779262
37 59 -0.26848045865436215
37 60 -0.19529616992667764
37 61 -0.12202009649539096
37 62 -0.052677883007441272
37 63 0
38 0 0
38 1 -16.686234030877941
38 2 -16.259810237125059
38 3 -15.821353835082524
38 4 -15.362858287197456
38 5 -14.879730344027513
38 6 -14.387464931340908
38 7 -13.89120936874993
38 8 -13.393270428363364
38 9 -12.89578003391774
38 10 -12.401620371777367
38 11 -11.912590839724466
38 12 -11.430729850780244
38 13 -10.957213680963765
38 14 -10.493493957955438
38 15 -10.040311820966487
38 16 -9.5986477376391743
38 17 -9.1689124268880438
38 18 -8.751716275727242
38 19 -8.3472273122340077
38 20 -7.955768658408628
38 21 -7.5773337380811201
38 22 -7.2120257312980671
38 23 -6.8597155571309685
38 24 -6.5203406475644803
38 25 -6.1936884328830724
38 26 -5.8795738522988232
38 27 -5.5777294546505658
38 28 -5.2878819316906629
38 29 -5.0097294631240654
38 30 -4.7429373782282465
38 31 -4.4871838484392184
38 32 -4.242093747170359
38 33 -4.0073350317272363
38 34 -3.7825081883861107
38 35 -3.5672774443391413
38 36 -3.3612310620934176
38 37 -3.1640336818538932
38 38 -2.9752703594039827
38 39 -2.7946086767572287
38 40 -2.6216369710995746
38 41 -2.4560272090244077
38 42 -2.2973754714803429
38 43 -2.1453588378643746
38 44 -1.9995839807449181
38 45 -1.8597333574815311
38 46 -1.7254258025904976
38 47 -1.5963491164274219
38 48 -1.4721348644647456
38 49 -1.3524759557335213
38 50 -1.2370164804690633
38 51 -1.1254540777396105
38 52 -1.0174445611063387
38 53 -0.91268985574352746
38 54 -0.81085632379355599
38 55 -0.71164905406942669
38 56 -0.61474173103532914
38 57 -0.51984784020958907
38 58 -0.42667945142261243
38 59 -0.33492579391555016
38 60 -0.24382285596582651
38 61 -0.15260147360636728
38 62 -0.066186959115542829
38 63 0
39 0 0
39 1 -19.580457256014245
39 2 -19.078355499582113
39 3 -18.560197677707606
39 4 -18.020647183410013
39 5 -17.454297800987238
39 6 -16.877556541350359
39 7 -16.296828504074629
39 8 -15.714195888413309
39 9 -15.13262654711369
39 10 -14.554864141087085
39 11 -13.983452352617123
39 12 -13.420237965840657
39 13 -12.867009693439847
39 14 -12.325004494902897
39 15 -11.795464512917667
39 16 -11.27914582086569
39 17 -10.776861891429446
39 18 -10.288999058646864
39 19 -9.8160431479775472
39 20 -9.3581004940028105
39 21 -8.9154098047367576
39 22 -8.4878691536457573
39 23 -8.0755336909452939
39 24 -7.6781499017727555
39 25 -7.2956387381797754
39 26 -6.9276393978099495
39 27 -6.5739764058098853
39 28 -6.2342159531273431
39 29 -5.9081146261631661
39 30 -5.5951918612299094
39 31 -5.2951574921069149
39 32 -5.0075040702146643
39 33 -4.7319102175223442
39 34 -4.4678564240803924
39 35 -4.215001347550273
39 36 -3.9728242637300899
39 37 -3.7409718980518782
39 38 -3.5189300320359065
39 39 -3.3063391154440089
39 40 -3.102696699768007
39 41 -2.9076408797899731
39 42 -2.7206843161855176
39 43 -2.541465409604164
39 44 -2.3695137646005779
39 45 -2.2044698348987133
39 46 -2.0458808335944423
39 47 -1.8933903473405325
39 48 -1.7465629593076977
39 49 -1.6050459740020289
39 50 -1.4684204164039902
39 51 -1.3363375136083433
39 52 -1.2083932816867327
39 53 -1.0842428352278086
39 54 -0.9634954186381316
39 55 -0.84580903400787832
39 56 -0.73080211250158011
39 57 -0.61814227476902917
39 58 -0.50749366207028257
39 59 -0.39849332177229502
39 60 -0.29024394432751721
39 61 -0.18185304117706558
39 62 -0.079104438952438974
39 63 0
40 0 0
40 1 -22.323155327671682
40 2 -21.751529331331863
40 3 -21.1592086823816
40 4 -20.544583382560447
40 5 -19.900425478386875
40 6 -19.24505340671481
40 7 -18.584993797118234
40 8 -17.923159384441139
40 9 -17.262322858500596
40 10 -16.606060462610174
40 11 -15.956718275464802
40 12 -15.316840166087735
40 13 -14.687985880192768
40 14 -14.071974431750915
40 15 -13.469809124442239
40 16 -12.882723122780373
40 17 -12.311292296652134
40 18 -11.75628614355429
40 19 -11.217962370604745
40 20 -10.696727743112985
40 21 -10.192607648398941
40 22 -9.705728898259423
40 23 -9.2359511118553375
40 24 -8.7831884199633468
40 25 -8.3471852263693318
40 26 -7.9276972087597573
40 27 -7.5243911993748833
40 28 -7.1369077872501858
40 29 -6.764863686789516
40 30 -6.4078187810779408
40 31 -6.0653592543396435
40 32 -5.7369912782879888
40 33 -5.4222841569010569
40 34 -5.120711289166394
40 35 -4.8318343671688266
40 36 -4.5551100051415077
40 37 -4.2900983918070548
40 38 -4.0362513079683833
40 39 -3.7931313203521815
40 40 -3.5601940469120663
40 41 -3.3370067777816881
40 42 -3.1230349842304874
40 43 -2.9178519853899103
40 44 -2.7209369877279097
40 45 -2.5318699490234162
40 46 -2.3501459909683735
40 47 -2.1753518529329732
40 48 -2.0069994090673187
40 49 -1.8446820035705727
40 50 -1.6879280543318995
40 51 -1.5363370990138392
40 52 -1.3894530865806869
40 53 -1.2468812239467055
40 54 -1.108179449650023
40 55 -0.97295710662760015
40 56 -0.84078187915151714
40 57 -0.71127490871347254
40 58 -0.58405570686217168
40 59 -0.45870958962784153
40 60 -0.33421349591667404
40 61 -0.20955583050501433
40 62 -0.091333234555856554
40 63 0
41 0 0
41 1 -24.894767673971081
41 2 -24.259545126169925
41 3 -23.599688185380735
41 4 -22.915998396903145
41 5 -22.200620526624007
41 6 -21.47256583203886
41 7 -20.739481162355098
41 8 -20.004070851382714
41 9 -19.269899207981098
41 10 -18.540395259953392
41 11 -17.818628862970904
41 12 -17.10694817206198
41 13 -16.407530319689354
41 14 -15.721975632596262
41 15 -15.051810169291604
41 16 -14.398037767411394
41 17 -13.761669565826516
41 18 -13.143244814305115
41 19 -12.543377417253957
41 20 -11.962250031548377
41 21 -11.400173926613425
41 22 -10.857062758416726
41 23 -10.33300052414304
41 24 -9.8277021274162539
41 25 -9.3410834132201241
41 26 -8.8727162914672348
41 27 -8.4223941883501734
41 28 -7.9895898268183467
41 29 -7.5740091099327156
41 30 -7.1750596208931583
41 31 -6.7923860145467128
41 32 -6.4253568743445078
41 33 -6.0735751384263788
41 34 -5.7363901615800179
41 35 -5.413377504865923
41 36 -5.1038819584536572
41 37 -4.8074621067700258
41 38 -4.5234687591834399
41 39 -4.2514509732412495
41 40 -3.990772912990316
41 41 -3.7409793705340229
41 42 -3.5014526247021389
41 43 -3.2717368499812873
41 44 -3.0512351692414144
41 45 -2.8394935972429143
41 46 -2.6359372401915793
41 47 -2.4401155269700801
41 48 -2.251475453306627
41 49 -2.0695707697612575
41 50 -1.893869322573777
41 51 -1.7239295730516881
41 52 -1.559238464394513
41 53 -1.399359226087713
41 54 -1.2437956928248508
41 55 -1.0921146055582753
41 56 -0.94383160485703432
41 57 -0.79852604156305595
41 58 -0.65577212757588976
41 59 -0.51510773647868324
41 60 -0.37538947005929163
41 61 -0.23549424467418409
41 62 -0.10277703779357419
41 63 0
42 0 0
42 1 -27.273699246340417
42 2 -26.582204926553224
42 3 -25.861668835091891
42 4 -25.116158137336981
42 5 -24.336325042271344
42 6 -23.542741667856127
42 7 -22.743111039853318
42 8 -21.94091319354601
42 9 -21.139516213625917
42 10 -20.34313516973409
42 11 -19.554635491883648
42 12 -18.777050221008743
42 13 -18.01232312783706
42 14 -17.262647539693386
42 15 -16.529305655631703
42 16 -15.813805289774862
42 17 -15.116913693570719
42 18 -14.439590086966865
42 19 -13.782212601056491
42 20 -13.145306311682413
42 21 -12.528960450047377
42 22 -11.933361008813455
42 23 -11.358387177714622
42 24 -10.803964165902055
42 25 -10.269821986949523
42 26 -9.7556890607711075
42 27 -9.2611923340822653
42 28 -8.7859153250417563
42 29 -8.3294161751766786
42 30 -7.891175204868099
42 31 -7.4707067032448169
42 32 -7.0674209702962445
42 33 -6.6808062371727814
42 34 -6.3102288472150505
42 35 -5.9551633809422375
42 36 -5.6149523736453775
42 37 -5.2890651946881819
42 38 -4.9768358195348741
42 39 -4.6777339837026419
42 40 -4.3910963102599752
42 41 -4.1163964528044499
42 42 -3.8529815776953016
42 43 -3.60033139729661
42 44 -3.3578088239213559
42 45 -3.1249007943995286
42 46 -2.9009890011019857
42 47 -2.6855680953763468
42 48 -2.4780398580693239
42 49 -2.27790666830002
42 50 -2.0845903492065614
42 51 -1.8976006656857505
42 52 -1.7163783910386896
42 53 -1.5404401461435331
42 54 -1.36924384886558
42 55 -1.2023111254684817
42 56 -1.0391119308920587
42 57 -0.87918267204713607
42 58 -0.72205695808741266
42 59 -0.56722551830706514
42 60 -0.41343461530961112
42 61 -0.25945489035465236
42 62 -0.11334179292348072
42 63 0
43 0 0
43 1 -29.44058660974758
43 2 -28.699950892237418
43 3 -27.926523739475666
43 4 -27.126453911047403
43 5 -26.289975542856727
43 6 -25.438100326697302
43 7 -24.579476211712212
43 8 -23.717393250629868
43 9 -22.855944882319108
43 10 -21.999188412542178
43 11 -21.150675712140551
43 12 -20.313238866593721
43 13 -19.489433312596994
43 14 -18.681228516391865
43 15 -17.890445600139941
43 16 -17.118356792661295
43 17 -16.366195722600686
43 18 -15.634683588026064
43 19 -14.924594950638545
43 20 -14.236221623179166
43 21 -13.569983510124729
43 22 -12.925843366856759
43 23 -12.303950674772619
43 24 -11.704020993471968
43 25 -11.126000370993077
43 26 -10.569423282900994
43 27 -10.034084932676903
43 28 -9.5193915474473574
43 29 -9.0250282495447358
43 30 -8.550314769111047
43 31 -8.0948573622775424
43 32 -7.6579218330731251
43 33 -7.2390591984839396
43 34 -6.8375063538549803
43 35 -6.452776764088525
43 36 -6.0840972548639964
43 37 -5.7309568392159207
43 38 -5.3925860865074418
43 39 -5.0684591572362496
43 40 -4.7578201134641498
43 41 -4.4601352136007906
43 42 -4.1746684960665226
43 43 -3.9008832724991196
43 44 -3.6380674382910954
43 45 -3.385684809608636
43 46 -3.1430489637970842
43 47 -2.9096265308981368
43 48 -2.6847569901320236
43 49 -2.4679112166712174
43 50 -2.2584535745585206
43 51 -2.0558599216908191
43 52 -1.85951755275764
43 53 -1.6689075869516847
43 54 -1.4834376779546603
43 55 -1.3025928364386885
43 56 -1.1257950851455589
43 57 -0.95254447288450517
43 58 -0.78233271850479502
43 59 -0.61460933109034777
43 60 -0.44801656952953922
43 61 -0.28122881776242015
43 62 -0.12293426742403556
43 63 0
44 0 0
44 1 -31.374545254872416
44 2 -30.59300253769095
44 3 -29.774637820463699
44 4 -28.928305066643709
44 5 -28.043123426000275
44 6 -27.14125363279938
44 7 -26.231325549367551
44 8 -25.317324889360432
44 9 -24.403147196057006
44 10 -23.493566009197668
44 11 -22.5919204538157
44 12 -21.701698323859127
44 13 -20.825216106619393
44 14 -19.9650357560432
44 15 -19.122728227762494
44 16 -18.30009003655687
44 17 -17.498103151934885
44 18 -16.717943076400054
44 19 -15.960139210312935
44 20 -15.225368572440606
44 21 -14.513818351490201
44 22 -13.825770489531791
44 23 -13.161158260239491
44 24 -12.519955139216401
44 25 -11.901909861062611
44 26 -11.306759435633976
44 27 -10.734121624437359
44 28 -10.18355634635312
44 29 -9.6545910133830439
44 30 -9.1466569700117244
44 31 -8.6592215278547027
44 32 -8.1916266748714239
44 33 -7.7433017266942485
44 34 -7.3135306012468924
44 35 -6.9017204590688053
44 36 -6.5071216991227887
44 37 -6.1291304471907413
44 38 -5.7669824446746381
44 39 -5.4200704125992569
44 40 -5.0876295212522438
44 41 -4.7690541795231614
44 42 -4.4635890979645501
44 43 -4.1706336451235435
44 44 -3.8894489061668169
44 45 -3.6194411828045703
44 46 -3.3598920985238463
44 47 -3.1102159328390533
44 48 -2.8697168635522701
44 49 -2.6378175179751624
44 50 -2.4138449423201624
44 51 -2.197229970579885
44 52 -1.9873215076445259
44 53 -1.783558157326933
44 54 -1.5853087427012642
44 55 -1.3920175905775183
44 56 -1.2030676643175489
44 57 -1.0179205206643229
44 58 -0.83603260072750285
44 59 -0.65681200605908774
44 60 -0.47880980301114889
44 61 -0.30061010892655154
44 62 -0.13146449487414277
44 63 0
45 0 0
45 1 -33.056464722430007
45 2 -32.242095896806049
45 3 -31.387489525620246
45 4 -30.503198351097339
45 5 -29.5781392889869
45 6 -28.634635089690267
45 7 -27.682046759330596
45 8 -26.72418971455059
45 9 -25.765591050535821
45 10 -24.810854252968795
45 11 -23.863944249057663
45 12 -22.928141359448503
45 13 -22.006350343021943
45 14 -21.100902835335731
45 15 -20.213912466471573
45 16 -19.346932485220592
45 17 -18.50143471198583
45 18 -17.678347214109682
45 19 -16.878632533780443
45 20 -16.102723398281469
45 21 -15.351182289381491
45 22 -14.624055754487907
45 23 -13.921595672772414
45 24 -13.243553238223946
45 25 -12.589942047784897
45 26 -11.960292736294008
45 27 -11.354438399680333
45 28 -10.771750038002075
45 29 -10.211925883671944
45 30 -9.6742263390594179
45 31 -9.1582504268649725
45 32 -8.6631868870313937
45 33 -8.1885631006693842
45 34 -7.7335265632830597
45 35 -7.2975541250287348
45 36 -6.8797753282964473
45 37 -6.4796325098822187
45 38 -6.0962546334417764
45 39 -5.729061564487143
45 40 -5.3771941902430171
45 41 -5.0400588665259232
45 42 -4.716816931145229
45 43 -4.4068678129278842
45 44 -4.1093986168378684
45 45 -3.8238065877925176
45 46 -3.5493073517277431
45 47 -3.2852992808193546
45 48 -3.0310272569397041
45 49 -2.7858929644650052
45 50 -2.5491697087092158
45 51 -2.3202637662002474
45 52 -2.0984748394138499
45 53 -1.8832144530348194
45 54 -1.6738058676164393
45 55 -1.4696645499264644
45 56 -1.2701305984181728
45 57 -1.0746362444342747
45 58 -0.88260030639274034
45 59 -0.6933975662087688
45 60 -0.50549476127580728
45 61 -0.3173986380867555
45 62 -0.13884325261812505
45 63 0
46 0 0
46 1 -34.466297184781006
46 2 -33.627951116130603
46 3 -32.745895923224374
46 4 -31.832750595938407
46 5 -30.876726394408337
46 6 -29.900830801569594
46 7 -28.914326469730138
46 8 -27.921614208574155
46 9 -26.9270207365131
46 10 -25.935767099616708
46 11 -24.951595679501796
46 12 -23.978389522418734
46 13 -23.018807542895402
46 14 -22.075754740921063
46 15 -21.151086879348792
46 16 -20.246888335905965
46 17 -19.364369934809663
46 18 -18.504939684861284
46 19 -17.669303791828799
46 20 -16.858318455087534
46 21 -16.072300754226795
46 22 -15.311662212229745
46 23 -14.576424911739561
46 24 -13.866647215354325
46 25 -13.182131629467888
46 26 -12.522660961547256
46 27 -11.887877591947612
46 28 -11.277354035362686
46 29 -10.690618632636649
46 30 -10.127087956229012
46 31 -9.5862114394355071
46 32 -9.0672944559243565
46 33 -8.5697338640141059
46 34 -8.0927601648051386
46 35 -7.6357370452423412
46 36 -7.1978491295829592
46 37 -6.7784409841124491
46 38 -6.376674014802572
46 39 -5.9918836549713648
46 40 -5.6232253208221703
46 41 -5.2700322626798375
46 42 -4.9314665309750438
46 43 -4.6068638968243141
46 44 -4.2954018108120957
46 45 -3.9964216160210015
46 46 -3.7091217397060259
46 47 -3.432850928326121
46 48 -3.1668315647532217
46 49 -2.9104207190657609
46 50 -2.6628656267351802
46 51 -2.4235318988480294
46 52 -2.1916908849624472
46 53 -1.9667165151312114
46 54 -1.7479023333805275
46 55 -1.5346284948636693
46 56 -1.3262045232892319
46 57 -1.122029602977813
46 58 -0.92149417355597651
46 59 -0.72393855821070319
46 60 -0.52776130225516782
46 61 -0.33139822709183109
46 62 -0.14498593975249827
46 63 0
47 0 0
47 1 -35.585248380967521
47 2 -34.731670879886842
47 3 -33.831485298356704
47 4 -32.89859237694747
47 5 -31.92120731038856
47 6 -30.922208470593816
47 7 -29.911338303462724
47 8 -28.892847304902109
47 9 -27.871567779580179
47 10 -26.852536912476118
47 11 -25.840032964703205
47 12 -24.837723658850091
47 13 -23.848808129268424
47 14 -22.875953219956159
47 15 -21.921541501461185
47 16 -20.987404892706529
47 17 -20.075253029951387
47 18 -19.186235364127683
47 19 -18.321518251839279
47 20 -17.481700638121414
47 21 -16.667514081890065
47 22 -15.879120408741812
47 23 -15.116906768208665
47 24 -14.380694304576263
47 25 -13.67060019818391
47 26 -12.986186065646947
47 27 -12.327359787437352
47 28 -11.693490959127081
47 29 -11.084327105488578
47 30 -10.499101240124864
47 31 -9.9374396374520426
47 32 -9.3984836000536163
47 33 -8.8817691147445235
47 34 -8.3863814785531314
47 35 -7.9117907001918049
47 36 -7.457053906460092
47 37 -7.0215940615048718
47 38 -6.6044612693415283
47 39 -6.2050460777467462
47 40 -5.8224070945603081
47 41 -5.4559136518736837
47 42 -5.1046437195498582
47 43 -4.7679538923248073
47 44 -4.4449485322680804
47 45 -4.1349778091482303
47 46 -3.8371764118715266
47 47 -3.5508926647940764
47 48 -3.2752930526817079
47 49 -3.0097272367242645
47 50 -2.7533930340024386
47 51 -2.5056434799943235
47 52 -2.2657057769530065
47 53 -2.0329375488062351
47 54 -1.8065923969030919
47 55 -1.5860315005245242
47 56 -1.3705276182711801
47 57 -1.1594595694248098
47 58 -0.95218540265754248
47 59 -0.74802197015366823
47 60 -0.54530646746371525
47 61 -0.34242022724058752
47 62 -0.14980844064289409
47 63 0
48 0 0
48 1 -36.394223617251612
48 2 -35.534558986111435
48 3 -34.625590371508181
48 4 -33.682589617142334
48 5 -32.693490018474449
48 6 -31.681349431405767
48 7 -30.655728859214801
48 8 -29.62132024039483
48 9 -28.582752119959132
48 10 -27.545547267393815
48 11 -26.513750246058645
48 12 -25.49154851323701
48 13 -24.481887107871525
48 14 -23.487961480785028
48 15 -22.51188716415809
48 16 -21.556013402726474
48 17 -20.621777857878797
48 18 -19.71082003766853
48 19 -18.824036928722023
48 20 -17.96247857706128
48 21 -17.126616366378727
48 22 -16.317016625775405
48 23 -15.533820831889502
48 24 -14.777203995518102
48 25 -14.047056002352738
48 26 -13.343240691779767
48 27 -12.665459474254067
48 28 -12.013333925274337
48 29 -11.386427059123495
48 30 -10.7841768094681
48 31 -10.206046918044738
48 32 -9.651340929036694
48 33 -9.119453411081377
48 34 -8.6095942912831109
48 35 -8.1211117739954535
48 36 -7.6531553314420284
48 37 -7.2050438290708021
48 38 -6.7758926860215656
48 39 -6.3650039412966333
48 40 -5.9714794276326675
48 41 -5.594613396376789
48 42 -5.2335094183735267
48 43 -4.8874603480106247
48 44 -4.5555824276973347
48 45 -4.2371714952373418
48 46 -3.9313637066280598
48 47 -3.6374607334163667
48 48 -3.3546228354688714
48 49 -3.0821591932444239
48 50 -2.8192558815382758
48 51 -2.5652303405367918
48 52 -2.3192941995715821
48 53 -2.0807732927328808
48 54 -1.8489030839983247
48 55 -1.6230158360770293
48 56 -1.4023644686570813
48 57 -1.1863012985106201
48 58 -0.97416484010842375
48 59 -0.76524573607795976
48 60 -0.55784001535970396
48 61 -0.3502809513433735
48 62 -0.15323309229140639
48 63 0
49 0 0
49 1 -36.874815837190255
49 2 -36.018164770812191
49 3 -35.11004572746571
49 4 -34.166578314346445
49 5 -33.175881982543146
49 6 -32.160592211765717
49 7 -31.130464086916209
49 8 -30.090058642843452
49 9 -29.044349054019808
49 10 -27.998659276681217
49 11 -26.95744586185722
49 12 -25.9246718103253
49 13 -24.903743419745435
49 14 -23.897608733322411
49 15 -22.908867610272388
49 16 -21.939606065691923
49 17 -20.991747905194249
49 18 -20.066661169808885
49 19 -19.165713551793196
49 20 -18.289682856891634
49 21 -17.439482651496647
49 22 -16.615413009566566
49 23 -15.818019939582378
49 24 -15.047223851881276
49 25 -14.303275949198948
49 26 -13.585801501475641
49 27 -12.894817506584999
49 28 -12.229726034406495
49 29 -11.590359917097333
49 30 -10.975958404915438
49 31 -10.386211140674913
49 32 -9.8202444426694306
49 33 -9.2776380588103589
49 34 -8.757445858769465
49 35 -8.2591645508311409
49 36 -7.7818077211603711
49 37 -7.3248105471676777
49 38 -6.8871712392355207
49 39 -6.4682805451845065
49 40 -6.0671399650667022
49 41 -5.6831093009319993
49 42 -5.3152067179197262
49 43 -4.9627715907582202
49 44 -4.6248477110433379
49 45 -4.300762109339141
49 46 -3.989589541355254
49 47 -3.6906507680079397
49 48 -3.4030539224027128
49 49 -3.1261179050312098
49 50 -2.8589843210363011
49 51 -2.6009732245264883
49 52 -2.3512579889983587
49 53 -2.1091617902769402
49 54 -1.87388677499711
49 55 -1.6447587174813227
49 56 -1.4210010150937393
49 57 -1.2019569447490597
49 58 -0.98693897080869397
49 59 -0.77522642906372174
49 60 -0.56508024311136285
49 61 -0.354806514301444
49 62 -0.15518219766332161
49 63 0
50 0 0
50 1 -37.008987403268037
50 2 -36.164457747954067
50 3 -35.266785530690008
50 4 -34.332733106181628
50 5 -33.35055899500145
50 6 -32.342546502192413
50 7 -31.318186724755328
50 8 -30.282303418276097
50 9 -29.239661784261354
50 10 -28.195903610021045
50 11 -27.155239523434084
50 12 -26.122034459880052
50 13 -25.09943107148991
50 14 -24.090829401326825
50 15 -23.098551610464924
50 16 -22.125159665474229
50 17 -21.172292716712576
50 18 -20.241796419875641
50 19 -19.334754116877466
50 20 -18.452405025097363
50 21 -17.59538555846374
50 22 -16.764427567340334
50 23 -15.959813071098903
50 24 -15.181855385188873
50 25 -14.430559595612694
50 26 -13.705899531686365
50 27 -13.007667257001687
50 28 -12.335566781842168
50 29 -11.689229110589771
50 30 -11.068149120591512
50 31 -10.471838398982008
50 32 -9.8996348328681059
50 33 -9.3509634947628726
50 34 -8.8250493756334993
50 35 -8.3212566766647882
50 36 -7.8387340969262258
50 37 -7.3768046856011615
50 38 -6.9345705823799015
50 39 -6.5113286443302743
50 40 -6.1061579772402999
50 41 -5.7183404299952754
50 42 -5.3469500859197581
50 43 -4.9912619997338812
50 44 -4.6503584302347445
50 45 -4.3235135248243743
50 46 -4.0098267893963628
50 47 -3.7085755242786567
50 48 -3.4188820827952391
50 49 -3.1400295355582077
50 50 -2.871165818802599
50 51 -2.6115812314527806
50 52 -2.3604497168031999
50 53 -2.1170694429911423
50 54 -1.8806390321415642
50 55 -1.6504628811522979
50 56 -1.4257580546140407
50 57 -1.2058491204759627
50 58 -0.99004029486876755
50 59 -0.7775943807265614
50 60 -0.5667624280016671
50 61 -0.35582910317921751
50 62 -0.15558699437341469
50 63 0
51 0 0
51 1 -36.778796893423127
51 2 -35.955519776146048
51 3 -35.077919356716052
51 4 -34.163169683532445
51 5 -33.199862596648543
51 6 -32.209575341675439
51 7 -31.201679001641363
51 8 -30.180884580457114
51 9 -29.152105674698717
51 10 -28.120769717546573
51 11 -27.091338850852093
51 12 -26.067943339504698
51 13 -25.054072451723343
51 14 -24.052868224930005
51 15 -23.067061916412236
51 16 -22.0989398984403
51 17 -21.150586333862091
51 18 -20.223560643436318
51 19 -19.319404018375028
51 20 -18.439066307300351
51 21 -17.583635705953693
51 22 -16.753558831556081
51 23 -15.949548748015991
51 24 -15.171644131869147
51 25 -14.42024977659446
51 26 -13.695080747033353
51 27 -12.996290586341875
51 28 -12.323344337288722
51 29 -11.676192582353268
51 30 -11.054113570094197
51 31 -10.456895544542203
51 32 -9.8836833584441557
51 33 -9.3341368706684591
51 34 -8.8073117751264292
51 35 -8.3027677483805729
51 36 -7.8195071757173906
51 37 -7.3570128303453703
51 38 -6.9142620992007409
51 39 -6.4906799351587603
51 40 -6.0852403806034694
51 41 -5.6973260840095703
51 42 -5.3259236270472323
51 43 -4.9703858372667726
51 44 -4.6297228096044893
51 45 -4.3032674513792024
51 46 -3.9900602445412741
51 47 -3.6894218708574247
51 48 -3.4004267140687334
51 49 -3.1223890369193725
51 50 -2.8544179408736494
51 51 -2.5958254518659718
51 52 -2.34575408619907
51 53 -2.1035165461943057
51 54 -1.8682859025112888
51 55 -1.6393757732293952
51 56 -1.4159822473651795
51 57 -1.1974351210060445
51 58 -0.98302021159944897
51 59 -0.7720039918014584
51 60 -0.56263188152147126
51 61 -0.35319369054397126
51 62 -0.15437778368581939
51 63 0
52 0 0
52 1 -36.167352335598729
52 2 -35.374066235159006
52 3 -34.526069152401497
52 4 -33.640439227304938
52 5 -32.706309192863003
52 6 -31.744363483022529
52 7 -30.763630656240601
52 8 -29.768872842860347
52 9 -28.764790910598492
52 10 -27.756926774105832
52 11 -26.749483827460864
52 12 -25.746839010757334
52 13 -24.752207306568504
52 14 -23.76906961083008
52 15 -22.799867413775537
52 16 -21.847288054209912
52 17 -20.913116640033849
52 18 -19.999348457269313
52 19 -19.107223324814651
52 20 -18.238138600343209
52 21 -17.392885983019415
52 22 -16.572352297943169
52 23 -15.776965639268093
52 24 -15.007183023647576
52 25 -14.263141408192787
52 26 -13.544941950963707
52 27 -12.852491762390697
52 28 -12.185603150783766
52 29 -11.544004500064542
52 30 -10.927279190715678
52 31 -10.3350189395473
52 32 -9.7666309701063607
52 33 -9.2216044828966375
52 34 -8.6992162177597656
52 35 -8.1988802390458755
52 36 -7.7197815645466088
52 37 -7.2612808068594745
52 38 -6.8225034287314337
52 39 -6.4027735553795058
52 40 -6.0011830997305387
52 41 -5.6170327985339528
52 42 -5.2494013833645221
52 43 -4.8975761609067447
52 44 -4.5606380015672885
52 45 -4.2378681980884805
52 46 -3.9283606534590461
52 47 -3.6313960031468024
52 48 -3.3460882768957729
52 49 -3.071721134750967
52 50 -2.8074326340887188
52 51 -2.552511763835092
52 52 -2.3061218900019624
52 53 -2.0675586159466075
52 54 -1.8360098637186844
52 55 -1.6107767386166039
52 56 -1.3910659526409921
52 57 -1.1761978490225558
52 58 -0.96546438130623069
52 59 -0.75812677972290887
52 60 -0.55245649172007194
52 61 -0.34675256642934271
52 62 -0.15149719285602856
52 63 0
53 0 0
53 1 -35.157264871173332
53 2 -34.402803315888086
53 3 -33.593702079480387
53 4 -32.747024847614853
53 5 -31.852342575716794
53 6 -30.9293711424971
53 7 -29.986685596458795
53 8 -29.02895179395027
53 9 -28.060790298651728
53 10 -27.087513315808511
53 11 -26.113378828894106
53 12 -25.142518211401995
53 13 -24.178340172156691
53 14 -23.224055873853899
53 15 -22.282403347804721
53 16 -21.355780454504302
53 17 -20.446341781231194
53 18 -19.555779710594436
53 19 -18.685748969614931
53 20 -17.837338134250505
53 21 -17.011775327606337
53 22 -16.209640513550493
53 23 -15.431799816317277
53 24 -14.678412613382253
53 25 -13.950039750401917
53 26 -13.24650024301515
53 27 -12.568099261627154
53 28 -11.914387400271709
53 29 -11.285457343781539
53 30 -10.6806546460736
53 31 -10.099896942331354
53 32 -9.5423795283179338
53 33 -9.0078772870736596
53 34 -8.4954816265237465
53 35 -8.0048524034394557
53 36 -7.5350154881248574
53 37 -7.08553937921352
53 38 -6.655415296806332
53 39 -6.2441404505520222
53 40 -5.8506955136084615
53 41 -5.4745232813458662
53 42 -5.1146119533262233
53 43 -4.7703639452295103
53 44 -4.4407878131888863
53 45 -4.1252570983437957
53 46 -3.8228090818778537
53 47 -3.5327976812198325
53 48 -3.2542935551027976
53 49 -2.9866382425243936
53 50 -2.7289374024992146
53 51 -2.4805256581754414
53 52 -2.2405428806397301
53 53 -2.0083207862099766
53 54 -1.7830308585480064
53 55 -1.5640031537067258
53 56 -1.3504334956740831
53 57 -1.1416654258519316
53 58 -0.93698174611033946
53 59 -0.73566581410266374
53 60 -0.53601613763369127
53 61 -0.33637494956649655
53 62 -0.14688556601442471
53 63 0
54 0 0
54 1 -33.732861240808752
54 2 -33.025271650018226
54 3 -32.264214990265799
54 4 -31.465932404454055
54 5 -30.620903539502365
54 6 -29.747421814849421
54 7 -28.853648726285602
54 8 -27.944062036221954
54 9 -27.023064828824786
54 10 -26.095848186956598
54 11 -25.166398628790049
54 12 -24.238901634224408
54 13 -23.316480311076109
54 14 -22.402532558129643
54 15 -21.499493393908743
54 16 -20.610048583631222
54 17 -19.736037610842018
54 18 -18.879511809329287
54 19 -18.041805397730869
54 20 -17.224409713582997
54 21 -16.428234473738481
54 22 -15.65428259219952
54 23 -14.903111270656051
54 24 -14.175303457497744
54 25 -13.471127147830796
54 26 -12.790810178218939
54 27 -12.134386290620677
54 28 -11.501788860935292
54 29 -10.892864448267508
54 30 -10.307307820407216
54 31 -9.7448181506343019
54 32 -9.2049021433104699
54 33 -8.6871448159806661
54 34 -8.1909096788646476
54 35 -7.7156950123676991
54 36 -7.2607601306732343
54 37 -6.8255389430059861
54 38 -6.4092196785003015
54 39 -6.0111899126880557
54 40 -5.6305941679129141
54 41 -5.2667880570740024
54 42 -4.9188943434118952
54 43 -4.5862479657708466
54 44 -4.2679668644202158
54 45 -3.9633740106202295
54 46 -3.6715949472656777
54 47 -3.391947222177409
54 48 -3.1235724441208648
54 49 -2.8657874679424071
54 50 -2.6177550316806983
54 51 -2.3787944964101051
54 52 -2.1480919498852393
54 53 -1.9249712755131838
54 54 -1.7086418714013942
54 55 -1.4984317414406538
54 56 -1.2935686206571573
54 57 -1.0933976249576074
54 58 -0.89722604307688592
54 59 -0.70434517075837133
54 60 -0.51312052790635343
54 61 -0.32193868298997225
54 62 -0.14050014690838197
54 63 0
55 0 0
55 1 -31.877382811074007
55 2 -31.224880854873096
55 3 -30.520511832469339
55 4 -29.780095360718242
55 5 -28.994608948808711
55 6 -28.181147274391506
55 7 -27.347077366408602
55 8 -26.496795434354155
55 9 -25.634369290179308
55 10 -24.764746141059369
55 11 -23.891737080388289
55 12 -23.01927108416006
55 13 -22.150474133700271
55 14 -21.28846196338047
55 15 -20.435813946952937
55 16 -19.594911191197959
55 17 -18.767848370789764
55 18 -17.956355382077177
55 19 -17.1621025389267
55 20 -16.386250563293238
55 21 -15.630098675525089
55 22 -14.894318362262808
55 23 -14.179885451465923
55 24 -13.487058874754153
55 25 -12.816533840966379
55 26 -12.168228968768418
55 27 -11.542597259388238
55 28 -10.939283761646369
55 29 -10.358533773203563
55 30 -9.7997791724941017
55 31 -9.2630885258041715
55 32 -8.7477340227773261
55 33 -8.2536352491688731
55 34 -7.7799509820226929
55 35 -7.3264766117336526
55 36 -6.8922965603372797
55 37 -6.4771040520027086
55 38 -6.0799412210333923
55 39 -5.7004185710241426
55 40 -5.3375614496368282
55 41 -4.9909146471195385
55 42 -4.6595062277460606
55 43 -4.3428299648025739
55 44 -4.0399308051229177
55 45 -3.7502640105208171
55 46 -3.4729009435584617
55 47 -3.2072687904303372
55 48 -2.9524709370197328
55 49 -2.7079149906405857
55 50 -2.4727387186283507
55 51 -2.2463368454892989
55 52 -2.0278812563824538
55 53 -1.8167589487977041
55 54 -1.61217365293102
55 55 -1.4135070867109867
55 56 -1.2199880739164581
55 57 -1.0310075874246341
55 58 -0.84587501392275355
55 59 -0.66392660722090557
55 60 -0.48359088008174383
55 61 -0.30334228526405627
55 62 -0.13229301755241457
55 63 0
56 0 0
56 1 -29.576372009837286
56 2 -28.986015600918392
56 3 -28.346791376927861
56 4 -27.673003192786911
56 5 -26.956858188647047
56 6 -26.213531784292229
56 7 -25.449917438576399
56 8 -24.669965010601711
56 9 -23.877520904022795
56 10 -23.077150063555191
56 11 -22.272380487768871
56 12 -21.466968806580159
56 13 -20.663744113650335
56 14 -19.865818200777571
56 15 -19.075453484415931
56 16 -18.295165640281216
56 17 -17.52671678647247
56 18 -16.772079404851169
56 19 -16.032582072131838
56 20 -15.30970691146908
56 21 -14.604410076261875
56 22 -13.917736424242991
56 23 -13.250325567647907
56 24 -12.602838109676895
56 25 -11.975647580067472
56 26 -11.369082604125479
56 27 -10.783295627924602
56 28 -10.218334018374852
56 29 -9.6741687587244378
56 30 -9.1506142508369024
56 31 -8.6474944693908498
56 32 -8.1644359031776599
56 33 -7.7011451262591022
56 34 -7.2571018355437955
56 35 -6.8319203635760868
56 36 -6.4249702885430624
56 37 -6.0357948511692143
56 38 -5.6636854135113213
56 39 -5.3081317138804769
56 40 -4.9683739043641211
56 41 -4.6438626830278738
56 42 -4.3338091580764244
56 43 -4.0376367218560461
56 44 -3.7545449769603145
56 45 -3.4839393739819968
56 46 -3.2250212550566153
56 47 -2.9771854350989813
56 48 -2.7396443688000773
56 49 -2.5117877557801851
56 50 -2.292845135370607
56 51 -2.0822050589089884
56 52 -1.8791172175937312
56 53 -1.6829717300101488
56 54 -1.4930391407736165
56 55 -1.3087115585751163
56 56 -1.1292764708419463
56 57 -0.95413966017222107
56 58 -0.78265845233042552
56 59 -0.61419251262944186
56 60 -0.44728410379704425
56 61 -0.28049202376222876
56 62 -0.12223836163131888
56 63 0
57 0 0
57 1 -26.81383147384593
57 2 -26.292917439328921
57 3 -25.726533341247347
57 4 -25.128180389545388
57 5 -24.490579201745025
57 6 -23.827518955697904
57 7 -23.144764709464525
57 8 -22.446197926486903
57 9 -21.735057985012041
57 10 -21.01565418409227
57 11 -20.291082840019602
57 12 -19.564834045659342
57 13 -18.839514594242388
57 14 -18.117941702407425
57 15 -17.402330937458114
57 16 -16.694877307228399
57 17 -15.997443014908029
57 18 -15.3116589080736
57 19 -14.639070759334752
57 20 -13.980805768165467
57 21 -13.338125348114472
57 22 -12.711715135437714
57 23 -12.102580891305355
57 24 -11.511028950739602
57 25 -10.937835498988152
57 26 -10.382988507281215
57 27 -9.8470586261298578
57 28 -9.3297736344978262
57 29 -8.8315210783678229
57 30 -8.3518226944520695
57 31 -7.890904027435556
57 32 -7.448129911198385
57 33 -7.0235838285557843
57 34 -6.616517155604587
57 35 -6.2268901519610829
57 36 -5.8538781129563882
57 37 -5.4973357979442685
57 38 -5.156393645245398
57 39 -4.8308174515152835
57 40 -4.5197180316001653
57 41 -4.222787470911654
57 42 -3.9391365644089142
57 43 -3.6683975421110366
57 44 -3.4096956550047088
57 45 -3.1626156394690894
57 46 -2.9263071411183925
57 47 -2.700318198899704
57 48 -2.4838288843235263
57 49 -2.276359737280381
57 50 -2.077124007547372
57 51 -1.8856223449817877
57 52 -1.7011012523890479
57 53 -1.52304765160339
57 54 -1.3507392874216235
57 55 -1.1836530741449716
57 56 -1.0210919515165675
57 57 -0.86253620947826615
57 58 -0.70735909990662671
57 59 -0.55499366436500874
57 60 -0.40408443480433603
57 61 -0.25333071066933077
57 62 -0.11030619190975993
57 63 0
58 0 0
58 1 -23.57721282392966
58 2 -23.131546317751582
58 3 -22.645478044887255
58 4 -22.130354463363272
58 5 -21.580389843987518
58 6 -21.007013140181858
58 7 -20.415469831190517
58 8 -19.808929234437365
58 9 -19.190406972851605
58 10 -18.563553545675955
58 11 -17.931172720218864
58 12 -17.296329000308507
58 13 -16.661321889172225
58 14 -16.028739326414861
58 15 -15.400465868565339
58 16 -14.778638292154044
58 17 -14.164767677363374
58 18 -13.560569712222939
58 19 -12.967225098847937
58 20 -12.386060317689072
58 21 -11.817966003237055
58 22 -11.263913503908338
58 23 -10.724541172252602
58 24 -10.200501243342559
58 25 -9.6922148062958353
58 26 -9.2000523484824015
58 27 -8.7242497752000272
58 28 -8.2649337247622725
58 29 -7.8221839532198052
58 30 -7.3959207672767118
58 31 -6.9860937463030535
58 32 -6.5924530872608047
58 33 -6.2148411712649354
58 34 -5.8528721759415747
58 35 -5.5063014049775392
58 36 -5.1746382753174069
58 37 -4.8575684599254032
58 38 -4.5545245126981362
58 39 -4.2651374569677838
58 40 -3.9887871772175667
58 41 -3.7250627776505785
58 42 -3.4733118040740609
58 43 -3.2330921298057524
58 44 -3.0037354389304078
58 45 -2.7847772140406057
58 46 -2.5755460520019002
58 47 -2.3755622145095363
58 48 -2.1841605455811965
58 49 -2.0008517488973059
58 50 -1.824983149633459
58 51 -1.6560601978344622
58 52 -1.493446224166979
58 53 -1.3366445876435626
58 54 -1.1850358872336346
58 55 -1.0381226024625521
58 56 -0.89529989439356239
58 57 -0.75607912228298102
58 58 -0.61991142982175551
58 59 -0.48627179741283139
58 60 -0.35397168459891731
58 61 -0.22184039508141112
58 62 -0.09651028192574912
58 63 0
59 0 0
59 1 -19.852226512303353
59 2 -19.487914550897017
59 3 -19.088638306499995
59 4 -18.664595331952093
59 5 -18.210489185535749
59 6 -17.736227864793321
59 7 -17.245615603508643
59 8 -16.741766220650348
59 9 -16.226810678198987
59 10 -15.704137005116888
59 11 -15.175843819707829
59 12 -14.644722239064004
59 13 -14.112596064646425
59 14 -13.581748156438877
59 15 -13.053788999814202
59 16 -12.530519279500052
59 17 -12.013354273800637
59 18 -11.503647083339796
59 19 -11.002634064133764
59 20 -10.511260374586799
59 21 -10.03059572785693
59 22 -9.5612210989996242
59 23 -9.1040493876975077
59 24 -8.6593438249724812
59 25 -8.2278688692788595
59 26 -7.8096175218621653
59 27 -7.4052135462639628
59 28 -7.014426701225891
59 29 -6.6377478008260047
59 30 -6.2747683602270721
59 31 -5.9258544142452036
59 32 -5.5904610204846037
59 33 -5.2688382645924543
59 34 -4.9603423876456691
59 35 -4.6651170798647135
59 36 -4.3824526423818488
59 37 -4.1123965675667504
59 38 -3.8542010125364095
59 39 -3.6078279240577058
59 40 -3.3725139859593005
59 41 -3.1481464452757661
59 42 -2.933964238907913
59 43 -2.7297906580440752
59 44 -2.534880027110213
59 45 -2.3490020273942509
59 46 -2.1714353824233039
59 47 -2.0019058440634381
59 48 -1.8397219578777426
59 49 -1.6845743444357311
59 50 -1.5358037602123547
59 51 -1.3930734545991885
59 52 -1.2557562934451105
59 53 -1.1234948545100238
59 54 -0.99569205637099312
59 55 -0.87197464504555511
59 56 -0.75177026656554968
59 57 -0.63470144974457254
59 58 -0.5202521199826059
59 59 -0.40800650991455545
59 60 -0.29692056081487744
59 61 -0.18602617220693612
59 62 -0.08084470446127473
59 63 0
60 0 0
60 1 -15.622190897870654
60 2 -15.343560170568157
60 3 -15.037299485457057
60 4 -14.710896449718208
60 5 -14.360743760263786
60 6 -13.994027868818185
60 7 -13.613999551113631
60 8 -13.222803698586315
60 9 -12.822345234939721
60 10 -12.415077360771889
60 11 -12.002798510667239
60 12 -11.587606880902271
60 13 -11.171009583917654
60 14 -10.754809120725151
60 15 -10.340271355876441
60 16 -9.9289113769302713
60 17 -9.5217745675944538
60 18 -9.1201007423607869
60 19 -8.7247369277264646
60 20 -8.3366621570139809
60 21 -7.9565459581750249
60 22 -7.5851238085528738
60 23 -7.2229075522216908
60 24 -6.8704089653275062
60 25 -6.5280008571302943
60 26 -6.1959933827643754
60 27 -5.8746376994240075
60 28 -5.564066031074745
60 29 -5.264423922673771
60 30 -4.975690226609828
60 31 -4.6979195390568016
60 32 -4.4309619861203267
60 33 -4.174794512142018
60 34 -3.9291624881146205
60 35 -3.693977181813783
60 36 -3.4689018252594259
60 37 -3.2537927304330356
60 38 -3.0482516887652258
60 39 -2.852089599407102
60 40 -2.6648651727162198
60 41 -2.4863523358436219
60 42 -2.3160824676815026
60 43 -2.1537999300559667
60 44 -1.9990217845867835
60 45 -1.8514692581083259
60 46 -1.7106553790518206
60 47 -1.5762837421879654
60 48 -1.4478710112494528
60 49 -1.3251077687899975
60 50 -1.2075195648159749
60 51 -1.0947877486551916
60 52 -0.98644984893414089
60 53 -0.88218101559511031
60 54 -0.78153200721450977
60 55 -0.6841735133743394
60 56 -0.58966787047207203
60 57 -0.49768845772286863
60 58 -0.40783588536353982
60 59 -0.31975838401139833
60 60 -0.23264065940285361
60 61 -0.14569667641619086
60 62 -0.06325446283693309
60 63 0
61 0 0
61 1 -10.852959531100698
61 2 -10.66468965253009
61 3 -10.456503014150456
61 4 -10.23441998844298
61 5 -9.9952754699620794
61 6 -9.7446388353498268
61 7 -9.4840601278444634
61 8 -9.2156261268604123
61 9 -8.9401058520146996
61 10 -8.659674745698803
61 11 -8.3751659144677166
61 12 -8.0883874312068045
61 13 -7.8001161485044435
61 14 -7.5118283331842699
61 15 -7.224275290197343
61 16 -6.9386093177076376
61 17 -6.6555610877191569
61 18 -6.3759751741849939
61 19 -6.1005624607110329
61 20 -5.8298823894467313
61 21 -5.5646223788917792
61 22 -5.3050846652400958
61 23 -5.0519265681551211
61 24 -4.8052249517328383
61 25 -4.5655987628832522
61 26 -4.3329336399206122
61 27 -4.1078014507747795
61 28 -3.8899314599757231
61 29 -3.6798403369949089
61 30 -3.4771350441061095
61 31 -3.2822703098548063
61 32 -3.0947628175969744
61 33 -2.915000528687429
61 34 -2.742438834534406
61 35 -2.5773963072925805
61 36 -2.4192923147673384
61 37 -2.2683756790568288
61 38 -2.124050913697459
61 39 -1.9864988527408893
61 40 -1.8551261191564568
61 41 -1.7300491568969152
61 42 -1.6106895787765041
61 43 -1.4971044882751177
61 44 -1.3887395824482827
61 45 -1.285598694703022
61 46 -1.1871573304322114
61 47 -1.0933727122373296
61 48 -1.0037529884243823
61 49 -0.91821562366206089
61 50 -0.8363018534902783
61 51 -0.75789609810143754
61 52 -0.68257121740820925
61 53 -0.61018494165983117
61 54 -0.54033884068556048
61 55 -0.47286937248599731
61 56 -0.40740189085937695
61 57 -0.34376050866500502
61 58 -0.28160896047440293
61 59 -0.22074396521019138
61 60 -0.16055172718195115
61 61 -0.10051951960689039
61 62 -0.043588509849610622
61 63 0
62 0 0
62 1 -5.555058109159555
62 2 -5.4597720755819612
62 3 -5.3544856138323089
62 4 -5.2418079795111181
62 5 -5.1205774824087626
62 6 -4.9931737414333757
62 7 -4.8607700319224012
62 8 -4.7240670666102487
62 9 -4.5837846600004513
62 10 -4.4407395842271766
62 11 -4.2956142781069477
62 12 -4.1491171320995921
62 13 -4.0018280996911679
62 14 -3.8543660194531948
62 15 -3.7072231164799438
62 16 -3.5609301787290315
62 17 -3.415896924363059
62 18 -3.2725687509056929
62 19 -3.1312789857745051
62 20 -2.9923910094717878
62 21 -2.8561679131800788
62 22 -2.7228953296840861
62 23 -2.5927723910236793
62 24 -2.466012166066625
62 25 -2.3427561701398671
62 26 -2.2231509182990821
62 27 -2.1072866423246057
62 28 -1.9952499736465907
62 29 -1.8870860972330199
62 30 -1.78282887532018
62 31 -1.6824844984155072
62 32 -1.5860413790108936
62 33 -1.4934724987707648
62 34 -1.4047281048352549
62 35 -1.3197534159091833
62 36 -1.2384675404469023
62 37 -1.1607929786360838
62 38 -1.08662427737797
62 39 -1.0158658118187112
62 40 -0.94839354255459363
62 41 -0.88409782519712121
62 42 -0.82284129853173404
62 43 -0.76450389178088041
62 44 -0.70893941035400831
62 45 -0.65602042603859756
62 46 -0.60559559847096844
62 47 -0.55753268732805761
62 48 -0.51167810381820866
62 49 -0.46789682989441655
62 50 -0.42603517476970743
62 51 -0.38595688935062561
62 52 -0.3475096387318834
62 53 -0.31055705181552029
62 54 -0.27494900533263189
62 55 -0.24054951133946958
62 56 -0.2072105248946994
62 57 -0.174798677565389
62 58 -0.14317772309704843
62 59 -0.11220709516186771
62 60 -0.08160442749949498
62 61 -0.051075599116901724
62 62 -0.022141932610312783
62 63 0
63 0 0
63 1 0
63 2 0
63 3 0
63 4 0
63 5 0
63 6 0
63 7 0
63 8 0
63 9 0
63 10 0
63 11 0
63 12 0
63 13 0
63 14 0
63 15 0
63 16 0
63 17 0
63 18 0
63 19 0
63 20 0
63 21 0
63 22 0
63 23 0
63 24 0
63 25 0
63 26 0
63 27 0
63 28 0
63 29 0
63 30 0
63 31 0
63 32 0
63 33 0
63 34 0
63 35 0
63 36 0
63 37 0
63 38 0
63 39 0
63 40 0
63 41 0
63 42 0
63 43 0
63 44 0
63 45 0
63 46 0
63 47 0
63 48 0
63 49 0
63 50 0
63 51 0
63 52 0
63 53 0
63 54 0
63 55 0
63 56 0
63 57 0
63 58 0
63 59 0
63 60 0
63 61 0
63 62 0
63 63 0
