0 0 0
0 1 0
0 2 0
0 3 0
0 4 0
0 5 0
0 6 0
0 7 0
0 8 0
0 9 0
0 10 0
0 11 0
0 12 0
0 13 0
0 14 0
0 15 0
0 16 0
0 17 0
0 18 0
0 19 0
0 20 0
0 21 0
0 22 0
0 23 0
0 24 0
0 25 0
0 26 0
0 27 0
0 28 0
0 29 0
0 30 0
0 31 0
0 32 0
0 33 0
0 34 0
0 35 0
0 36 0
0 37 0
0 38 0
0 39 0
0 40 0
0 41 0
0 42 0
0 43 0
0 44 0
0 45 0
0 46 0
0 47 0
0 48 0
0 49 0
0 50 0
0 51 0
0 52 0
0 53 0
0 54 0
0 55 0
0 56 0
0 57 0
0 58 0
0 59 0
0 60 0
0 61 0
0 62 0
0 63 0
1 0 0
1 1 4.72160097371329
1 2 4.6816511672518555
1 3 4.6353966305706082
1 4 4.5818112169761447
1 5 4.5211895100090214
1 6 4.454800637994337
1 7 4.3831743336019215
1 8 4.3067480936412679
1 9 4.2259821015370411
1 10 4.1413597862031128
1 11 4.0533068920246453
1 12 3.9622637630362023
1 13 3.8686169780939403
1 14 3.7727699424815291
1 15 3.6750704536555481
1 16 3.5758839881770759
1 17 3.4755204290737742
1 18 3.3743074048642798
1 19 3.2725179741113917
1 20 3.1704422148251976
1 21 3.0683176894365976
1 22 2.9663975346637459
1 23 2.8648853345712939
1 24 2.763998184590795
1 25 2.6639073606244494
1 26 2.5647950970770474
1 27 2.4668021519554064
1 28 2.3700773408434075
1 29 2.2747327842722376
1 30 2.1808855575406332
1 31 2.0886210862141614
1 32 1.9980265873302994
1 33 1.9091627696328848
1 34 1.8220890385390851
1 35 1.7368433750093888
1 36 1.653459541001794
1 37 1.5719547668785299
1 38 1.4923394156368537
1 39 1.4146119119566807
1 40 1.3387614956798612
1 41 1.2647696807019908
1 42 1.1926068480941445
1 43 1.1222394310638233
1 44 1.053621166365899
1 45 0.9867051602307495
1 46 0.92143063691530203
1 47 0.85773904478095919
1 48 0.79555711906985549
1 49 0.73481623007264507
1 50 0.67543252110772967
1 51 0.61732877256313501
1 52 0.56041229735387088
1 53 0.50459870273384333
1 54 0.44978811346268782
1 55 0.39589004957742174
1 56 0.34279824426590066
1 57 0.29041983377565816
1 58 0.23865877253104556
1 59 0.18740997637385945
1 60 0.13633351942264718
1 61 0.085015748727096566
1 62 0.036230090586546138
1 63 0
2 0 0
2 1 9.2360467861976421
2 2 9.1571116082882433
2 3 9.0655991650922818
2 4 8.9599343011716872
2 5 8.8402441495890152
2 6 8.7095080030130561
2 7 8.5683428028088908
2 8 8.4180276235385776
2 9 8.2590816506290796
2 10 8.0928255420159676
2 11 7.9197587343127669
2 12 7.7410608256626778
2 13 7.5572081354215168
2 14 7.3692473378078498
2 15 7.1776362825353868
2 16 6.9832845287704712
2 17 6.7866351126928661
2 18 6.5884603075878854
2 19 6.3891905546359151
2 20 6.1894628984443569
2 21 5.9896961372936444
2 22 5.7903963843564652
2 23 5.5919705807942917
2 24 5.3948001675611117
2 25 5.1992790208057631
2 26 5.0056718314568895
2 27 4.8143574248989962
2 28 4.6254929888647718
2 29 4.4394397731321105
2 30 4.2562576737779541
2 31 4.0762875458362071
2 32 3.8995028040045203
2 33 3.7262210311740045
2 34 3.5563402132612936
2 35 3.390151940713888
2 36 3.227489732872205
2 37 3.0686168103225011
2 38 2.9133128004505378
2 39 2.7618106698225775
2 40 2.6138460882076218
2 41 2.4696204893136433
2 42 2.3288346770160362
2 43 2.1916579521443196
2 44 2.0577643526650529
2 45 1.9272911622484798
2 46 1.7998926653565861
2 47 1.6756749640137616
2 48 1.5542784692029965
2 49 1.4357796327817149
2 50 1.3198097417959307
2 51 1.2064177768695492
2 52 1.0952295651326167
2 53 0.98626941449285122
2 54 0.8791603851067612
2 55 0.77390493203424904
2 56 0.67012373774968803
2 57 0.56780595475471474
2 58 0.46660079246514802
2 59 0.36646624314812426
2 60 0.26657952629191434
2 61 0.16629240193420436
2 62 0.070874591588179076
2 63 0
3 0 0
3 1 13.320390491663341
3 2 13.203475640734526
3 3 13.068846283666749
3 4 12.913439857174755
3 5 12.738034311444252
3 6 12.54646291586247
3 7 12.340190004854477
3 8 12.120569663801575
3 9 11.888858338293334
3 10 11.646532955300087
3 11 11.39474824718878
3 12 11.134840892786306
3 13 10.867852292300471
3 14 10.594997320692418
3 15 10.317207177520388
3 16 10.03557244674545
3 17 9.7509185390391337
3 18 9.464212623930905
3 19 9.1761792009915535
3 20 8.8876637287665172
3 21 8.5992951506881692
3 22 8.3117999979037158
3 23 8.0257173101447759
3 24 7.7416584612152741
3 25 7.4600784018829227
3 26 7.1814780402683365
3 27 6.9062341050536986
3 28 6.6347425636233499
3 29 6.367307751130701
3 30 6.10422694280496
3 31 5.8457377978549605
3 32 5.5920457413762934
3 33 5.3433273068343068
3 34 5.0997033579876536
3 35 4.8612946440076605
3 36 4.6281450456554873
3 37 4.400324632937636
3 38 4.1778080106476034
3 39 3.9606194232323371
3 40 3.748671878037301
3 41 3.5419483915317831
3 42 3.3403078770678301
3 43 3.143696469075377
3 44 2.9519261856438685
3 45 2.764910384831369
3 46 2.582420975871548
3 47 2.4043424223723653
3 48 2.2304128171446052
3 49 2.0604914076809142
3 50 1.8942882151600116
3 51 1.7316407647527501
3 52 1.5722361809541066
3 53 1.4158936506820217
3 54 1.2622820627262163
3 55 1.1112048018191971
3 56 0.96231461362303228
3 57 0.81540922609945987
3 58 0.67017210964249518
3 59 0.52636615016374122
3 60 0.38298632086868223
3 61 0.23893856037465588
3 62 0.10197007756251376
3 63 0
4 0 0
4 1 16.967342639315838
4 2 16.814352085812907
4 3 16.638703098627577
4 4 16.436609172946184
4 5 16.20879420709996
4 6 15.960570397300458
4 7 15.693595147160686
4 8 15.409866954077193
4 9 15.110803330595431
4 10 14.798516938537507
4 11 14.474330375793492
4 12 14.140121433777956
4 13 13.797105539780565
4 14 13.446949499823301
4 15 13.090767233007634
4 16 12.730012546947606
4 17 12.365703649955265
4 18 11.999085289519767
4 19 11.631084955348072
4 20 11.262744666843989
4 21 10.894905577869121
4 22 10.528415774985728
4 23 10.164033836324572
4 24 9.8024247598866054
4 25 9.4442677576176415
4 26 9.0900572472514192
4 27 8.7403958490431783
4 28 8.3956211648647354
4 29 8.0562616995069494
4 30 7.7225128459540331
4 31 7.3948313138464101
4 32 7.0732853301727685
4 33 6.7582621091635788
4 34 6.4497178043237247
4 35 6.1479725329683959
4 36 5.8528851636520738
4 37 5.5647113115084919
4 38 5.2832267341190695
4 39 5.0086254080354751
4 40 4.7406132794345792
4 41 4.4793258659129558
4 42 4.2244115231128667
4 43 3.9759508283923721
4 44 3.7335455423186485
4 45 3.4972251616326728
4 46 3.2665545321917571
4 47 3.041516255055035
4 48 2.821646591319908
4 49 2.6068857281823892
4 50 2.3967483356563442
4 51 2.1911369246741317
4 52 1.9895502928122464
4 53 1.7918582930264744
4 54 1.5975484560698483
4 55 1.4064622557583955
4 56 1.218076913148223
4 57 1.0322198494921468
4 58 0.84841573533376824
4 59 0.66644160031853861
4 60 0.48495286395449788
4 61 0.30264516146591547
4 62 0.12926212289757921
4 63 0
5 0 0
5 1 20.205391127693524
5 2 20.017896083048161
5 3 19.803782444269444
5 4 19.557855723330245
5 5 19.281407893097487
5 6 18.980550250440768
5 7 18.657684532383463
5 8 18.314884647184964
5 9 17.954197797342861
5 10 17.577888810285764
5 11 17.1878238731219
5 12 16.786034151405964
5 13 16.374186821148552
5 14 15.954112395749764
5 15 15.527285655073461
5 16 15.095335651623289
5 17 14.659553678076009
5 18 14.221371905971793
5 19 13.781907949190799
5 20 13.342402839587324
5 21 12.903811165411396
5 22 12.467190033305043
5 23 12.033342152814285
5 24 11.603149163484051
5 25 11.177273267300761
5 26 10.756430176117298
5 27 10.341152958916759
5 28 9.9320018416099867
5 29 9.5293919566729492
5 30 9.1337391959791567
5 31 8.745351627893406
5 32 8.3645124670979705
5 33 7.991433152158919
5 34 7.6262761687207616
5 35 7.2691662371797214
5 36 6.9201571383171245
5 37 6.5792962054884656
5 38 6.2465404057294398
5 39 5.9218684022065924
5 40 5.6051519113923352
5 41 5.2963090161476352
5 42 4.995137244348208
5 43 4.7015015667655424
5 44 4.4151357380186358
5 45 4.1358584835176213
5 46 3.8633494406047171
5 47 3.5973873866195811
5 48 3.3376066614154345
5 49 3.0837518635362522
5 50 2.8354199788819425
5 51 2.5923267117323658
5 52 2.3540387617671383
5 53 2.1202478716019471
5 54 1.8904967575833003
5 55 1.664456664857612
5 56 1.4416487524488735
5 57 1.2217388216272604
5 58 1.004297010905564
5 59 0.78893712394432813
5 60 0.57419050855375353
5 61 0.35840578217396851
5 62 0.15324368946119118
5 63 0
6 0 0
6 1 23.049460530295683
6 2 22.829800098822435
6 3 22.579748888289338
6 4 22.293423410560791
6 5 21.972067025006798
6 6 21.623092845261446
6 7 21.249090227534111
6 8 20.852664598479841
6 9 20.436022498503906
6 10 20.001941584996633
6 11 19.552455013802462
6 12 19.090012102224094
6 13 18.616453376697411
6 14 18.133940031391091
6 15 17.644128410498489
6 16 17.148893637352323
6 17 16.649717583298415
6 18 16.148199075548288
6 19 15.645655004515211
6 20 15.14342013673496
6 21 14.642655788073359
6 22 14.144447415634968
6 23 13.6498099012473
6 24 13.159596072855898
6 25 12.674683185517196
6 26 12.195709550339487
6 27 11.723423260626463
6 28 11.258267163680392
6 29 10.80086833819729
6 30 10.351493691029599
6 31 9.9106571574148461
6 32 9.47846925621214
6 33 9.0553384215247288
6 34 8.6412379634928822
6 35 8.2364782728386032
6 36 7.8409139026500245
6 37 7.4547645097273216
6 38 7.0777833147371707
6 39 6.7101064275334457
6 40 6.3514018943238852
6 41 6.0017293573723629
6 42 5.6606864021315069
6 43 5.3282631799717812
6 44 5.0039999692547852
6 45 4.6878243016423733
6 46 4.3792306856286611
6 47 4.0780907908788189
6 48 3.7838632756398667
6 49 3.4963705819950359
6 50 3.2150438678218847
6 51 2.9396628440281969
6 52 2.66963804329021
6 53 2.4047128900075383
6 54 2.144282909443834
6 55 1.8880602832917994
6 56 1.6354264138146746
6 57 1.3860808446038608
6 58 1.1394693318557394
6 59 0.89522614879581353
6 60 0.65161955860909371
6 61 0.40685448529368712
6 62 0.17410522016958277
6 63 0
7 0 0
7 1 25.511448280744489
7 2 25.261672199726053
7 3 24.978614952374546
7 4 24.655174004287126
7 5 24.293049517850928
7 6 23.90037112567498
7 7 23.480342304645337
7 8 23.035648807280555
7 9 22.568996846803362
7 10 22.083314100576487
7 11 21.581047673865939
7 12 21.064799561984948
7 13 20.53673550937442
7 14 19.999179597212649
7 15 19.454027874246041
7 16 18.903329130524213
7 17 18.34872456564996
7 18 17.791997535226226
7 19 17.234550441688665
7 20 16.67791247024023
7 21 16.123264296689261
7 22 15.571893897217162
7 23 15.024777758322013
7 24 14.482976900742116
7 25 13.94728120599502
7 26 13.418539997411649
7 27 12.897373848033858
7 28 12.384436362913137
7 29 11.880195550203316
7 30 11.385125720943517
7 31 10.899558305791379
7 32 10.423804920671099
7 33 9.9580755012310149
7 34 9.5025354798817769
7 35 9.057287374480504
7 36 8.6223666103397214
7 37 8.19778130152568
7 38 7.7834524801584051
7 39 7.3793057859160847
7 40 6.9851627089213029
7 41 6.6008772686593344
7 42 6.2261853344800118
7 43 5.8608791191717309
7 44 5.5046217328233187
7 45 5.1571524085991545
7 46 4.8180732099434112
7 47 4.4870783001886592
7 48 4.1637192127226088
7 49 3.8476521136089485
7 50 3.5383873206978822
7 51 3.2355493189229914
7 52 2.9386153615542865
7 53 2.6471840064725356
7 54 2.3607066007231365
7 55 2.0787595556666054
7 56 1.8007705509394181
7 57 1.5263124501493985
7 58 1.2548778019203022
7 59 0.98597418399393777
7 60 0.71778742770038939
7 61 0.44826742846790002
7 62 0.19202002054046957
7 63 0
8 0 0
8 1 27.602459854441641
8 2 27.325269790464567
8 3 27.012112756764044
8 4 26.655309534739487
8 5 26.256511331049452
8 6 25.824923143450619
8 7 25.363925824282592
8 8 24.87661022242149
8 9 24.365836808683646
8 10 23.834911364652328
8 11 23.286444173210732
8 12 22.723325627284183
8 13 22.147891841262407
8 14 21.562674087574482
8 15 20.969747014015248
8 16 20.371290241736396
8 17 19.769131919072343
8 18 19.165116656515316
8 19 18.560841342003354
8 20 17.957834583349328
8 21 17.357477514021546
8 22 16.76100410414406
8 23 16.169595121404623
8 24 15.584212852663503
8 25 15.00585274113701
8 26 14.435229325577557
8 27 13.873167275280172
8 28 13.3201577324804
8 29 12.776868566829865
8 30 12.243591783110729
8 31 11.720851803840572
8 32 11.208765211015308
8 33 10.707725691382496
8 34 10.217697183652149
8 35 9.7389547060798396
8 36 9.2713310723027877
8 37 8.8149940622043186
8 38 8.3696653620873498
8 39 7.9354163190741147
8 40 7.5118757776536471
8 41 7.0990288493473104
8 42 6.6964279844089578
8 43 6.3039816659692542
8 44 5.9211804967320401
8 45 5.5478653696195881
8 46 5.183477680603052
8 47 4.8277992254579072
8 48 4.4802329755125561
8 49 4.1405096054848443
8 50 3.8080026771651361
8 51 3.4823992295170454
8 52 3.1630507978957514
8 53 2.8496079315293832
8 54 2.5414061598750179
8 55 2.2380647519821326
8 56 1.9389037012561245
8 57 1.64353254065292
8 58 1.351349576759707
8 59 1.0618879899052376
8 60 0.77313913451428851
8 61 0.48296680485687699
8 62 0.20705375572527163
8 63 0
9 0 0
9 1 29.335547882727671
9 2 29.033403650977974
9 3 28.693369927476347
9 4 28.306828413149454
9 5 27.875756998789495
9 6 27.409960573944392
9 7 26.913289224178399
9 8 26.388915612713447
9 9 25.840060842841776
9 10 25.270173356327227
9 11 24.682143076706719
9 12 24.079008256924727
9 13 23.463303267930645
9 14 22.837718129452927
9 15 22.204449416620683
9 16 21.565846265349361
9 17 20.923789023382771
9 18 20.280302034626985
9 19 19.636972332152254
9 20 18.99551707077147
9 21 18.357253869296862
9 22 17.723612016017686
9 23 17.095663847419896
9 24 16.474571232531428
9 25 15.861185024211775
9 26 15.256420825310183
9 27 14.660931035551467
9 28 14.075406468738342
9 29 13.500323005833838
9 30 12.936168128689108
9 31 12.383261802817124
9 32 11.841909302579294
9 33 11.312293795165498
9 34 10.794558857603311
9 35 10.28876840275816
9 36 9.7949239573276277
9 37 9.3129861211115106
9 38 8.8428329414272291
9 39 8.3843360610287689
9 40 7.9372673690746858
9 41 7.5014223770802184
9 42 7.0764827558108365
9 43 6.662179264849879
9 44 6.2581178268093236
9 45 5.8639744866117898
9 46 5.4792923754750786
9 47 5.1037016372062389
9 48 4.7366940543370966
9 49 4.3778615861850216
9 50 4.0266546351388612
9 51 3.6826337187916609
9 52 3.345216437151207
9 53 3.0139378866371804
9 54 2.6881902789534706
9 55 2.3674869557358948
9 56 2.0511964713326267
9 57 1.7388313759947462
9 58 1.4298378964641738
9 59 1.1236535098323313
9 60 0.8182261008904036
9 61 0.51124365942162697
9 62 0.21937689116164769
9 63 0
10 0 0
10 1 30.722971534490181
10 2 30.398853830895458
10 3 30.035146375255628
10 4 29.622839516428858
10 5 29.163855346932145
10 6 28.668808165741613
10 7 28.14170882755306
10 8 27.586000897461883
10 9 27.005050384746365
10 10 26.402543440875004
10 11 25.78152588291649
10 12 25.145193377020771
10 13 24.496244957777378
10 14 23.83745691449505
10 15 23.171199411900258
10 16 22.499843019338726
10 17 21.825449958840839
10 18 21.150008922489203
10 19 20.475295727827532
10 20 19.802943133224389
10 21 19.134462516767229
10 22 18.471158643349511
10 23 17.814300246886077
10 24 17.164893102486882
10 25 16.523984532242096
10 26 15.892310685942521
10 27 15.270717874857773
10 28 14.659701735162109
10 29 14.059926959342064
10 30 13.471677008688109
10 31 12.895453231357912
10 32 12.331354046091526
10 33 11.779734556287298
10 34 11.240533713901156
10 35 10.713976283010863
10 36 10.199865497802517
10 37 9.6983105031329639
10 38 9.2090005437711344
10 39 8.7319427094673969
10 40 8.2667318410558224
10 41 7.8132854257244295
10 42 7.3711212869114533
10 43 6.9400787057239031
10 44 6.5196136794033395
10 45 6.1094976872087603
10 46 5.7091379521978034
10 47 5.3182476339772231
10 48 4.9361961955687228
10 49 4.5626471128844761
10 50 4.1969412032253928
10 51 3.8387001210075886
10 52 3.4872434263163741
10 53 3.1421582526989194
10 54 2.8027488775421556
10 55 2.468572880388558
10 56 2.1389191305262765
10 57 1.8133389961431867
10 58 1.4912102178331488
10 59 1.1720001637385935
10 60 0.85352359225290331
10 61 0.53343231473760222
10 62 0.2290754303601511
10 63 0
11 0 0
11 1 31.778206379479087
11 2 31.434906015897337
11 3 31.050949370641138
11 4 30.61674550322461
11 5 30.134399140086053
11 6 29.614980109945922
11 7 29.062812801524693
11 8 28.481421615016508
11 9 27.874388753440726
11 10 27.245531940622612
11 11 26.598041054002593
11 12 25.935252040054067
11 13 25.259937717031626
11 14 24.575026875267206
11 15 23.882899540245912
11 16 23.186090122981245
11 17 22.486614234992729
11 18 21.78663449795809
11 19 21.08783178821891
11 20 20.392020986708197
11 21 19.700578678094764
11 22 19.014997601215686
11 23 18.336380318059373
11 24 17.665923799667514
11 25 17.004485993730622
11 26 16.352994716484837
11 27 15.71209134097704
11 28 15.082460920358034
11 29 14.464554562406619
11 30 13.858840340731962
11 31 13.265603440009926
11 32 12.685119803578331
11 33 12.117530935081982
11 34 11.562944291120433
11 35 11.021377789128797
11 36 10.492792616535521
11 37 9.9771010739944987
11 38 9.4741387005885525
11 39 8.9837280998961759
11 40 8.5055980642580433
11 41 8.0394954859751877
11 42 7.585059517644626
11 43 7.1419735360896643
11 44 6.709802336620978
11 45 6.288176348059447
11 46 5.8765994795482968
11 47 5.4746583219204989
11 48 5.0818076113753001
11 49 4.6975979270333585
11 50 4.3214448765397337
11 51 3.9528697328529034
11 52 3.5912574780743425
11 53 3.2361059625292952
11 54 2.8867767774745059
11 55 2.5427476283565751
11 56 2.2033577789063581
11 57 1.8680871125522285
11 58 1.53636192463669
11 59 1.2075804469658029
11 60 0.87954958081157442
11 61 0.54981364133912036
11 62 0.23630794359359231
11 63 0
12 0 0
12 1 32.514108110833632
12 2 32.1547919130442
12 3 31.753995648101874
12 4 31.301982828701686
12 5 30.8007906949959
12 6 30.262003323413886
12 7 29.690084039544967
12 8 29.088690377325701
12 9 28.46153657484972
12 10 27.812536288837457
12 11 27.145025228872765
12 12 26.462368252369341
12 13 25.767495032555743
12 14 25.063305333917192
12 15 24.352346233207673
12 16 23.63707235733818
12 17 22.919675083371004
12 18 22.202194568269782
12 19 21.48649417215832
12 20 20.774231930636102
12 21 20.066971276131088
12 22 19.366021946259565
12 23 18.672675149052434
12 24 17.987926558373989
12 25 17.312821937977041
12 26 16.648076777138765
12 27 15.994516882061067
12 28 15.352610450204905
12 29 14.722987280508351
12 30 14.105899683932238
12 31 13.501803722842192
12 32 12.910765352764683
12 33 12.333087424250019
12 34 11.768676909632489
12 35 11.217702218617612
12 36 10.679936360602705
12 37 10.155430357548035
12 38 9.6438458123404995
12 39 9.1451317623515411
12 40 8.6588584562800985
12 41 8.1848867907508147
12 42 7.7227132302314621
12 43 7.2721229211720972
12 44 6.8325537058216685
12 45 6.4037260336301465
12 46 5.9850319968078773
12 47 5.5761371850835673
12 48 5.1763986764046983
12 49 4.785435946747139
12 50 4.4025798390667461
12 51 4.0274114870456135
12 52 3.6592425280056324
12 53 3.2976228127854048
12 54 2.9418503931263142
12 55 2.591448304327113
12 56 2.2457002417833078
12 57 1.904126602782839
12 58 1.566106919492473
12 59 1.2310730572951212
12 60 0.89675316072397282
12 61 0.56069873717430585
12 62 0.24116186251418423
12 63 0
13 0 0
13 1 32.944510666970181
13 2 32.572210200093451
13 3 32.158104107854456
13 4 31.692291746871675
13 5 31.176840585576556
13 6 30.623624883458948
13 7 30.037260170744457
13 8 29.421481891801978
13 9 28.780075013004197
13 10 28.117070841162377
13 11 27.435816072415868
13 12 26.73980624065117
13 13 26.031925909601782
13 14 25.315219621861431
13 15 24.592140306440214
13 16 23.865299758264154
13 17 23.13675384380122
13 18 22.408710255906104
13 19 21.682863464910927
13 20 20.961046975960432
13 21 20.244629921127675
13 22 19.535102759744071
13 23 18.833544653721688
13 24 18.141134462815625
13 25 17.458695286502738
13 26 16.787125507335137
13 27 16.127024062839077
13 28 15.479039147371951
13 29 14.843575066131587
13 30 14.221058880040919
13 31 13.611727209725167
13 32 13.015813491484476
13 33 12.433410940252489
13 34 11.864585095104804
13 35 11.309307386870721
13 36 10.767499234496176
13 37 10.239029336470784
13 38 9.7236967087071591
13 39 9.2212839426141944
13 40 8.731487251665504
13 41 8.2540175007003675
13 42 7.7884855762902543
13 43 7.3345429579158816
13 44 6.8917305902239931
13 45 6.4596510862535315
13 46 6.0377888159257225
13 47 5.6257064414161464
13 48 5.2228432137763363
13 49 4.8287293707429395
13 50 4.4427687233162958
13 51 4.0644654174498207
13 52 3.6931958909183034
13 53 3.3284436686746934
13 54 2.9695645753268702
13 55 2.6160242522876254
13 56 2.2671582732050912
13 57 1.9224372215618335
13 58 1.5812894708780041
13 59 1.2431003259264932
13 60 0.90562246416823999
13 61 0.56635854096075666
13 62 0.2437847877992676
13 63 0
14 0 0
14 1 33.082889099822239
14 2 32.700857912237268
14 3 32.276961838839803
14 4 31.801445459385725
14 5 31.276293784334932
14 6 30.713582023129923
14 7 30.118039004789278
14 8 29.493396092470906
14 9 28.843554866913536
14 10 28.172503388746104
14 11 27.483722161284611
14 12 26.780612790236972
14 13 26.066207461658735
14 14 25.343414428415812
14 15 24.614846160404902
14 16 23.882943253214691
14 17 23.149930643114523
14 18 22.417817709929086
14 19 21.688474855779639
14 20 20.963517841161693
14 21 20.244495779693789
14 22 19.532669262198255
14 23 18.829298653736004
14 24 18.135327532392576
14 25 17.451758700577731
14 26 16.779255796712988
14 27 16.118593451801768
14 28 15.4701907381487
14 29 14.834621433149053
14 30 14.212093263139421
14 31 13.603004245764096
14 32 13.007381510464301
14 33 12.425470133660419
14 34 11.857144723811015
14 35 11.30251798301601
14 36 10.761337296868966
14 37 10.23360138741619
14 38 9.7189529144501297
14 39 9.2172929596767794
14 40 8.7281791968534606
14 41 8.2514294966389024
14 42 7.7865336271331342
14 43 7.3332389266842561
14 44 6.8909818193212669
14 45 6.459450206897797
14 46 6.0380393853245309
14 47 5.6263875023090497
14 48 5.2238587929955571
14 49 4.830050087365624
14 50 4.4443026908497316
14 51 4.0661794598748902
14 52 3.6950051940074999
14 53 3.3303153268624643
14 54 2.9714232227840744
14 55 2.6178407236634476
14 56 2.2688683877102438
14 57 1.9240186607537595
14 58 1.5826912888529818
14 59 1.2443084957371577
14 60 0.90659206938973014
14 61 0.56708944128564143
14 62 0.24426748934036202
14 63 0
15 0 0
15 1 32.943410389383743
15 2 32.554822571044177
15 3 32.124672193940619
15 4 31.643495127901627
15 5 31.113151521588875
15 6 30.545827825029377
15 7 29.946243255695187
15 8 29.318202765630112
15 9 28.66553633357179
15 10 27.992333849577665
15 11 27.301959592288117
15 12 26.597934926519972
15 13 25.883136139395233
15 14 25.160607636441274
15 15 24.432773494167428
15 16 23.702224255492286
15 17 22.970971282874057
15 18 22.241184858150326
15 19 21.514503899930681
15 20 20.792713015672799
15 21 20.077118880259796
15 22 19.369155825103068
15 23 18.669837242340801
15 24 17.980282370312803
15 25 17.301248229296014
15 26 16.633573247670313
15 27 15.977792385223914
15 28 15.334496115975577
15 29 14.704028714253948
15 30 14.086763739983018
15 31 13.482883057387422
15 32 12.892572262425995
15 33 12.315875958835383
15 34 11.752818456905375
15 35 11.203329203040091
15 36 10.667295523775261
15 37 10.144550921531383
15 38 9.6348676243851514
15 39 9.1379997242782522
15 40 8.6536238330401556
15 41 8.1814287288103031
15 42 7.7210125447804749
15 43 7.272010664631031
15 44 6.8339576317779827
15 45 6.4064454403389171
15 46 5.988957810682658
15 47 5.5810516942020882
15 48 5.1821707844619329
15 49 4.7918439223193676
15 50 4.409483770652062
15 51 4.0345967940920531
15 52 3.6665720132894823
15 53 3.304898402514608
15 54 2.9489474426999198
15 55 2.5981927555931139
15 56 2.2519880006560866
15 57 1.9098140408620368
15 58 1.5711195289489128
15 59 1.2352991463057712
15 60 0.90012846319439366
15 61 0.56315612289162154
15 62 0.2427493282073043
15 63 0
16 0 0
16 1 32.540137180251172
16 2 32.148230473564318
16 3 31.715356158290298
16 4 31.232513660074449
16 5 30.701464024001293
16 6 30.134274765141974
16 7 29.535750391842925
16 8 28.909558981627058
16 9 28.259630141443939
16 10 27.58987755112614
16 11 26.903786100316893
16 12 26.204668719699011
16 13 25.495539285153757
16 14 24.77920848919841
16 15 24.058251953052871
16 16 23.335008404077147
16 17 22.611651365596423
16 18 21.890088185169382
16 19 21.172127189336873
16 20 20.459285516578682
16 21 19.753043201714927
16 22 19.054568550028133
16 23 18.365049152849412
16 24 17.685344891609169
16 25 17.016384987243693
16 26 16.358759563536754
16 27 15.713171292039931
16 28 15.079976892574932
16 29 14.459681769418058
16 30 13.852442894557189
16 31 13.25859501191594
16 32 12.678126069323607
16 33 12.111224061347803
16 34 11.557735589970203
16 35 11.01772318096894
16 36 10.490916708093197
16 37 9.9772720057671904
16 38 9.4764238377396754
16 39 8.9882377904549902
16 40 8.5122722566003404
16 41 8.0483168786834689
16 42 7.5958697017264232
16 43 7.1546567967606993
16 44 6.7241293637622057
16 45 6.3039605543220167
16 46 5.8935659205618212
16 47 5.4925748337975069
16 48 5.1003763176805013
16 49 4.7165637891947583
16 50 4.3405070171797409
16 51 3.9717701565836632
16 52 3.6097093890309897
16 53 3.2538654853897948
16 54 2.9035854531259933
16 55 2.558389827018694
16 56 2.2176145776480416
16 57 1.8807835234346422
16 58 1.5473316757415199
16 59 1.2166935378256325
16 60 0.88665558759880225
16 61 0.55484366548350217
16 62 0.23932418793418539
16 63 0
17 0 0
17 1 31.887531905130146
17 2 31.495520010901735
17 3 31.0633637334676
17 4 30.582824963318167
17 5 30.055387784371394
17 6 29.493046227200363
17 7 28.900437820478718
17 8 28.281299021758755
17 9 27.639352441171454
17 10 26.978596797779627
17 11 26.302282280601357
17 12 25.61383002446151
17 13 24.915997276291463
17 14 24.211721875925384
17 15 23.503307671129548
17 16 22.793235965513105
17 17 22.083399820191698
17 18 21.375860906493166
17 19 20.672144507218462
17 20 19.97393022918822
17 21 19.282418035511242
17 22 18.598943407571973
17 23 17.924421702430944
17 24 17.259881509134736
17 25 16.605991742011657
17 26 15.963509921828672
17 27 15.332893614594486
17 28 14.714663171471598
17 29 14.109096548061062
17 30 13.516508545820981
17 31 12.937025788588539
17 32 12.370786645502941
17 33 11.817791267719008
17 34 11.278028086812984
17 35 10.751392366012453
17 36 10.237746433573546
17 37 9.7368991941975427
17 38 9.2486080734962091
17 39 8.7726113576768991
17 40 8.3085802144246159
17 41 7.8561955532503323
17 42 7.4150584894100957
17 43 6.9848035982580541
17 44 6.5649758553530564
17 45 6.1551726388590291
17 46 5.7548945730793983
17 47 5.3637093493417156
17 48 4.981083089179827
17 49 4.6065599393468188
17 50 4.2395796210488399
17 51 3.8796677361090923
17 52 3.5262441695616795
17 53 3.1788201862838652
17 54 2.8368011830262194
17 55 2.4996856313172677
17 56 2.1668636308991314
17 57 1.8378425900244411
17 58 1.5121063662388641
17 59 1.189077793622203
17 60 0.86662328184585857
17 61 0.5424123033122098
17 62 0.23412492239513169
17 63 0
18 0 0
18 1 31.000206314767834
18 2 30.611209056103835
18 3 30.183211569116843
18 4 29.708766703419112
18 5 29.189242762846209
18 6 28.636200013147853
18 7 28.054332327905016
18 8 27.44711441086724
18 9 26.818350910437559
18 10 26.171740746526641
18 11 25.510641109162574
18 12 24.838160660653141
18 13 24.157183976812288
18 14 23.470328841539377
18 15 22.780042596545627
18 16 22.088485349708495
18 17 21.397705521019986
18 18 20.709448202783392
18 19 20.025401822954912
18 20 19.346939156849484
18 21 18.675427314224468
18 22 18.011909055732627
18 23 17.357467480493664
18 24 16.712856101417593
18 25 16.078909204195025
18 26 15.456129560527183
18 27 14.845135248619426
18 28 14.246214046368097
18 29 13.659797566539538
18 30 13.085991278244368
18 31 12.525067098269941
18 32 11.976977661058834
18 33 11.4418590001284
18 34 10.919537150913966
18 35 10.4100332266687
18 36 9.913069725588711
18 37 9.4285711244196779
18 38 8.9561764045340357
18 39 8.49572922183307
18 40 8.0468022005372717
18 41 7.6091717570289115
18 42 7.1823586698485018
18 43 6.7660837052104537
18 44 6.3598278909111032
18 45 5.9632661809273371
18 46 5.5758497715455988
18 47 5.1972161223873901
18 48 4.8267945843895133
18 49 4.4641921385185661
18 50 4.1088225812572414
18 51 3.7602683211119081
18 52 3.4179324335738932
18 53 3.0813778749504297
18 54 2.7500007095927819
18 55 2.4233469226190643
18 56 2.1008033576749749
18 57 1.7819212829054405
18 58 1.4661831595445804
18 59 1.1530542123206811
18 60 0.84044787132512677
18 61 0.52613855713534963
18 62 0.22724825360730239
18 63 0
19 0 0
19 1 29.89288184404781
19 2 29.510048446806227
19 3 29.089461246683666
19 4 28.624899308559293
19 5 28.117310357135398
19 6 27.577998627042788
19 7 27.01134269178441
19 8 26.420880004240463
19 9 25.810083110840743
19 10 25.182719102380752
19 11 24.541803086676893
19 12 23.890540366813557
19 13 23.231469631509064
19 14 22.567326897964314
19 15 21.900215788339839
19 16 21.232431811339719
19 17 20.56568705851296
19 18 19.901874674688436
19 19 19.242358776114273
19 20 18.588668650696285
19 21 17.941863014687211
19 22 17.303145779859438
19 23 16.673310700131495
19 24 16.053273695088077
19 25 15.443601100081803
19 26 14.844956444321879
19 27 14.25771283410716
19 28 13.682314747228505
19 29 13.11897267187028
19 30 12.567942805113324
19 31 12.029300010356177
19 32 11.503140238527093
19 33 10.989426204147478
19 34 10.488118849601934
19 35 9.9990888987015403
19 36 9.5221847470693177
19 37 9.0572022337639293
19 38 8.6038969761491959
19 39 8.1620042860005402
19 40 7.7312042051286021
19 41 7.311183446857382
19 42 6.9015612736578502
19 43 6.5019856196676828
19 44 6.1120275385482294
19 45 5.7313042009104231
19 46 5.3593489907447305
19 47 4.9957548116565222
19 48 4.6400260874619157
19 49 4.2917366905358874
19 50 3.9503691677701238
19 51 3.6154825565622759
19 52 3.2865431942459442
19 53 2.9630987772173891
19 54 2.6446039915575015
19 55 2.3305961888625593
19 56 2.020517219762648
19 57 1.7139144143836509
19 58 1.4103189614556726
19 59 1.1091975190563876
19 60 0.80856650852716427
19 61 0.50627955574742933
19 62 0.21882196294197326
19 63 0
20 0 0
20 1 28.580672322614681
20 2 28.206906512028205
20 3 27.796983302333697
20 4 27.345790437858941
20 5 26.854144772643302
20 6 26.332618336585767
20 7 25.785617558988047
20 8 25.216304227262082
20 9 24.628215648187975
20 10 24.024707563177436
20 11 23.408888763953254
20 12 22.783560124754448
20 13 22.151377699112768
20 14 21.514682917282386
20 15 20.875715170420623
20 16 20.236390599302563
20 17 19.598570234385811
20 18 18.963787325799416
20 19 18.333563330182077
20 20 17.709090578457172
20 21 17.091589267327283
20 22 16.481951892055534
20 23 15.881134133151974
20 24 15.289767795115278
20 25 14.708578489168245
20 26 14.13797389332105
20 27 13.57848124236128
20 28 13.030317659710935
20 29 12.493840699004979
20 30 11.969107290835918
20 31 11.456330928852953
20 32 10.955435434318019
20 33 10.466512836782572
20 34 9.9893776981964528
20 35 9.5240202935822023
20 36 9.0701666688573841
20 37 8.6277223674874488
20 38 8.1963427392369219
20 39 7.7758631690519966
20 40 7.3658834266297672
20 41 6.9661811163311
20 42 6.5763130800688803
20 43 6.1960095831480295
20 44 5.8247949765025249
20 45 5.4623609436792471
20 46 5.1082078137821894
20 47 4.7619960001829984
20 48 4.423208552915491
20 49 4.0914807019517845
20 50 3.7662834641154417
20 51 3.4472319405455258
20 52 3.1337890880274837
20 53 2.8255542135965257
20 54 2.5219852168691572
20 55 2.2226674814313596
20 56 1.9270514537388332
20 57 1.6347290839471165
20 58 1.3452400373238718
20 59 1.0580956229521516
20 60 0.77139004662440336
20 61 0.48310535048229364
20 62 0.20894525403504416
20 63 0
21 0 0
21 1 27.078521698077996
21 2 26.716806519688458
21 3 26.320517279668184
21 4 25.886201528145929
21 5 25.41412552807305
21 6 24.914432720244889
21 7 24.391079119863647
21 8 23.847283630674514
21 9 23.286139508157952
21 10 22.711054551885255
21 11 22.124701039250365
21 12 21.529965487167022
21 13 20.929081201374853
21 14 20.324499442087433
21 15 19.718055495444329
21 16 19.111794223824017
21 17 18.507194958354489
21 18 17.905933252089373
21 19 17.309174241803376
21 20 16.718261390761739
21 21 16.134086096832654
21 22 15.557696628636242
21 23 14.98974873672827
21 24 14.431031057530616
21 25 13.881998752831837
21 26 13.343214421199393
21 27 12.814964278776236
21 28 12.297616085028851
21 29 11.791315182478758
21 30 11.296263042670276
21 31 10.81248865436757
21 32 10.340052988737002
21 33 9.8788897953850636
21 34 9.4289425566139702
21 35 8.9900677272296914
21 36 8.5621116006158644
21 37 8.1448684008581331
21 38 7.7381049403844981
21 39 7.3415657145036937
21 40 6.9549533280815252
21 41 6.5779728129498549
21 42 6.2102755869800088
21 43 5.8515355645478762
21 44 5.50136394003672
21 45 5.1594102355106886
21 46 4.825254530390759
21 47 4.4985273312144587
21 48 4.1787850589156363
21 49 3.8656434762696463
21 50 3.5586413488314896
21 51 3.2573830671854753
21 52 2.9613944920625417
21 53 2.6702714231206595
21 54 2.383530591892701
21 55 2.1007597253669124
21 56 1.8214650318131034
21 57 1.5452446178584536
21 58 1.2716867435868118
21 59 1.0003148125288648
21 60 0.72934597965163361
21 61 0.45687088813223031
21 62 0.19774197921175909
21 63 0
22 0 0
22 1 25.401990808371668
22 2 25.054923017211276
22 3 24.67524264154666
22 4 24.260895764643855
22 5 23.812005799778955
22 6 23.33771257821288
22 7 22.841973258179273
22 8 22.32753071756661
22 9 21.797526855882886
22 10 21.254860777647153
22 11 20.702286063826826
22 12 20.142206072205472
22 13 19.5769622707558
22 14 19.008548924636781
22 15 18.438930021728325
22 16 17.869723713014814
22 17 17.302552466385546
22 18 16.738698037289186
22 19 16.17947772403901
22 20 15.625875839334482
22 21 15.078940262755317
22 22 14.539395592941855
22 23 14.008054420021143
22 24 13.485417220662368
22 25 12.972093133079476
22 26 12.468391432594464
22 27 11.974746939306025
22 28 11.491307659789172
22 29 11.018360319193961
22 30 10.555918463148217
22 31 10.104143986610964
22 32 9.6629396558831573
22 33 9.232362912581582
22 34 8.8122263964877927
22 35 8.4025007389283388
22 36 8.002926242831192
22 37 7.6134018474452132
22 38 7.2336106548485528
22 39 6.863392746206145
22 40 6.5023867392293058
22 41 6.1503846609668562
22 42 5.8069911860513823
22 43 5.4719593155510093
22 44 5.1448683910988899
22 45 4.8254398846009767
22 46 4.5132347199345153
22 47 4.2079490337517633
22 48 3.9091307767933787
22 49 3.6164558503905813
22 50 3.3294634143613115
22 51 3.0478133207091549
22 52 2.7710390583055315
22 53 2.4987879891422793
22 54 2.2305902481134461
22 55 1.9660820463300641
22 56 1.7047877415469597
22 57 1.4463507022646849
22 58 1.1903754881850734
22 59 0.93643211406135185
22 60 0.68284121962342459
22 61 0.42784135084041736
22 62 0.18531343433886166
22 63 0
23 0 0
23 1 23.56621002307833
23 2 23.236510622380514
23 3 22.876045019973766
23 4 22.484801168677564
23 5 22.062240085950101
23 6 21.61691780455245
23 7 21.152222799029843
23 8 20.670949801455517
23 9 20.175700233936197
23 10 19.669410660006786
23 11 19.154318055339242
23 12 18.632901498129012
23 13 18.107015765582052
23 14 17.578757426412611
23 15 17.049637334013877
23 16 16.521396435983977
23 17 15.995239851148682
23 18 15.472586592701758
23 19 14.954373698730882
23 20 14.44173194076766
23 21 13.93536644230411
23 22 13.436152941021374
23 23 12.944598419596032
23 24 12.461355410017399
23 25 11.986763584006932
23 26 11.52128215721056
23 27 11.065111083979069
23 28 10.618543850769129
23 29 10.181664962676852
23 30 9.7546272617306684
23 31 9.3374208107545744
23 32 8.9300803147277872
23 33 8.532519314086688
23 34 8.1446743257349183
23 35 7.7663974472051871
23 36 7.3975444848645759
23 37 7.0379186213855478
23 38 6.6873100926867224
23 39 6.3454834503327522
23 40 6.0121763268746955
23 41 5.6871229892716046
23 42 5.3700194429561776
23 43 5.0605763732728528
23 44 4.7584573343432375
23 45 4.4633547609770252
23 46 4.1749073230643869
23 47 3.8927934082479534
23 48 3.6166329489149458
23 49 3.3460935759789434
23 50 3.0807813914364117
23 51 2.8203558248167879
23 52 2.5644129956050312
23 53 2.3126062231651665
23 54 2.064524669550766
23 55 1.8198156615030936
23 56 1.5780599634147643
23 57 1.3389150985688181
23 58 1.1020341007624677
23 59 0.86700757955055052
23 60 0.6322959555509936
23 61 0.39627014670923705
23 62 0.17178046432542154
23 63 0
24 0 0
24 1 21.587124879801966
24 2 21.277003195050344
24 3 20.93836515758305
24 4 20.572842428940408
24 5 20.179745680708226
24 6 19.766392573232093
24 7 19.336148991670182
24 8 18.891248942153677
24 9 18.434328298994227
24 10 17.96773348384767
24 11 17.493771902056647
24 12 17.014374714775897
24 13 16.531496825404062
24 14 16.046727517318931
24 15 15.561700220082702
24 16 15.077692048267975
24 17 14.596046272814567
24 18 14.117762564547393
24 19 13.64392571276176
24 20 13.175291718497006
24 21 12.712717960550286
24 22 12.256749162723686
24 23 11.808044868599703
24 24 11.366968803028202
24 25 10.934010173456903
24 26 10.509379458550978
24 27 10.093420600988081
24 28 9.6862158403390151
24 29 9.2879863291909075
24 30 8.8987082631396461
24 31 8.5184998545283221
24 32 8.147250685015031
24 33 7.7849933275197021
24 34 7.4315475413829981
24 35 7.0868751603238396
24 36 6.75074045363416
24 37 6.4230472105672343
24 38 6.103516293101598
24 39 5.7920041562669677
24 40 5.4881983119779356
24 41 5.191916837556052
24 42 4.9028221527773894
24 43 4.6207013886223134
24 44 4.3451985511788935
24 45 4.0760759492954586
24 46 3.8129644824163131
24 47 3.5556066562606912
24 48 3.303624392516316
24 49 3.0567444907752681
24 50 2.8145830215519321
24 51 2.5768544097402066
24 52 2.3431711664618633
24 53 2.1132381580439392
24 54 1.8866659998337456
24 55 1.6631508937935462
24 56 1.4422992546791613
24 57 1.2238144035304137
24 58 1.007371720061782
24 59 0.79261008150168599
24 60 0.57811426554975698
24 61 0.3624188299322274
24 62 0.15724606668618341
24 63 0
25 0 0
25 1 19.480016666332634
25 2 19.191844890391518
25 3 18.877204660782329
25 4 18.540080928824263
25 5 18.179032322178742
25 6 17.800661465831489
25 7 17.407667199409662
25 8 17.002330812755613
25 9 16.586668681720191
25 10 16.163052265870796
25 11 15.733207604827392
25 12 15.299133173823051
25 13 14.862246371684993
25 14 14.424232447058282
25 15 13.986233604193858
25 16 13.549644800231583
25 17 13.115365135096585
25 18 12.684527349839284
25 19 12.257818876428294
25 20 11.836138319750448
25 21 11.419991368629194
25 22 11.010070080336053
25 23 10.606726108669507
25 24 10.210471323430934
25 25 9.821528423406404
25 26 9.4402537600598038
25 27 9.0667633319924654
25 28 8.7012806564371985
25 29 8.3438344312171342
25 30 7.9945358835493137
25 31 7.653343047725901
25 32 7.3202732166729003
25 33 6.9952278153596525
25 34 6.6781464000591804
25 35 6.3688854910868322
25 36 6.067321034341008
25 37 5.7732742630279397
25 38 5.4865696923402387
25 39 5.2070010703262843
25 40 4.9343518629390166
25 41 4.6683945853719448
25 42 4.4088803987067031
25 43 4.1555655380314107
25 44 3.9081761325456363
25 45 3.6664560181258721
25 46 3.4301122582882368
25 47 3.1988793004855651
25 48 2.972449961664922
25 49 2.7505516164392931
25 50 2.5328666584812387
25 51 2.3191171522038427
25 52 2.1089780462536343
25 53 1.9021675273441634
25 54 1.6983554178122713
25 55 1.4972558172664325
25 56 1.298532084944966
25 57 1.1019078353372227
25 58 0.90710682635778317
25 59 0.71379510113490696
25 60 0.52071089312429908
25 61 0.32653972447419022
25 62 0.14182882907462671
25 63 0
26 0 0
26 1 17.261147023300566
26 2 16.996679743099431
26 3 16.708215693175799
26 4 16.401569332496187
26 5 16.075147088578976
26 6 15.734123356561147
26 7 15.381154684155092
26 8 15.017894245485046
26 9 14.646381257426031
26 10 14.268332756765757
26 11 13.885536329573508
26 12 13.499392182761129
26 13 13.111411311634596
26 14 12.722733296860335
26 15 12.334617970417916
26 16 11.947968845715744
26 17 11.56381917230993
26 18 11.182864094329069
26 19 10.805935271671112
26 20 10.433546198445104
26 21 10.066351454283573
26 22 9.7047082422056743
26 23 9.3491173782105612
26 24 8.9998032511463339
26 25 8.6571345734559451
26 26 8.3212242366317497
26 27 7.9923285720010897
26 28 7.6704680028385619
26 29 7.3558041303101298
26 30 7.0482816414715588
26 31 6.7479829662550941
26 32 6.4547915655395594
26 33 6.1687242279349119
26 34 5.8896156087897662
26 35 5.6174284774632417
26 36 5.3519591829401678
26 37 5.0931263478845636
26 38 4.8406967787751007
26 39 4.5945532532578941
26 40 4.3544402555464172
26 41 4.1202116350030673
26 42 3.8915954183922095
26 43 3.668422242196105
26 44 3.4504083638320506
26 45 3.2373658955456204
26 46 3.0290030024492287
26 47 2.8251170956419607
26 48 2.6254110648720723
26 49 2.4296707233789872
26 50 2.2375957770885093
26 51 2.0489629485213934
26 52 1.8634702541520269
26 53 1.6808874404523657
26 54 1.5009118786017257
26 55 1.3233068716382728
26 56 1.1477670815273964
26 57 0.97406235361790161
26 58 0.80194328385194591
26 59 0.63112552527924559
26 60 0.46048790143705887
26 61 0.28889173711700594
26 62 0.1256330754326595
26 63 0
27 0 0
27 1 14.945913329224258
27 2 14.707099178347493
27 3 14.446487378369175
27 4 14.172470368368028
27 5 13.882638239008694
27 6 13.581348713726451
27 7 13.270515296822367
27 8 12.951834831973416
27 9 12.626666847168522
27 10 12.296743728152148
27 11 11.963222924125576
27 12 11.627565427884248
27 13 11.290707048976653
27 14 10.953878436517677
27 15 10.61782053177985
27 16 10.283550882767083
27 17 9.9516396824795414
27 18 9.6229119395062188
27 19 9.297790561404641
27 20 8.9769287017992223
27 21 8.6606240621758257
27 22 8.3493782750168695
27 23 8.0433840602427065
27 24 7.7430109685447546
27 25 7.4483648512018048
27 26 7.1597013706901009
27 27 6.877055409346486
27 28 6.6005854661344658
27 29 6.3302691594243639
27 30 6.0661829624570833
27 31 5.8082588449195933
27 32 5.5565047676458317
27 33 5.3108167402841246
27 34 5.0711461224469723
27 35 4.8373609232622385
27 36 4.6093662752304576
27 37 4.3870086305688361
27 38 4.1701558255384796
27 39 3.9586378977946728
27 40 3.7522929866582504
27 41 3.5509387620746757
27 42 3.3543900552672756
27 43 3.1624553097910173
27 44 2.9749313515484825
27 45 2.7916198035339854
27 46 2.61230382631943
27 47 2.4367800408800919
27 48 2.2648214389962718
27 49 2.0962209972421952
27 50 1.9307443041454846
27 51 1.7681816888977528
27 52 1.6082934852175239
27 53 1.4508681791129399
27 54 1.2956625080155229
27 55 1.1424626405229303
27 56 0.99102061096276606
27 57 0.84113102717806432
27 58 0.69259279665119844
27 59 0.54515356325347419
27 60 0.3978560933729553
27 61 0.24972643850016504
27 62 0.10877575649878742
27 63 0
28 0 0
28 1 12.550819547033413
28 2 12.338906492282147
28 3 12.107831712603126
28 4 11.867931640277101
28 5 11.6166488508082
28 6 11.356774551229117
28 7 11.090165140614879
28 8 10.81784048688548
28 9 10.541174459222599
28 10 10.261198798974331
28 11 9.9791259974900886
28 12 9.6957830446820168
28 13 9.4121945928420239
28 14 9.1290188400945791
28 15 8.847110769421505
28 16 8.5669776852498636
28 17 8.2893210391974694
28 18 8.0145163097376813
28 19 7.7431280900982111
28 20 7.4754182349065257
28 21 7.2118309066530815
28 22 6.9525313541716667
28 23 6.6978590012144501
28 24 6.4478980353275173
28 25 6.2028977706846415
28 26 5.9628752633976161
28 27 5.7280030798356831
28 28 5.4982434183968802
28 29 5.2737040889237097
28 30 5.0543030832447737
28 31 4.8400940507127457
28 32 4.6309598904074143
28 33 4.4269093256459753
28 34 4.227797857407813
28 35 4.0335972306976364
28 36 3.8441419600380669
28 37 3.6593735748103113
28 38 3.4791108746389039
28 39 3.3032708678936689
28 40 3.1316609123443979
28 41 2.9641782450844674
28 42 2.8006221913069993
28 43 2.6408741443857537
28 44 2.4847280670372771
28 45 2.3320527317327491
28 46 2.1826387823393105
28 47 2.0363449975561183
28 48 1.8929602199650888
28 49 1.7523353650290812
28 50 1.614258552878552
28 51 1.4785745535269927
28 52 1.3450714891586411
28 53 1.2135894391586459
28 54 1.083916980420627
28 55 0.95588974472783572
28 56 0.82929503380460767
28 57 0.70397401468752119
28 58 0.57975554330513768
28 59 0.45643788859018802
28 60 0.33321614484779633
28 61 0.20930088343548206
28 62 0.091362169547237568
28 63 0
29 0 0
29 1 10.091344985289505
29 2 9.907797870989592
29 3 9.7073983207730805
29 4 9.503186303645764
29 5 9.2917514967135659
29 6 9.0750008085170446
29 7 8.8539957941351002
29 8 8.6297975363106119
29 9 8.4030598621527943
29 10 8.1748233338050937
29 11 7.9456379242971762
29 12 7.7163870367227307
29 13 7.4874954796146298
29 14 7.2597092566240677
29 15 7.0333467169981034
29 16 6.8090266702374445
29 17 6.5869757795358277
29 18 6.3676972579445854
29 19 6.1513402948048466
29 20 5.9383044415786328
29 21 5.7286744955703295
29 22 5.5227581903381244
29 23 5.3205876665575422
29 24 5.1223902677836826
29 25 4.9281557723125449
29 26 4.7380419160247138
29 27 4.5520049586563784
29 28 4.3701430129356726
29 29 4.1923862703948638
29 30 4.0187823183510938
29 31 3.8492414389752319
29 32 3.6837688656995762
29 33 3.5222599684337781
29 34 3.3646848703972903
29 35 3.2109280082472162
29 36 3.060930736978436
29 37 2.9145696676679065
29 38 2.7717628731293429
29 39 2.6323815171338381
29 40 2.4963250791014908
29 41 2.3634610560692919
29 42 2.2336742920492823
29 43 2.1068299183102579
29 44 1.9828014409252694
29 45 1.8614525495677305
29 46 1.7426481205366471
29 47 1.6262510364064611
29 48 1.5121197327612945
29 49 1.4001167019951366
29 50 1.2900956756786317
29 51 1.1819190096927013
29 52 1.0754370876855119
29 53 0.97051232767843909
29 54 0.86699280456331262
29 55 0.76474030433070528
29 56 0.66359981339801422
29 57 0.56344020382746263
29 58 0.46413860544746843
29 59 0.36552849287750028
29 60 0.26697617571822752
29 61 0.16786614144029044
29 62 0.073508153724287983
29 63 0
30 0 0
30 1 7.5841581872882591
30 2 7.4296836477289947
30 3 7.2611061910164887
30 4 7.0934443072710778
30 5 6.9231519786858122
30 6 6.7504877487628061
30 7 6.576446781912316
30 8 6.4013836770412214
30 9 6.2259616031469687
30 10 6.0504928888357465
30 11 5.8755787068131342
30 12 5.7014474059050393
30 13 5.5286098545439399
30 14 5.3572241106100957
30 15 5.1877204745611447
30 16 5.0201969323742075
30 17 4.8550097191151114
30 18 4.6922061299012983
30 19 4.5320755465195752
30 20 4.374623307386055
30 21 4.220079229410695
30 22 4.0684145338284647
30 23 3.9198065928631487
30 24 3.7741994086377759
30 25 3.6317246838816306
30 26 3.4923051535754501
30 27 3.3560331570231745
30 28 3.2228152055513339
30 29 3.0927100360513635
30 30 2.9656121364335313
30 31 2.8415518193739406
30 32 2.7204149879364632
30 33 2.6022081181480137
30 34 2.486811294276658
30 35 2.3742111673225743
30 36 2.2642841863995491
30 37 2.1570006439236105
30 38 2.0522350415126982
30 39 1.9499442756909584
30 40 1.8500021719963058
30 41 1.7523547376975979
30 42 1.6568760487903436
30 43 1.5635033243529646
30 44 1.4721115348183094
30 45 1.3826308572143726
30 46 1.2949375711549531
30 47 1.2089562517514079
30 48 1.1245647182740259
30 49 1.0416831240974533
30 50 0.96019091075501084
30 51 0.8800047693134827
30 52 0.80100573635271388
30 53 0.7231078702114323
30 54 0.64619368088676299
30 55 0.57017460245724283
30 56 0.49493328202960052
30 57 0.42038537048999181
30 58 0.34643979811810133
30 59 0.27298134066270846
30 60 0.19953598034267228
30 61 0.12567808464321695
30 62 0.055319648527674209
30 63 0
31 0 0
31 1 5.0447868043865052
31 2 4.920322173740459
31 3 4.7841395664683981
31 4 4.6539792136954556
31 5 4.5254348758494363
31 6 4.3978501945058079
31 7 4.2713990924852059
31 8 4.1464762251192795
31 9 4.0230048281361954
31 10 3.9013029743406773
31 11 3.7812935324216088
31 12 3.663259233727314
31 13 3.547099326321832
31 14 3.433058173151263
31 15 3.3210212146715281
31 16 3.2111967789547071
31 17 3.1034611462179869
31 18 2.9979883549712851
31 19 2.8946497771542403
31 20 2.7935875149439529
31 21 2.6946714889325327
31 22 2.598014459358672
31 23 2.5034876053699597
31 24 2.4111770917462687
31 25 2.3209573870658549
31 26 2.2328908576564634
31 27 2.146856691862348
31 28 2.0628962239505815
31 29 1.9808942790801167
31 30 1.9008738306816539
31 31 1.8227258331612386
31 32 1.7464574259284389
31 33 1.6719658459461726
31 34 1.5992447455086569
31 35 1.5281975372552554
31 36 1.4588065299101585
31 37 1.3909810149163644
31 38 1.3246938844929066
31 39 1.2598598823184952
31 40 1.1964441902175524
31 41 1.1343664978817956
31 42 1.0735857644670574
31 43 1.0140260798325227
31 44 0.95564145794919342
31 45 0.89835983407998743
31 46 0.84213135663378846
31 47 0.78688726493466998
31 48 0.73257473914690885
31 49 0.67912780989241561
31 50 0.62649142083059106
31 51 0.5746019162534729
31 52 0.52340259574648673
31 53 0.47283172122880562
31 54 0.42283139856307661
31 55 0.37334091734117786
31 56 0.32430080064110939
31 57 0.27565591678857015
31 58 0.22736345940539782
31 59 0.17934510544782789
31 60 0.13130209050883923
31 61 0.082987486309700015
31 62 0.036911841737538413
31 63 0
32 0 0
32 1 2.4899835685393201
32 2 2.3956777546052512
32 3 2.2924708026942784
32 4 2.2000310741900151
32 5 2.1138358569397528
32 6 2.0315579423155006
32 7 1.9533014995534737
32 8 1.8787450000178048
32 9 1.8078197578081896
32 10 1.7401069541879224
32 11 1.6755796471822004
32 12 1.6138591333220857
32 13 1.5549300250204212
32 14 1.4984442920150187
32 15 1.4443988099914296
32 16 1.3924783168905888
32 17 1.3426882372931721
32 18 1.2947453367561694
32 19 1.2486607759815354
32 20 1.2041822374188127
32 21 1.1613242406865689
32 22 1.1198637274487664
32 23 1.0798166502783142
32 24 1.0409872014984189
32 25 1.0033912735008796
32 26 0.96685807789922762
32 27 0.9314023458678693
32 28 0.89687596497728717
32 29 0.86329174658513574
32 30 0.83052188879412925
32 31 0.79857681248537737
32 32 0.7673467093107712
32 33 0.73683937208222683
32 34 0.70696077046182793
32 35 0.67771601255583014
32 36 0.64902476949548915
32 37 0.62088954179174705
32 38 0.59324178879532907
32 39 0.5660815732374197
32 40 0.53935040596381889
32 41 0.51304614013086436
32 42 0.48711878214339988
32 43 0.46156423460738311
32 44 0.43633962155975398
32 45 0.4114391637074189
32 46 0.38682589468527362
32 47 0.36249261614712563
32 48 0.33840722130019962
32 49 0.31456133939662773
32 50 0.2909268157783429
32 51 0.26749432971818082
32 52 0.24423890496570699
32 53 0.22115049827944347
32 54 0.19820661967580133
32 55 0.17539631180602303
32 56 0.15269865178634437
32 57 0.13010539415731529
32 58 0.10760620161049175
32 59 0.085174380637204256
32 60 0.062673852852138362
32 61 0.040049626429462505
32 62 0.018391001254445549
32 63 0
33 0 0
33 1 -0.06470869689358609
33 2 -0.12847166722538517
33 3 -0.19870636674043507
33 4 -0.25311553707320977
33 5 -0.29705958600125237
33 6 -0.33377270732774422
33 7 -0.36397238873731447
33 8 -0.38793989733381479
33 9 -0.40648300844394775
33 10 -0.42001427752738685
33 11 -0.42923808065156538
33 12 -0.43447833594362018
33 13 -0.43636106200096691
33 14 -0.43514765958466745
33 15 -0.43138506829430479
33 16 -0.42527796204809998
33 17 -0.41729980551083201
33 18 -0.40760691197167698
33 19 -0.3966050740811714
33 20 -0.38440972585145827
33 21 -0.37136522010682482
33 22 -0.35755300338330187
33 23 -0.34326234248523729
33 24 -0.3285468458233532
33 25 -0.31364694388657588
33 26 -0.298593783240864
33 27 -0.28358494248728544
33 28 -0.26863371783821893
33 29 -0.25390044237911158
33 30 -0.23938444879153645
33 31 -0.22521398176334065
33 32 -0.21137763297027465
33 33 -0.19797622881879376
33 34 -0.18499024982779977
33 35 -0.17249727572797144
33 36 -0.16047178896487599
33 37 -0.14897180400897245
33 38 -0.13796747665776815
33 39 -0.12750046998397577
33 40 -0.11753791371088938
33 41 -0.10810789817180592
33 42 -0.099175521091827465
33 43 -0.090757681837591753
33 44 -0.082818190497928088
33 45 -0.075364781718249466
33 46 -0.068360521497307467
33 47 -0.061805692648215296
33 48 -0.055663000970108054
33 49 -0.049926718360838215
33 50 -0.044559449628001069
33 51 -0.039550665425526127
33 52 -0.034863024698439972
33 53 -0.030482190652225016
33 54 -0.026370997503783723
33 55 -0.022512384938131721
33 56 -0.018869333230674246
33 57 -0.015420738044753883
33 58 -0.012128658528269722
33 59 -0.0089826642372416998
33 60 -0.0059427870363283142
33 61 -0.0028848382542163938
33 62 -0.00012791474347589792
33 63 0
34 0 0
34 1 -2.6025347440557556
34 2 -2.6361612461437085
34 3 -2.6734201673840339
34 4 -2.6902224717887711
34 5 -2.6920184928591571
34 6 -2.6836754966206953
34 7 -2.6659780287771242
34 8 -2.639913320210344
34 9 -2.6062785220135427
34 10 -2.5662127525485992
34 11 -2.5203683236366969
34 12 -2.4697223464065621
34 13 -2.4148140479036626
34 14 -2.3564907449985433
34 15 -2.2951868599428735
34 16 -2.2316257845495939
34 17 -2.1661509912357571
34 18 -2.0993725936544307
34 19 -2.0315558979920696
34 20 -1.9632084753135073
34 21 -1.8945294696446318
34 22 -1.825934846323749
34 23 -1.7575685343573282
34 24 -1.6897656022672227
34 25 -1.6226245118975988
34 26 -1.5564096614572771
34 27 -1.491182548784769
34 28 -1.4271464657556998
34 29 -1.364333225353713
34 30 -1.3028938019639043
34 31 -1.2428364476563096
34 32 -1.1842677737980505
34 33 -1.127177540166215
34 34 -1.0716350973554734
34 35 -1.017615843478205
34 36 -0.96515813151072738
34 37 -0.91422631460227632
34 38 -0.8648332075968842
34 39 -0.8169347442812317
34 40 -0.77052290778010102
34 41 -0.72554726301297456
34 42 -0.68198297484119974
34 43 -0.63977482028608557
34 44 -0.59888453171383715
34 45 -0.5592533028809934
34 46 -0.52083225890922591
34 47 -0.48355991866152487
34 48 -0.44737913140026242
34 49 -0.41222642038473906
34 50 -0.3780382620059668
34 51 -0.34474968975713272
34 52 -0.31229233619746005
34 53 -0.2806001103369225
34 54 -0.24960107404345347
34 55 -0.21922839130646965
34 56 -0.18940706846352015
34 57 -0.16006912152441194
34 58 -0.13114462781406971
34 59 -0.10257155036725768
34 60 -0.074148530000379603
34 61 -0.045560667953377987
34 62 -0.01853861393758309
34 63 0
35 0 0
35 1 -5.1079695287544222
35 2 -5.1116359228481398
35 3 -5.1164921681815247
35 4 -5.0960232353844557
35 5 -5.05646507004192
35 6 -5.0035455682793888
35 7 -4.9388454096290699
35 8 -4.8633099992019373
35 9 -4.778454059161259
35 10 -4.6854063368718002
35 11 -4.5854791120887963
35 12 -4.4795918801770256
35 13 -4.3688808010751492
35 14 -4.25410441768169
35 15 -4.1362307046311626
35 16 -4.015870814383149
35 17 -3.8938398580295965
35 18 -3.7706196843916282
35 19 -3.6468878746248543
35 20 -3.5230139460429721
35 21 -3.3995533700399969
35 22 -3.2767794108613075
35 23 -3.1551403866687475
35 24 -3.0348281019697922
35 25 -2.9161978416357153
35 26 -2.799373294465819
35 27 -2.6846297567352813
35 28 -2.572034628004674
35 29 -2.4617950481780397
35 30 -2.3539324470350032
35 31 -2.2485963720945685
35 32 -2.145771161499316
35 33 -2.0455580719240509
35 34 -1.9479118885741951
35 35 -1.8528936667387959
35 36 -1.760434960791756
35 37 -1.6705635826338854
35 38 -1.5831930934953018
35 39 -1.4983239876416468
35 40 -1.4158561193997878
35 41 -1.335767667537709
35 42 -1.2579482421529746
35 43 -1.1823578961128183
35 44 -1.1088787534497002
35 45 -1.0374562266796468
35 46 -0.96796711561561055
35 47 -0.90034507641834938
35 48 -0.8344632466628682
35 49 -0.77024590308623497
35 50 -0.70756376884587713
35 51 -0.64633369641433436
35 52 -0.58642489513467277
35 53 -0.52774840162389125
35 54 -0.47017260097696217
35 55 -0.41360401237709138
35 56 -0.35790975829245858
35 57 -0.30299374860197009
35 58 -0.24873774277167146
35 59 -0.1950438267365858
35 60 -0.14153704703171593
35 61 -0.087727150822060881
35 62 -0.036725959729255998
35 63 0
36 0 0
36 1 -7.5643368463396685
36 2 -7.5389836388419118
36 3 -7.5120049959769739
36 4 -7.4553134802810712
36 5 -7.3752015155926518
36 6 -7.2789331803954225
36 7 -7.1681475860746442
36 8 -7.0444661819071426
36 9 -6.9093868011692496
36 10 -6.7647356134733556
36 11 -6.6117681396968475
36 12 -6.4520342721755641
36 13 -6.2865798755638727
36 14 -6.1167319943351641
36 15 -5.9433434377874761
36 16 -5.7675314904527797
36 17 -5.5899791708714197
36 18 -5.4116137103691671
36 19 -5.2329704217695205
36 20 -5.0548060436853319
36 21 -4.8775292124932479
36 22 -4.7017456499612607
36 23 -4.5277567617110401
36 24 -4.3560360008397465
36 25 -4.1867951044647826
36 26 -4.0203929055194054
36 27 -3.856967017454807
36 28 -3.6967779547361221
36 29 -3.5399027201071651
36 30 -3.3865183261933232
36 31 -3.2366527206911302
36 32 -3.0904126915399841
36 33 -2.9477868650559116
36 34 -2.8088235507583521
36 35 -2.6734801380450577
36 36 -2.5417567273964812
36 37 -2.4135860982211765
36 38 -2.2889290195198129
36 39 -2.1676990263912734
36 40 -2.0498251468150981
36 41 -1.9352059665163397
36 42 -1.8237451914002165
36 43 -1.7153298596552076
36 44 -1.6098437224547715
36 45 -1.5071649396310163
36 46 -1.4071617429073109
36 47 -1.3097054913381716
36 48 -1.2146525163377015
36 49 -1.1218689834246982
36 50 -1.031202237841883
36 51 -0.94251448980692276
36 52 -0.85564640427630723
36 53 -0.77045719879437435
36 54 -0.68678273594623596
36 55 -0.60447981818179719
36 56 -0.52337966595765817
36 57 -0.44333942941009413
36 58 -0.36421054892905302
36 59 -0.28584387679428663
36 60 -0.20770868733017189
36 61 -0.12912853739077068
36 62 -0.054583938282686484
36 63 0
37 0 0
37 1 -9.9561623741123402
37 2 -9.9025145271619639
37 3 -9.8448204154311796
37 4 -9.7528739157187498
37 5 -9.6336726103320522
37 6 -9.4952580738888006
37 7 -9.3400147537780907
37 8 -9.1695194258728261
37 9 -8.9859456924044547
37 10 -8.7911018136240688
37 11 -8.5868693917112591
37 12 -8.3747355482291166
37 13 -8.1563166705060386
37 14 -7.9328471365612456
37 15 -7.7056936850568896
37 16 -7.4758583548941537
37 17 -7.2444821272911497
37 18 -7.0123614953954592
37 19 -6.7804354440938006
37 20 -6.5493204656357591
37 21 -6.3197771240242364
37 22 -6.0922663576611518
37 23 -5.8673929358098578
37 24 -5.6454849757725789
37 25 -5.427012624724993
37 26 -5.2121919011310958
37 27 -5.001377738914619
37 28 -4.7946926196706219
37 29 -4.5923937455984527
37 30 -4.3945264344755284
37 31 -4.201265663337427
37 32 -4.0125938290361303
37 33 -3.8286172534814118
37 34 -3.6492676440624532
37 35 -3.474594400461898
37 36 -3.3044889170629048
37 37 -3.1389537064590636
37 38 -2.977848548194995
37 39 -2.8211375676632082
37 40 -2.6686561333834833
37 41 -2.5203371207217473
37 42 -2.3759973784380271
37 43 -2.2355444791145835
37 44 -2.0987815038563746
37 45 -1.9655956458884247
37 46 -1.8357799927482863
37 47 -1.7092054128080492
37 48 -1.5856579429776188
37 49 -1.4649954535658931
37 50 -1.3469991754529631
37 51 -1.2315167048985034
37 52 -1.1183261238162121
37 53 -1.0072670059415652
37 54 -0.89811555271535382
37 55 -0.79070486945787266
37 56 -0.68480847472513295
37 57 -0.58025807409767893
37 58 -0.47685672478490415
37 59 -0.37442215851448224
37 60 -0.27225574329079788
37 61 -0.16951388189262545
37 62 -0.071996816255659346
37 63 0
38 0 0
38 1 -12.266929006568446
38 2 -12.186422068520967
38 3 -12.099128698185005
38 4 -11.973565916059128
38 5 -11.816748193633346
38 6 -11.638100454056216
38 7 -11.44005140673397
38 8 -11.224804810253039
38 9 -10.994507646341065
38 10 -10.751618056418074
38 11 -10.497953551790712
38 12 -10.23559439980915
38 13 -9.9660612391129266
38 14 -9.6911284622671072
38 15 -9.4120435161537994
38 16 -9.1302939626242008
38 17 -8.8468853992528906
38 18 -8.5630459117169337
38 19 -8.2795693963232893
38 20 -7.9974515244592048
38 21 -7.7173034191762868
38 22 -7.4399151362279277
38 23 -7.1657419790577581
38 24 -6.8953940949305794
38 25 -6.6291954989546067
38 26 -6.3676005679991015
38 27 -6.1108239140313936
38 28 -5.8591863999947469
38 29 -5.6128124156533046
38 30 -5.3719095146657088
38 31 -5.1365284082922855
38 32 -4.9067814324660652
38 33 -4.6826596811673502
38 34 -4.4641962712090262
38 35 -4.2513344694455339
38 36 -4.0440421576954328
38 37 -3.8422245375789714
38 38 -3.6457963437121315
38 39 -3.4546327006309459
38 40 -3.2686055302822168
38 41 -3.0875663460789675
38 42 -2.9113529952899344
38 43 -2.7397985622319601
38 44 -2.5727141229216248
38 45 -2.4099184489544143
38 46 -2.2512018752319327
38 47 -2.0963721059200644
38 48 -1.9452036481254449
38 49 -1.7974956824162873
38 50 -1.6530108344970111
38 51 -1.5115417465870284
38 52 -1.3728422763156152
38 53 -1.2367001042011987
38 54 -1.1028628367451276
38 55 -0.97111399962748302
38 56 -0.84119483627855152
38 57 -0.71289052331729275
38 58 -0.58597670403398561
38 59 -0.46022059277298671
38 60 -0.33477778222638677
38 61 -0.20862634097576496
38 62 -0.088859168879149006
38 63 0
39 0 0
39 1 -14.481246274189106
39 2 -14.375123659424318
39 3 -14.259857219546317
39 4 -14.102246875597196
39 5 -13.909905492477796
39 6 -13.69291874969753
39 7 -13.454385900636524
39 8 -13.196462044390396
39 9 -12.921908578331282
39 10 -12.633155069635619
39 11 -12.332595117233579
39 12 -12.022238935734149
39 13 -11.704138527464243
39 14 -11.379970115792284
39 15 -11.051465786839152
39 16 -10.71999359091151
39 17 -10.386996488032263
39 18 -10.053568291317356
39 19 -9.7208934223542798
39 20 -9.389824143799153
39 21 -9.0613165735000667
39 22 -8.7360129523006158
39 23 -8.4146700391639886
39 24 -8.0977496055418996
39 25 -7.7858360927912029
39 26 -7.4792379564723905
39 27 -7.1783920836099488
39 28 -6.8834781322232423
39 29 -6.5948077274750823
39 30 -6.3124535328865194
39 31 -6.0366216832413793
39 32 -5.7672969701584407
39 33 -5.504597344082554
39 34 -5.2484362832218201
39 35 -4.9988585244427197
39 36 -4.7557203971954127
39 37 -4.5190062392077657
39 38 -4.2885272043158542
39 39 -4.064218096230297
39 40 -3.8458548924462761
39 41 -3.6333319973843872
39 42 -3.4263984582215872
39 43 -3.2249159032383359
39 44 -3.0286131570359496
39 45 -2.8373253935332858
39 46 -2.6507665879170998
39 47 -2.468750676137871
39 48 -2.2909810116317613
39 49 -2.1172545821629485
39 50 -1.947267375250487
39 51 -1.780802951139516
39 52 -1.6175523656463704
39 53 -1.4572886819532727
39 54 -1.2996998930493153
39 55 -1.1445504333031109
39 56 -0.9915241452943776
39 57 -0.84038492848786295
39 58 -0.69085995098994024
39 59 -0.54268765671913599
39 60 -0.39486463691373702
39 61 -0.24621453214245001
39 62 -0.10505421289292036
39 63 0
40 0 0
40 1 -16.582833369922426
40 2 -16.452970032154873
40 3 -16.31135611525826
40 4 -16.12387595574679
40 5 -15.898114647179089
40 6 -15.645337531284165
40 7 -15.368669041548621
40 8 -15.070823966815187
40 9 -14.754524290288197
40 10 -14.422784192805601
40 11 -14.077923507339124
40 12 -13.722494055528507
40 13 -13.358444892704084
40 14 -12.987952483586449
40 15 -12.612624158681857
40 16 -12.234284358865184
40 17 -11.854236277789207
40 18 -11.473985465067294
40 19 -11.094567468189341
40 20 -10.717201754189233
40 21 -10.342691472243487
40 22 -9.972002511982458
40 23 -9.6057386841783376
40 24 -9.2446435266027525
40 25 -8.8891518035039834
40 26 -8.5398140795050104
40 27 -8.196923284288804
40 28 -7.8608641658963521
40 29 -7.5318118406958758
40 30 -7.2100099649512979
40 31 -6.8955367157511782
40 32 -6.5885168680945574
40 33 -6.2889495407247189
40 34 -5.9968603365729267
40 35 -5.7121844319852544
40 36 -5.4348655478915822
40 37 -5.1647875412191482
40 38 -4.9018272519223496
40 39 -4.6458276395829543
40 40 -4.396611536322788
40 41 -4.1539895194944298
40 42 -3.9177413378977071
40 43 -3.6876520775049881
40 44 -3.4634675673039932
40 45 -3.2449529310437906
40 46 -3.0318276693976638
40 47 -2.8238413484627403
40 48 -2.6206933455044061
40 49 -2.4221211583307123
40 50 -2.2278090384492066
40 51 -2.0374851675570889
40 52 -1.8508226256487903
40 53 -1.6675424936346335
40 54 -1.4873098759063366
40 55 -1.3098398374982521
40 56 -1.1347892353759401
40 57 -0.96187577870019147
40 58 -0.79080348393407984
40 59 -0.62126132737033135
40 60 -0.45211459386912578
40 61 -0.28201986005734203
40 62 -0.12047743837399055
40 63 0
41 0 0
41 1 -18.556417158429667
41 2 -18.404527580980577
41 3 -18.238644687941324
41 4 -18.023417355673473
41 5 -17.766898884022233
41 6 -17.480869588400761
41 7 -17.169027552823241
41 8 -16.834033992415044
41 9 -16.479145499979467
41 10 -16.10733433185403
41 11 -15.721430801811366
41 12 -15.323907557444366
41 13 -14.917193094289679
41 14 -14.5033587958353
41 15 -14.084457261449511
41 16 -13.662188034158154
41 17 -13.238263446304048
41 18 -12.814050279164269
41 19 -12.390956031286795
41 20 -11.97005270436506
41 21 -11.552477997393279
41 22 -11.13904606584653
41 23 -10.730658384020412
41 24 -10.327906159161653
41 25 -9.9314860607018201
41 26 -9.5417986716663101
41 27 -9.1593646936856494
41 28 -8.7844235102169677
41 29 -8.417345885303595
41 30 -8.0582363838347089
41 31 -7.7073389916652699
41 32 -7.3646467844093815
41 33 -7.0302973135547999
41 34 -6.7041925344265767
41 35 -6.3863812323792679
41 36 -6.0766918114201438
41 37 -5.7750994795451049
41 38 -5.4813740629638437
41 39 -5.19543013083634
41 40 -4.9169915392142816
41 41 -4.6459231509623518
41 42 -4.3819133337363132
41 43 -4.1247864164540538
41 44 -3.8742038740881704
41 45 -3.6299571513833131
41 46 -3.3916877726237047
41 47 -3.1591606485282435
41 48 -2.9320028610540727
41 49 -2.7099580421270604
41 50 -2.4926431118900854
41 51 -2.2797847647100431
41 52 -2.0709929947197634
41 53 -1.8659812045483302
41 54 -1.6643549593257734
41 55 -1.4658166226139517
41 56 -1.2699660662770764
41 57 -1.07650552968763
41 58 -0.88509043594164061
41 59 -0.6953870633221001
41 60 -0.50611379100007592
41 61 -0.31579025701174207
41 62 -0.13501049782945823
41 63 0
42 0 0
42 1 -20.386026186822065
42 2 -20.214354505311576
42 3 -20.026283683486252
42 4 -19.785960330383745
42 5 -19.501361588101108
42 6 -19.18519975972146
42 7 -18.841174968590526
42 8 -18.472423883312146
42 9 -18.082148372070908
42 10 -17.673823287549997
42 11 -17.250193557997296
42 12 -16.814207907887269
42 13 -16.368183221190797
42 14 -15.914639841101932
42 15 -15.455499002746549
42 16 -14.992878366188286
42 17 -14.528345158251541
42 18 -14.063651082062176
42 19 -13.600050110068567
42 20 -13.138964482142145
42 21 -12.681374555946233
42 22 -12.228409406371956
42 23 -11.780813212058519
42 24 -11.339456907024307
42 25 -10.904883033934789
42 26 -10.477737499750219
42 27 -10.058392467438024
42 28 -9.6472995881753256
42 29 -9.2446884446174558
42 30 -8.8508446059440153
42 31 -8.465879421275659
42 32 -8.0899378361264471
42 33 -7.7230339924085198
42 34 -7.3651949412309063
42 35 -7.0163555438014855
42 36 -6.6764450206172974
42 37 -6.3453340551506372
42 38 -6.0228715544365725
42 39 -5.7088766091389811
42 40 -5.4031329398748795
42 41 -5.1054184255067705
42 42 -4.8154645177724325
42 43 -4.5330163682612721
42 44 -4.257764062111125
42 45 -3.9894269017093107
42 46 -3.7276626927630274
42 47 -3.4721704257617447
42 48 -3.2225830994534861
42 49 -2.9785838268886313
42 50 -2.7397868549790205
42 51 -2.5058629555556129
42 52 -2.276412446334267
42 53 -2.051096638010006
42 54 -1.8295058324691824
42 55 -1.6112933031801795
42 56 -1.3960390401999105
42 57 -1.1833995378945237
42 58 -0.97301285038123775
42 59 -0.76449716052679972
42 60 -0.55645861758201431
42 61 -0.34726459725027214
42 62 -0.14855014198146441
42 63 0
43 0 0
43 1 -22.056538582613854
43 2 -21.867207454030225
43 3 -21.659411862762131
43 4 -21.396606854968038
43 5 -21.087087830661869
43 6 -20.74391301557262
43 7 -20.371239684098271
43 8 -19.972145359522457
43 9 -19.550269757043388
43 10 -19.109030334687404
43 11 -18.651602015073184
43 12 -18.180843759383364
43 13 -17.699487285364274
43 14 -17.209939794670273
43 15 -16.714517905245305
43 16 -16.215208053981065
43 17 -15.713949942598086
43 18 -15.212351177924658
43 19 -14.71201261045306
43 20 -14.214204160273844
43 21 -13.720225563318708
43 22 -13.231049429947085
43 23 -12.747710662963364
43 24 -12.270923060956907
43 25 -11.801490775752971
43 26 -11.339904775380823
43 27 -10.886769877895844
43 28 -10.442387272395667
43 29 -10.007190941603023
43 30 -9.581322199318004
43 31 -9.1650696859920053
43 32 -8.7584415268880349
43 33 -8.3616035467632983
43 34 -7.9744541959672377
43 35 -7.5970561729703334
43 36 -7.2292187190174255
43 37 -6.8709184490915014
43 38 -6.5218929948163087
43 39 -6.1820475120387988
43 40 -5.8510629732310901
43 41 -5.5287855281449207
43 42 -5.2148520288194069
43 43 -4.909060152575595
43 44 -4.6110130031780177
43 45 -4.3204686462083401
43 46 -4.0370048871017747
43 47 -3.7603476011876911
43 48 -3.4900560606593838
43 49 -3.2258301499337869
43 50 -2.9672159150973729
43 51 -2.7138924202187957
43 52 -2.4653965421079294
43 53 -2.2213909133903575
43 54 -1.9814063937252309
43 55 -1.7450918956714889
43 56 -1.5119709526122949
43 57 -1.2816922168503062
43 58 -1.05384500965536
43 59 -0.828032785469352
43 60 -0.6027300443803868
43 61 -0.37618980329175827
43 62 -0.16097585427539177
43 63 0
44 0 0
44 1 -23.552359968635248
44 2 -23.347900365718516
44 3 -23.122849403641926
44 4 -22.840608888993799
44 5 -22.50934752671801
44 6 -22.142772297866539
44 7 -21.74501636109818
44 8 -21.319533208298441
44 9 -20.869890672028493
44 10 -20.39991136768154
44 11 -19.912671761681018
44 12 -19.411427871593069
44 13 -18.898790020445372
44 14 -18.377551439329796
44 15 -17.849889870437092
44 16 -17.31816181244367
44 17 -16.784155735972099
44 18 -16.249829396761363
44 19 -15.716624723715736
44 20 -15.186138687653951
44 21 -14.659508559035009
44 22 -14.138008530059293
44 23 -13.622511070458556
44 24 -13.114004518474289
44 25 -12.613133608176359
44 26 -12.120635987875451
44 27 -11.636962464242078
44 28 -11.162632920599956
44 29 -10.697934556274886
44 30 -10.243199873529274
44 31 -9.7985792489894212
44 32 -9.3642454826592374
44 33 -8.9402354687105934
44 34 -8.5265872214737435
44 35 -8.1232442383989767
44 36 -7.7301319269086601
44 37 -7.3471174744985532
44 38 -6.9740332077942684
44 39 -6.6106843860591296
44 40 -6.2568272578651412
44 41 -5.9122171415046143
44 42 -5.5765488470801303
44 43 -5.2495376553241933
44 44 -4.9308293950852322
44 45 -4.6201074276044833
44 46 -4.3169790687105571
44 47 -4.0211023710181246
44 48 -3.7320548164631675
44 49 -3.4494745058316849
44 50 -3.1729161794702017
44 51 -2.902002309752397
44 52 -2.6362705961697213
44 53 -2.3753314457386505
44 54 -2.118710175208308
44 55 -1.8660069543657634
44 56 -1.6167345473980805
44 57 -1.37049641718918
44 58 -1.1268720316066125
44 59 -0.88541843550851784
44 60 -0.64452176224600888
44 61 -0.40230126272428046
44 62 -0.17218601227889707
44 63 0
45 0 0
45 1 -24.858554128711976
45 2 -24.641420729061995
45 3 -24.401883492301501
45 4 -24.103238127774176
45 5 -23.753806240194152
45 6 -23.367455175391363
45 7 -22.948642216035854
45 8 -22.50075580561867
45 9 -22.027689831506201
45 10 -21.533192598838784
45 11 -21.020676243754973
45 12 -20.493295411320929
45 13 -19.953998239110771
45 14 -19.405455925879195
45 15 -18.850180839954842
45 16 -18.290391214668841
45 17 -17.728202061923824
45 18 -17.165421038847985
45 19 -16.603804218566403
45 20 -16.044790715619712
45 21 -15.489815915425208
45 22 -14.939992093056375
45 23 -14.396470898574924
45 24 -13.860077951216612
45 25 -13.331716065385457
45 26 -12.811962155476081
45 27 -12.301502564674122
45 28 -11.800700728616782
45 29 -11.310056071976645
45 30 -10.829750755748993
45 31 -10.360123914201736
45 32 -9.9012054725827525
45 33 -9.4531979893628861
45 34 -9.0160050042599327
45 35 -8.5897134029469555
45 36 -8.1741230685469191
45 37 -7.7692234703913856
45 38 -7.3747305767552689
45 39 -6.9905522562770521
45 40 -6.6163374978777298
45 41 -6.2519261728581474
45 42 -5.896914631772276
45 43 -5.5510863771167527
45 44 -5.2139970974266738
45 45 -4.8853838162643104
45 46 -4.5647714100514607
45 47 -4.251858802186244
45 48 -3.9461480195983043
45 49 -3.6473069677896173
45 50 -3.3548211347767061
45 51 -3.0683333874183218
45 52 -2.7873175553372693
45 53 -2.5113966054883265
45 54 -2.2400365327352518
45 55 -1.9728436418320836
45 56 -1.7092748850603674
45 57 -1.448935557452385
45 58 -1.1913562462320009
45 59 -0.9360893569012313
45 60 -0.68140776093274513
45 61 -0.42534444385574532
45 62 -0.18205720100308473
45 63 0
46 0 0
46 1 -25.959965083219849
46 2 -25.732884116776592
46 3 -25.481640185422368
46 4 -25.169942168201526
46 5 -24.80593403630871
46 6 -24.403822838081112
46 7 -23.968013771371226
46 8 -23.502158640954477
46 9 -23.010061220261715
46 10 -22.495763840628307
46 11 -21.962566237564285
46 12 -21.413928391866509
46 13 -20.852666556307462
46 14 -20.281763426036949
46 15 -19.703584368686396
46 16 -19.120659290995054
46 17 -18.534945266051007
46 18 -17.948556371762127
46 19 -17.363083767317381
46 20 -16.780262908784902
46 21 -16.201360948999593
46 22 -15.627772322146809
46 23 -15.060480401206641
46 24 -14.500575465581091
46 25 -13.948794845696963
46 26 -13.405960109645479
46 27 -12.872597278280749
46 28 -12.349292720389153
46 29 -11.83639258815791
46 30 -11.334279287486526
46 31 -10.843147146065403
46 32 -10.363203353078683
46 33 -9.894515095186641
46 34 -9.4371404890439905
46 35 -8.9910410431898669
46 36 -8.5561493133831892
46 37 -8.1323395852625993
46 38 -7.7194397657392049
46 39 -7.3172526243815472
46 40 -6.925519813922155
46 41 -6.5439858305670731
46 42 -6.1723220700334283
46 43 -5.8102258260315169
46 44 -5.4573119850712342
46 45 -5.1132398248455884
46 46 -4.7775793899415007
46 47 -4.4499595175152749
46 48 -4.1299151803224623
46 49 -3.8170509931205121
46 50 -3.5108749229540956
46 51 -3.2109724477444952
46 52 -2.9168310847706773
46 53 -2.6280214191413052
46 54 -2.3440159245207459
46 55 -2.0643725841512288
46 56 -1.7885489375927544
46 57 -1.5161057687487749
46 58 -1.2465733218674375
46 59 -0.97945958992268101
46 60 -0.71297795283785825
46 61 -0.44505004007680826
46 62 -0.19048980512307204
46 63 0
47 0 0
47 1 -26.841877052133061
47 2 -26.607548516990608
47 3 -26.347585609864311
47 4 -26.026195359202937
47 5 -25.651498805235072
47 6 -25.237668783541015
47 7 -24.789288688216818
47 8 -24.309939417197278
47 9 -23.803626360905564
47 10 -23.274299945819802
47 11 -22.725488831971891
47 12 -22.160539515476732
47 13 -21.582517187982109
47 14 -20.994273162652998
47 15 -20.398435645195995
47 16 -19.79738878054749
47 17 -19.193360254953781
47 18 -18.588307557794529
47 19 -17.984094458658809
47 20 -17.38229247363952
47 21 -16.784438100983781
47 22 -16.191757782605912
47 23 -15.605496357535905
47 24 -15.026575099280334
47 25 -14.455981044618055
47 26 -13.894368452730731
47 27 -13.342498186841732
47 28 -12.800793337973582
47 29 -12.269817711038929
47 30 -11.749796394550028
47 31 -11.24112260154719
47 32 -10.743853679185246
47 33 -10.258236045435613
47 34 -9.7841865589090276
47 35 -9.3218260341519201
47 36 -8.8709550774517183
47 37 -8.4315876119128479
47 38 -8.0034292775137068
47 39 -7.5864035049380307
47 40 -7.1801394269078465
47 41 -6.7844842597538033
47 42 -6.3990064261726323
47 43 -6.02348929013987
47 44 -5.6574538943178574
47 45 -5.300630404591927
47 46 -4.952503560166579
47 47 -4.6127594802774432
47 48 -4.2808556486830085
47 49 -3.9564419837761542
47 50 -3.6389559630587711
47 51 -3.3280180248649782
47 52 -3.0230513156406462
47 53 -2.723652652630546
47 54 -2.4292353391608232
47 55 -2.1393763823884893
47 56 -1.8534782842611801
47 57 -1.5711156517517111
47 58 -1.2917697179301788
47 59 -1.0149563153660413
47 60 -0.73879705584002198
47 61 -0.46116143812747862
47 62 -0.19735661670363677
47 63 0
48 0 0
48 1 -27.48962646763033
48 2 -27.25087424305314
48 3 -26.98519533307719
48 4 -26.657674157025159
48 5 -26.276204645693692
48 6 -25.854975200636467
48 7 -25.39848866506669
48 8 -24.910466139791513
48 9 -24.394804455852995
48 10 -23.855625415269479
48 11 -23.296331109227221
48 12 -22.720470110903864
48 13 -22.13096500097754
48 14 -21.530892793096015
48 15 -20.922726290065938
48 16 -20.30909224726965
48 17 -19.692053361850949
48 18 -19.073819988863775
48 19 -18.456084566120243
48 20 -17.840675464063239
48 21 -17.228954661987036
48 22 -16.622403747546745
48 23 -16.022092822206677
48 24 -15.429191612757645
48 25 -14.844514896209191
48 26 -14.268954512682862
48 27 -13.70310390076483
48 28 -13.147609526078945
48 29 -12.602874576399334
48 30 -12.069330819115029
48 31 -11.547219220677093
48 32 -11.036785429249743
48 33 -10.538133136607394
48 34 -10.051348184143309
48 35 -9.5764189313789903
48 36 -9.1132953652029745
48 37 -8.6618696054392981
48 38 -8.2219773454909539
48 39 -7.7934309146173906
48 40 -7.3759709033522425
48 41 -6.9693438948081061
48 42 -6.5732122607432117
48 43 -6.187268732617075
48 44 -5.8111121403788584
48 45 -5.4443913665312174
48 46 -5.0866542974671392
48 47 -4.7375143294728614
48 48 -4.3964790766616559
48 49 -4.0631334110717212
48 50 -3.7369535891418018
48 51 -3.4175017359452924
48 52 -3.1042300881692011
48 53 -2.7966829111039444
48 54 -2.4942945390297466
48 55 -2.1965941688356923
48 56 -1.9029987616221167
48 57 -1.6130392398017546
48 58 -1.3262083090792074
48 59 -1.0419797067648733
48 60 -0.75844971373332115
48 61 -0.47340308295076883
48 62 -0.20256040598836847
48 63 0
49 0 0
49 1 -27.88875297828951
49 2 -27.648428211431138
49 3 -27.380146482993617
49 4 -27.050089395916508
49 5 -26.665947038880535
49 6 -26.241677929365881
49 7 -25.781808398653535
49 8 -25.289983249250653
49 9 -24.770166698566833
49 10 -24.226371210744194
49 11 -23.662110488809017
49 12 -23.080807584588239
49 13 -22.485534222069383
49 14 -21.879226647775287
49 15 -21.264537832460896
49 16 -20.643941122970517
49 17 -20.019703412824192
49 18 -19.393871708876198
49 19 -18.768359733580024
49 20 -18.144825442277245
49 21 -17.524862535129987
49 22 -16.90977802075119
49 23 -16.300878006666689
49 24 -15.699156301416714
49 25 -15.10566248280881
49 26 -14.521113779617785
49 27 -13.946332503113808
49 28 -13.381794199008823
49 29 -12.828121102300452
49 30 -12.285579812395056
49 31 -11.754617459651977
49 32 -11.235321972025595
49 33 -10.727988080421445
49 34 -10.232552665670759
49 35 -9.7491785240446198
49 36 -9.2776763694037161
49 37 -8.8180953681174152
49 38 -8.3701421882453158
49 39 -7.9337686293646907
49 40 -7.5085967256683359
49 41 -7.0944952752334123
49 42 -6.6910184826903469
49 43 -6.2979647711256499
49 44 -5.9148348545018523
49 45 -5.541367835131207
49 46 -5.1770229827732726
49 47 -4.8214897290342673
49 48 -4.4741958487183844
49 49 -4.1347895147504445
49 50 -3.8026750694312379
49 51 -3.4774667561211419
49 52 -3.1585518758865589
49 53 -2.8455172372152355
49 54 -2.5377382048928321
49 55 -2.2347785454283722
49 56 -1.9360011128686259
49 57 -1.6409652711156817
49 58 -1.3491146446118711
49 59 -1.0599459968335589
49 60 -0.77148842900140557
49 61 -0.48151538087148527
49 62 -0.20596906346030081
49 63 0
50 0 0
50 1 -28.025131374109364
50 2 -27.78605537378175
50 3 -27.518304498821486
50 4 -27.189379776585074
50 5 -26.806698085750114
50 6 -26.383905676719777
50 7 -25.925420760424057
50 8 -25.434897644314574
50 9 -24.916174250278544
50 10 -24.373302888811924
50 11 -23.809657013241651
50 12 -23.228748560915975
50 13 -22.633496208341164
50 14 -22.026965579897219
50 15 -21.41164594739276
50 16 -20.790173519939515
50 17 -20.164643086944025
50 18 -19.537290519995221
50 19 -18.909851566130296
50 20 -18.284191682609318
50 21 -17.66172338669546
50 22 -17.043972808405016
50 23 -16.43206433873614
50 24 -15.827216077199214
50 25 -15.230297920728807
50 26 -14.642250835530765
50 27 -14.063721851991199
50 28 -13.495404807563888
50 29 -12.937753135438081
50 30 -12.391242272343142
50 31 -11.856158762383657
50 32 -11.332786797882839
50 33 -10.821270099172127
50 34 -10.321726978668933
50 35 -9.8341797701552327
50 36 -9.3586043236645651
50 37 -8.8949204841451497
50 38 -8.4429830118842411
50 39 -8.0026257639820297
50 40 -7.5736016919085278
50 41 -7.1556729491476192
50 42 -6.7485078665211224
50 43 -6.3518091641931589
50 44 -5.9651756876047939
50 45 -5.5882611938478597
50 46 -5.2206082014567734
50 47 -4.8618303902933695
50 48 -4.5114252414404268
50 49 -4.1689738698038434
50 50 -3.833938274530468
50 51 -3.5058733392082866
50 52 -3.1842135569986856
50 53 -2.8684930180585426
50 54 -2.5581254414893855
50 55 -2.2526274141897935
50 56 -1.9513929379599435
50 57 -1.6539387102548087
50 58 -1.3597343045863786
50 59 -1.0682370523937919
50 60 -0.77749049292086791
50 61 -0.48521450105118757
50 62 -0.20748809138447769
50 63 0
51 0 0
51 1 -27.884591523104934
51 2 -27.64966827875184
51 3 -27.385590843115523
51 4 -27.061527004436346
51 5 -26.684509498753332
51 6 -26.267765991699974
51 7 -25.815579228713297
51 8 -25.331522760668825
51 9 -24.819361183279536
51 10 -24.283021094259819
51 11 -23.725862006757886
51 12 -23.151259008008768
51 13 -22.562170599081533
51 14 -21.961512690377031
51 15 -21.351861737073165
51 16 -20.735693091036467
51 17 -20.115228693159683
51 18 -19.4925342910526
51 19 -18.869505082868383
51 20 -18.247829425628087
51 21 -17.62910391896628
51 22 -17.014673141174772
51 23 -16.405862811078588
51 24 -15.803707654054442
51 25 -15.20928926509632
51 26 -14.623366015970465
51 27 -14.046800813225392
51 28 -13.480108138282064
51 29 -12.923956087698315
51 30 -12.378646199769465
51 31 -11.844673946428451
51 32 -11.322156986480552
51 33 -10.81143859903805
51 34 -10.31247947578475
51 35 -9.8254893780889638
51 36 -9.3502966126588589
51 37 -8.8869943809365459
51 38 -8.4353007561254021
51 39 -7.9952076907753407
51 40 -7.5663427137002044
51 41 -7.1486102851296405
51 42 -6.7415646439179264
51 43 -6.3450350671382107
51 44 -5.9585174013329585
51 45 -5.5817767185280269
51 46 -5.2142631332388838
51 47 -4.8556872810888674
51 48 -4.5054641202390524
51 49 -4.1632585334078138
51 50 -3.8284589921515346
51 51 -3.5006923434781276
51 52 -3.1793275309479982
51 53 -2.8639603354200105
51 54 -2.5539457869771991
51 55 -2.2488535235520546
51 56 -1.9480245707083774
51 57 -1.6510216582326636
51 58 -1.3572653345727823
51 59 -1.0662542133682711
51 60 -0.77599234651767424
51 61 -0.48423656200750465
51 62 -0.20697908850390145
51 63 0
52 0 0
52 1 -27.453583994838212
52 2 -27.225532916236059
52 3 -26.968297589261194
52 4 -26.652765478780058
52 5 -26.28565528252863
52 6 -25.87956252627216
52 7 -25.43863659357033
52 8 -24.966325724944003
52 9 -24.466252161148695
52 10 -23.942245046892669
52 11 -23.397511212311343
52 12 -22.835393602737714
52 13 -22.258688101525742
52 14 -21.670334366152552
52 15 -21.072737395746213
52 16 -20.468445402986276
52 17 -19.859501366635833
52 18 -19.248085211676969
52 19 -18.635907526215263
52 20 -18.024804161475409
52 21 -17.416183658689636
52 22 -16.811563469478088
52 23 -16.212080209407961
52 24 -15.618959265669769
52 25 -15.033094551448993
52 26 -14.45544586789781
52 27 -13.886692258533195
52 28 -13.327554117489157
52 29 -12.778521711865235
52 30 -12.240101539728364
52 31 -11.712619219259947
52 32 -11.196391887175919
52 33 -10.691602549865795
52 34 -10.198402286651469
52 35 -9.7168513976604824
52 36 -9.2469567732156026
52 37 -8.7886738067726693
52 38 -8.3418854752549372
52 39 -7.9064580367325386
52 40 -7.4821691264825878
52 41 -7.0688097264589711
52 42 -6.6660689320169455
52 43 -6.2736745394950457
52 44 -5.8912421130375092
52 45 -5.5184467453139385
52 46 -5.1548437029321352
52 47 -4.8000644171802325
52 48 -4.4536153718384552
52 49 -4.1150921108670406
52 50 -3.7839622217402624
52 51 -3.4597920298802247
52 52 -3.1420186036593227
52 53 -2.8301848697404939
52 54 -2.5237045445172206
52 55 -2.2221008814384691
52 56 -1.9247658798801091
52 57 -1.6312208777249337
52 58 -1.3409299042695777
52 59 -1.0533551978352369
52 60 -0.76656099730466321
52 61 -0.47828679088135817
52 62 -0.20435055605028421
52 63 0
53 0 0
53 1 -26.718264619194301
53 2 -26.499943575788432
53 3 -26.25262639853009
53 4 -25.949383922217745
53 5 -25.59637682462964
53 6 -25.205608220089267
53 7 -24.780933674016246
53 8 -24.325717654553749
53 9 -23.84336561058451
53 10 -23.337566589632427
53 11 -22.811382503828444
53 12 -22.26800950505223
53 13 -21.710166372050164
53 14 -21.140635063405245
53 15 -20.561805539573456
53 16 -19.976058302818053
53 17 -19.385476139816888
53 18 -18.792062356632062
53 19 -18.197614337352778
53 20 -17.603784152991867
53 21 -17.012105933149673
53 22 -16.423908366957278
53 23 -15.840484252458456
53 24 -15.262867694870625
53 25 -14.692131468498728
53 26 -14.129044160434889
53 27 -13.574478954489775
53 28 -13.028967662817314
53 29 -12.493203267583286
53 30 -11.967508729111566
53 31 -11.452415071132666
53 32 -10.948063092959629
53 33 -10.454838906692572
53 34 -9.9727262780310202
53 35 -9.5019822442101969
53 36 -9.0424568475317457
53 37 -8.5942926905718391
53 38 -8.1572274049471023
53 39 -7.731302635403086
53 40 -7.3161628065624233
53 41 -6.9117609662692958
53 42 -6.5176653786097312
53 43 -6.1337517974682019
53 44 -5.7595272244163471
53 45 -5.3948004299944374
53 46 -5.0390299617762562
53 47 -4.6919669968314759
53 48 -4.3530324496157871
53 49 -4.0219284495715817
53 50 -3.6980472489082299
53 51 -3.3810497064442635
53 52 -3.0703066971706994
53 53 -2.765444992969524
53 54 -2.4658200245929214
53 55 -2.1710297928823836
53 56 -1.880414716033755
53 57 -1.5935630960383471
53 58 -1.3098902123511904
53 59 -1.0289213097352818
53 60 -0.74871197492359942
53 61 -0.46709526677853019
53 62 -0.19945612296977766
53 63 0
54 0 0
54 1 -25.665690432033607
54 2 -25.459621961049734
54 3 -25.225330881783318
54 4 -24.937947818005092
54 5 -24.603285675796524
54 6 -24.232415046181597
54 7 -23.829036655001644
54 8 -23.396254500519316
54 9 -22.937318282275701
54 10 -22.455680063803367
54 11 -21.954238682137191
54 12 -21.436031889251513
54 13 -20.903607765724651
54 14 -20.359658839823023
54 15 -19.806396884053338
54 16 -19.246175974283641
54 17 -18.680893708001275
54 18 -18.112582446374915
54 19 -17.542848617939704
54 20 -16.973420756312663
54 21 -16.40563804635072
54 22 -15.840944698638507
54 23 -15.280436746161106
54 24 -14.725294583336483
54 25 -14.17639479581403
54 26 -13.634675069422181
54 27 -13.100815440049468
54 28 -12.575532227778279
54 29 -12.059330694605828
54 30 -11.552727046360255
54 31 -11.056072201931379
54 32 -10.569703117991965
54 33 -10.093835310436555
54 34 -9.6286467007433245
54 35 -9.1742347717707844
54 36 -8.7306377395282695
54 37 -8.2978508295169355
54 38 -7.8757907990231493
54 39 -7.4643648187970131
54 40 -7.0633851897675433
54 41 -6.6726837146856406
54 42 -6.2919838745940604
54 43 -5.9210533598170034
54 44 -5.5595410220799719
54 45 -5.207160368155014
54 46 -4.8634983270860888
54 47 -4.5282229419052529
54 48 -4.2008704448794418
54 49 -3.8810710516596192
54 50 -3.5683200854311137
54 51 -3.2622166108943249
54 52 -2.9622234686960267
54 53 -2.6679145054795841
54 54 -2.3787273938172575
54 55 -2.0942147712525507
54 56 -1.8137913191085211
54 57 -1.5370055678098304
54 58 -1.2633372876857032
54 59 -0.99227887135516457
54 60 -0.72199823860217527
54 61 -0.45035297877527486
54 62 -0.19220750698607739
54 63 0
55 0 0
55 1 -24.282366933715174
55 2 -24.091266660484557
55 3 -23.872918344317483
55 4 -23.605077821313163
55 5 -23.292838275446339
55 6 -22.946526398633505
55 7 -22.569396381423491
55 8 -22.164467423696603
55 9 -21.734630280009316
55 10 -21.283185461225965
55 11 -20.812753753666222
55 12 -20.326218268797678
55 13 -19.825927897467828
55 14 -19.314411019614862
55 15 -18.793754562978357
55 16 -18.266139088221742
55 17 -17.733405253498066
55 18 -17.197402936428958
55 19 -16.659742089017765
55 20 -16.121961049410796
55 21 -15.58545484288743
55 22 -15.051471649277286
55 23 -14.52120717274196
55 24 -13.99564227662327
55 25 -13.475788547341139
55 26 -12.962383249373202
55 27 -12.456268515813452
55 28 -11.957962063787416
55 29 -11.468150618989124
55 30 -10.987156250128193
55 31 -10.515523663339238
55 32 -10.053402594871732
55 33 -9.6012084471623158
55 34 -9.1589409858926754
55 35 -8.7268983557263127
55 36 -8.3049514508788302
55 37 -7.8932925456214322
55 38 -7.4916832546057535
55 39 -7.1002207271638129
55 40 -6.7185752033497135
55 41 -6.3467588306452267
55 42 -5.9843665760360905
55 43 -5.6313351074623688
55 44 -5.2871983605097013
55 45 -4.9518264687214009
55 46 -4.6247047171379263
55 47 -4.3056450991179984
55 48 -3.9940948180209137
55 49 -3.6898156003630111
55 50 -3.3922254168496369
55 51 -3.1010431091323158
55 52 -2.8156646717025522
55 53 -2.5357730744748825
55 54 -2.2607482865042483
55 55 -1.9902428613078496
55 56 -1.7236216446611086
55 57 -1.4605247776730248
55 58 -1.2003838980494033
55 59 -0.94278001690541591
55 60 -0.68590645872640732
55 61 -0.42778039810771795
55 62 -0.18244772280653687
55 63 0
56 0 0
56 1 -22.555935222817368
56 2 -22.38204144605746
56 3 -22.182590292420265
56 4 -21.937661036997756
56 5 -21.651974187762022
56 6 -21.334654039260773
56 7 -20.988783648090415
56 8 -20.616990252300425
56 9 -20.221999100204133
56 10 -19.806735834440023
56 11 -19.373650629105946
56 12 -18.925339798389079
56 13 -18.463975621185927
56 14 -17.991878655198892
56 15 -17.510952488285326
56 16 -17.023244249901808
56 17 -16.530404258372599
56 18 -16.03421672627843
56 19 -15.53609494092581
56 20 -15.03757181315641
56 21 -14.539840784642266
56 22 -14.044196676557497
56 23 -13.551630668295568
56 24 -13.063213878852414
56 25 -12.579752796240909
56 26 -12.102110126143726
56 27 -11.630924901964097
56 28 -11.166867336509286
56 29 -10.710425657907832
56 30 -10.262093877112578
56 31 -9.8222252862924826
56 32 -9.3911541010864141
56 33 -8.9691136274739041
56 34 -8.556294561185334
56 35 -8.1528241594295068
56 36 -7.7587655089746681
56 37 -7.3741526913228652
56 38 -6.9989365168757844
56 39 -6.6330696832027716
56 40 -6.2764052903527752
56 41 -5.928825374952865
56 42 -5.5900989691438507
56 43 -5.2600471393152626
56 44 -4.938367447256903
56 45 -4.6248287028900528
56 46 -4.3190684676550237
56 47 -4.0208111013374168
56 48 -3.7296444648819689
56 49 -3.4452554466599432
56 50 -3.1671913341218878
56 51 -2.8951077770761366
56 52 -2.6285194780668917
56 53 -2.3670565021150964
56 54 -2.1102080056974941
56 55 -1.8575824913682248
56 56 -1.6086461303164548
56 57 -1.3630013603029321
56 58 -1.1201692290877427
56 59 -0.87970197180697951
56 60 -0.63996425127009948
56 61 -0.39904602663292543
56 62 -0.17008985455804812
56 63 0
57 0 0
57 1 -20.473312202658605
57 2 -20.31910836037201
57 3 -20.141224717845585
57 4 -19.922713732031522
57 5 -19.667432267026612
57 6 -19.383638379697366
57 7 -19.073826567708647
57 8 -18.740540756862064
57 9 -18.386010666876921
57 10 -18.013002757058516
57 11 -17.623557533300858
57 12 -17.220111654980435
57 13 -16.804513966770894
57 14 -16.378916591696182
57 15 -15.944983153191036
57 16 -15.504583027179056
57 17 -15.059204975953911
57 18 -14.61044591117507
57 19 -14.159629575371792
57 20 -13.70809285643729
57 21 -13.257004195675171
57 22 -12.807455293076814
57 23 -12.360468697475129
57 24 -11.916907559562361
57 25 -11.477657566432722
57 26 -11.043371284142092
57 27 -10.614806184714979
57 28 -10.192423068899094
57 29 -9.7768594832689981
57 30 -9.3684036874151531
57 31 -8.9675812797354748
57 32 -8.5745271864691599
57 33 -8.1896627727556144
57 34 -7.812988439471181
57 35 -7.4448288181128932
57 36 -7.0850678549290498
57 37 -6.733940771152457
57 38 -6.3912321072315583
57 39 -6.0570948498723585
57 40 -5.7312299333361638
57 41 -5.4137151555569574
57 42 -5.1041822271851549
57 43 -4.8026406809046858
57 44 -4.5086658607442942
57 45 -4.2222058353319012
57 46 -3.9427908618832106
57 47 -3.6703142185517157
57 48 -3.4042707797154064
57 49 -3.1445055717022243
57 50 -2.8904862631032135
57 51 -2.6420160210810995
57 52 -2.3985420479999635
57 53 -2.1598319637878145
57 54 -1.9253180369298304
57 55 -1.6947375357140051
57 56 -1.4675089894107192
57 57 -1.2433551677512376
57 58 -1.0217500858877981
57 59 -0.8023645175007269
57 60 -0.58362593149896869
57 61 -0.3638604930596247
57 62 -0.1549654091086993
57 63 0
58 0 0
58 1 -18.023262617333916
58 2 -17.890626134165718
58 3 -17.73702377663022
58 4 -17.548005401998548
58 5 -17.327040906207412
58 6 -17.080956803770629
58 7 -16.812066489660261
58 8 -16.522398175460765
58 9 -16.214010715087561
58 10 -15.889163627087543
58 11 -15.549722840819747
58 12 -15.197711279909392
58 13 -14.834798053455437
58 14 -14.462806814800391
58 15 -14.083214790277973
58 16 -13.697645459768353
58 17 -13.307393581498026
58 18 -12.913887624490467
58 19 -12.518249904718489
58 20 -12.121719974290714
58 21 -11.725258516533636
58 22 -11.329923648666057
58 23 -10.93652566522106
58 24 -10.545949876106805
58 25 -10.158867602188748
58 26 -9.7760009661117291
58 27 -9.3978936903179893
58 28 -9.0251151534215754
58 29 -8.6580926422257711
58 30 -8.2972538766773454
58 31 -7.9429205205134075
58 32 -7.5953901691976631
58 33 -7.2548892191048742
58 34 -6.9215969227238237
58 35 -6.5956542295333342
58 36 -6.2771338745089222
58 37 -5.9661005927534756
58 38 -5.6625322733683374
58 39 -5.3664260519048579
58 40 -5.0776763048946307
58 41 -4.7962205558221394
58 42 -4.5218804995096678
58 43 -4.2545414150115111
58 44 -3.993962506232323
58 45 -3.7399835772371657
58 46 -3.4923107852841175
58 47 -3.2507446636322754
58 48 -3.0149469484836824
58 49 -2.7846845830357116
58 50 -2.5595826528541124
58 51 -2.3393797128255724
58 52 -2.123671111538421
58 53 -1.9121718515268851
58 54 -1.7044537254944652
58 55 -1.5002117990479933
58 56 -1.2989969406855542
58 57 -1.1004970484618808
58 58 -0.90430471585964745
58 59 -0.71006685933041258
58 60 -0.51644841728660185
58 61 -0.32190405747381595
58 62 -0.13700715398417168
58 63 0
59 0 0
59 1 -15.193822592954538
59 2 -15.084923774381382
59 3 -14.957947060049769
59 4 -14.801655840219208
59 5 -14.618535139920096
59 6 -14.414458385021236
59 7 -14.191022849655871
59 8 -13.950178376934684
59 9 -13.693360801407584
59 10 -13.422668120032339
59 11 -13.139429785521731
59 12 -12.84550822371653
59 13 -12.542125530110239
59 14 -12.230935991952984
59 15 -11.913058689277065
59 16 -11.589937710098747
59 17 -11.262595399760928
59 18 -10.932270030222572
59 19 -10.599892501358568
59 20 -10.266501814439556
59 21 -9.9329420922169174
59 22 -9.6000619650712888
59 23 -9.2686228056692457
59 24 -8.9392937108235984
59 25 -8.6127567572329369
59 26 -8.2895139137952079
59 27 -7.9701709566387136
59 28 -7.6550763091819665
59 29 -7.3447621188626764
59 30 -7.039437626595598
59 31 -6.7395638405029112
59 32 -6.4452255731588028
59 33 -6.1568151344935647
59 34 -5.8743076843672792
59 35 -5.5980293459979018
59 36 -5.3278600852969191
59 37 -5.0640625178286633
59 38 -4.8064352604267562
59 39 -4.555180340524827
59 40 -4.3100280085228544
59 41 -4.0711229116753387
59 42 -3.838138859410519
59 43 -3.6111666395712434
59 44 -3.3898343492785283
59 45 -3.1741827541505474
59 46 -2.96380368609158
59 47 -2.7586920286731273
59 48 -2.5584114815838523
59 49 -2.3629154634898324
59 50 -2.1717463762086608
59 51 -1.9848208299667065
59 52 -1.8016655219719939
59 53 -1.6221651616684163
59 54 -1.445835264069862
59 55 -1.2725329905910034
59 56 -1.1017638278564048
59 57 -0.93336981173924871
59 58 -0.76689779912754807
59 59 -0.6021485505358134
59 60 -0.43788990538703826
59 61 -0.27290175308360209
59 62 -0.11604385091798906
59 63 0
60 0 0
60 1 -11.970059702372154
60 2 -11.886348799273369
60 3 -11.788388769122268
60 4 -11.667519573180009
60 5 -11.525835031578342
60 6 -11.367598338440713
60 7 -11.194220542862928
60 8 -11.007025332890136
60 9 -10.807275852557193
60 10 -10.596442860571043
60 11 -10.375680285340188
60 12 -10.146316722196534
60 13 -9.9093938079686978
60 14 -9.6661191059052438
60 15 -9.4174241252783801
60 16 -9.1643929290634958
60 17 -8.9078516609786877
60 18 -8.6487621839273263
60 19 -8.3878503292680993
60 20 -8.125957741659585
60 21 -7.8637154319436533
60 22 -7.6018478293450364
60 23 -7.3408968752937769
60 24 -7.0814737047847922
60 25 -6.8240370685339427
60 26 -6.569089586899385
60 27 -6.3170127214936143
60 28 -6.0682061331612731
60 29 -5.8229798335785592
60 30 -5.5816367517911178
60 31 -5.344421158420027
60 32 -5.1115460283477301
60 33 -4.8831954176066361
60 34 -4.6594995357908431
60 35 -4.4405875306907321
60 36 -4.2265142976107786
60 37 -4.0173591377785982
60 38 -3.8131091924349905
60 39 -3.6137987204553617
60 40 -3.4193546287988901
60 41 -3.2297706780742592
60 42 -3.0449208806161123
60 43 -2.8647627884690023
60 44 -2.689124555248477
60 45 -2.5179315720952622
60 46 -2.3509727635077433
60 47 -2.1881451825255342
60 48 -2.0292046701229243
60 49 -1.8740235597530195
60 50 -1.7223302198816735
60 51 -1.5739756985836928
60 52 -1.4286659455489248
60 53 -1.2862340365257487
60 54 -1.1463680631388586
60 55 -1.0088857423270892
60 56 -0.8734595041879355
60 57 -0.73990044160178403
60 58 -0.60790730265965609
60 59 -0.47726309029010872
60 60 -0.34704695425118864
60 61 -0.2162317740972306
60 62 -0.091887393435749254
60 63 0
61 0 0
61 1 -8.3239367864810738
61 2 -8.267200879679022
61 3 -8.2002273213255599
61 4 -8.1176835626644444
61 5 -8.0205895043818956
61 6 -7.9121979726706479
61 7 -7.7931028957713089
61 8 -7.6645503254082739
61 9 -7.5270749842387072
61 10 -7.3819821519952242
61 11 -7.2297801178414902
61 12 -7.071633428157992
61 13 -6.9080261436359089
61 14 -6.7399921369358635
61 15 -6.5679951775318841
61 16 -6.3929343566295911
61 17 -6.2152570351457381
61 18 -6.0357276495668062
61 19 -5.8547795350689524
61 20 -5.6730446779275576
61 21 -5.4909435273963885
61 22 -5.3089799765886676
61 23 -5.1275615789916529
61 24 -4.9470703671257841
61 25 -4.767900005865509
61 26 -4.5903184877273295
61 27 -4.4147038234506404
61 28 -4.241219048426208
61 29 -4.0702242137864886
61 30 -3.9017873966912444
61 31 -3.7362480819898827
61 32 -3.5735899514727545
61 33 -3.4141292460807304
61 34 -3.2577760362061929
61 35 -3.1048207804504102
61 36 -2.9551106228262007
61 37 -2.8089080217331652
61 38 -2.6660074950027894
61 39 -2.5266417504786616
61 40 -2.390562352180158
61 41 -2.2579710842454217
61 42 -2.1285854069583765
61 43 -2.0025756570339195
61 44 -1.8796330756476334
61 45 -1.7598967145035322
61 46 -1.6430384230832955
61 47 -1.5291668214020386
61 48 -1.4179400949184293
61 49 -1.3094379538836929
61 50 -1.2033095503677227
61 51 -1.0996078295063496
61 52 -0.99797648624331936
61 53 -0.89844443484347514
61 54 -0.80065255256252388
61 55 -0.70460855856208049
61 56 -0.60995100339990937
61 57 -0.51667396295489965
61 58 -0.42444131647740224
61 59 -0.33322074063832785
61 60 -0.2422504888316048
61 61 -0.15092431479353832
61 62 -0.064056953562085156
61 63 0
62 0 0
62 1 -4.2620628511216472
62 2 -4.2332400465700966
62 3 -4.1992841363859279
62 4 -4.1572949009003324
62 5 -4.1080058658325616
62 6 -4.0528313083876268
62 7 -3.9922817904327172
62 8 -3.9267854005151714
62 9 -3.8568031430972556
62 10 -3.7828170119444318
62 11 -3.7052510946259551
62 12 -3.6245434923060076
62 13 -3.5410795240288739
62 14 -3.4552604502020516
62 15 -3.3674329098290228
62 16 -3.2779603450450421
62 17 -3.187151721850574
62 18 -3.0953328947361554
62 19 -3.0027763249839117
62 20 -2.9097706804337053
62 21 -2.8165533077175482
62 22 -2.7233763827752524
62 23 -2.6304437004066261
62 24 -2.5379719089733528
62 25 -2.4461329510775855
62 26 -2.3551091721250623
62 27 -2.265042468446568
62 28 -2.1760823505373041
62 29 -2.0883425526233999
62 30 -2.001941437974688
62 31 -1.9169665149461226
62 32 -1.8335068761633875
62 33 -1.7516257677809013
62 34 -1.6713850406453052
62 35 -1.5928256467935784
62 36 -1.5159843356688696
62 37 -1.440881716507542
62 38 -1.3675316463522591
62 39 -1.2959363071754983
62 40 -1.2260888984200184
62 41 -1.1579750380279443
62 42 -1.0915694877452671
62 43 -1.026843098674185
62 44 -0.96375436317213137
62 45 -0.90226108593067644
62 46 -0.84230757547451773
62 47 -0.78384022622445448
62 48 -0.72679114122591526
62 49 -0.67109685228774152
62 50 -0.61667911110794049
62 51 -0.56346604432636338
62 52 -0.51137077292238753
62 53 -0.46031440206086521
62 54 -0.41020302834397471
62 55 -0.36095183975027223
62 56 -0.31246073657510498
62 57 -0.26464221221536599
62 58 -0.21740492132500125
62 59 -0.17065140829007319
62 60 -0.12406988309044321
62 61 -0.077270636061514672
62 62 -0.032795117118753457
62 63 0
63 0 0
63 1 0
63 2 0
63 3 0
63 4 0
63 5 0
63 6 0
63 7 0
63 8 0
63 9 0
63 10 0
63 11 0
63 12 0
63 13 0
63 14 0
63 15 0
63 16 0
63 17 0
63 18 0
63 19 0
63 20 0
63 21 0
63 22 0
63 23 0
63 24 0
63 25 0
63 26 0
63 27 0
63 28 0
63 29 0
63 30 0
63 31 0
63 32 0
63 33 0
63 34 0
63 35 0
63 36 0
63 37 0
63 38 0
63 39 0
63 40 0
63 41 0
63 42 0
63 43 0
63 44 0
63 45 0
63 46 0
63 47 0
63 48 0
63 49 0
63 50 0
63 51 0
63 52 0
63 53 0
63 54 0
63 55 0
63 56 0
63 57 0
63 58 0
63 59 0
63 60 0
63 61 0
63 62 0
63 63 0
