0 0 0
0 1 0
0 2 0
0 3 0
0 4 0
0 5 0
0 6 0
0 7 0
0 8 0
0 9 0
0 10 0
0 11 0
0 12 0
0 13 0
0 14 0
0 15 0
0 16 0
0 17 0
0 18 0
0 19 0
0 20 0
0 21 0
0 22 0
0 23 0
0 24 0
0 25 0
0 26 0
0 27 0
0 28 0
0 29 0
0 30 0
0 31 0
0 32 0
0 33 0
0 34 0
0 35 0
0 36 0
0 37 0
0 38 0
0 39 0
0 40 0
0 41 0
0 42 0
0 43 0
0 44 0
0 45 0
0 46 0
0 47 0
0 48 0
0 49 0
0 50 0
0 51 0
0 52 0
0 53 0
0 54 0
0 55 0
0 56 0
0 57 0
0 58 0
0 59 0
0 60 0
0 61 0
0 62 0
0 63 0
1 0 0
1 1 5.1859600669654169
1 2 5.1262617187050914
1 3 5.0588180381727748
1 4 4.9835931558068571
1 5 4.9005024907190418
1 6 4.8112126990692552
1 7 4.7165149323823492
1 8 4.6169142566545673
1 9 4.5130244321838333
1 10 4.4054138445265414
1 11 4.2946580937145749
1 12 4.1812546858092707
1 13 4.0657206629750444
1 14 3.948496398112888
1 15 3.8300436108918419
1 16 3.7107475390320799
1 17 3.5910157259890139
1 18 3.4711812839148095
1 19 3.351599000279943
1 20 3.2325527945501564
1 21 3.1143463359418599
1 22 2.9972173564187807
1 23 2.8814203487169152
1 24 2.767149922648537
1 25 2.6546136714508641
1 26 2.5439662003375441
1 27 2.4353708174895115
1 28 2.3289452733852003
1 29 2.2248115162169055
1 30 2.1230535970392133
1 31 2.0237552898812914
1 32 1.9269700760939132
1 33 1.832746935326989
1 34 1.7411118506997498
1 35 1.6520825038887992
1 36 1.5656603608259301
1 37 1.4818353365109329
1 38 1.4005872402472697
1 39 1.321881705981079
1 40 1.2456795997820775
1 41 1.1719256398266995
1 42 1.1005642928117023
1 43 1.0315225410751652
1 44 0.96473080889071672
1 45 0.90010128469365935
1 46 0.83755250846687157
1 47 0.77698454010608364
1 48 0.71830598851738614
1 49 0.66140715016097207
1 50 0.60618845084771311
1 51 0.55253247840382136
1 52 0.50033302515098743
1 53 0.44946673871570891
1 54 0.39982215439568974
1 55 0.35127121037464787
1 56 0.30369774322412613
1 57 0.25697265390256119
1 58 0.21099002122929911
1 59 0.16560880207406373
1 60 0.12050585098066155
1 61 0.075287044462247515
1 62 0.032338586644237631
1 63 0
2 0 0
2 1 10.146351323035177
2 2 10.027739907122807
2 3 9.8944068546117308
2 4 9.7455907486529654
2 5 9.5817102332141726
2 6 9.4054974259018298
2 7 9.2190604783087569
2 8 9.0228789823432383
2 9 8.81864267047672
2 10 8.6070266951910135
2 11 8.3895677505309596
2 12 8.1668775216542606
2 13 7.9402925868203207
2 14 7.7103939094176877
2 15 7.4783212133826389
2 16 7.2446310721774294
2 17 7.0102687130370285
2 18 6.7757716591317987
2 19 6.5418964917711753
2 20 6.309164096174162
2 21 6.0781512665980317
2 22 5.849362399473593
2 23 5.6232060779120001
2 24 5.4001685304657601
2 25 5.1805039621734217
2 26 4.9646774239478297
2 27 4.7528042898531151
2 28 4.5453245853301985
2 29 4.3422315204756821
2 30 4.1439358745750123
2 31 3.950325876659261
2 32 3.7617788823036773
2 33 3.5780952599805662
2 34 3.3996151576650067
2 35 3.2260676183413999
2 36 3.0577524669542733
2 37 2.894342924778091
2 38 2.73609624156233
2 39 2.5826439346079599
2 40 2.4341994058450487
2 41 2.2903649428273836
2 42 2.1513098507261694
2 43 2.0166178571571085
2 44 1.8864149275638198
2 45 1.7602750243170358
2 46 1.6382824694183051
2 47 1.5200083885926909
2 48 1.405497994371288
2 49 1.2943247141623007
2 50 1.1864978999979721
2 51 1.0815967552094599
2 52 0.97959860718767489
2 53 0.88009044974731487
2 54 0.78302190818209305
2 55 0.68798798354010815
2 56 0.59491398991869882
2 57 0.50340739604867202
2 58 0.41340144620025016
2 59 0.32449120072832921
2 60 0.23617426019163154
2 61 0.14756027002211736
2 62 0.063451882370498883
2 63 0
3 0 0
3 1 14.6363982077049
3 2 14.461285331157768
3 3 14.264607968377229
3 4 14.045996417709054
3 5 13.805303282738059
3 6 13.547327048056793
3 7 13.274481126027085
3 8 12.988116991039892
3 9 12.690107232691052
3 10 12.381991890598385
3 11 12.065512488671576
3 12 11.74200282383887
3 13 11.413013271950335
3 14 11.079714958990163
3 15 10.743477349941502
3 16 10.405317611668005
3 17 10.06642884451959
3 18 9.7276856885921088
3 19 9.390110562967191
3 20 9.0544463922527001
3 21 8.7215514898134092
3 22 8.3920476191947415
3 23 8.0666366387005315
3 24 7.7458293650689267
3 25 7.4301799527303922
3 26 7.1200981030789139
3 27 6.8160000624977863
3 28 6.5182038146302244
3 29 6.2269984004097791
3 30 5.9426190025461496
3 31 5.6652388642933973
3 32 5.3950187658751165
3 33 5.1320280191461656
3 34 4.8763608570584678
3 35 4.6279947128175607
3 36 4.3869645731971367
3 37 4.1531679535505308
3 38 3.9265873439896835
3 39 3.7070519432642155
3 40 3.4944979569561236
3 41 3.288697266719689
3 42 3.0895454917472818
3 43 2.8967673890058121
3 44 2.7102232054536355
3 45 2.5295997981806497
3 46 2.3547268063812345
3 47 2.1852613335159305
3 48 2.0210067626425534
3 49 1.8615974516091855
3 50 1.7068145038176734
3 51 1.5562753884000011
3 52 1.4097425724472945
3 53 1.2668214338708834
3 54 1.1272591920823558
3 55 0.99065217371242253
3 56 0.85673363285452764
3 57 0.72510076817331259
3 58 0.59551544052810712
3 59 0.46754294533916751
3 60 0.34032719292282759
3 61 0.21273060416996772
3 62 0.091546444225226578
3 63 0
4 0 0
4 1 18.649643866760002
4 2 18.420023782204559
4 3 18.163326825138615
4 4 17.878560404070555
4 5 17.565875402135195
4 6 17.231232130197487
4 7 16.878097270074608
4 8 16.507932323187202
4 9 16.12342155228286
4 10 15.726330397386606
4 11 15.319098321054797
4 12 14.903278959244293
4 13 14.48098762279732
4 14 14.053625508382426
4 15 13.622999915491903
4 16 13.190370520059705
4 17 12.75724771725729
4 18 12.324761888170569
4 19 11.89414114690083
4 20 11.466396058010277
4 21 11.042489759402615
4 22 10.623320632252851
4 23 10.209606523770693
4 24 9.802139771672449
4 25 9.4014144952506538
4 26 9.0081220453800857
4 27 8.6225556796665792
4 28 8.245310108054932
4 29 7.8765012770718466
4 30 7.5166312183399713
4 31 7.1656621808163603
4 32 6.8240073685597578
4 33 6.4914984209864137
4 34 6.1684636634246131
4 35 5.8546261620080697
4 36 5.5502335573478252
4 37 5.2549208836064576
4 38 4.9688596228162947
4 39 4.6916154763389324
4 40 4.4232886587374756
4 41 4.1633921495947837
4 42 3.9119601395592007
4 43 3.668467263037777
4 44 3.4328872354002975
4 45 3.2046684347664427
4 46 2.9837298841613276
4 47 2.7695035356906743
4 48 2.5618596545256311
4 49 2.3602214372878167
4 50 2.1644163925374476
4 51 1.9738646226325898
4 52 1.7883568749466712
4 53 1.6073140768625693
4 54 1.4304961916194221
4 55 1.2573263732047928
4 56 1.0875372945515367
4 57 0.92056445924768981
4 58 0.75616969284844104
4 59 0.59375542797733338
4 60 0.43229005738519133
4 61 0.27029725159264223
4 62 0.11645641942911886
4 63 0
5 0 0
5 1 22.214623113341442
5 2 21.933602375681271
5 3 21.620223430229956
5 4 21.273772152399932
5 5 20.893868386978607
5 6 20.488342238754207
5 7 20.060951449646105
5 8 19.613894630553514
5 9 19.150032237766055
5 10 18.671843329697627
5 11 18.181964251672948
5 12 17.682516943666052
5 13 17.175821759438641
5 14 16.663717190936556
5 15 16.148229718829381
5 16 15.630931694068673
5 17 15.113568364218711
5 18 14.597467762252872
5 19 14.084107970737897
5 20 13.574593524155549
5 21 13.070150273798559
5 22 12.571679568268138
5 23 12.08017099395639
5 24 11.596342308910133
5 25 11.120963788191254
5 26 10.654588350289247
5 27 10.197784766798751
5 28 9.7509588979123691
5 29 9.314496451298659
5 30 8.8886729346062143
5 31 8.4737097764135445
5 32 8.069767681970216
5 33 7.6769226054055446
5 34 7.2952347932982553
5 35 6.9246532099913436
5 36 6.5651507597360803
5 37 6.2165672504314813
5 38 5.8788001398993988
5 39 5.5515969581613067
5 40 5.2347904232726226
5 41 4.9280514509832232
5 42 4.6311575879604234
5 43 4.3437173783724701
5 44 4.0654616935796515
5 45 3.7959493827876081
5 46 3.5348721425311713
5 47 3.2817501557435613
5 48 3.0362425329088523
5 49 2.7978401521991891
5 50 2.566175302688412
5 51 2.3407172863221408
5 52 2.1210766070453615
5 53 1.9067072631042199
5 54 1.6972024321271924
5 55 1.4920045533612469
5 56 1.290690552730051
5 57 1.0927059457519421
5 58 0.89767548521509544
5 59 0.70499526532943557
5 60 0.51335342072509627
5 61 0.32110581896758805
5 62 0.13847473113679509
5 63 0
6 0 0
6 1 25.348837925302782
6 2 25.019193849273943
6 3 24.653109950479131
6 4 24.249300562771079
6 5 23.807592036837846
6 6 23.336880500637928
6 7 22.841811173495618
6 8 22.324697630070606
6 9 21.789049630794743
6 10 21.237566894306276
6 11 20.6734178256668
6 12 20.098940769927406
6 13 19.516857619903071
6 14 18.929232791153755
6 15 18.338373431484051
6 16 17.746088713031043
6 17 17.154293730245978
6 18 16.564564345147939
6 19 15.978449530331794
6 20 15.397310924355981
6 21 14.822359309459474
6 22 14.254759370260155
6 23 13.695413259401972
6 24 13.145304371671266
6 25 12.605056842155038
6 26 12.075487127424587
6 27 11.556972396304957
6 28 11.050175458516263
6 29 10.555257376746709
6 30 10.072739758617868
6 31 9.6025976214909168
6 32 9.145223139337249
6 33 8.7004339911766664
6 34 8.2685041359736005
6 35 7.8491207912467313
6 36 7.4424504547372745
6 37 7.0480745474472588
6 38 6.6660624427068269
6 39 6.295911939491166
6 40 5.9376052236284416
6 41 5.5905759817493452
6 42 5.2547287428829108
6 43 4.9294498514498963
6 44 4.6145752826008968
6 45 4.3094580846452546
6 46 4.0138743253295717
6 47 3.7271551722984007
6 48 3.4490249480027311
6 49 3.1788018818509616
6 50 2.9161662074419383
6 51 2.660429886744422
6 52 2.4112362135025722
6 53 2.1678956229933206
6 54 1.9300211865040444
6 55 1.6969234933210282
6 56 1.4681883806848746
6 57 1.2431407834905117
6 58 1.0214145681538891
6 59 0.80228518910517932
6 60 0.58431163614608006
6 61 0.36560187742320271
6 62 0.15783683463588041
6 63 0
7 0 0
7 1 28.063134192141366
7 2 27.688637891269291
7 3 27.273863156612336
7 4 26.817750293670748
7 5 26.319648102677341
7 6 25.790043273626559
7 7 25.233854016551682
7 8 24.653968775302801
7 9 24.054070319263563
7 10 23.437396923092123
7 11 22.807310128862202
7 12 22.166547056422317
7 13 21.518031122100247
7 14 20.864102561931386
7 15 20.207283089183552
7 16 19.549544496916365
7 17 18.893030167837765
7 18 18.23937767374413
7 19 17.590376872640551
7 20 16.947363585409658
7 21 16.311799438240346
7 22 15.684749780973425
7 23 15.067373868750433
7 24 14.460496321397805
7 25 13.86500029998534
7 26 13.2814976958302
7 27 12.710622052384339
7 28 12.152798626492547
7 29 11.608437731217295
7 30 11.077802057974099
7 31 10.561104655298466
7 32 10.058467627819589
7 33 9.5699319537609142
7 34 9.0954990249479231
7 35 8.63506182801504
7 36 8.1885188439070227
7 37 7.7556377149413303
7 38 7.336229813789914
7 39 6.9299583834422682
7 40 6.5365615963607304
7 41 6.1556173256667908
7 42 5.7868026854124297
7 43 5.4296271447108158
7 44 5.0837172784684217
7 45 4.7485289741735421
7 46 4.4236473164924686
7 47 4.1084872775521308
7 48 3.8026001854709981
7 49 3.5053706579889718
7 50 3.2163228381540727
7 51 2.9348195458285624
7 52 2.6603633048104212
7 53 2.3923019553108471
7 54 2.1301211799071775
7 55 1.8731575485559662
7 56 1.6208803315129099
7 57 1.3726327811797565
7 58 1.1279484042501153
7 59 0.88610732752353805
7 60 0.6454592016724201
7 61 0.40400142575572762
7 62 0.17457774872119666
7 63 0
8 0 0
8 1 30.370737956699241
8 2 29.954882843540357
8 3 29.495956686911828
8 4 28.992472192382312
8 5 28.443881857376482
8 6 27.86159762057661
8 7 27.251231200522604
8 8 26.61578993386534
8 9 25.959428251536128
8 10 25.285596445976726
8 11 24.598014481478735
8 12 23.899629902855441
8 13 23.193603900135042
8 14 22.482496593940656
8 15 21.768959240605998
8 16 21.055193405168005
8 17 20.343376290990783
8 18 19.63538447171063
8 19 18.932959555998345
8 20 18.237683425805372
8 21 17.550901481561873
8 22 16.87392901097984
8 23 16.20775506733883
8 24 15.553454283814572
8 25 14.911699066228227
8 26 14.283347349642854
8 27 13.668793815810677
8 28 13.068701830822253
8 29 12.483225906874596
8 30 11.912855286631878
8 31 11.357539960873748
8 32 10.817613937701902
8 33 10.292855968112027
8 34 9.7834622669943148
8 35 9.2890708939858282
8 36 8.8097563567109844
8 37 8.3450435741115641
8 38 7.8949001540639268
8 39 7.4587622671801634
8 40 7.0365042153739195
8 41 6.6274945944175752
8 42 6.2315268362224465
8 43 5.8479199469865879
8 44 5.4763978177431039
8 45 5.1162447720389848
8 46 4.7671254323533399
8 47 4.4283014433867036
8 48 4.0993874275890532
8 49 3.7796316780076902
8 50 3.4686071399364273
8 51 3.1655556614210583
8 52 2.8700159630046453
8 53 2.5812283419057849
8 54 2.2987040331065538
8 55 2.0216832494801018
8 56 1.7496518344254273
8 57 1.4818670067820698
8 58 1.2178785158627334
8 59 0.95688114632995391
8 60 0.69713758680103943
8 61 0.43647455974212479
8 62 0.18880079402260011
8 63 0
9 0 0
9 1 32.28413404602572
9 2 31.831233853690993
9 3 31.332729774561869
9 4 30.787370079082233
9 5 30.194192701909518
9 6 29.565864667377419
9 7 28.908241174487038
9 8 28.224733001370161
9 9 27.519658350315478
9 10 26.796825407662219
9 11 26.060138433659862
9 12 25.312775994721072
9 13 24.558093480886988
9 14 23.798773120068912
9 15 23.037673341107748
9 16 22.27702093816081
9 17 21.519212979324507
9 18 20.766068187731523
9 19 20.01955896497336
9 20 19.281140499703344
9 21 18.552396959616004
9 22 17.834462291270551
9 23 17.128568562574092
9 24 16.435568063390075
9 25 15.756376343481563
9 26 15.091600678061646
9 27 14.441874854812802
9 28 13.807594673703504
9 29 13.189145782070185
9 30 12.586742870127107
9 31 12.000555612727554
9 32 11.430644790969994
9 33 10.876994511080666
9 34 10.33953576064221
9 35 9.8180954356477308
9 36 9.3124958992277929
9 37 8.8224329132643984
9 38 8.347638622732191
9 39 7.8877012688918597
9 40 7.4422786374851535
9 41 7.010872483377578
9 42 6.5930797788272919
9 43 6.1883341972373733
9 44 5.7961833717639575
9 45 5.41600868550276
9 46 5.0473180758613747
9 47 4.6894538897728957
9 48 4.3418924134927499
9 49 4.0039478067458303
9 50 3.6750713689519836
9 51 3.3545576867884384
9 52 3.0418385691320831
9 53 2.7361957545590316
9 54 2.4370461611191079
9 55 2.1436619141934301
9 56 1.8554446240095521
9 57 1.5716769616796438
9 58 1.2918378555899417
9 59 1.0151364676374084
9 60 0.73968827129297099
9 61 0.46325963639042556
9 62 0.20056329451223334
9 63 0
10 0 0
10 1 33.817639935751529
10 2 33.331787377001994
10 3 32.798672539264714
10 4 32.216834642512431
10 5 31.585308054584125
10 6 30.917504669603147
10 7 30.219762271868582
10 8 29.49561242044771
10 9 28.749661280112495
10 10 27.985915820114688
10 11 27.208465534972799
10 12 26.420690356113074
10 13 25.626026297065938
10 14 24.827367297392556
10 15 24.027561796977704
10 16 23.229057996300092
10 17 22.434166141152797
10 18 21.644934529489639
10 19 20.86318615714865
10 20 20.090611282147467
10 21 19.328596132889718
10 22 18.578511844399308
10 23 17.841357378132834
10 24 17.118220604766318
10 25 16.409761084580023
10 26 15.716816308911561
10 27 15.039752102344501
10 28 14.379185594463191
10 29 13.73523184261831
10 30 13.108314895878914
10 31 12.498338907334546
10 32 11.905559536430051
10 33 11.329706478526026
10 34 10.770889258491641
10 35 10.228695935398209
10 36 9.7031098769053639
10 37 9.193606595134634
10 38 8.7000611584803025
10 39 8.2218618785345274
10 40 7.7587914188722289
10 41 7.3101725700631457
10 42 6.8757096739638772
10 43 6.4546781633967543
10 44 6.0467164780899845
10 45 5.6510675517495192
10 46 5.2673148217570196
10 47 4.8946805348857199
10 48 4.5327026465916509
10 49 4.180591773899474
10 50 3.8378486682996824
10 51 3.5036789224999647
10 52 3.1775532647824023
10 53 2.8586768756659588
10 54 2.5464967667419476
10 55 2.2402186917844138
10 56 1.9392670018186162
10 57 1.6428670329828794
10 58 1.350519346781575
10 59 1.0613771127556997
10 60 0.77350735136003212
10 61 0.48457163378838347
10 62 0.20998282010157696
10 63 0
11 0 0
11 1 34.984615914585603
11 2 34.470525370558136
11 3 33.907795706961771
11 4 33.295263562023386
11 5 32.631619908833152
11 6 31.93115252390794
11 7 31.200404907029416
11 8 30.44313722942054
11 9 29.664106269360822
11 10 28.867496207321686
11 11 28.05756872387866
11 12 27.237773359839959
11 13 26.41173076377628
11 14 25.582314557493003
11 15 24.752571519848093
11 16 23.924852747783394
11 17 23.101679171427495
11 18 22.284939304753571
11 19 21.476676691338877
11 20 20.678373073128864
11 21 19.891641763414693
11 22 19.117609992615591
11 23 18.35750653968644
11 24 17.612152303054927
11 25 16.882435437288724
11 26 16.168914387329355
11 27 15.472178523379055
11 28 14.792563320584058
11 29 14.130398861454006
11 30 13.485832771009408
11 31 12.858972749648801
11 32 12.249809462418337
11 33 11.658262330368116
11 34 11.084191936639401
11 35 10.527360557409292
11 36 9.9875218390475435
11 37 9.4643089677051204
11 38 8.9573883854894429
11 39 8.4662891113187051
11 40 7.9906070455794298
11 41 7.5297888386334773
11 42 7.0833737904578573
11 43 6.6507449239797536
11 44 6.2313965005100371
11 45 5.8246637198412641
11 46 5.4300053115564539
11 47 5.0467216881524291
11 48 4.6742438010650007
11 49 4.3118477515011122
11 50 3.9589429860532093
11 51 3.6147894419887403
11 52 3.2787801090369335
11 53 2.9501649860726697
11 54 2.6283247355271948
11 55 2.3125019549468755
11 56 2.0020636983753435
11 57 1.6962665998525517
11 58 1.3945644309796126
11 59 1.0961330126482134
11 60 0.79894669877456437
11 61 0.50065036148200248
11 62 0.21712820123945997
11 63 0
12 0 0
12 1 35.79983003882419
12 2 35.262055424288057
12 3 34.674956483532576
12 4 34.037438462099409
12 5 33.348081133455374
12 6 32.621705008126042
12 7 31.86511623105066
12 8 31.08219621767946
12 9 30.277806536624741
12 10 29.4563134683338
12 11 28.621996795235042
12 12 27.778496114744197
12 13 26.929366569149892
12 14 26.077683841230282
12 15 25.226359940204194
12 16 24.377958186473034
12 17 23.53480932827906
12 18 22.699021777116595
12 19 21.872407187826866
12 20 21.056671634174538
12 21 20.253167809008364
12 22 19.463248090977817
12 23 18.687863754925193
12 24 17.928057963850399
12 25 17.184434914939718
12 26 16.457768910589291
12 27 15.748367745470677
12 28 15.056773201048008
12 29 14.383043331016928
12 30 13.727519893743201
12 31 13.090053616840795
12 32 12.470815109681162
12 33 11.869485818356958
12 34 11.286090701019765
12 35 10.720175574535077
12 36 10.171642131304582
12 37 9.6399298887058436
12 38 9.124836816921345
12 39 8.6257212902444635
12 40 8.1422945268675164
12 41 7.6738549562632468
12 42 7.2200417024831243
12 43 6.7801107573100046
12 44 6.353641745264313
12 45 5.9398623412077107
12 46 5.538303436502007
12 47 5.1481754527577186
12 48 4.7689697064139516
12 49 4.3998877147747812
12 50 4.0403889733647569
12 51 3.6896720651577462
12 52 3.347171215246175
12 53 3.0120861515689739
12 54 2.6838314441597686
12 55 2.3616083671367933
12 56 2.0448118748397386
12 57 1.7326648798143742
12 58 1.4246470404438234
12 59 1.1199024189719786
12 60 0.81639207052685869
12 61 0.51171210702839898
12 62 0.22211234530269486
12 63 0
13 0 0
13 1 36.277465170244817
13 2 35.720965159096771
13 3 35.114763972843917
13 4 34.458168536268232
13 5 33.749492679082891
13 6 33.004024460561446
13 7 32.228731713606507
13 8 31.427552145289756
13 9 30.605482005007229
13 10 29.766889812483573
13 11 28.916213189806758
13 12 28.057010689290859
13 13 27.193011090126184
13 14 26.327141748399853
13 15 25.462503375438121
13 16 24.601456760445465
13 17 23.746533884489761
13 18 22.899599700184481
13 19 22.062676356632824
13 20 21.237198179478472
13 21 20.42473386821775
13 22 19.626347383656793
13 23 18.843207593916151
13 24 18.07606286912781
13 25 17.325732746846565
13 26 16.592699141024902
13 27 15.877479396391646
13 28 15.180332485916383
13 29 14.501517148402462
13 30 13.84110748583311
13 31 13.199143538347364
13 32 12.575547453658332
13 33 11.97017672850864
13 34 11.382829696868079
13 35 10.813213698757844
13 36 10.261027050883694
13 37 9.7258555926481183
13 38 9.2073175364216553
13 39 8.7049022368874489
13 40 8.21816429770805
13 41 7.7465181034854549
13 42 7.2894681814067619
13 43 6.8463721416178354
13 44 6.4166954317548921
13 45 5.9997539831786346
13 46 5.5949830188059204
13 47 5.2016690354691617
13 48 4.8192240975395206
13 49 4.4469149310873481
13 50 4.0841360298509208
13 51 3.7301417084346951
13 52 3.3843132803919596
13 53 3.0458981494581603
13 54 2.7142679645693386
13 55 2.3886649889530838
13 56 2.0684491600734756
13 57 1.7528795320678303
13 58 1.4414083988223103
13 59 1.1332096075034221
13 60 0.8261993155683387
13 61 0.5179948917690983
13 62 0.22501173174562578
13 63 0
14 0 0
14 1 36.432737149185492
14 2 35.862372976058452
14 3 35.242435609575217
14 4 34.572619930808401
14 5 33.851024730756734
14 6 33.093236133160694
14 7 32.306263160891454
14 8 31.494164258020831
14 9 30.661863470657966
14 10 29.813892459675529
14 11 28.954550384819377
14 12 28.087573172118066
14 13 27.216492140845393
14 14 26.344426264543539
14 15 25.474233294731583
14 16 24.60847676444385
14 17 23.749413005457505
14 18 22.899117317004762
14 19 22.05931566363591
14 20 21.231656465244473
14 21 20.417402744110291
14 22 19.617832403354498
14 23 18.83380878466691
14 24 18.066290337173015
14 25 17.31579929275108
14 26 16.583020447824616
14 27 15.868188491224107
14 28 15.171755263679048
14 29 14.493716309416046
14 30 13.834326362989632
14 31 13.193385021990169
14 32 12.570981240890955
14 33 11.966756746690688
14 34 11.38066188218952
14 35 10.81221362790563
14 36 10.261247112110846
14 37 9.7271829841769097
14 38 9.2097611740883352
14 39 8.7083300057993451
14 40 8.2225512277942894
14 41 7.751720774024947
14 42 7.295436592048457
14 43 6.8529584558993575
14 44 6.4238325954648161
14 45 6.0072955275483855
14 46 5.602851861463928
14 47 5.2097248120354918
14 48 4.8273857613728586
14 49 4.4550520037437131
14 50 4.0921686364162992
14 51 3.737952191047603
14 52 3.3918272092351627
14 53 3.0530128908870338
14 54 2.7209180302455822
14 55 2.394764320060621
14 56 2.0739439584219701
14 57 1.7577015817949175
14 58 1.4455187686086732
14 59 1.1365575439281479
14 60 0.82875268661659462
14 61 0.51972034696259883
14 62 0.22593752563187483
14 63 0
15 0 0
15 1 36.280630088553934
15 2 35.701440159556746
15 3 35.073145162368391
15 4 34.395976643286033
15 5 33.667849224128631
15 6 32.904394491833997
15 7 32.112734984339909
15 8 31.296820724553438
15 9 30.461692765383663
15 10 29.611720478629383
15 11 28.751345215920857
15 12 27.884085220622286
15 13 27.013633724785493
15 14 26.142849682933957
15 15 25.274769637191561
15 16 24.411666704284851
15 17 23.555989105525171
15 18 22.709502791193081
15 19 21.874134609624313
15 20 21.051215191072682
15 21 20.24221322898547
15 22 19.448089624627173
15 23 18.669914100060108
15 24 17.908336669878906
15 25 17.164082897940801
15 26 16.437543963082689
15 27 15.729151546703941
15 28 15.039083416262422
15 29 14.367523041260901
15 30 13.714473911757828
15 31 13.079912367302992
15 32 12.463700921084785
15 33 11.865645360713806
15 34 11.285495224027439
15 35 10.722917961909022
15 36 10.177573413979616
15 37 9.6490187348634251
15 38 9.1368432026315247
15 39 8.64051776812423
15 40 8.1595767128828669
15 41 7.6934251862931582
15 42 7.2415550024055753
15 43 6.8033225030054982
15 44 6.3781870180458116
15 45 5.965469965558051
15 46 5.5646060671809758
15 47 5.1748928995711321
15 48 4.7957467275440733
15 49 4.4264498802302921
15 50 4.0664049206543593
15 51 3.7148853375128743
15 52 3.3712836396674799
15 53 3.0348691572094268
15 54 2.7050272044584376
15 55 2.3810239920234211
15 56 2.0622349956574113
15 57 1.7479450572432316
15 58 1.4376239888972631
15 59 1.1304698039880634
15 60 0.82441401120816327
15 61 0.51712693102508089
15 62 0.22497316025598701
15 63 0
16 0 0
16 1 35.836754252222022
16 2 35.253743027184179
16 3 34.62241590252512
16 4 33.943734427412693
16 5 33.215301890388901
16 6 32.452800819209578
16 7 31.66317901033727
16 8 30.850506085078088
16 9 30.019584814940558
16 10 29.174927551335507
16 11 28.320694602432624
16 12 27.460568286073681
16 13 26.597928577857797
16 14 25.735815382288393
16 15 24.876931359744805
16 16 24.023743003853046
16 17 23.17835485157936
16 18 22.34273405516749
16 19 21.518463771109825
16 20 20.707079157388385
16 21 19.90971367595407
16 22 19.127531876535699
16 23 18.361283681334555
16 24 17.611818125828638
16 25 16.879561817700598
16 26 16.165097154049025
16 27 15.468581584340278
16 28 14.790373758663602
16 29 14.130410087649782
16 30 13.488862740305981
16 31 12.865489339799435
16 32 12.260307654243874
16 33 11.672933173530641
16 34 11.103256644314371
16 35 10.550782824188158
16 36 10.015298619016539
16 37 9.4962245948561073
16 38 8.9932632958604817
16 39 8.5057731991537207
16 40 8.0333887409685314
16 41 7.5754244087814557
16 42 7.1314600038180318
16 43 6.7007805544585253
16 44 6.2829223247994186
16 45 5.8771522701109253
16 46 5.4829722043582754
16 47 5.0996396572316014
16 48 4.7266293910486104
16 49 4.3631958021841157
16 50 4.008792592039808
16 51 3.6626753074798626
16 52 3.3242814280198707
16 53 2.992870410415482
16 54 2.6678674956793684
16 55 2.3485353753023372
16 56 2.0342855071010821
16 57 1.7244039907441584
16 58 1.4183926778141884
16 59 1.1154540909947428
16 60 0.81356709871730171
16 61 0.51044095685188218
16 62 0.22222865343289208
16 63 0
17 0 0
17 1 35.116848112623551
17 2 34.534966778358402
17 3 33.905934980738444
17 4 33.231403660730045
17 5 32.508875901004615
17 6 31.753659346361808
17 7 30.972765190018929
17 8 30.170001753533697
17 9 29.350270372124633
17 10 28.517770717740248
17 11 27.676789185881926
17 12 26.83066990957019
17 13 25.982942937579768
17 14 25.136293546539882
17 15 24.293593439145535
17 16 23.456947941050796
17 17 22.628644545448438
17 18 21.810291579665058
17 19 21.003664110089662
17 20 20.20994854892006
17 21 19.430474541783273
17 22 18.666074368953506
17 23 17.917694162682448
17 24 17.185872154741798
17 25 16.471227490521333
17 26 15.774056824624605
17 27 15.09470339552754
17 28 14.43326745569631
17 29 13.789862034372511
17 30 13.16442935181035
17 31 12.556892707170423
17 32 11.967068457676799
17 33 11.394725667646751
17 34 10.839581466033955
17 35 10.30128147801303
17 36 9.7794653911064753
17 37 9.2736818055011767
17 38 8.7835105802689668
17 39 8.3084256623896025
17 40 7.8479611591696816
17 41 7.401535044403488
17 42 6.9686467987520588
17 43 6.5486737653786786
17 44 6.1410894941263861
17 45 5.7452430542952504
17 46 5.3605887872093616
17 47 4.9864572032318861
17 48 4.6222885737108275
17 49 4.2674022558111684
17 50 3.9212283313821512
17 51 3.5830804092349759
17 52 3.2523812853294718
17 53 2.928442679666917
17 54 2.6106823289897112
17 55 2.2984104726000409
17 56 1.9910367504112725
17 57 1.6878909060801537
17 58 1.3884754607757674
17 59 1.0920343354404081
17 60 0.79657914331037905
17 61 0.49990168284947362
17 62 0.21779311504182894
17 63 0
18 0 0
18 1 34.136865554792621
18 2 33.561093302759055
18 3 32.939482576401581
18 4 32.274759406092315
18 5 31.564029893619729
18 6 30.822403563577758
18 7 30.056512801128545
18 8 29.270284025661873
18 9 28.468228895133784
18 10 27.654669698812505
18 11 26.833485524370211
18 12 26.008171328705846
18 13 25.181845157843878
18 14 24.357362825181369
18 15 23.537188167053557
18 16 22.723610962693456
18 17 21.918523091863531
18 18 21.123725565194704
18 19 20.340616957413182
18 20 19.57057944649431
18 21 18.814590795931615
18 22 18.073677617234335
18 23 17.348462822402748
18 24 16.639673741111881
18 25 15.947637612353782
18 26 15.272831915494004
18 27 14.615340649715616
18 28 13.975434338606433
18 29 13.352999644402111
18 30 12.748136948189499
18 31 12.160575292856992
18 32 11.590276189382276
18 33 11.036845023878447
18 34 10.500130750804912
18 35 9.9796437874086781
18 36 9.4751424768347103
18 37 8.9860661840164262
18 38 8.5121007914786713
18 39 8.0526342628082936
18 40 7.6072949159631236
18 41 7.1754351918802532
18 42 6.7566379800206615
18 43 6.3502327755344545
18 44 5.955766858892253
18 45 5.572556495216439
18 46 5.2001212491782702
18 47 4.8377714175203206
18 48 4.4850051544254494
18 49 4.1411319677209777
18 50 3.805633606854212
18 51 3.477822214944021
18 52 3.1571670998993833
18 53 2.8429851631375076
18 54 2.5347364740746521
18 55 2.2317416320109196
18 56 1.9334494497315802
18 57 1.6392035580135653
18 58 1.3485407767006765
18 59 1.0607228366379564
18 60 0.77383427552136796
18 61 0.48573950160489193
18 62 0.21177589142637246
18 63 0
19 0 0
19 1 32.913241958675634
19 2 32.348279245004285
19 3 31.739205551137413
19 4 31.089593133727156
19 5 30.396531776622336
19 6 29.674352545857911
19 7 28.929701366926295
19 8 28.16610561544114
19 9 27.388157214274973
19 10 26.599732195644162
19 11 25.804819936917276
19 12 25.006473921601895
19 13 24.207950839362248
19 14 23.411674146230467
19 15 22.62026749829618
19 16 21.835604642201083
19 17 21.05975213390283
19 18 20.294117065186871
19 19 19.540281739282282
19 20 18.799261148576321
19 21 18.072220690650656
19 22 17.359849879859421
19 23 16.662958748420557
19 24 15.981969742588115
19 25 15.317393054075486
19 26 14.669434476200497
19 27 14.038353906756651
19 28 13.424183354715989
19 29 12.826976176665543
19 30 12.246626534081043
19 31 11.683019489822
19 32 11.135941074900165
19 33 10.605141155675305
19 34 10.090321883714482
19 35 9.5911262693842492
19 36 9.1071921224587431
19 37 8.6380795927413967
19 38 8.1833776921585226
19 39 7.7425837754028457
19 40 7.315250271583543
19 41 6.900828284004481
19 42 6.4988431416044827
19 43 6.1087131125878402
19 44 5.7299436978580696
19 45 5.3619309949727008
19 46 5.0041661847379579
19 47 4.6560314605058943
19 48 4.3170078008277004
19 49 3.9864696940591258
19 50 3.6638909503960977
19 51 3.3486427825869796
19 52 3.0401940423554281
19 53 2.7379157574357365
19 54 2.4412734744175473
19 55 2.1496379478789445
19 56 1.8624682006870328
19 57 1.5791544237446695
19 58 1.2992439361086128
19 59 1.0220445671625449
19 60 0.74570443209313642
19 61 0.46819469748268738
19 62 0.20427070581404169
19 63 0
20 0 0
20 1 31.462225182045639
20 2 30.912858950118846
20 3 30.321095881315991
20 4 29.69191202293365
20 5 29.021927532904936
20 6 28.325034904039743
20 7 27.607314549248002
20 8 26.872410292646499
20 9 26.124390469905464
20 10 25.367234096457128
20 11 24.604414642398453
20 12 23.839123796728916
20 13 23.0741245190063
20 14 22.312001046150915
20 15 21.554910990697984
20 16 20.804904343761816
20 17 20.063614267180071
20 18 19.332632822017448
20 19 18.613145204503581
20 20 17.906354328603335
20 21 17.213067114209711
20 22 16.534159130870954
20 23 15.870121657506097
20 24 15.221557476541541
20 25 14.588697711996053
20 26 13.971919853061062
20 27 13.371243394900555
20 28 12.786861345826008
20 29 12.218623499378065
20 30 11.66657303765041
20 31 11.130425856174838
20 32 10.610104412459508
20 33 10.105220922942932
20 34 9.6156013075755205
20 35 9.1407793030013291
20 36 8.6805042005369781
20 37 8.2342520005451227
20 38 7.8017116054037574
20 39 7.3823181105005853
20 40 6.9757131637702834
20 41 6.5813043857369236
20 42 6.1986967081349089
20 43 5.8272807768083155
20 44 5.4666331984863916
20 45 5.1161356427515079
20 46 4.7753430245276114
20 47 4.443633918198433
20 48 4.1205467538471021
20 49 3.805461116742368
20 50 3.4979030103869975
20 51 3.1972556556444003
20 52 2.9030357824093374
20 53 2.614631800272202
20 54 2.3315536680134481
20 55 2.0531936671132054
20 56 1.7790527217441727
20 57 1.5085449820909307
20 58 1.241253927447401
20 59 0.9765159366679087
20 60 0.71257442077327204
20 61 0.44750109085812007
20 62 0.19538655226150797
20 63 0
21 0 0
21 1 29.80087868323319
21 2 29.271404219784294
21 3 28.701703137437026
21 4 28.097745050082104
21 5 27.456215294045279
21 6 26.789855177599303
21 7 26.104711204347332
21 8 25.4039079419058
21 9 24.691576681508
21 10 23.971135156245161
21 11 23.246152320519727
21 12 22.519292517039535
21 13 21.793446781360924
21 14 21.070705181745055
21 15 20.353376755367602
21 16 19.643054640062381
21 17 18.941539247270505
21 18 18.250005559846993
21 19 17.569815245730172
21 20 16.901795309604061
21 21 16.246932778780721
21 22 15.605768802396726
21 23 14.978973820309415
21 24 14.366857048557685
21 25 13.769824209792088
21 26 13.187998631569663
21 27 12.621567127089557
21 28 12.070505842686446
21 29 11.534822698582936
21 30 11.014378717272496
21 31 10.509037522555545
21 32 10.018571183840791
21 33 9.5427286337196549
21 34 9.0812140568299959
21 35 8.6336867630807657
21 36 8.1997997822628044
21 37 7.7791437920083188
21 38 7.37133377390637
21 39 6.9759091330147047
21 40 6.5924569338693733
21 41 6.220479464531282
21 42 5.8595435987599345
21 43 5.5091258590470868
21 44 5.1687787401401337
21 45 4.8379619166305217
21 46 4.5162178135127888
21 47 4.2029960811142129
21 48 3.8978322206684997
21 49 3.6001708975709557
21 50 3.3095429444063917
21 51 3.0253915686616049
21 52 2.7472445268777315
21 53 2.4745459746253524
21 54 2.2068217478486236
21 55 1.9435165129070235
21 56 1.6841509889570463
21 57 1.4281883446492603
21 58 1.1752302390291787
21 59 0.92466318654935664
21 60 0.67482017105481451
21 61 0.42390001652170761
21 62 0.185220834120676
21 63 0
22 0 0
22 1 27.945696291886183
22 2 27.440548630691286
22 3 26.897190020563247
22 4 26.323287826665137
22 5 25.714999717939307
22 6 25.084406750797211
22 7 24.436825161491562
22 8 23.775494336751326
22 9 23.103907475019195
22 10 22.425567232707984
22 11 21.743436241985563
22 12 21.06030557333569
22 13 20.378507081749863
22 14 19.700282857600126
22 15 19.027431839128862
22 16 18.36171613753282
22 17 17.704476798904913
22 18 17.057067015914466
22 19 16.420440190744088
22 20 15.795604425387753
22 21 15.183188839916241
22 22 14.583913473319205
22 23 13.99813950209135
22 24 13.426348922369534
22 25 12.868684319412598
22 26 12.325432874882255
22 27 11.79656124994508
22 28 11.282198660107486
22 29 10.782172277682115
22 30 10.296484365767085
22 31 9.8248533559645637
22 32 9.3671803553244661
22 33 8.9231007017055042
22 34 8.4924355667897835
22 35 8.0747583311640749
22 36 7.6698275073600435
22 37 7.277171714984334
22 38 6.8965007354346888
22 39 6.5273122173486193
22 40 6.1692783364260331
22 41 5.8218766424936348
22 42 5.4847505147771303
22 43 5.1573657976409466
22 44 4.8393439908452134
22 45 4.5301455371798234
22 46 4.2293754442935292
22 47 3.9364933095321857
22 48 3.6510918111943198
22 49 3.372632807514202
22 50 3.1006998370627818
22 51 2.8347589255845675
22 52 2.5743869068266982
22 53 2.319055035635178
22 54 2.0683353378085494
22 55 1.821702850856292
22 56 1.5787225002803609
22 57 1.3388893315945098
22 58 1.1018426905166163
22 59 0.8670061973611437
22 60 0.63282727494048052
22 61 0.39762808342403977
22 62 0.17388239731639216
22 63 0
23 0 0
23 1 25.914290631349232
23 2 25.437219788292531
23 3 24.924449365141907
23 4 24.384765235541291
23 5 23.814467072559189
23 6 23.224155583600915
23 7 22.619070065556404
23 8 22.001829553025111
23 9 21.375974644036059
23 10 20.74435118700308
23 11 20.110004089744777
23 12 19.475128155338812
23 13 18.842173994176513
23 14 18.212842161244314
23 15 17.589075703023614
23 16 16.972150914774243
23 17 16.363569686130536
23 18 15.7642542862864
23 19 15.175328372732999
23 20 14.597422314256882
23 21 14.031338918268363
23 22 13.477471167255436
23 23 12.936352631112468
23 24 12.408185784524527
23 25 11.893280730584522
23 26 11.391689066715534
23 27 10.903537525636855
23 28 10.428759787654187
23 29 9.9673339465924986
23 30 9.519102752405356
23 31 9.0839254253678074
23 32 8.6615755480171455
23 33 8.2518187114212473
23 34 7.8543766217268409
23 35 7.4689424246098897
23 36 7.0951994870548987
23 37 6.7327860869506102
23 38 6.3813576957445379
23 39 6.0405121290835515
23 40 5.7098849010395432
23 41 5.3890450041314155
23 42 5.0776139375888318
23 43 4.7751411163108273
23 44 4.4812384028471692
23 45 4.1954428249448998
23 46 3.9173597789025827
23 47 3.6465193454401197
23 48 3.3825227062097158
23 49 3.1248969574547738
23 50 2.8732406267836561
23 51 2.6270805461563711
23 52 2.3860136482944108
23 53 2.1495683185273968
23 54 1.9173406289441595
23 55 1.6888598756009248
23 56 1.4637182780000926
23 57 1.2414619383389793
23 58 1.0217542823909709
23 59 0.80407246147773503
23 60 0.58697490122860041
23 61 0.36892759535684566
23 62 0.16147152483510768
23 63 0
24 0 0
24 1 23.723355517664885
24 2 23.278297769045746
24 3 22.799777626418347
24 4 22.298521393127846
24 5 21.770258550588689
24 6 21.224736039443155
24 7 20.666323762734155
24 8 20.097754098194578
24 9 19.521835617540098
24 10 18.941483356700914
24 11 18.359063562026325
24 12 17.776887862622349
24 13 17.196797303921141
24 14 16.620636985134954
24 15 16.04980793451108
24 16 15.485749272904606
24 17 14.92948688912524
24 18 14.382115585019118
24 19 13.844346337867037
24 20 13.316984903666425
24 21 12.800481172515795
24 22 12.295401035435209
24 23 11.801980688414682
24 24 11.320589093155817
24 25 10.851289848652543
24 26 10.394291893777099
24 27 9.9495213905148692
24 28 9.5170585253591202
24 29 9.0967217279137031
24 30 8.6884885770168676
24 31 8.292094566819566
24 32 7.9074362576485919
24 33 7.5341866654157572
24 34 7.1721789522914916
24 35 6.8210403299592759
24 36 6.4805547859118793
24 37 6.1503171425893228
24 38 5.8300735749094335
24 39 5.5193971516717539
24 40 5.2180052217264175
24 41 4.925457385851165
24 42 4.6414492069984421
24 43 4.3655331315959565
24 44 4.097388401417013
24 45 3.8365649788746494
24 46 3.5827299880514332
24 47 3.3354342172886668
24 48 3.0943358770725768
24 49 2.8589887735462143
24 50 2.6290446217018162
24 51 2.404061518719451
24 52 2.1836865012187201
24 53 1.9674826037798918
24 54 1.7550935718844278
24 55 1.5460859152555002
24 56 1.3400979603321472
24 57 1.1367137733189532
24 58 0.93563569581093797
24 59 0.73638465612722381
24 60 0.53764939311878046
24 61 0.33803735954677339
24 62 0.14809703746542871
24 63 0
25 0 0
25 1 21.390965066235442
25 2 20.981004127727111
25 3 20.540349666148789
25 4 20.080937453802665
25 5 19.598708983728105
25 6 19.101656251154203
25 7 18.594035420518317
25 8 18.077877457036848
25 9 17.556025197267044
25 10 17.03066118162851
25 11 16.504222838481734
25 12 15.978372665586274
25 13 15.455062711916781
25 14 14.935561887529431
25 15 14.421409298031961
25 16 13.913538864502764
25 17 13.413132072975023
25 18 12.920845702964943
25 19 12.437555912880368
25 20 11.963693158418211
25 21 11.499875784422644
25 22 11.046352123835277
25 23 10.603525257267556
25 24 10.171499054354149
25 25 9.7504988788992257
25 26 9.3405156581062307
25 27 8.9416297536743929
25 28 8.5537450856274386
25 29 8.1768251870474149
25 30 7.8107079604739624
25 31 7.4552641087301366
25 32 7.1102822312118823
25 33 6.7755604257624604
25 34 6.4508510863017641
25 35 6.1358965683737976
25 36 5.8304231595986487
25 37 5.5341313734001165
25 38 5.2467290511713882
25 39 4.9678861796862179
25 40 4.6972978659855631
25 41 4.4346126496979634
25 42 4.1795170865329423
25 43 3.9316454291648983
25 44 3.6906786856624989
25 45 3.456242346669832
25 46 3.2280139816778655
25 47 3.0056144614860187
25 48 2.7887193584562349
25 49 2.5769479063573399
25 50 2.3699746299425128
25 51 2.1674191394578286
25 52 1.9689555156949299
25 53 1.774205069322331
25 54 1.5828418184472666
25 55 1.3944880561186439
25 56 1.208815102397143
25 57 1.0254597179839455
25 58 0.84415273527075996
25 59 0.66447137358345665
25 60 0.48523244932028586
25 61 0.30520050939261623
25 62 0.13386141509568883
25 63 0
26 0 0
26 1 18.933969197715442
26 2 18.562413553448092
26 3 18.162562585621554
26 4 17.748469793912779
26 5 17.315479821958213
26 6 16.870573785874175
26 7 16.41702777649903
26 8 15.95698488399572
26 9 15.492483144101408
26 10 15.025761512005436
26 11 14.558523976055074
26 12 14.092541895371722
26 13 13.629121005003592
26 14 13.169668793584881
26 15 12.715160528613325
26 16 12.266688083348772
26 17 11.82494726391166
26 18 11.390762895212896
26 19 10.964598283699035
26 20 10.547054761372893
26 21 10.138404714327679
26 22 9.7390646590357566
26 23 9.3491523171852791
26 24 8.9689330776078595
26 25 8.5984011220840042
26 26 8.2376995868082084
26 27 7.8867254659351218
26 28 7.5455240272624593
26 29 7.2139171036902292
26 30 6.8918724047057109
26 31 6.5791547884846189
26 32 6.27567110600042
26 33 5.9811440768084054
26 34 5.6954332585633516
26 35 5.418231186065988
26 36 5.149361016105253
26 37 4.8884946020916766
26 38 4.6354273503809109
26 39 4.389817873161979
26 40 4.1514406238615917
26 41 3.9199466906078619
26 42 3.6950948607866967
26 43 3.4765329866103452
26 44 3.2640082600945428
26 45 3.0571684076418451
26 46 2.8557521285564209
26 47 2.6594091678592853
26 48 2.4678720725481216
26 49 2.2807939639009356
26 50 2.0979029812458276
26 51 1.9188563372124421
26 52 1.7433790580693795
26 53 1.5711327439435447
26 54 1.4018402731574602
26 55 1.2351662489018078
26 56 1.0708296006997817
26 57 0.90850956348007428
26 58 0.74797683882544985
26 59 0.58885743772875343
26 60 0.43011105546144396
26 61 0.27065752043383751
26 62 0.11887351841786839
26 63 0
27 0 0
27 1 16.37080856529947
27 2 16.039977735007394
27 3 15.683810807993952
27 4 15.31761802337544
27 5 14.937017302291936
27 6 14.547023824368475
27 7 14.150770916648936
27 8 13.749639653198063
27 9 13.345692177109521
27 10 12.940379029261804
27 11 12.535466826424907
27 12 12.132039902675412
27 13 11.731509072170107
27 14 11.334681949013513
27 15 10.942667297620817
27 16 10.556039843800683
27 17 10.175647017191359
27 18 9.8018729521789592
27 19 9.4353422910472382
27 20 9.0762854449489616
27 21 8.7251392833319077
27 22 8.3820122252025566
27 23 8.0471846923392647
27 24 7.7206698503848061
27 25 7.4026192776408752
27 26 7.0929730004973521
27 27 6.7917777615243802
27 28 6.4989184066383645
27 29 6.2143574733399349
27 30 5.93793895255547
27 31 5.6695587069902489
27 32 5.4090310971680475
27 33 5.1562000450814578
27 34 4.9108589171746813
27 35 4.6728119429850548
27 36 4.4418380156540378
27 37 4.2177117366797781
27 38 4.0002023520304375
27 39 3.7890630001646093
27 40 3.5840567750232495
27 41 3.38492187932723
27 42 3.1914177250042761
27 43 3.0032727053965615
27 44 2.8202442461644002
27 45 2.6420548681837284
27 46 2.4684611331983857
27 47 2.2991826242755926
27 48 2.1339757454304262
27 49 1.9725592391076499
27 50 1.8146897603761636
27 51 1.6600866098606171
27 52 1.5085069049413191
27 53 1.3596714184692511
27 54 1.2133378119837834
27 55 1.0692276463876831
27 56 0.92709696656409091
27 57 0.78667894798968796
27 58 0.64777592579911769
27 59 0.51007232453857798
27 60 0.3726687939424746
27 61 0.23465218774518345
27 62 0.10323744024130355
27 63 0
28 0 0
28 1 13.718447297062559
28 2 13.430915089763205
28 3 13.120562373523981
28 4 12.804917880875356
28 5 12.478991832249855
28 6 12.146674573763447
28 7 11.810039163067932
28 8 11.470577917301851
28 9 11.129496751433134
28 10 10.788293324587087
28 11 10.447962895205114
28 12 10.10969291521406
28 13 9.7742233565499266
28 14 9.442496138248563
28 15 9.1150426052028273
28 16 8.7925919540962028
28 17 8.4755011273860887
28 18 8.1643190940607138
28 19 7.8592595881110698
28 20 7.5607206573817596
28 21 7.2688001065598487
28 22 6.9837711342990199
28 23 6.7056390997237161
28 24 6.4345751036776209
28 25 6.1705119556514436
28 26 5.9135381890067693
28 27 5.6635306793449409
28 28 5.4205119054031057
28 29 5.184316499789773
28 30 4.9549146532281769
28 31 4.7321098916211985
28 32 4.5158314443542844
28 33 4.3058606734433482
28 34 4.1020950504920881
28 35 3.9043008595445539
28 36 3.7123512042595732
28 37 3.5260028228982221
28 38 3.3451103170921983
28 39 3.1694251238047637
28 40 2.9987879473421382
28 41 2.8329481088245894
28 42 2.6717359905132114
28 43 2.514901117561064
28 44 2.3622662959072764
28 45 2.2135828707241658
28 46 2.0686681566811731
28 47 1.9272763650708529
28 48 1.7892208839952597
28 49 1.6542593777268038
28 50 1.5222024655412629
28 51 1.3928114789040433
28 52 1.2658951216427203
28 53 1.1412183861501668
28 54 1.0185886767619017
28 55 0.89777340933585248
28 56 0.77857734223580788
28 57 0.66077924840502844
28 58 0.54422202105823358
28 59 0.42864240339985155
28 60 0.31329314675497855
28 61 0.19742618396197109
28 62 0.087062105559910591
28 63 0
29 0 0
29 1 10.995591932572561
29 2 10.752842175945881
29 3 10.490368032149171
29 4 10.226951180598229
29 5 9.9579260300377754
29 6 9.6850764767533768
29 7 9.4103127790695247
29 8 9.1343251910731862
29 9 8.858336983880541
29 10 8.5830209701565341
29 11 8.3094293475229346
29 12 8.0380385606091984
29 13 7.7696897578308022
29 14 7.5047107275570388
29 15 7.2437633048973042
29 16 6.9870532194497503
29 17 6.7350864218536666
29 18 6.4879710546560618
29 19 6.2460796397401381
29 20 6.0094437791657338
29 21 5.77832311173524
29 22 5.5526904562409456
29 23 5.3327110679031335
29 24 5.1183136357730206
29 25 4.9095854327879929
29 26 4.7064228570474391
29 27 4.5088495436718983
29 28 4.3167389617032104
29 29 4.1300634990366714
29 30 3.9486809367053559
29 31 3.7725229939153087
29 32 3.6014372338254659
29 33 3.4353236363649993
29 34 3.2740235732480727
29 35 3.1174127364233124
29 36 2.9653291829957071
29 37 2.8176304600447
29 38 2.6741532929669325
29 39 2.5347420817120971
29 40 2.3992335246204615
29 41 2.2674628789016298
29 42 2.1392676191832338
29 43 2.0144770102751615
29 44 1.8929297463800743
29 45 1.7744515220569854
29 46 1.6588824440058474
29 47 1.5460464430038299
29 48 1.4357850636665517
29 49 1.3279217636665872
29 50 1.2222994427631113
29 51 1.1187419447046676
29 52 1.0170933859273006
29 53 0.9171785674454217
29 54 0.81884263997218054
29 55 0.72191079587890572
29 56 0.62622761455682874
29 57 0.53162666637323375
29 58 0.43798451294413665
29 59 0.34509779076217639
29 60 0.25236899700261106
29 61 0.15922378587768418
29 62 0.070452713736428738
29 63 0
30 0 0
30 1 8.2192805967921334
30 2 8.0230712334074337
30 3 7.8097398088186951
30 4 7.6003029049272506
30 5 7.3894918759630981
30 6 7.1778999834452497
30 7 6.9663288490093942
30 8 6.7555794780542859
30 9 6.5459887940454706
30 10 6.3382712814318225
30 11 6.1326860337068547
30 12 5.929809294461859
30 13 5.7297978676254715
30 14 5.5331113923663517
30 15 5.3398274465457867
30 16 5.1503042252673303
30 17 4.9645556301570624
30 18 4.782852767223317
30 19 4.6051596849096255
30 20 4.4316737082691438
30 21 4.2623207168213106
30 22 4.0972362770086299
30 23 3.9363178004491362
30 24 3.7796497582238278
30 25 3.6271090022979133
30 26 3.478738207195943
30 27 3.3343999978874592
30 28 3.19410323703495
30 29 3.0577013042401129
30 30 2.9251760092792622
30 31 2.796375333678395
30 32 2.6712596794410102
30 33 2.5496745422094031
30 34 2.4315635712337991
30 35 2.3167719297563165
30 36 2.2052303060089566
30 37 2.0967850770302987
30 38 1.991357021863283
30 39 1.8887947969282124
30 40 1.789011699530686
30 41 1.6918593541200075
30 42 1.5972454842798596
30 43 1.5050250775033329
30 44 1.4151017651860873
30 45 1.3273340651814436
30 46 1.2416226523305369
30 47 1.1578295660621791
30 48 1.0758533830722306
30 49 0.99555951961665279
30 50 0.91684509173997775
30 51 0.83957863985594172
30 52 0.76365629298260229
30 53 0.68894943413935528
30 54 0.61535352682024624
30 55 0.54274174830438804
30 56 0.47100809386306541
30 57 0.40003359981914199
30 58 0.32973581565358223
30 59 0.25996585184783871
30 60 0.1902841608739344
30 61 0.12028744115302172
30 62 0.053518250965286583
30 63 0
31 0 0
31 1 5.4083810216689034
31 2 5.2593174623920991
31 3 5.0963211411731031
31 4 4.9416020462345092
31 5 4.7902550450892329
31 6 4.640701486717326
31 7 4.4935699865610985
31 8 4.3488399306530825
31 9 4.2068625426650907
31 10 4.0675101890317791
31 11 3.9310962943096102
31 12 3.7974751772034074
31 13 3.6669030654331887
31 14 3.5392194840771141
31 15 3.4146311491118557
31 16 3.2929707798664958
31 17 3.1744000860779598
31 18 3.0587503896919501
31 19 2.9461433231414498
31 20 2.8364130386054178
31 21 2.7296459654604761
31 22 2.6256820876446381
31 23 2.524577329816879
31 24 2.4261794872175133
31 25 2.3305184140838149
31 26 2.2374508557567112
31 27 2.1469847008554286
31 28 2.058986118931188
31 29 1.9734447674410438
31 30 1.8902362105809771
31 31 1.8093352174159791
31 32 1.7306263549085854
31 33 1.6540724494200005
31 34 1.5795664360240975
31 35 1.5070617541335671
31 36 1.4364589269021937
31 37 1.3677041892856803
31 38 1.3007048034363522
31 39 1.2354016326332733
31 40 1.1717078171171997
31 41 1.1095603597338157
31 42 1.0488774466763275
31 43 0.98959344096939172
31 44 0.9316307980829508
31 45 0.87492220329430104
31 46 0.8193936755871124
31 47 0.76497695809320421
31 48 0.71160100529327697
31 49 0.65919715844127347
31 50 0.60769675643580157
31 51 0.5570311108107584
31 52 0.50713347569743128
31 53 0.45793540791419729
31 54 0.40937164499102519
31 55 0.36137359852487255
31 56 0.31387648086569087
31 57 0.26681659343347353
31 58 0.22014618550952503
31 59 0.17377709242644565
31 60 0.12742429109769515
31 61 0.080861724660769393
31 62 0.036364572582577283
31 63 0
32 0 0
32 1 2.579966369319886
32 2 2.4789378244752145
32 3 2.3666430472412801
32 4 2.2674547348263139
32 5 2.175884426977059
32 6 2.0891482175077285
32 7 2.006750278326308
32 8 1.9287806742429903
32 9 1.8546953425312467
32 10 1.7844069488071994
32 11 1.7174297222569255
32 12 1.6537170058882729
32 13 1.5928373899525541
32 14 1.5347616897867908
32 15 1.4791112853508175
32 16 1.4258708806855016
32 17 1.374710772376136
32 18 1.3256247516158217
32 19 1.2783278744636333
32 20 1.2328194613628616
32 21 1.1888549477044668
32 22 1.1464364363172928
32 23 1.1053553131243194
32 24 1.0656144623776651
32 25 1.0270368969611421
32 26 0.98962490520607627
32 27 0.95322901506270308
32 28 0.91785004627627875
32 29 0.88336221622658484
32 30 0.84976439579368312
32 31 0.81695099851871211
32 32 0.7849187579269139
32 33 0.75357914584981023
32 34 0.72292677551643791
32 35 0.69288739937304156
32 36 0.6634536619830651
32 37 0.63456316992364392
32 38 0.60620682921274927
32 39 0.57833200634527537
32 40 0.55092813498768478
32 41 0.52395055406328472
32 42 0.49738749666643428
32 43 0.47120076391022064
32 44 0.44537764515784106
32 45 0.41988513946181161
32 46 0.39470982180335101
32 47 0.36982283949734768
32 48 0.34521024866291178
32 49 0.32084647934663152
32 50 0.29671722754687468
32 51 0.27279949446574808
32 52 0.24907874807198827
32 53 0.22553400857305506
32 54 0.20215057734532019
32 55 0.17890864823188779
32 56 0.15579314724568513
32 57 0.13278853440078478
32 58 0.10988821975867508
32 59 0.087059364805771894
32 60 0.064177370316326296
32 61 0.041189472080271287
32 62 0.019100705793862128
32 63 0
33 0 0
33 1 -0.24704147657172754
33 2 -0.30032056192586482
33 3 -0.36162210665346456
33 4 -0.40549706049863438
33 5 -0.43704342466892898
33 6 -0.46120523789145446
33 7 -0.47865128500767418
33 8 -0.49011230031970032
33 9 -0.49611726743400258
33 10 -0.49759399531366821
33 11 -0.49497334644005114
33 12 -0.48902225800879034
33 13 -0.48007225854128077
33 14 -0.46877100635153068
33 15 -0.45536764347809844
33 16 -0.44040135725894947
33 17 -0.42405380147083671
33 18 -0.40676947206780645
33 19 -0.38867556683031546
33 20 -0.37013455056084604
33 21 -0.35123033664811798
33 22 -0.33225513897462655
33 23 -0.31325900100655479
33 24 -0.29447457554974776
33 25 -0.27592581889415019
33 26 -0.2577953595407742
33 27 -0.24008739412463917
33 28 -0.22294290524054139
33 29 -0.20635139304910574
33 30 -0.19041945523004805
33 31 -0.17512588607914659
33 32 -0.16054911412270154
33 33 -0.14666032715851657
33 34 -0.13351504644992082
33 35 -0.12107922552437946
33 36 -0.10938988747606902
33 37 -0.098409540043821631
33 38 -0.088160368100613909
33 39 -0.078602760024524168
33 40 -0.069747074355383423
33 41 -0.061552545216212701
33 42 -0.054020163704125254
33 43 -0.047108695071412014
33 44 -0.040811755790783909
33 45 -0.035088112793441414
33 46 -0.029925612407811289
33 47 -0.025283329733987895
33 48 -0.021144625271014746
33 49 -0.017469064023945793
33 50 -0.014236544821175562
33 51 -0.011407210474451644
33 52 -0.0089583040690797925
33 53 -0.0068505430282175348
33 54 -0.0050592023633207689
33 55 -0.0035457605189371613
33 56 -0.002283933774279363
33 57 -0.0012339190580676032
33 58 -0.00036752570833760467
33 59 0.00034331264105917652
33 60 0.00092932393649828465
33 61 0.0015153724602334931
33 62 0.0018327452839669767
33 63 0
34 0 0
34 1 -3.055572555067835
34 2 -3.0611045900525879
34 3 -3.0719482235292999
34 4 -3.0606530222529487
34 5 -3.0328659327431753
34 6 -2.9946987554978617
34 7 -2.9479277890717905
34 8 -2.8931727379821308
34 9 -2.8318457518307318
34 10 -2.7648315720792342
34 11 -2.6933509397712188
34 12 -2.6180699646027366
34 13 -2.5400012348536571
34 14 -2.4596597657945884
34 15 -2.3778757401810808
34 16 -2.2950353044263077
34 17 -2.2118090872349621
34 18 -2.1284782230521335
34 19 -2.0455755053119007
34 20 -1.9632974175773985
34 21 -1.882058985101823
34 22 -1.8019895199314342
34 23 -1.7234045097235677
34 24 -1.6463807432823101
34 25 -1.5711504510574636
34 26 -1.4977499483558345
34 27 -1.4263425423678662
34 28 -1.3569338086756768
34 29 -1.2896305907537033
34 30 -1.2244154507633562
34 31 -1.1613494728619473
34 32 -1.1003982344440144
34 33 -1.0415861565894253
34 34 -0.98486645710378973
34 35 -0.93023454235580061
34 36 -0.87763475993234552
34 37 -0.82703986508633076
34 38 -0.7783879239636684
34 39 -0.73163427823304183
34 40 -0.68671260135908663
34 41 -0.64356508257264944
34 42 -0.60212235787440949
34 43 -0.56231688678412306
34 44 -0.52407722424606606
34 45 -0.48732880937238254
34 46 -0.45199878010600236
34 47 -0.41800766276608803
34 48 -0.38528163206588428
34 49 -0.35373790645603626
34 50 -0.32330200370691142
34 51 -0.29388902365786596
34 52 -0.26542402327552378
34 53 -0.2378208247523643
34 54 -0.21100420971797793
34 55 -0.18488737995826496
34 56 -0.15939444621879331
34 57 -0.13443790172673797
34 58 -0.10994847834767153
34 59 -0.085843210372174739
34 60 -0.061931867888804379
34 61 -0.037917718845241581
34 62 -0.015330269260427059
34 63 0
35 0 0
35 1 -5.8267585043783949
35 2 -5.7857019916122665
35 3 -5.7466976574883821
35 4 -5.68139202127605
35 5 -5.5950273271268625
35 6 -5.4957867082040259
35 7 -5.3856091157910484
35 8 -5.2659139533521495
35 9 -5.1380936920193898
35 10 -5.0038530868003539
35 11 -4.8643542184425677
35 12 -4.7209693574139129
35 13 -4.5746085518015223
35 14 -4.4263961020170273
35 15 -4.2770306875652713
35 16 -4.1274172318081428
35 17 -3.9780766358447064
35 18 -3.82972642016371
35 19 -3.68274010799019
35 20 -3.537676504195165
35 21 -3.3947884995040067
35 22 -3.2545020161543925
35 23 -3.1169724764997602
35 24 -2.982515683306199
35 25 -2.8512093214665226
35 26 -2.723278815425541
35 27 -2.5987406812773433
35 28 -2.4777468368998901
35 29 -2.3602663605729766
35 30 -2.2463918934365665
35 31 -2.136056316516151
35 32 -2.0293048515282153
35 33 -1.9260432767751083
35 34 -1.8262791657532491
35 35 -1.7298984673861724
35 36 -1.6368790770669757
35 37 -1.5470928617750459
35 38 -1.4604944787417919
35 39 -1.3769461954093354
35 40 -1.2963845893149863
35 41 -1.2186657711299755
35 42 -1.1437123377549683
35 43 -1.0713768375263346
35 44 -1.0015711201244129
35 45 -0.93414607782842907
35 46 -0.86900534670915042
35 47 -0.80599951382744284
35 48 -0.74502597497732403
35 49 -0.68593591678654975
35 50 -0.62862202455198279
35 51 -0.57293663224569857
35 52 -0.51876888823903222
35 53 -0.46597254103213909
35 54 -0.41443417314219938
35 55 -0.36400892999095646
35 56 -0.31458067580248328
35 57 -0.2660068724741943
35 58 -0.21818433771719695
35 59 -0.17096967286864531
35 60 -0.12402049090625207
35 61 -0.076865181995754164
35 62 -0.032282408115543407
35 63 0
36 0 0
36 1 -8.5435706578948345
36 2 -8.4568119046081183
36 3 -8.3693730015991985
36 4 -8.2511463349243304
36 5 -8.1078744436327685
36 6 -7.9488198182023302
36 7 -7.7769796127443831
36 8 -7.5936614465484622
36 9 -7.4011078577426863
36 10 -7.2009737161956417
36 11 -6.9951861939038382
36 12 -6.7850124055970324
36 13 -6.5720268352381472
36 14 -6.3572179088316521
36 15 -6.1418554309222699
36 16 -5.9266887147468799
36 17 -5.7127231135946763
36 18 -5.5005105264430485
36 19 -5.2908297178216035
36 20 -5.0840713471545218
36 21 -4.8808221410812562
36 22 -4.6813429408974248
36 23 -4.4860594789297847
36 24 -4.2951294657810033
36 25 -4.1088450909268825
36 26 -3.9272832055253795
36 27 -3.7506264092667116
36 28 -3.5788889680181186
36 29 -3.412164540248293
36 30 -3.2504195616828162
36 31 -3.0936763519294082
36 32 -2.9418652473946789
36 33 -2.7949520762733728
36 34 -2.6528402631720773
36 35 -2.515451539151532
36 36 -2.382669508197643
36 37 -2.2543820418405152
36 38 -2.1304583188952946
36 39 -2.0107607133536893
36 40 -1.8951480269309138
36 41 -1.7834638821361268
36 42 -1.675559699233347
36 43 -1.5712657147747515
36 44 -1.4704281545953182
36 45 -1.3728680646873144
36 46 -1.2784280519000173
36 47 -1.1869231829833207
36 48 -1.0981935655192094
36 49 -1.0120506777038736
36 50 -0.9283329135076398
36 51 -0.84684987390954469
36 52 -0.76743877539770167
36 53 -0.68990851196224867
36 54 -0.61409556307177471
36 55 -0.53980862807928942
36 56 -0.46688247878606703
36 57 -0.39512849704018455
36 58 -0.32440276303815452
36 59 -0.25450870349450272
36 60 -0.18494873603807876
36 61 -0.11508450899377215
36 62 -0.048914648039715326
36 63 0
37 0 0
37 1 -11.187300770391801
37 2 -11.056823279988679
37 3 -10.922434663536635
37 4 -10.753349557064469
37 5 -10.554904101094346
37 6 -10.338268927275612
37 7 -10.106583714833988
37 8 -9.8619144754049799
37 9 -9.6064758165684108
37 10 -9.3427032877228413
37 11 -9.0724585990470512
37 12 -8.7976881012581796
37 13 -8.5198589546097327
37 14 -8.2405516343977503
37 15 -7.9609007816605324
37 16 -7.6821652494470039
37 17 -7.4051975854868113
37 18 -7.1309831464280933
37 19 -6.860138570942544
37 20 -6.5934186938464592
37 21 -6.331245269877698
37 22 -6.0741810484641672
37 23 -5.822488791391609
37 24 -5.5765728324605739
37 25 -5.3365678395031466
37 26 -5.1027487677963519
37 27 -4.8751484282580133
37 28 -4.6539370807397464
37 29 -4.4390676754825629
37 30 -4.2306264846910313
37 31 -4.0285048204079255
37 32 -3.8327221309593833
37 33 -3.643123014168522
37 34 -3.4596741626013312
37 35 -3.2821855433118059
37 36 -3.1105825051003557
37 37 -2.944650051697808
37 38 -2.7842813570644687
37 39 -2.6292440953125236
37 40 -2.4794065671064494
37 41 -2.334525053507674
37 42 -2.1944487487658497
37 43 -2.0589270716365049
37 44 -1.9277946302989066
37 45 -1.8007973549153689
37 46 -1.6777587861685874
37 47 -1.5584237926763556
37 48 -1.4426075688871334
37 49 -1.3300555791875848
37 50 -1.2205767649476471
37 51 -1.1139182198646349
37 52 -1.0098842275746609
37 53 -0.90822406967558222
37 54 -0.80873867435389768
37 55 -0.7111793179264313
37 56 -0.61534293549454755
37 57 -0.52098657841211327
37 58 -0.42793427238851489
37 59 -0.33593013253517928
37 60 -0.2443315928931438
37 61 -0.15233133214510894
37 62 -0.065121637773386962
37 63 0
38 0 0
38 1 -13.740999992983692
38 2 -13.568536044263237
38 3 -13.389438481709483
38 4 -13.171494121053186
38 5 -12.92047684565069
38 6 -12.648500619739112
38 7 -12.359682533362076
38 8 -12.055975699876733
38 9 -11.740390780937899
38 10 -11.415302821047851
38 11 -11.083298022118973
38 12 -10.746210863741329
38 13 -10.406145613108285
38 14 -10.064541849598527
38 15 -9.7230889541823196
38 16 -9.3828861473631147
38 17 -9.0452628863275919
38 18 -8.7110353246021592
38 19 -8.3812246744289904
38 20 -8.0564141502764652
38 21 -7.7373637890787261
38 22 -7.4244677222609106
38 23 -7.1182670592960235
38 24 -6.8190043965794054
38 25 -6.5270392638826706
38 26 -6.2424943258436167
38 27 -5.9655801282326584
38 28 -5.6963255730779672
38 29 -5.4348203395553334
38 30 -5.1810209040671689
38 31 -4.9349200718874817
38 32 -4.6964190351506954
38 33 -4.4654339866544683
38 34 -4.2418244096698938
38 35 -4.0254468195015516
38 36 -3.8161295938948672
38 37 -3.6136835756976913
38 38 -3.4179142081022866
38 39 -3.2285981120753648
38 40 -3.0455240104484211
38 41 -2.8684435455471156
38 42 -2.6971333852944679
38 43 -2.5313275445598502
38 44 -2.37079409487411
38 45 -2.2152551654020423
38 46 -2.0644727629617279
38 47 -1.9181615141993127
38 48 -1.7760791908887177
38 49 -1.637936163181847
38 50 -1.5034872732044866
38 51 -1.3724409349584761
38 52 -1.2445499724999287
38 53 -1.119522403935957
38 54 -0.99710975919657596
38 55 -0.87702009843914641
38 56 -0.75900217977104434
38 57 -0.64276983838269464
38 58 -0.52810696105376187
38 59 -0.41470757381049905
38 60 -0.30178159018813733
38 61 -0.1883638738372819
38 62 -0.080794391934021645
38 63 0
39 0 0
39 1 -16.186224020105659
39 2 -15.974505895860633
39 3 -15.7530057192429
39 4 -15.489102738600659
39 5 -15.188174672531749
39 6 -14.864011024554017
39 7 -14.520842300602368
39 8 -14.161318597856322
39 9 -13.788411057617484
39 10 -13.405217047525349
39 11 -13.014247692744519
39 12 -12.61797629394764
39 13 -12.218393030335706
39 14 -11.817503234333497
39 15 -11.416855921156134
39 16 -11.018045296484729
39 17 -10.62224360045199
39 18 -10.230695235063044
39 19 -9.8442551539813294
39 20 -9.4638727006128676
39 21 -9.0901387982755235
39 22 -8.7237566712933852
39 23 -8.3651001897970154
39 24 -8.0146693392307711
39 25 -7.6726617336291856
39 26 -7.3394111257227657
39 27 -7.0149738304274614
39 28 -6.6995488593010304
39 29 -6.3930808095912992
39 30 -6.0956604086128374
39 31 -5.8071452763032747
39 32 -5.5275398213684674
39 33 -5.256635143498043
39 34 -4.9943673706907532
39 35 -4.7404778049315812
39 36 -4.4948489560156064
39 37 -4.2571858345416178
39 38 -4.0273291387277101
39 39 -3.8049583529531001
39 40 -3.5898817878515019
39 41 -3.3817618512837613
39 42 -3.1803819275826402
39 43 -2.9853938571616681
39 44 -2.7965619610712835
39 45 -2.6135324063857084
39 46 -2.4360550259588507
39 47 -2.2637738727497441
39 48 -2.0964278384805337
39 49 -1.933661325801719
39 50 -1.7752050196813858
39 51 -1.6207052410103433
39 52 -1.4698865590738639
39 53 -1.3223981047283686
39 54 -1.1779600310890268
39 55 -1.0362239657681906
39 56 -0.89690463721952396
39 57 -0.75966263993641792
39 58 -0.62425275615806475
39 59 -0.49031146651260149
39 60 -0.35691494401788387
39 61 -0.22293820034574016
39 62 -0.095828581953214489
39 63 0
40 0 0
40 1 -18.506143301590505
40 2 -18.257682536429254
40 3 -17.996771684096281
40 4 -17.689757231911628
40 5 -17.342378605115425
40 6 -16.969190240061117
40 7 -16.575289270640091
40 8 -16.163211487819741
40 9 -15.736649291773963
40 10 -15.298625518398236
40 11 -14.852318845960527
40 12 -14.400081821480535
40 13 -13.944502649743141
40 14 -13.487439096203531
40 15 -13.03097069632766
40 16 -12.576526641680337
40 17 -12.125744002835672
40 18 -11.67969314687733
40 19 -11.239631085811771
40 20 -10.806330818735157
40 21 -10.380726266602382
40 22 -9.9633471979323147
40 23 -9.5548557348227838
40 24 -9.1555851163508475
40 25 -8.765971183736303
40 26 -8.3861902720578794
40 27 -8.0164918435261825
40 28 -7.6569284244357885
40 29 -7.3075976847921593
40 30 -6.9684555737451621
40 31 -6.639477634436286
40 32 -6.3205453283939654
40 33 -6.0115372577025381
40 34 -5.7122780703377902
40 35 -5.4225705922232814
40 36 -5.1421966125001486
40 37 -4.8709007781295206
40 38 -4.6084328964535439
40 39 -4.3544938982868677
40 40 -4.1088099816736978
40 41 -3.8710500944131945
40 42 -3.6409231915019284
40 43 -3.4180756127357901
40 44 -3.2022038529759627
40 45 -2.9929389977663186
40 46 -2.7899686325970663
40 47 -2.5929142237357037
40 48 -2.4014570517025753
40 49 -2.215213149788521
40 50 -2.0338593804160503
40 51 -1.8570093172333508
40 52 -1.6843367475895918
40 53 -1.5154548133006283
40 54 -1.3500352809517542
40 55 -1.1876913194629857
40 56 -1.0280907951868521
40 57 -0.87085531470743793
40 58 -0.71570038357353183
40 59 -0.5622169494384206
40 60 -0.40934468154570519
40 61 -0.25581367976749919
40 62 -0.11011526557579486
40 63 0
41 0 0
41 1 -20.682676867997625
41 2 -20.400852652982273
41 3 -20.103580509346539
41 4 -19.757104748479332
41 5 -19.366789755529528
41 6 -18.948570729977579
41 7 -18.507621348788465
41 8 -18.047093119092306
41 9 -17.570624444887866
41 10 -17.081882978850327
41 11 -16.583960235444884
41 12 -16.079792764707861
41 13 -15.571846146590346
41 14 -15.062507136802877
41 15 -14.553708294979543
41 16 -14.047352234640579
41 17 -13.544913158677543
41 18 -13.047880393727016
41 19 -12.557339359060997
41 20 -12.074429466331507
41 21 -11.599910144155901
41 22 -11.1346276845841
41 23 -10.679071400403529
41 24 -10.2338443934932
41 25 -9.7992148339064222
41 26 -9.3755858952414641
41 27 -8.9630469706911811
41 28 -8.5618382891574996
41 29 -8.171906671538931
41 30 -7.7933606314153385
41 31 -7.4260349995730133
41 32 -7.0699326466039834
41 33 -6.7248019539344863
41 34 -6.3905616879311831
41 35 -6.0668948663910749
41 36 -5.7536537717555785
41 37 -5.4504732553894888
41 38 -5.1571534001610901
41 39 -4.8732947299759459
41 40 -4.5986566108819451
41 41 -4.3328162049826844
41 42 -4.0755013202268966
41 43 -3.8262742847438367
41 44 -3.5848386006278425
41 45 -3.3507482377332183
41 46 -3.1236880963653162
41 47 -2.9032085496085549
41 48 -2.6889803543928443
41 49 -2.4805536284502434
41 50 -2.2775884506381265
41 51 -2.0796368543236654
41 52 -1.8863509151779787
41 53 -1.6972858660595267
41 54 -1.5120879567890919
41 55 -1.3303152666854996
41 56 -1.1516069898503736
41 57 -0.97553297328376654
41 58 -0.80178381002737675
41 59 -0.62989530874020727
41 60 -0.45868881575145637
41 61 -0.28674698989039249
41 62 -0.12355163349567273
41 63 0
42 0 0
42 1 -22.699155340009835
42 2 -22.387165339578463
42 3 -22.057175652487139
42 4 -21.67484816828852
42 5 -21.245820044286024
42 6 -20.786577625007883
42 7 -20.303022592635465
42 8 -19.798190533510795
42 9 -19.276345862324433
42 10 -18.741064797329113
42 11 -18.196032565824037
42 12 -17.644054212691188
42 13 -17.088141226159401
42 14 -16.530524665436673
42 15 -15.973633815216253
42 16 -15.419199660919128
42 17 -14.869142642098234
42 18 -14.324772062398582
42 19 -13.787569000063241
42 20 -13.258490627876281
42 21 -12.73864239822551
42 22 -12.228691079521701
42 23 -11.729424222382772
42 24 -11.241271874053009
42 25 -10.764755252085223
42 26 -10.300113632035922
42 27 -9.8476474354126431
42 28 -9.4074439020113605
42 29 -8.979622436015287
42 30 -8.5641504301215789
42 31 -8.1610006659936527
42 32 -7.7700470726130275
42 33 -7.391145251641225
42 34 -7.0240970101819871
42 35 -6.6686657174788486
42 36 -6.3245981042399633
42 37 -5.9915862205327635
42 38 -5.6693351682032596
42 39 -5.3574830056072527
42 40 -5.0557036889179416
42 41 -4.7635954532036395
42 42 -4.4808091869561579
42 43 -4.2069147104660392
42 44 -3.9415459989192283
42 45 -3.6842534750220484
42 46 -3.4346588372144562
42 47 -3.1923000735806562
42 48 -2.9567900597347747
42 49 -2.7276595642741053
42 50 -2.5045151835455259
42 51 -2.2868842055022953
42 52 -2.0743687927022836
42 53 -1.8664953362965173
42 54 -1.6628630113847283
42 55 -1.462997908498378
42 56 -1.2664940736606765
42 57 -1.0728881394162344
42 58 -0.88183255878885214
42 59 -0.69282379563807373
42 60 -0.50456101667173248
42 61 -0.31549910609760778
42 62 -0.13602876549892634
42 63 0
43 0 0
43 1 -24.537954457872168
43 2 -24.199700768579792
43 3 -23.840685020358542
43 4 -23.426795671161045
43 5 -22.963325453704801
43 6 -22.467793867494553
43 7 -21.946136046322039
43 8 -21.40190269368064
43 9 -20.839287440689855
43 10 -20.262414720930174
43 11 -19.674868477648992
43 12 -19.07996757369931
43 13 -18.480590833200988
43 14 -17.879449449601271
43 15 -17.278817887934281
43 16 -16.680869949864633
43 17 -16.087356437843908
43 18 -15.49999002764803
43 19 -14.920073762231747
43 20 -14.348927613968989
43 21 -13.787476006665072
43 22 -13.236707806057479
43 23 -12.697230953382363
43 24 -12.169757651132656
43 25 -11.654634391555302
43 26 -11.15234418235427
43 27 -10.663020193580614
43 28 -10.186957102856834
43 29 -9.7241163428130726
43 30 -9.2746390339509102
43 31 -8.8383503919962791
43 32 -8.4152672536855633
43 33 -8.0051086143060495
43 34 -7.6077914264422395
43 35 -7.2229535025454696
43 36 -6.850432061424395
43 37 -6.4898043742696103
43 38 -6.1408444251990115
43 39 -5.8030857312826774
43 40 -5.4762524442684786
43 41 -5.159847767972626
43 42 -4.8535568284253667
43 43 -4.5568630784774724
43 44 -4.2694212725116332
43 45 -3.9907032201502193
43 46 -3.7203401902702127
43 47 -3.4577983823023972
43 48 -3.2026910266118906
43 49 -2.9544830083334728
43 50 -2.7127738050102232
43 51 -2.4770298381940132
43 52 -2.2468401847769761
43 53 -2.0216745492000676
43 54 -1.801114352089993
43 55 -1.5846322885523361
43 56 -1.371800851807778
43 57 -1.1621067954559106
43 58 -0.95518330618892544
43 59 -0.7504747539590686
43 60 -0.5465817238981876
43 61 -0.34182748304406779
43 62 -0.14744594198602637
43 63 0
44 0 0
44 1 -26.182607573208184
44 2 -25.821857718461505
44 3 -25.437992001380934
44 4 -24.996805880773934
44 5 -24.503763924805806
44 6 -23.976696049837496
44 7 -23.422101824417041
44 8 -22.843414319005781
44 9 -22.245338164255916
44 10 -21.631887234106603
44 11 -21.007148035840622
44 12 -20.374295678864129
44 13 -19.736688421276526
44 14 -19.096872412437172
44 15 -18.457573541390843
44 16 -17.82078629375415
44 17 -17.188680320144993
44 18 -16.562781242904286
44 19 -15.944775068647955
44 20 -15.335792556371478
44 21 -14.737103118024645
44 22 -14.149508875470314
44 23 -13.573923867282334
44 24 -13.01087970134852
44 25 -12.460990232132911
44 26 -11.924566792133463
44 27 -11.401972261969309
44 28 -10.893340493082102
44 29 -10.398826820722432
44 30 -9.9184235689604154
44 31 -9.452116474616469
44 32 -8.9997861457743458
44 33 -8.5612815510061946
44 34 -8.1363959905287313
44 35 -7.7248697794304544
44 36 -7.3264286526567179
44 37 -6.9407280885411851
44 38 -6.5674420393321009
44 39 -6.2061610840911481
44 40 -5.8565198669526231
44 41 -5.5180605359442412
44 42 -5.1903881792885818
44 43 -4.8730099072692461
44 44 -4.5655087950377577
44 45 -4.2673676075487537
44 46 -3.9781531799550769
44 47 -3.6973322744557433
44 48 -3.4244598587597563
44 49 -3.1589930120379934
44 50 -2.9004781115654357
44 51 -2.6483671464550378
44 52 -2.4022003287873197
44 53 -2.1614277879634836
44 54 -1.9255854796068359
44 55 -1.6941225373313475
44 56 -1.4665684256674385
44 57 -1.2423842454467016
44 58 -1.0211664751404836
44 59 -0.80232818022674179
44 60 -0.58436535802917067
44 61 -0.36549522075521185
44 62 -0.15769420452081515
44 63 0
45 0 0
45 1 -27.616032974848316
45 2 -27.237070125079633
45 3 -26.83256766030642
45 4 -26.368886159486358
45 5 -25.851184188417712
45 6 -25.297935620468991
45 7 -24.715625977853861
45 8 -24.108084498028802
45 9 -23.479926610461959
45 10 -22.835599133520081
45 11 -22.179071665563185
45 12 -21.513946781674417
45 13 -20.843438864474855
45 14 -20.170511614456249
45 15 -19.497727237391892
45 16 -18.827481204437611
45 17 -18.161765786213863
45 18 -17.502485615606833
45 19 -16.851141220246845
45 20 -16.209216090654866
45 21 -15.577791002430061
45 22 -14.957991413812842
45 23 -14.350543795891907
45 24 -13.756271743308634
45 25 -13.175606092042953
45 26 -12.609117938153284
45 27 -12.056994430066586
45 28 -11.519597043344033
45 29 -10.996914694290465
45 30 -10.489136082451278
45 31 -9.9960912119386567
45 32 -9.5178273526574717
45 33 -9.0540492194228204
45 34 -8.6046890763184969
45 35 -8.169354760322145
45 36 -7.7478856139740904
45 37 -7.3398163023249579
45 38 -6.9449115574120466
45 39 -6.5626523787980471
45 40 -6.192743958505134
45 41 -5.8346294293044956
45 42 -5.4879667614117293
45 43 -5.1521737791014086
45 44 -4.8268712347964335
45 45 -4.5114613986554586
45 46 -4.2055358812300607
45 47 -3.9084887509456405
45 48 -3.61988895963042
45 49 -3.3391276906896015
45 50 -3.0657564156755135
45 51 -2.799167038139093
45 52 -2.5388976648825041
45 53 -2.2843432016096772
45 54 -2.0350317904312143
45 55 -1.7903612219409812
45 56 -1.5498485645653419
45 57 -1.3129073393004966
45 58 -1.0791221381161491
45 59 -0.84785762281452848
45 60 -0.61753547478415194
45 61 -0.38626068811633274
45 62 -0.166675588317374
45 63 0
46 0 0
46 1 -28.822011114525402
46 2 -28.429037286411774
46 3 -28.008470660354373
46 4 -27.527088929719863
46 5 -26.990110905770468
46 6 -26.416062782593201
46 7 -25.811809705132081
46 8 -25.181061601586318
46 9 -24.528811352997021
46 10 -23.859374630333644
46 11 -23.17711510207813
46 12 -22.485478287754976
46 13 -21.788076044255266
46 14 -21.087696752686554
46 15 -20.387295338138877
46 16 -19.689079384806558
46 17 -18.995421443718161
46 18 -18.308031154350328
46 19 -17.628770390985121
46 20 -16.958925475357844
46 21 -16.299914408002401
46 22 -15.652667608738568
46 23 -15.018220828165376
46 24 -14.397208356874781
46 25 -13.790339876270624
46 26 -13.198005780378212
46 27 -12.620640380556143
46 28 -12.058435186824038
46 29 -11.511594445024286
46 30 -10.980149063591222
46 31 -10.464113316373647
46 32 -9.9633896613276249
46 33 -9.4778375339849372
46 34 -9.0072576194038891
46 35 -8.551384986186406
46 36 -8.1099404267704216
46 37 -7.6825607797879671
46 38 -7.2689046911706052
46 39 -6.8685329180316099
46 40 -6.4810561986314665
46 41 -6.1059777230147656
46 42 -5.7428716282891203
46 43 -5.391198773543123
46 44 -5.0505055827789844
46 45 -4.7202228928180228
46 46 -4.3998763330609885
46 47 -4.0888764407383462
46 48 -3.7867333840452368
46 49 -3.4928448660361453
46 50 -3.2067096656135647
46 51 -2.9277181661442997
46 52 -2.6553608329282423
46 53 -2.3890246858003312
46 54 -2.1281943172377753
46 55 -1.8722546497169861
46 56 -1.6206822661123439
46 57 -1.3728746965107752
46 58 -1.1283815881361636
46 59 -0.88654647818561894
46 60 -0.64570727906524983
46 61 -0.40388968462354752
46 62 -0.17428098043361059
46 63 0
47 0 0
47 1 -29.784079737979336
47 2 -29.381604464984562
47 3 -28.949572586095186
47 4 -28.455660611151103
47 5 -27.904825697651525
47 6 -27.315820080513657
47 7 -26.695444966860578
47 8 -26.047670749092568
47 9 -25.377381831478772
47 10 -24.689193880670686
47 11 -23.987337137624607
47 12 -23.275581664057551
47 13 -22.557383448620129
47 14 -21.835870712134916
47 15 -21.113825069199926
47 16 -20.393799928154255
47 17 -19.677981915302354
47 18 -18.968424007955544
47 19 -18.266794276783376
47 20 -17.574712518224153
47 21 -16.89339950529433
47 22 -16.22410315959505
47 23 -15.567662613909622
47 24 -14.925008918653775
47 25 -14.29665925178943
47 26 -13.683276587565279
47 27 -13.085109755524341
47 28 -12.502596484144052
47 29 -11.935764839289485
47 30 -11.384864534539357
47 31 -10.849744624449393
47 32 -10.330498881045017
47 33 -9.8268335537808618
47 34 -9.3387138733279187
47 35 -8.8657342988813319
47 36 -8.4077547461789646
47 37 -7.9642841073813537
47 38 -7.5350965292765819
47 39 -7.1196371939094645
47 40 -6.7176108165901809
47 41 -6.3284167950256212
47 42 -5.9517039820400832
47 43 -5.5868404181964122
47 44 -5.2334302961720578
47 45 -4.8908216483234623
47 46 -4.5585832036260072
47 47 -4.2360516578450378
47 48 -3.9227677863527739
47 49 -3.6180633197444925
47 50 -3.3214571838395774
47 51 -3.0322805583356653
47 52 -2.7500354591597569
47 53 -2.4740553945529866
47 54 -2.2038296006167846
47 55 -1.9386940888268576
47 56 -1.6781245840462558
47 57 -1.4214737904709478
47 58 -1.1682889379578951
47 59 -0.91786951668636219
47 60 -0.66850817394837359
47 61 -0.41814157444352112
47 62 -0.18041594932695473
47 63 0
48 0 0
48 1 -30.486312494032855
48 2 -30.078822535928584
48 3 -29.640146525256736
48 4 -29.138888946495012
48 5 -28.579946878923074
48 6 -27.981859736410613
48 7 -27.351606861096077
48 8 -26.693037860506518
48 9 -26.011264433534066
48 10 -25.310749900921294
48 11 -24.59599328533082
48 12 -23.870593749512363
48 13 -23.138306619158396
48 14 -22.402073936272036
48 15 -21.664996305363044
48 16 -20.929430021406692
48 17 -20.197889979616424
48 18 -19.47222546809725
48 19 -18.754432717174545
48 20 -18.045925524366229
48 21 -17.34824458809851
48 22 -16.662433496476595
48 23 -15.989636379544729
48 24 -15.330585153754274
48 25 -14.686081868034256
48 26 -14.056598545550854
48 27 -13.442645034073392
48 28 -12.844478662019343
48 29 -12.262362311702237
48 30 -11.696377579562673
48 31 -11.146581017498496
48 32 -10.612911676146235
48 33 -10.095255918763685
48 34 -9.5934381920056051
48 35 -9.1072064784958879
48 36 -8.6362938877340341
48 37 -8.180337698138457
48 38 -7.7389988506613738
48 39 -7.3118277012609276
48 40 -6.8984286535783266
48 41 -6.4982852925208698
48 42 -6.1109581059582885
48 43 -5.7358807137689078
48 44 -5.3725797828161905
48 45 -5.0204527275739093
48 46 -4.6790003934914219
48 47 -4.347595009639031
48 48 -4.0257178823923212
48 49 -3.7127246451617668
48 50 -3.4080819555452506
48 51 -3.1111353103101869
48 52 -2.8213404902427364
48 53 -2.5380375870301628
48 54 -2.2606745322080806
48 55 -1.9885878041831122
48 56 -1.7212156469449686
48 57 -1.4579069241223359
48 58 -1.1981760764872562
48 59 -0.94131415409230934
48 60 -0.68555404604890624
48 61 -0.42878547787544269
48 62 -0.18497103271631005
48 63 0
49 0 0
49 1 -30.912933325926062
49 2 -30.505002421479876
49 3 -30.064519335928583
49 4 -29.56130106326005
49 5 -29.000031320368315
49 6 -28.399043088467621
49 7 -27.765201631157108
49 8 -27.102466922302295
49 9 -26.415822898778508
49 10 -25.709883987351041
49 11 -24.98899905856219
49 12 -24.25697254548902
49 13 -23.517391585559324
49 14 -22.773444301498607
49 15 -22.028047900701846
49 16 -21.283834225725514
49 17 -20.543123103531901
49 18 -19.808057799191516
49 19 -19.080431669293258
49 20 -18.361960817435229
49 21 -17.653979228788728
49 22 -16.95783222874169
49 23 -16.274457241320338
49 24 -15.604879841817084
49 25 -14.949698925334973
49 26 -14.309666055473828
49 27 -13.685094581484174
49 28 -13.076502678766889
49 29 -12.483965954636281
49 30 -11.907804974337166
49 31 -11.347900224126372
49 32 -10.80440592400408
49 33 -10.277044977720836
49 34 -9.7658323822078259
49 35 -9.2703661013561405
49 36 -8.7905452768069008
49 37 -8.3258709337385426
49 38 -7.876146362222233
49 39 -7.4407993142359299
49 40 -7.0195542481302411
49 41 -6.6117853146747976
49 42 -6.2171525377854078
49 43 -5.8349925101233096
49 44 -5.4649129326122337
49 45 -5.1062256290820338
49 46 -4.7584961121059992
49 47 -4.4210213473412114
49 48 -4.0933330972771369
49 49 -3.7747208689539558
49 50 -3.4646896691569919
49 51 -3.1625267807184163
49 52 -2.8677162299938304
49 53 -2.5795465842852097
49 54 -2.2974857902046253
49 55 -2.0208242701338999
49 56 -1.7490137478157028
49 57 -1.4813615322862301
49 58 -1.2173916469177282
49 59 -0.95635616320397709
49 60 -0.69647687293729654
49 61 -0.43558173286144897
49 62 -0.18785623875754376
49 63 0
50 0 0
50 1 -31.048356552036882
50 2 -30.644597295521422
50 3 -30.207221434414617
50 4 -29.70746479389274
50 5 -29.149824514622122
50 6 -28.552159243537616
50 7 -27.921299641181719
50 8 -27.261083826712341
50 9 -26.576559027547368
50 10 -25.872166445684098
50 11 -25.152382984896082
50 12 -24.420828378542602
50 13 -23.681274767802993
50 14 -22.936713056967733
50 15 -22.190289595274457
50 16 -21.444429502181375
50 17 -20.701713515339797
50 18 -19.964071939960256
50 19 -19.233579080321874
50 20 -18.511735452513847
50 21 -17.800165358774372
50 22 -17.099999563766985
50 23 -16.412465855487895
50 24 -15.738379755451763
50 25 -15.078622763965582
50 26 -14.433744021188106
50 27 -13.804325500954183
50 28 -13.19069322050173
50 29 -12.593172771666511
50 30 -12.011904893364546
50 31 -11.446998226636399
50 32 -10.898440963721113
50 33 -10.366160468054071
50 34 -9.8500203846730088
50 35 -9.3497987208078133
50 36 -8.8652582734388066
50 37 -8.3960559193129871
50 38 -7.9418734635618824
50 39 -7.5022712864283676
50 40 -7.0768666758897805
50 41 -6.6651447062302509
50 42 -6.2666716896931138
50 43 -5.8808753295566873
50 44 -5.5072819927417624
50 45 -5.1452769122469384
50 46 -4.7943554168135751
50 47 -4.4538723837238532
50 48 -4.1232992359060381
50 49 -3.8019700915182413
50 50 -3.4893381328964312
50 51 -3.1847240716292888
50 52 -2.8875673140752602
50 53 -2.5971806670574882
50 54 -2.312993394966333
50 55 -2.0343128080377104
50 56 -1.7605566815234897
50 57 -1.491043594980576
50 58 -1.2252674255430478
50 59 -0.96248744799787656
50 60 -0.70089287848092074
50 61 -0.43830341329660211
50 62 -0.18896144960052752
50 63 0
51 0 0
51 1 -30.877547686130228
51 2 -30.482434146964685
51 3 -30.053086282605715
51 4 -29.562231151232758
51 5 -29.014202770098446
51 6 -28.42622136044481
51 7 -27.804955320422394
51 8 -27.154191852256268
51 9 -26.478832038277655
51 10 -25.783305979432239
51 11 -25.071924258980914
51 12 -24.348377316435354
51 13 -23.61625698193134
51 14 -22.878690236439088
51 15 -22.13862984846563
51 16 -21.398689878657606
51 17 -20.661246498383207
51 18 -19.928458960745608
51 19 -19.202189038681247
51 20 -18.484193971670134
51 21 -17.775881061433857
51 22 -17.078654314869169
51 23 -16.393523729829585
51 24 -15.721584608280816
51 25 -15.063503480891237
51 26 -14.420107287974801
51 27 -13.79176918577142
51 28 -13.179084042396234
51 29 -12.58217768087869
51 30 -12.001445322975723
51 31 -11.436807249597225
51 32 -10.888487828774648
51 33 -10.356239244441143
51 34 -9.8401404263313967
51 35 -9.3398085601925231
51 36 -8.8551994453746392
51 37 -8.3858241072213531
51 38 -7.9315346888862166
51 39 -7.4917607916296554
51 40 -7.066267813326613
51 41 -6.6544247869141078
51 42 -6.2559249742817027
51 43 -5.8700940840636431
51 44 -5.4965657990012335
51 45 -5.1346364391361998
51 46 -4.7838908470782808
51 47 -4.4436069071318318
51 48 -4.11332976238225
51 49 -3.7923271681475783
51 50 -3.4801123145805235
51 51 -3.1759488197942591
51 52 -2.8793244632024972
51 53 -2.5895028394911677
51 54 -2.3059519690896746
51 55 -2.0279364581799522
51 56 -1.7549051955336965
51 57 -1.4861390943268058
51 58 -1.221156682592982
51 59 -0.95918411832282191
51 60 -0.69843921976839562
51 61 -0.43671161438132211
51 62 -0.18820214509078803
51 63 0
52 0 0
52 1 -30.385310091889437
52 2 -30.003418211803371
52 3 -29.586948078796034
52 4 -29.110495705103141
52 5 -28.578079059553872
52 6 -28.006196764167932
52 7 -27.401264847387758
52 8 -26.76694825085519
52 9 -26.108037170539792
52 10 -25.428768922765663
52 11 -24.733428188745101
52 12 -24.025507611860583
52 13 -23.308654361652032
52 14 -22.585787456914748
52 15 -21.859982512792463
52 16 -21.133637203885389
52 17 -20.409304610130754
52 18 -19.68892139967538
52 19 -18.974567025975908
52 20 -18.267772929530331
52 21 -17.570192279747477
52 22 -16.883003431272602
52 23 -16.207478942298117
52 24 -15.544492063356543
52 25 -14.894978456663555
52 26 -14.259549908681059
52 27 -13.638846702474204
52 28 -13.033258392557922
52 29 -12.443168966480664
52 30 -11.868780622262378
52 31 -11.31025748957954
52 32 -10.767645077220257
52 33 -10.240921267481799
52 34 -9.730001564914657
52 35 -9.2347082482327867
52 36 -8.7548498037025997
52 37 -8.2901204934101074
52 38 -7.8402413933250861
52 39 -7.404803243147696
52 40 -6.9834562796705955
52 41 -6.5757091418054259
52 42 -6.18115510713519
52 43 -5.7992391373519157
52 44 -5.4295090775200325
52 45 -5.0713617627948944
52 46 -4.7243090998827757
52 47 -4.3877126447998949
52 48 -4.0610561249872328
52 49 -3.7436761686490811
52 50 -3.4350346186281815
52 51 -3.1344512602825239
52 52 -2.8413711244187869
52 53 -2.5551033332351185
52 54 -2.2750803030874187
52 55 -2.0006035464240672
52 56 -1.731092168552929
52 57 -1.4658569878733818
52 58 -1.2043896587923251
52 59 -0.94594270063454733
52 60 -0.68873171722869531
52 61 -0.43058394726863608
52 62 -0.18546709393118654
52 63 0
53 0 0
53 1 -29.557395707858277
53 2 -29.192940125372758
53 3 -28.794195753568086
53 4 -28.337479477228211
53 5 -27.826696404333187
53 6 -27.277290648574247
53 7 -26.695471947416355
53 8 -26.084685944619981
53 9 -25.449560176625308
53 10 -24.794148928871639
53 11 -24.122555789184258
53 12 -23.438196302108576
53 13 -22.744526006686289
53 14 -22.044474483612511
53 15 -21.340913921682581
53 16 -20.636327591040207
53 17 -19.933054453479063
53 18 -19.233178084836428
53 19 -18.538555356386237
53 20 -17.850912380608502
53 21 -17.171674345128313
53 22 -16.502249075581698
53 23 -15.843679294996655
53 24 -15.197090549815282
53 25 -14.563190524992576
53 26 -13.942855440262706
53 27 -13.336503061594952
53 28 -12.744790307149318
53 29 -12.167887382934481
53 30 -11.606259151912878
53 31 -11.059867488842528
53 32 -10.5290098288904
53 33 -10.013475534861072
53 34 -9.5134167876566735
53 35 -9.0284826648477328
53 36 -8.5586999788942375
53 37 -8.1036060686407136
53 38 -7.6631201404352778
53 39 -7.2366926635828568
53 40 -6.8241510374641381
53 41 -6.4248801383458174
53 42 -6.0386295499511453
53 43 -5.664736394237706
53 44 -5.3028847728906516
53 45 -4.9523786666587508
53 46 -4.6128475164596345
53 47 -4.2835738050906897
53 48 -3.9641417630790841
53 49 -3.653821335447756
53 50 -3.3521597603584632
53 51 -3.0584210209842801
53 52 -2.7721224854928215
53 53 -2.4925267805690168
53 54 -2.2191276930292498
53 55 -1.9511879944554535
53 56 -1.688179409240697
53 57 -1.429379744304814
53 58 -1.1743240847874392
53 59 -0.9222386211477942
53 60 -0.67141330082043971
53 61 -0.41968191560803841
53 62 -0.18067848668967582
53 63 0
54 0 0
54 1 -28.37904758675587
54 2 -28.036407290865107
54 3 -27.66001889028216
54 4 -27.228457778473118
54 5 -26.745184326063548
54 6 -26.22469819054216
54 7 -25.672740822205458
54 8 -25.092636187987999
54 9 -24.488721185458534
54 10 -23.864840141312861
54 11 -23.224906927172452
54 12 -22.572127650545173
54 13 -21.909870104189778
54 14 -21.240846022304936
54 15 -20.567928340505333
54 16 -19.893374632808989
54 17 -19.219599662128275
54 18 -18.548454718335055
54 19 -17.881933659797824
54 20 -17.221526137416799
54 21 -16.568841845352708
54 22 -15.925051081474162
54 23 -15.291415597197089
54 24 -14.668825813102872
54 25 -14.058231021854018
54 26 -13.460278233700205
54 27 -12.875638796486566
54 28 -12.304749637654417
54 29 -11.748037432672165
54 30 -11.205759165438865
54 31 -10.678128584990112
54 32 -10.165249708398429
54 33 -9.6671532985835498
54 34 -9.1838143113131103
54 35 -8.7151084036776485
54 36 -8.2609024502625239
54 37 -7.8209426086171927
54 38 -7.3950059145520761
54 39 -6.9827321965429139
54 40 -6.583824373084898
54 41 -6.1978365758883109
54 42 -5.8244110404232217
54 43 -5.4630342559983234
54 44 -5.1132991623946573
54 45 -4.7746401049577063
54 46 -4.4466103062488225
54 47 -4.1286049900759014
54 48 -3.8201456610159821
54 49 -3.5205990998059571
54 50 -3.2294617298210073
54 51 -2.9460803931716497
54 52 -2.6699319081340005
54 53 -2.4003498160568824
54 54 -2.1367959500499878
54 55 -1.8785941779752648
54 56 -1.6251913937875202
54 57 -1.3759181269573153
54 58 -1.1302866978879402
54 59 -0.8875730008512821
54 60 -0.64609835849675068
54 61 -0.40378830859224552
54 62 -0.17372340504655864
54 63 0
55 0 0
55 1 -26.836823923344383
55 2 -26.519804199300321
55 3 -26.17039360073025
55 4 -25.769056325724815
55 5 -25.31918837208519
55 6 -24.833849977760494
55 7 -24.318538544620417
55 8 -23.776188181640158
55 9 -23.210959505307404
55 10 -22.626336746203634
55 11 -22.026040231336879
55 12 -21.4130410707659
55 13 -20.790505610050612
55 14 -20.161016945990688
55 15 -19.527235603224721
55 16 -18.891385267062017
55 17 -18.255657352480203
55 18 -17.621950529691965
55 19 -16.99202588098435
55 20 -16.36748783669092
55 21 -15.749706573673704
55 22 -15.140020744403186
55 23 -14.53944930087442
55 24 -13.949091309441316
55 25 -13.369653841053578
55 26 -12.802020495516743
55 27 -12.246624903833347
55 28 -11.704157420524172
55 29 -11.174815226360272
55 30 -10.659115912159104
55 31 -10.157055248386266
55 32 -9.668996943270038
55 33 -9.1947680205148572
55 34 -8.7345957056847006
55 35 -8.2881682238944769
55 36 -7.855592337235465
55 37 -7.4364444623666257
55 38 -7.0307256202976847
55 39 -6.6379243070874514
55 40 -6.2579492988077154
55 41 -5.8902219070394768
55 42 -5.5345709936898739
55 43 -5.1903683074030162
55 44 -4.8573740165313177
55 45 -4.5349249261438755
55 46 -4.2227226750678826
55 47 -3.9200809164135677
55 48 -3.6266519227527141
55 49 -3.3417353821863283
55 50 -3.0649424247468788
55 51 -2.7955656080207612
55 52 -2.5331822732811244
55 53 -2.2770827003423566
55 54 -2.0268171153037762
55 55 -1.7816753837249739
55 56 -1.5411830446970955
55 57 -1.304643252982564
55 58 -1.0716350043414919
55 59 -0.84141578243404824
55 60 -0.61243365380061798
55 61 -0.38266288512549496
55 62 -0.16453142493762485
55 63 0
56 0 0
56 1 -24.916408915565206
56 2 -24.629039424960368
56 3 -24.310870269492298
56 4 -23.944935086696866
56 5 -23.534061330807461
56 6 -23.090175619341796
56 7 -22.618100306944534
56 8 -22.120649837863557
56 9 -21.601514331584855
56 10 -21.063954432848348
56 11 -20.511331421264568
56 12 -19.946397647536568
56 13 -19.372078245206744
56 14 -18.790730115711401
56 15 -18.204878389781449
56 16 -17.616512613234413
56 17 -17.02778236105507
56 18 -16.44034461313684
56 19 -15.855998831192682
56 20 -15.276102114531376
56 21 -14.702129494604446
56 22 -14.135169562778794
56 23 -13.576398961351353
56 24 -13.026667497456016
56 25 -12.486879701045158
56 26 -11.957674502052432
56 27 -11.439710648085539
56 28 -10.933442140256354
56 29 -10.439308070767671
56 30 -9.9576014052805455
56 31 -9.4885672032413293
56 32 -9.0323591843625284
56 33 -8.5890531719877448
56 34 -8.1586833236166623
56 35 -7.7411798790235968
56 36 -7.3364750528226725
56 37 -6.9443757161240809
56 38 -6.5647277740992438
56 39 -6.1972352545547711
56 40 -5.8416715089708839
56 41 -5.4976563596776193
56 42 -5.1649026124429422
56 43 -4.8429624979562798
56 44 -4.531498680559265
56 45 -4.23001031738265
56 46 -3.9381188835855219
56 47 -3.6552828772737569
56 48 -3.3810902386159842
56 49 -3.1149691704211837
56 50 -2.8564805862930616
56 51 -2.6050308082285509
56 52 -2.3601592345647826
56 53 -2.1212570081548732
56 54 -1.8878467700958057
56 55 -1.659308465059312
56 56 -1.4351487452909086
56 57 -1.2147512384410171
56 58 -0.99767739301653446
56 59 -0.78326271619823151
56 60 -0.57002358412137788
56 61 -0.35608970463693856
56 62 -0.15298511577680082
56 63 0
57 0 0
57 1 -22.605217396140969
57 2 -22.350759468553022
57 3 -22.068082142445952
57 4 -21.742203464550766
57 5 -21.375931458698179
57 6 -20.979414022635538
57 7 -20.557199967147081
57 8 -20.111546834223184
57 9 -19.645958865097359
57 10 -19.163159952153332
57 11 -18.666308720730882
57 12 -18.157758793860832
57 13 -17.640226341533591
57 14 -17.11578975520634
57 15 -16.586754259586716
57 16 -16.05494165789198
57 17 -15.522269748913569
57 18 -14.99032647246497
57 19 -14.460668517943825
57 20 -13.934669566789598
57 21 -13.41355325231323
57 22 -12.898496696173364
57 23 -12.390419941803
57 24 -11.890319550654969
57 25 -11.398842317603625
57 26 -10.916818852262812
57 27 -10.444653348810979
57 28 -9.9830239452615981
57 29 -9.5321225993918421
57 30 -9.0924875524930009
57 31 -8.6641280354411379
57 32 -8.2474542404148252
57 33 -7.8423208041782591
57 34 -7.449021123485978
57 35 -7.0672815484878564
57 36 -6.6972894314726368
57 37 -6.338666959105268
57 38 -5.9915057412012009
57 39 -5.6553454785852546
57 40 -5.3301919143308849
57 41 -5.0155213338944362
57 42 -4.7112630622065437
57 43 -4.4168463660220558
57 44 -4.1321331572055255
57 45 -3.856519426290165
57 46 -3.5898082098159061
57 47 -3.331373404449204
57 48 -3.0809672182207497
57 49 -2.8379502316631058
57 50 -2.6020313633001311
57 51 -2.3725644488836686
57 52 -2.1492221444924504
57 53 -1.931356218357398
57 54 -1.7186096811625795
57 55 -1.5103341972788584
57 56 -1.3061463282689021
57 57 -1.1054092240429991
57 58 -0.9077795911465607
57 59 -0.7125838562517548
57 60 -0.51852496773768542
57 61 -0.32382992798125687
57 62 -0.13902517837181114
57 63 0
58 0 0
58 1 -19.889994419622035
58 2 -19.671990011948029
58 3 -19.428568467310011
58 4 -19.147533631525096
58 5 -18.831010045421912
58 6 -18.487864414064298
58 7 -18.121780611612067
58 8 -17.73490055420308
58 9 -17.330084385205094
58 10 -16.909823464594741
58 11 -16.476747936182566
58 12 -16.032986482116058
58 13 -15.580854462232024
58 14 -15.122197908115153
58 15 -14.659039509182678
58 16 -14.192959846609707
58 17 -13.725702526072077
58 18 -13.258605036352975
58 19 -12.793146576316236
58 20 -12.330442623297769
58 21 -11.871723310032268
58 22 -11.417902569745673
58 23 -10.969977665823325
58 24 -10.528680640047474
58 25 -10.094792914576185
58 26 -9.6688833754504113
58 27 -9.2515353552853679
58 28 -8.8431722977571479
58 29 -8.4441977232676386
58 30 -8.0549062352341707
58 31 -7.6755400827823745
58 32 -7.3062804534422403
58 33 -6.9472268274104136
58 34 -6.5984611828391042
58 35 -6.2599583766624489
58 36 -5.9317141534051174
58 37 -5.6135962239919834
58 38 -5.3055258571021504
58 39 -5.0072801401859728
58 40 -4.7187164411360323
58 41 -4.4395365459785916
58 42 -4.1695433677075879
58 43 -3.9083773180810835
58 44 -3.6557952394039592
58 45 -3.4113885649168409
58 46 -3.174875466160878
58 47 -2.9458091861680535
58 48 -2.7238757253088748
58 49 -2.5085993011966909
58 50 -2.2996394300628089
58 51 -2.0964988813522032
58 52 -1.8988156522148791
58 53 -1.7060772096853656
58 54 -1.5179044447664778
58 55 -1.3337734283259186
58 56 -1.1532892400503736
58 57 -0.97592892496563399
58 58 -0.80133855133947096
58 59 -0.62895667169398961
58 60 -0.45759513146445302
58 61 -0.28571108531832273
58 62 -0.12254798940457361
58 63 0
59 0 0
59 1 -16.759749352393587
59 2 -16.580801963913242
59 3 -16.380384206544495
59 4 -16.148297252667991
59 5 -15.886686375729225
59 6 -15.602358229230076
59 7 -15.298705050895176
59 8 -14.977153895598427
59 9 -14.640375542939337
59 10 -14.290153743563568
59 11 -13.928912007838125
59 12 -13.558215130370973
59 13 -13.180165820139754
59 14 -12.796174448435956
59 15 -12.40803909994586
59 16 -12.01702669193951
59 17 -11.624642504769819
59 18 -11.232022862064385
59 19 -10.840395229434737
59 20 -10.450775285629664
59 21 -10.064130127922397
59 22 -9.6813628488251275
59 23 -9.3031998142097798
59 24 -8.9304380425749006
59 25 -8.5635845242931907
59 26 -8.2033355838132564
59 27 -7.8500013722731961
59 28 -7.5041821419699151
59 29 -7.1660143362724549
59 30 -6.8360063274017824
59 31 -6.5141439881521377
59 32 -6.2008478450107152
59 33 -5.8959757837876863
59 34 -5.5998645726742815
59 35 -5.3122656395785031
59 36 -5.0334362835563038
59 37 -4.7630415272688182
59 38 -4.5012637807968776
59 39 -4.2476999075140798
59 40 -4.0024623357186062
59 41 -3.7650959753635704
59 42 -3.5356484986249757
59 43 -3.3136268900534134
59 44 -3.099019567024051
59 45 -2.8913073903422575
59 46 -2.6904252336910663
59 47 -2.495837440047636
59 48 -2.3074311825051415
59 49 -2.1246617940479053
59 50 -1.9473746426757632
59 51 -1.7750216089712232
59 52 -1.6074121318475265
59 53 -1.4439984933418759
59 54 -1.2845600668181492
59 55 -1.1285511189966917
59 56 -0.9757245436184061
59 57 -0.82554495081975199
59 58 -0.67778920115237373
59 59 -0.53189738822730614
59 60 -0.38693636625829692
59 61 -0.2415159787060922
59 62 -0.10351583079094856
59 63 0
60 0 0
60 1 -13.197083442892827
60 2 -13.060128569712274
60 3 -12.905865105137638
60 4 -12.726983656559421
60 5 -12.524846310358029
60 6 -12.304877993622453
60 7 -12.069443871247231
60 8 -11.819860442108729
60 9 -11.557995951514847
60 10 -11.285396707834828
60 11 -11.003796133564567
60 12 -10.714530542294472
60 13 -10.419142846346336
60 14 -10.118806856633734
60 15 -9.8148853347135656
60 16 -9.5083983086404373
60 17 -9.2005336193346476
60 18 -8.8921693365932839
60 19 -8.5843245319258941
60 20 -8.2777463508579672
60 21 -7.9732920025806182
60 22 -7.6715884160191594
60 23 -7.3733387975242382
60 24 -7.0790601625756793
60 25 -6.7893105634043494
60 26 -6.5045069726471487
60 27 -6.225072085302517
60 28 -5.9513322300311557
60 29 -5.6835853670698038
60 30 -5.4220760714006753
60 31 -5.1669888307114329
60 32 -4.9184948186856907
60 33 -4.676676721476003
60 34 -4.4416401076016889
60 35 -4.2133776846895898
60 36 -3.9919366501161098
60 37 -3.7772314438781049
60 38 -3.569257570394873
60 39 -3.3678625462226384
60 40 -3.1729963220519468
60 41 -2.984450237667986
60 42 -2.8021343155637863
60 43 -2.6257936720606891
60 44 -2.455303544548503
60 45 -2.2903718328506559
60 46 -2.1308436850200079
60 47 -1.9763977395067893
60 48 -1.8268533407706813
60 49 -1.6818667129565394
60 50 -1.5412353109254922
60 51 -1.4045986727945559
60 52 -1.2717359454195096
60 53 -1.1422746699878836
60 54 -1.0159790247967
60 55 -0.89246766662127019
60 56 -0.77149120073313293
60 57 -0.65266792213661695
60 58 -0.53577292760023576
60 59 -0.420399267680236
60 60 -0.30576743471129592
60 61 -0.1908053611345063
60 62 -0.081697127058560498
60 63 0
61 0 0
61 1 -9.1738750509157168
61 2 -9.0807931649820333
61 3 -8.9758424347652248
61 4 -8.8536415044536696
61 5 -8.7155999137865319
61 6 -8.5648849513094127
61 7 -8.4035561892105939
61 8 -8.2320840468547125
61 9 -8.052140830101516
61 10 -7.864417774826812
61 11 -7.6704338472929594
61 12 -7.4708118008537516
61 13 -7.2668733083810206
61 14 -7.0592079175224187
61 15 -6.8489434564740401
61 16 -6.6366426064091621
61 17 -6.4232421758624412
61 18 -6.2092836704823284
61 19 -5.9955189665682278
61 20 -5.7824711224065259
61 21 -5.5707160102750839
61 22 -5.3607587244073098
61 23 -5.1530106334011059
61 24 -4.9479575288745536
61 25 -4.7458599112541195
61 26 -4.5471815998961338
61 27 -4.3520474806434892
61 28 -4.1608958838008503
61 29 -3.9737323843976409
61 30 -3.7909659160222056
61 31 -3.61249951830154
61 32 -3.4387088371160415
61 33 -3.2694110691065426
61 34 -3.1049450414267512
61 35 -2.9450582151234475
61 36 -2.7900496968239454
61 37 -2.6396123062830732
61 38 -2.4940033482454869
61 39 -2.3528747418698202
61 40 -2.2164408438447234
61 41 -2.084324812933986
61 42 -1.9566978913363695
61 43 -1.8331648632603308
61 44 -1.7138546541163957
61 45 -1.5983622381201898
61 46 -1.4867759224813355
61 47 -1.3786876246556337
61 48 -1.2741475359523657
61 49 -1.1727495333425768
61 50 -1.0745088807234009
61 51 -0.97902481715778222
61 52 -0.88628142894711426
61 53 -0.79588529782865014
61 54 -0.70779355627972484
61 55 -0.62162045235388885
61 56 -0.5372995498320996
61 57 -0.45445635829063785
61 58 -0.37302998421501227
61 59 -0.29263768784111133
61 60 -0.21282593555316034
61 61 -0.13275225887872563
61 62 -0.056804354208549158
61 63 0
62 0 0
62 1 -4.6959551065712057
62 2 -4.6490446072016196
62 3 -4.5958300440910147
62 4 -4.533949485052795
62 5 -4.4638245523946178
62 6 -4.3873299365009526
62 7 -4.3052416519742804
62 8 -4.2180511047569693
62 9 -4.1263713134485629
62 10 -4.030770883954383
62 11 -3.9318232125511998
62 12 -3.8300248426260199
62 13 -3.7258906031652939
62 14 -3.6198600725698888
62 15 -3.512392799627309
62 16 -3.4038734323560753
62 17 -3.2947076274451002
62 18 -3.1852282720910203
62 19 -3.0757887247669546
62 20 -2.9666731419282493
62 21 -2.8581843527079012
62 22 -2.7505608553416261
62 23 -2.6440569838693837
62 24 -2.5388686826322249
62 25 -2.4352041244406837
62 26 -2.3332198328690712
62 27 -2.23308045943533
62 28 -2.1349062533324092
62 29 -2.0388212683267333
62 30 -1.9449126160005277
62 31 -1.8532669141985962
62 32 -1.7639412366012046
62 33 -1.6769881030409284
62 34 -1.5924375824686465
62 35 -1.5103115378524865
62 36 -1.4306159706483799
62 37 -1.3533455538905512
62 38 -1.2784850351683854
62 39 -1.2060053136698179
62 40 -1.1358725484791399
62 41 -1.0680371590233244
62 42 -1.002449212276513
62 43 -0.9390417579740683
62 44 -0.87775108237115962
62 45 -0.81849574136696901
62 46 -0.76120035601191904
62 47 -0.7057715932999199
62 48 -0.65212432334395043
62 49 -0.60015563584162168
62 50 -0.54977236324815459
62 51 -0.50086402714825107
62 52 -0.45333094077732622
62 53 -0.4070567845216177
62 54 -0.36193670516482235
62 55 -0.31784978955777476
62 56 -0.27468661078594242
62 57 -0.23232485439687109
62 58 -0.19066393500849993
62 59 -0.14957186343097542
62 60 -0.10875230519544721
62 61 -0.067833358084239528
62 62 -0.02899436176817358
62 63 0
63 0 0
63 1 0
63 2 0
63 3 0
63 4 0
63 5 0
63 6 0
63 7 0
63 8 0
63 9 0
63 10 0
63 11 0
63 12 0
63 13 0
63 14 0
63 15 0
63 16 0
63 17 0
63 18 0
63 19 0
63 20 0
63 21 0
63 22 0
63 23 0
63 24 0
63 25 0
63 26 0
63 27 0
63 28 0
63 29 0
63 30 0
63 31 0
63 32 0
63 33 0
63 34 0
63 35 0
63 36 0
63 37 0
63 38 0
63 39 0
63 40 0
63 41 0
63 42 0
63 43 0
63 44 0
63 45 0
63 46 0
63 47 0
63 48 0
63 49 0
63 50 0
63 51 0
63 52 0
63 53 0
63 54 0
63 55 0
63 56 0
63 57 0
63 58 0
63 59 0
63 60 0
63 61 0
63 62 0
63 63 0
