0 0 0
0 1 0
0 2 0
0 3 0
0 4 0
0 5 0
0 6 0
0 7 0
0 8 0
0 9 0
0 10 0
0 11 0
0 12 0
0 13 0
0 14 0
0 15 0
0 16 0
0 17 0
0 18 0
0 19 0
0 20 0
0 21 0
0 22 0
0 23 0
0 24 0
0 25 0
0 26 0
0 27 0
0 28 0
0 29 0
0 30 0
0 31 0
0 32 0
0 33 0
0 34 0
0 35 0
0 36 0
0 37 0
0 38 0
0 39 0
0 40 0
0 41 0
0 42 0
0 43 0
0 44 0
0 45 0
0 46 0
0 47 0
0 48 0
0 49 0
0 50 0
0 51 0
0 52 0
0 53 0
0 54 0
0 55 0
0 56 0
0 57 0
0 58 0
0 59 0
0 60 0
0 61 0
0 62 0
0 63 0
1 0 0
1 1 3.4768367887019171
1 2 3.4666149210529418
1 3 3.4528487014310403
1 4 3.4353168903241289
1 5 3.414212181237422
1 6 3.3897404430552873
1 7 3.362009596159949
1 8 3.3311538779772145
1 9 3.2973037063725075
1 10 3.2606030339062331
1 11 3.2211842694304127
1 12 3.1791947531673217
1 13 3.1347680745400117
1 14 3.0880519053645101
1 15 3.0391783907125856
1 16 2.9882931483546402
1 17 2.935524883635241
1 18 2.8810150751929324
1 19 2.8248873239216108
1 20 2.7672772363774514
1 21 2.7083019662665917
1 22 2.6480898240821573
1 23 2.5867504593919532
1 24 2.5244037456587689
1 25 2.4611510264644854
1 26 2.397102854023482
1 27 2.3323516902470098
1 28 2.2669981145262366
1 29 2.2011253311378449
1 30 2.1348235054883169
1 31 2.0681663839778692
1 32 2.0012334668512333
1 33 1.9340889965066503
1 34 1.8668017280671572
1 35 1.7994264885869555
1 36 1.7320213620629468
1 37 1.6646319664312115
1 38 1.5973059266066483
1 39 1.5300799599242993
1 40 1.4629915676173453
1 41 1.3960689637065049
1 42 1.3293399709000258
1 43 1.2628247740070428
1 44 1.1965420595161795
1 45 1.1305045233792255
1 46 1.0647223436170676
1 47 0.99920132458143329
1 48 0.93394383816539328
1 49 0.86894944302901012
1 50 0.80421347170714241
1 51 0.73972992356986422
1 52 0.6754879136870181
1 53 0.6114766168791721
1 54 0.54767982191745124
1 55 0.48408243481709068
1 56 0.42066308089516724
1 57 0.35740528560412171
1 58 0.29430016249943319
1 59 0.23132425537335635
1 60 0.16818493145588354
1 61 0.10441769614072148
1 62 0.043646243658188054
1 63 0
2 0 0
2 1 6.7982409206858296
2 2 6.7781312818412456
2 3 6.750954736401404
2 4 6.7164858599641946
2 5 6.6748981043119677
2 6 6.626811774868238
2 7 6.5722379568211187
2 8 6.5116405333427521
2 9 6.4450867019932208
2 10 6.3730451907705259
2 11 6.295601494471172
2 12 6.2132146719786663
2 13 6.1259890682080016
2 14 6.0343662238197586
2 15 5.938465914801486
2 16 5.838705936272083
2 17 5.7352189694527187
2 18 5.6283937696936359
2 19 5.518373698922467
2 20 5.4055142327354817
2 21 5.2899674716999234
2 22 5.1720523419412787
2 23 5.0519279566476847
2 24 4.9298743317722149
2 25 4.806056035892154
2 26 4.6807126515621631
2 27 4.5540127784863369
2 28 4.4261548047136694
2 29 4.2973100459764435
2 30 4.1676356186287924
2 31 4.0373043352997131
2 32 3.9064325677997558
2 33 3.7751934983063555
2 34 3.643663806026137
2 35 3.5120160101018665
2 36 3.380288595730486
2 37 3.2486524894118158
2 38 3.1171098522263554
2 39 2.9858292028932869
2 40 2.8547785482831185
2 41 2.7241233116021433
2 42 2.593799749394091
2 43 2.4639696417024184
2 44 2.3345400728453782
2 45 2.2056687830717974
2 46 2.0772363841447428
2 47 1.9493963388564972
2 48 1.8220055627324598
2 49 1.6952131664876198
2 50 1.5688551853557857
2 51 1.4430764641934606
2 52 1.3176949848121617
2 53 1.1928515956956676
2 54 1.0683490866292393
2 55 0.94432431692909724
2 56 0.82056621890356229
2 57 0.69721232002384026
2 58 0.57407314504956408
2 59 0.45127483385589917
2 60 0.32807111862708543
2 61 0.20373000795016319
2 62 0.085146821988993926
2 63 0
3 0 0
3 1 9.795045309317814
3 2 9.7653447251900616
3 3 9.7255882495578359
3 4 9.6751159175286112
3 5 9.6144565992747921
3 6 9.5442580955596235
3 7 9.464798715919061
3 8 9.3765077457473964
3 9 9.2797289903575404
3 10 9.1749170335157473
3 11 9.0624218904988929
3 12 8.9427045566601286
3 13 8.8161193692674651
3 14 8.6831245985948584
3 15 8.5440716703025394
3 16 8.3994089737209521
3 17 8.2494796096879295
3 18 8.0947158458445667
3 19 7.9354480030926924
3 20 7.7720870636974002
3 21 7.6049470425501813
3 22 7.4344134231067098
3 23 7.2607812048212939
3 24 7.0844070312889524
3 25 6.9055648965821845
3 26 6.724580055842198
3 27 6.5417041352328775
3 28 6.3572291712021638
3 29 6.1713836026292359
3 30 5.9844250665060992
3 31 5.796558461854489
3 32 5.6080064312036022
3 33 5.418950379565775
3 34 5.2295778868725895
3 35 5.0400472477495928
3 36 4.8505113838432425
3 37 4.6611061474994893
3 38 4.4719506284900952
3 39 4.2831591430482172
3 40 4.0948181509573649
3 41 3.9070215364558334
3 42 3.71982466350451
3 43 3.5333022520339705
3 44 3.3474803966131179
3 45 3.1624160548650559
3 46 2.9781081336262107
3 47 2.7945973397898212
3 48 2.6118576951382222
3 49 2.4299152562910544
3 50 2.2487216518871413
3 51 2.06828995793256
3 52 1.8885520619919467
3 53 1.7095098242257107
3 54 1.5310782409196104
3 55 1.3532491786938734
3 56 1.175921536410284
3 57 0.99908495563876509
3 58 0.8226722416229324
3 59 0.64665424533080407
3 60 0.47016596110781766
3 61 0.29194979769770918
3 62 0.12210513836146944
3 63 0
4 0 0
4 1 12.463470004491157
4 2 12.424805375792197
4 3 12.37320925827547
4 4 12.307925643887396
4 5 12.229512670113023
4 6 12.138954238780931
4 7 12.03648855940985
4 8 11.922795999701659
4 9 11.798211303366708
4 10 11.663434210469775
4 11 11.518819886353347
4 12 11.365061253461462
4 13 11.202532519971664
4 14 11.031906979826367
4 15 10.853569310216422
4 16 10.668163259542119
4 17 10.476077508123005
4 18 10.277917845658724
4 19 10.07407147228078
4 20 9.8650995203640246
4 21 9.6513831739476217
4 22 9.4334337421700258
4 23 9.2116226686337388
4 24 8.9864076801548158
4 25 8.7581474586528358
4 26 8.5272436603747686
4 27 8.294039792167446
4 28 8.0588800881929661
4 29 7.8220909949829318
4 30 7.583958978456673
4 31 7.3447920023023636
4 32 7.1048192963526908
4 33 6.8643293290341862
4 34 6.6234953831073931
4 35 6.382585787837523
4 36 6.141719810031943
4 37 5.9011453318714011
4 38 5.660930070365473
4 39 5.4213014631812273
4 40 5.1822785802014266
4 41 4.9440687073051546
4 42 4.7066455171801191
4 43 4.4701967098311775
4 44 4.2346540785191058
4 45 4.0001865613059628
4 46 3.7666877884059322
4 47 3.5343090031614275
4 48 3.3029095288973633
4 49 3.0726242094954102
4 50 2.8432820085101236
4 51 2.6150028739084221
4 52 2.3875894089239331
4 53 2.1611484096483831
4 54 1.9354602237494167
4 55 1.7106196662436071
4 56 1.486386188475544
4 57 1.2628521971035667
4 58 1.0398198906916352
4 59 0.81735796211440359
4 60 0.59425784242609525
4 61 0.36903660288352258
4 62 0.15435582654179864
4 63 0
5 0 0
5 1 14.826137976888266
5 2 14.778898996046284
5 3 14.716330649961487
5 4 14.637252445525567
5 5 14.542542078064507
5 6 14.43321365805433
5 7 14.309742812642492
5 8 14.172781319273405
5 9 14.022905836548698
5 10 13.860808100576003
5 11 13.687070693667353
5 12 13.502394436360788
5 13 13.30736440351712
5 14 13.102676288813283
5 15 12.888906001421962
5 16 12.666733147084788
5 17 12.43671579915094
5 18 12.199508016199331
5 19 11.955642975707747
5 20 11.705741480017064
5 21 11.450306300788636
5 22 11.189918804375383
5 23 10.925047206595574
5 24 10.656228647782337
5 25 10.383893832372824
5 26 10.108532132025775
5 27 9.8305348217708985
5 28 9.5503410772957711
5 29 9.2683017196251161
5 30 8.9848042941156567
5 31 8.7001589057472195
5 32 8.4147009154233796
5 33 8.1287000951239339
5 34 7.8424398441124792
5 35 7.5561505251564629
5 36 7.2700644812528701
5 37 6.9843740387370303
5 38 6.6992619862870111
5 39 6.4148843556984279
5 40 6.1313764017202201
5 41 5.8488599037581253
5 42 5.5674250506770493
5 43 5.2871616531573666
5 44 5.0081176859755274
5 45 4.730353466687947
5 46 4.4538779340723309
5 47 4.1787245387181811
5 48 3.9048666364013456
5 49 3.6323135534855902
5 50 3.3610067445854988
5 51 3.0909342400109345
5 52 2.8220094632428578
5 53 2.5542021005935798
5 54 2.2874016652796323
5 55 2.0215616202972284
5 56 1.7565485504472127
5 57 1.4923116457671595
5 58 1.2287695206675584
5 59 0.96584218571447367
5 60 0.70225200195923587
5 61 0.43608694752495164
5 62 0.18247849095127902
5 63 0
6 0 0
6 1 16.895632306358589
6 2 16.840486990330561
6 3 16.767727699099787
6 4 16.676069357254907
6 5 16.566414572781287
6 6 16.440075197640422
6 7 16.297495827702999
6 8 16.139541959143248
6 9 15.966788097498423
6 10 15.780130924094035
6 11 15.580165288606066
6 12 15.367781610335072
6 13 15.143591697200732
6 14 14.908462599791633
6 15 14.663010011165248
6 16 14.408064627762501
6 17 14.144236196727704
6 18 13.872308137036486
6 19 13.592876062386958
6 20 13.306667531810422
6 21 13.014257414444829
6 22 12.716310883643381
6 23 12.413376820074379
6 24 12.106053347674921
6 25 11.794859308637465
6 26 11.480322771859514
6 27 11.162929527288533
6 28 10.843136045232255
6 29 10.521392947699907
6 30 10.198084837500849
6 31 9.8736258313825989
6 32 9.5483294933576754
6 33 9.2225727734850089
6 34 8.8965999578759316
6 35 8.5707507574101207
6 36 8.2452027205091394
6 37 7.9202587619252913
6 38 7.5960328722625503
6 39 7.2727920668865753
6 40 6.9505904721710179
6 41 6.6296605022102941
6 42 6.3100005145137912
6 43 5.9918099767340909
6 44 5.6750358768470974
6 45 5.3598467088781314
6 46 5.04614271079235
6 47 4.7340636594577967
6 48 4.423467812556698
6 49 4.1144687388746632
6 50 3.806887578677713
6 51 3.5008144213274437
6 52 3.1960382012990611
6 53 2.8926285178441269
6 54 2.5903471402737011
6 55 2.2892453352274376
6 56 1.9890590330528894
6 57 1.6898346069993213
6 58 1.3913674327344354
6 59 1.0936703497349025
6 60 0.79518091018553261
6 61 0.49383937306586911
6 62 0.20668093653072275
6 63 0
7 0 0
7 1 18.681820347764599
7 2 18.619222496749551
7 3 18.537171533413062
7 4 18.434003905389694
7 5 18.310891924732474
7 6 18.169179406330866
7 7 18.009511543722198
7 8 17.832733192797715
7 9 17.639618217589149
7 10 17.431062917488806
7 11 17.207845164767392
7 12 16.970870593325881
7 13 16.720916107762999
7 14 16.458878113572617
7 15 16.185517231541873
7 16 15.901706507759675
7 17 15.608178991606703
7 18 15.305772304045224
7 19 14.995182854992066
7 20 14.677203154394057
7 21 14.352486019018169
7 22 14.021771224581073
7 23 13.685662886295464
7 24 13.344842280985821
7 25 12.999861324472667
7 26 12.651338681768516
7 27 12.299771959761353
7 28 11.945714558699727
7 29 11.589608851381522
7 30 11.23194160276536
7 31 10.873100025740445
7 32 10.513503998963106
7 33 10.15348648310632
7 34 9.7934011905139329
7 35 9.4335284239524064
7 36 9.074157285849342
7 37 8.7155175733529777
7 38 8.3578360504666378
7 39 8.0012946076432883
7 40 7.6460605483311861
7 41 7.2922708066476414
7 42 6.9400366128970141
7 43 6.5894531663378704
7 44 6.2405794354315125
7 45 5.8934723103997433
7 46 5.5481426578911073
7 47 5.2046126346657262
7 48 4.8628494489983813
7 49 4.5228442059696796
7 50 4.1845251257674718
7 51 3.8478560113945455
7 52 3.5127309440444119
7 53 3.1790902926045592
7 54 2.8467991126915444
7 55 2.5157771324233318
7 56 2.1858615066256859
7 57 1.8569664381351532
7 58 1.5289950315114631
7 59 1.201824210348081
7 60 0.87386130460049183
7 61 0.54270918659456024
7 62 0.22723375554599867
7 63 0
8 0 0
8 1 20.194215486069453
8 2 20.124865646731951
8 3 20.034347532268939
8 4 19.920909831151612
8 5 19.785738628187765
8 6 19.630428314281286
8 7 19.455602628163756
8 8 19.262277941404594
8 9 19.051232292690631
8 10 18.82352214888877
8 11 18.579944096335542
8 12 18.321547071389443
8 13 18.049140815463122
8 14 17.763746173623883
8 15 17.466169291744901
8 16 17.157387553597527
8 17 16.838190974023988
8 18 16.509500670410212
8 19 16.172080247010971
8 20 15.826784646288708
8 21 15.474342926660929
8 22 15.115536459414374
8 23 14.75105348416435
8 24 14.381596654426385
8 25 14.007808742062389
8 26 13.630310515902785
8 27 13.24969603521723
8 28 12.866502740990375
8 29 12.481273942872818
8 30 12.094463793362776
8 31 11.706563849805727
8 32 11.317946273531163
8 33 10.929050749667283
8 34 10.540169796931545
8 35 10.151691859881641
8 36 9.7638330262777959
8 37 9.3769317705740409
8 38 8.9911316551428406
8 39 8.6067229973204409
8 40 8.2237812834449144
8 41 7.8425509473020147
8 42 7.4630442611060142
8 43 7.0854624396472037
8 44 6.7097597027968767
8 45 6.3360970427442993
8 46 5.9643759939497958
8 47 5.5947206037819939
8 48 5.2269852158962102
8 49 4.8612604489267088
8 50 4.4973590164189341
8 51 4.1353418206614769
8 52 3.7749855254645084
8 53 3.4163252751848305
8 54 3.0591073881853053
8 55 2.7033441588364737
8 56 2.3487528097498189
8 57 1.9953390975040011
8 58 1.6428922944828179
8 59 1.2913770363236987
8 60 0.93897172898475989
8 61 0.58320025852084056
8 62 0.24424410280588152
8 63 0
9 0 0
9 1 21.443363760650705
9 2 21.367769889162442
9 3 21.269701332785072
9 4 21.147102939078003
9 5 21.001370709249393
9 6 20.834127714671041
9 7 20.646158675711355
9 8 20.438465724800352
9 9 20.211980669909707
9 10 19.967765482888574
9 11 19.706752909576451
9 12 19.430012657543369
9 13 19.138471896564141
9 14 18.833186072955794
9 15 18.515058692347289
9 16 18.185114359018268
9 17 17.844219680775794
9 18 17.49335440069639
9 19 17.133337748775357
9 20 16.76509351928302
9 21 16.389385679402835
9 22 16.007073509823432
9 23 15.618860081885792
9 24 15.225533854284809
9 25 14.82773332134415
9 26 14.426171798989941
9 27 14.021421191807544
9 28 13.614117090797004
9 29 13.204764206979696
9 30 12.79391933276826
9 31 12.38202055567211
9 32 11.969546093847917
9 33 11.556868945243982
9 34 11.144390085117822
9 35 10.7324197344598
9 36 10.321283892122036
9 37 9.9112329320513712
9 38 9.502520924812675
9 39 9.0953418058867115
9 40 8.6898814113103686
9 41 8.2862810079080145
9 42 7.8846624172073669
9 43 7.4851182705604113
9 44 7.0877110175213298
9 45 6.6924888705011254
9 46 6.299459883036759
9 47 5.9086321844927525
9 48 5.5199646663507629
9 49 5.1334297807356677
9 50 4.7489426858779655
9 51 4.3664445905154885
9 52 3.9858124916631557
9 53 3.6069608781305518
9 54 3.229734405981767
9 55 2.8540240963783221
9 56 2.4796434634437103
9 57 2.1064774036408647
9 58 1.734415463318838
9 59 1.3632992648106763
9 60 0.99131296883111153
9 61 0.61572621975815678
9 62 0.25797540930835428
9 63 0
10 0 0
10 1 22.439309995578533
10 2 22.358191747397772
10 3 22.253425120609904
10 4 22.122908599996766
10 5 21.96803411354739
10 6 21.790621500415501
10 7 21.591442758652086
10 8 21.3716264072199
10 9 21.132113328214835
10 10 20.87407838705564
10 11 20.598478117966341
10 12 20.306477286761474
10 13 19.99904063902785
10 14 19.677299804855014
10 15 19.342208250028587
10 16 18.994847453111806
10 17 18.63614505582143
10 18 18.267118342163958
10 19 17.888657370923884
10 20 17.501704539589202
10 21 17.107103187990433
10 22 16.705713011459061
10 23 16.298323769614225
10 24 15.885707192030569
10 25 15.468594573229479
10 26 15.047666635863862
10 27 14.623593023496165
10 28 14.196962323587259
10 29 13.768380792070852
10 30 13.338345376917431
10 31 12.907398436202424
10 32 12.475947131903379
10 33 12.044470444194133
10 34 11.613288718040009
10 35 11.182818934744219
10 36 10.753298488805793
10 37 10.325084453008694
10 38 9.898335842030896
10 39 9.4733524953679655
10 40 9.050220153294612
10 41 8.6291845748387797
10 42 8.2102637202584035
10 43 7.7936528082141443
10 44 7.3793077791597534
10 45 6.9673771633292976
10 46 6.5577608058540822
10 47 6.1505646497509439
10 48 5.7456384523946014
10 49 5.3430498687924954
10 50 4.942604596578442
10 51 4.544336452827908
10 52 4.1480130784889235
10 53 3.7536391111122005
10 54 3.3609502368426258
10 55 2.9699253465965856
10 56 2.5802692944070311
10 57 2.1919534918548766
10 58 1.8047636729713412
10 59 1.4186246804726581
10 60 1.0315439245803395
10 61 0.64077309471591637
10 62 0.26853764742365221
10 63 0
11 0 0
11 1 23.19271908906574
11 2 23.106626828379909
11 3 22.996080336425283
11 4 22.858773783283887
11 5 22.696241436895132
11 6 22.51032438200232
11 7 22.301913751532215
11 8 22.072128952627537
11 9 21.822016812576845
11 10 21.552762254085629
11 11 21.265409486049077
11 12 20.961148280714784
11 13 20.641012082215632
11 14 20.306171097184752
11 15 19.957628110686144
11 16 19.59651549722609
11 17 19.223790891296115
11 18 18.840533524746586
11 19 18.447644573033941
11 20 18.046138190543967
11 21 17.636850752951752
11 22 17.220722289565515
11 23 16.798518597295878
11 24 16.371099098480752
11 25 15.939155437256066
11 26 15.503462189375236
11 27 15.064635141136092
11 28 14.623361724868104
11 29 14.180181725823896
11 30 13.735694802580245
11 31 13.290365880725943
11 32 12.844707629319485
11 33 12.39911229342874
11 34 11.954007523848949
11 35 11.509715885299896
11 36 11.066582965040203
11 37 10.624865281012879
11 38 10.184830114812028
11 39 9.7466720445653685
11 40 9.3105844491108041
11 41 8.8767044129128276
11 42 8.4451563229476694
11 43 8.0160244449354945
11 44 7.5893694756313241
11 45 7.1652276768952339
11 46 6.743601648901743
11 47 6.3244845351075396
11 48 5.9078266431893356
11 49 5.4935829023501386
11 50 5.081657276133754
11 51 4.6719713601626971
11 52 4.2643888144332474
11 53 3.8588028291178165
11 54 3.4550430137682131
11 55 3.0529776627663128
11 56 2.6524035415188107
11 57 2.2531827663257942
11 58 1.8551946912105857
11 59 1.4582541516582568
11 60 1.0604069535039908
11 61 0.65872572356634296
11 62 0.2761751918161427
11 63 0
12 0 0
12 1 23.713786791577025
12 2 23.623445669476688
12 3 23.507984547498307
12 4 23.365113303786664
12 5 23.196338962760183
12 6 23.003640791269433
12 7 22.787905018588603
12 8 22.550330556882844
12 9 22.291976849609306
12 10 22.014093146299555
12 11 21.717751255330295
12 12 21.404187008757564
12 13 21.074474940978916
12 14 20.729812984970621
12 15 20.371257165747906
12 16 19.99994961116229
12 17 19.616911989482166
12 18 19.22321597710437
12 19 18.819836243564495
12 20 18.40776304752259
12 21 17.987914406712015
12 22 17.561191326351754
12 23 17.128448106305914
12 24 16.690491418346195
12 25 16.248107016382022
12 26 15.802004536020394
12 27 15.352898269366611
12 28 14.901400137453894
12 29 14.448151672082519
12 30 13.993668098581228
12 31 13.538518243242869
12 32 13.08312305301172
12 33 12.627979823325907
12 34 12.173418768922602
12 35 11.719867744913023
12 36 11.267570668815425
12 37 10.816888785610892
12 38 10.367984828620855
12 39 9.9211568520806654
12 40 9.4764920139365945
12 41 9.0342290592377097
12 42 8.594385520403625
12 43 8.1571450711535203
12 44 7.7224617805927247
12 45 7.2904687581927519
12 46 6.861062880199265
12 47 6.4343313976129348
12 48 6.0101202912491214
12 49 5.5884758022811827
12 50 5.1691992798217061
12 51 4.752300897761037
12 52 4.3375435614482214
12 53 3.9249064778307452
12 54 3.5141203591755645
12 55 3.1051371925125175
12 56 2.6976564497045254
12 57 2.2916222910411115
12 58 1.8868204278425234
12 59 1.4831449916535639
12 60 1.0785132028367717
12 61 0.67003369257247669
12 62 0.28099092422609012
12 63 0
13 0 0
13 1 24.013280922244554
13 2 23.919270913732863
13 3 23.799799251179557
13 4 23.652490238608358
13 5 23.478920414742944
13 6 23.281079479247765
13 7 23.059929850046061
13 8 22.816665285082571
13 9 22.552402351499364
13 10 22.268403704054847
13 11 21.965779912220363
13 12 21.645794888625709
13 13 21.309543219661538
13 14 20.958264293054434
13 15 20.593016003114123
13 16 20.214994031250821
13 17 19.825204507780327
13 18 19.424783453305459
13 19 19.014673649940072
13 20 18.595939193069565
13 21 18.169451147056854
13 22 17.736192556090767
13 23 17.296957158715678
13 24 16.852640595648712
13 25 16.403956032477538
13 26 15.951707761091379
13 27 15.496527111572478
13 28 15.039125149118643
13 29 14.580051747220089
13 30 14.119924621470862
13 31 13.659213900304033
13 32 13.198445297531128
13 33 12.738011966837119
13 34 12.278350183176633
13 35 11.81977971530678
13 36 11.362650949954718
13 37 10.907214474429301
13 38 10.453739125556083
13 39 10.002410952153543
13 40 9.5534221933914747
13 41 9.1068992973811547
13 42 8.6629633228688387
13 43 8.2216862323434352
13 44 7.7831236607252716
13 45 7.3472982843308223
13 46 6.914206306275493
13 47 6.4838263295657903
13 48 6.0561012690466374
13 49 5.63097082946509
13 50 5.2083308664354666
13 51 4.788087283752164
13 52 4.3700951423126737
13 53 3.9542316429219317
13 54 3.540317483000925
13 55 3.1282047443831122
13 56 2.7176809175165872
13 57 2.3085922924579001
13 58 1.9008122611738727
13 59 1.4941376549791887
13 60 1.0865535191005877
13 61 0.67505685309054397
13 62 0.2832118918675236
13 63 0
14 0 0
14 1 24.101573598543176
14 2 24.004611446269479
14 3 23.881991936991334
14 4 23.731432901772141
14 5 23.554456624245173
14 6 23.35312957018904
14 7 23.128416178485104
14 8 22.881542327420853
14 9 22.613639560471526
14 10 22.325986214366576
14 11 22.019723170357636
14 12 21.696111808612983
14 13 21.356290275353096
14 14 21.001478105075169
14 15 20.632788739815847
14 16 20.251381812292799
14 17 19.858329598547922
14 18 19.454717184197293
14 19 19.041562715660763
14 20 18.619865953405487
14 21 18.190581176692159
14 22 17.75461530548613
14 23 17.3128518009364
14 24 16.866100079218999
14 25 16.415168232735784
14 26 15.960765949862397
14 27 15.503623442474035
14 28 15.044350503396084
14 29 14.583598662884762
14 30 14.121879354002182
14 31 13.659766040526039
14 32 13.197674714970946
14 33 12.736102545381375
14 34 12.27537409979838
14 35 11.815912949152558
14 36 11.357957096987716
14 37 10.901859947189335
14 38 10.447778422738173
14 39 9.9959997548279276
14 40 9.5466057057118814
14 41 9.0998217522896976
14 42 8.6556606941429894
14 43 8.2142909805230158
14 44 7.7756627955087581
14 45 7.3398925017177072
14 46 6.9068740614656212
14 47 6.4766768316519965
14 48 6.0491449150530991
14 49 5.6243058265215931
14 50 5.2019600837350231
14 51 4.7820985577980473
14 52 4.364484330893398
14 53 3.9490769320979964
14 54 3.5356081812280129
14 55 3.1240101358935655
14 56 2.7139841040254735
14 57 2.3054544476563206
14 58 1.898210882258099
14 59 1.4921260963961474
14 60 1.085100548321204
14 61 0.67421461855037135
14 62 0.28293627614015521
14 63 0
15 0 0
15 1 23.989533417407355
15 2 23.890214944368459
15 3 23.765322048004194
15 4 23.612618488448657
15 5 23.433620680364243
15 6 23.230392170525143
15 7 23.00393068555589
15 8 22.755459889620763
15 9 22.486119907936189
15 10 22.197204793859022
15 11 21.889846037465052
15 12 21.565335188277999
15 13 21.224782992282293
15 14 20.869452398030564
15 15 20.50041286513467
15 16 20.118879394926243
15 17 19.725865152260639
15 18 19.32252120559172
15 19 18.909793072268879
15 20 18.488755762310056
15 21 18.060279117687344
15 22 17.625353229629368
15 23 17.184767080303576
15 24 16.739419854158918
15 25 16.290016904393067
15 26 15.837362997651745
15 27 15.382079102909023
15 28 14.924874169254482
15 29 14.466285675062149
15 30 14.006927127178418
15 31 13.54725472839351
15 32 13.087788388743677
15 33 12.628906282654441
15 34 12.17103776565304
15 35 11.714487011835606
15 36 11.25959681951951
15 37 10.806601956396978
15 38 10.355763404497692
15 39 9.9072515044791842
15 40 9.4612507244502009
15 41 9.0178721944526945
15 42 8.5772295779177679
15 43 8.1393801286887921
15 44 7.7043726929033287
15 45 7.2722160080493214
15 46 6.8429002636819387
15 47 6.4163909971905415
15 48 5.9926259927543004
15 49 5.5715328123343912
15 50 5.1530031131793708
15 51 4.7369315791172664
15 52 4.3231700000107631
15 53 3.9115852352062981
15 54 3.5019955854698179
15 55 3.094243582513196
15 56 2.6881150992060454
15 57 2.2834475949660944
15 58 1.8801131801689577
15 59 1.477899335645019
15 60 1.0748006633066896
15 61 0.66784583272657083
15 62 0.28037593821229168
15 63 0
16 0 0
16 1 23.687699779028083
16 2 23.586719452296304
16 3 23.460397722328622
16 4 23.306679918338993
16 5 23.126998963503091
16 6 22.923432942326709
16 7 22.696987646062183
16 8 22.448872238272358
16 9 22.180243200118735
16 10 21.89236276429709
16 11 21.586394524079797
16 12 21.263580449293276
16 13 20.925076451275061
16 14 20.572079958987437
16 15 20.205717492153099
16 16 19.827124435549816
16 17 19.437381492620204
16 18 19.037547917562566
16 19 18.628645825482629
16 20 18.211648157452188
16 21 17.787508992778143
16 22 17.357108043272621
16 23 16.921324771577364
16 24 16.480941581672134
16 25 16.036759198054433
16 26 15.58946104576129
16 27 15.13976706735842
16 28 14.688262048019071
16 29 14.235584835122676
16 30 13.782223559278192
16 31 13.328737078172196
16 32 12.875520171024739
16 33 12.423053954083356
16 34 11.971644184290485
16 35 11.521697386548938
16 36 11.073435394879844
16 37 10.627193987445359
16 38 10.183116724599916
16 39 9.7414730011189334
16 40 9.3023341163727871
16 41 8.8659078172895907
16 42 8.4321993638948687
16 43 8.0013598430465986
16 44 7.573334781380054
16 45 7.1482237497016046
16 46 6.7259188343532506
16 47 6.3064733156216324
16 48 5.8897320476563992
16 49 5.475707271533877
16 50 5.0642026823164619
16 51 4.6551947137008787
16 52 4.2484518088447603
16 53 3.8439198782690505
16 54 3.4413380075444069
16 55 3.0406254098776859
16 56 2.641492340518707
16 57 2.2438508145656404
16 58 1.8474987443587638
16 59 1.4522964614770044
16 60 1.0561936852281233
16 61 0.65634371568615935
16 62 0.27562548270163617
16 63 0
17 0 0
17 1 23.207033484112067
17 2 23.104988628098354
17 3 22.978067831513385
17 4 22.824399687396873
17 5 22.645336116056573
17 6 22.442937286243904
17 7 22.218200550635554
17 8 21.972334945488647
17 9 21.706458539290075
17 10 21.42185073870878
17 11 21.119619517746759
17 12 20.801038301645768
17 13 20.467190407710188
17 14 20.119317896318258
17 15 19.758459995695336
17 16 19.385808600022653
17 17 19.002344498212029
17 18 18.60919396518937
17 19 18.207268681027994
17 20 17.797617726299947
17 21 17.381076296646185
17 22 16.958607965302779
17 23 16.530966873281045
17 24 16.099025632191594
17 25 15.6634551261198
17 26 15.225034002588377
17 27 14.784349645328605
17 28 14.342085811041608
17 29 13.898747727492209
17 30 13.454925064236514
17 31 13.011043493517175
17 32 12.567600819320296
17 33 12.124946723127845
17 34 11.683490503698831
17 35 11.243510128530046
17 36 10.805330644255525
17 37 10.369163078819913
17 38 9.9352531587941257
17 39 9.5037500660839012
17 40 9.0748256352409822
17 41 8.6485724692943613
17 42 8.225094280918686
17 43 7.8044324198606541
17 44 7.3866284624175078
17 45 6.9716778010031133
17 46 6.5595659746892325
17 47 6.1502476207964181
17 48 5.7436583751594101
17 49 5.3397171857555978
17 50 4.9383158955029325
17 51 4.539342661921653
17 52 4.1426515806317221
17 53 3.7481048373683907
17 54 3.3555249005514325
17 55 2.9647512546970867
17 56 2.5755756732990354
17 57 2.1878335234073991
17 58 1.8014004399583989
17 59 1.4160627758108824
17 60 1.029887689109606
17 61 0.64002941573592731
17 62 0.26888347002347024
17 63 0
18 0 0
18 1 22.558231187191229
18 2 22.455780548676259
18 3 22.329071644477477
18 4 22.1765070320616
18 5 21.999325380708708
18 6 21.799540395608798
18 7 21.578162669386337
18 8 21.336342122546053
18 9 21.075213788688263
18 10 20.79598007871261
18 11 20.499782123094882
18 12 20.187799354552933
18 13 19.861161176873146
18 14 19.521001349303898
18 15 19.168417046877408
18 16 18.804480054027035
18 17 18.430239529707382
18 18 18.04669225673862
18 19 17.654827253739757
18 20 17.255557062517216
18 21 16.849801717993415
18 22 16.438383422788483
18 23 16.022147210196113
18 24 15.601821558835207
18 25 15.178172897971267
18 26 14.751834882037343
18 27 14.323493764791559
18 28 13.893689166587297
18 29 13.463027274886766
18 30 13.031955996751631
18 31 12.601002928574108
18 32 12.17052779293741
18 33 11.740982157954178
18 34 11.312642013471265
18 35 10.885886306914632
18 36 10.460912422156223
18 37 10.038030729906623
18 38 9.617365597968103
18 39 9.1991633246578139
18 40 8.7834811371846211
18 41 8.3705060801660878
18 42 7.9602342558532477
18 43 7.5527984697048716
18 44 7.1481397391418735
18 45 6.7463417470698444
18 46 6.3472964021857425
18 47 5.9510434117178361
18 48 5.5574314237361016
18 49 5.1664612947684301
18 50 4.7779440898715357
18 51 4.3918468769504759
18 52 4.0079486208810184
18 53 3.626187672869289
18 54 3.2463163381015065
18 55 2.8682478871355204
18 56 2.4917082591995805
18 57 2.1166042891117494
18 58 1.742746180655947
18 59 1.3699905277353406
18 60 0.99639491680425041
18 61 0.6192737417565426
18 62 0.26024188144208077
18 63 0
19 0 0
19 1 21.752337124901924
19 2 21.650064992098052
19 3 21.52433877228151
19 4 21.373880335583195
19 5 21.199775292289473
19 6 21.004003710324213
19 7 20.787528282356956
19 8 20.551500202752024
19 9 20.296971868190745
19 10 20.025163651281506
19 11 19.737117865572486
19 12 19.434046063526083
19 13 19.116963116157098
19 14 18.787048060241634
19 15 18.445270880647868
19 16 18.092760495815625
19 17 17.730428846394236
19 18 17.359340316961706
19 19 16.980339208446438
19 20 16.594414698301186
19 21 16.202336975663936
19 22 15.805012466963232
19 23 15.403133427631168
19 24 14.997518723523347
19 25 14.58878107725965
19 26 14.177649319130246
19 27 13.764656864263124
19 28 13.350441997568902
19 29 12.935460516060537
19 30 12.52026127580538
19 31 12.105225288062085
19 32 11.690814416844148
19 33 11.277338581872387
19 34 10.865176139462044
19 35 10.454570232005816
19 36 10.045820000565467
19 37 9.6391065402224321
19 38 9.2346546701543311
19 39 8.8325884151734186
19 40 8.4330635906103932
19 41 8.036152238960673
19 42 7.6419467672845167
19 43 7.2504723281553281
19 44 6.8617636734568048
19 45 6.4758040827005061
19 46 6.0925764681016625
19 47 5.7120271207607178
19 48 5.3340929187269621
19 49 4.9586878809912074
19 50 4.5857085945832097
19 51 4.2150413300524443
19 52 3.8465480288737655
19 53 3.4800916311245689
19 54 3.1155051161992016
19 55 2.7526310212480136
19 56 2.3912741445961814
19 57 2.0312740120591934
19 58 1.6725144666535543
19 59 1.3147882952355137
19 60 0.95629086692039034
19 61 0.59438311100549523
19 62 0.24988778478599294
19 63 0
20 0 0
20 1 20.800192430315008
20 2 20.698709185356549
20 3 20.574728046329174
20 4 20.427335646284227
20 5 20.257475778332164
20 6 20.067024270970627
20 7 19.856961377599983
20 8 19.628337752851529
20 9 19.382222806314644
20 10 19.119718186967955
20 11 18.841899858942707
20 12 18.549844619621091
20 13 18.244613835821411
20 14 17.927239237977989
20 15 17.598749178121739
20 16 17.260115802573999
20 17 16.912319836786867
20 18 16.556262312214194
20 19 16.192865245825658
20 20 15.822950545371508
20 21 15.447373534871485
20 22 15.066871881519681
20 23 14.682228898365075
20 24 14.294095380166013
20 25 13.903179584024715
20 26 13.510044877234542
20 27 13.115323319633395
20 28 12.719491999067422
20 29 12.323107203754367
20 30 11.926562253765717
20 31 11.53033935568855
20 32 11.134751634184445
20 33 10.740209900856554
20 34 10.346951451893766
20 35 9.9553191540967543
20 36 9.5654794068522939
20 37 9.1777111461336389
20 38 8.7921151760455469
20 39 8.4089109113397758
20 40 8.0281390703936388
20 41 7.6499642131627112
20 42 7.2743725588663359
20 43 6.9014786239497692
20 44 6.5312196893074779
20 45 6.1636650962814699
20 46 5.798708645396335
20 47 5.4363793621997916
20 48 5.0765328677185204
20 49 4.719162674897146
20 50 4.3640913348147388
20 51 4.0112815589369406
20 52 3.6605277289413785
20 53 3.3117664451118465
20 54 2.9647687577973683
20 55 2.6194484801516502
20 56 2.275553390504307
20 57 1.9329918071875354
20 58 1.5915900242327459
20 59 1.2512088337091545
20 60 0.91006487521759116
20 61 0.56570939652617569
20 62 0.23791128560411734
20 63 0
21 0 0
21 1 19.712915218352439
21 2 19.612777791370281
21 3 19.491240373425548
21 4 19.347836666151608
21 5 19.183291172548984
21 6 18.999430547581067
21 7 18.797150973613917
21 8 18.577505259232851
21 9 18.341439869133961
21 10 18.090074710663821
21 11 17.824347788006897
21 12 17.54536823344402
21 13 17.254045107691809
21 14 16.951455653378975
21 15 16.638465323515231
21 16 16.316103651925047
21 17 15.98518098323596
21 18 15.646666204237379
21 19 15.301306357346256
21 20 14.950000202086093
21 21 14.593426105595583
21 22 14.232406092335548
21 23 13.867546866270784
21 24 13.499589614253148
21 25 13.129068376698109
21 26 12.756641531723053
21 27 12.382771073905488
21 28 12.008032387650834
21 29 11.632817324367085
21 30 11.25761955933557
21 31 10.882763692745115
21 32 10.508664159228728
21 33 10.135581931272652
21 34 9.7638556011975677
21 35 9.3936866483556969
21 36 9.0253419284450427
21 37 8.6589678883614773
21 38 8.2947642684171701
21 39 7.9328271181939112
21 40 7.5732940369550743
21 41 7.216215365521915
21 42 6.8616717547473156
21 43 6.5096724852280072
21 44 6.1602465612269715
21 45 5.813366742755921
21 46 5.4690157129236256
21 47 5.1271340944826189
21 48 4.7876635342382814
21 49 4.4505167160827828
21 50 4.1155994494461074
21 51 3.7828004748245623
21 52 3.4519948477540012
21 53 3.1230512423483785
21 54 2.7958190555144484
21 55 2.4701493843449507
21 56 2.1458665843437941
21 57 1.8228199307840829
21 58 1.5009058489837674
21 59 1.1799302901703173
21 60 0.85826512826240187
21 61 0.53354691058432746
21 62 0.22448967509191808
21 63 0
22 0 0
22 1 18.501475890512783
22 2 18.403234816734646
22 3 18.28484081260839
22 4 18.146275776766402
22 5 17.988096680019162
22 6 17.811973279699931
22 7 17.618822799992397
22 8 17.409560375020984
22 9 17.185149168688817
22 10 16.946553111600117
22 11 16.69474396204912
22 12 16.430659906391654
22 13 16.155256558897005
22 14 15.86942942418443
22 15 15.574102421925684
22 16 15.270116146515447
22 17 14.958349855223611
22 18 14.639579565638574
22 19 14.314630164320173
22 20 13.984206543082575
22 21 13.649072291861206
22 22 13.30985715621045
22 23 12.967258901107769
22 24 12.621830267151807
22 25 12.274200705740727
22 26 11.924845886809006
22 27 11.574326163041942
22 28 11.223041524744458
22 29 10.871483837421682
22 30 10.519979955575764
22 31 10.168954989796816
22 32 9.8186660854620005
22 33 9.4694742071444384
22 34 9.1215708648949931
22 35 8.7752561503397128
22 36 8.4306604569050769
22 37 8.088026758708434
22 38 7.7474291260410313
22 39 7.4090575005920458
22 40 7.0729345578661356
22 41 6.7392014961978859
22 42 6.4078345475130503
22 43 6.078930559014788
22 44 5.7524242065728366
22 45 5.4283724031767031
22 46 5.1066730288229571
22 47 4.7873474453417186
22 48 4.4702613263811166
22 49 4.1554047910035026
22 50 3.8426156996263527
22 51 3.5318571316811367
22 52 3.222943319612567
22 53 2.9158144683482923
22 54 2.6102652953341021
22 55 2.3062160428351328
22 56 2.0034417448243804
22 57 1.7018581987492254
22 58 1.4013111471550324
22 59 1.101672670446616
22 60 0.8013622311859312
22 61 0.49823179375987037
22 62 0.20971175789084115
22 63 0
23 0 0
23 1 17.17705627764677
23 2 17.081227426293704
23 3 16.966591556790039
23 4 16.83369049333557
23 5 16.682804074816882
23 6 16.515538396850935
23 7 16.332694666460405
23 8 16.135190685710164
23 9 15.92383132264035
23 10 15.699598737863047
23 11 15.463292561203399
23 12 15.215883238356577
23 13 14.958141277465081
23 14 14.69100766327994
23 15 14.415212578783708
23 16 14.131654017658038
23 17 13.841012385266026
23 18 13.544131594210304
23 19 13.241635744802002
23 20 12.934306614922754
23 21 12.622707871086075
23 22 12.307553604522846
23 23 11.989344941266479
23 24 11.668724915076048
23 25 11.346131677460692
23 26 11.022135685303374
23 27 10.697113030939789
23 28 10.371561621886087
23 29 10.045797465661677
23 30 9.7202472155285999
23 31 9.3951695709364742
23 32 9.0709222416240642
23 33 8.7477099755810546
23 34 8.4258246414785347
23 35 8.1054207830678902
23 36 7.7867281263014476
23 37 7.4698549909574972
23 38 7.1549730860537339
23 39 6.8421485926594707
23 40 6.5314996138269921
23 41 6.2230542811212572
23 42 5.9168816702119775
23 43 5.6129758794837725
23 44 5.3113616087619722
23 45 5.0120028112773731
23 46 4.7148844618333499
23 47 4.4199440914030648
23 48 4.1271315452118422
23 49 3.8363614691045771
23 50 3.5475530808889917
23 51 3.2606014807306036
23 52 2.9753996438977555
23 53 2.6918263460155654
23 54 2.4097527014886428
23 55 2.1290431376825301
23 56 1.8495473568074259
23 57 1.5711291859291254
23 58 1.2937015601828021
23 59 1.01708936915118
23 60 0.73988191663579284
23 61 0.46004858699000217
23 62 0.19374668139979026
23 63 0
24 0 0
24 1 15.750738664168946
24 2 15.657802733700775
24 3 15.54754899999471
24 4 15.421038221963244
24 5 15.278361369602788
24 6 15.120921823893164
24 7 14.949544490255061
24 8 14.764977632945254
24 9 14.56804232711028
24 10 14.359532889717652
24 11 14.140282570211774
24 12 13.911060058258599
24 13 13.672682265051957
24 14 13.425879270394008
24 15 13.171439631019737
24 16 12.910045295628391
24 17 12.642445536121599
24 18 12.369266665586661
24 19 12.09121060487327
24 20 11.808843117415245
24 21 11.522813056081006
24 22 11.233622785594164
24 23 10.941864404771971
24 24 10.647975787106709
24 25 10.352490317628531
24 26 10.05578173028087
24 27 9.7583241765547317
24 28 9.460428763551354
24 29 9.1625110676785457
24 30 8.8648219881816086
24 31 8.5677201273060728
24 32 8.2713992767364886
24 33 7.976163399196504
24 34 7.6821527652071397
24 35 7.3896195845556365
24 36 7.0986545128729661
24 37 6.8094612899990041
24 38 6.5220850441899589
24 39 6.2366845941536662
24 40 5.9532636966735062
24 41 5.6719399566956792
24 42 5.392679894646994
24 43 5.1155636817633212
24 44 4.840524648706225
24 45 4.567609319199736
24 46 4.2967217435847518
24 47 4.0278785410915008
24 48 3.7609582222690694
24 49 3.4959511677608952
24 50 3.2327139025998153
24 51 2.9712141323637256
24 52 2.7112897587553988
24 53 2.4528893342556164
24 54 2.1958354273795426
24 55 1.9400598574720054
24 56 1.6853694755484117
24 57 1.4316927627823337
24 58 1.1788977246703141
24 59 0.92687385560769486
24 60 0.67427980303926027
24 61 0.41932066138095669
24 62 0.17668237967978723
24 63 0
25 0 0
25 1 14.233757936216886
25 2 14.144177037086941
25 3 14.038826152647921
25 4 13.919417994047537
25 5 13.785719232156728
25 6 13.639056926598396
25 7 13.480113064624279
25 8 13.309638865407171
25 9 13.128267623560159
25 10 12.936811680428123
25 11 12.735903759070085
25 12 12.526344581740007
25 13 12.308738818669923
25 14 12.083861857017139
25 15 11.852283126142506
25 16 11.614741855437112
25 17 11.371765142005694
25 18 11.124047116179131
25 19 10.872067885374369
25 20 10.616470033823322
25 21 10.35768389662287
25 22 10.096296096844746
25 23 9.8326859906759907
25 24 9.5673815998909379
25 25 9.3007113864932212
25 26 9.0331436366111824
25 27 8.7649570322802983
25 28 8.4965602467044192
25 29 8.2281840916052769
25 30 7.9601787784993734
25 31 7.6927297482269728
25 32 7.4261307239249419
25 33 7.1605246875860873
25 34 6.8961514857676303
25 35 6.6331148167270406
25 36 6.3716037401040211
25 37 6.1116859852662326
25 38 5.8535032543014411
25 39 5.5970906631715698
25 40 5.342546208893193
25 41 5.0898757130776211
25 42 4.8391372470352163
25 43 4.5903105632267795
25 44 4.3434176362013339
25 45 4.0984152404094889
25 46 3.8552930722078269
25 47 3.6139878597312651
25 48 3.3744607851049229
25 49 3.13663128985415
25 50 2.9004357208598677
25 51 2.6657788145401016
25 52 2.4325756575858537
25 53 2.2007187564158444
25 54 1.9701055053845575
25 55 1.7406175879259964
25 56 1.5121349868163907
25 57 1.2845400029058154
25 58 1.0577654632161937
25 59 0.8316599245495182
25 60 0.60506367477592682
25 61 0.37632487246360974
25 62 0.15868141541903524
25 63 0
26 0 0
26 1 12.637289000154146
26 2 12.5514657836691
26 3 12.451554524566392
26 4 12.339840247049903
26 5 12.215885124917454
26 6 12.080776024774909
26 7 11.935220479161519
26 8 11.779774417938773
26 9 11.615086831742284
26 10 11.44175651218578
26 11 11.260449561072521
26 12 11.071740196676942
26 13 10.876279256026844
26 14 10.674607894847908
26 15 10.467353739602592
26 16 10.255018396191808
26 17 10.038197702739975
26 18 9.817348600210769
26 19 9.5930289220202329
26 20 9.3656477906247204
26 21 9.1357206347270257
26 22 8.9036071242840045
26 23 8.6697774651255006
26 24 8.4345415254366891
26 25 8.1983228162195996
26 26 7.9613820980959789
26 27 7.7240958395632342
26 28 7.4866772143859004
26 29 7.2494562215978293
26 30 7.0126006013533191
26 31 6.7763951931072217
26 32 6.5409649191603378
26 33 6.3065513428566176
26 34 6.0732395005959674
26 35 5.8412299941416617
26 36 5.6105710987456954
26 37 5.3814250779615334
26 38 5.153806661693193
26 39 4.9278426046925583
26 40 4.7035173166715074
26 41 4.4809249944365313
26 42 4.2600228986001643
26 43 4.0408756725294586
26 44 3.8234164977378384
26 45 3.6076834697455893
26 46 3.3935886273275067
26 47 3.181146485867326
26 48 2.9702507242143255
26 49 2.7608951807194284
26 50 2.5529577943724751
26 51 2.3464145447904334
26 52 2.1411300875120314
26 53 1.9370653291443674
26 54 1.7340740351363366
26 55 1.5321039063920938
26 56 1.3309972331197009
26 57 1.130699504783744
26 58 0.93110318908129708
26 59 0.7321202705685449
26 60 0.53267754608793538
26 61 0.33137458018881871
26 62 0.13983116511175533
26 63 0
27 0 0
27 1 10.972608745298412
27 2 10.890940225851406
27 3 10.796887120554016
27 4 10.693452591610942
27 5 10.579839941151695
27 6 10.457049549607603
27 7 10.325624860215594
27 8 10.186124935351822
27 9 10.038988121915501
27 10 9.8848309773382965
27 11 9.7240971056612526
27 12 9.5573924962429189
27 13 9.3851348403334409
27 14 9.2079103917776361
27 15 9.0261081705021553
27 16 8.8402869053796334
27 17 8.6508024476786218
27 18 8.4581794386438407
27 19 8.262737918596688
27 20 8.0649637319959986
27 21 7.8651397366771789
27 22 7.6637097529022418
27 23 7.4609191497715361
27 24 7.2571677983552547
27 25 7.0526641314970213
27 26 6.8477632536453745
27 27 6.6426378845464926
27 28 6.4375984717523549
27 29 6.232783749010081
27 30 6.0284603772846772
27 31 5.824735190173679
27 32 5.6218325418756612
27 33 5.4198296866748414
27 34 5.2189106264743064
27 35 5.019125488913053
27 36 4.8206202342954274
27 37 4.6234203642953355
27 38 4.4276363623358215
27 39 4.233271586747696
27 40 4.0404037762855429
27 41 3.8490165603913495
27 42 3.6591577612241548
27 43 3.470793589598665
27 44 3.2839448172911512
27 45 3.0985624187375453
27 46 2.9146429747827471
27 47 2.7321242642597148
27 48 2.5509814965400737
27 49 2.3711411496176571
27 50 2.1925598179545007
27 51 2.0151544264627232
27 52 1.8388656338867702
27 53 1.6636024749737401
27 54 1.4892923504618492
27 55 1.3158372036410091
27 56 1.1431512938370494
27 57 0.97113837343491316
27 58 0.79975392903368925
27 59 0.62887380735360432
27 60 0.45761546489133365
27 61 0.2847408381935409
27 62 0.12028910317676172
27 63 0
28 0 0
28 1 9.2509638954718678
28 2 9.1737684799945374
28 3 9.0860132673691378
28 4 8.9913059622457254
28 5 8.8886365250147588
28 6 8.7787372246420006
28 7 8.6621781006661216
28 8 8.5393039633090488
28 9 8.4105684551881197
28 10 8.2763556590049436
28 11 8.1371423168142059
28 12 7.9932897695944485
28 13 7.8452616517713301
28 14 7.693392952715933
28 15 7.5381307156626889
28 16 7.3797803559320778
28 17 7.2187663355685716
28 18 7.0553619274935935
28 19 6.8899647957891421
28 20 6.7228147586957103
28 21 6.5542796713632638
28 22 6.3845654985031475
28 23 6.2140083443538696
28 24 6.0427806852808841
28 25 5.8711858472314953
28 26 5.6993637885651038
28 27 5.5275847982133284
28 28 5.3559577512875043
28 29 5.1847202747463923
28 30 5.0139519352473743
28 31 4.8438585838405235
28 32 4.674492485965918
28 33 4.5060290040774911
28 34 4.3384952508917642
28 35 4.1720376923058931
28 36 4.0066605025204121
28 37 3.8424830642661156
28 38 3.6794888321866503
28 39 3.517772069928236
28 40 3.3572976886591537
28 41 3.198136889113687
28 42 3.0402381365326634
28 43 2.8836516696266559
28 44 2.728311501649189
28 45 2.5742490177979138
28 46 2.4213856537970511
28 47 2.2697360296238687
28 48 2.1192107504748683
28 49 1.9698097198104345
28 50 1.82143433043029
28 51 1.6740717629623068
28 52 1.5276156904452556
28 53 1.3820425511481123
28 54 1.2372397436033651
28 55 1.0931742348653672
28 56 0.94972637900077839
28 57 0.80686205567866742
28 58 0.66449973171024956
28 59 0.52257784959641485
28 60 0.38031293354230372
28 61 0.23672958687944959
28 62 0.10014226986174199
28 63 0
29 0 0
29 1 7.4836619991998425
29 2 7.4112619428581388
29 3 7.3301148814485257
29 4 7.2445831217744425
29 5 7.1532772563428448
29 6 7.0568359230161697
29 7 6.9556501626997171
29 8 6.8500680778077161
29 9 6.7403170077909023
29 10 6.6267985863648544
29 11 6.5097520154725022
29 12 6.3895702008682571
29 13 6.2664693855612583
29 14 6.1408294913449168
29 15 6.012845736530914
29 16 5.882880532093762
29 17 5.751106320659253
29 18 5.6178639784441806
29 19 5.4833026347423877
29 20 5.3477387469954687
29 21 5.2112982048767176
29 22 5.0742710355590797
29 23 4.9367604730549335
29 24 4.7990288842024462
29 25 4.6611578228535482
29 26 4.5233814365482781
29 27 4.3857608605711542
29 28 4.2485020325522633
29 29 4.1116471252154119
29 30 3.9753743478129193
29 31 3.8397084828789634
29 32 3.7048008765917291
29 33 3.5706605452596758
29 34 3.4374131411814424
29 35 3.305053537746856
29 36 3.1736830954365844
29 37 3.0432841266464505
29 38 2.9139352728978141
29 39 2.7856077957708978
29 40 2.658359308253627
29 41 2.5321514382927419
29 42 2.4070225336601854
29 43 2.2829258994554147
29 44 2.1598824179021299
29 45 2.0378382688592236
29 46 1.9167986760939297
29 47 1.7967037773021115
29 48 1.6775449304210575
29 49 1.5592572027991856
29 50 1.4418198491331995
29 51 1.3251637307623323
29 52 1.2092577212085498
29 53 1.0940292835859891
29 54 0.97943864419448035
29 55 0.86541003505879899
29 56 0.75189499247685931
29 57 0.63882071181833822
29 58 0.5261674462913204
29 59 0.41384080907357029
29 60 0.3012542429109934
29 61 0.18760780414400399
29 62 0.079544497372629114
29 63 0
30 0 0
30 1 5.6819996084167173
30 2 5.6146250618290949
30 3 5.5404209878624409
30 4 5.4643625675388448
30 5 5.3848457626230886
30 6 5.3022236453566531
30 7 5.2169141204052698
30 8 5.1290393593756498
30 9 5.0388418031705253
30 10 4.9464789189845444
30 11 4.8522228842634654
30 12 4.7562108073391682
30 13 4.658704735082309
30 14 4.5598229101127785
30 15 4.4598184658250295
30 16 4.3587909541425178
30 17 4.2569813472426219
30 18 4.1544705732166927
30 19 4.0514853203723309
30 20 3.9480884622026533
30 21 3.8444908232995125
30 22 3.7407380617732411
30 23 3.6370240715855271
30 24 3.5333783483981493
30 25 3.4299772368750072
30 26 3.3268352676606612
30 27 3.2241110036612746
30 28 3.1218052943534507
30 29 3.0200590155971141
30 30 2.9188606567073951
30 31 2.8183337731315787
30 32 2.7184558116994841
30 33 2.6193335952259647
30 34 2.5209348101601812
30 35 2.4233503097373772
30 36 2.3265392418921569
30 37 2.2305773878736561
30 38 2.135416500852402
30 39 2.0411182867116104
30 40 1.9476281575761414
30 41 1.8549948092564128
30 42 1.7631582697141359
30 43 1.6721553332910077
30 44 1.5819215013282883
30 45 1.4924827979924453
30 46 1.4037709572332446
30 47 1.3158023708006239
30 48 1.2285056700396306
30 49 1.1418887465451752
30 50 1.0558777054426729
30 51 0.9704730540181209
30 52 0.88559886634386309
30 53 0.80124939487874292
30 54 0.71734715011183481
30 55 0.6338807769969298
30 56 0.55077028312096676
30 57 0.46800433568577532
30 58 0.38552824628183452
30 59 0.30330973576471726
30 60 0.22086925694207107
30 61 0.13767647517590192
30 62 0.058582643504997998
30 63 0
31 0 0
31 1 3.8573033890694157
31 2 3.7951941204527895
31 3 3.7281311599615967
31 4 3.661848446208066
31 5 3.594357139362848
31 6 3.5259129181302513
31 7 3.456746406684851
31 8 3.3869832721941471
31 9 3.3166315918391294
31 10 3.2458662785162304
31 11 3.1747141953137494
31 12 3.103343925063474
31 13 3.0317628239842347
31 14 2.9601339987959854
31 15 2.8884520316657829
31 16 2.8168734197999865
31 17 2.7453810381844606
31 18 2.6741233805829587
31 19 2.6030732180672747
31 20 2.532370029293598
31 21 2.4619780083053389
31 22 2.392026834940963
31 23 2.3224735859882708
31 24 2.2534375900625814
31 25 2.1848701738635081
31 26 2.1168799740502742
31 27 2.0494138237363937
31 28 1.9825695191272825
31 29 1.9162905331027236
31 30 1.8506638444052304
31 31 1.7856305684537661
31 32 1.7212670398180416
31 33 1.6575128857150079
31 34 1.5944340990710821
31 35 1.5319695555546897
31 36 1.4701753177965176
31 37 1.408990118042688
31 38 1.3484605894403305
31 39 1.2885258069836896
31 40 1.2292235466782777
31 41 1.170493598905481
31 42 1.1123655101484451
31 43 1.0547800549723838
31 44 0.99775921885647512
31 45 0.94124493593752079
31 46 0.8852523277179164
31 47 0.82972458059735021
31 48 0.77467066729379941
31 49 0.7200350473132997
31 50 0.66582126959852961
31 51 0.6119750240101165
31 52 0.55849516371891683
31 53 0.5053285412331926
31 54 0.45247007222510943
31 55 0.39986729889762129
31 56 0.34751100147590014
31 57 0.29535279854763224
31 58 0.24339912718118942
31 59 0.19158667350823677
31 60 0.13963631971813625
31 61 0.087200115438523879
31 62 0.037408307025092354
31 63 0
32 0 0
32 1 2.0208969263901264
32 2 1.9641931079635444
32 3 1.9044954525617925
32 4 1.8481336232792889
32 5 1.7929108503454885
32 6 1.7387908142318833
32 7 1.6860304972355857
32 8 1.634525542660475
32 9 1.5842991980968517
32 10 1.5352780253791343
32 11 1.4875218259780603
32 12 1.4409394671232039
32 13 1.3955840969378037
32 14 1.3513535398792387
32 15 1.3083002880506502
32 16 1.2663147288736734
32 17 1.2254482666738635
32 18 1.1855865744564658
32 19 1.1467799818209881
32 20 1.1089119006904384
32 21 1.0720314535910214
32 22 1.0360218587283481
32 23 1.000930834957596
32 24 0.96664312808850894
32 25 0.93320482152735018
32 26 0.90050358729669433
32 27 0.86858363209292022
32 28 0.8373366570700157
32 29 0.80680476180820071
32 30 0.77688451170110095
32 31 0.74761569507115821
32 32 0.7189003370808531
32 33 0.69077574790932261
32 34 0.66314979638341143
32 35 0.63605719204166977
32 36 0.60941184675408788
32 37 0.5832457951756177
32 38 0.55747903290758338
32 39 0.53214089492207306
32 40 0.50715736671790479
32 41 0.48255510730821749
32 42 0.45826588595894996
32 43 0.43431375546824341
32 44 0.4106359705267309
32 45 0.38725408986951654
32 46 0.36411048088356873
32 47 0.34122435846555665
32 48 0.31854277111937185
32 49 0.29608277368407176
32 50 0.27379561860343993
32 51 0.25169641146389826
32 52 0.22974009660877101
32 53 0.20794008573011968
32 54 0.18625449605516917
32 55 0.16469505600865533
32 56 0.14322196083111685
32 57 0.12184805243019323
32 58 0.1005456266414798
32 59 0.07931333209168849
32 60 0.057982382525328037
32 61 0.036477132300861248
32 62 0.016108272480750904
32 63 0
33 0 0
33 1 0.18411435368364207
33 2 0.1329676751382437
33 3 0.080719751121310399
33 4 0.034429667466098546
33 5 -0.0084740666349114053
33 6 -0.0481253586725627
33 7 -0.084455970900836272
33 8 -0.11756648812520015
33 9 -0.14766828988129679
33 10 -0.17481733190616147
33 11 -0.19919946412468151
33 12 -0.220874289104285
33 13 -0.24004356088914428
33 14 -0.25676453548454625
33 15 -0.27124339436356815
33 16 -0.28353275552830698
33 17 -0.29383935217079149
33 18 -0.30220990473635839
33 19 -0.30884796932263248
33 20 -0.31379349826784692
33 21 -0.31724390611866915
33 22 -0.31923193360380808
33 23 -0.31994653331999773
33 24 -0.31941311861830712
33 25 -0.31781043535479986
33 26 -0.3151567086787167
33 27 -0.31161923869550928
33 28 -0.30720939094363092
33 29 -0.30208221954469117
33 30 -0.29624269216565868
33 31 -0.28983319217413217
33 32 -0.2828528368388476
33 33 -0.27543123058021241
33 34 -0.26756223445395877
33 35 -0.25936282837341984
33 36 -0.25082222680569716
33 37 -0.24204515355214687
33 38 -0.2330167772779152
33 39 -0.22383010476584669
33 40 -0.21446683273648612
33 41 -0.20500892292128323
33 42 -0.19543513429371168
33 43 -0.18581715587365344
33 44 -0.17613129524440402
33 45 -0.16643981404194774
33 46 -0.1567170025840682
33 47 -0.14701659089918925
33 48 -0.13731123262178818
33 49 -0.12764705417173053
33 50 -0.11799540067160613
33 51 -0.10839574257611378
33 52 -0.098818395517728905
33 53 -0.089297115340615366
33 54 -0.079801416511864565
33 55 -0.070360447660326286
33 56 -0.060943272647944476
33 57 -0.051573891603347202
33 58 -0.042218971959165338
33 59 -0.032910629271236544
33 60 -0.023616452033790172
33 61 -0.01422887684053733
33 62 -0.0051667096460337051
33 63 0
34 0 0
34 1 -1.6417169173669091
34 2 -1.6872556610535345
34 3 -1.7319438018492022
34 4 -1.7681695045927877
34 5 -1.7986974245232781
34 6 -1.8239486867630603
34 7 -1.843829965824255
34 8 -1.8586682782549833
34 9 -1.8686594840647108
34 10 -1.8741044772553379
34 11 -1.8751560663246938
34 12 -1.8721301814211044
34 13 -1.8651826560071498
34 14 -1.8546327600891332
34 15 -1.8406286557605649
34 16 -1.8234859825920453
34 17 -1.8033428538755083
34 18 -1.780505947048169
34 19 -1.7551011877873997
34 20 -1.7274219876243977
34 21 -1.6975807764429653
34 22 -1.6658544252367178
34 23 -1.6323411997060866
34 24 -1.5972990504626066
34 25 -1.5608119282091781
34 26 -1.5231172638808916
34 27 -1.4842849469860855
34 28 -1.4445309595750471
34 29 -1.4039116889961476
34 30 -1.3626213058819889
34 31 -1.3207034738179684
34 32 -1.278330660723308
34 33 -1.23553473151751
34 34 -1.1924669446060436
34 35 -1.1491483779132097
34 36 -1.1057098803653105
34 37 -1.0621627926280275
34 38 -1.0186185925614781
34 39 -0.97507993340057275
34 40 -0.9316401393778172
34 41 -0.88829419759935713
34 42 -0.84511862461232456
34 43 -0.80210171370600047
34 44 -0.75930460607299943
34 45 -0.71670981101037556
34 46 -0.67436457885227297
34 47 -0.63224647460137673
34 48 -0.59039036745285811
34 49 -0.54876964469694955
34 50 -0.5074083089884841
34 51 -0.46627626546724349
34 52 -0.42538815544975456
34 53 -0.38471102161087833
34 54 -0.34425163743533921
34 55 -0.30397480789758224
34 56 -0.26388067734477011
34 57 -0.22393186418577141
34 58 -0.18412965870299658
34 59 -0.14444401731834849
34 60 -0.10473349663149664
34 61 -0.064619751183159976
34 62 -0.026329841408667877
34 63 0
35 0 0
35 1 -3.4452669580101301
35 2 -3.4851374773032631
35 3 -3.5222943656198575
35 4 -3.5484589105796691
35 5 -3.5667449955168711
35 6 -3.5776679589808258
35 7 -3.5813178558476202
35 8 -3.578017585804099
35 9 -3.5681901054843932
35 10 -3.552118649466717
35 11 -3.5301945814515179
35 12 -3.5027021015344868
35 13 -3.4700450755003356
35 14 -3.4324976763278978
35 15 -3.3904602661258565
35 16 -3.344191342461146
35 17 -3.2940811683543032
35 18 -3.240368696656728
35 19 -3.1834283034247917
35 20 -3.1234766704093624
35 21 -3.0608679232391638
35 22 -2.9957948133961043
35 23 -2.9285880504792106
35 24 -2.8594156717635211
35 25 -2.7885828446184759
35 26 -2.7162328210042284
35 27 -2.6426439853646015
35 28 -2.5679352980204362
35 29 -2.4923578623581117
35 30 -2.4160072743106125
35 31 -2.3391074698199841
35 32 -2.2617319269482126
35 33 -2.1840780217220388
35 34 -2.1061985823753
35 35 -2.0282654219825522
35 36 -1.9503123266058819
35 37 -1.872486841590852
35 38 -1.7948053909707291
35 39 -1.7173927676229095
35 40 -1.6402497326058563
35 41 -1.5634799957558674
35 42 -1.4870703317520169
35 43 -1.4111051366799836
35 44 -1.3355588224207708
35 45 -1.2604982968214542
35 46 -1.1858871584179804
35 47 -1.1117766746071123
35 48 -1.0381210928992848
35 49 -0.96495788487957423
35 50 -0.89223331602866307
35 51 -0.8199728866667737
35 52 -0.74811615546769583
35 53 -0.67667844252544584
35 54 -0.60559380484795888
35 55 -0.53486910441644497
35 56 -0.46443339926942029
35 57 -0.39428737102971451
35 58 -0.32437079043556499
35 59 -0.2546856305600938
35 60 -0.18489122512242681
35 61 -0.11443129252437033
35 62 -0.047229845083960595
35 63 0
36 0 0
36 1 -5.2152277485664795
36 2 -5.2494657402581044
36 3 -5.2790966459536985
36 4 -5.2953568848938994
36 5 -5.3015309654061049
36 6 -5.2984056298990643
36 7 -5.2860478745137689
36 8 -5.264995858020427
36 9 -5.2356564122760867
36 10 -5.1985467955916524
36 11 -5.1540251051432078
36 12 -5.1026212602371839
36 13 -5.044692953633815
36 14 -4.9807663068315282
36 15 -4.9111834532655507
36 16 -4.8364565464653593
36 17 -4.7569070608463733
36 18 -4.6730253548475433
36 19 -4.5851080404364417
36 20 -4.4936175969629151
36 21 -4.3988230553579246
36 22 -4.3011545665818822
36 23 -4.2008520529503555
36 24 -4.098310300117161
36 25 -3.9937395750983939
36 26 -3.8874974746526116
36 27 -3.7797648492523064
36 28 -3.6708613082654495
36 29 -3.5609391355443596
36 30 -3.4502800058716447
36 31 -3.3390089447934206
36 32 -3.227370438540996
36 33 -3.1154638896760187
36 34 -3.0034978935613235
36 35 -2.8915480813694758
36 36 -2.7797888820626815
36 37 -2.6682741320014398
36 38 -2.5571461366481629
36 39 -2.4464389657415451
36 40 -2.3362650701991652
36 41 -2.2266407757662687
36 42 -2.1176510966247517
36 43 -2.0092965887916723
36 44 -1.9016373333740202
36 45 -1.794660012290368
36 46 -1.6884023131728543
36 47 -1.5828388413253949
36 48 -1.4779874284334524
36 49 -1.3738122919448692
36 50 -1.2703139156437369
36 51 -1.1674477065882671
36 52 -1.0651992611819088
36 53 -0.9635166496234826
36 54 -0.8623730161111991
36 55 -0.76171033877608618
36 56 -0.66149068225361518
36 57 -0.56165278239725258
36 58 -0.46217278914198456
36 59 -0.36298997934224358
36 60 -0.26366057216537309
36 61 -0.16336326053012118
36 62 -0.067779823705504755
36 63 0
37 0 0
37 1 -6.9402851737105982
37 2 -6.9689227371760341
37 3 -6.9911661394129787
37 4 -6.9976789406718245
37 5 -6.9920546263721777
37 6 -6.9751673924858428
37 7 -6.9472555923728665
37 8 -6.9088528922021712
37 9 -6.860578100492595
37 10 -6.8029305349405256
37 11 -6.7364924951892791
37 12 -6.6617618600899835
37 13 -6.5793305571444147
37 14 -6.4896793410606026
37 15 -6.3933896033570674
37 16 -6.290916135758045
37 17 -6.1828206473995646
37 18 -6.0695255987464893
37 19 -5.9515652877863783
37 20 -5.8293253247204806
37 21 -5.7033068970627561
37 22 -5.5738559135890124
37 23 -5.4414364585836914
37 24 -5.3063532793521526
37 25 -5.1690308306509829
37 26 -5.0297323845781188
37 27 -4.8888414764645436
37 28 -4.7465805116299276
37 29 -4.6032918408182564
37 30 -4.4591583326110813
37 31 -4.3144817208542952
37 32 -4.1694072125860693
37 33 -4.0241971541309898
37 34 -3.8789613588109213
37 35 -3.7339245262405019
37 36 -3.5891636070879653
37 37 -3.4448677767733908
37 38 -3.3010838100778903
37 39 -3.1579677524047174
37 40 -3.0155389578654725
37 41 -2.873922916176836
37 42 -2.7331143156887303
37 43 -2.593210770548068
37 44 -2.4541850057837373
37 45 -2.3161094871223291
37 46 -2.1789375887797675
37 47 -2.0427193575178406
37 48 -1.9073913146707151
37 49 -1.7729837873535075
37 50 -1.6394188136562753
37 51 -1.5067096487440998
37 52 -1.3747660842733647
37 53 -1.2435868978670106
37 54 -1.113071786109741
37 55 -0.98320735170205042
37 56 -0.85388385236673237
37 57 -0.72508072147928704
37 58 -0.59671153687674572
37 59 -0.46875035539005377
37 60 -0.34055889859145599
37 61 -0.21114931960006886
37 62 -0.087826592323192273
37 63 0
38 0 0
38 1 -8.6091734356896588
38 2 -8.6323276996045841
38 3 -8.6473030508303506
38 4 -8.6443688139639772
38 5 -8.6272594338956914
38 6 -8.5970942088574134
38 7 -8.5540912172445598
38 8 -8.4989809369955296
38 9 -8.4323652546756218
38 10 -8.3549593743298249
38 11 -8.2673120324008273
38 12 -8.1701492434741905
38 13 -8.0640164324207078
38 14 -7.9496296465920633
38 15 -7.8275117803907026
38 16 -7.6983558052299168
38 17 -7.5626544296226585
38 18 -7.4210674072879286
38 19 -7.2740511059098676
38 20 -7.1222243059747141
38 21 -6.9660029605622604
38 22 -6.8059593005416836
38 23 -6.6424664867018501
38 24 -6.4760465035770451
38 25 -6.3070287496319652
38 26 -6.1358828723206376
38 27 -5.9628946762521533
38 28 -5.788480730386202
38 29 -5.612884311064529
38 30 -5.4364692809233741
38 31 -5.259438137786363
38 32 -5.0821033104271613
38 33 -4.9046287676326212
38 34 -4.7272774870089336
38 35 -4.5501775008302117
38 36 -4.3735448617135644
38 37 -4.1974744706155462
38 38 -4.0221383808907669
38 39 -3.8476012741060264
38 40 -3.673994407591493
38 41 -3.5013551785035433
38 42 -3.329777427525265
38 43 -3.1592741616661537
38 44 -2.9899052783157072
38 45 -2.8216622016367827
38 46 -2.6545743885047512
38 47 -2.4886143695093521
38 48 -2.3237846446047108
38 49 -2.1600414038178566
38 50 -1.9973636200853939
38 51 -1.8356935520321369
38 52 -1.6749899995866753
38 53 -1.5151835738121289
38 54 -1.3562162242998372
38 55 -1.1980087495587579
38 56 -1.0404877465491937
38 57 -0.88356973552752249
38 58 -0.72720768531808466
38 59 -0.5713120805140296
38 60 -0.41515205561559559
38 61 -0.25748478799366825
38 62 -0.10728304889258081
38 63 0
39 0 0
39 1 -10.210605693475886
39 2 -10.228399811459852
39 3 -10.23635036567252
39 4 -10.224276177675881
39 5 -10.196166845533886
39 6 -10.153219336637537
39 7 -10.095804748737601
39 8 -10.024648730752014
39 9 -9.9405428367998123
39 10 -9.8441840141342567
39 11 -9.7363239379678248
39 12 -9.6176562258985996
39 13 -9.4889401105529139
39 14 -9.3508459676289828
39 15 -9.2041167850186199
39 16 -9.0493879296911341
39 17 -8.8873746949173942
39 18 -8.7186687497159383
39 19 -8.5439481944502411
39 20 -8.3637547907865368
39 21 -8.1787225023196815
39 22 -7.9893391796454507
39 23 -7.7961898554796454
39 24 -7.5997063219678411
39 25 -7.4004217271148169
39 26 -7.1987111975555216
39 27 -6.9950545883709108
39 28 -6.7897710037590304
39 29 -6.5832868733848446
39 30 -6.3758669111399007
39 31 -6.167885020864408
39 32 -5.9595539162995381
39 33 -5.7511966907273573
39 34 -5.5429770049394307
39 35 -5.3351694834243366
39 36 -5.1278920665310839
39 37 -4.9213737155662542
39 38 -4.7156902243477203
39 39 -4.5110280230896835
39 40 -4.3074244564975022
39 41 -4.1050267685441124
39 42 -3.9038375817449866
39 43 -3.7039684194849936
39 44 -3.5053908661364179
39 45 -3.3081842387071245
39 46 -3.112292671513341
39 47 -2.9177667833315803
39 48 -2.7245267144609548
39 49 -2.5325978483243228
39 50 -2.3418796337130003
39 51 -2.152375610039746
39 52 -1.9639676744117012
39 53 -1.7766408508473088
39 54 -1.5902625304428843
39 55 -1.4048020553803175
39 56 -1.2201131228402555
39 57 -1.03615696908205
39 58 -0.85282237123283855
39 59 -0.67005884363245383
39 60 -0.48694851261464311
39 61 -0.30209959514298235
39 62 -0.12599270280841374
39 63 0
40 0 0
40 1 -11.733380420038035
40 2 -11.746005895425343
40 3 -11.747161878423048
40 4 -11.726383031781326
40 5 -11.68776410295351
40 6 -11.632711264083294
40 7 -11.561578874781162
40 8 -11.475264172637662
40 9 -11.37454090286276
40 10 -11.260296994468819
40 11 -11.13325027251966
40 12 -10.994298331791651
40 13 -10.844153570651205
40 14 -10.683698747990261
40 15 -10.513618092822025
40 16 -10.334763835825164
40 17 -10.147782070832758
40 18 -9.9534822921587516
40 19 -9.7524645187014478
40 20 -9.5454862317445137
40 21 -9.3330960305008865
40 22 -9.1159927477998668
40 23 -8.8946703532250986
40 24 -8.6697646747794579
40 25 -8.4417136239026753
40 26 -8.2110876117998934
40 27 -7.9782685141825755
40 28 -7.7437605453894074
40 29 -7.5078907212437977
40 30 -7.2710976246204249
40 31 -7.033655477148181
40 32 -6.7959388824885609
40 33 -6.5581719942784416
40 34 -6.3206679460194168
40 35 -6.0836040141604819
40 36 -5.8472350263565964
40 37 -5.6116948732289123
40 38 -5.3771837223987751
40 39 -5.1437957362621578
40 40 -4.9116804025309548
40 41 -4.680895872124335
40 42 -4.4515451451007486
40 43 -4.2236540541910701
40 44 -3.9972834172043838
40 45 -3.7724303575851557
40 46 -3.5491178516997923
40 47 -3.3273177962034821
40 48 -3.1070196436867947
40 49 -2.8881733942370298
40 50 -2.6707392296203092
40 51 -2.4546484182880457
40 52 -2.2398360325770073
40 53 -2.0262176371103511
40 54 -1.8137073285842638
40 55 -1.6022073479286705
40 56 -1.3916124296499757
40 57 -1.1818195292355043
40 58 -0.97276104896469384
40 59 -0.76432171720637376
40 60 -0.55550619820819824
40 61 -0.34468217960017017
40 62 -0.14386809861937519
40 63 0
41 0 0
41 1 -13.166249274900286
41 2 -13.1739167383323
41 3 -13.168618994974203
41 4 -13.139586483664331
41 5 -13.091103382934916
41 6 -13.024641248483112
41 7 -12.940683316572679
41 8 -12.840121798396632
41 9 -12.723891194451944
41 10 -12.592860925857996
41 11 -12.447924089034528
41 12 -12.289945572539313
41 13 -12.119824964407593
41 14 -11.938399095148798
41 15 -11.746547261609082
41 16 -11.545063896973771
41 17 -11.334794578492275
41 18 -11.116480577430062
41 19 -10.890922710276293
41 20 -10.658801331237527
41 21 -10.420864432315662
41 22 -10.177726355338228
41 23 -9.9300767133195542
41 24 -9.6784609938673967
41 25 -9.4235070224017417
41 26 -9.1656904712836784
41 27 -8.9055757709249068
41 28 -8.6435693551366146
41 29 -8.3801721381698098
41 30 -8.1157231197142501
41 31 -7.8506607793108172
41 32 -7.5852594391043606
41 33 -7.3198971765140142
41 34 -7.0547871038665004
41 35 -6.7902496607281835
41 36 -6.5264407213264279
41 37 -6.2636263948906112
41 38 -6.0019096184858309
41 39 -5.7415058627853091
41 40 -5.4824696135023521
41 41 -5.224969647268777
41 42 -4.9690165529167301
41 43 -4.714736503935212
41 44 -4.4621007248187423
41 45 -4.2111969395994437
41 46 -3.9619614514972419
41 47 -3.7144476882574518
41 48 -3.4685613382910545
41 49 -3.2243256401799596
41 50 -2.9816198079734004
41 51 -2.7404409209201606
41 52 -2.5006456787497848
41 53 -2.2622089715331803
41 54 -2.0249688506228329
41 55 -1.7888813152523586
41 56 -1.553766738332546
41 57 -1.319572148514641
41 58 -1.0861635726435779
41 59 -0.85347046598885701
41 60 -0.62032075906396933
41 61 -0.38495703373494683
41 62 -0.16074800953968302
41 63 0
42 0 0
42 1 -14.498095891395325
42 2 -14.50106240444925
42 3 -14.489646362299986
42 4 -14.452919233878546
42 5 -14.395229670415439
42 6 -14.318214147063731
42 7 -14.222343452028465
42 8 -14.108650064832732
42 9 -13.978049836763063
42 10 -13.83157212081538
42 11 -13.670075995682112
42 12 -13.494600140882394
42 13 -13.305997078269295
42 14 -13.105287321050099
42 15 -12.893291241703272
42 16 -12.670993355240341
42 17 -12.439169931216462
42 18 -12.198755527675857
42 19 -11.950472809091279
42 20 -11.695195774983691
42 21 -11.433586987566695
42 22 -11.166452289009763
42 23 -10.894390131362826
42 24 -10.618133195750703
42 25 -10.338213903520238
42 26 -10.055288986989641
42 27 -9.769824627000359
42 28 -9.4824006819195112
42 29 -9.1934182530046158
42 30 -8.9033809385526066
42 31 -8.6126269896239105
42 32 -8.321585605295498
42 33 -8.0305352202390843
42 34 -7.7398334823291144
42 35 -7.449702621478032
42 36 -7.1604323417993134
42 37 -6.8721926671047395
42 38 -6.5852095280426175
42 39 -6.2996049707552331
42 40 -6.0155457187755488
42 41 -5.7331101723508819
42 42 -5.4524106714990479
42 43 -5.1734863071310091
42 44 -4.8964000037646986
42 45 -4.6211558105516977
42 46 -4.3477722598937234
42 47 -4.076222505759465
42 48 -3.8064856996797927
42 49 -3.5385080927241779
42 50 -3.2722344061928168
42 51 -3.0075878074573428
42 52 -2.7444834457174658
42 53 -2.4828250866461743
42 54 -2.2225031526112335
42 55 -1.9634048712974361
42 56 -1.7053976558127992
42 57 -1.4483624889549487
42 58 -1.1922144294135453
42 59 -0.93681659522625738
42 60 -0.68093915789250747
42 61 -0.42260316158071837
42 62 -0.17654441350740993
42 63 0
43 0 0
43 1 -15.717721331519471
43 2 -15.716279330887497
43 3 -15.699174434599877
43 4 -15.655338564879278
43 5 -15.589234288796751
43 6 -15.502549342907146
43 7 -15.395854106467498
43 8 -15.270176099853391
43 9 -15.126557171027635
43 10 -14.966008106638665
43 11 -14.7895298439686
43 12 -14.598128214149222
43 13 -14.392810690869359
43 14 -14.174551757694202
43 15 -13.944336442336931
43 16 -13.703091412869822
43 17 -13.451764244296285
43 18 -13.191221262330735
43 19 -12.92236028928215
43 20 -12.645978198890857
43 21 -12.362914041307265
43 22 -12.073889141147188
43 23 -11.779677526689191
43 24 -11.480921443635891
43 25 -11.178326019042986
43 26 -10.87245304507198
43 27 -10.563936860570964
43 28 -10.253259204214324
43 29 -9.9409833872644509
43 30 -9.6275129245247708
43 31 -9.3133411977657286
43 32 -8.9987964489397356
43 33 -8.6843042911775346
43 34 -8.3701214951701459
43 35 -8.056608889346542
43 36 -7.7439561911401649
43 37 -7.4324630454615148
43 38 -7.1222569520339283
43 39 -6.8135804168441299
43 40 -6.5065038094569525
43 41 -6.2012168408661354
43 42 -5.8977379554920324
43 43 -5.5962085957685677
43 44 -5.2966004973280123
43 45 -4.9990114507253294
43 46 -4.7033716301041508
43 47 -4.4097398107138135
43 48 -4.1180096260450654
43 49 -3.8282054413567748
43 50 -3.5401892064966871
43 51 -3.2539554145519798
43 52 -2.9693390047479955
43 53 -2.6863090928250428
43 54 -2.4046781964148218
43 55 -2.1243937328396196
43 56 -1.8452469256169175
43 57 -1.5671754611972728
43 58 -1.2900252770211067
43 59 -1.0137113052445661
43 60 -0.73684007182417977
43 61 -0.45733776784977692
43 62 -0.19108987184280038
43 63 0
44 0 0
44 1 -16.814113762629241
44 2 -16.808575583552301
44 3 -16.786214889716302
44 4 -16.735939750687873
44 5 -16.662233187611619
44 6 -16.566896666773967
44 7 -16.450493164439454
44 8 -16.314153891888584
44 9 -16.158901420004174
44 10 -15.985870046015387
44 11 -15.7960267758345
44 12 -15.590515702344726
44 13 -15.370297226478577
44 14 -15.136495605213549
44 15 -14.89003698416446
44 16 -14.632006340008104
44 17 -14.363282019391933
44 18 -14.084894391967387
44 19 -13.797663221046605
44 20 -13.502552589163258
44 21 -13.200316185749115
44 22 -12.891843375277308
44 23 -12.577817027355289
44 24 -12.25904617272338
44 25 -11.936140427892989
44 26 -11.609825283901682
44 27 -11.280636578060042
44 28 -10.949215088015354
44 29 -10.616023885930973
44 30 -10.281619548966738
44 31 -9.9463946110892802
44 32 -9.6108233362787434
44 33 -9.275230873208125
44 34 -8.9400121563390691
44 35 -8.6054287805641536
44 36 -8.2718001866289583
44 37 -7.9393287163997748
44 38 -7.6082627934944353
44 39 -7.2787501030559438
44 40 -6.9509729889527074
44 41 -6.6250292306820926
44 42 -6.3010403400375621
44 43 -5.979058985831438
44 44 -5.6591512826586374
44 45 -5.3413295433105992
44 46 -5.0256100093161491
44 47 -4.7119692911808295
44 48 -4.400379295643952
44 49 -4.090785443533492
44 50 -3.7831208043242528
44 51 -3.4773039559346968
44 52 -3.1732345501480119
44 53 -2.8708085443188622
44 54 -2.569897605282625
44 55 -2.2703783377132667
44 56 -1.9720962291291355
44 57 -1.6749207592234368
44 58 -1.3787534056726922
44 59 -1.0834408726405955
44 60 -0.78755617967956904
44 61 -0.48882771161392707
44 62 -0.20429549408542766
44 63 0
45 0 0
45 1 -17.776134132872532
45 2 -17.766866464300239
45 3 -17.73975746485938
45 4 -17.683752311168771
45 5 -17.603365092027243
45 6 -17.500433355337531
45 7 -17.375586036428871
45 8 -17.229949865927608
45 9 -17.064633714950961
45 10 -16.880753599332806
45 11 -16.679380021200679
45 12 -16.461624392556949
45 13 -16.228564903825575
45 14 -15.98127996542765
45 15 -15.720825160670225
45 16 -15.448227827341663
45 17 -15.164504828380062
45 18 -14.870618519597622
45 19 -14.567533827781173
45 20 -14.256137904760072
45 21 -13.937333975856298
45 22 -13.611927016608256
45 23 -13.280751705189328
45 24 -12.944526654157116
45 25 -12.604013652121434
45 26 -12.25984311456056
45 27 -11.912701708075115
45 28 -11.563131768731354
45 29 -11.211744360441605
45 30 -10.858995444283954
45 31 -10.505421430610873
45 32 -10.151394869302605
45 33 -9.7973796109744296
45 34 -9.443668728222157
45 35 -9.0906565015920489
45 36 -8.7385611788514961
45 37 -8.3877111420102732
45 38 -8.0382549698378778
45 39 -7.6904593181030672
45 40 -7.3444085752067068
45 41 -7.0003121931229719
45 42 -6.6581960231054698
45 43 -6.3182170631773182
45 44 -5.9803483369320762
45 45 -5.6446992680340644
45 46 -5.3111957270823611
45 47 -4.9799044974233464
45 48 -4.6507098699624967
45 49 -4.3236409205473105
45 50 -3.9985457873258841
45 51 -3.67542072932235
45 52 -3.3540829862174339
45 53 -3.0345008780987648
45 54 -2.7164659369356934
45 55 -2.3999224996709922
45 56 -2.084637670967747
45 57 -1.7705454483781533
45 58 -1.4574748801271613
45 59 -1.1453328813940356
45 60 -0.83254476577469905
45 61 -0.51678086646090804
45 62 -0.21598609650440792
45 63 0
46 0 0
46 1 -18.592892671618554
46 2 -18.580251703608219
46 3 -18.548915719697384
46 4 -18.487945263538212
46 5 -18.401829228658318
46 6 -18.292462507069491
46 7 -18.160472433860672
46 8 -18.007048575576622
46 9 -17.833280299852582
46 10 -17.640366248411453
46 11 -17.429343487551396
46 12 -17.201421627884525
46 13 -16.957632152054174
46 14 -16.699164819991157
46 15 -16.427016713950394
46 16 -16.142337288052307
46 17 -15.846074559074257
46 18 -15.539321428259322
46 19 -15.222965119673331
46 20 -14.898029523248129
46 21 -14.565332792189434
46 22 -14.225820717127915
46 23 -13.880236991788166
46 24 -13.529443149614465
46 25 -13.174105483366107
46 26 -12.814997628535874
46 27 -12.452707566515976
46 28 -12.087919527122835
46 29 -11.721143923636967
46 30 -11.35297585351376
46 31 -10.983850221287801
46 32 -10.614274728120101
46 33 -10.24461184823998
46 34 -9.8752848012550043
46 35 -9.5065874714278387
46 36 -9.1388624399868181
46 37 -8.7723393845973536
46 38 -8.4072848022899933
46 39 -8.0438689077558188
46 40 -7.6822871929093335
46 41 -7.3226553639786314
46 42 -6.9651033551287886
46 43 -6.6096974106098036
46 44 -6.2565075933177141
46 45 -5.9055557324080068
46 46 -5.5568578411927305
46 47 -5.2103963136662452
46 48 -4.866138989561632
46 49 -4.5240336945127053
46 50 -4.1840059645495353
46 51 -3.8459737801688032
46 52 -3.5098261950534813
46 53 -3.1754559688857893
46 54 -2.842721543902706
46 55 -2.5114940323727368
46 56 -2.1816031361011596
46 57 -1.8529120878933649
46 58 -1.5253129891246018
46 59 -1.1986422910046388
46 60 -0.87132056228377675
46 61 -0.54084904283477764
46 62 -0.22607150482384775
46 63 0
47 0 0
47 1 -19.253320178794567
47 2 -19.237737680966536
47 3 -19.202748418233373
47 4 -19.137631604498214
47 5 -19.046819747068032
47 6 -18.932228443485688
47 7 -18.794513919727613
47 8 -18.634862313335887
47 9 -18.454405695162205
47 10 -18.25432522265843
47 11 -18.035719062718048
47 12 -17.799764783496176
47 13 -17.547570377922085
47 14 -17.280280374082022
47 15 -16.998981953160673
47 16 -16.7047675276192
47 17 -16.398686785082958
47 18 -16.081765174785147
47 19 -15.75500116147324
47 20 -15.419342193168285
47 21 -15.075725261827754
47 22 -14.725012138329433
47 23 -14.368071043189131
47 24 -14.00567329344835
47 25 -13.638613576734622
47 26 -13.26757044420564
47 27 -12.893262435986717
47 28 -12.516275086415803
47 29 -12.137249965347257
47 30 -11.756681031446554
47 31 -11.375133534571166
47 32 -10.993012658329759
47 33 -10.610809173617946
47 34 -10.228843353545642
47 35 -9.8475342752931727
47 36 -9.4671219712434631
47 37 -9.087957341955919
47 38 -8.7102054311167283
47 39 -8.3341530313463341
47 40 -7.959895843160842
47 41 -7.5876610209215407
47 42 -7.2174808044509264
47 43 -6.8495274569750642
47 44 -6.4837757504618869
47 45 -6.1203479823359883
47 46 -5.7591674608554602
47 47 -5.4003115435730722
47 48 -5.0436580164526301
47 49 -4.689244365091672
47 50 -4.3369086799398717
47 51 -3.9866536397056551
47 52 -3.6382833190773876
47 53 -3.2917706843106007
47 54 -2.946891440429134
47 55 -2.6035929493341419
47 56 -2.26162396871272
47 57 -1.9209211278599259
47 58 -1.5813002233535804
47 59 -1.242667514590325
47 60 -0.90331470300603212
47 61 -0.56072850233803673
47 62 -0.23436718854779856
47 63 0
48 0 0
48 1 -19.746664330730376
48 2 -19.728528160086846
48 3 -19.690484298866572
48 4 -19.622064420068948
48 5 -19.527630385135769
48 6 -19.409095430521894
48 7 -19.26712074540081
48 8 -19.102911263692288
48 9 -18.91757993309988
48 10 -18.712346209995076
48 11 -18.488275901090212
48 12 -18.246601094024644
48 13 -17.988383973234107
48 14 -17.714838274083764
48 15 -17.426993544256426
48 16 -17.126024366917989
48 17 -16.812912400346455
48 18 -16.488776416810243
48 19 -16.154537913500747
48 20 -15.811246971366113
48 21 -15.459756118545908
48 22 -15.101037225677587
48 23 -14.735867960819524
48 24 -14.365135399374749
48 25 -13.989538941901984
48 26 -13.60987681595352
48 27 -13.226768822568904
48 28 -12.840922447609383
48 29 -12.45287826486005
48 30 -12.063252940769472
48 31 -11.672509565554908
48 32 -11.281175414256319
48 33 -10.889638914652782
48 34 -10.498340606317369
48 35 -10.107597897491992
48 36 -9.7177682305381499
48 37 -9.3291022400402817
48 38 -8.9418786772466792
48 39 -8.5562860679779664
48 40 -8.1725294615711022
48 41 -7.7907402073644594
48 42 -7.4110550683814287
48 43 -7.033553295098927
48 44 -6.6583090756577006
48 45 -6.2853546892561738
48 46 -5.9147076500038853
48 47 -5.5463583717342564
48 48 -5.1802737004951656
48 49 -4.8164072182562903
48 50 -4.4546811494735898
48 51 -4.0950171698229587
48 52 -3.737298922147632
48 53 -3.3814210391775914
48 54 -3.0272347160137603
48 55 -2.6746113022742564
48 56 -2.3233714504992817
48 57 -1.9733780638954226
48 58 -1.6245183796198426
48 59 -1.2766256002986431
48 60 -0.92801989701861798
48 61 -0.57605287457404064
48 62 -0.24078113405659876
48 63 0
49 0 0
49 1 -20.06193512824494
49 2 -20.041731654837918
49 3 -20.001260305969186
49 4 -19.930450462706435
49 5 -19.833518437390872
49 6 -19.712383508075543
49 7 -19.567696250691885
49 8 -19.40065996577675
49 9 -19.212383946451169
49 10 -19.004071654945783
49 11 -18.776804587096024
49 12 -18.531784072355684
49 13 -18.270104315622998
49 14 -17.99293502873947
49 15 -17.701353175891999
49 16 -17.396477432003969
49 17 -17.079350866531236
49 18 -16.751025835994607
49 19 -16.412497731995799
49 20 -16.064741091330259
49 21 -15.70869320979825
49 22 -15.345242648149318
49 23 -14.975261050013298
49 24 -14.599545746828595
49 25 -14.218897641916431
49 26 -13.834020069785055
49 27 -13.445640203536287
49 28 -13.054366709778789
49 29 -12.660851803935037
49 30 -12.265610552974177
49 31 -11.869220448458794
49 32 -11.472105441289157
49 33 -11.074769727718817
49 34 -10.677549751841177
49 35 -10.280878804956572
49 36 -9.8850103039099526
49 37 -9.4903097862360344
49 38 -9.0969527694748908
49 39 -8.7052407782725449
49 40 -8.315277017512587
49 41 -7.9273031858024749
49 42 -7.5413560616446738
49 43 -7.1576220315960342
49 44 -6.7760775033037319
49 45 -6.3968582958571529
49 46 -6.0198865670602206
49 47 -5.6452524669327762
49 48 -5.2728300105902113
49 49 -4.9026686717697476
49 50 -4.5346003586317112
49 51 -4.1686389083833291
49 52 -3.8045800485350072
49 53 -3.442407099771041
49 54 -3.081885538544479
49 55 -2.7229722831908387
49 56 -2.3654041041973644
49 57 -2.0091270889744655
49 58 -1.6539477154616156
49 59 -1.2997796464424569
49 60 -0.94483598233197463
49 61 -0.58650424713382976
49 62 -0.24511778441090076
49 63 0
50 0 0
50 1 -20.18853068022247
50 2 -20.166666854988758
50 3 -20.124431895779647
50 4 -20.052136230357153
50 5 -19.953882147558922
50 6 -19.831525521236454
50 7 -19.685729217263546
50 8 -19.517669286265946
50 9 -19.328437099049115
50 10 -19.119227757858681
50 11 -18.891092234972064
50 12 -18.645240092920243
50 13 -18.382721336371006
50 14 -18.104729910331866
50 15 -17.812286660710342
50 16 -17.506549487352672
50 17 -17.188494828101831
50 18 -16.859228030783626
50 19 -16.519668764239889
50 20 -16.17085693437858
50 21 -15.813646416507069
50 22 -15.449002006898896
50 23 -15.07770558710973
50 24 -14.700640001861203
50 25 -14.318511357227143
50 26 -13.932116157014732
50 27 -13.542082985621995
50 28 -13.149119722136952
50 29 -12.753777369756286
50 30 -12.356674685903965
50 31 -11.958286405920875
50 32 -11.559143166168225
50 33 -11.159645842205352
50 34 -10.76023918771358
50 35 -10.361253478275131
50 36 -9.9630508303433203
50 37 -9.5658948219354478
50 38 -9.1700689821696031
50 39 -8.7757745594446597
50 40 -8.3832211740412639
50 41 -7.9925524309779377
50 42 -7.6039091982480826
50 43 -7.2173823221471478
50 44 -6.8330494260691435
50 45 -6.4509535855630338
50 46 -6.0711149332466654
50 47 -5.6935337922724791
50 48 -5.3181787196005157
50 49 -4.9450122813742823
50 50 -4.573957468476741
50 51 -4.2049440230985509
50 52 -3.8378554236699891
50 53 -3.4725935038460687
50 54 -3.1090084254719512
50 55 -2.7469779197277857
50 56 -2.3863207300988272
50 57 -2.0269058391744568
50 58 -1.6686202570559518
50 59 -1.3113016198199545
50 60 -0.95322908979700549
50 61 -0.59169467676748799
50 62 -0.24728256342453367
50 63 0
51 0 0
51 1 -20.115548747153117
51 2 -20.092554093312696
51 3 -20.049222578443025
51 4 -19.976431342607107
51 5 -19.878049216599678
51 6 -19.755925082534073
51 7 -19.610670317762366
51 8 -19.443462052070092
51 9 -19.255340096632853
51 10 -19.047485928918032
51 11 -18.82091887912927
51 12 -18.576819864591087
51 13 -18.316224198562338
51 14 -18.040283776849869
51 15 -17.750021697322385
51 16 -17.446541780739821
51 17 -17.130838927676464
51 18 -16.803953726050882
51 19 -16.466839554784897
51 20 -16.120462212506645
51 21 -15.765723343678369
51 22 -15.40350560052009
51 23 -15.034651332656294
51 24 -14.65995448498057
51 25 -14.280192848202095
51 26 -13.896068512126256
51 27 -13.508291406781021
51 28 -13.117470673683721
51 29 -12.72424674055882
51 30 -12.329136430672703
51 31 -11.932710417555771
51 32 -11.535395257319632
51 33 -11.13769276816182
51 34 -10.73994243906257
51 35 -10.342579073733511
51 36 -9.945859201037976
51 37 -9.5501532127130417
51 38 -9.1556394793463181
51 39 -8.7626271908702513
51 40 -8.3712218730049059
51 41 -7.9816752016885397
51 42 -7.5940255271879566
51 43 -7.2084710684638802
51 44 -6.8249888964270609
51 45 -6.4437281100414934
51 46 -6.064610518900821
51 47 -5.6877406465692966
51 48 -5.3129910993693255
51 49 -4.9404265200992734
51 50 -4.5698763484579485
51 51 -4.201370143090446
51 52 -3.8347001497621305
51 53 -3.4698657743892038
51 54 -3.1066280848185519
51 55 -2.7449602864517155
51 56 -2.3845939085879206
51 57 -2.0254916162101813
51 58 -1.6674546041030596
51 59 -1.3104124856653672
51 60 -0.95256217870995508
51 61 -0.59128918890302506
51 62 -0.24706712095390437
51 63 0
52 0 0
52 1 -19.832548149883689
52 2 -19.808836142931163
52 3 -19.765124034372086
52 4 -19.692783837467818
52 5 -19.595530898463505
52 6 -19.475090336469027
52 7 -19.332093910839863
52 8 -19.167644680503784
52 9 -18.982766769596378
52 10 -18.778585477787647
52 11 -18.556092393417149
52 12 -18.31642885179334
52 13 -18.060588464359235
52 14 -17.789700516465658
52 15 -17.504734321593233
52 16 -17.206787812476382
52 17 -16.896791395501751
52 18 -16.57579590439267
52 19 -16.24468089475943
52 20 -15.90443766736073
52 21 -15.555886055190264
52 22 -15.199948350381115
52 23 -14.837378405635839
52 24 -14.469022637336229
52 25 -14.095564912350685
52 26 -13.717771182921291
52 27 -13.336253234412712
52 28 -12.951693938623626
52 29 -12.564632501204049
52 30 -12.175667787259291
52 31 -11.785267240197156
52 32 -11.393946225584218
52 33 -11.002102307103046
52 34 -10.610169060059752
52 35 -10.218476896017412
52 36 -9.8273803049673489
52 37 -9.4371459286805823
52 38 -9.0480526899116125
52 39 -8.6603073353393345
52 40 -8.2741173919448805
52 41 -7.8896339421605131
52 42 -7.5069978038027205
52 43 -7.1263088698430836
52 44 -6.7476463325931126
52 45 -6.3710635238902551
52 46 -5.9965833918922335
52 47 -5.6242174183385485
52 48 -5.2539379042435792
52 49 -4.8857192215788627
52 50 -4.5194887703599473
52 51 -4.1551885410275151
52 52 -3.7927068758252913
52 53 -3.4319581416620952
52 54 -3.0727976550887224
52 55 -2.7151158504578685
52 56 -2.3587368583286343
52 57 -2.0035424173968921
52 58 -1.6494238311254221
52 59 -1.2962313064897355
52 60 -0.94226969500084601
52 61 -0.58487458131597425
52 62 -0.24437339533121022
52 63 0
53 0 0
53 1 -19.328722761738046
53 2 -19.30485402291438
53 3 -19.261454528443728
53 4 -19.190614693149662
53 5 -19.095732675713769
53 6 -18.978516092781309
53 7 -18.839504072350351
53 8 -18.679804550415096
53 9 -18.500341895412983
53 10 -18.302231214476304
53 11 -18.086384352543334
53 12 -17.853917125315462
53 13 -17.605760571096475
53 14 -17.343004844426225
53 15 -17.066574797880683
53 16 -16.777516979194214
53 17 -16.476735423731022
53 18 -16.165218638428538
53 19 -15.843837532796261
53 20 -15.513511420998716
53 21 -15.175068506519835
53 22 -14.829350690280958
53 23 -14.477136220455193
53 24 -14.119183946729816
53 25 -13.756216938298685
53 26 -13.38890760401674
53 27 -13.017920350968073
53 28 -12.643839691304276
53 29 -12.267269370764859
53 30 -11.888706189903296
53 31 -11.508692489099388
53 32 -11.127638914343649
53 33 -10.746026710484358
53 34 -10.364183053551292
53 35 -9.9825292810311375
53 36 -9.6013126918551688
53 37 -9.2208966311758402
53 38 -8.8414528276043214
53 39 -8.4632891462591218
53 40 -8.0865065962883254
53 41 -7.7113605624348462
53 42 -7.3378865832466333
53 43 -6.9662909576241399
53 44 -6.596549277101758
53 45 -6.228822466926335
53 46 -5.8630318682681501
53 47 -5.4992969985723628
53 48 -5.1374907370176786
53 49 -4.7776953601795986
53 50 -4.4197411024789863
53 51 -4.0636773215089059
53 52 -3.7092974075678411
53 53 -3.3566223072176773
53 54 -3.0054144479244975
53 55 -2.6556699664167942
53 56 -2.307122022764045
53 57 -1.9597569968484128
53 58 -1.6133746811934619
53 59 -1.2679293996345924
53 60 -0.92167170033111223
53 61 -0.57209559366371765
53 62 -0.23897840372850468
53 63 0
54 0 0
54 1 -18.593801430247719
54 2 -18.570183770358103
54 3 -18.527851186617852
54 4 -18.459482163824482
54 5 -18.368287572734253
54 6 -18.255793592800558
54 7 -18.122568594391918
54 8 -17.96960010181316
54 9 -17.797800270355001
54 10 -17.608180258130556
54 11 -17.401628073642858
54 12 -17.179171731509239
54 13 -16.94170413850339
54 14 -16.690245147647261
54 15 -16.425669156946121
54 16 -16.14897044924783
54 17 -15.860991612119154
54 18 -15.562687012065306
54 19 -15.254856447970335
54 20 -14.938402902935261
54 21 -14.61407509006704
54 22 -14.282715723209261
54 23 -13.945016426920834
54 24 -13.601753050296509
54 25 -13.253556115795121
54 26 -12.901130027906413
54 27 -12.545041893575961
54 28 -12.18592185292437
54 29 -11.824272719754935
54 30 -11.460649074779859
54 31 -11.095489757795862
54 32 -10.729273805054564
54 33 -10.362377384946743
54 34 -9.9952051199099827
54 35 -9.6280726050073486
54 36 -9.261312120794118
54 37 -8.8951814189611493
54 38 -8.5299432960337551
54 39 -8.1658008816486216
54 40 -7.8029509947924529
54 41 -7.4415457367432678
54 42 -7.0817199838424889
54 43 -6.7235786759121625
54 44 -6.3671992056800919
54 45 -6.0126434104673798
54 46 -5.6599359931862976
54 47 -5.3090998747044393
54 48 -4.9601121211443591
54 49 -4.6129609995652379
54 50 -4.2675811883847246
54 51 -3.9239305991368219
54 52 -3.5819069163837995
54 53 -3.241442067433292
54 54 -2.902402362877718
54 55 -2.5646971402228056
54 56 -2.2281630555907368
54 57 -1.8927012574201458
54 58 -1.5582114307664605
54 59 -1.2245646536112618
54 60 -0.89016543368923784
54 61 -0.55250988996822448
54 62 -0.23077951080461906
54 63 0
55 0 0
55 1 -17.617076240273317
55 2 -17.594289083604821
55 3 -17.553728974206127
55 4 -17.488920413737929
55 5 -17.402680328094092
55 6 -17.296510242111964
55 7 -17.170845603698233
55 8 -17.026683852671702
55 9 -16.864790164598652
55 10 -16.686170168578563
55 11 -16.491584432298502
55 12 -16.28203976533969
55 13 -16.058318545276403
55 14 -15.821405535365514
55 15 -15.572083404461486
55 16 -15.311298784884466
55 17 -15.039822048568045
55 18 -14.758548613746365
55 19 -14.468225850728039
55 20 -14.169687718730502
55 21 -13.863650114190792
55 22 -13.550877846369723
55 23 -13.232048775003221
55 24 -12.907853139057963
55 25 -12.578925863558645
55 26 -12.245879193348639
55 27 -11.909301658688443
55 28 -11.569725822581059
55 29 -11.227691595979488
55 30 -10.883651663949042
55 31 -10.538096150265238
55 32 -10.191398930672101
55 33 -9.8440000743588953
55 34 -9.4961967728004524
55 35 -9.1483795384560196
55 36 -8.8007718709537137
55 37 -8.4537158730323316
55 38 -8.1073650426499153
55 39 -7.7620147698619135
55 40 -7.4177527886790253
55 41 -7.0748299392702787
55 42 -6.733272845896658
55 43 -6.3932903559140826
55 44 -6.0548529420972441
55 45 -5.7181303496913962
55 46 -5.3830420679071151
55 47 -5.0497219126176116
55 48 -4.7180436898331273
55 49 -4.3881086967658218
55 50 -4.0597504276288472
55 51 -3.7330412686261898
55 52 -3.4077797984992801
55 53 -3.0840133253455368
55 54 -2.7615110163783974
55 55 -2.4402981438172615
55 56 -2.1201161672727471
55 57 -1.8009819860364054
55 58 -1.4826973809747244
55 59 -1.1652500018022571
55 60 -0.84702120834292649
55 61 -0.52573805254947259
55 62 -0.21953701483026472
55 63 0
56 0 0
56 1 -16.388421884680529
56 2 -16.366855935463292
56 3 -16.328846881302962
56 4 -16.268574637212048
56 5 -16.188642283781501
56 6 -16.090316848123411
56 7 -15.974072658992537
56 8 -15.840742119378762
56 9 -15.691083081719398
56 10 -15.525950699551245
56 11 -15.346086897789935
56 12 -15.152363205222247
56 13 -14.945528689697486
56 14 -14.72645033693345
56 15 -14.495864869936625
56 16 -14.254619975514217
56 17 -14.003428713390177
56 18 -13.743107177119981
56 19 -13.474335325880956
56 20 -13.197887704534986
56 21 -12.914403916735653
56 22 -12.624609111487723
56 23 -12.329097159969773
56 24 -12.028537852391713
56 25 -11.723475589356381
56 26 -11.414520511421383
56 27 -11.102165222194493
56 28 -10.78695739638167
56 29 -10.469336717829931
56 30 -10.149786871765759
56 31 -9.8286945147162896
56 32 -9.5064789448051688
56 33 -9.1834745302709173
56 34 -8.8600367591582394
56 35 -8.536449147882518
56 36 -8.2130047893495668
56 37 -7.8899383515914625
56 38 -7.5674826623937141
56 39 -7.245825999016704
56 40 -6.9251436594834459
56 41 -6.6055803457001891
56 42 -6.2872570691799803
56 43 -5.9702780484402282
56 44 -5.654713673688387
56 45 -5.3406309810302233
56 46 -5.0280537513128039
56 47 -4.7170152930092915
56 48 -4.4074970710800088
56 49 -4.0995022307482882
56 50 -3.7929744397658669
56 51 -3.4878903166173649
56 52 -3.1841604281979348
56 53 -2.881738606370134
56 54 -2.5805072580340269
56 55 -2.2804003275871301
56 56 -1.9812735911452823
56 57 -1.6830538625004436
56 58 -1.3856524622112838
56 59 -1.0889694171971664
56 60 -0.79159007212248611
56 61 -0.49130252467460528
56 62 -0.2051413910831402
56 63 0
57 0 0
57 1 -14.897244214365301
57 2 -14.877485478613758
57 3 -14.842731807625778
57 4 -14.788106736187048
57 5 -14.715752235952403
57 6 -14.626907655673421
57 7 -14.52187606876328
57 8 -14.401506179259274
57 9 -14.266363830219401
57 10 -14.117304671576496
57 11 -13.954897068540259
57 12 -13.779997008631478
57 13 -13.593196125843392
57 14 -13.395331653378085
57 15 -13.187001805460165
57 16 -12.969011570235724
57 17 -12.741955878482067
57 18 -12.506596374444953
57 19 -12.263516206653623
57 20 -12.013424870589573
57 21 -11.756886880307675
57 22 -11.494552862731876
57 23 -11.226963250827865
57 24 -10.954704957209316
57 25 -10.678290114042658
57 26 -10.398238740555435
57 27 -10.115031511766016
57 28 -9.8291198414785033
57 29 -9.5409507111664649
57 30 -9.2509064942352186
57 31 -8.9593990378271258
57 32 -8.6667423382743465
57 33 -8.3733123566775927
57 34 -8.0793563074746562
57 35 -7.785214112611599
57 36 -7.491068578319811
57 37 -7.1972239564721869
57 38 -6.9038016576088923
57 39 -6.6110710904144518
57 40 -6.3190957954239124
57 41 -6.0281115684096109
57 42 -5.7381280073152343
57 43 -5.4493488823140153
57 44 -5.1617340806847292
57 45 -4.8754572512992098
57 46 -4.5904330240576705
57 47 -4.3068071125109659
57 48 -4.0244534944060284
57 49 -3.7434923838092669
57 50 -3.4637618068954734
57 51 -3.1853591317157748
57 52 -2.9080911849617488
57 53 -2.6320353845371431
57 54 -2.3569722251875413
57 55 -2.0829614364569724
57 56 -1.809758839880323
57 57 -1.5374178768478599
57 58 -1.2657447901959193
57 59 -0.99476855749317472
57 60 -0.7230858670019521
57 61 -0.44879603996477141
57 62 -0.18733453637574043
57 63 0
58 0 0
58 1 -13.133932961742312
58 2 -13.116344418835526
58 3 -13.085634414151702
58 4 -13.037619233990196
58 5 -12.974209156658578
58 6 -12.896362431502828
58 7 -12.804431352593364
58 8 -12.699057837617936
58 9 -12.580806786635556
58 10 -12.450339276741573
58 11 -12.308211621802794
58 12 -12.155098961192166
58 13 -11.991565832716363
58 14 -11.818285546508022
58 15 -11.635816209206595
58 16 -11.444817910707458
58 17 -11.245833648667171
58 18 -11.039500690740555
58 19 -10.826339614710117
58 20 -10.606956984993651
58 21 -10.381845248064016
58 22 -10.151573946104415
58 23 -9.9166030662848463
58 24 -9.6774602170372699
58 25 -9.4345698126535389
58 26 -9.1884138771277115
58 27 -8.9393791918873848
58 28 -8.6878996701384441
58 29 -8.4343233067354682
58 30 -8.1790343760459816
58 31 -7.9223417053848255
58 32 -7.6645792849195784
58 33 -7.4060170465548163
58 34 -7.1469388280183077
58 35 -6.8875764849403467
58 36 -6.6281645154235944
58 37 -6.3688979718282921
58 38 -6.1099634193217618
58 39 -5.8515207528977209
58 40 -5.5937105264481017
58 41 -5.3366594267028358
58 42 -5.0804643616981302
58 43 -4.8252210028101388
58 44 -4.5709853573469514
58 45 -4.3178244679735052
58 46 -4.0657565087186986
58 47 -3.814822432161872
58 48 -3.5650059176587168
58 49 -3.3163244839670769
58 50 -3.0687308798187014
58 51 -2.8222219336841841
58 52 -2.5767232130804012
58 53 -2.3322137116667774
58 54 -2.0885957997187838
58 55 -1.8458328302006195
58 56 -1.603805244407742
58 57 -1.3624709736191958
58 58 -1.1217548601477965
58 59 -0.8815932895637949
58 60 -0.64084067040197479
58 61 -0.39772382200896023
58 62 -0.16600963669656571
58 63 0
59 0 0
59 1 -11.088549711815357
59 2 -11.073711699143269
59 3 -11.047734266109531
59 4 -11.007440929734281
59 5 -10.954225499393296
59 6 -10.889020521153878
59 7 -10.811971217693147
59 8 -10.723743809917613
59 9 -10.624669147062798
59 10 -10.515416580279846
59 11 -10.3963251603767
59 12 -10.268061926382586
59 13 -10.130988953960303
59 14 -9.9857568618242389
59 15 -9.8327397351691506
59 16 -9.6725615509688243
59 17 -9.5056019103045326
59 18 -9.3324496499041381
59 19 -9.1534841930973609
59 20 -8.9692524173357864
59 21 -8.7801288734931386
59 22 -8.5866132083884317
59 23 -8.3890712470929145
59 24 -8.1879515449349753
59 25 -7.9836080766659805
59 26 -7.7764357172473524
59 27 -7.5667740957426419
59 28 -7.3549629532728629
59 29 -7.141325623224076
59 30 -6.9261462617950258
59 31 -6.7097304329678131
59 32 -6.4923071313017209
59 33 -6.27416309799451
59 34 -6.0554733417351381
59 35 -5.8365051033657913
59 36 -5.6173812192358801
59 37 -5.3983490929411584
59 38 -5.1794817330915945
59 39 -4.9610066821110532
59 40 -4.7429498986379972
59 41 -4.5255193307366044
59 42 -4.3086970095264494
59 43 -4.0926718277422891
59 44 -3.8773852775325
59 45 -3.6630079911518263
59 46 -3.4494445080277023
59 47 -3.236848234967082
59 48 -3.0250904845552005
59 49 -2.8143086974218381
59 50 -2.6043447766664007
59 51 -2.3953216609722072
59 52 -2.18705571480151
59 53 -1.9796570652054335
59 54 -1.7729205044377341
59 55 -1.5669445981174361
59 56 -1.3615041341391407
59 57 -1.1566943041264599
59 58 -0.95232650237223537
59 59 -0.74847833499243532
59 60 -0.54405293225092299
59 61 -0.33767698355974457
59 62 -0.14090169049082091
59 63 0
60 0 0
60 1 -8.7485093416543336
60 2 -8.7367480864823683
60 3 -8.7162879409674154
60 4 -8.6846514280331526
60 5 -8.6429916990301088
60 6 -8.5919221909534489
60 7 -8.5316470712597958
60 8 -8.4625887736658481
60 9 -8.3850842569274811
60 10 -8.2995686533199589
60 11 -8.2063762741042545
60 12 -8.1059516259690465
60 13 -7.9986367094827795
60 14 -7.8848752691131345
60 15 -7.7650079549742292
60 16 -7.6394703489939371
60 17 -7.5085963380950833
60 18 -7.3728070304401543
60 19 -7.2324249491352948
60 20 -7.0878514768061001
60 21 -6.9393941315758196
60 22 -6.7874302884031295
60 23 -6.632249650519852
60 24 -6.4742021855296263
60 25 -6.3135577035972572
60 26 -6.1506361649053032
60 27 -5.9856860455511276
60 28 -5.8189954207841028
60 29 -5.6507905424428069
60 30 -5.4813263745965211
60 31 -5.3108065273567959
60 32 -5.1394522129604328
60 33 -4.9674443852401478
60 34 -4.7949703891377631
60 35 -4.6221888487777187
60 36 -4.4492535959745698
60 37 -4.2763015386327341
60 38 -4.103453768093531
60 39 -3.9308263293075187
60 40 -3.7585087171595366
60 41 -3.5865971660282563
60 42 -3.4151510462725643
60 43 -3.2442479983967827
60 44 -3.0739190280124951
60 45 -2.9042245331949834
60 46 -2.7351691655128567
60 47 -2.5667975418498838
60 48 -2.3990901873855446
60 49 -2.2320774879353169
60 50 -2.065718255444732
60 51 -1.9000302645062073
60 52 -1.7349531839070667
60 53 -1.5704938840947291
60 54 -1.4065756471726416
60 55 -1.2431957078980775
60 56 -1.0802619224150283
60 57 -0.91776859633008001
60 58 -0.7556528136437991
60 59 -0.59389473425530059
60 60 -0.43171183765310134
60 61 -0.2679334247617336
60 62 -0.11180634393144598
60 63 0
61 0 0
61 1 -6.0915150925543813
61 2 -6.0833976468012176
61 3 -6.0691311573212232
61 4 -6.0472675367468094
61 5 -6.018403954508063
61 6 -5.9831311996218108
61 7 -5.941417162708813
61 8 -5.8937148218678539
61 9 -5.8400927249056984
61 10 -5.7810006977740267
61 11 -5.7165191821412318
61 12 -5.647090791677134
61 13 -5.5728165182479854
61 14 -5.4941233066505504
61 15 -5.4111280236762775
61 16 -5.3242356037192895
61 17 -5.233576225438104
61 18 -5.1395275092288006
61 19 -5.0422305985160349
61 20 -4.9420315268497852
61 21 -4.8390803700563563
61 22 -4.7336882736159653
61 23 -4.6260124506716611
61 24 -4.5163267619904772
61 25 -4.4047939506365523
61 26 -4.2916490278471571
61 27 -4.1770588084248468
61 28 -4.0612186447088465
61 29 -3.9442980878717155
61 30 -3.8264526987699288
61 31 -3.7078535366926015
61 32 -3.5886168356219437
61 33 -3.4689140352495613
61 34 -3.3488230252945188
61 35 -3.2285145994060125
61 36 -3.1080297261758361
61 37 -2.9875376341554403
61 38 -2.8670441599821408
61 39 -2.7467161650420135
61 40 -2.6265264389424541
61 41 -2.5066388020720227
61 42 -2.3869953127077959
61 43 -2.2677562158686047
61 44 -2.1488353262678705
61 45 -2.030388928373831
61 46 -1.912305201507486
61 47 -1.7947362406067848
61 48 -1.677547274127049
61 49 -1.5608861380536723
61 50 -1.4445978345727644
61 51 -1.3288260286468379
61 52 -1.2133982327740387
61 53 -1.0984542028427486
61 54 -0.98380672847566297
61 55 -0.86959172215369041
61 56 -0.75560866929021131
61 57 -0.64199360580846554
61 58 -0.52856452495223483
61 59 -0.41544913606488543
61 60 -0.30196160165292185
61 61 -0.18742445292825621
61 62 -0.078159325733432955
61 63 0
62 0 0
62 1 -3.1208431735083906
62 2 -3.1166311270860367
62 3 -3.1093343335050849
62 4 -3.0981227087439356
62 5 -3.0833973379644983
62 6 -3.0653532658844536
62 7 -3.0440730552473672
62 8 -3.0196890976104251
62 9 -2.9923289494233747
62 10 -2.962130468880797
62 11 -2.9292202476221143
62 12 -2.8937404723379547
62 13 -2.8558200547898966
62 14 -2.8156021193256806
62 15 -2.7732146761420959
62 16 -2.7287993184039609
62 17 -2.6824811662389032
62 18 -2.6343981721080216
62 19 -2.5846708589773453
62 20 -2.5334317758229874
62 21 -2.4807954730541786
62 22 -2.426887649349796
62 23 -2.371815797313702
62 24 -2.3156976053801741
62 25 -2.2586326817029168
62 26 -2.2007298041204333
62 27 -2.1420800984555983
62 28 -2.0827827660560909
62 29 -2.0229200540993295
62 30 -1.9625811329191254
62 31 -1.9018391516742303
62 32 -1.8407729854045842
62 33 -1.7794466207067146
62 34 -1.7179285439631673
62 35 -1.6562736497600408
62 36 -1.5945400956851401
62 37 -1.5327738724355651
62 38 -1.4710230056719906
62 39 -1.4093248723865062
62 40 -1.3477176852788748
62 41 -1.286230586196434
62 42 -1.2248924022154339
62 43 -1.1637244949122332
62 44 -1.1027468287843989
62 45 -1.0419735056964243
62 46 -0.98141623462046101
62 47 -0.92108243457978856
62 48 -0.86097623927436484
62 49 -0.80109900980051851
62 50 -0.7414480479708967
62 51 -0.68201932198625559
62 52 -0.62280409912691592
62 53 -0.56379366491799421
62 54 -0.50497411483351962
62 55 -0.44633261760031739
62 56 -0.38785031944383735
62 57 -0.329512795711842
62 58 -0.27131207941605068
62 59 -0.21322834137525443
62 60 -0.15499652162479485
62 61 -0.096182603740362929
62 62 -0.040117734491533469
62 63 0
63 0 0
63 1 0
63 2 0
63 3 0
63 4 0
63 5 0
63 6 0
63 7 0
63 8 0
63 9 0
63 10 0
63 11 0
63 12 0
63 13 0
63 14 0
63 15 0
63 16 0
63 17 0
63 18 0
63 19 0
63 20 0
63 21 0
63 22 0
63 23 0
63 24 0
63 25 0
63 26 0
63 27 0
63 28 0
63 29 0
63 30 0
63 31 0
63 32 0
63 33 0
63 34 0
63 35 0
63 36 0
63 37 0
63 38 0
63 39 0
63 40 0
63 41 0
63 42 0
63 43 0
63 44 0
63 45 0
63 46 0
63 47 0
63 48 0
63 49 0
63 50 0
63 51 0
63 52 0
63 53 0
63 54 0
63 55 0
63 56 0
63 57 0
63 58 0
63 59 0
63 60 0
63 61 0
63 62 0
63 63 0
