0 0 0
0 1 0
0 2 0
0 3 0
0 4 0
0 5 0
0 6 0
0 7 0
0 8 0
0 9 0
0 10 0
0 11 0
0 12 0
0 13 0
0 14 0
0 15 0
0 16 0
0 17 0
0 18 0
0 19 0
0 20 0
0 21 0
0 22 0
0 23 0
0 24 0
0 25 0
0 26 0
0 27 0
0 28 0
0 29 0
0 30 0
0 31 0
0 32 0
0 33 0
0 34 0
0 35 0
0 36 0
0 37 0
0 38 0
0 39 0
0 40 0
0 41 0
0 42 0
0 43 0
0 44 0
0 45 0
0 46 0
0 47 0
0 48 0
0 49 0
0 50 0
0 51 0
0 52 0
0 53 0
0 54 0
0 55 0
0 56 0
0 57 0
0 58 0
0 59 0
0 60 0
0 61 0
0 62 0
0 63 0
1 0 0
1 1 3.2368242914645595
1 2 3.2290561440033629
1 3 3.218204081689521
1 4 3.2042399055662329
1 5 3.1872805421025103
1 6 3.167435789784212
1 7 3.1447863896120207
1 8 3.1194146945966561
1 9 3.0914177709907884
1 10 3.0608855583790415
1 11 3.0279210278671536
1 12 2.9926186577081291
1 13 2.9550853896653115
1 14 2.9154179060978143
1 15 2.8737249829894913
1 16 2.8301037376218048
1 17 2.7846628806079758
1 18 2.7374983678013187
1 19 2.6887171887505037
1 20 2.6384127840687919
1 21 2.5866889959335353
1 22 2.533635612581596
1 23 2.4793521211125564
1 24 2.4239237239700313
1 25 2.3674445518419196
1 26 2.3099944761864837
1 27 2.2516614634257035
1 28 2.1925194816114142
1 29 2.1326497054388347
1 30 2.0721197846714574
1 31 2.0110036422033994
1 32 1.9493623374684708
1 33 1.8872622361379787
1 34 1.8247576641395786
1 35 1.7619072668150124
1 36 1.6987586091381988
1 37 1.6353625834574772
1 38 1.5717600698376226
1 39 1.5079942940386954
1 40 1.4440996194286999
1 41 1.3801117997849279
1 42 1.31605893172862
1 43 1.2519695894877587
1 44 1.1878659250462797
1 45 1.1237697134459901
1 46 1.0596975475178525
1 47 0.99566486196011694
1 48 0.93168313125687785
1 49 0.86776197808787803
1 50 0.80390824724811527
1 51 0.74012633783001303
1 52 0.67641899464937272
1 53 0.6127860470098252
1 54 0.54922672649875781
1 55 0.48573679533431613
1 56 0.42231184257556365
1 57 0.35894627793410527
1 58 0.295649023277751
1 59 0.23240854508626638
1 60 0.1689535572306165
1 61 0.10482037921386722
1 62 0.0436717786968433
1 63 0
2 0 0
2 1 6.3285624446546977
2 2 6.3131320239678415
2 3 6.2917676232168622
2 4 6.264216259974523
2 5 6.2308853698706352
2 6 6.1918161009478032
2 7 6.1473385797622759
2 8 6.0974486605880136
2 9 6.0424993122096495
2 10 5.9825123297518576
2 11 5.9178407229956855
2 12 5.8485276244304734
2 13 5.7749205358968325
2 14 5.697080746441161
2 15 5.6153446019297482
2 16 5.5297893156537468
2 17 5.4407351451891319
2 18 5.3482731239108396
2 19 5.2527032213028102
2 20 5.1541284357000929
2 21 5.0528249538940617
2 22 4.948906074213669
2 23 4.8426213884036233
2 24 4.7340929942284502
2 25 4.6235417276183481
2 26 4.5110971249349552
2 27 4.3969497202337564
2 28 4.281235248012516
2 29 4.1641129673585233
2 30 4.045723676385383
2 31 3.926194913701095
2 32 3.805671502699846
2 33 3.6842492957681601
2 34 3.5620761938355612
2 35 3.4392168280038122
2 36 3.3158213174498186
2 37 3.1919239183260171
2 38 3.0676761977338431
2 39 2.9430832161437337
2 40 2.8182973094888499
2 41 2.6932958080154195
2 42 2.5682312317581855
2 43 2.4430548881724459
2 44 2.3179189941800278
2 45 2.1927507428426147
2 46 2.0677016606774523
2 47 1.9426768984454668
2 48 1.8178270059194916
2 49 1.6930372942925762
2 50 1.5684571502158953
2 51 1.4439543485460478
2 52 1.3196770234107815
2 53 1.1954778194956686
2 54 1.071503664594341
2 55 0.94759415517679835
2 56 0.82389368671916752
2 57 0.70023519589226557
2 58 0.57679271698389156
2 59 0.45338454257030658
2 60 0.32963979017576561
2 61 0.20449413997292765
2 62 0.085258894214454525
2 63 0
3 0 0
3 1 9.1162349470775368
3 2 9.0936567241918169
3 3 9.0623611396052226
3 4 9.0222001604293673
3 5 8.9735487323125458
3 6 8.9166990482941717
3 7 8.8519173267191906
3 8 8.7794123326401472
3 9 8.6994962846341988
3 10 8.6124011898968096
3 11 8.5184544333618355
3 12 8.4179022027073085
3 13 8.3110809590453396
3 14 8.198244464619231
3 15 8.0797317599631064
3 16 7.9557992767714767
3 17 7.8267828783737192
3 18 7.6929372791538633
3 19 7.5545901681701375
3 20 7.4119908683315812
3 21 7.2654546075931536
3 22 7.1152222710510982
3 23 6.9615930143976081
3 24 6.8047968216294361
3 25 6.6451138026193437
3 26 6.4827611084724621
3 27 6.3179974275564588
3 28 6.1510256268634169
3 29 5.9820811552351412
3 30 5.8113515751116651
3 31 5.6390477955026643
3 32 5.4653414369563755
3 33 5.2904180469161846
3 34 5.1144330048507634
3 35 4.9375461154961364
3 36 4.7598965144160532
3 37 4.5816182864860453
3 38 4.4028345785078979
3 39 4.2236541472026152
3 40 4.0441846288143868
3 41 3.8645101788530769
3 42 3.6847235928295281
3 43 3.5048854550898527
3 44 3.3250745537713535
3 45 3.1453292045145993
3 46 2.9657151600793568
3 47 2.7862500129498105
3 48 2.606987569233068
3 49 2.427926458992486
3 50 2.2491097277866197
3 51 2.0705189903953527
3 52 1.8921877987230955
3 53 1.7140828985018133
3 54 1.5362297448584261
3 55 1.3585819499069554
3 56 1.181156226989005
3 57 1.003901034005303
3 58 0.82687179109683506
3 59 0.64999904009463783
3 60 0.47255247589408894
3 61 0.2931995334763961
3 62 0.12222784881469001
3 63 0
4 0 0
4 1 11.597398015490366
4 2 11.567964214926173
4 3 11.527457762075798
4 4 11.475527218002714
4 5 11.412779244272345
4 6 11.339486727840145
4 7 11.256106080971236
4 8 11.1628056537867
4 9 11.060091297850299
4 10 10.948171549525673
4 11 10.827560750227326
4 12 10.69849643507418
4 13 10.5614925476818
4 14 10.416807740652343
4 15 10.264946434285404
4 16 10.106182580596638
4 17 9.9410031206731304
4 18 9.7696919909991511
4 19 9.5927119037455313
4 20 9.4103522190419469
4 21 9.2230458051648512
4 22 9.0310835282848725
4 23 8.8348638769695835
4 24 8.6346758965853425
4 25 8.4308801744531632
4 26 8.2237611424675041
4 27 8.013638908252533
4 28 7.8007909801031721
4 29 7.5854952753804525
4 30 7.3680205043707501
4 31 7.1486014740993564
4 32 6.9274966165664598
4 33 6.7048974209777352
4 34 6.4810509184880329
4 35 6.2561057086076275
4 36 6.0302966252153603
4 37 5.8037303670369411
4 38 5.5766290730393235
4 39 5.3490590192419951
4 40 5.1212294270761909
4 41 4.8931680495492298
4 42 4.6650712219385566
4 43 4.4369304327577233
4 44 4.2089293975081468
4 45 3.9810259000470039
4 46 3.753391519715128
4 47 3.5259531450086872
4 48 3.298870902823213
4 49 3.0720437991774441
4 50 2.8456213750337755
4 51 2.6194779277709817
4 52 2.3937534443369737
4 53 2.1683008623900899
4 54 1.9432518754466066
4 55 1.7184408170115542
4 56 1.4939898178893531
4 57 1.2697251941639092
4 58 1.0458192511006357
4 59 0.82207452610909659
4 60 0.59766869811112422
4 61 0.3708062401344549
4 62 0.15461462030320694
4 63 0
5 0 0
5 1 13.792717394423741
5 2 13.756949769916522
5 3 13.707853335599458
5 4 13.645145717260805
5 5 13.569401250926763
5 6 13.481124291955268
5 7 13.380714759566063
5 8 13.268530287935118
5 9 13.145042020882544
5 10 13.010642314903613
5 11 12.865825978470188
5 12 12.711004916274565
5 13 12.546687996608481
5 14 12.373295985107086
5 15 12.191341767638557
5 16 12.001247026256451
5 17 11.80351979254816
5 18 11.598575591401511
5 19 11.386909964765994
5 20 11.168926394692232
5 21 10.945101445327623
5 22 10.715821717177304
5 23 10.481539391851522
5 24 10.242620320122079
5 25 9.9994879097271578
5 26 9.7524842762611943
5 27 9.5020006030731015
5 28 9.2483530811074424
5 29 8.9918980866693161
5 30 8.7329244077295112
5 31 8.4717518268189895
5 32 8.2086408805438129
5 33 7.9438736970017052
5 34 7.6776822664656521
5 35 7.4103106609671574
5 36 7.1419625118342358
5 37 6.8728440286445753
5 38 6.603131088332062
5 39 6.3329927666226427
5 40 6.0625781486305659
5 41 5.7920203831985155
5 42 5.5214430311220317
5 43 5.2509449467071354
5 44 4.9806256916403653
5 45 4.7105518339888874
5 46 4.4408006776332645
5 47 4.1714088426529452
5 48 3.902433296184312
5 49 3.6338833359584473
5 50 3.3657976614512237
5 51 3.098161118410776
5 52 2.8309963286025086
5 53 2.5642668211611235
5 54 2.2979815246346753
5 55 2.0320851426085151
5 56 1.7665722168572857
5 57 1.5013804296720308
5 58 1.2365614630472108
5 59 0.97202655977314467
5 60 0.70664748419387546
5 61 0.43844668004152049
5 62 0.18280344593575742
5 63 0
6 0 0
6 1 15.714739800288546
6 2 15.672955617807471
6 3 15.615987462507611
6 4 15.543350647524242
6 5 15.455821294158415
6 6 15.35389052086343
6 7 15.238124609830766
6 8 15.108847724972991
6 9 14.966696352401012
6 10 14.812046382131376
6 11 14.645548965931949
6 12 14.467614181953847
6 13 14.27889593146136
6 14 14.079826506149432
6 15 13.871050512626349
6 16 13.65301351751444
6 17 13.426340336565726
6 18 13.19148172581191
6 19 12.94903386479535
6 20 12.699445842124932
6 21 12.443277890253453
6 22 12.180971640707025
6 23 11.913045513308534
6 24 11.639928879205916
6 25 11.362093824306944
6 26 11.079953552218205
6 27 10.793930530268572
6 28 10.504418697827814
6 29 10.21178874485436
6 30 9.9164129795307208
6 31 9.6186091702291545
6 32 9.3187262821110188
6 33 9.0170289226906757
6 34 8.7138415893151695
6 35 8.4093762881425036
6 36 8.103932449468477
6 37 7.7976707351008816
6 38 7.4908653794213826
6 39 7.1836275591631438
6 40 6.8762066049095907
6 41 6.5686665815199961
6 42 6.2612325846056738
6 43 5.9539243734374381
6 44 5.6469438143199078
6 45 5.3402695273582097
6 46 5.0340814558351195
6 47 4.7283205423755845
6 48 4.4231463808991194
6 49 4.1184659368858991
6 50 3.8144202647042853
6 51 3.5108862393467977
6 52 3.2079883921894794
6 53 2.9055776039903267
6 54 2.6037641891547336
6 55 2.3023763131090966
6 56 2.0015089411289977
6 57 1.7009812915191387
6 58 1.4009539443742309
6 59 1.1012153284145993
6 60 0.80058715193039875
6 61 0.49671869877803698
6 62 0.2071532931141889
6 63 0
7 0 0
7 1 17.372277387885717
7 2 17.325013737524735
7 3 17.260814669934799
7 4 17.179246841260415
7 5 17.081051368379661
7 6 16.966922634298417
7 7 16.837379473997952
7 8 16.692905767513167
7 9 16.53411073482053
7 10 16.361522162609482
7 11 16.175779087824516
7 12 15.977432083592479
7 13 15.767137115914853
7 14 15.545453465932745
7 15 15.313041023600709
7 16 15.070457328231315
7 17 14.818354705398354
7 18 14.557279689700053
7 19 14.287867232411969
7 20 14.010645218597228
7 21 13.726222963640113
7 22 13.43510348183908
7 23 13.137863646390855
7 24 12.83497669460888
7 25 12.526981603483826
7 26 12.214318117708203
7 27 11.897483109712168
7 28 11.57688018352242
7 29 11.252961037472176
7 30 10.926091434439106
7 31 10.596675863034912
7 32 10.265041377404957
7 33 9.9315441534243636
7 34 9.5964723941198518
7 35 9.260133695672657
7 36 8.9227778931312578
7 37 8.5846644810374819
7 38 8.2460059441189539
7 39 7.9070148132509734
7 40 7.5678676929407516
7 41 7.2287318693598124
7 42 6.8897499161904694
7 43 6.5510461021228918
7 44 6.212731134255649
7 45 5.8748889326468641
7 46 5.5376007607487612
7 47 5.2009132397154785
7 48 4.8648808226522045
7 49 4.5295162074755337
7 50 4.1948498391440392
7 51 3.8608641402382111
7 52 3.5275684835964713
7 53 3.1949189624795555
7 54 2.8629070409689352
7 55 2.5314655925029896
7 56 2.2005674521225815
7 57 1.8701369971621271
7 58 1.5402181493706677
7 59 1.2107021451002464
7 60 0.88015695655746951
7 61 0.5461234773738981
7 62 0.22776978681437579
7 63 0
8 0 0
8 1 18.775010754924129
8 2 18.722617310714391
8 3 18.651911637748633
8 4 18.562281190947967
8 5 18.45463142562625
8 6 18.32964789818795
8 7 18.187988315352804
8 8 18.030109868358483
8 9 17.856755158630524
8 10 17.668442326112803
8 11 17.465932912726377
8 12 17.249782197455588
8 13 17.02075590920823
8 14 16.779431103231573
8 15 16.526563363645863
8 16 16.262740016001192
8 17 15.988693996599148
8 18 15.705012563600057
8 19 15.41239554776897
8 20 15.111421457083205
8 21 14.802748441785958
8 22 14.486939022687556
8 23 14.164602855906681
8 24 13.836280574686914
8 25 13.502528152353502
8 26 13.163859646907337
8 27 12.820773641988566
8 28 12.473754025697158
8 29 12.123239621647643
8 30 11.769681531867692
8 31 11.413457642209481
8 32 11.054984523534134
8 33 10.694578998893569
8 34 10.332622134700348
8 35 9.969370485152524
8 36 9.6051693200881871
8 37 9.2402165119022239
8 38 8.8748218408577308
8 39 8.509126760864131
8 40 8.1434063950202749
8 41 7.7777486113787733
8 42 7.4123951677626545
8 43 7.0473836517485839
8 44 6.6829241484180217
8 45 6.319007657080137
8 46 5.9558146307652065
8 47 5.5932934842370763
8 48 5.2315973804287443
8 49 4.8706364000855276
8 50 4.5105390168451516
8 51 4.1511814156664464
8 52 3.7926702019216676
8 53 3.4348523214155642
8 54 3.0778156506625853
8 55 2.7213815560069068
8 56 2.3656181991493095
8 57 2.0103374620749914
8 58 1.6556843764010223
8 59 1.3014347507424926
8 60 0.94614387316516702
8 61 0.58706287948441915
8 62 0.24491357364456973
8 63 0
9 0 0
9 1 19.93238837384477
9 2 19.875411777215312
9 3 19.798855171092697
9 4 19.702156565551309
9 5 19.586179506978389
9 6 19.451780802591696
9 7 19.299579024775884
9 8 19.130159264102709
9 9 18.944243047329831
9 10 18.742466548388688
9 11 18.525585386485879
9 12 18.294259854833545
9 13 18.049263641261124
9 14 17.791264426745208
9 15 17.521038655911887
9 16 17.239249015325967
9 17 16.946661159810379
9 18 16.643921858202081
9 19 16.331774497317991
9 20 16.010840990787429
9 21 15.681832873812112
9 22 15.345340009245691
9 23 15.002034270839205
9 24 14.652467877872178
9 25 14.297266871739597
9 26 13.936941679124624
9 27 13.572067837703266
9 28 13.203111119298885
9 29 12.830593246651446
9 30 12.454933608331048
9 31 12.07659802465454
9 32 11.695958760782625
9 33 11.313424739690975
9 34 10.929321214897776
9 35 10.54400018537171
9 36 10.157740731070955
9 37 9.7708387521301354
9 38 9.383528605254444
9 39 8.9960516608883392
9 40 8.6085995127895494
9 41 8.221361215819897
9 42 7.8344879807089054
9 43 7.448119315720878
9 44 7.0623687692377839
9 45 6.6773295454840884
9 46 6.2930805240785146
9 47 5.9096722485032211
9 48 5.5271521385735989
9 49 5.145532056517041
9 50 4.7648313382906613
9 51 4.3850274188822551
9 52 4.0061150530152494
9 53 3.6280418072732425
9 54 3.2507815939457352
9 55 2.8742556830753516
9 56 2.4984164138341476
9 57 2.123175565541902
9 58 1.7485664537707013
9 59 1.374462772870306
9 60 0.99921490863630047
9 61 0.62003190751154402
9 62 0.25869475131214503
9 63 0
10 0 0
10 1 20.85446950484582
10 2 20.793285176697005
10 3 20.711597978770158
10 4 20.608707180473502
10 5 20.485597726891115
10 6 20.343119984837692
10 7 20.182002124332385
10 8 20.002808497342418
10 9 19.806360077891515
10 10 19.593289287209064
10 11 19.364438795086681
10 12 19.120479165630773
10 13 18.862257318744295
10 14 18.590463980214231
10 15 18.305934381758302
10 16 18.009365930069492
10 17 17.701568227483321
10 18 17.383233321099937
10 19 17.055133618591629
10 20 16.71794578266989
10 21 16.372395624865799
10 22 16.019136161778185
10 23 15.658839220351391
10 24 15.292127536541006
10 25 14.919613408476437
10 26 14.541884129063879
10 27 14.159488592238814
10 28 13.772974806343534
10 29 13.382825878351992
10 30 12.989547865694332
10 31 12.593557025186771
10 32 12.195315834661352
10 33 11.795173790569548
10 34 11.393549072415636
10 35 10.990725501404865
10 36 10.587077032913109
10 37 10.18282374640745
10 38 9.7782961342301213
10 39 9.3736531810592183
10 40 8.9691832690431887
10 41 8.5649875262941926
10 42 8.1613140846638572
10 43 7.7582099362108963
10 44 7.3558852545784905
10 45 6.9543370028394795
10 46 6.553740054880274
10 47 6.1540457556923895
10 48 5.7553966465988049
10 49 5.3577030993302346
10 50 4.961078547899711
10 51 4.565397206618317
10 52 4.1707468405690662
10 53 3.7769705304471635
10 54 3.384134134246171
10 55 2.9920534917708448
10 56 2.6007717126542325
10 57 2.2100950244312343
10 58 1.8201508609250012
10 59 1.4307057366293177
10 60 1.0401312809996477
10 61 0.64542296811074606
10 62 0.26936609116552163
10 63 0
11 0 0
11 1 21.550816645239994
11 2 21.485972444843114
11 3 21.399815681008189
11 4 21.291709682096588
11 5 21.162586985170506
11 6 21.013434102390384
11 7 20.844947947116875
11 8 20.657787379027333
11 9 20.45275758501192
11 10 20.230573832604826
11 11 19.992078133295518
11 12 19.738009580507537
11 13 19.46922800067205
11 14 19.18647773558828
11 15 18.890619516080712
11 16 18.582389218864087
11 17 18.262633462340197
11 18 17.932067621723583
11 19 17.591511578364464
11 20 17.241650445985893
11 21 16.883266915035101
11 22 16.517008066152627
11 23 16.14361097010601
11 24 15.763678724920734
11 25 15.377896214583085
11 26 14.98681823781024
11 27 14.591072617830717
11 28 14.191162983694559
11 29 13.787656748809237
11 30 13.38100476742223
11 31 12.971712054824774
11 32 12.560176178574569
11 33 12.14683897107783
11 34 11.732045134191718
11 35 11.316173587852466
11 36 10.899517374959263
11 37 10.482393690474662
11 38 10.065045777912868
11 39 9.6477310847963391
11 40 9.2306454493222763
11 41 8.8139892235612383
11 42 8.3979136651518225
11 43 7.9825652531055438
11 44 7.5680538302684823
11 45 7.1544757026847989
11 46 6.7419027289375428
11 47 6.3303851381189347
11 48 5.9199604361860096
11 49 5.5106371960618468
11 50 5.1024223513574469
11 51 4.6952874978595558
11 52 4.2892128828828051
11 53 3.8841380962879022
11 54 3.4800208128840802
11 55 3.076772492291699
11 56 2.6743274994000084
11 57 2.2725872776087548
11 58 1.871573381933056
11 59 1.4711458556842825
11 60 1.0695169153596964
11 61 0.66369914118219731
11 62 0.27703057300349043
11 63 0
12 0 0
12 1 22.031534709191309
12 2 21.963424497675682
12 3 21.873504612374241
12 4 21.761054188109807
12 5 21.627080132093184
12 6 21.472563001511883
12 7 21.298279041755894
12 8 21.104871543005338
12 9 20.893210167366082
12 10 20.664011450485486
12 11 20.418168282688281
12 12 20.15643468349792
12 13 19.879706791543381
12 14 19.588756357585879
12 15 19.284465947122079
12 16 18.967610207548848
12 17 18.639043336932342
12 18 18.299529700505733
12 19 17.949882963668475
12 20 17.59084632682324
12 21 17.22318312228478
12 22 16.847606508759657
12 23 16.464821874164436
12 24 16.075505305496858
12 25 15.680298627935628
12 26 15.279835491956741
12 27 14.874690332575508
12 28 14.465450486173358
12 29 14.052620759500327
12 30 13.636739612454482
12 31 13.218241378250637
12 32 12.797614230319427
12 33 12.375222388155322
12 34 11.951503329706908
12 35 11.526752549338903
12 36 11.101357282629284
12 37 10.675546553225338
12 38 10.249658543903164
12 39 9.823858779493591
12 40 9.3984382035657497
12 41 8.9735023985338636
12 42 8.5492974068618803
12 43 8.125872892068438
12 44 7.7034327709014416
12 45 7.2819751767500494
12 46 6.8616650375845145
12 47 6.4424536238591141
12 48 6.0244703080836572
12 49 5.6076243712208464
12 50 5.192013304035128
12 51 4.777509413849093
12 52 4.3641821753312966
12 53 3.9518721225890681
12 54 3.5406248909482669
12 55 3.130253220609875
12 56 2.720778196603209
12 57 2.3120032005834359
12 58 1.904037662194727
12 59 1.4966431169629599
12 60 1.0880836767212279
12 61 0.67522746277027823
12 62 0.28192475971484049
12 63 0
13 0 0
13 1 22.306297975273853
13 2 22.235462450343928
13 3 22.142436144560044
13 4 22.026587460171079
13 5 21.888857530838699
13 6 21.730325907192444
13 7 21.551744924232427
13 8 21.353818303451003
13 9 21.137404373767815
13 10 20.903266903775918
13 11 20.652302536763798
13 12 20.385297209795009
13 13 20.103164054304095
13 14 19.806691620850302
13 15 19.496791769671084
13 16 19.174241237517027
13 17 18.839934728892448
13 18 18.494624567146072
13 19 18.13917505147851
13 20 17.774303969092294
13 21 17.400834328412788
13 22 17.019441410259606
13 23 16.630898245181548
13 24 16.235831601606428
13 25 15.834957856846497
13 26 15.428851012119997
13 27 15.018165935943951
13 28 14.603421149313137
13 29 14.185206785045697
13 30 13.763984509983629
13 31 13.340277936956028
13 32 12.91449165195073
13 33 12.487082228485097
13 34 12.058397913982677
13 35 11.628828821371187
13 36 11.198668408000632
13 37 10.768241848349296
13 38 10.337790018071683
13 39 9.9075754773817888
13 40 9.4777892590627921
13 41 9.0486343076383982
13 42 8.6202549696046518
13 43 8.1927981328888109
13 44 7.7663649355970863
13 45 7.3410502283474104
13 46 6.9169156590332159
13 47 6.4940084331407677
13 48 6.0723546001703594
13 49 5.6519584108431991
13 50 5.2328143279351433
13 51 4.81488856751439
13 52 4.3981480940963502
13 53 3.9825262757101307
13 54 3.5679668744765523
13 55 3.1543744336261788
13 56 2.7416687635824752
13 57 2.3297442982684613
13 58 1.9186109269352589
13 59 1.5081198646952634
13 60 1.0964177837508229
13 61 0.68044241712195774
13 62 0.28414571463366761
13 63 0
14 0 0
14 1 22.38528044804249
14 2 22.312123916148824
14 3 22.216673797878588
14 4 22.098279271925527
14 5 21.95790640315078
14 6 21.796627620473775
14 7 21.615244085545111
14 8 21.414448378764607
14 9 21.195128191198059
14 10 20.958052779904378
14 11 20.704133655874195
14 12 20.434175518630571
14 13 20.149091347994936
14 14 19.849700661257923
14 15 19.536900950973365
14 16 19.211510999112484
14 17 18.874397750472721
14 18 18.526365498819054
14 19 18.168238372505549
14 20 17.800794907368072
14 21 17.424806622240112
14 22 17.041017189043128
14 23 16.65013800557087
14 24 16.252870761138677
14 25 15.849861286104591
14 26 15.441763954200248
14 27 15.029155425776727
14 28 14.612639013845037
14 29 14.192720230570171
14 30 13.769948979354389
14 31 13.344759057808117
14 32 12.917645825650743
14 33 12.488972009528107
14 34 12.059178337385402
14 35 11.628558130150314
14 36 11.197498287203071
14 37 10.766225237853064
14 38 10.335073607685848
14 39 9.9042061412669504
14 40 9.4739073721274227
14 41 9.0442801210037569
14 42 8.6155615283869462
14 43 8.187798684874684
14 44 7.7611844588147019
14 45 7.3357147330528019
14 46 6.9115415646348621
14 47 6.4886143922103097
14 48 6.0670481928410371
14 49 5.646750894128397
14 50 5.227804336499374
14 51 4.810079977016553
14 52 4.3936306253031301
14 53 3.9782964619820866
14 54 3.5641056585083883
14 55 3.1508710444441879
14 56 2.7385955513854388
14 57 2.3270832426885484
14 58 1.916426319453812
14 59 1.506386241609817
14 60 1.0951890706331615
14 61 0.6796902221408343
14 62 0.2839160365466718
14 63 0
15 0 0
15 1 22.278269604981965
15 2 22.203317206552445
15 3 22.106085711644646
15 4 21.986047496920694
15 5 21.844087543249952
15 6 21.681339210166968
15 7 21.498586481084679
15 8 21.29654848746636
15 9 21.076105276297564
15 10 20.838038179346416
15 11 20.583266099897926
15 12 20.312589775187018
15 13 20.026942497840587
15 14 19.727124774239741
15 15 19.41406644633356
15 16 19.088553265842002
15 17 18.751495473038386
15 18 18.403651440323234
15 19 18.045898439352086
15 20 17.678957415523954
15 21 17.30366176966492
15 22 16.920687199365819
15 23 16.530814618428707
15 24 16.134668679666714
15 25 15.732971277089897
15 26 15.326292016966921
15 27 14.915289116490959
15 28 14.500474704859737
15 29 14.082440334759168
15 30 13.661639582898928
15 31 13.238595818669939
15 32 12.81370414213214
15 33 12.387419498636088
15 34 11.960079550021179
15 35 11.532071676169695
15 36 11.103677930152777
15 37 10.675219919412884
15 38 10.246926555308871
15 39 9.8190562503830865
15 40 9.3917877440326105
15 41 8.9653194814184651
15 42 8.5397833858289545
15 43 8.1153216934792187
15 44 7.6920231546105358
15 45 7.2699779819492694
15 46 6.8492356008124133
15 47 6.4298387235843135
15 48 6.0118014372831414
15 49 5.5951237394986348
15 50 5.1797884514598511
15 51 4.7657578361533206
15 52 4.352987566161632
15 53 3.9414073833403349
15 54 3.5309501085927537
15 55 3.1215169845164303
15 56 2.7130172107358907
15 57 2.3053422110104669
15 58 1.8984911567251994
15 59 1.492311796574471
15 60 1.084951046713863
15 61 0.67338012958404725
15 62 0.28132813856644356
15 63 0
16 0 0
16 1 21.995503404056123
16 2 21.919161427502114
16 3 21.820797623059491
16 4 21.69993652505531
16 5 21.55743801146069
16 6 21.394425813404538
16 7 21.211702759347798
16 8 21.009980576477091
16 9 20.790134308967481
16 10 20.552954267928794
16 11 20.299339234386327
16 12 20.030111817014312
16 13 19.746169970857842
16 14 19.448348020472068
16 15 19.137526751086167
16 16 18.814536562389993
16 17 18.480226315859891
16 18 18.135408708494676
16 19 17.780888779017108
16 20 17.417450311308272
16 21 17.045845111870481
16 22 16.666819071053204
16 23 16.281063639418861
16 24 15.889279876877653
16 25 15.492093812055241
16 26 15.090156567912516
16 27 14.684025511330972
16 28 14.274298342863464
16 29 13.861462125686865
16 30 13.446059070726651
16 31 13.028505673306837
16 32 12.609287813650596
16 33 12.188752325107721
16 34 11.767328963588296
16 35 11.345296783663338
16 36 10.923030507265098
16 37 10.500744094963313
16 38 10.078759061583376
16 39 9.6572276024286001
16 40 9.2364204576287214
16 41 8.8164318908960677
16 42 8.3974847908406591
16 43 7.9796197077680713
16 44 7.5630149935807687
16 45 7.1476619855838743
16 46 6.7336981210720914
16 47 6.3210702220424873
16 48 5.9098786699675534
16 49 5.5000305981865187
16 50 5.0915933694973159
16 51 4.6844393257482384
16 52 4.2786069779854072
16 53 3.8739388932698469
16 54 3.4704491532883535
16 55 3.0679542914872706
16 56 2.6664434450718555
16 57 2.2657252619336785
16 58 1.8658762967447167
16 59 1.4666630783375987
16 60 1.0663363498565874
16 61 0.66184029970274638
16 62 0.27659207128537427
16 63 0
17 0 0
17 1 21.546877837938808
17 2 21.469647701758941
17 3 21.37076982807891
17 4 21.249931340183711
17 5 21.107894796181426
17 6 20.945807055078344
17 7 20.764459816513849
17 8 20.564558550130052
17 9 20.346973656921914
17 10 20.112473677819729
17 11 19.861967736718764
17 12 19.596240160186131
17 13 19.316211865938339
17 14 19.02266413657766
17 15 18.716512521545848
17 16 18.398521237245191
17 17 18.069584630547151
17 18 17.730437714208719
17 19 17.381940629623678
17 20 17.024789619556586
17 21 16.65980008377954
17 22 16.287622136577461
17 23 15.909018183854689
17 24 15.524586851739727
17 25 15.135031374226994
17 26 14.740895293804122
17 27 14.342818354391374
17 28 13.941286954555499
17 29 13.536874677201503
17 30 13.130010031655729
17 31 12.72119920998521
17 32 12.310813194902691
17 33 11.899290803118843
17 34 11.486946770443524
17 35 11.07415361616976
17 36 10.661171853176116
17 37 10.248309675661615
17 38 9.8357759880303917
17 39 9.423817373892728
17 40 9.0125941996892589
17 41 8.6022947593013654
17 42 8.1930342924094273
17 43 7.784946610965263
17 44 7.378105482783079
17 45 6.9725944292761133
17 46 6.5684495652890842
17 47 6.1657086087310331
17 48 5.764373940748114
17 49 5.3644421852868769
17 50 4.9658859601821401
17 51 4.568665662645949
17 52 4.1727281308486974
17 53 3.7780025996661144
17 54 3.384414260252361
17 55 2.9918650680729608
17 56 2.6002577693265314
17 57 2.2094851196141354
17 58 1.819537048140039
17 59 1.4302634037420496
17 60 1.0398702577438135
17 61 0.6454578381680125
17 62 0.26979657611687691
17 63 0
18 0 0
18 1 20.942690374219762
18 2 20.864971646030263
18 3 20.766185980731034
18 4 20.646146248903769
18 5 20.505541142707564
18 6 20.345504392523036
18 7 20.166817835500066
18 8 19.970182643107023
18 9 19.756431463315096
18 10 19.526344652410582
18 11 19.280778069552468
18 12 19.020540385893622
18 13 18.746484053763204
18 14 18.459426417114326
18 15 18.160201508691252
18 16 17.849620223782061
18 17 17.528484270632894
18 18 17.197584813021415
18 19 16.857680144152543
18 20 16.509530957700221
18 21 16.153843445529798
18 22 15.791339294289422
18 23 15.422666108902762
18 24 15.048500045992494
18 25 14.669425608940347
18 26 14.286068700284691
18 27 13.898947946549496
18 28 13.508635859836362
18 29 13.115583926367464
18 30 12.720309514466402
18 31 12.323197000400883
18 32 11.924708044522429
18 33 11.525161032366725
18 34 11.124962361038465
18 35 10.724366444393089
18 36 10.323725705189027
18 37 9.9232333330812796
18 38 9.5231897613289291
18 39 9.1237302785378187
18 40 8.7251058779220028
18 41 8.3273977121070644
18 42 7.9308103337266953
18 43 7.5353748515063197
18 44 7.1412527285700271
18 45 6.7484293522054966
18 46 6.357026715636974
18 47 5.9669889582969136
18 48 5.5784024228818421
18 49 5.1911745629378645
18 50 4.8053600338405893
18 51 4.4208342007566648
18 52 4.037624092829466
18 53 3.6555776703835936
18 54 3.2746986186459668
18 55 2.8948109330100582
18 56 2.5158945048646162
18 57 2.137766560044815
18 58 1.7604900843116178
18 59 1.3838417744555629
18 60 1.0061529965593128
18 61 0.62454548547363409
18 62 0.26114061157211799
18 63 0
19 0 0
19 1 20.192938946666725
19 2 20.115201598078755
19 3 20.017092470945855
19 4 19.898628481893809
19 5 19.760384904257041
19 6 19.603482216612573
19 7 19.428696434862243
19 8 19.236691584284262
19 9 19.028298065357404
19 10 18.804242753021818
19 11 18.565394195288096
19 12 18.312490803726163
19 13 18.046410067212062
19 14 17.767884759238889
19 15 17.47778554869473
19 16 17.176826611155455
19 17 16.86585682701995
19 18 16.545560597229933
19 19 16.216752819233314
19 20 15.880079401154116
19 21 15.536311431790045
19 22 15.186049704136941
19 23 14.830013864301939
19 24 14.468754858361031
19 25 14.102935240439439
19 26 13.733053038254834
19 27 13.359709838458995
19 28 12.983349115554049
19 29 12.604509177948225
19 30 12.223578534157179
19 31 11.841031265935436
19 32 11.45720152423265
19 33 11.072499386169076
19 34 10.687206090231834
19 35 10.301668922521694
19 36 9.9161183244971127
19 37 9.5308408325173044
19 38 9.1460187294897075
19 39 8.7618805230292196
19 40 8.3785633709967957
19 41 7.9962410215232866
19 42 7.6150088268611595
19 43 7.2349894782278366
19 44 6.8562400366911884
19 45 6.4788361736249138
19 46 6.1028002944210433
19 47 5.7281653388139118
19 48 5.3549227549677862
19 49 4.983067221782675
19 50 4.6125629475248706
19 51 4.2433709436617963
19 52 3.8754318815484101
19 53 3.5086778604713809
19 54 3.1430298359051814
19 55 2.7783946153254351
19 56 2.4146726062922781
19 57 2.0517623073382012
19 58 1.6896461441124793
19 59 1.3281815618363582
19 60 0.96568578587085185
19 61 0.59947117461981569
19 62 0.25071007430526066
19 63 0
20 0 0
20 1 19.307975076862721
20 2 19.230603238984912
20 3 19.133725537715893
20 4 19.017556213560812
20 5 18.882551027404588
20 6 18.729813195372703
20 7 18.560082153333799
20 8 18.374020171131484
20 9 18.172389584712427
20 10 17.955931341979898
20 11 17.725430207382729
20 12 17.481650864040649
20 13 17.225371990704701
20 14 16.957364150738076
20 15 16.678386922395436
20 16 16.389202712749057
20 17 16.090539441379654
20 18 15.783139049251306
20 19 15.467687910169195
20 20 15.144897603352568
20 21 14.815405291639602
20 22 14.479884376753104
20 23 14.13891717455126
20 24 13.793132993961983
20 25 13.443055476152827
20 26 13.089265615873664
20 27 12.732226138790551
20 28 12.372466995036122
20 29 12.010389124554608
20 30 11.646469996599045
20 31 11.281049059274235
20 32 10.914550972502219
20 33 10.547254957419101
20 34 10.17953347077747
20 35 9.8116075653347128
20 36 9.4437988772647365
20 37 9.0762729834054223
20 38 8.7093027162590015
20 39 8.3430013614724139
20 40 7.9775954734631087
20 41 7.6131496005544088
20 42 7.2498469440867597
20 43 6.8877071331314683
20 44 6.5268732469908688
20 45 6.1673239903670636
20 46 5.8091657792620639
20 47 5.4523404948788023
20 48 5.0969215120700726
20 49 4.7428180402634563
20 50 4.3900741471358158
20 51 4.0385705270972174
20 52 3.6883257444507036
20 53 3.3391961910179435
20 54 2.9911789187702209
20 55 2.6441090535877105
20 56 2.2979617319165699
20 57 1.9525666096278635
20 58 1.6079754229631837
20 59 1.2639798584632103
20 60 0.9190410068230721
20 61 0.57053464555082734
20 62 0.23869426563550628
20 63 0
21 0 0
21 1 18.297889946380074
21 2 18.221315057683835
21 3 18.126209904558468
21 4 18.013032923048613
21 5 17.88211154770427
21 6 17.734501903050127
21 7 17.57094211839367
21 8 17.392029147282326
21 9 17.198524953496676
21 10 16.991088190724312
21 11 16.77051813625669
21 12 16.537480300272634
21 13 16.292779985653159
21 14 16.037074818953986
21 15 15.771162434079189
21 16 15.495681184445058
21 17 15.211407433289613
21 18 14.918950468524844
21 19 14.619054395051082
21 20 14.312291886443115
21 21 13.999365975385611
21 22 13.680807067653564
21 23 13.357270322553715
21 24 13.029239928294505
21 25 12.697318188492547
21 26 12.361940612620918
21 27 12.023653287892849
21 28 11.682841864243326
21 29 11.339994277913799
21 30 10.995446219976829
21 31 10.649626778227129
21 32 10.302822481451326
21 33 9.9554039294793011
21 34 9.607610011534673
21 35 9.2597540912394489
21 36 8.9120295147578457
21 37 8.5646944000252123
21 38 8.2178990862160166
21 39 7.8718490375672472
21 40 7.5266544459367895
21 41 7.1824711937057266
21 42 6.8393724105744251
21 43 6.4974678428534141
21 44 6.1567967876506664
21 45 5.817426584367329
21 46 5.4793660063518699
21 47 5.1426439227399241
21 48 4.8072419207504762
21 49 4.4731544815705977
21 50 4.1403393353529223
21 51 3.8087607496605469
21 52 3.4783558903999263
21 53 3.1490631157718787
21 54 2.8208024093555695
21 55 2.4934894697685959
21 56 2.1670262295526861
21 57 1.8413211868705051
21 58 1.5163510535183902
21 59 1.1919860740551231
21 60 0.86669968517127915
21 61 0.53808749994940452
21 62 0.22517691730880199
21 63 0
22 0 0
22 1 17.173082939572051
22 2 17.097665193212368
22 3 17.00482831183821
22 4 16.895293552930212
22 5 16.76922806443639
22 6 16.627666296395518
22 7 16.471285733557526
22 8 16.300683622200072
22 9 16.116526749627329
22 10 15.919489596584366
22 11 15.710260471387345
22 12 15.489532621578505
22 13 15.257985634676315
22 14 15.016316227794306
22 15 14.765184844731026
22 16 14.505279229907662
22 17 14.237229912569905
22 18 13.961704753159852
22 19 13.679296026270949
22 20 13.390642979556942
22 21 13.096293241878531
22 22 12.796850589134461
22 23 12.49281339093945
22 24 12.18474480083025
22 25 11.873090891553696
22 26 11.558370564266987
22 27 11.240975932340698
22 28 10.921379350524401
22 29 10.599918490128598
22 30 10.27701802232767
22 31 9.9529616879401921
22 32 9.6281263245062547
22 33 9.3027430754313105
22 34 8.9771416238837105
22 35 8.651502512667804
22 36 8.3261096350894004
22 37 8.0010954523985767
22 38 7.6766999884531817
22 39 7.3530105396478289
22 40 7.0302256225250055
22 41 6.7083905753906272
22 42 6.3876651122343882
22 43 6.0680560191691342
22 44 5.7496871705971655
22 45 5.4325303304737149
22 46 5.1166766842915123
22 47 4.8020665680107415
22 48 4.4887617591296598
22 49 4.1766747780193061
22 50 3.8658413596823875
22 51 3.5561498018540059
22 52 3.2476132100963526
22 53 2.9400992824896188
22 54 2.6336020638876492
22 55 2.327971200181647
22 56 2.0231813041511852
22 57 1.7190779868264308
22 58 1.4157040927929652
22 59 1.112870658659346
22 60 0.80921072024791474
22 61 0.50241870151766421
22 62 0.21033908686999625
22 63 0
23 0 0
23 1 15.943727948451199
23 2 15.869853984702363
23 3 15.779774604616545
23 4 15.674490901885104
23 5 15.554028980152657
23 6 15.419345933133224
23 7 15.271121617498496
23 8 15.109863239457303
23 9 14.936238651170473
23 10 14.750814815898515
23 11 14.554295934647344
23 12 14.347250879813295
23 13 14.130387046967259
23 14 13.90426359781179
23 15 13.669580080730539
23 16 13.426876569326684
23 17 13.176832971051319
23 18 12.919962227982079
23 19 12.656915170805696
23 20 12.38817150155656
23 21 12.114345427495227
23 22 11.835878916681851
23 23 11.553343760327673
23 24 11.267141144781249
23 25 10.977796235773765
23 26 10.685667646508433
23 27 10.391231117429342
23 28 10.094801970570533
23 29 9.7968049587595427
23 30 9.4975122942579482
23 31 9.1972972508491342
23 32 8.8963898501843293
23 33 8.5951123086316947
23 34 8.2936539669580061
23 35 7.9922871719736985
23 36 7.6911625523922922
23 37 7.3905044053101907
23 38 7.0904269601815368
23 39 6.7911087955111249
23 40 6.4926302994251319
23 41 6.195127067514826
23 42 5.8986483666893408
23 43 5.6032898571431717
23 44 5.3090724989785087
23 45 5.016055297334721
23 46 4.7242337603762916
23 47 4.4336336854407552
23 48 4.1442279830949387
23 49 3.8560128037242256
23 50 3.5689412845939965
23 51 3.2829835574494481
23 52 2.9980757590159191
23 53 2.7141657337050025
23 54 2.4311754538417363
23 55 2.1490332641115968
23 56 1.8676460678613185
23 57 1.5869362856116056
23 58 1.3068765898052075
23 59 1.0273547562600058
23 60 0.74703852549986571
23 61 0.46386623638357782
23 62 0.19426289347214254
23 63 0
24 0 0
24 1 14.620265412768257
24 2 14.548263420764991
24 3 14.4613713129975
24 4 14.360908680692717
24 5 14.246707039705203
24 6 14.119697453315304
24 7 13.980478315580717
24 8 13.829558744783405
24 9 13.667488183031431
24 10 13.494850741073796
24 11 13.312216427104376
24 12 13.120182933050833
24 13 12.919309049462935
24 14 12.71019397921412
24 15 12.493377966953286
24 16 12.26945131885422
24 17 12.038927123499956
24 18 11.8023776418895
24 19 11.560282299668955
24 20 11.313188023076695
24 21 11.06153566394779
24 22 10.805841104610739
24 23 10.546503167720427
24 24 10.284002428517441
24 25 10.01869350776731
24 26 9.7510186971054722
24 27 9.4812873547083196
24 28 9.2099016419770372
24 29 8.9371255406285677
24 30 8.663320212649305
24 31 8.3887049400812739
24 32 8.1135998490845171
24 33 7.8381808448448025
24 34 7.5627276794102247
24 35 7.2873747185990698
24 36 7.0123625771457645
24 37 6.7377863165594816
24 38 6.4638491156366573
24 39 6.1906092617968618
24 40 5.9182345662972979
24 41 5.646749280098704
24 42 5.376288197736228
24 43 5.1068444052575694
24 44 4.8385222417222229
24 45 4.5712865738038433
24 46 4.3052139967908944
24 47 4.0402441302573617
24 48 3.7764286391613977
24 49 3.5136848596404433
24 50 3.2520424030556123
24 51 2.9913992483800627
24 52 2.7317658620767071
24 53 2.4730238019269413
24 54 2.2151674259538345
24 55 1.95806385968638
24 56 1.7016910019075879
24 57 1.4459134714079649
24 58 1.1907674571297882
24 59 0.93608710120060601
24 60 0.68071268941817187
24 61 0.42271034153094594
24 62 0.17712254120406476
24 63 0
25 0 0
25 1 13.212939796045907
25 2 13.143146334610162
25 3 13.059870943898
25 4 12.964741297997801
25 5 12.857438236119984
25 6 12.73878969647455
25 7 12.609399251816424
25 8 12.469665340865481
25 9 12.320139544310864
25 10 12.161277423884929
25 11 11.993665886147841
25 12 11.817757316311571
25 13 11.634139166255196
25 14 11.443252714654337
25 15 11.245678060412734
25 16 11.041838375089304
25 17 10.832296790375597
25 18 10.617452374520509
25 19 10.397843694252629
25 20 10.173841263874237
25 21 9.9459530134364815
25 22 9.7145177177719564
25 23 9.4800080243366605
25 24 9.2427289115850453
25 25 9.0031143854900879
25 26 8.7614345442054695
25 27 8.5180825395267217
25 28 8.2732933295123061
25 29 8.0274180051868935
25 30 7.780656807956241
25 31 7.5333184317391213
25 32 7.2855693777795603
25 33 7.0376763478740738
25 34 6.7897735147869129
25 35 6.5420866143997634
25 36 6.2947192332944848
25 37 6.0478576789649621
25 38 5.8015769337937186
25 39 5.5560258268589182
25 40 5.3112528806302626
25 41 5.0673717207530729
25 42 4.8244066520799134
25 43 4.5824386208860588
25 44 4.3414700027748339
25 45 4.1015517731442932
25 46 3.8626666722878311
25 47 3.6248385438053621
25 48 3.3880327620930455
25 49 3.1522489652168124
25 50 2.9174373857388352
25 51 2.6835764319346751
25 52 2.4506033583482099
25 53 2.2184784008179279
25 54 1.9871280409438217
25 55 1.7564965928112037
25 56 1.5264988286248111
25 57 1.2970745385277884
25 58 1.068193787467425
25 59 0.8397660044386428
25 60 0.61068434394383653
25 61 0.37927798800497442
25 62 0.1589989804666449
25 63 0
26 0 0
26 1 11.732225291587438
26 2 11.6649291237933
26 3 11.585628603087548
26 4 11.49631249189189
26 5 11.396440598903499
26 6 11.286810830196343
26 7 11.167928233450226
26 8 11.0401944087545
26 9 10.904023751402779
26 10 10.759889919010691
26 11 10.608226896168624
26 12 10.449516653389285
26 13 10.284179648802516
26 14 10.112697869357666
26 15 9.9354744096216496
26 16 9.7529832609121812
26 17 9.5656040026471896
26 18 9.3737955411035667
26 19 9.1779094914230317
26 20 8.9783840425434338
26 21 8.7755395728947772
26 22 8.569789145597932
26 23 8.3614197053918584
26 24 8.1508159054012275
26 25 7.9382299994300922
26 26 7.7240159483403463
26 27 7.5083908651108366
26 28 7.2916766172899612
26 29 7.0740554071563064
26 30 6.8558163712339093
26 31 6.6371075916475384
26 32 6.4181854872557036
26 33 6.1991652610090373
26 34 5.980271173716635
26 35 5.76158714139377
26 36 5.5433062766225261
26 37 5.3254830642843176
26 38 5.1082808422803323
26 39 4.8917267077224711
26 40 4.675955884586573
26 41 4.4609702487030516
26 42 4.246878791602585
26 43 4.0336604041524291
26 44 3.8213998909847775
26 45 3.6100554213916292
26 46 3.399689775465879
26 47 3.1902426583646979
26 48 2.9817570663948958
26 49 2.7741564682029054
26 50 2.5674663651946181
26 51 2.3615961679814181
26 52 2.156556194966452
26 53 1.9522439716459972
26 54 1.7486570491861075
26 55 1.5456824457304539
26 56 1.3433046070490213
26 57 1.1414096288067395
26 58 0.94002903489333078
26 59 0.7390231149066846
26 60 0.5374677658439091
26 61 0.33384258524727778
26 62 0.14006092977705092
26 63 0
27 0 0
27 1 10.188423457781781
27 2 10.123906893097283
27 3 10.04894396815623
27 4 9.9658499411308501
27 5 9.8739281505566368
27 6 9.7738528823173869
27 7 9.6661362704145901
27 8 9.5510532115884388
27 9 9.4290210143615383
27 10 9.3003684466855141
27 11 9.1655470823424956
27 12 9.0248773850822577
27 13 8.8788090580987156
27 14 8.7276504557478205
27 15 8.5718450362731264
27 16 8.4116846998518238
27 17 8.2475995194032272
27 18 8.0798612184506613
27 19 7.9088809483334321
27 20 7.7349076252835323
27 21 7.5583290416463962
27 22 7.3793695370932983
27 23 7.1983901484517201
27 24 7.0155896334190659
27 25 6.8312998185731351
27 26 6.6456935241426942
27 27 6.4590717529816786
27 28 6.2715815745499111
27 29 6.0834922950292807
27 30 5.8949258608601696
27 31 5.7061196509073637
27 32 5.5171714647491328
27 33 5.3282870718945468
27 34 5.1395413665464869
27 35 4.9511092877669309
27 36 4.7630442582526351
27 37 4.5754915459288297
27 38 4.3884846655680034
27 39 4.2021406809326036
27 40 4.0164748395847845
27 41 3.8315777112177476
27 42 3.6474479510948532
27 43 3.464151531812794
27 44 3.281672191532035
27 45 3.1000533415718001
27 46 2.9192654528240127
27 47 2.7393315098625668
27 48 2.5602103225834942
27 49 2.3819066496559445
27 50 2.2043691911199379
27 51 2.0275867182577132
27 52 1.851499309182485
27 53 1.6760820518296606
27 54 1.5012679127306536
27 55 1.3270199523492732
27 56 1.1532630640650425
27 57 0.97995727088762763
27 58 0.80707112503306366
27 59 0.63453911470676028
27 60 0.46150392373092003
27 61 0.28672258925319422
27 62 0.12038852568659296
27 63 0
28 0 0
28 1 8.5920345564575413
28 2 8.530540343787095
28 3 8.4601971187358487
28 4 8.3837080838724116
28 5 8.300138081075854
28 6 8.2101279655721378
28 7 8.1140784516663071
28 8 8.0122685251645294
28 9 7.9049644586237839
28 10 7.7925137429118596
28 11 7.6752012220262289
28 12 7.5533774490049908
28 13 7.4273116314800118
28 14 7.2973532691933514
28 15 7.1637558656786293
28 16 7.0268625243193554
28 17 6.8869075678688558
28 18 6.7442228961397026
28 19 6.5990214194609011
28 20 6.4516200210176153
28 21 6.3022086748194033
28 22 6.1510862492328906
28 23 5.9984189102268983
28 24 5.8444852697214351
28 25 5.6894273739680461
28 26 5.5335020146439602
28 27 5.376827278835294
28 28 5.2196371739445917
28 29 5.0620263771263927
28 30 4.9042056701863208
28 31 4.7462471807335556
28 32 4.588338472325229
28 33 4.4305302241492814
28 34 4.2729871678487079
28 35 4.1157398134150407
28 36 3.9589307615461777
28 37 3.8025717558087804
28 38 3.6467842231884275
28 39 3.4915626206810355
28 40 3.3370083630395948
28 41 3.1831001390378013
28 42 3.0299206713945885
28 43 2.8774344064029673
28 44 2.7257068145747754
28 45 2.5746896087358331
28 46 2.4244325337872401
28 47 2.274876043618808
28 48 2.1260557439350918
28 49 1.9779022579583825
28 50 1.8304386770440115
28 51 1.6835871661810398
28 52 1.5373599470790942
28 53 1.391672082252629
28 54 1.246526652147959
28 55 1.1018323473530709
28 56 0.95758277644821466
28 57 0.81368731651910997
28 58 0.67017447931466834
28 59 0.52693295133230689
28 60 0.38329563630767544
28 61 0.23818635765619506
28 62 0.10014634883419883
28 63 0
29 0 0
29 1 6.9534027035873649
29 2 6.8951559525873733
29 3 6.8297226017205466
29 4 6.7601390441529681
29 5 6.6853122725486225
29 6 6.6057449104223451
29 7 6.5218457477715708
29 8 6.4337560700173659
29 9 6.3417455888468277
29 10 6.246005640455353
29 11 6.1468390803473865
29 12 6.0444238395468268
29 13 5.9390587322077035
29 14 5.8309088901453183
29 15 5.7202684950284963
29 16 5.6072883772579285
29 17 5.4922536309399472
29 18 5.3752994870405937
29 19 5.2566986351859546
29 20 5.1365700017405773
29 21 5.0151711796313228
29 22 4.8926045054345515
29 23 4.7691103975655995
29 24 4.6447746842193727
29 25 4.5198190921199846
29 26 4.3943133222077524
29 27 4.2684593983740013
29 28 4.1423115136507267
29 29 4.0160514280760333
29 30 3.8897186276739042
29 31 3.763474442263198
29 32 3.6373445825122155
29 33 3.5114701225858105
29 34 3.3858640157043292
29 35 3.2606475449048054
29 36 3.1358219720991052
29 37 3.0114894962304266
29 38 2.8876407706406382
29 39 2.7643598163219312
29 40 2.6416277518818698
29 41 2.5195114866203934
29 42 2.3979836495733653
29 43 2.277095230316502
29 44 2.1568113702793261
29 45 2.0371684272189756
29 46 1.9181250039039011
29 47 1.7997041848792963
29 48 1.6818589244922897
29 49 1.5646004427382429
29 50 1.4478768750684239
29 51 1.3316890165204014
29 52 1.2159809512954851
29 53 1.1007445428505447
29 54 0.98592059775978957
29 55 0.87149306780663527
29 56 0.75739850427529987
29 57 0.64361936229775063
29 58 0.53012337272882915
29 59 0.41687269555883683
29 60 0.30327665661814829
29 61 0.1885462491641324
29 62 0.079414007506431641
29 63 0
30 0 0
30 1 5.2830462655252735
30 2 5.2282381221978538
30 3 5.1679175882241948
30 4 5.1055181987008078
30 5 5.039700768141671
30 6 4.9709318830561946
30 7 4.8995004922285439
30 8 4.8255526116653735
30 9 4.7491983329656584
30 10 4.6706480584348196
30 11 4.5900293385102833
30 12 4.5075504757768536
30 13 4.4233214537746379
30 14 4.3375487958072672
30 15 4.250328771489559
30 16 4.1618636307653603
30 17 4.0722352579691004
30 18 3.9816392511365328
30 19 3.8901431881549811
30 20 3.7979341262113659
30 21 3.7050656234846455
30 22 3.611714677905022
30 23 3.5179213167848098
30 24 3.4238513180635048
30 25 3.3295318248536643
30 26 3.2351165615560937
30 27 3.1406205524180217
30 28 3.0461849309838493
30 29 2.9518134507139773
30 30 2.8576343812612457
30 31 2.7636411041505444
30 32 2.6699489845843178
30 33 2.5765419540476575
30 34 2.4835226342936667
30 35 2.3908664283189909
30 36 2.298663547577986
30 37 2.2068817686689735
30 38 2.1155993706042078
30 39 2.0247773711823061
30 40 1.9344827143923766
30 41 1.8446704811185985
30 42 1.7553969746814317
30 43 1.6666121074735183
30 44 1.5783623134466265
30 45 1.4905930468195041
30 46 1.4033417030950424
30 47 1.3165499285934235
30 48 1.2302469562025387
30 49 1.1443712151902341
30 50 1.0589446845213379
30 51 0.97390310814708381
30 52 0.88926214083165656
30 53 0.80495534783723854
30 54 0.72099305577196271
30 55 0.63730671495141311
30 56 0.55390099800780623
30 57 0.47070964843812574
30 58 0.38775941570456474
30 59 0.30496878656459842
30 60 0.22194208451304659
30 61 0.13806725058440661
30 62 0.058353275464183396
30 63 0
31 0 0
31 1 3.591336606915176
31 2 3.5401333153116554
31 3 3.4851386094963392
31 4 3.430112949302706
31 5 3.3735627064584333
31 6 3.3158079310632873
31 7 3.2571457081957371
31 8 3.1975786631616527
31 9 3.1372206378801719
31 10 3.0761199522431957
31 11 3.0144223535647519
31 12 2.9521577307878872
31 13 2.8894658450920283
31 14 2.8263632995901538
31 15 2.7629871919543669
31 16 2.6993422701852814
31 17 2.6355613233189508
31 18 2.5716384431653623
31 19 2.507701103139155
31 20 2.4437340074043412
31 21 2.3798584294279905
31 22 2.3160509133851885
31 23 2.2524258114863818
31 24 2.1889526882923449
31 25 2.1257384113873079
31 26 2.0627466820082025
31 27 2.0000764724042996
31 28 1.9376866602125995
31 29 1.8756680564807009
31 30 1.813975668775579
31 31 1.7526920163224349
31 32 1.6917690972724018
31 33 1.6312811327791779
31 34 1.5711778754284416
31 35 1.5115253547443823
31 36 1.4522717433762464
31 37 1.3934750862807828
31 38 1.3350825443750918
31 39 1.277144473637154
31 40 1.2196074967203014
31 41 1.1625146529360182
31 42 1.1058124096542965
31 43 1.0495369273022566
31 44 0.99363481594392
31 45 0.93813584987531817
31 46 0.88298700124475993
31 47 0.82821219632604015
31 48 0.77375891722048307
31 49 0.71964581721756538
31 50 0.66582097235582949
31 51 0.61229836554681527
31 52 0.55902669260664239
31 53 0.50601591361639675
31 54 0.45321536070760832
31 55 0.40063133042232135
31 56 0.34821280832755808
31 57 0.29596616211451454
31 58 0.24385854736658713
31 59 0.19188156191995656
31 60 0.13972127995194131
31 61 0.087057979467762184
31 62 0.037043468574872923
31 63 0
32 0 0
32 1 1.8888020544359883
32 2 1.841338704344947
32 3 1.7917918664949453
32 4 1.7443095657295105
32 5 1.6971545653634044
32 6 1.6506091854012188
32 7 1.604846912185746
32 8 1.5598754773833325
32 9 1.5156459935606785
32 10 1.4722259288366342
32 11 1.4295825719057724
32 12 1.3877762679415286
32 13 1.3467549481099157
32 14 1.3065766854467611
32 15 1.2671778465989196
32 16 1.2286146701704737
32 17 1.1908141342426548
32 18 1.1538307607872416
32 19 1.1175845538412927
32 20 1.0821284013256949
32 21 1.0473774449606872
32 22 1.0133829303774364
32 23 0.98005699144668335
32 24 0.94744916693535475
32 25 0.91547018544633085
32 26 0.8841677778965602
32 27 0.85345262947882561
32 28 0.8233705441639928
32 29 0.79383329806501512
32 30 0.76488464624419827
32 31 0.7364383774434663
32 32 0.70853608537599932
32 33 0.68109429658589515
32 34 0.6541523501814912
32 35 0.62763005594349031
32 36 0.60156443146093108
32 37 0.57587895252681665
32 38 0.55060827954313984
32 39 0.52567979142441801
32 40 0.50112578990781498
32 41 0.4768776650522118
32 42 0.45296539391604396
32 43 0.42932437254587374
32 44 0.40598232266987638
32 45 0.38287854301022217
32 46 0.36003860347467126
32 47 0.33740551796378743
32 48 0.3150028401790968
32 49 0.29277704053474202
32 50 0.27074982175114815
32 51 0.24887079110802213
32 52 0.22715999020666011
32 53 0.205569810929216
32 54 0.1841188741765597
32 55 0.16276175006269131
32 56 0.14151531684099566
32 57 0.12033801814097572
32 58 0.099255646080124993
32 59 0.078217013844029959
32 60 0.057105282975795542
32 61 0.035781667885826207
32 62 0.015644872444761832
32 63 0
33 0 0
33 1 0.1858254386969293
33 2 0.14220905751890195
33 3 0.09824263678295761
33 4 0.05838135727981366
33 5 0.020741879453205915
33 6 -0.014541787605109612
33 7 -0.047288891185386255
33 8 -0.077635332266697124
33 9 -0.1056261353688491
33 10 -0.13135637262683961
33 11 -0.15484059447480567
33 12 -0.17619721754098105
33 13 -0.19544853664778614
33 14 -0.2127266638985964
33 15 -0.22805440439225752
33 16 -0.24157321024873921
33 17 -0.25330519624610137
33 18 -0.26339746559054655
33 19 -0.27187011721544846
33 20 -0.2788726722876545
33 21 -0.28442227545031673
33 22 -0.28866813497941585
33 23 -0.29162379845484215
33 24 -0.29343589165995415
33 25 -0.29411397351368646
33 26 -0.29380024521689224
33 27 -0.29250009165929347
33 28 -0.29034983799852787
33 29 -0.28735067474643372
33 30 -0.28363195253092921
33 31 -0.27919077496461869
33 32 -0.27414873504572529
33 33 -0.26849905193555068
33 34 -0.26235505658052521
33 35 -0.25570635267972397
33 36 -0.2486577481942423
33 37 -0.24119554283221414
33 38 -0.23341597095427577
33 39 -0.22530236236146631
33 40 -0.21694250673323046
33 41 -0.20831710470816975
33 42 -0.19950578159340299
33 43 -0.19048694390991378
33 44 -0.18133245893198097
33 45 -0.17201875926967058
33 46 -0.16261046402051263
33 47 -0.15308233098116292
33 48 -0.14349232476384952
33 49 -0.13381380237619872
33 50 -0.12409873431335354
33 51 -0.11431932523924268
33 52 -0.10452226601778497
33 53 -0.094678820187588372
33 54 -0.084831138325604794
33 55 -0.07494985250416529
33 56 -0.065073548660841918
33 57 -0.055171217105745629
33 58 -0.04527649679085545
33 59 -0.035367463740064012
33 60 -0.025478195289529784
33 61 -0.015454490949428357
33 62 -0.0057632839008912827
33 63 0
34 0 0
34 1 -1.507063182742183
34 2 -1.5467567766473655
34 3 -1.5851019924988874
34 4 -1.6172846939595789
34 5 -1.6454189019557866
34 6 -1.669409069090827
34 7 -1.6891970629115254
34 8 -1.7049135637454198
34 9 -1.7167638897869215
34 10 -1.7248241368739565
34 11 -1.729284982559703
34 12 -1.7302344928670563
34 13 -1.7278844012554941
34 14 -1.7223254320935222
34 15 -1.7137787559364457
34 16 -1.7023344019513718
34 17 -1.6882180018071633
34 18 -1.6715162872180771
34 19 -1.6524546435510385
34 20 -1.6311144609984867
34 21 -1.6077169750307889
34 22 -1.582336740417017
34 23 -1.5551876471803963
34 24 -1.5263363896689544
34 25 -1.4959869706763904
34 26 -1.4641975980841673
34 27 -1.4311604388310102
34 28 -1.3969249199960732
34 29 -1.3616699557906429
34 30 -1.3254361676734949
34 31 -1.2883882711555961
34 32 -1.2505582703617451
34 33 -1.2120961480438028
34 34 -1.1730256422537735
34 35 -1.1334818247339842
34 36 -1.0934806380400814
34 37 -1.0531423680015115
34 38 -1.0124757143358607
34 39 -0.97158655713336706
34 40 -0.93047695697945454
34 41 -0.88923897974658916
34 42 -0.84786867644105546
34 43 -0.80644506258822179
34 44 -0.76495881519348985
34 45 -0.72347680142832249
34 46 -0.68198495093998768
34 47 -0.64053899315038454
34 48 -0.59912071742976569
34 49 -0.55777580951738326
34 50 -0.51648249893520293
34 51 -0.47527758539046794
34 52 -0.43413629042020069
34 53 -0.39308772642062956
34 54 -0.35210462386106639
34 55 -0.31120967143463746
34 56 -0.27037342595484248
34 57 -0.22961317144208798
34 58 -0.1889037336642225
34 59 -0.1482663346702445
34 60 -0.10753855937512449
34 61 -0.066387437951661077
34 62 -0.027020891541223172
34 63 0
35 0 0
35 1 -3.1794854665496151
35 2 -3.2152075068199908
35 3 -3.2478813558074924
35 4 -3.2724188056118333
35 5 -3.2910667905984501
35 6 -3.3038733017675916
35 7 -3.3107747336975972
35 8 -3.3120401932004819
35 9 -3.3078712241736898
35 10 -3.2985014498926395
35 11 -3.2841036454475847
35 12 -3.2649395446728007
35 13 -3.2411912866322825
35 14 -3.2131347614093539
35 15 -3.1809504620107485
35 16 -3.1449212612299746
35 17 -3.105222013166836
35 18 -3.0621364806383666
35 19 -3.0158302662103376
35 20 -2.9665828913226298
35 21 -2.9145479783766137
35 22 -2.8599966211997194
35 23 -2.8030684771965095
35 24 -2.7440228851092296
35 25 -2.6829842039136134
35 26 -2.6201974663684151
35 27 -2.5557709574364957
35 28 -2.4899335454422786
35 29 -2.4227771348407257
35 30 -2.3545131806631265
35 31 -2.2852172867972067
35 32 -2.2150827758431992
35 33 -2.1441693420687433
35 34 -2.0726519107351806
35 35 -2.0005749008976261
35 36 -1.9280949596933104
35 37 -1.8552420494720323
35 38 -1.7821549785394084
35 39 -1.7088502039863602
35 40 -1.6354493970770487
35 41 -1.5619565508527753
35 42 -1.4884771128754464
35 43 -1.4150037075334427
35 44 -1.3416266392313509
35 45 -1.2683282848030357
35 46 -1.1951850153228079
35 47 -1.1221700849055918
35 48 -1.0493472386099603
35 49 -0.97668172016388599
35 50 -0.9042260270656417
35 51 -0.83193848215148225
35 52 -0.7598617657373038
35 53 -0.68794834049473241
35 54 -0.61623254206592071
35 55 -0.54466194372129639
35 56 -0.47326349090279068
35 57 -0.40198156449434053
35 58 -0.33085128229871147
35 59 -0.25982039474728502
35 60 -0.18864703287714327
35 61 -0.11670910344303496
35 62 -0.04804861362160117
35 63 0
36 0 0
36 1 -4.8209178462098592
36 2 -4.852653696591263
36 3 -4.8796956105937683
36 4 -4.8966434513171677
36 5 -4.9059518104442521
36 6 -4.9077069371272728
36 7 -4.901962180109896
36 8 -4.8889815850190343
36 9 -4.8691190786441787
36 10 -4.8425897429555009
36 11 -4.8097347273346864
36 12 -4.7707857206941675
36 13 -4.7261065780148765
36 14 -4.6759320539150808
36 15 -4.6206335101599159
36 16 -4.5604426117999122
36 17 -4.4957305870408888
36 18 -4.4267210156706485
36 19 -4.3537781022845978
36 20 -4.2771134029607873
36 21 -4.1970784836354458
36 22 -4.1138699268076717
36 23 -4.0278221773820864
36 24 -3.9391147579492189
36 25 -3.8480615427646963
36 26 -3.7548236546669114
36 27 -3.6596918736804387
36 28 -3.5628082161179249
36 29 -3.4644386638884894
36 30 -3.3647059464870566
36 31 -3.2638502598442258
36 32 -3.1619752946923794
36 33 -3.0592950901688325
36 34 -2.9558948860750496
36 35 -2.8519627182253182
36 36 -2.7475662246802308
36 37 -2.6428680302030698
36 38 -2.5379192135687139
36 39 -2.4328579420577663
36 40 -2.3277199129504313
36 41 -2.2226200817617268
36 42 -2.1175800292254081
36 43 -2.0126929762768326
36 44 -1.9079677001812037
36 45 -1.8034773436274196
36 46 -1.6992192110123203
36 47 -1.5952481580275999
36 48 -1.4915513413503514
36 49 -1.3881672191198131
36 50 -1.2850741034981799
36 51 -1.1822960134554579
36 52 -1.0798036891501952
36 53 -0.97760872101962393
36 54 -0.87567553167321288
36 55 -0.77400517481947073
36 56 -0.67255606625367059
36 57 -0.57132239645741634
36 58 -0.47027973548161073
36 59 -0.36942058106126735
36 60 -0.26830985608765229
36 61 -0.16615502305647142
36 62 -0.068685208359953898
36 63 0
37 0 0
37 1 -6.4210022844659331
37 2 -6.4487592233961522
37 3 -6.470201948586932
37 4 -6.4797017364705685
37 5 -6.4798283683176665
37 6 -6.4708005019399719
37 7 -6.4526687141589889
37 8 -6.4258249648615759
37 9 -6.3906197176675574
37 10 -6.3474152294683286
37 11 -6.2965352455988395
37 12 -6.2383747089120538
37 13 -6.1732682536565129
37 14 -6.1016256062578922
37 15 -6.0237777696846138
37 16 -5.9401394652777775
37 17 -5.8510314210339791
37 18 -5.7568650209808379
37 19 -5.6579449310032386
37 20 -5.554672291101272
37 21 -5.4473312660093063
37 22 -5.3363071962372555
37 23 -5.221860470243894
37 24 -5.1043562974338741
37 25 -4.984029042620338
37 26 -4.8612205502200982
37 27 -4.7361378036813937
37 28 -4.6090970193758354
37 29 -4.4802771988248846
37 30 -4.3499675143562238
37 31 -4.2183190175477785
37 32 -4.0855931496132847
37 33 -3.9519135618591719
37 34 -3.8175138956555119
37 35 -3.682491365491424
37 36 -3.5470522607767814
37 37 -3.4112686441214728
37 38 -3.2753203254375687
37 39 -3.13925574139909
37 40 -3.0032294375419166
37 41 -2.8672679227541615
37 42 -2.7315019642575127
37 43 -2.5959379559729805
37 44 -2.4606845821013503
37 45 -2.3257300021868108
37 46 -2.1911626698334694
37 47 -2.0569544215615116
37 48 -1.9231754468959652
37 49 -1.7897831733337926
37 50 -1.656831571940264
37 51 -1.5242655578701252
37 52 -1.3921249828274058
37 53 -1.2603441285089825
37 54 -1.1289508887313213
37 55 -0.99787051962374773
37 56 -0.8671198748636052
37 57 -0.73661951080152999
37 58 -0.60640715305312631
37 59 -0.47640110724190926
37 60 -0.34609445495151692
37 61 -0.21441394223821622
37 62 -0.088851028011098995
37 63 0
38 0 0
38 1 -7.9692298280750533
38 2 -7.993054978990588
38 3 -8.0090157953718855
38 4 -8.0112355984800505
38 5 -8.0024593249724987
38 6 -7.9829428515119538
38 7 -7.9528435226517136
38 8 -7.9125486986537839
38 9 -7.862548047999633
38 10 -7.8031860090296199
38 11 -7.7349417164436733
38 12 -7.6581806004318951
38 13 -7.5734061298456146
38 14 -7.4809873437062109
38 15 -7.3814336379996037
38 16 -7.2751089131663074
38 17 -7.1625184091109793
38 18 -7.0440136669485929
38 19 -6.9200868742143031
38 20 -6.7910715033670872
38 21 -6.6574394906350971
38 22 -6.5195019184477401
38 23 -6.3777047873457731
38 24 -6.2323336927829649
38 25 -6.083804389780509
38 26 -5.9323749554426337
38 27 -5.7784278167768797
38 28 -5.6221924122139226
38 29 -5.464015839767371
38 30 -5.3040985436649875
38 31 -5.1427512321157129
38 32 -4.9801456288638706
38 33 -4.8165557974742574
38 34 -4.6521255210092836
38 35 -4.4870926444000307
38 36 -4.321574186080074
38 37 -4.1557727645002407
38 38 -3.9897801096610594
38 39 -3.8237650683604612
38 40 -3.657795776036004
38 41 -3.4920091335080929
38 42 -3.3264515239279895
38 43 -3.161230018525258
38 44 -2.9963711820695922
38 45 -2.831954594612228
38 46 -2.6679889828806349
38 47 -2.5045289385066916
38 48 -2.3415673423352725
38 49 -2.1791364172415233
38 50 -2.0172151766784276
38 51 -1.8558161731825709
38 52 -1.6949065021903738
38 53 -1.5344818119593822
38 54 -1.3744992306519119
38 55 -1.214939976988461
38 56 -1.0557515121889769
38 57 -0.89690683157650386
38 58 -0.73838282184771686
38 59 -0.58014534661640837
38 60 -0.42150026575782695
38 61 -0.26121838574010631
38 62 -0.10838238496241423
38 63 0
39 0 0
39 1 -9.4552781272787829
39 2 -9.4752314190311164
39 3 -9.4858250999783333
39 4 -9.4810101800039188
39 5 -9.4636250626602401
39 6 -9.4340409361813009
39 7 -9.3924159574734851
39 8 -9.3392498627179243
39 9 -9.2750294299666116
39 10 -9.2002308397345853
39 11 -9.1153165946262362
39 12 -9.0207998856571923
39 13 -8.9171555629798895
39 14 -8.804912483972009
39 15 -8.684540205311496
39 16 -8.5565711419234596
39 17 -8.4214604888116824
39 18 -8.2797338862107868
39 19 -8.1318243839812077
39 20 -7.9782423443496029
39 21 -7.8193926493053239
39 22 -7.6557635834018445
39 23 -7.4877273776918312
39 24 -7.3157449810890185
39 25 -7.1401528567488217
39 26 -6.961380738315178
39 27 -6.7797273938036993
39 28 -6.5955886771578767
39 29 -6.4092247534381199
39 30 -6.2209959892440088
39 31 -6.0311238972156778
39 32 -5.8399326552112374
39 33 -5.6476057830170667
39 34 -5.4544313342489952
39 35 -5.2605560685645969
39 36 -5.0662326171457552
39 37 -4.8715726639606727
39 38 -4.676794641001071
39 39 -4.4819771860991606
39 40 -4.2873061740033078
39 41 -4.0928294792712787
39 42 -3.8987023904759153
39 43 -3.7049444776427105
39 44 -3.511682666601065
39 45 -3.3189107937189415
39 46 -3.1267298333579898
39 47 -2.9351105202913632
39 48 -2.7441304234914852
39 49 -2.553739830099119
39 50 -2.363995541723428
39 51 -2.1748300444989885
39 52 -1.9862820709882423
39 53 -1.7982689501004347
39 54 -1.6108141301529291
39 55 -1.4238219877211185
39 56 -1.2373015504577898
39 57 -1.0511510564211413
39 58 -0.8654123712468399
39 59 -0.67997608785934838
39 60 -0.49408811816184212
39 61 -0.30625157481338883
39 62 -0.12719908984688269
39 63 0
40 0 0
40 1 -10.868660771425336
40 2 -10.884850341364759
40 3 -10.890268376891513
40 4 -10.878696583107178
40 5 -10.853107496448139
40 6 -10.813907816606724
40 7 -10.761348043097637
40 8 -10.695924119237322
40 9 -10.618243923187615
40 10 -10.528766866792552
40 11 -10.428092935492499
40 12 -10.316706608843878
40 13 -10.19523381451665
40 14 -10.06416340758523
40 15 -9.9241261315203015
40 16 -9.7756041776017533
40 17 -9.6192208820323675
40 18 -9.4554425692571389
40 19 -9.2848745060361537
40 20 -9.1079598485462512
40 21 -8.9252771857764888
40 22 -8.7372409359756951
40 23 -8.5443962407377612
40 24 -8.3471247477321633
40 25 -8.1459330476588949
40 26 -7.9411673286812645
40 27 -7.7332920130969587
40 28 -7.5226162958145153
40 29 -7.3095601212159469
40 30 -7.0943951331116786
40 31 -6.8774956243434886
40 32 -6.659095938826975
40 33 -6.439524517071967
40 34 -6.2189793110516396
40 35 -5.9977435292553087
40 36 -5.775980159965715
40 37 -5.5539284822016963
40 38 -5.3317183490861213
40 39 -5.109546969891972
40 40 -4.8875131878064204
40 41 -4.6657744484116526
40 42 -4.4444009192897225
40 43 -4.2235129381003356
40 44 -4.0031544678840181
40 45 -3.7834116611326221
40 46 -3.5643048259559178
40 47 -3.3458890500027452
40 48 -3.1281635694428087
40 49 -2.9111556679717894
40 50 -2.6948460923461623
40 51 -2.4792376774075913
40 52 -2.2642952406876322
40 53 -2.0500006114928242
40 54 -1.8363052625296137
40 55 -1.6231730136985378
40 56 -1.4105422772443588
40 57 -1.1983674175414007
40 58 -0.98662761486366835
40 59 -0.77526498813691525
40 60 -0.5633469373665978
40 61 -0.34924135995277755
40 62 -0.14513368776019112
40 63 0
41 0 0
41 1 -12.199105745124784
41 2 -12.211639716212545
41 3 -12.212076658071179
41 4 -12.194090787329198
41 5 -12.160723121789005
41 6 -12.112473185281578
41 7 -12.049596724430243
41 8 -11.972681904375904
41 9 -11.882334602395522
41 10 -11.77912584135281
41 11 -11.663640068259348
41 12 -11.536489305222817
41 13 -11.398271741143432
41 14 -11.249616252906108
41 15 -11.091114512328257
41 16 -10.923398202624902
41 17 -10.747041292337611
41 18 -10.562666249606023
41 19 -10.370819801197294
41 20 -10.172105333275319
41 21 -9.9670348977212733
41 22 -9.7561849194287547
41 23 -9.5400271986918437
41 24 -9.31910511906697
41 25 -9.0938463062285049
41 26 -8.8647566293893583
41 27 -8.6322170636952453
41 28 -8.3966929069611762
41 29 -8.158517254661982
41 30 -7.9181130069488832
41 31 -7.6757652068982072
41 32 -7.431853585930619
41 33 -7.1866158411705952
41 34 -6.9403886560517902
41 35 -6.6933638053364266
41 36 -6.4458357875802923
41 37 -6.1979524503794829
41 38 -5.9499675784109298
41 39 -5.7019875304731302
41 40 -5.4542273371682297
41 41 -5.2067546387629431
41 42 -4.9597480566457461
41 43 -4.7132395202218529
41 44 -4.467373882732022
41 45 -4.222150529362442
41 46 -3.9776834077937857
41 47 -3.7339426212834566
41 48 -3.491014234636368
41 49 -3.2488423776721844
41 50 -3.0074883654156679
41 51 -2.7668736710116724
41 52 -2.5270380660564573
41 53 -2.2878837008364745
41 54 -2.0494321246847038
41 55 -1.8115689106197144
41 56 -1.5742981754167227
41 57 -1.3374980125697737
41 58 -1.101216298757814
41 59 -0.86531844665816116
41 60 -0.62882804496122813
41 61 -0.38986304565012253
41 62 -0.16210517000428445
41 63 0
42 0 0
42 1 -13.436156820844708
42 2 -13.445202322343329
42 3 -13.44091906638173
42 4 -13.416902305702015
42 5 -13.376278910366505
42 6 -13.319581768329401
42 7 -13.24714069368275
42 8 -13.159541266459897
42 9 -13.057487897111763
42 10 -12.941536269201078
42 11 -12.812385909373102
42 12 -12.670621255185656
42 13 -12.516969327885608
42 14 -12.352019979835392
42 15 -12.176504474466714
42 16 -11.991005131666149
42 17 -11.796243472606028
42 18 -11.592783412070181
42 19 -11.381324602018918
42 20 -11.162403890998585
42 21 -10.936689264966009
42 22 -10.70468385083255
42 23 -10.467016264104743
42 24 -10.224151043194157
42 25 -9.976671624930864
42 26 -9.7250006622001521
42 27 -9.4696722971573628
42 28 -9.2110653560992777
42 29 -8.9496620613383993
42 30 -8.6857966234023767
42 31 -8.419898015834276
42 32 -8.1522560054827871
42 33 -7.8832461001752137
42 34 -7.6131145818322095
42 35 -7.3421842161706987
42 36 -7.0706593885378703
42 37 -6.7988116297918619
42 38 -6.5268055079151805
42 39 -6.2548634684267732
42 40 -5.9831127116633338
42 41 -5.7117292641830755
42 42 -5.4408056765563
42 43 -5.1704746301580098
42 44 -4.900796926667411
42 45 -4.6318652895495545
42 46 -4.3637117863889268
42 47 -4.0963928044996489
42 48 -3.8299147518402781
42 49 -3.5643014707268068
42 50 -3.2995368023450751
42 51 -3.0356159509220748
42 52 -2.7725032742415223
42 53 -2.510169359647155
42 54 -2.2485622157222047
42 55 -1.9876312525814619
42 56 -1.7273083902648376
42 57 -1.467532513925152
42 58 -1.2082864136225213
42 59 -0.94949207777704447
42 60 -0.69000604636198148
42 61 -0.4278380573003242
42 62 -0.17794097993566538
42 63 0
43 0 0
43 1 -14.569605941853482
43 2 -14.575313918784454
43 3 -14.566581243292193
43 4 -14.536966264331744
43 5 -14.489636992707098
43 6 -14.425192007985244
43 7 -14.343971615863742
43 8 -14.246629378223671
43 9 -14.133868979773156
43 10 -14.006333380721314
43 11 -13.864708045648271
43 12 -13.709680471595858
43 13 -13.541951162044743
43 14 -13.362225964326077
43 15 -13.171198147030607
43 16 -12.969576377209615
43 17 -12.758033764537828
43 18 -12.537268461872914
43 19 -12.307922427350176
43 20 -12.070672354303509
43 21 -11.826120425036747
43 22 -11.574913119116822
43 23 -11.317606320561234
43 24 -11.054809526507619
43 25 -10.787027679723005
43 26 -10.514828300562602
43 27 -10.238662399874922
43 28 -9.9590520915961811
43 29 -9.6763928949579814
43 30 -9.3911594497207389
43 31 -9.1036914436425338
43 32 -8.8144151442865848
43 33 -8.5236150905253876
43 34 -8.2316692707756935
43 35 -7.9388085988188459
43 36 -7.6453637047039971
43 37 -7.3515140785729756
43 38 -7.0575445936355594
43 39 -6.763586050431182
43 40 -6.4698797173940799
43 41 -6.1765108456711726
43 42 -5.8836796879571684
43 43 -5.5914293843267888
43 44 -5.2999221003129362
43 45 -5.0091625109459281
43 46 -4.7192778805938334
43 47 -4.4302381992701401
43 48 -4.142139205767581
43 49 -3.854920060853158
43 50 -3.5686484877355369
43 51 -3.2832367036450698
43 52 -2.9987280186919385
43 53 -2.7150116344685209
43 54 -2.4321101974957551
43 55 -2.149893107580902
43 56 -1.8683630411610379
43 57 -1.587380709017985
43 58 -1.3070021181083105
43 59 -1.0270707577457878
43 60 -0.74641968526429203
43 61 -0.46283131615122752
43 62 -0.19255894549522801
43 63 0
44 0 0
44 1 -15.589034315278964
44 2 -15.591627673028681
44 3 -15.578770034993774
44 4 -15.544039230712594
44 5 -15.490635107927437
44 6 -15.41918730112946
44 7 -15.330088543994083
44 8 -15.223991487723612
44 9 -15.101671897882975
44 10 -14.963759267347461
44 11 -14.811027770515297
44 12 -14.644138841664059
44 13 -14.4638955688037
44 14 -14.270966113674948
44 15 -14.066157782043458
44 16 -13.850131066392461
44 17 -13.62368219043239
44 18 -13.387451811931081
44 19 -13.142211838296886
44 20 -12.888573355323317
44 21 -12.627273235151703
44 22 -12.358885452743701
44 23 -12.084103391463829
44 24 -11.803458345150716
44 25 -11.517593810642854
44 26 -11.226994564959529
44 27 -10.932249658606928
44 28 -10.633795021296814
44 29 -10.332162320258394
44 30 -10.027737593029926
44 31 -9.7209936016152785
44 32 -9.4122665263971736
44 33 -9.1019699202607054
44 34 -8.7903910322328773
44 35 -8.4778849368516198
44 36 -8.1646915976512435
44 37 -7.8511092081852265
44 38 -7.5373326609732985
44 39 -7.2236055808235697
44 40 -6.9100804403459311
44 41 -6.596949187816783
44 42 -6.2843248507768283
44 43 -5.9723510550430641
44 44 -5.661104587078885
44 45 -5.3506844644332254
44 46 -5.0411345882498715
44 47 -4.7325133560569439
44 48 -4.4248352297244589
44 49 -4.1181221776945787
44 50 -3.8123627113703091
44 51 -3.5075467040123471
44 52 -3.2036402149180345
44 53 -2.9006055014214964
44 54 -2.5983897499633208
44 55 -2.2969313911076079
44 56 -1.9961589651918765
44 57 -1.6959995112551589
44 58 -1.3964409919255258
44 59 -1.0973895019715569
44 60 -0.79752530590693471
44 61 -0.49455595571527311
44 62 -0.20578005725531143
44 63 0
45 0 0
45 1 -16.484310168986919
45 2 -16.483976558178007
45 3 -16.467336201268967
45 4 -16.428003154920923
45 5 -16.36918975514407
45 6 -16.291560439715997
45 7 -16.195524439787977
45 8 -16.081774697909577
45 9 -15.951087993835142
45 10 -15.804153156455666
45 11 -15.641732228559505
45 12 -15.464561513403563
45 13 -15.273419218147117
45 14 -15.069061744775132
45 15 -14.852259863222386
45 16 -14.623773585271307
45 17 -14.384352027175169
45 18 -14.134744599459228
45 19 -13.875666673718664
45 20 -13.607845369576793
45 21 -13.331952762295071
45 22 -13.048684296288696
45 23 -12.758661465267309
45 24 -12.462540746729468
45 25 -12.160887802487775
45 26 -11.854314724003441
45 27 -11.543327888216513
45 28 -11.228491236103775
45 29 -10.910249971769479
45 30 -10.589117565180722
45 31 -10.265477502094905
45 32 -9.9397917053161411
45 33 -9.6123825302356352
45 34 -9.2836603351908948
45 35 -8.9538878739686592
45 36 -8.6234248123162871
45 37 -8.2924765972187178
45 38 -7.9613538100902108
45 39 -7.6302074961322486
45 40 -7.2993013614859725
45 41 -6.9687354282015912
45 42 -6.6387292184878453
45 43 -6.309335465909677
45 44 -5.9807325803247124
45 45 -5.652929998337509
45 46 -5.3260683828427133
45 47 -5.0001180401850611
45 48 -4.6751854736087708
45 49 -4.351206135694313
45 50 -4.0282561202030989
45 51 -3.7062403596733335
45 52 -3.3852084057517349
45 53 -3.0650390766795743
45 54 -2.7457594313100309
45 55 -2.4272257673616631
45 56 -2.1094432230731641
45 57 -1.7922583680399518
45 58 -1.4757375859482329
45 59 -1.1597063192876247
45 60 -0.84284580425900701
45 61 -0.52266395534372012
45 62 -0.21752055012544264
45 63 0
46 0 0
46 1 -17.245058901129127
46 2 -17.242072708183763
46 3 -17.222030912327153
46 4 -17.178669549918581
46 5 -17.115174774608899
46 6 -17.032239923100835
46 7 -16.930302220886755
46 8 -16.810055913016974
46 9 -16.672320196935772
46 10 -16.517772819817619
46 11 -16.347234821457572
46 12 -16.161418438146811
46 13 -15.961174785391595
46 14 -15.747224359055686
46 15 -15.520422964292342
46 16 -15.281484032234809
46 17 -15.031251946183675
46 18 -14.770420047503297
46 19 -14.499807364172739
46 20 -14.220076665670623
46 21 -13.932010293222293
46 22 -13.636232263985272
46 23 -13.333479252209486
46 24 -13.02433041173356
46 25 -12.70946990786115
46 26 -12.389427750942424
46 27 -12.064830672369512
46 28 -11.736156855126742
46 29 -11.403972370079027
46 30 -11.068702260057378
46 31 -10.730850195604489
46 32 -10.390787926055506
46 33 -10.048956267983625
46 34 -9.7056744881572978
46 35 -9.361321194495444
46 36 -9.0161647695515619
46 37 -8.6705231849300954
46 38 -8.3246161671976449
46 39 -7.9787033953591635
46 40 -7.6329586601211794
46 41 -7.2875863240716026
46 42 -6.9427173353760159
46 43 -6.598504226673132
46 44 -6.2550384699277579
46 45 -5.9124246587252021
46 46 -5.5707183454902385
46 47 -5.2299803898650845
46 48 -4.8902341052278784
46 49 -4.5515010610930968
46 50 -4.2137760838750724
46 51 -3.8770460711966459
46 52 -3.5412811485517053
46 53 -3.2064383398128746
46 54 -2.8724669688181761
46 55 -2.5392982146241483
46 56 -2.2068607795224264
46 57 -1.8750738328277123
46 58 -1.5439321943691686
46 59 -1.2133307905477286
46 60 -0.88181516276692073
46 61 -0.54685814727839399
46 62 -0.22759359185142689
46 63 0
47 0 0
47 1 -17.86123578957238
47 2 -17.855814700787807
47 3 -17.832779324375604
47 4 -17.785974088257184
47 5 -17.718568806394725
47 6 -17.631257979259903
47 7 -17.524502041382437
47 8 -17.39900511221213
47 9 -17.255589693868036
47 10 -17.09496200743774
47 11 -16.917933424609185
47 12 -16.725259795814953
47 13 -16.517769492667526
47 14 -16.296240352445711
47 15 -16.061493568966398
47 16 -15.814312096164238
47 17 -15.555494941454567
47 18 -15.285815572434386
47 19 -15.006038025249421
47 20 -14.716914225837128
47 21 -14.419163066169824
47 22 -14.113505200509623
47 23 -13.800606547807021
47 24 -13.481148875817153
47 25 -13.155739415367828
47 26 -12.825015329708574
47 27 -12.489521322935364
47 28 -12.149845916626889
47 29 -11.806469092858409
47 30 -11.459928166410558
47 31 -11.110637621046425
47 32 -10.759082274021424
47 33 -10.405611541923593
47 34 -10.050657544383871
47 35 -9.6945060733264548
47 36 -9.3375372731022335
47 37 -8.9799755861547386
47 38 -8.6221506746688448
47 39 -8.2642285791819052
47 40 -7.9064906087105165
47 41 -7.5490478804288514
47 42 -7.1921359967481546
47 43 -6.835815038348743
47 44 -6.4802779628062472
47 45 -6.1255380051438246
47 46 -5.7717488677896318
47 47 -5.4188813480319276
47 48 -5.0670535374869168
47 49 -4.7161983502362785
47 50 -4.3664021050687731
47 51 -4.0175644760890084
47 52 -3.6697439927929856
47 53 -3.322811837607984
47 54 -2.9768029517831245
47 55 -2.6315638960886254
47 56 -2.2871064466170918
47 57 -1.9432666109576935
47 58 -1.6001233666088823
47 59 -1.257488466857104
47 60 -0.9139369219965765
47 61 -0.56677490316085477
47 62 -0.23591328981853926
47 63 0
48 0 0
48 1 -18.322516569207245
48 2 -18.314981219937664
48 3 -18.28938289857399
48 4 -18.239790213460349
48 5 -18.169286649724945
48 6 -18.078593941113521
48 7 -17.968173928874318
48 8 -17.838734861310105
48 9 -17.691109539510958
48 10 -17.525996077862576
48 11 -17.34423249283649
48 12 -17.146553124005916
48 13 -16.933826799343223
48 14 -16.70679775810925
48 15 -16.46634036626762
48 16 -16.213193082605418
48 17 -15.948219437349479
48 18 -15.672138704600892
48 19 -15.385789397428487
48 20 -15.089860752435067
48 21 -14.785154671605147
48 22 -14.472321812498938
48 23 -14.152118218423261
48 24 -13.825149512939868
48 25 -13.492118773171214
48 26 -13.153581987565262
48 27 -12.810184085096228
48 28 -12.462428442442064
48 29 -12.110898371684947
48 30 -11.756043064623993
48 31 -11.398382255212194
48 32 -11.038310572567262
48 33 -10.676283523260595
48 34 -10.312641798558948
48 35 -9.9477771575672786
48 36 -9.581977805923259
48 37 -9.2155731959131852
48 38 -8.848801170363604
48 39 -8.4819311230612087
48 40 -8.1151531894072875
48 41 -7.7486796234313031
48 42 -7.3826559215780208
48 43 -7.0172406658453479
48 44 -6.6525380936762302
48 45 -6.2886570257533121
48 46 -5.9256640472737603
48 47 -5.5636224801382825
48 48 -5.2025650219117132
48 49 -4.8425140328604011
48 50 -4.4834721902797128
48 51 -4.1254256375635956
48 52 -3.7683509610182271
48 53 -3.412203047376432
48 54 -3.0569364669964987
48 55 -2.7024789941719738
48 56 -2.3487633018015579
48 57 -1.9957048341505985
48 58 -1.6433069123901001
48 59 -1.2914583363854311
48 60 -0.93861842210497837
48 61 -0.58210457776725033
48 62 -0.24228359903668087
48 63 0
49 0 0
49 1 -18.618952532086421
49 2 -18.609543625332247
49 3 -18.581849034616596
49 4 -18.530113294542776
49 5 -18.457375729638457
49 6 -18.364323934274047
49 7 -18.251450313140243
49 8 -18.11944063924323
49 9 -17.969133947360262
49 10 -17.801223798879757
49 11 -17.61654162203893
49 12 -17.415831767298663
49 13 -17.199943046523618
49 14 -16.969643652953042
49 15 -16.725775822696679
49 16 -16.469114955641579
49 17 -16.200481454140036
49 18 -15.920643454074289
49 19 -15.630386490637081
49 20 -15.330459431916784
49 21 -15.02160249684929
49 22 -14.704535531879122
49 23 -14.379945322591517
49 24 -14.048514991519001
49 25 -13.710871886768027
49 26 -13.36765654936039
49 27 -13.019432771891884
49 28 -12.666794296554906
49 29 -12.310238904417368
49 30 -11.950310764388474
49 31 -11.587440635372189
49 32 -11.222121594629712
49 33 -10.854717608300351
49 34 -10.485670226041586
49 35 -10.11527789935181
49 36 -9.7439311376704829
49 37 -9.3718650293097401
49 38 -8.999420310530521
49 39 -8.6267715729188676
49 40 -8.2542116981142311
49 41 -7.881858221738856
49 42 -7.509958628017614
49 43 -7.1385772886507848
49 44 -6.7679191880761698
49 45 -6.3979997717075907
49 46 -6.0289847777752321
49 47 -5.6608452196300441
49 48 -5.2937111271069766
49 49 -4.9275137590718483
49 50 -4.5623511983450342
49 51 -4.1981197487740687
49 52 -3.8348894822038262
49 53 -3.4725266857624364
49 54 -3.1110776069863069
49 55 -2.7503825446280126
49 56 -2.3904641662564763
49 57 -2.0311516534151823
49 58 -1.6725385668641233
49 59 -1.314427631181994
49 60 -0.95534007079171868
49 61 -0.5924651515159497
49 62 -0.24661584137902157
49 63 0
50 0 0
50 1 -18.740275172205614
50 2 -18.72935358819128
50 3 -18.700034700745292
50 4 -18.64688464077096
50 5 -18.572796086565805
50 6 -18.478483033243091
50 7 -18.364411244260101
50 8 -18.231274133166664
50 9 -18.079887276547815
50 10 -17.910939770378441
50 11 -17.72525546436032
50 12 -17.523560404962023
50 13 -17.306709351468299
50 14 -17.07543983027163
50 15 -16.830613177864254
50 16 -16.572962970400667
50 17 -16.303341066910352
50 18 -16.022463826280497
50 19 -15.731159686050507
50 20 -15.430116975085223
50 21 -15.120129238619025
50 22 -14.80184818962087
50 23 -14.476023261499813
50 24 -14.143262984266565
50 25 -13.804265520742584
50 26 -13.45959145255749
50 27 -13.109882375346
50 28 -12.755647743986415
50 29 -12.397468955626396
50 30 -12.035802539818025
50 31 -11.671167538124475
50 32 -11.303966940033623
50 33 -10.934656566573357
50 34 -10.563586254348076
50 35 -10.1911488603125
50 36 -9.8176422911838817
50 37 -9.4433976598240239
50 38 -9.0686628525788784
50 39 -8.6937092775571401
50 40 -8.3187372646264066
50 41 -7.9439612458220843
50 42 -7.5695368976606359
50 43 -7.1956249782487571
50 44 -6.8223397544130817
50 45 -6.4497920839039793
50 46 -6.0780583249411047
50 47 -5.7072035911715675
50 48 -5.3372700221475986
50 49 -4.9682814501674022
50 50 -4.6002496191138151
50 51 -4.2331617816776621
50 52 -3.8670031996515744
50 53 -3.5017294962880379
50 54 -3.1373035403544991
50 55 -2.7736534475493579
50 56 -2.4107197342114879
50 57 -2.0484182150393058
50 58 -1.6867621097384464
50 59 -1.3256392342842223
50 60 -0.96347809391094408
50 61 -0.59753213876106559
50 62 -0.24870335069890839
50 63 0
51 0 0
51 1 -18.676638687348721
51 2 -18.664460989447672
51 3 -18.634035715838039
51 4 -18.580164169343892
51 5 -18.505669232532007
51 6 -18.411194929725912
51 7 -18.297245514782723
51 8 -18.164458485841028
51 9 -18.013659306143623
51 10 -17.845498138045635
51 11 -17.660796023654115
51 12 -17.460253843171635
51 13 -17.244709753115544
51 14 -17.014890074151879
51 15 -16.771627148906656
51 16 -16.515656972600556
51 17 -16.247791137350546
51 18 -15.968761525368834
51 19 -15.679346173111567
51 20 -15.380261345709512
51 21 -15.072241177608674
51 22 -14.755976895075632
51 23 -14.432150615604845
51 24 -14.101421008308128
51 25 -13.764412091258063
51 26 -13.421744174697437
51 27 -13.073978919920002
51 28 -12.721694008969894
51 29 -12.365386108147151
51 30 -12.00558735673811
51 31 -11.64272820673256
51 32 -11.277293527032436
51 33 -10.909647563983894
51 34 -10.540227219418878
51 35 -10.169331591728671
51 36 -9.7973498070102085
51 37 -9.424517757245285
51 38 -9.051177742856698
51 39 -8.677505124640847
51 40 -8.3037969704955152
51 41 -7.9301713843939146
51 42 -7.5568823356053647
51 43 -7.1839944260756683
51 44 -6.8117211113978087
51 45 -6.4400776236776789
51 46 -6.0692398629463788
51 47 -5.6991781131945638
51 48 -5.3300339831321253
51 49 -4.9617374465316209
51 50 -4.5943993333692053
51 51 -4.2279140983813477
51 52 -3.8623655060155029
51 53 -3.4976174529670891
51 54 -3.1337306286495532
51 55 -2.7705424280655349
51 56 -2.4080905012200273
51 57 -2.0462008707217465
51 58 -1.6849831956747012
51 59 -1.3242359109394382
51 60 -0.9624856926679598
51 61 -0.59690222069301813
51 62 -0.24845386276164419
51 63 0
52 0 0
52 1 -18.417834766142185
52 2 -18.40479548602902
52 3 -18.373768753159347
52 4 -18.319965654307367
52 5 -18.246003903211836
52 6 -18.152554256046638
52 7 -18.04006554604398
52 8 -17.90918717368152
52 9 -17.760686606958611
52 10 -17.595213924886341
52 11 -17.413547313440702
52 12 -17.2163732982368
52 13 -17.004500189389312
52 14 -16.778627293293532
52 15 -16.539570481084642
52 16 -16.288027281825336
52 17 -16.02480598934903
52 18 -15.750589764952972
52 19 -15.466166127185483
52 20 -15.172193536320288
52 21 -14.869427802837555
52 22 -14.558494405007464
52 23 -14.240108582764194
52 24 -13.914856419717218
52 25 -13.583405625708725
52 26 -13.24629815211452
52 27 -12.904148947248466
52 28 -12.557452576400253
52 29 -12.206767549434959
52 30 -11.852539090101471
52 31 -11.495266978541904
52 32 -11.13534626417589
52 33 -10.773216930468145
52 34 -10.40922397869176
52 35 -10.043747601169564
52 36 -9.6770836861238916
52 37 -9.3095535717171352
52 38 -8.9414056416116416
52 39 -8.572904118739066
52 40 -8.2042520434548738
52 41 -7.8356589467274675
52 42 -7.4672851337710373
52 43 -7.0992884454842455
52 44 -6.7317894155024556
52 45 -6.3648976811098823
52 46 -5.9986972454228926
52 47 -5.6332534302649204
52 48 -5.2686171616324904
52 49 -4.9048136635012538
52 50 -4.5418643964703262
52 51 -4.1797589682594571
52 52 -3.8184931019257102
52 53 -3.4580255448519703
52 54 -3.0983302089183273
52 55 -2.7393389325649578
52 56 -2.3810037635706109
52 57 -2.0232446673844704
52 58 -1.6660856547959897
52 59 -1.3094185350715342
52 60 -0.95170330023591243
52 61 -0.59023349810003189
52 62 -0.24564866337263697
52 63 0
53 0 0
53 1 -17.954125549778521
53 2 -17.940490029704183
53 3 -17.909422793377743
53 4 -17.856417556740286
53 5 -17.783999911606298
53 6 -17.692735429133247
53 7 -17.583119853357228
53 8 -17.455713007326555
53 9 -17.311296700896992
53 10 -17.150447192786096
53 11 -16.973944425588378
53 12 -16.782413825910975
53 13 -16.576651296100003
53 14 -16.357308770076589
53 15 -16.125177016734465
53 16 -15.880920219412237
53 17 -15.625309981179932
53 18 -15.359010193508546
53 19 -15.082761214012335
53 20 -14.797216107841745
53 21 -14.503074149743483
53 22 -14.20096887340236
53 23 -13.891550680304761
53 24 -13.575426543549613
53 25 -13.253192076323678
53 26 -12.925422177984025
53 27 -12.592653453491478
53 28 -12.255424574259028
53 29 -11.914210431971014
53 30 -11.569510523966896
53 31 -11.22173666206796
53 32 -10.871347289298811
53 33 -10.518690940125826
53 34 -10.164184057003142
53 35 -9.8081127087128817
53 36 -9.4508512041101689
53 37 -9.0926248183661151
53 38 -8.7337662976121351
53 39 -8.3744425194835266
53 40 -8.0149458441411259
53 41 -7.655387748439157
53 42 -7.2960219020189427
53 43 -6.9369078684775038
53 44 -6.5782627640772366
53 45 -6.2200981209541704
53 46 -5.8625970131709808
53 47 -5.5057271341170457
53 48 -5.1496403417231953
53 49 -4.7942649235897603
53 50 -4.4397246103638786
53 51 -4.0859128952414014
53 52 -3.7329286890355333
53 53 -3.380635495549539
53 54 -3.0291110059268833
53 55 -2.6781926791681667
53 56 -2.3279367863187814
53 57 -1.9781695126167231
53 58 -1.6290173538528692
53 59 -1.2802789951778208
53 60 -0.93055254593619507
53 61 -0.57709833850952275
53 62 -0.24019095452531197
53 63 0
54 0 0
54 1 -17.275368023514599
54 2 -17.261557457229678
54 3 -17.230979043370553
54 4 -17.179611015669479
54 5 -17.109718972110404
54 6 -17.021897008170075
54 7 -16.9165566798359
54 8 -16.794274776368685
54 9 -16.655740675385932
54 10 -16.501535745302593
54 11 -16.332361590193457
54 12 -16.148834065002877
54 13 -15.951682958359456
54 14 -15.741537663569419
54 15 -15.519136159605042
54 16 -15.285108311290449
54 17 -15.040186662641478
54 18 -14.78499018473325
54 19 -14.520234054545686
54 20 -14.246516954271177
54 21 -13.964526735151324
54 22 -13.674834190272938
54 23 -13.378091697513563
54 24 -13.074836201307479
54 25 -12.76567813095499
54 26 -12.451116100642805
54 27 -12.131713643225272
54 28 -11.807927877605016
54 29 -11.480271875389526
54 30 -11.149159255056434
54 31 -10.815050304549612
54 32 -10.478314147707389
54 33 -10.13935707394951
54 34 -9.7985035899583011
54 35 -9.4561057519055645
54 36 -9.1124440703533107
54 37 -8.7678169946416666
54 38 -8.422462287507507
54 39 -8.0766261690320622
54 40 -7.7305054255446191
54 41 -7.3842960758867813
54 42 -7.0381561324758302
54 43 -6.6922339999453841
54 44 -6.34665147007148
54 45 -6.0015123969721387
54 46 -5.6569051866968261
54 47 -5.3128926095864903
54 48 -4.9695327438698005
54 49 -4.6268510806030134
54 50 -4.2848786015563345
54 51 -3.9436076001491389
54 52 -3.603045326925415
54 53 -3.2631552471353129
54 54 -2.9239244556124548
54 55 -2.5852912155865861
54 56 -2.2472223083110605
54 57 -1.9096449944593128
54 58 -1.572594147646492
54 59 -1.2359700586264561
54 60 -0.89833334754206096
54 61 -0.55713473842792993
54 62 -0.23184858786183549
54 63 0
55 0 0
55 1 -16.371931360513955
55 2 -16.358213078422786
55 3 -16.328718897022167
55 4 -16.279742157226888
55 5 -16.213438329459127
55 6 -16.13026283976432
55 7 -16.030682976454454
55 8 -15.91515294054703
55 9 -15.7843817783103
55 10 -15.638842514133959
55 11 -15.479243936548372
55 12 -15.306104960389373
55 13 -15.120148037463986
55 14 -14.921918815598158
55 15 -14.712134920114726
55 16 -14.491356602695125
55 17 -14.260284113181037
55 18 -14.019481573164715
55 19 -13.769621008533274
55 20 -13.511261326639371
55 21 -13.245037425784503
55 22 -12.971495416245057
55 23 -12.691225952065212
55 24 -12.404756141128029
55 25 -12.112626924355533
55 26 -11.815341451085271
55 27 -11.513386980631426
55 28 -11.207238871970006
55 29 -10.897328085995266
55 30 -10.58409936471368
55 31 -10.267925958625865
55 32 -9.9492200597792593
55 33 -9.6282968589056726
55 34 -9.3055348557067639
55 35 -8.9811917588121375
55 36 -8.6556119298063976
55 37 -8.3289969726269764
55 38 -8.0016572766282525
55 39 -7.6737404003090139
55 40 -7.3455234620810685
55 41 -7.0171026083676047
55 42 -6.6887228552119362
55 43 -6.3604320473167295
55 44 -6.0324446735384889
55 45 -5.7047637778796014
55 46 -5.3775752497733418
55 47 -5.0508411486101332
55 48 -4.7247209966025672
55 49 -4.3991399346035678
55 50 -4.0742336107149111
55 51 -3.7498945053397534
55 52 -3.4262371085552963
55 53 -3.1031257034727724
55 54 -2.7806566297690281
55 55 -2.4586696611123067
55 56 -2.1372425305220339
55 57 -1.8162042280456967
55 58 -1.4956976830731268
55 59 -1.1755258359453891
55 60 -0.85443089500308189
55 61 -0.52988747105220224
55 62 -0.22051900455552298
55 63 0
56 0 0
56 1 -15.233715264591563
56 2 -15.220529969635649
56 3 -15.192665274452819
56 4 -15.146956468740857
56 5 -15.085249655590907
56 6 -15.008032275251574
56 7 -14.915659405907595
56 8 -14.80860812258978
56 9 -14.687461588924206
56 10 -14.552704013911409
56 11 -14.404931025862373
56 12 -14.244657673986893
56 13 -14.072504388414991
56 14 -13.888999670096531
56 15 -13.694772072842031
56 16 -13.490352573795272
56 17 -13.276366318791485
56 18 -13.053337164580112
56 19 -12.821876700617214
56 20 -12.58249367271552
56 21 -12.335777576168052
56 22 -12.082215520719082
56 23 -11.822367854193585
56 24 -11.556694869736647
56 25 -11.285722092437402
56 26 -11.009879035236796
56 27 -10.729651991783799
56 28 -10.445436821420468
56 29 -10.15767733317989
56 30 -9.8667338263837649
56 31 -9.573005419237699
56 32 -9.2768157941169012
56 33 -8.9785181147144915
56 34 -8.6783991288843438
56 35 -8.3767656254609086
56 36 -8.0738677377816259
56 37 -7.7699662095932389
56 38 -7.4652754244958013
56 39 -7.1600110741876799
56 40 -6.8543531184804829
56 41 -6.5484737730222013
56 42 -6.2425202865073519
56 43 -5.9366234837049445
56 44 -5.6308999360327601
56 45 -5.3254416043166444
56 46 -5.0203366806169107
56 47 -4.7156411692410529
56 48 -4.4114173957551186
56 49 -4.1076886404582096
56 50 -3.804494047970675
56 51 -3.5018276794759395
56 52 -3.199708322483882
56 53 -2.8981046067168972
56 54 -2.5970179919788592
56 55 -2.2963948210316047
56 56 -1.9962189613871426
56 57 -1.6964270976140672
56 58 -1.3970638325125808
56 59 -1.0980415570482489
56 60 -0.79809746135805049
56 61 -0.49497000283053177
56 62 -0.20595443511788317
56 63 0
57 0 0
57 1 -13.851198638774942
57 2 -13.838809357523413
57 3 -13.813195249391518
57 4 -13.771521447106501
57 5 -13.715511046526402
57 6 -13.645482089941751
57 7 -13.561854505512008
57 8 -13.464951301213231
57 9 -13.355381577110027
57 10 -13.233487923411939
57 11 -13.09987951688665
57 12 -12.954939581123988
57 13 -12.799287240167228
57 14 -12.633331496298533
57 15 -12.457686249570578
57 16 -12.272776870306279
57 17 -12.079201529994153
57 18 -11.87739358417814
57 19 -11.66792635881127
57 20 -11.451234039094789
57 21 -11.227857568140202
57 22 -10.99822591675936
57 23 -10.762841570384543
57 24 -10.522123260741154
57 25 -10.276530299777455
57 26 -10.026467080798618
57 27 -9.7723462743903831
57 28 -9.5145546715531619
57 29 -9.2534559680087725
57 30 -8.9894168394386753
57 31 -8.722750694001931
57 32 -8.4538022517537534
57 33 -8.1828342299729808
57 34 -7.9101681542178586
57 35 -7.636016449426255
57 36 -7.3606767448859411
57 37 -7.0843122713435127
57 38 -6.8071965394395466
57 39 -6.5294452875912459
57 40 -6.251308113225158
57 41 -5.9728554792477313
57 42 -5.6943136569692188
57 43 -5.4157104845019122
57 44 -5.1372498343534945
57 45 -4.8589199314263309
57 46 -4.5809034794406633
57 47 -4.3031523976827062
57 48 -4.0258297195283514
57 49 -3.7488546055871654
57 50 -3.4723721536652041
57 51 -3.1962725007434099
57 52 -2.9206847512888015
57 53 -2.6454739517257408
57 54 -2.3707554229338639
57 55 -2.0963724062075615
57 56 -1.8224257205530048
57 57 -1.548748727964089
57 58 -1.2754987996614138
57 59 -1.0024862126250187
57 60 -0.72867657295668764
57 61 -0.45189627437230151
57 62 -0.18804539745800541
57 63 0
58 0 0
58 1 -12.214646783960367
58 2 -12.203506432458072
58 3 -12.180695607114611
58 4 -12.143958104640349
58 5 -12.094665200918042
58 6 -12.033172253659902
58 7 -11.959760476991001
58 8 -11.874782554068863
58 9 -11.778690161111664
58 10 -11.671844079735687
58 11 -11.554707049824744
58 12 -11.427665114559892
58 13 -11.291200684905606
58 14 -11.145711999667771
58 15 -10.991688463011812
58 16 -10.829532194325981
58 17 -10.659730702431013
58 18 -10.482682682264898
58 19 -10.298865882660634
58 20 -10.108669448735812
58 21 -9.9125546969526024
58 22 -9.7108961746062956
58 23 -9.5041331977149515
58 24 -9.292621659629317
58 25 -9.0767743393567653
58 26 -8.8569253217231747
58 27 -8.6334572672857259
58 28 -8.4066801096523829
58 29 -8.1769436883745001
58 30 -7.9445321677272824
58 31 -7.7097606677712953
58 32 -7.472886606518987
58 33 -7.2341892178116369
58 34 -6.9938987592662345
58 35 -6.7522580744209009
58 36 -6.509470336489473
58 37 -6.2657420917939604
58 38 -6.0212499287101435
58 39 -5.7761647249928334
58 40 -5.5306373470372021
58 41 -5.2848041105737673
58 42 -5.0387913321184596
58 43 -4.7927022960546859
58 44 -4.5466402023568016
58 45 -4.3006772089103791
58 46 -4.0548950514558859
58 47 -3.8093369940813435
58 48 -3.5640651427028311
58 49 -3.3190963853512261
58 50 -3.0744751823759651
58 51 -2.8301948067143794
58 52 -2.5862841806508508
58 53 -2.3427159752786566
58 54 -2.0995058601642631
58 55 -1.8566084139960546
58 56 -1.6140256939586288
58 57 -1.371704445366599
58 58 -1.1296962318863735
58 59 -0.88792781492931727
58 60 -0.64539569358532178
58 61 -0.40027062956223147
58 62 -0.16653656484062213
58 63 0
59 0 0
59 1 -10.315154337867911
59 2 -10.305515796576143
59 3 -10.286146014188223
59 4 -10.255112861399466
59 5 -10.213657543068987
59 6 -10.161938755228661
59 7 -10.100312252463763
59 8 -10.028947374171354
59 9 -9.948329276456052
59 10 -9.8586457051415355
59 11 -9.7603805365906702
59 12 -9.6537546544269244
59 13 -9.539256443909526
59 14 -9.417130098812045
59 15 -9.2878573139136567
59 16 -9.1516994488731118
59 17 -9.0091235724105996
59 18 -8.8604026893856229
59 19 -8.7059823337742479
59 20 -8.546142391156895
59 21 -8.3813011145875027
59 22 -8.2117411818913819
59 23 -8.0378489068435055
59 24 -7.8599062867692062
59 25 -7.6782640589582414
59 26 -7.4932006238780842
59 27 -7.3050284526208191
59 28 -7.1140199340453503
59 29 -6.9204474536806648
59 30 -6.7245754259008947
59 31 -6.5266351227413839
59 32 -6.3268814287838726
59 33 -6.1255041870401659
59 34 -5.9227475656458761
59 35 -5.718760297697659
59 36 -5.5137749830216007
59 37 -5.3079001232425655
59 38 -5.1013562034325162
59 39 -4.894212859668948
59 40 -4.6866781956628136
59 41 -4.4787847677585839
59 42 -4.2707282889730003
59 43 -4.0625063789361979
59 44 -3.8543025875816679
59 45 -3.6460820407452141
59 46 -3.4380165709880037
59 47 -3.2300415015789965
59 48 -3.0223175935214295
59 49 -2.8147532613940314
59 50 -2.6074990225515036
59 51 -2.4004394377429437
59 52 -2.1937157735732953
59 53 -1.9871919580155915
59 54 -1.7810012126328805
59 55 -1.5749895756018868
59 56 -1.3692812483601957
59 57 -1.1637136876681002
59 58 -0.95845499837766057
59 59 -0.75332413067174031
59 60 -0.54759618289415724
59 61 -0.33960107408259554
59 62 -0.14132274886078786
59 63 0
60 0 0
60 1 -8.140207457474725
60 2 -8.1325308719782718
60 3 -8.1171579625789931
60 4 -8.0927465232499571
60 5 -8.0601524562688969
60 6 -8.0195785288759041
60 7 -7.9712186219075969
60 8 -7.9152787960759081
60 9 -7.852058810049348
60 10 -7.7817718201407153
60 11 -7.7047251052496044
60 12 -7.6211493797498218
60 13 -7.531364363100872
60 14 -7.4356102876163721
60 15 -7.3342112352720088
60 16 -7.2274118294274334
60 17 -7.1155347586169935
60 18 -6.9988245133659355
60 19 -6.8775972640708867
60 20 -6.7520935526882768
60 21 -6.6226186441685977
60 22 -6.4894059628000189
60 23 -6.3527461687942379
60 24 -6.2128629959551445
60 25 -6.0700294485301773
60 26 -5.9244575400958333
60 27 -5.7764001735579065
60 28 -5.6260561028298559
60 29 -5.4736562475756312
60 30 -5.3193850015385973
60 31 -5.1634499408705778
60 32 -5.0060203884881957
60 33 -4.8472796976227119
60 34 -4.6873817534087143
60 35 -4.5264852482678872
60 36 -4.3647285634823447
60 37 -4.2022456965763988
60 38 -4.0391597205338909
60 39 -3.8755802716849037
60 40 -3.7116155362622316
60 41 -3.5473514566065285
60 42 -3.3828819476986811
60 43 -3.2182702259856235
60 44 -3.0535967160708464
60 45 -2.888903146494374
60 46 -2.7242573724324801
60 47 -2.5596811129219814
60 48 -2.3952306925096343
60 49 -2.2309095115612991
60 50 -2.0667635009877636
60 51 -1.9027796175634315
60 52 -1.7389946175050506
60 53 -1.5753810792360432
60 54 -1.4119679227158444
60 55 -1.248715087875369
60 56 -1.0856432218149257
60 57 -0.92270664691805804
60 58 -0.75995998299426404
60 59 -0.59734359337533993
60 60 -0.43420393012068192
60 61 -0.2693020736753679
60 62 -0.11205341930524415
60 63 0
61 0 0
61 1 -5.6694177744028043
61 2 -5.6639535811100572
61 3 -5.6532404562074783
61 4 -5.6362325734599859
61 5 -5.6136532457364661
61 6 -5.5854894681922378
61 7 -5.5520176295348085
61 8 -5.5132369601978679
61 9 -5.4694869532928472
61 10 -5.4207816595731231
61 11 -5.3674558359111746
61 12 -5.3095467337696718
61 13 -5.2473862348557621
61 14 -5.1810306068511363
61 15 -5.1108021985797647
61 16 -5.03677387484578
61 17 -4.95925355841349
61 18 -4.8783284850852624
61 19 -4.794287896993465
61 20 -4.7072314292498803
61 21 -4.6174261038498754
61 22 -4.5249821945783921
61 23 -4.4301416460989858
61 24 -4.3330237915512493
61 25 -4.2338432917333844
61 26 -4.1327271149089082
61 27 -4.0298610440271156
61 28 -3.9253783921704684
61 29 -3.819435040390736
61 30 -3.7121694739953153
61 31 -3.6037071720619656
61 32 -3.4941907257418969
61 33 -3.3837151879122516
61 34 -3.2724262881265171
61 35 -3.1603890555192082
61 36 -3.0477514858179329
61 37 -2.9345493643959095
61 38 -2.8209321751602392
61 39 -2.7069075690314643
61 40 -2.5926258352367841
61 41 -2.4780678825199045
61 42 -2.3633842196137862
61 43 -2.2485306445640187
61 44 -2.1336573989224168
61 45 -2.0186970001922004
61 46 -1.9037990366840334
61 47 -1.7888747374106733
61 48 -1.6740727523001733
61 49 -1.5592851431910939
61 50 -1.4446594358173741
61 51 -1.3300707460467824
61 52 -1.2156653859112587
61 53 -1.1013038445025729
61 54 -0.98713125760374998
61 55 -0.87299554121940348
61 56 -0.75903949847819341
61 57 -0.64510418520129342
61 58 -0.53135875658870568
61 59 -0.41763235761123774
61 60 -0.30360162796351603
61 61 -0.18827026867889385
61 62 -0.07835349006526178
61 63 0
62 0 0
62 1 -2.9047997946209105
62 2 -2.9020232109664503
62 3 -2.8965095856101812
62 4 -2.8878297217612254
62 5 -2.8762619559922857
62 6 -2.8618858230089095
62 7 -2.8447582565552376
62 8 -2.8249602249100341
62 9 -2.802584986760897
62 10 -2.7777157143670048
62 11 -2.7504489818286202
62 12 -2.7208736395858795
62 13 -2.6890913215509635
62 14 -2.6551937473867162
62 15 -2.6192849429702156
62 16 -2.5814576584212032
62 17 -2.5418164103992762
62 18 -2.5004533419598154
62 19 -2.4574717608598458
62 20 -2.412961806419621
62 21 -2.3670241167296369
62 22 -2.319745653393348
62 23 -2.2712231472151192
62 24 -2.2215394158889041
62 25 -2.1707862555718851
62 26 -2.1190415655323722
62 27 -2.0663913764271
62 28 -2.0129080701336006
62 29 -1.9586712636271002
62 30 -1.9037473821690074
62 31 -1.8482091498773177
62 32 -1.7921167407078373
62 33 -1.735535662447987
62 34 -1.6785196731862952
62 35 -1.6211268837895159
62 36 -1.5634045885444943
62 37 -1.5054034514209345
62 38 -1.4471643590582228
62 39 -1.3887305974724207
62 40 -1.3301367943289271
62 41 -1.2714190344376821
62 42 -1.2126059170583556
62 43 -1.1537265997904769
62 44 -1.0948039562231215
62 45 -1.0358605779670875
62 46 -0.97691397894796594
62 47 -0.91798062371270517
62 48 -0.8590730876739624
62 49 -0.80020221589957452
62 50 -0.7413761140510885
62 51 -0.68260057477260327
62 52 -0.62387974370885246
62 53 -0.56521499056116875
62 54 -0.50660706378711984
62 55 -0.44805341753431321
62 56 -0.38955134001890462
62 57 -0.33109676327199922
62 58 -0.27269871691742809
62 59 -0.21434850950201453
62 60 -0.15580142000259847
62 61 -0.096625528605428709
62 62 -0.040185372120889275
62 63 0
63 0 0
63 1 0
63 2 0
63 3 0
63 4 0
63 5 0
63 6 0
63 7 0
63 8 0
63 9 0
63 10 0
63 11 0
63 12 0
63 13 0
63 14 0
63 15 0
63 16 0
63 17 0
63 18 0
63 19 0
63 20 0
63 21 0
63 22 0
63 23 0
63 24 0
63 25 0
63 26 0
63 27 0
63 28 0
63 29 0
63 30 0
63 31 0
63 32 0
63 33 0
63 34 0
63 35 0
63 36 0
63 37 0
63 38 0
63 39 0
63 40 0
63 41 0
63 42 0
63 43 0
63 44 0
63 45 0
63 46 0
63 47 0
63 48 0
63 49 0
63 50 0
63 51 0
63 52 0
63 53 0
63 54 0
63 55 0
63 56 0
63 57 0
63 58 0
63 59 0
63 60 0
63 61 0
63 62 0
63 63 0
