0 0 0
0 1 0
0 2 0
0 3 0
0 4 0
0 5 0
0 6 0
0 7 0
0 8 0
0 9 0
0 10 0
0 11 0
0 12 0
0 13 0
0 14 0
0 15 0
0 16 0
0 17 0
0 18 0
0 19 0
0 20 0
0 21 0
0 22 0
0 23 0
0 24 0
0 25 0
0 26 0
0 27 0
0 28 0
0 29 0
0 30 0
0 31 0
0 32 0
0 33 0
0 34 0
0 35 0
0 36 0
0 37 0
0 38 0
0 39 0
0 40 0
0 41 0
0 42 0
0 43 0
0 44 0
0 45 0
0 46 0
0 47 0
0 48 0
0 49 0
0 50 0
0 51 0
0 52 0
0 53 0
0 54 0
0 55 0
0 56 0
0 57 0
0 58 0
0 59 0
0 60 0
0 61 0
0 62 0
0 63 0
1 0 0
1 1 3.2939536854866813
1 2 3.2856708830930699
1 3 3.2741940512912171
1 4 3.2594618175737433
1 5 3.241602093990021
1 6 3.2207497670764034
1 7 3.1969844333982915
1 8 3.1704067700944631
1 9 3.1411134493355752
1 10 3.109213907721645
1 11 3.074809318069613
1 12 3.0380141794750277
1 13 2.9989325857961755
1 14 2.9576814125698303
1 15 2.9143655591618165
1 16 2.8691022066979408
1 17 2.8219952641191046
1 18 2.77316034662238
1 19 2.7226988412240369
1 20 2.6707231975515611
1 21 2.6173309973495305
1 22 2.562630169017694
1 23 2.5067134353721459
1 24 2.4496830783482424
1 25 2.3916261193718125
1 26 2.3326382832041208
1 27 2.2728002400749698
1 28 2.2122004457843105
1 29 2.1509127442365803
1 30 2.0890177941379173
1 31 2.0265822954612154
1 32 1.9636787506153419
1 33 1.9003665394218261
1 34 1.8367098036342209
1 35 1.772760553072855
1 36 1.7085745059287301
1 37 1.6441963646828806
1 38 1.5796734898096665
1 39 1.515043438918815
1 40 1.4503453973505265
1 41 1.3856100285195547
1 42 1.320868630585083
1 43 1.2561453010989687
1 44 1.191463833609977
1 45 1.1268421562052873
1 46 1.0622970248283976
1 47 0.99784065385086396
1 48 0.93348330340356278
1 49 0.86923198134386759
1 50 0.80509105933838065
1 51 0.74106288939913156
1 52 0.67714661894757255
1 53 0.6133405454116424
1 54 0.5496393272179666
1 55 0.48603764127027438
1 56 0.4225256817718267
1 57 0.35909717317728757
1 58 0.29575509794546395
1 59 0.23248730581352589
1 60 0.16901504637599651
1 61 0.1048761113252871
1 62 0.043727504101618228
1 63 0
2 0 0
2 1 6.4401076757228068
2 2 6.4238283377559631
2 3 6.401182736113264
2 4 6.372236284447359
2 5 6.3370598578182076
2 6 6.2961065996502823
2 7 6.2493564561444357
2 8 6.1971827474501477
2 9 6.1396087838678444
2 10 6.0770133255849457
2 11 6.0094405292004636
2 12 5.9372656383780749
2 13 5.8605523155728427
2 14 5.7796654531899065
2 15 5.6946855440036224
2 16 5.6059617204388168
2 17 5.5135889983435948
2 18 5.4178959827150415
2 19 5.318990166443891
2 20 5.2171756626133412
2 21 5.1125706205490955
2 22 5.0054514496033029
2 23 4.8959453245972497
2 24 4.7842984619556503
2 25 4.6706455903238711
2 26 4.5552009250498466
2 27 4.4381054112401888
2 28 4.3195400892162006
2 29 4.199650898692477
2 30 4.0785851141604157
2 31 3.9564925507298097
2 32 3.8334866555821541
2 33 3.7097200951604243
2 34 3.5852729018670488
2 35 3.4602996616405788
2 36 3.334847823047598
2 37 3.2090730525598068
2 38 3.0829914095021334
2 39 2.9567588979512545
2 40 2.8303616933420943
2 41 2.7039554950375568
2 42 2.5774983605897894
2 43 2.4511451478810935
2 44 2.3248277767303596
2 45 2.1986998366693915
2 46 2.0726692617955917
2 47 1.9468880592223385
2 48 1.8212424636484634
2 49 1.6958826993443887
2 50 1.5706756895552514
2 51 1.4457697855631448
2 52 1.3210150612769589
2 53 1.1965580370189235
2 54 1.07223449493445
2 55 0.94818887527554574
2 56 0.82424378769338746
2 57 0.70054575057580493
2 58 0.57693896192816907
2 59 0.45356121500497726
2 60 0.32970350530501036
2 61 0.204627974370264
2 62 0.085305110951997984
2 63 0
3 0 0
3 1 9.2775589652138866
3 2 9.2535349913540905
3 3 9.2204460313478229
3 4 9.1781038639501826
3 5 9.1268517049895799
3 6 9.0671227623956536
3 7 8.999117755879249
3 8 8.9231627620062159
3 9 8.8395081449914983
3 10 8.748503145719102
3 11 8.6504118040762616
3 12 8.5455953858777178
3 13 8.4343273354331014
3 14 8.3169729032096402
3 15 8.1938091095607763
3 16 8.0651989553936403
3 17 7.9314181169931368
3 18 7.7928217184102397
3 19 7.649679937869581
3 20 7.502335225024038
3 21 7.3510488220318706
3 22 7.1961464556423396
3 23 7.0378776516618133
3 24 6.8765480744191008
3 25 6.7123933513216567
3 26 6.5456964058969316
3 27 6.376677323486156
3 28 6.2055942221342617
3 29 6.0326504817571855
3 30 5.8580779172490862
3 31 5.68206246479048
3 32 5.5048086602436577
3 33 5.3264846310751741
3 34 5.147267136615497
3 35 4.9673064562255673
3 36 4.7867515121784008
3 37 4.6057349783623796
3 38 4.4243782770892661
3 39 4.242796962097847
3 40 4.061085653136872
3 41 3.879343476616965
3 42 3.6976392720670059
3 43 3.5160566076661479
3 44 3.3346398565256998
3 45 3.1534580464660378
3 46 2.9725326577132183
3 47 2.7919193203034265
3 48 2.6116184247715601
3 49 2.431673449771103
3 50 2.2520657002350215
3 51 2.0728278333154568
3 52 1.893924246086947
3 53 1.7153782102654123
3 54 1.5371396037995151
3 55 1.3592232449210309
3 56 1.1815648854416625
3 57 1.0041780806742819
3 58 0.82703329824139871
3 59 0.65012834579889311
3 60 0.47264173372211388
3 61 0.29331600489953502
3 62 0.12235172554576933
3 63 0
4 0 0
4 1 11.803046927101544
4 2 11.77181385445777
4 3 11.72892210478128
4 4 11.674223175965666
4 5 11.60804639728533
4 6 11.531079517812332
4 7 11.443472778448504
4 8 11.345759204457654
4 9 11.238163131575698
4 10 11.121236481114156
4 11 10.995231976830308
4 12 10.860704633241456
4 13 10.717930829604017
4 14 10.567457413203204
4 15 10.409577545576918
4 16 10.244821226322568
4 17 10.073492507050673
4 18 9.8960968768893363
4 19 9.7129441883356851
4 20 9.5245090693034005
4 21 9.3311028210033129
4 22 9.1331640574152555
4 23 8.9310018429741493
4 24 8.725014756480471
4 25 8.515506539923603
4 26 8.3028327649097537
4 27 8.0872893024628443
4 28 7.8691867081250528
4 29 7.6488109142266563
4 30 7.4264263260789996
4 31 7.2023073008014347
4 32 6.9766717452556497
4 33 6.7497811932265757
4 34 6.5218074033884399
4 35 6.2929981899611009
4 36 6.0634801273468462
4 37 5.8334867349464332
4 38 5.6031008994054607
4 39 5.3725415647969434
4 40 5.1418498827915808
4 41 4.9112302138362951
4 42 4.6806843128281095
4 43 4.4504022006645672
4 44 4.2203488943219281
4 45 3.9907005535080304
4 46 3.7613883785027373
4 47 3.5325753632398595
4 48 3.3041620233575077
4 49 3.0762990824917931
4 50 2.8488596694765076
4 51 2.6219833128468046
4 52 2.3955191798942037
4 53 2.1695968889591413
4 54 1.9440452472700263
4 55 1.7189846830788829
4 56 1.494224625983064
4 57 1.2698850225844627
4 58 1.0458182459395051
4 59 0.82212504968884226
4 60 0.59765384992654635
4 61 0.37091852503770378
4 62 0.15471618199900858
4 63 0
5 0 0
5 1 14.038186944803448
5 2 14.000061958475637
5 3 13.948111440379103
5 4 13.881928888310194
5 5 13.802089190338679
5 6 13.709265168145707
5 7 13.603804454177773
5 8 13.486198556463386
5 9 13.356871378350368
5 10 13.216351431000176
5 11 13.065081526849395
5 12 12.903608749611529
5 13 12.732387511960628
5 14 12.551970905046414
5 15 12.362815502072811
5 16 12.165470784656295
5 17 11.960387541882245
5 18 11.748103026713423
5 19 11.52905558546664
5 20 11.303762971423431
5 21 11.072645624626295
5 22 10.836195733963518
5 23 10.594811465326751
5 24 10.348954510298045
5 25 10.098997386875643
5 26 9.8453674013396508
5 27 9.5884089421813918
5 28 9.3285120015603145
5 29 9.0659911499924455
5 30 8.801197011979724
5 31 8.5344133505176192
5 32 8.2659501634835362
5 33 7.9960600275338631
5 34 7.7250117727416958
5 35 7.4530269399291385
5 36 7.1803332955468031
5 37 6.9071219501992625
5 38 6.6335802883851862
5 39 6.3598699843172621
5 40 6.0861392364177034
5 41 5.812521604846264
5 42 5.5391277532606686
5 43 5.2660647258702076
5 44 4.9934077039182858
5 45 4.7212390433418943
5 46 4.4496008461286172
5 47 4.1785527970926069
5 48 3.9081066266592726
5 49 3.6383015207421239
5 50 3.3691218075269012
5 51 3.1005884685897724
5 52 2.8326616213281732
5 53 2.5653464923495606
5 54 2.298582462352285
5 55 2.0323606943641419
5 56 1.7666002714821223
5 57 1.5012893633599005
5 58 1.2363999801030601
5 59 0.97189579550335425
5 60 0.70656116600467878
5 61 0.43848350555170973
5 62 0.18295612759544519
5 63 0
6 0 0
6 1 15.995072185496575
6 2 15.950613032161939
6 3 15.890264077141879
6 4 15.813638182957932
6 5 15.721295161986539
6 6 15.614135060045475
6 7 15.492463286889141
6 8 15.356948821019206
6 9 15.207996320127512
6 10 15.046305008016406
6 11 14.872313343734396
6 12 14.686728091205035
6 13 14.490013403998873
6 14 14.282868450714325
6 15 14.065772511713796
6 16 13.839405702203115
6 17 13.604253415197332
6 18 13.360966645553152
6 19 13.110029213620159
6 20 12.852054722629296
6 21 12.587518956801103
6 22 12.316991470545068
6 23 12.040934661618829
6 24 11.759868885617168
6 25 11.474238810299319
6 26 11.184511823810755
6 27 10.891111424404709
6 28 10.5944495175849
6 29 10.294925800726718
6 30 9.992895306812569
6 31 9.6887320212370316
6 32 9.3827337142202545
6 33 9.0752473890457654
6 34 8.7665140413164142
6 35 8.4568529922728146
6 36 8.146449714154171
6 37 7.8355956537228915
6 38 7.5244226661168376
6 39 7.2131945833335411
6 40 6.9019921046630746
6 41 6.5910521103240995
6 42 6.2804070687160136
6 43 5.9702679311759921
6 44 5.6606222417274248
6 45 5.3516563668195589
6 46 5.043316541357334
6 47 4.7357661767812989
6 48 4.428914059407111
6 49 4.1229025291453594
6 50 3.817606974833756
6 51 3.5131507678732667
6 52 3.2093800952791285
6 53 2.9064017187808355
6 54 2.604037037010777
6 55 2.3023777774707161
6 56 2.0012214164461235
6 57 1.7006569426502494
6 58 1.4005413872643864
6 59 1.1009362160436564
6 60 0.80034983242055191
6 61 0.49671930186973612
6 62 0.20726996463386588
6 63 0
7 0 0
7 1 17.683220422584458
7 2 17.632785444933791
7 3 17.564797082435138
7 4 17.478631470389846
7 5 17.375056766215469
7 6 17.254963627409083
7 7 17.118826074079021
7 8 16.967279146971276
7 9 16.800893454827289
7 10 16.620352376007261
7 11 16.426248864249533
7 12 16.219289069700107
7 13 16.000078057386958
7 14 15.769328269888936
7 15 15.527644431737981
7 16 15.275732791081357
7 17 15.014187291414931
7 18 14.743696877879024
7 19 14.464836045701146
7 20 14.178267161887307
7 21 13.884538238252356
7 22 13.584277416885604
7 23 13.278000680092115
7 24 12.966295814817675
7 25 12.649642571817603
7 26 12.328583641423098
7 27 12.003559539889949
7 28 11.675064382607706
7 29 11.343497507178144
7 30 11.009302116477938
7 31 10.672835350865828
7 32 10.334488186699337
7 33 9.9945753496860821
7 34 9.6534351883990084
7 35 9.3113404832298965
7 36 8.9685773627060392
7 37 8.6253777140838004
7 38 8.2819765663145439
7 39 7.9385664553746622
7 40 7.595333055151217
7 41 7.2524314993066756
7 42 6.9100003940535872
7 43 6.5681597545007007
7 44 6.2270038756228088
7 45 5.8866202099245148
7 46 5.5470618998320669
7 47 5.2083866098178779
7 48 4.8706098306056207
7 49 4.5337623867534118
7 50 4.197825906102846
7 51 3.8628074532545864
7 52 3.5286588214543877
7 53 3.1953665682428332
7 54 2.8628570006276766
7 55 2.531098456874981
7 56 2.1999922659048416
7 57 1.8695025653598372
7 58 1.5395973836155323
7 59 1.210209532589092
7 60 0.87982201978650854
7 61 0.54603387697564187
7 62 0.22792459571190318
7 63 0
8 0 0
8 1 19.111836293493695
8 2 19.056001015478284
8 3 18.981059141877989
8 4 18.886402871453711
8 5 18.772779441993535
8 6 18.641273415185452
8 7 18.492325584126668
8 8 18.32671521983244
8 9 18.145000329829362
8 10 17.94799943841512
8 11 17.736307804321541
8 12 17.510753957652906
8 13 17.271959076639362
8 14 17.020743408721621
8 15 16.757740437742683
8 16 16.483748456559184
8 17 16.199401672837205
8 18 15.905464484302581
8 19 15.602562056785395
8 20 15.291415178661042
8 21 14.972631868659711
8 22 14.646881569416117
8 23 14.314748559484125
8 24 13.976845029510578
8 25 13.633726290408669
8 26 13.285943035853203
8 27 12.934017604072956
8 28 12.578436439269446
8 29 12.219685988878073
8 30 11.858187021077581
8 31 11.494388135357465
8 32 11.128644162219931
8 33 10.761364741653654
8 34 10.392839516448682
8 35 10.023438796771339
8 36 9.6533886555216739
8 37 9.283020350443639
8 38 8.912498737236799
8 39 8.5421168631696727
8 40 8.1719813329297111
8 41 7.802348316203231
8 42 7.4332696371179017
8 43 7.0649663466763215
8 44 6.6974393662768836
8 45 6.330876755873911
8 46 5.9652327347621465
8 47 5.6006648176097782
8 48 5.237084972505949
8 49 4.8746228880213396
8 50 4.5131529208971015
8 51 4.1527798818684989
8 52 3.7933452945082684
8 53 3.4349323107323384
8 54 3.0773546314472409
8 55 2.7206760074597587
8 56 2.3646830777668906
8 57 2.0094351692940582
8 58 1.6547908325387948
8 59 1.3007753879352606
8 60 0.94564759561171186
8 61 0.58692594768798434
8 62 0.24502643030146073
8 63 0
9 0 0
9 1 20.291054595518553
9 2 20.230211914716424
9 3 20.149080538845574
9 4 20.046857140272213
9 5 19.924452839427573
9 6 19.782945293137427
9 7 19.622913130632405
9 8 19.445108174305389
9 9 19.250218555760554
9 10 19.039053267676898
9 11 18.81232458429599
9 12 18.570866401213248
9 13 18.315402161726883
9 14 18.046771068577854
9 15 17.765692977498208
9 16 17.472997642993043
9 17 17.169388973249632
9 18 16.855674235467639
9 19 16.532531232290278
9 20 16.200733963821392
9 21 15.860925975094341
9 22 15.513839213006181
9 23 15.160076634006399
9 24 14.800321190707294
9 25 14.435130554416892
9 26 14.06513341986879
9 27 13.690838925450805
9 28 13.312817757799591
9 29 12.931528544331034
9 30 12.547481567426129
9 31 12.161084065704621
9 32 11.772784723245461
9 33 11.382939454565895
9 34 10.991935210524032
9 35 10.600077444227603
9 36 10.207692164519683
9 37 9.8150358932223174
9 38 9.4223752920308215
9 39 9.0299200326566957
9 40 8.6378797164659336
9 41 8.2464196949340973
9 42 7.8556953868584944
9 43 7.4658307132561923
9 44 7.0769302885020835
9 45 6.6890797768912416
9 46 6.302336786400577
9 47 5.9167521183247258
9 48 5.5323405212059953
9 49 5.1491214943058434
9 50 4.7670713602915686
9 51 4.3861819971316702
9 52 4.0063959673912715
9 53 3.6276813766731504
9 54 3.2499520223655005
9 55 2.8731549588284953
9 56 2.4971757811941724
9 57 2.1219565979625679
9 58 1.7474594885548189
9 59 1.3735901632232073
9 60 0.99861769371691178
9 61 0.61980321396693627
9 62 0.25883728213387469
9 63 0
10 0 0
10 1 21.230526969296211
10 2 21.165260518942144
10 3 21.07863953053781
10 4 20.969890526668532
10 5 20.83989307368633
10 6 20.689881042811582
10 7 20.520408315538702
10 8 20.332335526180763
10 9 20.12634387691222
10 10 19.90334006358021
10 11 19.66404431724068
10 12 19.409374077749753
10 13 19.140074222495478
10 14 18.857052354559521
10 15 18.561062091049806
10 16 18.252985940324919
10 17 17.933572714405035
10 18 17.603666578356137
10 19 17.264000231996789
10 20 16.915368828575609
10 21 16.558479679342465
10 22 16.194070528061737
10 23 15.8228158671413
10 24 15.445389718567021
10 25 15.06242798747733
10 26 14.674536538960774
10 27 14.28230840351155
10 28 13.88627852562783
10 29 13.486994082690837
10 30 13.084917805428418
10 31 12.680549187474124
10 32 12.274278730743994
10 33 11.866557413972805
10 34 11.457704592109302
10 35 11.048122762479924
10 36 10.638062143545845
10 37 10.227877528180883
10 38 9.8177527834959299
10 39 9.4079964105035394
10 40 8.9987293458274813
10 41 8.5902157517089321
10 42 8.1825175673437975
10 43 7.7758570264642657
10 44 7.3702414079680736
10 45 6.9658538119799083
10 46 6.5626515052847356
10 47 6.1607815710960887
10 48 5.7601561449145011
10 49 5.3608896775371644
10 50 4.9628542217156495
10 51 4.5661351967387951
10 52 4.1705697363290399
10 53 3.7762180915044112
10 54 3.3828878662345798
10 55 2.9906169078695979
10 56 2.5991839373278776
10 57 2.2086212160722289
10 58 1.8187878717194503
10 59 1.4296774582895764
10 60 1.0393832302996096
10 61 0.64514813312780273
10 62 0.26946505736436643
10 63 0
11 0 0
11 1 21.940470224524027
11 2 21.871199285294281
11 3 21.77984593183464
11 4 21.665499942680157
11 5 21.529154661611013
11 6 21.372037005520852
11 7 21.194806309623672
11 8 20.998301340934695
11 9 20.783295969300685
11 10 20.550692708670471
11 11 20.301290085776479
11 12 20.036015875996942
11 13 19.755677705127919
11 14 19.461206799645083
11 15 19.153403606518523
11 16 18.833186434917938
11 17 18.501334885163235
11 18 18.158739967339297
11 19 17.806149315719654
11 20 17.444414862001587
11 21 17.074243452582778
11 22 16.696438445740014
11 23 16.31165915482655
11 24 15.920652972292244
11 25 15.524026786666315
11 26 15.12246653181295
11 27 14.716523412022351
11 28 14.30681811117557
11 29 13.893844309795416
11 30 13.478155159831429
11 31 13.060186197927615
11 32 12.640422089196512
11 33 12.219240639863717
11 34 11.797058229424501
11 35 11.374196211140244
11 36 10.951003878099634
11 37 10.527748119613586
11 38 10.104713194939983
11 39 9.6821140949809212
11 40 9.2601728202729383
11 41 8.8390554875219163
11 42 8.4189252190939481
11 43 7.9999026390984476
11 44 7.5820958740521016
11 45 7.1655837088626519
11 46 6.7504235675147806
11 47 6.3366562499085743
11 48 5.9242931032937793
11 49 5.513340940217196
11 50 5.1037699220540738
11 51 4.6955569648058786
11 52 4.2886361424153643
11 53 3.882958712511547
11 54 3.4784280767799181
11 55 3.0749728262537874
11 56 2.6724662818415754
11 57 2.270831772371225
11 58 1.8700252850120089
11 59 1.4699303439298796
11 60 1.0686828790727707
11 61 0.6633418436704771
11 62 0.27715467199961374
11 63 0
12 0 0
12 1 22.430640089533266
12 2 22.357946932326236
12 3 22.262564263854813
12 4 22.143640116118789
12 5 22.002121837907655
12 6 21.839351786982814
12 7 21.655972401256776
12 8 21.452894564740046
12 9 21.230889913317029
12 10 20.990920277620511
12 11 20.733796829304502
12 12 20.46049146262331
12 13 20.171837584717167
12 14 19.868795204542486
12 15 19.55220257774446
12 16 19.222991643014506
12 17 18.881990629699359
12 18 18.530089427981292
12 19 18.168093938608003
12 20 17.7968408626278
12 21 17.417103784627631
12 22 17.029657554108169
12 23 16.635235552190576
12 24 16.234544375582448
12 25 15.828271198677749
12 26 15.417049984500757
12 27 15.001517368841062
12 28 14.582232084414342
12 29 14.159777364774822
12 30 13.734635671209341
12 31 13.307335249038537
12 32 12.878282585154825
12 33 12.447950452324795
12 34 12.016670795080751
12 35 11.584861370853751
12 36 11.152781961851678
12 37 10.720796565027298
12 38 10.289095958707103
12 39 9.8579923040576176
12 40 9.4276111608467374
12 41 8.9982153367096966
12 42 8.5698694517781107
12 43 8.1427899023722414
12 44 7.7169850262590991
12 45 7.2926281266292801
12 46 6.8696761967412581
12 47 6.448263069229891
12 48 6.0282995302320277
12 49 5.6098838086619658
12 50 5.1928857547285308
12 51 4.7773720493119614
12 52 4.3631769596257381
12 53 3.9503399120230975
12 54 3.5386651477455446
12 55 3.1281679375480134
12 56 2.7186230153556568
12 57 2.3100393902444645
12 58 1.9022772026892159
12 59 1.4953037166540091
12 60 1.0871239194212881
12 61 0.67483399034687264
12 62 0.28200681987189136
12 63 0
13 0 0
13 1 22.711327757687513
13 2 22.635649299578578
13 3 22.536976594123139
13 4 22.414393437237191
13 5 22.268907102955531
13 6 22.10185080171961
13 7 21.913939293085718
13 8 21.706066299354116
13 9 21.479057985376514
13 10 21.23387643500071
13 11 20.97137209116768
13 12 20.692531230288925
13 13 20.398210538770382
13 14 20.089397410284228
13 15 19.766937790388742
13 16 19.431802885954816
13 17 19.084813547494747
13 18 18.726909665531203
13 19 18.358875438096003
13 20 17.981607155470037
13 21 17.595843298400439
13 22 17.202426759027812
13 23 16.802043480437561
13 24 16.395475436853449
13 25 15.983351205807587
13 26 15.566386370696526
13 27 15.145149059607656
13 28 14.720284813575638
13 29 14.292299733206638
13 30 13.861767269306958
13 31 13.429131198878677
13 32 12.994892231987626
13 33 12.559432600984435
13 34 12.123180829431666
13 35 11.686459271129234
13 36 11.24962584474769
13 37 10.812945410708288
13 38 10.376707730490944
13 39 9.9411231273953042
13 40 9.5064163746438375
13 41 9.0727466575466664
13 42 8.640277522728347
13 43 8.2091207503406167
13 44 7.7793829022471783
13 45 7.3511323287739918
13 46 6.9244232317978494
13 47 6.4992846751344162
13 48 6.0757234256516197
13 49 5.653733512973159
13 50 5.2332794245843512
13 51 4.8143244667095928
13 52 4.3967961756155916
13 53 3.9806315619559491
13 54 3.5657268289154982
13 55 3.1519957989785201
13 56 2.7393039330916062
13 57 2.327559858058875
13 58 1.9167146247916265
13 59 1.5066351846736907
13 60 1.0953983502571192
13 61 0.67998247627911701
13 62 0.28425091459172253
13 63 0
14 0 0
14 1 22.792418248086236
14 2 22.714325852309646
14 3 22.613058269190809
14 4 22.487797350870146
14 5 22.33948716809363
14 6 22.169533829709572
14 7 21.97864237932863
14 8 21.767741645457821
14 9 21.537659357958947
14 10 21.28937852702127
14 11 21.023766050479672
14 12 20.741813228649207
14 13 20.444406010708519
14 14 20.132521618478354
14 15 19.807047018813073
14 16 19.468928904493261
14 17 19.11903969170103
14 18 18.758281406958577
14 19 18.387499154104386
14 20 18.00753914232676
14 21 17.619208900726562
14 22 17.223290259540686
14 23 16.820545174814725
14 24 16.411684885786361
14 25 15.997419801322989
14 26 15.578386442930373
14 27 15.155239486090069
14 28 14.728538435651528
14 29 14.298879609301807
14 30 13.86674477613235
14 31 13.432670620977031
14 32 12.997061803760962
14 33 12.560395254511672
14 34 12.123000278894049
14 35 11.685294904706408
14 36 11.247535767918395
14 37 10.810083660944183
14 38 10.373125985527004
14 39 9.9369686378611295
14 40 9.5017338135065668
14 41 9.0676753997958848
14 42 8.6348548688160616
14 43 8.2034774274361464
14 44 7.7735486437287644
14 45 7.3452287222543982
14 46 6.9184723845667158
14 47 6.4933987841293339
14 48 6.0699170109904017
14 49 5.6481093285975774
14 50 5.2278445040962689
14 51 4.8091722251479041
14 52 4.3919262886023605
14 53 3.9761283246459724
14 54 3.5615826865830487
14 55 3.1482862170226262
14 56 2.736014201984037
14 57 2.3247569771136378
14 58 1.914377069776767
14 59 1.5048215572324717
14 60 1.0940774547057426
14 61 0.67920922960389218
14 62 0.28398255943685363
14 63 0
15 0 0
15 1 22.684276846506592
15 2 22.604215685426645
15 3 22.50106348814251
15 4 22.374019717359413
15 5 22.224032761858254
15 6 22.052495663776348
15 7 21.860152768652497
15 8 21.647919646798659
15 9 21.416640711820857
15 10 21.167302829578169
15 11 20.900773774115962
15 12 20.618062451783889
15 13 20.320039562912417
15 14 20.007712681273102
15 15 19.681938558562898
15 16 19.343705870447025
15 17 18.993842988676313
15 18 18.633304395932445
15 19 18.262878589996355
15 20 17.883473543055672
15 21 17.495828966996491
15 22 17.100796595372422
15 23 16.69906075960083
15 24 16.291409590648552
15 25 15.878467491716709
15 26 15.460953741315116
15 27 15.039430047581066
15 28 14.61454345722926
15 29 14.186791743255661
15 30 13.756747977081275
15 31 13.32484604505464
15 32 12.891584713781672
15 33 12.45733510082805
15 34 12.022522545970416
15 35 11.587457386906978
15 36 11.152493432690653
15 37 10.717882924624947
15 38 10.283910883910352
15 39 9.8507746790060313
15 40 9.4186939799397411
15 41 8.9878149130734144
15 42 8.5582957930861276
15 43 8.1302354300299875
15 44 7.7037352213634716
15 45 7.2788507890097556
15 46 6.8556313938616933
15 47 6.4340937256807162
15 48 6.0142399483190125
15 49 5.5960521452517922
15 50 5.1794906126859104
15 51 4.7645071751124455
15 52 4.3510256237780593
15 53 3.9389719544333803
15 54 3.5282390712164484
15 55 3.1187302210340464
15 56 2.7103079823967535
15 57 2.3028707974028952
15 58 1.8963668160493812
15 59 1.4906523289327325
15 60 1.0838122184630823
15 61 0.67285223298147068
15 62 0.28141736450281002
15 63 0
16 0 0
16 1 22.396912070810682
16 2 22.315433180138616
16 3 22.211072503311964
16 4 22.083175130673229
16 5 21.932607407103514
16 6 21.76079230801227
16 7 21.568470929432461
16 8 21.356557593747219
16 9 21.125901283418084
16 10 20.877472341059068
16 11 20.612158025740175
16 12 20.330934408958939
16 13 20.034704180254487
16 14 19.724427297361423
16 15 19.401004028335873
16 16 19.065362143846169
16 17 18.71838384835117
16 18 18.360950975084695
16 19 17.993914954146639
16 20 17.618100949291502
16 21 17.234319481888072
16 22 16.843330913085403
16 23 16.445897052421397
16 24 16.042707671930895
16 25 15.634470144169493
16 26 15.221799935461503
16 27 14.80534608445419
16 28 14.385647836786735
16 29 13.963293589231876
16 30 13.538745996340475
16 31 13.112531869070546
16 32 12.685038203675903
16 33 12.256730437609619
16 34 11.827921922008363
16 35 11.399017900452282
16 36 10.970260970203093
16 37 10.541998158652699
16 38 10.114404897707979
16 39 9.6877726248094014
16 40 9.2622137334361998
16 41 8.8379672157045857
16 42 8.4150869548574132
16 43 7.9937630490439462
16 44 7.5739956846840322
16 45 7.1559299297609469
16 46 6.7395172765834124
16 47 6.3248618609534795
16 48 5.9118715960620492
16 49 5.5006139543098129
16 50 5.0909584371848453
16 51 4.6829402376012776
16 52 4.2763956197536146
16 53 3.8713320479034521
16 54 3.4675578641068912
16 55 3.0650560942470717
16 56 2.6636073797044348
16 57 2.2631883595705644
16 58 1.863665897157458
16 59 1.4649732376232729
16 60 1.0651427318811948
16 61 0.66130898707640751
16 62 0.27664689744157173
16 63 0
17 0 0
17 1 21.940757900464021
17 2 21.858304943175487
17 3 21.753406395254416
17 4 21.625511429962131
17 5 21.475435418373234
17 6 21.304583071633875
17 7 21.113702725970999
17 8 20.903698631861051
17 9 20.675399871110479
17 10 20.429783507226819
17 11 20.167700823713989
17 12 19.890148007574279
17 13 19.597975772150374
17 14 19.292176714238845
17 15 18.973585003889234
17 16 18.643172472529191
17 17 18.30174281822099
17 18 17.950232200711362
17 19 17.589402882230605
17 20 17.220143435849138
17 21 16.843166286069174
17 22 16.459303093838514
17 23 16.069210336772056
17 24 15.673655795735854
17 25 15.273235907482144
17 26 14.868649704425284
17 27 14.460431231753715
17 28 14.049207753756814
17 29 13.635450057513836
17 30 13.219712226785823
17 31 12.802402166057712
17 32 12.384000745647851
17 33 11.964854383043667
17 34 11.54537187026507
17 35 11.125840353485032
17 36 10.706598656329696
17 37 10.287877512307693
17 38 9.8699486871512381
17 39 9.452989849186082
17 40 9.0372092626823832
17 41 8.6227352354309694
17 42 8.2097165973106065
17 43 7.7982362472095659
17 44 7.3883880418750376
17 45 6.9802135798782805
17 46 6.5737565018364101
17 47 6.1690213000695024
17 48 5.7660063703180313
17 49 5.3646833238621765
17 50 4.9650104310098584
17 51 4.5669306338078206
17 52 4.1703672914933128
17 53 3.7752389382903115
17 54 3.3814394540737966
17 55 2.988865888945536
17 56 2.5973831495696893
17 57 2.2068841341065371
17 58 1.8173166612746863
17 59 1.4285322516186405
17 60 1.0386841494656764
17 61 0.6449004278246081
17 62 0.26987452010124108
17 63 0
18 0 0
18 1 21.325939889419615
18 2 21.243034519330337
18 3 21.138244214544951
18 4 21.011215242682841
18 5 20.862661657419469
18 6 20.693976066072022
18 7 20.50590926221459
18 8 20.299329502524962
18 9 20.075072756467268
18 10 19.83406397299381
18 11 19.577176275486615
18 12 19.305337262657215
18 13 19.019431720840938
18 14 18.720369496536378
18 15 18.409030167625382
18 16 18.086290739394972
18 17 17.753010452280499
18 18 17.410020614071701
18 19 17.058147940751887
18 20 16.698168118195198
18 21 16.33086569382791
18 22 15.956953312660511
18 23 15.577166009297247
18 24 15.192148221225136
18 25 14.802580170544848
18 26 14.409034895811798
18 27 14.012134299814784
18 28 13.612378538628352
18 29 13.210329240404088
18 30 12.806413648007055
18 31 12.401132484102719
18 32 11.994841262105487
18 33 11.587980283174655
18 34 11.180835510677847
18 35 10.773788232606648
18 36 10.36705783974517
18 37 9.9609687692418536
18 38 9.5556774394032491
18 39 9.1514542027579395
18 40 8.7483965748476002
18 41 8.3467240635284465
18 42 7.9464796898926329
18 43 7.5478357197257067
18 44 7.1507853168341873
18 45 6.7554573771021476
18 46 6.3617999834317791
18 47 5.9699027270771925
18 48 5.5796734547823492
18 49 5.1911666505150409
18 50 4.8042547840884495
18 51 4.4189615089757792
18 52 4.0351287517809551
18 53 3.6527537431390491
18 54 3.2716528078430138
18 55 2.8917999289093759
18 56 2.5129858871192474
18 57 2.1351786975966753
18 58 1.7582517911169933
18 59 1.3821308817302396
18 60 1.0049499413059224
18 61 0.62400285725220184
18 62 0.2611886888220738
18 63 0
19 0 0
19 1 20.562954860277635
19 2 20.480029331916047
19 3 20.375968196369278
19 4 20.250608063459669
19 5 20.104559118212048
19 6 19.939189694487524
19 7 19.755227535829437
19 8 19.553533386192022
19 9 19.334888922462063
19 10 19.100228042056912
19 11 18.850353455348294
19 12 18.586214781353942
19 13 18.308610712766079
19 14 18.018485453650158
19 15 17.716619353231788
19 16 17.403935028567609
19 17 17.081181595294414
19 18 16.749246078130174
19 19 16.408836347753464
19 20 16.060792717330251
19 21 15.705774234073814
19 22 15.344565866523268
19 23 14.977772431969218
19 24 14.606117179822569
19 25 14.230147190818037
19 26 13.850519625632845
19 27 13.467721955949228
19 28 13.082342642393719
19 29 12.694809056776238
19 30 12.305639869549035
19 31 11.915203008404404
19 32 11.523947561309539
19 33 11.132183599391054
19 34 10.740291926693233
19 35 10.348527084428619
19 36 9.9572037934484037
19 37 9.566523960973857
19 38 9.1767391580957511
19 39 8.7880019762908574
19 40 8.4005043531645978
19 41 8.0143531803557586
19 42 7.6296847306964422
19 43 7.2465640061102485
19 44 6.8650759243027348
19 45 6.4852475182027955
19 46 6.1071169074960459
19 47 5.7306771219990198
19 48 5.3559242114127166
19 49 4.9828211647739833
19 50 4.611326799657709
19 51 4.2413779839609962
19 52 3.8729012022188916
19 53 3.5058111410995068
19 54 3.1400070314998714
19 55 2.7753840337880278
19 56 2.4118145543000691
19 57 2.0491904559229659
19 58 1.6874620516616485
19 59 1.3264817053082183
19 60 0.96452437070644159
19 61 0.59892280513419693
19 62 0.25078205430227257
19 63 0
20 0 0
20 1 19.66203655475924
20 2 19.579574684566023
20 3 19.476848176491799
20 4 19.353942160003417
20 5 19.211347009687888
20 6 19.05037916350387
20 7 18.871773729048581
20 8 18.676323226076349
20 9 18.464817965182302
20 10 18.238106863334131
20 11 17.997016254952836
20 12 17.742394335768328
20 13 17.475075422122224
20 14 17.195888882273756
20 15 16.905661869339021
20 16 16.605191375454929
20 17 16.295283314864211
20 18 15.976690798971708
20 19 15.650187266149226
20 20 15.316473171869049
20 21 14.976280641930483
20 22 14.630251012988539
20 23 14.27906843343975
20 24 13.923310728514094
20 25 13.563609331202057
20 26 13.200475968158683
20 27 12.834486304146845
20 28 12.466084931099722
20 29 12.095790145954922
20 30 11.723979679095814
20 31 11.351114095036072
20 32 10.977505620269378
20 33 10.603557755760393
20 34 10.229519460829492
20 35 9.8557386922633672
20 36 9.4824040735105193
20 37 9.1098102235802152
20 38 8.7380888931548881
20 39 8.3674841131900752
20 40 7.9980746154793794
20 41 7.6300570117081454
20 42 7.2634611396694266
20 43 6.8984396740534191
20 44 6.5349778551777566
20 45 6.1731881285640489
20 46 5.8130155250281001
20 47 5.4545361226699072
20 48 5.097659159827721
20 49 4.7424283063808952
20 50 4.388721407882235
20 51 4.0365537346223359
20 52 3.6857760880810067
20 53 3.3363794467606551
20 54 2.9881919943298731
20 55 2.6411833589371576
20 56 2.2951589960271885
20 57 1.950083220082365
20 58 1.6058383111939742
20 59 1.2623484546448041
20 60 0.91789847820487735
20 61 0.57001842956559789
20 62 0.23874071632171778
20 63 0
21 0 0
21 1 18.633737957443284
21 2 18.552150818003117
21 3 18.451320974541606
21 4 18.33160518268194
21 5 18.193341469096222
21 6 18.037815643440677
21 7 17.865712007824033
21 8 17.677817592526488
21 9 17.474837088950835
21 10 17.257630050866165
21 11 17.026921184617581
21 12 16.783582112561032
21 13 16.528330292582623
21 14 16.262030705968744
21 15 15.985381560247436
21 16 15.699226585300345
21 17 15.404233366802606
21 18 15.101211739258254
21 19 14.790789978022767
21 20 14.473734043608069
21 21 14.150626412661282
21 22 13.822181476117651
21 23 13.48893138419389
21 24 13.151533334324503
21 25 12.810466328814284
21 26 12.466326582159134
21 27 12.119538586295443
21 28 11.770635387357455
21 29 11.419986829306321
21 30 11.068061986972864
21 31 10.71517692626937
21 32 10.361737121695285
21 33 10.008006540811293
21 34 9.6543284096846946
21 35 9.3009169103353777
21 36 8.9480551775511241
21 37 8.5959103988223973
21 38 8.2447084226707847
21 39 7.894572578020318
21 40 7.5456747412436327
21 41 7.198097751362063
21 42 6.8519632155550898
21 43 6.5073169919730587
21 44 6.1642344080872897
21 45 5.8227279167683914
21 46 5.4828307565928487
21 47 5.1445255604066418
21 48 4.8078078008860334
21 49 4.4726338443772429
21 50 4.1389657983217294
21 51 3.8067372517130296
21 52 3.4758813821637609
21 53 3.1463124874262629
21 54 2.8179393974074656
21 55 2.4906594092494014
21 56 2.1643573402119483
21 57 1.8389281910481687
21 58 1.5143276288307044
21 59 1.1904139941760257
21 60 0.86563031284792546
21 61 0.53758425907936191
21 62 0.22524811533159536
21 63 0
22 0 0
22 1 17.48839010175563
22 2 17.408116037928298
22 3 17.309737608401807
22 4 17.193907649911189
22 5 17.060827840051378
22 6 16.911695788498715
22 7 16.747207232663804
22 8 16.568052103678511
22 9 16.374945009261499
22 10 16.168631178638847
22 11 15.949860255685429
22 12 15.719373262969883
22 13 15.477924402344524
22 14 15.226235447647584
22 15 14.965052410559606
22 16 14.695066299440848
22 17 14.417002395294197
22 18 14.131511187097646
22 19 13.839287310906403
22 20 13.540933400879398
22 21 13.237105688463352
22 22 12.928353644309043
22 23 12.615289288915793
22 24 12.298405428437844
22 25 11.978265796669625
22 26 11.655304601650609
22 27 11.330034725666097
22 28 11.002831182584544
22 29 10.674154738223894
22 30 10.344321736423669
22 31 10.01374066265285
22 32 9.6826706337707957
22 33 9.3514686084604897
22 34 9.0203386555331662
22 35 8.689587711173786
22 36 8.3593675474994775
22 37 8.0299371843545746
22 38 7.7013992775715607
22 39 7.3739675079788443
22 40 7.047698901236191
22 41 6.7227647348544801
22 42 6.3991800922361008
22 43 6.0770770461092125
22 44 5.7564325419690574
22 45 5.4373428298932538
22 46 5.1197505702205648
22 47 4.8037196919651706
22 48 4.4891624194010049
22 49 4.1761139314432683
22 50 3.8644598240030184
22 51 3.5542101240016835
22 52 3.2452275385652221
22 53 2.9375006145790703
22 54 2.6308729618595978
22 55 2.3253142536564333
22 56 2.0206487236713868
22 57 1.716841564014135
22 58 1.41378605508241
22 59 1.1114103629290575
22 60 0.8081923347326484
22 61 0.50196320234218328
22 62 0.21038860338143794
22 63 0
23 0 0
23 1 16.236594799769222
23 2 16.158014312663024
23 3 16.062582251812675
23 4 15.951294900636304
23 5 15.824159406681442
23 6 15.682336496452482
23 7 15.526446575981179
23 8 15.357175661989222
23 9 15.175125274235553
23 10 14.981052520790449
23 11 14.775578152093164
23 12 14.559467623744707
23 13 14.333331529317899
23 14 14.097928144496464
23 15 13.853848815500621
23 16 13.601832080847636
23 17 13.342440600537726
23 18 13.076382293112911
23 19 12.804184079882443
23 20 12.526514714125469
23 21 12.243860199155183
23 22 11.956843565866988
23 23 11.665906387833024
23 24 11.371621220777683
23 25 11.074383139608019
23 26 10.774711067598167
23 27 10.472952737742654
23 28 10.169571676151726
23 29 9.8648684513905103
23 30 9.5592506250391693
23 31 9.2529726100176948
23 32 8.9463864495261696
23 33 8.6397020692923832
23 34 8.3332172837387688
23 35 8.0270997069572605
23 36 7.7215949029402386
23 37 7.4168307237690438
23 38 7.1130030116503518
23 39 6.8102026666625424
23 40 6.5085787663240593
23 41 6.2081882340811365
23 42 5.9091366629635953
23 43 5.6114500631151536
23 44 5.3151940570529019
23 45 5.0203668318063404
23 46 4.7269977130767282
23 47 4.4350601355324892
23 48 4.1445509017466762
23 49 3.8554217125792047
23 50 3.5676406745126017
23 51 3.2811406955477969
23 52 2.9958650298670015
23 53 2.7117307141382274
23 54 2.4286601121405966
23 55 2.1465562373990812
23 56 1.865320792060905
23 57 1.5848555933227619
23 58 1.3051243825091821
23 59 1.0259959740320392
23 60 0.746120809879946
23 61 0.46343998114650242
23 62 0.19433787590411039
23 63 0
24 0 0
24 1 14.888767663487721
24 2 14.812267015150649
24 3 14.720276106388308
24 4 14.614127462302442
24 5 14.493678379480343
24 6 14.35996969829794
24 7 14.213636466380539
24 8 14.055242833046796
24 9 13.885401154999126
24 10 13.704729100740417
24 11 13.513873292515965
24 12 13.313443720133794
24 13 13.104088503791701
24 14 12.886398634331091
24 15 12.661013955134294
24 16 12.428497388876725
24 17 12.189469910360307
24 18 11.944458704309818
24 19 11.69405759949572
24 20 11.438752384083203
24 21 11.179103279526124
24 22 10.915550678628692
24 23 10.648616387935576
24 24 10.378692880820953
24 25 10.106260205920396
24 26 9.8316616632985259
24 27 9.5553334788223481
24 28 9.2775696011130986
24 29 8.9987614669255578
24 30 8.7191543879842914
24 31 8.4390949746895618
24 32 8.1587813404196474
24 33 7.8785160043623641
24 34 7.5984518915627834
24 35 7.3188487951049312
24 36 7.0398168977542497
24 37 6.7615751343427348
24 38 6.4841937094675233
24 39 6.2078529585887123
24 40 5.9325860895727018
24 41 5.658537392056461
24 42 5.3857061918621225
24 43 5.1142034995018832
24 44 4.8439979383736436
24 45 4.5751701522428894
24 46 4.3076612529734613
24 47 4.0415245212126365
24 48 3.7766767191989734
24 49 3.5131468171052918
24 50 3.2508303322144156
24 51 2.9897349902916668
24 52 2.7297380915807992
24 53 2.4708292393058882
24 54 2.2128705758734268
24 55 1.9558357697742124
24 56 1.6995713621077901
24 57 1.4440475019750059
24 58 1.1891703516561998
24 59 0.93487692349147933
24 60 0.67987316092062033
24 61 0.42234500101622202
24 62 0.17717902082268439
24 63 0
25 0 0
25 1 13.455551459281363
25 2 13.381471822008377
25 3 13.293342928526778
25 4 13.192899079840723
25 5 13.079768832116324
25 6 12.954950393875407
25 7 12.818982794443256
25 8 12.672427475589284
25 9 12.515760787824879
25 10 12.349613157882358
25 11 12.174479629869372
25 12 11.990995320600348
25 13 11.799642577079377
25 14 11.601049498648766
25 15 11.395680037439888
25 16 11.184145184277982
25 17 10.966883329912063
25 18 10.744479567577622
25 19 10.517341562047207
25 20 10.286021635516571
25 21 10.050893027813721
25 22 9.8124700298292851
25 23 9.5710890623701044
25 24 9.3272225919336531
25 25 9.0811689466879066
25 26 8.8333562730687341
25 27 8.5840444766620401
25 28 8.3336160204628182
25 29 8.0822928351482197
25 30 7.8304113099574231
25 31 7.5781564732599227
25 32 7.3258190730939212
25 33 7.0735487954895735
25 34 6.821591863572106
25 35 6.5700645468578385
25 36 6.3191702168851593
25 37 6.0689939131428234
25 38 5.8196982725024293
25 39 5.5713394624260548
25 40 5.324041845776331
25 41 5.0778351737468395
25 42 4.8328082532758261
25 43 4.5889669134721016
25 44 4.3463673077436837
25 45 4.104993829664318
25 46 3.8648730052984224
25 47 3.6259702375100646
25 48 3.3882855263146605
25 49 3.1517676637864827
25 50 2.9163932624792261
25 51 2.6820968010031714
25 52 2.4488346504786773
25 53 2.2165292443752334
25 54 1.9851199534686985
25 55 1.7545185109963064
25 56 1.5246474016946405
25 57 1.2954183217410018
25 58 1.0668055336441609
25 59 0.83869206704331456
25 60 0.60996808037748773
25 61 0.37895518830820674
25 62 0.15908141961964986
25 63 0
26 0 0
26 1 11.947432111450368
26 2 11.876102250148938
26 3 11.792261925905937
26 4 11.698011346962289
26 5 11.592819695799662
26 6 11.477539207656621
26 7 11.352725871474743
26 8 11.218799243119276
26 9 11.076247157857155
26 10 10.925540318833324
26 11 10.767200276613343
26 12 10.601686677724649
26 13 10.429519920484116
26 14 10.251141522654423
26 15 10.067064394573764
26 16 9.8777056340515124
26 17 9.6835623580153278
26 18 9.4850219211030247
26 19 9.2825592581048948
26 20 9.0765281810305609
26 21 8.8673764529435708
26 22 8.6554217695852476
26 23 8.4410810183095268
26 24 8.2246342891138386
26 25 8.0064650297111033
26 26 7.7868151599675342
26 27 7.566033120524466
26 28 7.3443228718639286
26 29 7.121997137727643
26 30 6.8992227647731355
26 31 6.6762767761457482
26 32 6.4532902566219628
26 33 6.2305051491800745
26 34 6.008018519730121
26 35 5.7860383444493957
26 36 5.5646297029031118
26 37 5.3439681111915442
26 38 5.1240888968677938
26 39 4.9051369283982371
26 40 4.6871201433659788
26 41 4.4701548050272315
26 42 4.2542238896604943
26 43 4.0394172635359267
26 44 3.8256953880481261
26 45 3.613124053323808
26 46 3.4016436324482839
26 47 3.1912982299263861
26 48 2.9820105098923149
26 49 2.773805318147466
26 50 2.5665899237614265
26 51 2.3603723487891553
26 52 2.155046703481696
26 53 1.9506066659905008
26 54 1.746935439428839
26 55 1.5440140612153839
26 56 1.3417142260977026
26 57 1.1400145023653341
26 58 0.93883544326547697
26 59 0.73812701366319011
26 60 0.53685123323568951
26 61 0.33359106112489773
26 62 0.14012727568049624
26 63 0
27 0 0
27 1 10.375085041525347
27 2 10.306798904585246
27 3 10.227588240854661
27 4 10.139996472038002
27 5 10.043239206446614
27 6 9.9381211544828876
27 7 9.8250859478504911
27 8 9.7045513418042884
27 9 9.5768513734247982
27 10 9.4424700917833775
27 11 9.3017598864059323
27 12 9.1552059857970232
27 13 9.0031459024613945
27 14 8.8460586573683031
27 15 8.6842649420062266
27 16 8.5182302710424214
27 17 8.3482538799211667
27 18 8.174781342021193
27 19 7.9980873481006043
27 20 7.8185925119175783
27 21 7.6365448852191404
27 22 7.4523362767170926
27 23 7.2661868923323141
27 24 7.0784569636320445
27 25 6.8893383960034988
27 26 6.6991580233714298
27 27 6.5080796199686777
27 28 6.3163956344464021
27 29 6.1242423840098343
27 30 5.931877662112675
27 31 5.7394113990006197
27 32 5.547067071556663
27 33 5.3549295919454316
27 34 5.163188966089721
27 35 4.9719066708391928
27 36 4.7812405008915997
27 37 4.5912302217733059
27 38 4.4020030073582088
27 39 4.2135787163422389
27 40 4.0260557491237279
27 41 3.8394358931670882
27 42 3.6537908157619357
27 43 3.4691060609714737
27 44 3.285428742036332
27 45 3.1027299503871117
27 46 2.9210345178681907
27 47 2.7403008162429825
27 48 2.5605337258139667
27 49 2.3816805608727645
27 50 2.2037286089231687
27 51 2.0266157084898064
27 52 1.8503139190412388
27 53 1.6747531523150752
27 54 1.4998926818130405
27 55 1.3256552902672438
27 56 1.1519874601520801
27 57 0.97881312336523041
27 58 0.8061191371156774
27 59 0.63380564482420054
27 60 0.46102775745494112
27 61 0.28652360860573822
27 62 0.12048105694466832
27 63 0
28 0 0
28 1 8.7490509488303339
28 2 8.6840757266786053
28 3 8.6098459540519752
28 4 8.5292876173968057
28 5 8.4414521677792642
28 6 8.3469786551036957
28 7 8.2463290836047172
28 8 8.139764572049744
28 9 8.0276310902581702
28 10 7.9102379935666081
28 11 7.7879645777603264
28 12 7.6611058973782722
28 13 7.5300378472227925
28 14 7.3950387355645129
28 15 7.2564785013864572
28 16 7.1146154317007735
28 17 6.9698077462262313
28 18 6.8222909216971113
28 19 6.6724071459691787
28 20 6.52036727232651
28 21 6.3664940650967399
28 22 6.2109726827224936
28 23 6.0541039386213367
28 24 5.8960468759067837
28 25 5.7370785998552831
28 26 5.5773321625567416
28 27 5.4170598811456729
28 28 5.2563693873460968
28 29 5.095487716546911
28 30 4.9344980059962689
28 31 4.7736020154167411
28 32 4.6128595863142214
28 33 4.452447627390419
28 34 4.2924040829826184
28 35 4.1328817794976205
28 36 3.9738982991593716
28 37 3.8155834316885411
28 38 3.6579360149459732
28 39 3.5010640648902069
28 40 3.3449493309220624
28 41 3.1896794836225553
28 42 3.0352208421750273
28 43 2.8816422813603091
28 44 2.7288963229936587
28 45 2.5770346798544024
28 46 2.425997663465544
28 47 2.2758215125070822
28 48 2.1264358557191771
28 49 1.977863176157578
28 50 1.83002387976099
28 51 1.6829284222695533
28 52 1.5364893744567758
28 53 1.3907069332074025
28 54 1.2454872251554172
28 55 1.1008213579474431
28 56 0.95660826437942059
28 57 0.81283768886492924
28 58 0.66944563862764483
28 59 0.52639829279363715
28 60 0.38293462428878688
28 61 0.23806596787574594
28 62 0.10022437892445402
28 63 0
29 0 0
29 1 7.0800292898640613
29 2 7.0186048787463466
29 3 6.9496130787177863
29 4 6.8764450048368975
29 5 6.7978841587081682
29 6 6.7145183061957532
29 7 6.6266854994346662
29 8 6.5346457168387353
29 9 6.438578908752584
29 10 6.3388081279406725
29 11 6.2355314283886329
29 12 6.1290697195112118
29 13 6.0196043067295602
29 14 5.9074512383108404
29 15 5.7927771110829305
29 16 5.6758888380951449
29 17 5.556936377979925
29 18 5.4362136122970446
29 19 5.3138529714777931
29 20 5.1901322701568962
29 21 5.0651659993058171
29 22 4.9392135559320653
29 23 4.8123715126432236
29 24 4.6848791360677975
29 25 4.5568154538543197
29 26 4.4283984604323461
29 27 4.2996902909785861
29 28 4.1708870309003663
29 29 4.042034787434889
29 30 3.9133075400644803
29 31 3.7847363847877817
29 32 3.6564733755841501
29 33 3.5285357138367202
29 34 3.4010540267231963
29 35 3.2740327930611253
29 36 3.1475819755203704
29 37 3.0216945209286679
29 38 2.8964607035633758
29 39 2.771863117692118
29 40 2.6479734946267759
29 41 2.524765221401247
29 42 2.4022927620183223
29 43 2.2805213906430724
29 44 2.1594896762095561
29 45 2.0391558119934983
29 46 1.919543912360625
29 47 1.8006060525948446
29 48 1.6823533780340518
29 49 1.5647327373780067
29 50 1.4477438191579033
29 51 1.3313290637528232
29 52 1.2154782260281767
29 53 1.1001301241093522
29 54 0.98526616623037044
29 55 0.87082177167277175
29 56 0.75676987514117944
29 57 0.643048232373849
29 58 0.52965792318280336
29 59 0.41651819951532815
29 60 0.30306728161653235
29 61 0.18848492784393195
29 62 0.079518170685491565
29 63 0
30 0 0
30 1 5.3785990292403261
30 2 5.3209284061701263
30 3 5.2574447116080947
30 4 5.1919234560218355
30 5 5.1229844822337931
30 6 5.051037203641588
30 7 4.9764385425779532
30 8 4.8992827380921566
30 9 4.8197619750733658
30 10 4.738015309120339
30 11 4.6542679130680851
30 12 4.5686414386591343
30 13 4.4813557578112651
30 14 4.3925175183843619
30 15 4.3023427259137943
30 16 4.2109229065322751
30 17 4.1184671474750481
30 18 4.0250517086167328
30 19 3.9308766439757741
30 20 3.8360031922438678
30 21 3.7406206607729939
30 22 3.6447757388541921
30 23 3.5486456806608961
30 24 3.4522632892672047
30 25 3.3557928287577323
30 26 3.2592540223268269
30 27 3.1627975396478019
30 28 3.0664309311265616
30 29 2.9702909625527152
30 30 2.874373981592047
30 31 2.7788027982446923
30 32 2.6835635577520578
30 33 2.5887652840060773
30 34 2.4943849228787967
30 35 2.4005180694068362
30 36 2.3071334534127184
30 37 2.2143137543461546
30 38 2.1220204318851601
30 39 2.0303238904262764
30 40 1.9391792147562852
30 41 1.8486452762912144
30 42 1.7586716203167414
30 43 1.6693064062815237
30 44 1.5804944098560334
30 45 1.492273959022689
30 46 1.4045857616856103
30 47 1.3174592379493872
30 48 1.2308316618865509
30 49 1.1447244991412662
30 50 1.0590721584110598
30 51 0.97388912123974825
30 52 0.88910743639900047
30 53 0.80473561167577479
30 54 0.72070383506714042
30 55 0.63701524443894775
30 56 0.5535972797986547
30 57 0.47045285103246887
30 58 0.38753398744019946
30 59 0.30482543966530834
30 60 0.22185690523789339
30 61 0.13808866584831198
30 62 0.058443694443643848
30 63 0
31 0 0
31 1 3.6554748164253352
31 2 3.601738236930065
31 3 3.5439330040338066
31 4 3.4863003996289899
31 5 3.4271891174200566
31 6 3.366954856378098
31 7 3.3058240094168565
31 8 3.2438901244009259
31 9 3.1811730184457683
31 10 3.11782559772
31 11 3.0538854858280775
31 12 2.9895003187697093
31 13 2.9246893246391581
31 14 2.8595970065633773
31 15 2.794230313329447
31 16 2.7287295000942895
31 17 2.6630900979990511
31 18 2.5974468633776411
31 19 2.5317852748253995
31 20 2.4662336097519777
31 21 2.4007685995717085
31 22 2.3355112306053818
31 23 2.2704307502596
31 24 2.2056402192782345
31 25 2.1411026009072129
31 26 2.0769225651881698
31 27 2.0130579126182075
31 28 1.9496046174881565
31 29 1.8865163488160768
31 30 1.8238802288169704
31 31 1.7616467278978831
31 32 1.6998940959213853
31 33 1.6385704341205143
31 34 1.5777452222752961
31 35 1.5173649163514893
31 36 1.457490437006407
31 37 1.3980672137928472
31 38 1.339147914085848
31 39 1.28067745749356
31 40 1.2227006454240219
31 41 1.1651623060831873
31 42 1.1080998309817378
31 43 1.0514582834060215
31 44 0.99526815799379231
31 45 0.93947499444812654
31 46 0.88410294979796755
31 47 0.82909820396386924
31 48 0.77447917235487296
31 49 0.72019276961423151
31 50 0.66625229410471509
31 51 0.61260542679447649
31 52 0.55926099356681502
31 53 0.50616744385098977
31 54 0.45332982900074087
31 55 0.40069700495185401
31 56 0.34826999900427397
31 57 0.29600117067064113
31 58 0.24390695609724988
31 59 0.19192676819803772
31 60 0.1397930027707282
31 61 0.087141419311634188
31 62 0.037159695327371831
31 63 0
32 0 0
32 1 1.921256710421307
32 2 1.8715917968334059
32 3 1.8196497255226505
32 4 1.7700421366949004
32 5 1.720960145859171
32 6 1.6725757735666522
32 7 1.6251338620669422
32 8 1.5785589962463122
32 9 1.5328834153825386
32 10 1.4880726066476513
32 11 1.4441913666726092
32 12 1.4011848030385914
32 13 1.3591107759116818
32 14 1.3179013103496322
32 15 1.2776128230964769
32 16 1.2381673367958188
32 17 1.1996195652620019
32 18 1.1618840602583287
32 19 1.1250139705221178
32 20 1.0889186972904734
32 21 1.0536498244082739
32 22 1.0191136237844209
32 23 0.98536004666915034
32 24 0.95229397990611631
32 25 0.91996362856573233
32 26 0.88827397337796909
32 27 0.85727133517657239
32 28 0.82686201764771905
32 29 0.79709031265211938
32 30 0.76786484311112646
32 31 0.73922773493723437
32 32 0.71109071211927322
32 33 0.68349361667011199
32 34 0.65635186008498592
32 35 0.62970290989211852
32 36 0.6034662754340846
32 37 0.57767699227131297
32 38 0.55225892094807649
32 39 0.52724464414370265
32 40 0.50256248854625607
32 41 0.47824260116441042
32 42 0.45421776909180761
32 43 0.43051575898449129
32 44 0.40707370858496034
32 45 0.38391709636795013
32 46 0.36098721236232906
32 47 0.33830737367002406
32 48 0.31582274968393254
32 49 0.29355465486509524
32 50 0.27145180325737311
32 51 0.24953369242756884
32 52 0.22775219423537119
32 53 0.20612521742743056
32 54 0.18460738946780247
32 55 0.1632150524041078
32 56 0.14190457668527184
32 57 0.12069321955232136
32 58 0.099549078001985064
32 59 0.078476888628758373
32 60 0.057303739428051198
32 61 0.035948767654419914
32 62 0.015747275271995282
32 63 0
33 0 0
33 1 0.1866655847169299
33 2 0.14118873869281739
33 3 0.095192310543661021
33 4 0.053732289297640692
33 5 0.014736941482152733
33 6 -0.02167642436046191
33 7 -0.05539491094582577
33 8 -0.086494370314988148
33 9 -0.11511525357974343
33 10 -0.14127824951821377
33 11 -0.16510650836912719
33 12 -0.18662893352690044
33 13 -0.20598859451299112
33 14 -0.22321559947835423
33 15 -0.23846279387879765
33 16 -0.25175941303338656
33 17 -0.26326442905952219
33 18 -0.27300478216487273
33 19 -0.28114196091077087
33 20 -0.28769951772397445
33 21 -0.29283844620281629
33 22 -0.29657817542903414
33 23 -0.29907670963325317
33 24 -0.30034890898989497
33 25 -0.30054777260112392
33 26 -0.2996833847102704
33 27 -0.29790215873372539
33 28 -0.29520938605869107
33 29 -0.29174370513270881
33 30 -0.28750574422371761
33 31 -0.28262552525100354
33 32 -0.27709925149711856
33 33 -0.27104779223927289
33 34 -0.26446323931003796
33 35 -0.25745703837102579
33 36 -0.25001753090595691
33 37 -0.24224669533077489
33 38 -0.23412950853003472
33 39 -0.22575863049163003
33 40 -0.21711606555251903
33 41 -0.20828546480131765
33 42 -0.1992462441997567
33 43 -0.19007348774605456
33 44 -0.1807443888543617
33 45 -0.1713260134374541
33 46 -0.16179367263704758
33 47 -0.15220704872294968
33 48 -0.14253988089596203
33 49 -0.13284516892241749
33 50 -0.1230953582639415
33 51 -0.11333751969122761
33 52 -0.10354305238474876
33 53 -0.093753878437609961
33 54 -0.083940554180507609
33 55 -0.074140795320387323
33 56 -0.064324687117003801
33 57 -0.054525313399635678
33 58 -0.044710270137682688
33 59 -0.034919892111707769
33 60 -0.02512364006574937
33 61 -0.01522600904213167
33 62 -0.0056356625699047307
33 63 0
34 0 0
34 1 -1.5376949193585523
34 2 -1.5789110587200446
34 3 -1.6188653868168681
34 4 -1.6521616734870066
34 5 -1.6810175257842126
34 6 -1.7054971389088673
34 7 -1.7254705019731427
34 8 -1.7411796969758735
34 9 -1.7527526705188055
34 10 -1.7603949984290557
34 11 -1.7642027532335023
34 12 -1.7644047612461713
34 13 -1.7611055044076744
34 14 -1.7545449833409175
34 15 -1.7448266103456791
34 16 -1.7321953425004786
34 17 -1.7167509983473788
34 18 -1.698738331290645
34 19 -1.6782511869311898
34 20 -1.6555297569841576
34 21 -1.6306602090053084
34 22 -1.603874630118558
34 23 -1.5752503457424143
34 24 -1.5450085318759714
34 25 -1.5132169678290517
34 26 -1.4800837777999274
34 27 -1.4456668716931316
34 28 -1.410159774884348
34 29 -1.3736105122243485
34 30 -1.336196985990928
34 31 -1.2979575620277206
34 32 -1.2590539496646476
34 33 -1.2195152651150527
34 34 -1.1794868447104283
34 35 -1.1389890971161651
34 36 -1.0981511352943158
34 37 -1.0569852921509191
34 38 -1.0156048815380914
34 39 -0.97401484640315283
34 40 -0.93231335075289201
34 41 -0.89049865852115628
34 42 -0.84865461410749732
34 43 -0.80677351591136159
34 44 -0.76492586151125597
34 45 -0.72309868278967382
34 46 -0.68135021290440523
34 47 -0.63966288976171748
34 48 -0.59808384645723411
34 49 -0.55659156512066899
34 50 -0.5152233022159376
34 51 -0.47395418484653545
34 52 -0.43281285858481466
34 53 -0.39177165135144759
34 54 -0.35085188926505961
34 55 -0.31002366055705466
34 56 -0.26930209688608781
34 57 -0.22865523889079184
34 58 -0.18809940723313631
34 59 -0.14760942686816847
34 60 -0.1070612562620302
34 61 -0.06607759958992207
34 62 -0.026908004828930847
34 63 0
35 0 0
35 1 -3.2411067082202285
35 2 -3.2780123361635818
35 3 -3.3119295335899959
35 4 -3.3370610079917298
35 5 -3.3558674983368308
35 6 -3.3684674678049036
35 7 -3.3748590925849205
35 8 -3.3752848363740839
35 9 -3.3700396336411655
35 10 -3.3593154435285464
35 11 -3.3433907742371476
35 12 -3.3224685842824133
35 13 -3.2968488056008329
35 14 -3.2667336655792343
35 15 -3.2324305395836235
35 16 -3.1941357208573895
35 17 -3.1521576843589099
35 18 -3.1066827450868151
35 19 -3.0580146984726007
35 20 -3.0063267530298092
35 21 -2.9519133616417039
35 22 -2.8949323678029644
35 23 -2.8356651917455529
35 24 -2.7742528007653369
35 25 -2.710960769823191
35 26 -2.6459123168732654
35 27 -2.5793551369616865
35 28 -2.5113943591893144
35 29 -2.4422584448829134
35 30 -2.3720345317533793
35 31 -2.3009310813950465
35 32 -2.2290176867299638
35 33 -2.1564825439661548
35 34 -2.0833784186463258
35 35 -2.0098733955429875
35 36 -1.9360043324738994
35 37 -1.8619197029512127
35 38 -1.7876415200999496
35 39 -1.713299426945468
35 40 -1.638901748839652
35 41 -1.5645603019393015
35 42 -1.4902709340020657
35 43 -1.4161288108048871
35 44 -1.3421185335423629
35 45 -1.2683199245080632
35 46 -1.1947075653003827
35 47 -1.1213473367053126
35 48 -1.048205005445362
35 49 -0.97533397899593399
35 50 -0.90269237921378442
35 51 -0.83032265260948335
35 52 -0.75817640563034416
35 53 -0.68628666268275995
35 54 -0.61459961028527987
35 55 -0.54314035238659086
35 56 -0.47185014832582234
35 57 -0.4007483990003336
35 58 -0.32978665242215799
35 59 -0.25898586141082763
35 60 -0.18802047881742823
35 61 -0.11634210773862227
35 62 -0.047911354139744289
35 63 0
36 0 0
36 1 -4.9129800870748976
36 2 -4.9455656932818988
36 3 -4.9734387809105325
36 4 -4.9905073815094267
36 5 -4.9993609998930344
36 6 -5.0002900331493843
36 7 -4.9932777838813411
36 8 -4.9787243347915062
36 9 -4.9569121533661811
36 10 -4.9282096720579975
36 11 -4.8928685774481222
36 12 -4.8512833366687893
36 13 -4.8037154599458765
36 14 -4.750568879060177
36 15 -4.6921016755556897
36 16 -4.6287180503885557
36 17 -4.5606674466671109
36 18 -4.488346671650433
36 19 -4.4119919870550897
36 20 -4.3319865027883999
36 21 -4.2485499417030965
36 22 -4.1620467135239494
36 23 -4.0726776381116361
36 24 -3.980784591631791
36 25 -3.88654798382011
36 26 -3.7902843678815143
36 27 -3.6921529590920072
36 28 -3.5924431171236573
36 29 -3.4912926760102039
36 30 -3.3889627290743638
36 31 -3.2855700251204722
36 32 -3.1813470011541636
36 33 -3.0763899964649015
36 34 -2.9709029775066047
36 35 -2.8649628386005119
36 36 -2.7587457389320522
36 37 -2.6523103026715145
36 38 -2.5458059339171033
36 39 -2.4392743052354393
36 40 -2.3328394280302751
36 41 -2.2265274304488472
36 42 -2.1204385350974575
36 43 -2.0145847771037055
36 44 -1.9090443767593841
36 45 -1.8038167371228881
36 46 -1.6989599957268622
36 47 -1.5944623681884138
36 48 -1.4903639212831443
36 49 -1.3866430932475005
36 50 -1.2833239519126041
36 51 -1.1803765225558933
36 52 -1.0778109819592385
36 53 -0.97559026141924332
36 54 -0.87371279357923082
36 55 -0.77213554082647029
36 56 -0.67084641502110876
36 57 -0.56979922753743284
36 58 -0.46899572337269746
36 59 -0.36839079951532039
36 60 -0.26757099540866686
36 61 -0.16571216531751842
36 62 -0.068564415199373438
36 63 0
37 0 0
37 1 -6.5426086905717069
37 2 -6.5708922890568058
37 3 -6.5928117207605403
37 4 -6.6019379110652796
37 5 -6.6010728516690991
37 6 -6.5905594084453858
37 7 -6.5705002606302143
37 8 -6.5412960407829193
37 9 -6.5033846301911789
37 10 -6.4571212538741483
37 11 -6.4029287522104079
37 12 -6.3411759933902978
37 13 -6.2723088176201109
37 14 -6.1966936024980477
37 15 -6.1147816981675698
37 16 -6.0269288298494024
37 17 -5.9335830001067658
37 18 -5.8350827452386191
37 19 -5.7318649139666844
37 20 -5.6242457813629683
37 21 -5.5126448261081098
37 22 -5.3973523394186289
37 23 -5.2787656051929188
37 24 -5.1571463852014929
37 25 -5.0328661880352339
37 26 -4.9061567151074401
37 27 -4.7773612130673229
37 28 -4.6466806508759779
37 29 -4.5144284751779606
37 30 -4.3807749634511364
37 31 -4.2460030349997728
37 32 -4.1102528961304348
37 33 -3.9737768939017584
37 34 -3.8366862426625796
37 35 -3.6992032373808978
37 36 -3.5614115320178485
37 37 -3.4235043490399732
37 38 -3.2855394734192456
37 39 -3.1476824006233755
37 40 -3.0099669190676184
37 41 -2.8725324272059201
37 42 -2.7353907047239621
37 43 -2.5986568978731204
37 44 -2.4623228275434106
37 45 -2.3264813889895177
37 46 -2.1911065144556425
37 47 -2.0562709578988736
37 48 -1.9219328217573879
37 49 -1.7881468985285471
37 50 -1.6548574858366061
37 51 -1.5221036351789752
37 52 -1.3898178174419864
37 53 -1.258025594230137
37 54 -1.1266495662889153
37 55 -0.99570382929574797
37 56 -0.8651017253220914
37 57 -0.73485065317545784
37 58 -0.60488655546129944
37 59 -0.47521281767602713
37 60 -0.34521912638627106
37 61 -0.21392167300282314
37 62 -0.088706958655802734
37 63 0
38 0 0
38 1 -8.1194339919420973
38 2 -8.1434659372131772
38 3 -8.1595138578559574
38 4 -8.1609135598887264
38 5 -8.1505737673017311
38 6 -8.1289926565737414
38 7 -8.096261160247451
38 8 -8.0529232735547502
38 9 -7.9994046058027219
38 10 -7.9362227740897451
38 11 -7.8637742451613466
38 12 -7.7826053693753297
38 13 -7.6931238833456677
38 14 -7.595884252157405
38 15 -7.4912888046355084
38 16 -7.3798882044444953
38 17 -7.2620716624917909
38 18 -7.1383760779774086
38 19 -7.0091709799721995
38 20 -6.8749714000944842
38 21 -6.7361222722720884
38 22 -6.5931103945248557
38 23 -6.446252598917483
38 24 -6.2960026435153091
38 25 -6.1426469727904527
38 26 -5.9866028843288834
38 27 -5.8281251873199862
38 28 -5.6675925124821251
38 29 -5.5052276521808414
38 30 -5.3413694128045135
38 31 -5.176208896004626
38 32 -5.0100448193696607
38 33 -4.8430374842705763
38 34 -4.6754460034149457
38 35 -4.5074012054349275
38 36 -4.3391236985589359
38 37 -4.1707164925072879
38 38 -4.0023632895033963
38 39 -3.8341411658014857
38 40 -3.66619890957735
38 41 -3.498589701532
38 42 -3.3314297104088877
38 43 -3.1647503471662262
38 44 -2.9986376809605493
38 45 -2.8331035155838826
38 46 -2.6682065010430041
38 47 -2.5039409943745099
38 48 -2.3403410148403192
38 49 -2.1773856027878873
38 50 -2.0150870012673527
38 51 -1.8534110147854623
38 52 -1.692351000326378
38 53 -1.5318615655276013
38 54 -1.3719201282417126
38 55 -1.2124717578429227
38 56 -1.0534792394295058
38 57 -0.89488343689138494
38 58 -0.73667301938173779
38 59 -0.57878441231252675
38 60 -0.42052936030119836
38 61 -0.26065885719166693
38 62 -0.10825731795006757
38 63 0
39 0 0
39 1 -9.6327701560727768
39 2 -9.6526359753780397
39 3 -9.6629848801505016
39 4 -9.6568980510518294
39 5 -9.6374560052208977
39 6 -9.6052064112946507
39 7 -9.5603459654928393
39 8 -9.5034196480672932
39 9 -9.4349913391498479
39 10 -9.3555660996528545
39 11 -9.2656947697832219
39 12 -9.1658985586593076
39 13 -9.0567530176167761
39 14 -8.9387754410809794
39 15 -8.8125455490659466
39 16 -8.6785658632350753
39 17 -8.5374091667525871
39 18 -8.3895543850082319
39 19 -8.235557737011348
39 20 -8.0758676809722001
39 21 -7.911016245325027
39 22 -7.7414163283065864
39 23 -7.5675698968774956
39 24 -7.3898507592223961
39 25 -7.2087265141947023
39 26 -7.024529704594185
39 27 -6.837690625370846
39 28 -6.6484995330389038
39 29 -6.457347667529314
39 30 -6.2644829442160015
39 31 -6.0702568057715869
39 32 -5.8748755638357526
39 33 -5.6786509675200758
39 34 -5.4817490969684215
39 35 -5.2844428089066655
39 36 -5.0868598189396561
39 37 -4.8892354569944905
39 38 -4.6916613133174874
39 39 -4.4943370036910117
39 40 -4.2973204993241154
39 41 -4.1007778598137401
39 42 -3.9047361225146173
39 43 -3.7093302074209991
39 44 -3.5145590096932753
39 45 -3.3205289125417985
39 46 -3.1272135094583193
39 47 -2.9346933768661083
39 48 -2.7429196518996686
39 49 -2.551949914410431
39 50 -2.3617156630490914
39 51 -2.1722543350009347
39 52 -1.9834805606377199
39 53 -1.7954145292287294
39 54 -1.6079567679934728
39 55 -1.4211127112450441
39 56 -1.2347695096827325
39 57 -1.0489250085399502
39 58 -0.86350048247429978
39 59 -0.67848447223145425
39 60 -0.49299924577669152
39 61 -0.30565378132136817
39 62 -0.12705208515776945
39 63 0
40 0 0
40 1 -11.072106418869312
40 2 -11.087911772944679
40 3 -11.092731012468567
40 4 -11.079481520290425
40 5 -11.051324302939882
40 6 -11.008939229251006
40 7 -10.952515238473092
40 8 -10.882721151946521
40 9 -10.800108989396939
40 10 -10.705326806585731
40 11 -10.598899759832191
40 12 -10.481507223697378
40 13 -10.353687165818306
40 14 -10.21612620609573
40 15 -10.069355495017309
40 16 -9.9140546096675308
40 17 -9.7507379419834983
40 18 -9.5800660395540298
40 19 -9.4025281575342152
40 20 -9.2187561113867602
40 21 -9.0292076913342587
40 22 -8.8344783847440134
40 23 -8.6349899526800264
40 24 -8.4312958504132602
40 25 -8.2237787833371545
40 26 -8.0129461493365071
40 27 -7.7991398860103995
40 28 -7.5828187776262856
40 29 -7.3642833855456074
40 30 -7.143942591988516
40 31 -6.922055882233523
40 32 -6.6989820262975615
40 33 -6.4749404649604516
40 34 -6.2502405487510719
40 35 -6.0250632789831586
40 36 -5.7996700225662945
40 37 -5.5742053815034796
40 38 -5.3488847749526967
40 39 -5.1238187620436282
40 40 -4.8991793237773757
40 41 -4.6750455491025313
40 42 -4.4515488546598325
40 43 -4.2287395659124245
40 44 -4.0067116798611373
40 45 -3.785489533400292
40 46 -3.5651330417315119
40 47 -3.3456433455568462
40 48 -3.1270497459412243
40 49 -2.909332959841874
40 50 -2.6924952213849886
40 51 -2.4764995499312099
40 52 -2.2613247023803851
40 53 -2.0469186940632085
40 54 -1.8332404743524802
40 55 -1.6202251984455545
40 56 -1.4078133803482549
40 57 -1.1959349880627246
40 58 -0.98456755953395692
40 59 -0.77363141438271155
40 60 -0.56218520520032145
40 61 -0.34858786756014221
40 62 -0.14500899420035712
40 63 0
41 0 0
41 1 -12.426786038721005
41 2 -12.438682173271779
41 3 -12.438221464059614
41 4 -12.418164657928857
41 5 -12.381795051541365
41 6 -12.329838112968091
41 7 -12.262570502241784
41 8 -12.180662788884529
41 9 -12.084782995494502
41 10 -11.975567572535212
41 11 -11.853674171309427
41 12 -11.719757731152132
41 13 -11.574502484414753
41 14 -11.418558484821014
41 15 -11.252613526378175
41 16 -11.07729957558678
41 17 -10.893294980404024
41 18 -10.701202788125606
41 19 -10.501680720867432
41 20 -10.295294436116738
41 21 -10.082672181647581
41 22 -9.8643358926805149
41 23 -9.6408775441815262
41 24 -9.4127709062863545
41 25 -9.1805667073006259
41 26 -8.9446877551460275
41 27 -8.7056401554344891
41 28 -8.463794366785736
41 29 -8.2196098761695122
41 30 -7.9734045932915789
41 31 -7.7255905654666259
41 32 -7.4764339351561606
41 33 -7.2262994741933451
41 34 -6.9754031331138293
41 35 -6.7240633850558638
41 36 -6.472448189782197
41 37 -6.2208313566941307
41 38 -5.969335534269522
41 39 -5.7181920252801488
41 40 -5.4674811974470057
41 41 -5.2173944083275963
41 42 -4.9679730187767914
41 43 -4.719371306542584
41 44 -4.4715950538550953
41 45 -4.2247645442879422
41 46 -3.9788534924792285
41 47 -3.7339514253261878
41 48 -3.4900035282153237
41 49 -3.2470719063430606
41 50 -3.0050767401938843
41 51 -2.7640561028069834
41 52 -2.523908652901651
41 53 -2.2846518790083707
41 54 -2.0461664174166629
41 55 -1.8084520641898056
41 56 -1.5713722695922419
41 57 -1.3349184800648557
41 58 -1.0989986861182013
41 59 -0.86359015670306427
41 60 -0.62757219216135474
41 61 -0.38918562722713623
41 62 -0.16196009637939723
41 63 0
42 0 0
42 1 -13.686361671619673
42 2 -13.694503852750664
42 3 -13.689016328823904
42 4 -13.662576226739828
42 5 -13.618517808576954
42 6 -13.557669917328068
42 7 -13.480306278187966
42 8 -13.387197032501266
42 9 -13.278999048794752
42 10 -13.15646753956865
42 11 -13.020235470595109
42 12 -12.871091780293472
42 13 -12.709683905709579
42 14 -12.536807708254649
42 15 -12.353103105993307
42 16 -12.159356656402736
42 17 -11.956188933817355
42 18 -11.744363527988739
42 19 -11.524471745357044
42 20 -11.297243158777787
42 21 -11.063232249816521
42 22 -10.82312592009446
42 23 -10.577436319995892
42 24 -10.326801178989719
42 25 -10.07168660437241
42 26 -9.8126765639868303
42 27 -9.5501889511195994
42 28 -9.2847510566536755
42 29 -9.0167316900659369
42 30 -8.7465999964835088
42 31 -8.4746759100975293
42 32 -8.201370193834876
42 33 -7.926954990408408
42 34 -7.6517834782917618
42 35 -7.3760817860623051
42 36 -7.1001471592382757
42 37 -6.8241620233200795
42 38 -6.5483700343274718
42 39 -6.2729126214726723
42 40 -5.9979827438650046
42 41 -5.7236838201364835
42 42 -5.4501614301579
42 43 -5.1774841498822024
42 44 -4.9057538168537596
42 45 -4.6350074364079124
42 46 -4.3653069713919477
42 47 -4.0966611718278605
42 48 -3.8290961519302376
42 49 -3.5625957193796576
42 50 -3.2971542665399718
42 51 -3.0327339360352132
42 52 -2.7693015827946628
42 53 -2.5068009450958528
42 54 -2.2451756337633038
42 55 -1.984353547224994
42 56 -1.724256470315787
42 57 -1.4648062346966111
42 58 -1.2059715651960308
42 59 -0.94765989233169101
42 60 -0.68870554313445731
42 61 -0.4271192032140313
42 62 -0.17782223859585519
42 63 0
43 0 0
43 1 -14.840213898383238
43 2 -14.844815886927043
43 3 -14.834622419901264
43 4 -14.802263713965507
43 5 -14.751139565306783
43 6 -14.682119940016484
43 7 -14.595544296652038
43 8 -14.492185691551279
43 9 -14.372790177174448
43 10 -14.238102684195541
43 11 -14.088862216458637
43 12 -13.925834307257034
43 13 -13.749786543033961
43 14 -13.561479116958743
43 15 -13.361683381514219
43 16 -13.151139079959727
43 17 -12.930606840636427
43 18 -12.700793463639668
43 19 -12.462436449143221
43 20 -12.216199835192011
43 21 -11.96278815703179
43 22 -11.702815287393021
43 23 -11.436945222376181
43 24 -11.165736411346177
43 25 -10.889806751323514
43 26 -10.609655886808607
43 27 -10.325851821118542
43 28 -10.038833628689254
43 29 -9.7491171511744401
43 30 -9.4570804972876612
43 31 -9.1631863811591394
43 32 -8.8677526901580492
43 33 -8.5711891396279665
43 34 -8.2737550702725819
43 35 -7.9758082333737574
43 36 -7.677551839496763
43 37 -7.3792934478163703
43 38 -7.0811831306422288
43 39 -6.7834806155522793
43 40 -6.4862862593196065
43 41 -6.1898147780732078
43 42 -5.8941205435415656
43 43 -5.599376430266358
43 44 -5.3055947606602558
43 45 -5.0129099952360257
43 46 -4.7212964648224149
43 47 -4.4308538257525694
43 48 -4.1415225316486
43 49 -3.8533711664991204
43 50 -3.5663104282513438
43 51 -3.2803816339545047
43 52 -2.9954698206957246
43 53 -2.7115929265933585
43 54 -2.4286144653489194
43 55 -2.1465322005217309
43 56 -1.8651890607293056
43 57 -1.5845738681709449
43 58 -1.3045830866715209
43 59 -1.0251870545704918
43 60 -0.74505365276106994
43 61 -0.46210572640866476
43 62 -0.19242154747637188
43 63 0
44 0 0
44 1 -15.877973217968309
44 2 -15.879233227093797
44 3 -15.86466590256304
44 4 -15.826903401332013
44 5 -15.769364783586296
44 6 -15.692989802915925
44 7 -15.598120601101268
44 8 -15.485601430653929
44 9 -15.356168285080974
44 10 -15.210656386810969
44 11 -15.049781442575316
44 12 -14.874414519379378
44 13 -14.685287547182032
44 14 -14.483278742059843
44 15 -14.269112593312988
44 16 -14.043656808970898
44 17 -13.807615149628726
44 18 -13.561829885501725
44 19 -13.306972905452886
44 20 -13.043848950762589
44 21 -12.773089484133097
44 22 -12.49545221693562
44 23 -12.211521886138335
44 24 -11.922002005861287
44 25 -11.62742626814315
44 26 -11.328438897316936
44 27 -11.025519929783986
44 28 -10.719251028841182
44 29 -10.410057414973705
44 30 -10.098456497325872
44 31 -9.7848187302228506
44 32 -9.4695969247824774
44 33 -9.153107809183723
44 34 -8.8357403899714395
44 35 -8.5177595020145969
44 36 -8.1994920848672042
44 37 -7.8811535314216474
44 38 -7.5630112224262387
44 39 -7.2452340273999649
44 40 -6.9280328935288837
44 41 -6.6115334240881207
44 42 -6.2958937412406399
44 43 -5.9811996703362595
44 44 -5.6675604857595658
44 45 -5.3550258671012934
44 46 -5.0436604905864719
44 47 -4.7334815970933191
44 48 -4.4245137074793073
44 49 -4.1167453534430276
44 50 -3.8101654726078538
44 51 -3.504737599941818
44 52 -3.200419742840928
44 53 -2.8971541582949438
44 54 -2.5948727195248789
44 55 -2.2934993093209437
44 56 -1.9929411077098937
44 57 -1.6931151894169181
44 58 -1.3939840592057946
44 59 -1.0954462418361028
44 60 -0.79614754925431241
44 61 -0.49380548512377764
44 62 -0.20567361564174969
44 63 0
45 0 0
45 1 -16.789065328119953
45 2 -16.787255141785923
45 3 -16.768698831393007
45 4 -16.726098723288292
45 5 -16.662877221003868
45 6 -16.580010532262676
45 7 -16.477881186030018
45 8 -16.357338007116329
45 9 -16.219175492615285
45 10 -16.064220364547765
45 11 -15.893263960197988
45 12 -15.70715538520758
45 13 -15.506716608233736
45 14 -15.292791455018151
45 15 -15.06620667820818
45 16 -14.827784313985594
45 17 -14.578340411831304
45 18 -14.318661474002015
45 19 -14.049539602588817
45 20 -13.771714901033295
45 21 -13.485944978464202
45 22 -13.192915274303521
45 23 -12.893340742876386
45 24 -12.587846213852931
45 25 -12.277097949664274
45 26 -11.961656262876122
45 27 -11.642134552552971
45 28 -11.319026472058207
45 29 -10.992890003137848
45 30 -10.664151503149576
45 31 -10.33331236682848
45 32 -10.000732281254935
45 33 -9.6668560532638192
45 34 -9.3319783650992942
45 35 -8.9964884077607579
45 36 -8.6606183626339508
45 37 -8.3247035745533324
45 38 -7.9889168878773322
45 39 -7.6535422138691036
45 40 -7.318696727501826
45 41 -6.9846158275697432
45 42 -6.6513650573095422
45 43 -6.3191346176756822
45 44 -5.9879427154226015
45 45 -5.6579379651238835
45 46 -5.3290956977459825
45 47 -5.0015267700011661
45 48 -4.6751681898936654
45 49 -4.3500970374832297
45 50 -4.0262165862798671
45 51 -3.7035742208527438
45 52 -3.3820440643933871
45 53 -3.0616480006694324
45 54 -2.7422356605154827
45 55 -2.4238068399429293
45 56 -2.106187706683627
45 57 -1.7893687372464706
45 58 -1.4732368985905617
45 59 -1.1577605965025113
45 60 -0.84143492768573735
45 61 -0.52192625654113511
45 62 -0.21739723441114919
45 63 0
46 0 0
46 1 -17.563211478497834
46 2 -17.558564852252328
46 3 -17.536424477833076
46 4 -17.489581667047151
46 5 -17.421445443460897
46 6 -17.333024554845306
46 7 -17.224710585192209
46 8 -17.0973918216059
46 9 -16.951854292005891
46 10 -16.788983004285114
46 11 -16.609547870173301
46 12 -16.414471414218237
46 13 -16.204541532480071
46 14 -15.980688602259846
46 15 -15.743693935335473
46 16 -15.494477247049353
46 17 -15.23379899725372
46 18 -14.962552512395483
46 19 -14.68146542004377
46 20 -14.391391878464416
46 21 -14.09301740753142
46 22 -13.787146902877117
46 23 -13.474416868961569
46 24 -13.155575269557239
46 25 -12.831204773486988
46 26 -12.501990905332132
46 27 -12.168459487476161
46 28 -11.831230002058
46 29 -11.490769959041305
46 30 -11.147630851527108
46 31 -10.802221708727473
46 32 -10.455025511622638
46 33 -10.106393711307508
46 34 -9.7567414608918224
46 35 -9.4063644025888404
46 36 -9.0556115557251164
46 37 -8.704725208276944
46 38 -8.3539907718365498
46 39 -8.0036001622511233
46 40 -7.653778383440085
46 41 -7.3046703534464354
46 42 -6.9564444043722542
46 43 -6.6092021094387743
46 44 -6.263059281501528
46 45 -5.9180779873667531
46 46 -5.5743259890966073
46 47 -5.2318297964264193
46 48 -4.8906138212809562
46 49 -4.5506730191152052
46 50 -4.2119933162835936
46 51 -3.8745421255043784
46 52 -3.5382718631700922
46 53 -3.2031264460322415
46 54 -2.8690299370194827
46 55 -2.5359059020610881
46 56 -2.2036514876574613
46 57 -1.8721828919854224
46 58 -1.5414591368378896
46 59 -1.2113744762532852
46 60 -0.88042903623399826
46 61 -0.54611377753678447
46 62 -0.22750627440093615
46 63 0
47 0 0
47 1 -18.189889737002595
47 2 -18.182730851668126
47 3 -18.157447220353216
47 4 -18.107019935448843
47 5 -18.034795754335061
47 6 -17.941815447635701
47 7 -17.828482952844585
47 8 -17.695693371133803
47 9 -17.544257480138498
47 10 -17.375054121054738
47 11 -17.188895200353187
47 12 -16.986683238974447
47 13 -16.769262725643895
47 14 -16.537531403338264
47 15 -16.292340297325715
47 16 -16.034565032571301
47 17 -15.765047228129959
47 18 -15.484625861279479
47 19 -15.194119494926165
47 20 -14.89431889818341
47 21 -14.586008647460659
47 22 -14.269922426461722
47 23 -13.946802302574543
47 24 -13.617318402367109
47 25 -13.282163912024908
47 26 -12.94194105383942
47 27 -12.597289653806435
47 28 -12.248741533476387
47 29 -11.896880326944201
47 30 -11.542166547442378
47 31 -11.185126221674777
47 32 -10.826148990327548
47 33 -10.465703060065993
47 34 -10.104108751709145
47 35 -9.7417772480436913
47 36 -9.3789620140934122
47 37 -9.0160188398178036
47 38 -8.6531375263076651
47 39 -8.2906207829196621
47 40 -7.9285985050726744
47 41 -7.5673231809292822
47 42 -7.2068689854622967
47 43 -6.8474414771041259
47 44 -6.4890636044034329
47 45 -6.1318976221463277
47 46 -5.7759199573408546
47 47 -5.4212534407390889
47 48 -5.0678328145974119
47 49 -4.715745552543873
47 50 -4.3648896188332529
47 51 -4.0153213286667455
47 52 -3.6669067999091678
47 53 -3.3196755369776421
47 54 -2.9734668510624451
47 55 -2.6282869372456403
47 56 -2.2839494058944654
47 57 -1.940451020151577
47 58 -1.5976714166292225
47 59 -1.2555825772539215
47 60 -0.91255252193080427
47 61 -0.56606432359820558
47 62 -0.23581075061050588
47 63 0
48 0 0
48 1 -18.658923234584861
48 2 -18.649513467248415
48 3 -18.621557091540581
48 4 -18.568208555533879
48 5 -18.492768966365645
48 6 -18.396271943126557
48 7 -18.27913755641622
48 8 -18.142266113062423
48 9 -17.986462119129854
48 10 -17.812627949501724
48 11 -17.621556541019157
48 12 -17.414188804726862
48 13 -17.191337290086878
48 14 -16.95395179629806
48 15 -16.702839840738161
48 16 -16.438941361754768
48 17 -16.16304413444546
48 18 -15.87606222998906
48 19 -15.578751293809589
48 20 -15.271986461629439
48 21 -14.956481572983908
48 22 -14.633062435018916
48 23 -14.302393789171575
48 24 -13.965244145077905
48 25 -13.622223964361643
48 26 -13.274038658682526
48 27 -12.921241066647333
48 28 -12.564469619553412
48 29 -12.20421776885587
48 30 -11.841054760624369
48 31 -11.475414231065027
48 32 -11.107795486647255
48 33 -10.738573032679314
48 34 -10.368176721187142
48 35 -9.9969235210683589
48 36 -9.6251753613135236
48 37 -9.2531939988934813
48 38 -8.8812758427136096
48 39 -8.5096303344736821
48 40 -8.1384914816344782
48 41 -7.7680197434841505
48 42 -7.3983904232016648
48 43 -7.0297186517040569
48 44 -6.6621251845481435
48 45 -6.2956837041716289
48 46 -5.930464932962777
48 47 -5.5665051335171638
48 48 -5.2038297819227521
48 49 -4.8424418378162795
48 50 -4.4823265195281579
48 51 -4.1234576405074801
48 52 -3.7657852956146276
48 53 -3.4092583771423186
48 54 -3.0537972106572773
48 55 -2.699329039709454
48 56 -2.3457458230934476
48 57 -1.9929671085477625
48 58 -1.6409511462797326
48 59 -1.2895930545334284
48 60 -0.9372970891550676
48 61 -0.58140624402523411
48 62 -0.2422222226951444
48 63 0
49 0 0
49 1 -18.959849013400646
49 2 -18.94855836426165
49 3 -18.918417208687757
49 4 -18.862886845146221
49 5 -18.785139228733485
49 6 -18.686236259441085
49 7 -18.566580380133786
49 8 -18.42708163455023
49 9 -18.268533317633715
49 10 -18.091834622986774
49 11 -17.897784419129877
49 12 -17.687306192790874
49 13 -17.461233042677797
49 14 -17.220484474680607
49 15 -16.965902449564862
49 16 -16.698384938958934
49 17 -16.418766952789667
49 18 -16.127910125797207
49 19 -15.826628939299352
49 20 -15.515736829422353
49 21 -15.196016799861919
49 22 -14.868224889643965
49 23 -14.533104008722638
49 24 -14.191346000406288
49 25 -13.843647153333798
49 26 -13.490630447767858
49 27 -13.13294086842205
49 28 -12.771129733536544
49 29 -12.405787653633396
49 30 -12.03739310181386
49 31 -11.666480638116564
49 32 -11.293456085253579
49 33 -10.918797468865193
49 34 -10.54283931323133
49 35 -10.166003634667067
49 36 -9.7885559667432602
49 37 -9.4108636859364569
49 38 -9.03312641746823
49 39 -8.6556589660789172
49 40 -8.2785987452601582
49 41 -7.902210627179457
49 42 -7.5265739847727762
49 43 -7.1519068576574307
49 44 -6.7782351044045193
49 45 -6.4057333989687315
49 46 -6.0343788665510214
49 47 -5.6643065701130064
49 48 -5.2954498553330085
49 49 -4.9279081510829714
49 50 -4.5615760847260276
49 51 -4.1965215938273488
49 52 -3.8326057069964179
49 53 -3.4698691989996422
49 54 -3.1081447623360461
49 55 -2.7474494627828325
49 56 -2.3875888215468519
49 57 -2.028570683690031
49 58 -1.6702694817898283
49 59 -1.3126666053699669
49 60 -0.95405575641201401
49 61 -0.59182196303452039
49 62 -0.24654045622321849
49 63 0
50 0 0
50 1 -19.0826012102054
50 2 -19.069710482437269
50 3 -19.037912449827139
50 4 -18.980919213673467
50 5 -18.901826526166545
50 6 -18.801648290963978
50 7 -18.680810816232402
50 8 -18.540193473224779
50 9 -18.380586206209834
50 10 -18.20287510232847
50 11 -18.007843206152351
50 12 -17.796415257936754
50 13 -17.569395210578783
50 14 -17.327717840439494
50 15 -17.07218415328823
50 16 -16.803720637184316
50 17 -16.52311077625928
50 18 -16.231257040749792
50 19 -15.928913070266848
50 20 -15.616944398832006
50 21 -15.296065105455545
50 22 -14.967093431243473
50 23 -14.63069648102724
50 24 -14.287637176436474
50 25 -13.938530281873298
50 26 -13.584077466159302
50 27 -13.224837580012926
50 28 -12.861446967231483
50 29 -12.494406541372804
50 30 -12.124284886757774
50 31 -11.75152427760179
50 32 -11.376624530841049
50 33 -10.999969689576783
50 34 -10.621991025188294
50 35 -10.243015676764838
50 36 -9.8634076407498892
50 37 -9.4834392268948591
50 38 -9.1034093118317667
50 39 -8.7235380473399395
50 40 -8.3440620824897742
50 41 -7.9651525483205674
50 42 -7.5869873651018054
50 43 -7.2096921346762013
50 44 -6.8333900394624774
50 45 -6.4581649045762894
50 46 -6.0840895589843687
50 47 -5.7112099879472469
50 48 -5.339553360806562
50 49 -4.9691318831597053
50 50 -4.5999319971438126
50 51 -4.2319362620273777
50 52 -3.865095506498049
50 53 -3.4993668791013848
50 54 -3.1346709651784055
50 55 -2.770942772942929
50 56 -2.4080739787051835
50 57 -2.0459918533908499
50 58 -1.6846563452508088
50 59 -1.3239688757184604
50 60 -0.96229459334682488
50 61 -0.59691945473993457
50 62 -0.24867396947920331
50 63 0
51 0 0
51 1 -19.016781628476913
51 2 -19.002699317678921
51 3 -18.96977024458549
51 4 -18.912122766171859
51 5 -18.832657514180365
51 6 -18.732414073521046
51 7 -18.611769986512144
51 8 -18.471618059858052
51 9 -18.312699782690245
51 10 -18.135901798066527
51 11 -17.941975453970873
51 12 -17.731831377763999
51 13 -17.506256232602958
51 14 -17.266157539944398
51 15 -17.01233348266679
51 16 -16.74567135873
51 17 -16.466965803554405
51 18 -16.177069363868554
51 19 -15.876760134152853
51 20 -15.566844179021361
51 21 -15.248072488020942
51 22 -14.921195453762643
51 23 -14.586928557949893
51 24 -14.245959634029656
51 25 -13.898962193211874
51 26 -13.546556680227818
51 27 -13.189369893727132
51 28 -12.827951876550339
51 29 -12.462879483935067
51 30 -12.094630927069309
51 31 -11.723731201895873
51 32 -11.350586620727434
51 33 -10.975669538295996
51 34 -10.599315457293811
51 35 -10.221944278662962
51 36 -9.8438227518277568
51 37 -9.4653193328250591
51 38 -9.0866348697228538
51 39 -8.7080880727034931
51 40 -8.3298173828235917
51 41 -7.9520940382986192
51 42 -7.574998075338188
51 43 -7.1987560086504461
51 44 -6.8233938631860207
51 45 -6.4490965668718667
51 46 -6.0758408196225222
51 47 -5.7037734140174994
51 48 -5.3328266217846769
51 49 -4.9631128042536652
51 50 -4.5945248456461671
51 51 -4.2271445779122736
51 52 -3.8608306310034544
51 53 -3.4956384288351536
51 54 -3.1313976553735214
51 55 -2.7681405824100667
51 56 -2.4056691516359137
51 57 -2.0440070099134351
51 58 -1.6830252457463881
51 59 -1.3227205732921969
51 60 -0.96137215980794133
51 61 -0.59636471604294627
51 62 -0.24841077264493278
51 63 0
52 0 0
52 1 -18.752442197970115
52 2 -18.737460307741856
52 3 -18.703976523626089
52 4 -18.646436373792675
52 5 -18.567636768920782
52 6 -18.468528625444581
52 7 -18.349521681571183
52 8 -18.211441516157219
52 9 -18.055030024299061
52 10 -17.8811231215718
52 11 -17.690460272284771
52 12 -17.483914972928897
52 13 -17.262248307380951
52 14 -17.026344783191107
52 15 -16.776964915581257
52 16 -16.514987001155969
52 17 -16.241157152930395
52 18 -15.956332585570374
52 19 -15.661233254544138
52 20 -15.356682994767999
52 21 -15.043366244833896
52 22 -14.722063511470839
52 23 -14.393416483088664
52 24 -14.058154536349956
52 25 -13.71687127558647
52 26 -13.37023908358155
52 27 -13.018799819576484
52 28 -12.663164742193596
52 29 -12.303821760240586
52 30 -11.941318414213592
52 31 -11.576087708160534
52 32 -11.208612219830847
52 33 -10.83927015568857
52 34 -10.468479060681682
52 35 -10.096563339579292
52 36 -9.7238764476791388
52 37 -9.3506907174123093
52 38 -8.9772973234988189
52 39 -8.603918851360179
52 40 -8.2307867371345971
52 41 -7.8580766205027022
52 42 -7.4859633550994582
52 43 -7.1145788088594637
52 44 -6.7440449180004371
52 45 -6.374453238106458
52 46 -6.005876870173533
52 47 -5.6383707296843628
52 48 -5.2719635022981759
52 49 -4.9066772895397461
52 50 -4.5425010510245878
52 51 -4.1794280045728769
52 52 -3.8174122859625519
52 53 -3.4564222924390475
52 54 -3.0963825235193774
52 55 -2.7372396814513347
52 56 -2.3788898602650734
52 57 -2.0212723265874151
52 58 -1.6643506837826652
52 59 -1.3080381514493005
52 60 -0.95072443297915354
52 61 -0.58974219280597739
52 62 -0.24565544774274192
52 63 0
53 0 0
53 1 -18.279254825941408
53 2 -18.26381249381571
53 3 -18.230328121372576
53 4 -18.17376026461249
53 5 -18.096647832558816
53 6 -17.999966401012344
53 7 -17.884045470796398
53 8 -17.74972861869615
53 9 -17.597671715476999
53 10 -17.428715816963997
53 11 -17.243530400553226
53 12 -17.042979002041797
53 13 -16.827766630971897
53 14 -16.598754390052044
53 15 -16.356661487657533
53 16 -16.102330575965077
53 17 -15.836481370983165
53 18 -15.559924391243388
53 19 -15.273367985821789
53 20 -14.977579400778676
53 21 -14.673245873571229
53 22 -14.361082561266748
53 23 -14.041747743784697
53 24 -13.715897790876138
53 25 -13.384155888976686
53 26 -13.047114828067876
53 27 -12.705358087799535
53 28 -12.359411781329959
53 29 -12.009816412916962
53 30 -11.657029812520712
53 31 -11.301547418793829
53 32 -10.943758467305571
53 33 -10.584112266265381
53 34 -10.222930257087553
53 35 -9.8606154391076384
53 36 -9.4974232010279653
53 37 -9.1337108164900336
53 38 -8.7696701486277924
53 39 -8.4056139792011884
53 40 -8.0416738185124572
53 41 -7.6781197430335792
53 42 -7.3150266041257357
53 43 -6.952624026701014
53 44 -6.5909343093817956
53 45 -6.2301492718822127
53 46 -5.8702430849908342
53 47 -5.5113727377459831
53 48 -5.1534689377717644
53 49 -4.7966570905855326
53 50 -4.4408292795234399
53 51 -4.0860827955800065
53 52 -3.7322760593097746
53 53 -3.3794819607376474
53 54 -3.0275304182491194
53 55 -2.6764728168158261
53 56 -2.3261117943432805
53 57 -1.9764911502698845
53 58 -1.6274799380686995
53 59 -1.2790959039919361
53 60 -0.92967045398216464
53 61 -0.57669865418041644
53 62 -0.24018272803060425
53 63 0
54 0 0
54 1 -17.587395340394156
54 2 -17.571787749774302
54 3 -17.538918012025164
54 4 -17.484113262269723
54 5 -17.409785442905214
54 6 -17.316782284671834
54 7 -17.205474356817898
54 8 -17.076601739632171
54 9 -16.930825405062851
54 10 -16.768898012348263
54 11 -16.591481988087146
54 12 -16.399364999575397
54 13 -16.193230927526887
54 14 -15.973878913716359
54 15 -15.74199463771142
54 16 -15.498373273887937
54 17 -15.243689823314154
54 18 -14.978722072007852
54 19 -14.704123676659709
54 20 -14.420643849497814
54 21 -14.128906324919766
54 22 -13.829622603700487
54 23 -13.523379781736317
54 24 -13.210844391548985
54 25 -12.89256184608511
54 26 -12.569148160976752
54 27 -12.241103502905874
54 28 -11.908989360351873
54 29 -11.573258388226682
54 30 -11.234414911839536
54 31 -10.892862933401757
54 32 -10.549048197216171
54 33 -10.203325875491654
54 34 -9.8560827854321484
54 35 -9.5076259082644388
54 36 -9.1582837238948116
54 37 -8.8083163449460802
54 38 -8.4579953149539033
54 39 -8.1075357652383797
54 40 -7.7571544014771696
54 41 -7.4070237217926262
54 42 -7.0573082876701942
54 43 -6.7081406826203169
54 44 -6.3596365211145187
54 45 -6.0118914838436037
54 46 -5.6649758576427498
54 47 -5.3189516602556903
54 48 -4.973847820935724
54 49 -4.6296961085016619
54 50 -4.2864883524983242
54 51 -3.9442296141397395
54 52 -3.6028791156153264
54 53 -3.2624189063524924
54 54 -2.9227803943621122
54 55 -2.5839254442730799
54 56 -2.2457587424385572
54 57 -1.9082354152982952
54 58 -1.5713238305719004
54 59 -1.2349542471249317
54 60 -0.89761142830620688
54 61 -0.55679180891445257
54 62 -0.23189223745593818
54 63 0
55 0 0
55 1 -16.666606131923839
55 2 -16.651294904246868
55 3 -16.619612531083579
55 4 -16.567478702627866
55 5 -16.496989643043474
55 6 -16.409018703207444
55 7 -16.303825250750155
55 8 -16.182172866137879
55 9 -16.044599567894782
55 10 -15.891868668333011
55 11 -15.724534576226663
55 12 -15.543380091496562
55 13 -15.348994171754812
55 14 -15.142157327995129
55 15 -14.923475052421066
55 16 -14.693711308441113
55 17 -14.453476432596705
55 18 -14.203505576893688
55 19 -13.944403708920239
55 20 -13.676867101461253
55 21 -13.40148688296035
55 22 -13.118912396837992
55 23 -12.829714018786019
55 24 -12.534487967052071
55 25 -12.2337783567418
55 26 -11.928123766810073
55 27 -11.618037800705732
55 28 -11.30399839274442
55 29 -10.986485499735284
55 30 -10.665914744962297
55 31 -10.342730289035263
55 32 -10.017284953074544
55 33 -9.6899858178102303
55 34 -9.361123431004426
55 35 -9.0310672676417578
55 36 -8.7000470055691892
55 37 -8.3683946492257082
55 38 -8.0362811505160181
55 39 -7.7040017536229088
55 40 -7.3716714468637337
55 41 -7.0395499235493944
55 42 -6.7076994793893645
55 43 -6.3763458983426355
55 44 -6.0455024658895962
55 45 -5.7153630713493788
55 46 -5.3858959989476318
55 47 -5.0572655793112258
55 48 -4.7293993583008884
55 49 -4.4024347191219917
55 50 -4.0762629245301323
55 51 -3.750997253129384
55 52 -3.4264972825913955
55 53 -3.1028552840406118
55 54 -2.7799039572819075
55 55 -2.4577169314397986
55 56 -2.1361012486504349
55 57 -1.8151244853171113
55 58 -1.4946540650829125
55 59 -1.1747339003559216
55 60 -0.85382135639642587
55 61 -0.5296459710089948
55 62 -0.22054377316333329
55 63 0
56 0 0
56 1 -15.507162972077969
56 2 -15.492438893106989
56 3 -15.462588126022951
56 4 -15.413931953585919
56 5 -15.348421786261577
56 6 -15.266766741675653
56 7 -15.169276619759762
56 8 -15.056576473911749
56 9 -14.92921513814103
56 10 -14.787830738199391
56 11 -14.632976442245365
56 12 -14.465320997987675
56 13 -14.285437675614537
56 14 -14.094006279319364
56 15 -13.891603882073854
56 16 -13.67890833586663
56 17 -13.45648999887028
56 18 -13.225013381988749
56 19 -12.985033077414895
56 20 -12.737190681450654
56 21 -12.48201766621249
56 22 -12.220124810896744
56 23 -11.952014634371228
56 24 -11.678260740520674
56 25 -11.399332234742715
56 26 -11.115760599373226
56 27 -10.827978289829005
56 28 -10.536471002128051
56 29 -10.241632384961449
56 30 -9.9438998381981349
56 31 -9.6436269904237264
56 32 -9.3412014697410601
56 33 -9.0369364875061766
56 34 -8.7311693448796177
56 35 -8.4241731383614198
56 36 -8.1162351012869784
56 37 -7.8075891113085047
56 38 -7.4984733091473457
56 39 -7.1890837484260182
56 40 -6.8796110783713686
56 41 -6.5702153382511854
56 42 -6.2610418305380673
56 43 -5.9522167311939134
56 44 -5.6438426096570531
56 45 -5.3360142074197681
56 46 -5.0287943762442788
56 47 -4.7222490753926625
56 48 -4.4164047955193277
56 49 -4.111301543396233
56 50 -3.8069330919234354
56 51 -3.5033164615489443
56 52 -3.2004165900593429
56 53 -2.898230638498724
56 54 -2.5966988879091946
56 55 -2.2958010077322686
56 56 -1.9954535458335356
56 57 -1.6956305669802496
56 58 -1.3963050569953568
56 59 -1.0974289147517409
56 60 -0.79765924614218264
56 61 -0.49478715515481425
56 62 -0.20602994531577898
56 63 0
57 0 0
57 1 -14.098886317321547
57 2 -14.085225216478001
57 3 -14.05778774553335
57 4 -14.013545975818511
57 5 -13.954085012728155
57 6 -13.88014291442734
57 7 -13.791888660756449
57 8 -13.689977281016279
57 9 -13.574799302973819
57 10 -13.447009995511294
57 11 -13.307017659803183
57 12 -13.155492295553397
57 13 -12.992874240334928
57 14 -12.8198304710162
57 15 -12.636819453407803
57 16 -12.444493266440695
57 17 -12.243319410173084
57 18 -12.033924780709308
57 19 -11.816777893031578
57 20 -11.592471946516307
57 21 -11.36146973907849
57 22 -11.12432390154394
57 23 -10.88148593187622
57 24 -10.633462543422649
57 25 -10.380689390450128
57 26 -10.123623313777541
57 27 -9.8626805117610008
57 28 -9.5982652602502121
57 29 -9.3307715207541211
57 30 -9.0605494435735281
57 31 -8.7879687118758394
57 32 -8.5133247939793044
57 33 -8.236961709785632
57 34 -7.9591205705738854
57 35 -7.6801189306687023
57 36 -7.4001446342855317
57 37 -7.1194884849703399
57 38 -6.8382868060901068
57 39 -6.5568038245387168
57 40 -6.2751266448773295
57 41 -5.9934934998477729
57 42 -5.7119450416203454
57 43 -5.430694454550923
57 44 -5.1497390870519002
57 45 -4.8692683438776099
57 46 -4.5892397278117416
57 47 -4.3098204194721719
57 48 -4.0309317803106728
57 49 -3.7527205757003164
57 50 -3.4750759216200056
57 51 -3.1981261969184027
57 52 -2.9217323145118765
57 53 -2.6460065370728074
57 54 -2.3707858157414932
57 55 -2.0961679595074698
57 56 -1.8219671631630749
57 57 -1.5482772406143823
57 58 -1.2749630602787752
57 59 -1.0020988057908897
57 60 -0.72834842695324442
57 61 -0.45181398804714745
57 62 -0.18809425374861252
57 63 0
58 0 0
58 1 -12.4324846566915
58 2 -12.420165723807729
58 3 -12.395804224955041
58 4 -12.356785785956241
58 5 -12.304539300790953
58 6 -12.239606258819538
58 7 -12.162215807238638
58 8 -12.072851548285312
58 9 -11.971921556534676
58 10 -11.859920922030309
58 11 -11.737263534902761
58 12 -11.604468643243914
58 13 -11.461967406408126
58 14 -11.310288452264306
58 15 -11.149868002005864
58 16 -10.981234084675508
58 17 -10.804819992743758
58 18 -10.621144351079387
58 19 -10.430630598349103
58 20 -10.23378048541902
58 21 -10.03100191457543
58 22 -9.8227735299771126
58 23 -9.6094831337167346
58 24 -9.3915811819850585
58 25 -9.1694318277018194
58 26 -8.9434533187712226
58 27 -8.7139835194634792
58 28 -8.4814054204388825
58 29 -8.2460287655185152
58 30 -8.008199123362532
58 31 -7.7681969965361777
58 32 -7.5263291676485293
58 33 -7.2828463978923121
58 34 -7.0380160413770403
58 35 -6.7920591553090528
58 36 -6.5452036701373668
58 37 -6.2976414382645318
58 38 -6.0495615492370511
58 39 -5.8011275434867482
58 40 -5.5524907659069207
58 41 -5.3037876707225866
58 42 -5.0551334083125132
58 43 -4.8066388518010061
58 44 -4.5583849061143873
58 45 -4.3104586008527326
58 46 -4.0629088929053134
58 47 -3.8158008977458202
58 48 -3.5691542235690372
58 49 -3.3230141580104284
58 50 -3.0773738188815436
58 51 -2.8322608769713646
58 52 -2.5876450383641947
58 53 -2.343538712995846
58 54 -2.0998915372708984
58 55 -1.8567024085530348
58 56 -1.6139016301882685
58 57 -1.3714840921304574
58 58 -1.1294254876640879
58 59 -0.88770287276194715
58 60 -0.64522961029673886
58 61 -0.40023681374513681
58 62 -0.16663073324014258
58 63 0
59 0 0
59 1 -10.498374540547601
59 2 -10.487879149107293
59 3 -10.467173722111959
59 4 -10.434329084939087
59 5 -10.390366031564719
59 6 -10.335861175765791
59 7 -10.270874952684597
59 8 -10.195928566907654
59 9 -10.11123859012992
59 10 -10.017324999774285
59 11 -9.9144217900544866
59 12 -9.8030569249846735
59 13 -9.6834921075021736
59 14 -9.5562502970324896
59 15 -9.4216117748111046
59 16 -9.2800855629283632
59 17 -9.1319645674469694
59 18 -8.977736090093817
59 19 -8.8177003441221853
59 20 -8.6523164207778365
59 21 -8.4818873073074084
59 22 -8.3068386082635151
59 23 -8.127472245727775
59 24 -7.9441762001347866
59 25 -7.7572481136955416
59 26 -7.5670352595216945
59 27 -7.3738283434604464
59 28 -7.1779318138792583
59 29 -6.9796272823366436
59 30 -6.7791751306036971
59 31 -6.5768461639606954
59 32 -6.3728562412380345
59 33 -6.1674640497648276
59 34 -5.9608411662404581
59 35 -5.7532332096416487
59 36 -5.5447683271433785
59 37 -5.3356784470453693
59 38 -5.1260496701149645
59 39 -4.9160999114829753
59 40 -4.7058750628016028
59 41 -4.4955789790932057
59 42 -4.2852195636884458
59 43 -4.0749868187968508
59 44 -3.8648531992405282
59 45 -3.6549952966323493
59 46 -3.4453529181908475
59 47 -3.2360899038777804
59 48 -3.0271164241394759
59 49 -2.8185844251677303
59 50 -2.6103776166678232
59 51 -2.4026370877701262
59 52 -2.1952233912388253
59 53 -1.9882679947753392
59 54 -1.7816117605514212
59 55 -1.5753773246680456
59 56 -1.3693870565189399
59 57 -1.1637622225648636
59 58 -0.95836208642268494
59 59 -0.75329404440322922
59 60 -0.54751551405809817
59 61 -0.33965400972955129
59 62 -0.14137800530390379
59 63 0
60 0 0
60 1 -8.2844647389941457
60 2 -8.2760546631045866
60 3 -8.2596773472109266
60 4 -8.2338078927337754
60 5 -8.1993058782151671
60 6 -8.1565246688867816
60 7 -8.105593747107779
60 8 -8.0468336720814175
60 9 -7.9804855023381078
60 10 -7.9068775245870642
60 11 -7.8262564902708629
60 12 -7.7389660523458232
60 13 -7.645265714629641
60 14 -7.5455051303762932
60 15 -7.4399490575341254
60 16 -7.3289467083524933
60 17 -7.2127631498807432
60 18 -7.0917414254083448
60 19 -6.9661425997142228
60 20 -6.8362986413971312
60 21 -6.7024630467306752
60 22 -6.5649525713537944
60 23 -6.4240102488937927
60 24 -6.2799342041918207
60 25 -6.1329547250975933
60 26 -5.9833485579864671
60 27 -5.8313315108223485
60 28 -5.67715682405629
60 29 -5.5210245807867935
60 30 -5.3631629594492676
60 31 -5.203755505584085
60 32 -5.0430043038188748
60 33 -4.8810759286588699
60 34 -4.7181458184888925
60 35 -4.5543634736266894
60 36 -4.3898775704810022
60 37 -4.2248207178325607
60 38 -4.0593151107476162
60 39 -3.8934768947936291
60 40 -3.7274024226346945
60 41 -3.561192014779258
60 42 -3.3949171428562215
60 43 -3.2286631185484258
60 44 -3.0624777824219134
60 45 -2.8964324037232276
60 46 -2.7305526986352593
60 47 -2.5648969861095243
60 48 -2.3994705912342122
60 49 -2.2343200793701201
60 50 -2.0694323156975303
60 51 -1.9048433932596491
60 52 -1.7405238198086046
60 53 -1.576500597181572
60 54 -1.4127301762584781
60 55 -1.2492314367738693
60 56 -1.0859473416441301
60 57 -0.92289487892637145
60 58 -0.76004709520301994
60 59 -0.59740928282858929
60 60 -0.4342404193237881
60 61 -0.26937285236238806
60 62 -0.11214094301039479
60 63 0
61 0 0
61 1 -5.7694512023152473
61 2 -5.7636097120004983
61 3 -5.7521452814904599
61 4 -5.7342229961270634
61 5 -5.710264505543563
61 6 -5.6806638872435773
61 7 -5.6453590521794572
61 8 -5.6047140892614404
61 9 -5.5587513225903145
61 10 -5.5078303052189046
61 11 -5.4519884848573579
61 12 -5.3915845159256568
61 13 -5.3266771441352327
61 14 -5.2576164573754722
61 15 -5.1844786635592168
61 16 -5.1075997808549012
61 17 -5.027071119945111
61 18 -4.9432098299161762
61 19 -4.8561201467562434
61 20 -4.7660963401116119
61 21 -4.673253647895339
61 22 -4.5778602060049396
61 23 -4.4800405391062315
61 24 -4.3800341165875922
61 25 -4.2779732109924131
61 26 -4.1740667712225452
61 27 -4.0684534281227922
61 28 -3.9613103869706046
61 29 -3.8527813758519751
61 30 -3.7430112123645292
61 31 -3.6321475744797036
61 32 -3.52030277293649
61 33 -3.4076273925769374
61 34 -3.294201587567104
61 35 -3.1801779062346451
61 36 -3.065605110458776
61 37 -2.9506368672775078
61 38 -2.8352916701282216
61 39 -2.7197235602128336
61 40 -2.6039221934927785
61 41 -2.4880413442037996
61 42 -2.3720435193594294
61 43 -2.2560816922361533
61 44 -2.1400931210612035
61 45 -2.0242295545978011
61 46 -1.9084050723912065
61 47 -1.792769887629365
61 48 -1.6772171042301627
61 49 -1.5618952013795779
61 50 -1.4466786111641583
61 51 -1.3317139895122965
61 52 -1.2168594744930681
61 53 -1.1022599354058471
61 54 -0.98775968249238022
61 55 -0.87350160387130604
61 56 -0.75931738956818395
61 57 -0.64535148600796444
61 58 -0.53145413609651582
61 59 -0.41776370542092928
61 60 -0.30362999553698428
61 61 -0.18837182284329826
61 62 -0.078376600807810559
61 63 0
62 0 0
62 1 -2.9561248320144076
62 2 -2.9530729184742777
62 3 -2.9471992162485035
62 4 -2.9379944683353871
62 5 -2.9257589503327894
62 6 -2.9106014185122384
62 7 -2.8925771639436726
62 8 -2.8717854112540953
62 9 -2.8483192348733244
62 10 -2.8222814281548008
62 11 -2.7937669018495206
62 12 -2.7628845889390763
62 13 -2.7297334526445907
62 14 -2.6944254354664063
62 15 -2.6570608848699915
62 16 -2.617752611089192
62 17 -2.5766005469977076
62 18 -2.5337164641599781
62 19 -2.4891983018278729
62 20 -2.4431551562258429
62 21 -2.3956816515130761
62 22 -2.346882822456513
62 23 -2.2968488907579339
62 24 -2.2456796782536692
62 25 -2.1934601318426354
62 26 -2.1402839268835643
62 27 -2.0862300588410836
62 28 -2.0313853245028861
62 29 -1.9758222683432969
62 30 -1.9196202619236038
62 31 -1.8628450585230563
62 32 -1.8055682278888689
62 33 -1.7478485346288894
62 34 -1.6897495255297523
62 35 -1.6313229063554791
62 36 -1.5726241213849383
62 37 -1.5136978604766143
62 38 -1.4545915143986561
62 39 -1.3953429001759174
62 40 -1.3359915203140225
62 41 -1.2765685503999344
62 42 -1.2171058746078705
62 43 -1.1576283360907211
62 44 -1.0981605644141659
62 45 -1.038721447200768
62 46 -0.97932880665881739
62 47 -0.91999601088929128
62 48 -0.86073459584350043
62 49 -0.80155289724938705
62 50 -0.74245675051815507
62 51 -0.68344998947117719
62 52 -0.62453339081995207
62 53 -0.56570686492439504
62 54 -0.50696683834330092
62 55 -0.44830973996281454
62 56 -0.3897277338218319
62 57 -0.33121610545725927
62 58 -0.27277822006483277
62 59 -0.21440486479844528
62 60 -0.1558442183496761
62 61 -0.09666544548068351
62 62 -0.040228450883556185
62 63 0
63 0 0
63 1 0
63 2 0
63 3 0
63 4 0
63 5 0
63 6 0
63 7 0
63 8 0
63 9 0
63 10 0
63 11 0
63 12 0
63 13 0
63 14 0
63 15 0
63 16 0
63 17 0
63 18 0
63 19 0
63 20 0
63 21 0
63 22 0
63 23 0
63 24 0
63 25 0
63 26 0
63 27 0
63 28 0
63 29 0
63 30 0
63 31 0
63 32 0
63 33 0
63 34 0
63 35 0
63 36 0
63 37 0
63 38 0
63 39 0
63 40 0
63 41 0
63 42 0
63 43 0
63 44 0
63 45 0
63 46 0
63 47 0
63 48 0
63 49 0
63 50 0
63 51 0
63 52 0
63 53 0
63 54 0
63 55 0
63 56 0
63 57 0
63 58 0
63 59 0
63 60 0
63 61 0
63 62 0
63 63 0
