0 0 0
0 1 0
0 2 0
0 3 0
0 4 0
0 5 0
0 6 0
0 7 0
0 8 0
0 9 0
0 10 0
0 11 0
0 12 0
0 13 0
0 14 0
0 15 0
0 16 0
0 17 0
0 18 0
0 19 0
0 20 0
0 21 0
0 22 0
0 23 0
0 24 0
0 25 0
0 26 0
0 27 0
0 28 0
0 29 0
0 30 0
0 31 0
0 32 0
0 33 0
0 34 0
0 35 0
0 36 0
0 37 0
0 38 0
0 39 0
0 40 0
0 41 0
0 42 0
0 43 0
0 44 0
0 45 0
0 46 0
0 47 0
0 48 0
0 49 0
0 50 0
0 51 0
0 52 0
0 53 0
0 54 0
0 55 0
0 56 0
0 57 0
0 58 0
0 59 0
0 60 0
0 61 0
0 62 0
0 63 0
1 0 0
1 1 3.3191334637660557
1 2 3.3106080011726489
1 3 3.2988449485540086
1 4 3.2837560549619447
1 5 3.2654856475110141
1 6 3.2441681146320147
1 7 3.2198959014888917
1 8 3.1927639698039014
1 9 3.1628837586077689
1 10 3.1303580668750559
1 11 3.0953034962258221
1 12 3.0578269253422379
1 13 3.0180484258116809
1 14 2.9760764037288747
1 15 2.9320320082887266
1 16 2.8860232583021936
1 17 2.8381703450899409
1 18 2.7885791972254492
1 19 2.7373672886523073
1 20 2.6846370346935235
1 21 2.6305016961280066
1 22 2.5750589984827443
1 23 2.5184167398938695
1 24 2.4606670075853398
1 25 2.4019111169456195
1 26 2.3422347760694513
1 27 2.2817320098547009
1 28 2.2204815945727208
1 29 2.1585696527110065
1 30 2.0960676454984677
1 31 2.0330533610128598
1 32 1.9695907141664009
1 33 1.905748891396787
1 34 1.8415841656819523
1 35 1.7771570050027614
1 36 1.712516065439857
1 37 1.6477131165595214
1 38 1.5827893295134428
1 39 1.5177879195762105
1 40 1.4527427993798718
1 41 1.3876888860710144
1 42 1.3226531432824549
1 43 1.2576625468891289
1 44 1.1927374939000399
1 45 1.1278974657625274
1 46 1.0631567388098475
1 47 0.99852782678217511
1 48 0.93401938645616467
1 49 0.86963756093465105
1 50 0.8053859360261062
1 51 0.74126494180845315
1 52 0.67727368225762685
1 53 0.61340759784625598
1 54 0.54966195656505679
1 55 0.48602777728707058
1 56 0.42249641255499909
1 57 0.35905728706958795
1 58 0.29571502135495104
1 59 0.23245256953401205
1 60 0.16899275944166245
1 61 0.10486916029087541
1 62 0.043740258184818012
1 63 0
2 0 0
2 1 6.4897563266877407
2 2 6.4728198110900266
2 3 6.4496553625603283
2 4 6.4198781494053971
2 5 6.3839612204711953
2 6 6.3419833288555862
2 7 6.2943084427666385
2 8 6.2409470109706637
2 9 6.1822903021034765
2 10 6.1183761291624936
2 11 6.049593283618413
2 12 5.9760010741220029
2 13 5.8979806047411794
2 14 5.81560918775331
2 15 5.7292539786699788
2 16 5.6390078644102326
2 17 5.5452187809688986
2 18 5.4479929332129347
2 19 5.3476545988202862
2 20 5.2443213333020857
2 21 5.1382901257361437
2 22 5.0296881309271546
2 23 4.9187821896650776
2 24 4.805707485872591
2 25 4.690698580096516
2 26 4.5738972649446357
2 27 4.4555043676650783
2 28 4.3356669951998112
2 29 4.2145514142089482
2 30 4.0923088609847005
2 31 3.9690707838378745
2 32 3.844991462443887
2 33 3.7201677804557614
2 34 3.5947560691117988
2 35 3.4688193538573548
2 36 3.3425151193715563
2 37 3.2158736339576155
2 38 3.0890527341214948
2 39 2.9620513702083917
2 40 2.8350270303165943
2 41 2.7079490702917299
2 42 2.5809740367326977
2 43 2.4540436484150483
2 44 2.3273130300599982
2 45 2.2006984087637735
2 46 2.0743531241185358
2 47 1.9481702037713933
2 48 1.8223009585381451
2 49 1.6966176199566794
2 50 1.5712693458120928
2 51 1.4461100543148413
2 52 1.3212867424509722
2 53 1.1966375800475995
2 54 1.0723075504130368
2 55 0.94812128671402551
2 56 0.82422053377152182
2 57 0.70042298247158041
2 58 0.57689974195399596
2 59 0.45345297605120577
2 60 0.32970563680522175
2 61 0.20458293479390918
2 62 0.085392886137077822
2 63 0
3 0 0
3 1 9.3490899057399357
3 2 9.324291270582945
3 3 9.2903418503973363
3 4 9.2469123920646048
3 5 9.1944608860189572
3 6 9.1333495315996025
3 7 9.0638809483666503
3 8 8.9862984502186087
3 9 8.9009583338768063
3 10 8.8081278892205059
3 11 8.7081761453767275
3 12 8.601383239136835
3 13 8.4881255395665089
3 14 8.3686888122454981
3 15 8.2434495080574095
3 16 8.1126937224880074
3 17 7.9767918307125525
3 18 7.8360255929473777
3 19 7.6907540103935768
3 20 7.5412506653735516
3 21 7.3878587026319176
3 22 7.2308403982056904
3 23 7.0705193189580848
3 24 6.9071439587047223
3 25 6.7410152934942458
3 26 6.5723661447883597
3 27 6.4014725408980233
3 28 6.2285502629600762
3 29 6.0538486396388729
3 30 5.8775655055245482
3 31 5.699922293645713
3 32 5.5210983911429743
3 33 5.3412866484686692
3 34 5.1606478576943031
3 35 4.9793460642964833
3 36 4.7975236235096688
3 37 4.6153159758571984
3 38 4.4328474610270909
3 39 4.2502254972522531
3 40 4.0675570547762545
3 41 3.884922457306994
3 42 3.7024121426632908
3 43 3.5200805774878434
3 44 3.3380026653128896
3 45 3.1562085294714608
3 46 2.9747586724510247
3 47 2.7936606328171592
3 48 2.6129617578211466
3 49 2.4326489749739046
3 50 2.2527578150639358
3 51 2.0732567533293906
3 52 1.8941709193297163
3 53 1.7154526926444655
3 54 1.5371183434594404
3 55 1.3591060864816646
3 56 1.1814228036883621
3 57 1.0040008571205239
3 58 0.82688576258916402
3 59 0.64999042544520058
3 60 0.47257020168529401
3 61 0.29328331480914588
3 62 0.12240565488667884
3 63 0
4 0 0
4 1 11.894495358136432
4 2 11.862150490755795
4 3 11.818182734087111
4 4 11.761994165029467
4 5 11.694306727080676
4 6 11.615479264605826
4 7 11.526021453007008
4 8 11.426141438933401
4 9 11.316407546095174
4 10 11.197069770664051
4 11 11.068700754006235
4 12 10.931578533443552
4 13 10.786272034984989
4 14 10.633078722910305
4 15 10.472553649257762
4 16 10.305007416203486
4 17 10.130972718491073
4 18 9.9507676343873825
4 19 9.7648953861164554
4 20 9.5736767378124554
4 21 9.3775796263266926
4 22 9.1769234423828188
4 23 8.9721362419406692
4 24 8.7635326414426054
4 25 8.5514973500156994
4 26 8.3363373940336167
4 27 8.1183917069808036
4 28 7.897957429869007
4 29 7.6753262344976285
4 30 7.4507835451658497
4 31 7.2245731340554009
4 32 6.9969672927708801
4 33 6.7681620106796156
4 34 6.5384154049365559
4 35 6.3078764629003414
4 36 6.0767884252235316
4 37 5.8452546351465111
4 38 5.6135030655605123
4 39 5.3815932684597838
4 40 5.1497378441214163
4 41 4.9179548246949336
4 42 4.6864415984121965
4 43 4.455177297374715
4 44 4.2243445051075348
4 45 3.9938863585433122
4 46 3.7639712733034982
4 47 3.5345095249473077
4 48 3.3056562106869802
4 49 3.0772920587100083
4 50 2.8495598928291059
4 51 2.6223143439296099
4 52 2.3956871854165112
4 53 2.1695105522229228
4 54 1.9439066319052278
4 55 1.7186880314342718
4 56 1.4939662657238657
4 57 1.2695453739280049
4 58 1.0455867192116641
4 59 0.82186882939629213
4 60 0.59755266636539628
4 61 0.37083033555546058
4 62 0.15481277450001021
4 63 0
5 0 0
5 1 14.147074940828286
5 2 14.107745748635359
5 3 14.054424745604059
5 4 13.986536064469561
5 5 13.90478580363833
5 6 13.809793182547159
5 7 13.702014406693488
5 8 13.581864031834153
5 9 13.449881614394176
5 10 13.30651723421523
5 11 13.152329988924407
5 12 12.987786987942998
5 13 12.813458445837597
5 14 12.62981683997134
5 15 12.437432284585022
5 16 12.236774066928016
5 17 12.0284027390574
5 18 11.81277690237942
5 19 11.590439484397828
5 20 11.361832275419701
5 21 11.12747383421264
5 22 10.887784204999761
5 23 10.643252053944854
5 24 10.3942718294409
5 25 10.141297906585615
5 26 9.8846962601376305
5 27 9.6248836065350432
5 28 9.362195432630859
5 29 9.0970083678865326
5 30 8.8296261574925765
5 31 8.5603837671532172
5 32 8.2895526108541606
5 33 8.0174251821283331
5 34 7.7442405496041706
5 35 7.4702486163784059
5 36 7.1956565860147155
5 37 6.9206722699575192
5 38 6.6454719084916389
5 39 6.3702222692601413
5 40 6.0950698874783757
5 41 5.820142020943031
5 42 5.5455570569630801
5 43 5.2714047054316007
5 44 4.9977770115953941
5 45 4.7247284738950812
5 46 4.4523268064730255
5 47 4.180593958189613
5 48 3.9095754907815152
5 49 3.6392637460472135
5 50 3.3696844477236314
5 51 3.1008035095561355
5 52 2.8326292406139233
5 53 2.5651045631369991
5 54 2.2982229793276092
5 55 2.0319071835447291
5 56 1.7661353515443974
5 57 1.5008222404894338
5 58 1.2360031028652216
5 59 0.97156393616029191
5 60 0.70635348712283696
5 61 0.43838349194184262
5 62 0.18300719405946905
5 63 0
6 0 0
6 1 16.119642641561494
6 2 16.07367869967813
6 3 16.011775540932884
6 4 15.933097263272723
6 5 15.838579293755155
6 6 15.728842802029998
6 7 15.604524214469603
6 8 15.466010204499593
6 9 15.314020655032419
6 10 15.148995587626706
6 11 14.971663661176009
6 12 14.782496888884694
6 13 14.582222145484003
6 14 14.37133036968034
6 15 14.15053322787621
6 16 13.920330954788314
6 17 13.681408849849495
6 18 13.434267866454181
6 19 13.179557649957397
6 20 12.9177727137536
6 21 12.649519523925015
6 22 12.375280207708876
6 23 12.095612155802879
6 24 11.810980263705639
6 25 11.521888445028861
6 26 11.228780501465053
6 27 10.932103823932566
6 28 10.632278134378488
6 29 10.329692473664373
6 30 10.024740276139957
6 31 9.7177514883233123
6 32 9.4090917390846354
6 33 9.0990320889032787
6 34 8.7879094549388874
6 35 8.4759370483087437
6 36 8.163422710843145
6 37 7.8505235526460275
6 38 7.537518458646689
6 39 7.2245107897388676
6 40 6.9117510213528215
6 41 6.5992916214059241
6 42 6.2873555855516097
6 43 5.9759477600446171
6 44 5.6652649314927634
6 45 5.3552679314708946
6 46 5.0461289122709205
6 47 4.7377685640282428
6 48 4.4303362498263521
6 49 4.1237165985206836
6 50 3.8180382680960179
6 51 3.5131540597380488
6 52 3.2091742200462625
6 53 2.9059241350652165
6 54 2.6034982271919644
6 55 2.3016980090292836
6 56 2.0006011847756699
6 57 1.6999996565813948
6 58 1.4000364349497942
6 59 1.1004702332276206
6 60 0.80009752396369749
6 61 0.49655555246727884
6 62 0.2073554732952182
6 63 0
7 0 0
7 1 17.821145876413112
7 2 17.769130238963402
7 3 17.699337171070397
7 4 17.610940880475614
7 5 17.504856553522064
7 6 17.38193264897793
7 7 17.242761696845001
7 8 17.087903652899374
7 9 16.918057237725801
7 10 16.733826959423734
7 11 16.535935515727399
7 12 16.325006454338798
7 13 16.101775189657307
7 14 15.866868962487599
7 15 15.621021385229504
7 16 15.364852166400699
7 17 15.099080900801953
7 18 14.824309985902621
7 19 14.541234683754366
7 20 14.250432168236584
7 21 13.952564832841478
7 22 13.648178332825402
7 23 13.337895296113786
7 24 13.022225033468386
7 25 12.70174501089496
7 26 12.376924677894985
7 27 12.048292305132959
7 28 11.716275119885244
7 29 11.381349393633853
7 30 11.043898780679994
7 31 10.704345851655802
7 32 10.363030211465869
7 33 10.02032001015165
7 34 9.6765110760874737
7 35 9.3319172885343509
7 36 8.9867916079244274
7 37 8.641394557957625
7 38 8.2959376735475381
7 39 7.9506297076563381
7 40 7.6056426556063625
7 41 7.2611356664964566
7 42 6.9172434463350294
7 43 6.5740782097677828
7 44 6.2317399195784269
7 45 5.8902969561183616
7 46 5.5498173222260236
7 47 5.2103290304200591
7 48 4.871871094608462
7 49 4.5344349349157147
7 50 4.1980336935918601
7 51 3.8626262277640131
7 52 3.5282030374576046
7 53 3.194694727802005
7 54 2.8620725946765879
7 55 2.5302424219596027
7 56 2.1991557866440075
7 57 1.8687089739191975
7 58 1.5389246667303809
7 59 1.2096630832688631
7 60 0.87946274598552365
7 61 0.54585385950322995
7 62 0.22796419419410857
7 63 0
8 0 0
8 1 19.261436222900006
8 2 19.203758763681119
8 3 19.126858049034752
8 4 19.029682716892754
8 5 18.913333919824268
8 6 18.778665013012279
8 7 18.626417814092747
8 8 18.45713135170918
8 9 18.271648847196715
8 10 18.070571636104685
8 11 17.854754347523997
8 12 17.624831995171867
8 13 17.381657667700548
8 14 17.125883311308744
8 15 16.85834449462407
8 16 16.579697736781341
8 17 16.290747836057861
8 18 15.992144959219598
8 19 15.684652201690104
8 20 15.368904362622569
8 21 15.0456140639778
8 22 14.715393364403402
8 23 14.378897625487273
8 24 14.036710283944187
8 25 13.689424457678134
8 26 13.33759041112824
8 27 12.98173565610716
8 28 12.622373915611862
8 29 12.259965174078129
8 30 11.894984285857833
8 31 11.52782305385896
8 32 11.158916051338895
8 33 10.788587346916261
8 34 10.417230620221309
8 35 10.045103598530163
8 36 9.6725591525954329
8 37 9.2997908627241408
8 38 8.9271114818190238
8 39 8.5546533070578032
8 40 8.1826901905783753
8 41 7.811296560670975
8 42 7.4407090414006358
8 43 7.0709480509200411
8 44 6.702215051747646
8 45 6.3344806624443093
8 46 5.9679135901359261
8 47 5.6024391363682229
8 48 5.2381959509785414
8 49 4.8750687060831401
8 50 4.5131689417620358
8 51 4.1523455336984236
8 52 3.792686071040448
8 53 3.4340086456190098
8 54 3.076380366114893
8 55 2.7195924891930252
8 56 2.3636909245867592
8 57 2.0084567690790256
8 58 1.6540125862623909
8 59 1.3001004926572868
8 60 0.94524424410768992
8 61 0.58668443327326647
8 62 0.24509617283452811
8 63 0
9 0 0
9 1 20.450131547419648
9 2 20.387389361333469
9 3 20.304093958747842
9 4 20.199212303874059
9 5 20.07381582625192
9 6 19.928947399321814
9 7 19.76531362846189
9 8 19.58359110916734
9 9 19.384608023190353
9 10 19.169092371524052
9 11 18.937898985635243
9 12 18.691775064994719
9 13 18.431588071397261
9 14 18.158086177562847
9 15 17.872132392674704
9 16 17.574462598497306
9 17 17.265920989758929
9 18 16.947219669179145
9 19 16.619171997601157
9 20 16.282457100362492
9 21 15.937847662221406
9 22 15.585982610762718
9 23 15.22758610918531
9 24 14.863251455873629
9 25 14.493648264245978
9 26 14.119320357144852
9 27 13.740878408219897
9 28 13.358814308320465
9 29 12.973676866329344
9 30 12.585904789428195
9 31 12.195983396558793
9 32 11.804297991956634
9 33 11.411269923945635
9 34 11.01723174881443
9 35 10.622541363674651
9 36 10.227479963135304
9 37 9.8323433796660904
9 38 9.4373634361142145
9 39 9.0427760328382867
9 40 8.6487661021152498
9 41 8.2555123811290159
9 42 7.8631557864269697
9 43 7.4718211991883479
9 44 7.081608705110841
9 45 6.6925930875621402
9 46 6.304837025788891
9 47 5.9183693377608293
9 48 5.5332189017509164
9 49 5.149373010173167
9 50 4.7668304790076954
9 51 4.3855417598782385
9 52 4.005479439847015
9 53 3.6265620926793418
9 54 3.2487401182529489
9 55 2.871904129858049
9 56 2.4959818257268491
9 57 2.1208533389535535
9 58 1.7465274931211185
9 59 1.3728429704779785
9 60 0.99811629461580076
9 61 0.61954688717537076
9 62 0.25886272865818449
9 63 0
10 0 0
10 1 21.39749170280383
10 2 21.330107103270674
10 3 21.241198962370419
10 4 21.129563658734217
10 5 20.996408750835851
10 6 20.842782308844605
10 7 20.669507230952494
10 8 20.477245138893718
10 9 20.266930613034322
10 10 20.039294270957051
10 11 19.795283414211493
10 12 19.535662153856006
10 13 19.26137523915445
10 14 18.973200687159878
10 15 18.672062923225297
10 16 18.358739428146087
10 17 18.0341195755264
10 18 17.698967629782871
10 19 17.354125875930222
10 20 17.000335007769582
10 21 16.638380669101689
10 22 16.268971630991409
10 23 15.892829608590905
10 24 15.510624913301601
10 25 15.123010088101106
10 26 14.730612062707371
10 27 14.334010785665182
10 28 13.933786308819217
10 29 13.530444168025319
10 30 13.124515289847022
10 31 12.716430374811758
10 32 12.306670062595993
10 33 11.895590994732055
10 34 11.483623300165794
10 35 11.071051353872569
10 36 10.65825535507649
10 37 10.245450053036699
10 38 9.83296698499929
10 39 9.4209546120755601
10 40 9.0096976599754512
10 41 8.5992822007302259
10 42 8.1899484907333076
10 43 7.7817245547733407
10 44 7.3748089350038306
10 45 6.9691762910892336
10 46 6.564986550755612
10 47 6.1621659441566301
10 48 5.7608391706355508
10 49 5.3608891483643113
10 50 4.9624089701091147
10 51 4.5652434789428424
10 52 4.169457974880677
10 53 3.774864623899798
10 54 3.3815050527828525
10 55 2.9891629383082732
10 56 2.5978556688941219
10 57 2.2073566940967795
10 58 1.8177676466883599
10 59 1.4288189999974861
10 60 1.0388465700328622
10 61 0.64483751879771745
10 62 0.26951809076731764
10 63 0
11 0 0
11 1 22.113271697045626
11 2 22.041846030632154
11 3 21.948047829185303
11 4 21.83071697457034
11 5 21.691017508313458
11 6 21.530145453228137
11 7 21.348896630949287
11 8 21.1480326930565
11 9 20.928478221742534
11 10 20.691051155913161
11 11 20.436704088973215
11 12 20.166272838107343
11 13 19.88072128502322
11 14 19.580882896776671
11 15 19.267713988114206
11 16 18.942031025916652
11 17 18.604766882344947
11 18 18.25670841247107
11 19 17.89875187905163
11 20 17.531644537588569
11 21 17.156235368914654
11 22 16.77322429751985
11 23 16.3834046283995
11 24 15.987423255156134
11 25 15.58601147543664
11 26 15.179759241881856
11 27 14.769331360156773
11 28 14.355258490368932
11 29 13.938136100059785
11 30 13.518434544859705
11 31 13.096678548277778
11 32 12.673278285896929
11 33 12.248687585664431
11 34 11.823257518140975
11 35 11.397371946536206
11 36 10.971324694730983
11 37 10.545431516974304
11 38 10.119931483679977
11 39 9.6950748784094536
11 40 9.2710490163744961
11 41 8.8480420036530187
11 42 8.4261927917664199
11 43 8.0056311444413542
11 44 7.5864513395479696
11 45 7.1687290765353353
11 46 6.752517869404552
11 47 6.3378439886423825
11 48 5.9247242497856032
11 49 5.5131404139186406
11 50 5.1030767678923894
11 51 4.6944757005098161
11 52 4.2872932039358433
11 53 3.8814376875051235
11 54 3.4768412742080268
11 55 3.0733826194108236
11 56 2.6709694505034416
11 57 2.2694695003995449
11 58 1.8688779859692222
11 59 1.4690175884561751
11 60 1.0680640775195465
11 61 0.66302210566272546
11 62 0.27716650873176291
11 63 0
12 0 0
12 1 22.607788561601939
12 2 22.532767856386929
12 3 22.434849673741731
12 4 22.312774880774043
12 5 22.167788976259502
12 6 22.001091070158978
12 7 21.813559117625505
12 8 21.605944826101961
12 9 21.379239854102895
12 10 21.134269531518989
12 11 20.872038636016971
12 12 20.593404309154433
12 13 20.299366901880038
12 14 19.990793854242675
12 15 19.66866233388167
12 16 19.333834226699967
12 17 18.987247936312073
12 18 18.629745961435091
12 19 18.262215336407714
12 20 17.885467988525392
12 21 17.500329691740074
12 22 17.107572894598338
12 23 16.707954680681912
12 24 16.302201171704514
12 25 15.890995536394639
12 26 15.475012546755854
12 27 15.054858182234778
12 28 14.631152445339938
12 29 14.204422554184156
12 30 13.775231716221713
12 31 13.344028282646349
12 32 12.911317841599121
12 33 12.477471017272645
12 34 12.042935979880097
12 35 11.608007808198915
12 36 11.17307832367654
12 37 10.738370097624376
12 38 10.304220399463786
12 39 9.8707830213461314
12 40 9.4383430818585126
12 41 9.0069898661918444
12 42 8.5769592407667705
12 43 8.1482806728091415
12 44 7.7211440807367016
12 45 7.2955241113392919
12 46 6.8715683664169491
12 47 6.4492018881301849
12 48 6.0285338543729834
12 49 5.6094450637366204
12 50 5.1920103689771073
12 51 4.7760717688404934
12 52 4.3616740493217936
12 53 3.9486259839829514
12 54 3.5369468336362391
12 55 3.1264164115339339
12 56 2.7170280114041314
12 57 2.3085515799129461
12 58 1.9010688298220382
12 59 1.4943043820030304
12 60 1.0864840799117013
12 61 0.67447032480406666
12 62 0.28204489555193202
12 63 0
13 0 0
13 1 22.890928664460372
13 2 22.812908575261119
13 3 22.711591527596152
13 4 22.585800820848196
13 5 22.436721226219788
13 6 22.265655708406026
13 7 22.073462652999915
13 8 21.860955444935971
13 9 21.629119812165914
13 10 21.378828550960431
13 11 21.111095852544377
13 12 20.826809932958323
13 13 20.526994075321362
13 14 20.212530620512627
13 15 19.884432150922166
13 16 19.54355976120145
13 17 19.190898584698029
13 18 18.827275315936141
13 19 18.453633873634395
13 20 18.07075625199796
13 21 17.679534105470324
13 22 17.280696868492551
13 23 16.875075353985547
13 24 16.463340764881593
13 25 16.046256721971233
13 26 15.624432441284927
13 27 15.198559982920745
13 28 14.769184477902117
13 29 14.33692380291283
13 30 13.902258318622028
13 31 13.465730617147438
13 32 13.027756789830239
13 33 12.588804355015366
13 34 12.149226615968209
13 35 11.709417346734307
13 36 11.26966933920278
13 37 10.830304895346293
13 38 10.391559204755673
13 39 9.9536861541164665
13 40 9.5168667305401247
13 41 9.0812901062557376
13 42 8.6470868354950916
13 43 8.2143855976699243
13 44 7.7832705521192915
13 45 7.3538145212562949
13 46 6.926059492708756
13 47 6.5000273909702004
13 48 6.0757223738358483
13 49 5.6531206742522642
13 50 5.232193028949462
13 51 4.8128753651562937
13 52 4.3951094347780764
13 53 3.9787964667589168
13 54 3.5638538287757311
13 55 3.1501524131642165
13 56 2.7375846483770321
13 57 2.3260105379910034
13 58 1.9154130377498071
13 59 1.5056051356997375
13 60 1.0946961103000554
13 61 0.67961776409456209
13 62 0.28425165630242499
13 63 0
14 0 0
14 1 22.973089847018141
14 2 22.892530562524097
14 3 22.788561256353759
14 4 22.659989940595203
14 5 22.508025290615301
14 6 22.333969224054243
14 7 22.138727793838655
14 8 21.923108617367699
14 9 21.688124974031485
14 10 21.434660917445346
14 11 21.16374269737215
14 12 20.876283356398623
14 13 20.573302336105264
14 14 20.255719197032544
14 15 19.924527662416775
14 16 19.580637229923223
14 17 19.225000090844098
14 18 18.858501288622758
14 19 18.482038825650243
14 20 18.096461763741196
14 21 17.702604099604454
14 22 17.301269841249862
14 23 16.893221725638501
14 24 16.479211849417595
14 25 16.059926717740023
14 26 15.636061613825946
14 27 15.208223842195135
14 28 14.777048679471715
14 29 14.343062995136428
14 30 13.906840342567264
14 31 13.468827401660757
14 32 13.029535547461327
14 33 12.589332758663128
14 34 12.148668842620895
14 35 11.707835591060956
14 36 11.267222744109167
14 37 10.827049250759215
14 38 10.38764701824689
14 39 9.9491661530786946
14 40 9.5118835613611239
14 41 9.0758850113021108
14 42 8.6413957191896156
14 43 8.2084419925128831
14 44 7.7772010481321878
14 45 7.3476448739732731
14 46 6.9199066724977421
14 47 6.4939094266239499
14 48 6.0697465342220669
14 49 5.6472973896155096
14 50 5.2266199635145298
14 51 4.8075555198330013
14 52 4.3901311004615602
14 53 3.97415539229377
14 54 3.5596292572797683
14 55 3.1463329947802534
14 56 2.7342409358715249
14 57 2.3231242365092433
14 58 1.9130467222386274
14 59 1.5037333770312808
14 60 1.0933711737863581
14 61 0.67881246994697519
14 62 0.28400888982629424
14 63 0
15 0 0
15 1 22.864290567073233
15 2 22.781772041414559
15 3 22.675858432828466
15 4 22.545489177578538
15 5 22.391792710399912
15 6 22.216129547966609
15 7 22.019392985882568
15 8 21.802414150930723
15 9 21.566203592248954
15 10 21.311653458062302
15 11 21.039802678709375
15 12 20.75155554621195
15 13 20.447957398681897
15 14 20.129903272208622
15 15 19.79842503436635
15 16 19.454393032543464
15 17 19.098808676304813
15 18 18.732504490371657
15 19 18.356437588719761
15 20 17.971392507261452
15 21 17.578271057855648
15 22 17.177802144608144
15 23 16.770823840461023
15 24 16.358004026301789
15 25 15.940110903332567
15 26 15.517747899028938
15 27 15.091609250048865
15 28 14.662232185001059
15 29 14.230234668643849
15 30 13.796087409774875
15 31 13.360331338098987
15 32 12.923371506031492
15 33 12.485672364366785
15 34 12.047575139102909
15 35 11.609469470926268
15 36 11.17163536155018
15 37 10.734390235750366
15 38 10.297956074660366
15 39 9.8625814392912812
15 40 9.4284339482805688
15 41 8.9956972612734596
15 42 8.5644886221942951
15 43 8.1349312335567685
15 44 7.7070961786141536
15 45 7.2810510189011728
15 46 6.8568250335520995
15 47 6.4344352387348218
15 48 6.0138735427798533
15 49 5.5951117156567349
15 50 5.178108755070288
15 51 4.7627966211258075
15 52 4.3491058511307594
15 53 3.9369342138505874
15 54 3.5261883685840569
15 55 3.116736230008279
15 56 2.7084599799848066
15 57 2.3012170829329208
15 58 1.8949802711913986
15 59 1.4895595186483281
15 60 1.0830648495018693
15 61 0.67246359732272432
15 62 0.28141049560572956
15 63 0
16 0 0
16 1 22.575003022453799
16 2 22.49098948543077
16 3 22.383843343086465
16 4 22.252579774401777
16 5 22.09829279714647
16 6 21.922336184563409
16 7 21.725616999037776
16 8 21.508964003595601
16 9 21.273376582322687
16 10 21.019761203887384
16 11 20.749129857128995
16 12 20.462414374269851
16 13 20.160617360428805
16 14 19.844673563154547
16 15 19.515557966637314
16 16 19.174191596997691
16 17 18.821506370146437
16 18 18.458395213586332
16 19 18.085734751901946
16 20 17.704378397466545
16 21 17.315138115451614
16 22 16.918818916089727
16 23 16.516161302088427
16 24 16.107915270550336
16 25 15.694745329232871
16 26 15.277341853695356
16 27 14.856290804067571
16 28 14.432220067949975
16 29 14.005636205960776
16 30 13.577103247523915
16 31 13.147048939794203
16 32 12.715973352514046
16 33 12.284227200044633
16 34 11.852247552452077
16 35 11.420310845031292
16 36 10.988792983762806
16 37 10.557899653101257
16 38 10.127948141668819
16 39 9.69907751074199
16 40 9.2715495460617685
16 41 8.8454412611334448
16 42 8.4209624978536812
16 43 7.9981331161721343
16 44 7.5771149135447207
16 45 7.1578757022167059
16 46 6.7405333883511558
16 47 6.3250089672606133
16 48 5.9113807901276108
16 49 5.4995283235671426
16 50 5.0894948267813804
16 51 4.6811235278672774
16 52 4.2744271386873143
16 53 3.8692179979705514
16 54 3.4654830280881206
16 55 3.0630076538892133
16 56 2.6617527184047729
16 57 2.2614955206288903
16 58 1.8622846757432685
16 59 1.4638518211318214
16 60 1.064409235055763
16 61 0.66090056324875135
16 62 0.27666534150118072
16 63 0
17 0 0
17 1 22.115371578049285
17 2 22.030417507109423
17 3 21.922722023792144
17 4 21.791486761720286
17 5 21.637704909401375
17 6 21.462743847131236
17 7 21.267503946075983
17 8 21.052800489584666
17 9 20.819632579564093
17 10 20.568876860269501
17 11 20.301560528127311
17 12 20.018568570288746
17 13 19.72093174191529
17 14 19.409522817758042
17 15 19.085356985824298
17 16 18.749279947975353
17 17 18.402274707384358
17 18 18.045147308359638
17 19 17.678835152830374
17 20 17.304095002802168
17 21 16.921808075626473
17 22 16.532674725918653
17 23 16.137511969339759
17 24 15.736958849288854
17 25 15.331762454589418
17 26 14.922497537698771
17 27 14.509837555547604
17 28 14.094291631943056
17 29 13.676457645057774
17 30 13.25677912965466
17 31 12.835777948686978
17 32 12.413833221350817
17 33 11.991391638832459
17 34 11.568769992130354
17 35 11.146341712880103
17 36 10.72436406975449
17 37 10.303140025182207
17 38 9.8828706793176959
17 39 9.4637920242013056
17 40 9.0460527469974821
17 41 8.6298259278959275
17 42 8.2152118754543206
17 43 7.8023252478853751
17 44 7.3912221874635193
17 45 6.9819637427655872
17 46 6.5745661994067968
17 47 6.1690420406451301
17 48 5.7653720401849062
17 49 5.363525319137243
17 50 4.9634514732331594
17 51 4.565081560652299
17 52 4.1683382894538017
17 53 3.7731200967253327
17 54 3.3793271924228527
17 55 2.9868295596532599
17 56 2.5955042542750943
17 57 2.2052115797099217
17 58 1.8159164521038933
17 59 1.427432545861683
17 60 1.037930805856645
17 61 0.64450947064133857
17 62 0.26986383148891618
17 63 0
18 0 0
18 1 21.495937110431534
18 2 21.410500371610357
18 3 21.302921616445111
18 4 21.172571467054787
18 5 21.020351780861198
18 6 20.847616439454974
18 7 20.655247104590675
18 8 20.444059419059982
18 9 20.215004398279895
18 10 19.968975374756141
18 11 19.706935656377098
18 12 19.429799816808821
18 13 19.138519270924217
18 14 18.83400836562549
18 15 18.517189851355496
18 16 18.18896179794681
18 17 17.850203772648307
18 18 17.50178374168339
18 19 17.144526744357393
18 20 16.779259750677806
18 21 16.406744683322348
18 22 16.027759120074933
18 23 15.642995745603049
18 24 15.253176591458995
18 25 14.858921154738793
18 26 14.460891733262551
18 27 14.059632568633569
18 28 13.655743741237702
18 29 13.249693773673364
18 30 12.842019501035461
18 31 12.433114607857464
18 32 12.02345288243008
18 33 11.61335515720409
18 34 11.20323338955585
18 35 10.793338434075713
18 36 10.384022463260447
18 37 9.9754699232099195
18 38 9.5679759124415771
18 39 9.1616625640278304
18 40 8.7567711346310837
18 41 8.3533659205383621
18 42 7.9516379670764827
18 43 7.551598468411747
18 44 7.1533921842528079
18 45 6.7569820991835714
18 46 6.3624708232122833
18 47 5.9697781015623255
18 48 5.5789686723055389
18 49 5.1899240280646293
18 50 4.802675400944139
18 51 4.4170709849040195
18 52 4.0331129183451049
18 53 3.650621076621035
18 54 3.2695730923720454
18 55 2.8897641614203158
18 56 2.511147156675996
18 57 2.133510393767057
18 58 1.7568902912340398
18 59 1.3810312212328442
18 60 1.0042279656708399
18 61 0.62360393634294686
18 62 0.26120320259667951
18 63 0
19 0 0
19 1 20.726961753963032
19 2 20.641562065310417
19 3 20.534747108382554
19 4 20.406130848379917
19 5 20.256493924394025
19 6 20.087160512221363
19 7 19.899010860173821
19 8 19.692812286199626
19 9 19.469517340376353
19 10 19.229953991807132
19 11 18.975102657536745
19 12 18.705795574569446
19 13 18.423013971547551
19 14 18.127575546043253
19 15 17.820444761468199
19 16 17.502411078148373
19 17 17.174406515007508
19 18 16.837180744052567
19 19 16.491620794127943
19 20 16.138427827268632
19 21 15.77843405721649
19 22 15.41228578542067
19 23 15.040753047228
19 24 14.664423031469873
19 25 14.283998423483729
19 26 13.900004855259951
19 27 13.513074414925194
19 28 13.12367026612046
19 29 12.732352319707754
19 30 12.339521634855716
19 31 11.945665789152789
19 32 11.55112514072589
19 33 11.156315976177677
19 34 10.761520183321183
19 35 10.36708479202837
19 36 9.9732360901579895
19 37 9.5802546913493263
19 38 9.1883146305563113
19 39 8.7976335872795914
19 40 8.408337028531049
19 41 8.0205836796959229
19 42 7.6344543470241399
19 43 7.2500531565039088
19 44 6.8674202889402549
19 45 6.4866098966487202
19 46 6.1076256242480822
19 47 5.7304764617912261
19 48 5.3551336047444638
19 49 4.9815658099979689
19 50 4.6097158683409827
19 51 4.2395172927407048
19 52 3.8708884433500104
19 53 3.5037326852949553
19 54 3.1379479910416137
19 55 2.7734114460877293
19 56 2.4099999154503915
19 57 2.0475818379417401
19 58 1.6861168327014533
19 59 1.3254287538592529
19 60 0.96380255078799704
19 61 0.59855022458285356
19 62 0.25077120440244666
19 63 0
20 0 0
20 1 19.819048409401812
20 2 19.734126861342091
20 3 19.628685948649508
20 4 19.502598976222689
20 5 19.356501898001905
20 6 19.191698093759964
20 7 19.009018871012348
20 8 18.809234047672543
20 9 18.593213899787226
20 10 18.361804865750248
20 11 18.115889450887945
20 12 17.856330975351593
20 13 17.583997806674294
20 14 17.299750561652008
20 15 17.004428897915407
20 16 16.698875859957536
20 17 16.383889316938884
20 18 16.060281953782393
20 19 15.728799779691034
20 20 15.390215117136702
20 21 15.045214590080082
20 22 14.694522513718402
20 23 14.338760874388941
20 24 13.978600450135126
20 25 13.614595327088304
20 26 13.247359066702909
20 27 12.877376305566038
20 28 12.505201307206738
20 29 12.131249159463421
20 30 11.756014106394058
20 31 11.379842792395378
20 32 11.003169859694689
20 33 10.626275593939816
20 34 10.249536391586282
20 35 9.8731690408120123
20 36 9.4974938070158537
20 37 9.1226674392109963
20 38 8.7489567867170308
20 39 8.3764624585489198
20 40 8.0054010658904495
20 41 7.6358212845821427
20 42 7.2678930116245075
20 43 6.9016173930248765
20 44 6.5371213838263262
20 45 6.1743631097472571
20 46 5.8134305244854909
20 47 5.4542432782245474
20 48 5.0968543687607211
20 49 4.7411494976860515
20 50 4.3871508081142574
20 51 4.0347145201471131
20 52 3.6838360414937448
20 53 3.3343465771492116
20 54 2.9862190599282128
20 55 2.6392628774011491
20 56 2.2934282497044225
20 57 1.9485190972879738
20 58 1.6045627471722916
20 59 1.2613219536904134
20 60 0.91722418030611119
20 61 0.56964871410866069
20 62 0.23875499820609142
20 63 0
21 0 0
21 1 18.782566564139966
21 2 18.698599575238077
21 3 18.595132783679091
21 4 18.472337433829654
21 5 18.330709335629411
21 6 18.171481891296416
21 7 17.995489449264934
21 8 17.803421710226122
21 9 17.596151791708856
21 10 17.374428474127498
21 11 17.139152759255534
21 12 16.891073546093178
21 13 16.631090204509238
21 14 16.359935521048943
21 15 16.078491936382562
21 16 15.787464120763921
21 17 15.487703359766776
21 18 15.179876118963477
21 19 14.864791252401298
21 20 14.543069513991838
21 21 14.215468547028253
21 22 13.882558029328663
21 23 13.545037874500897
21 24 13.203423208925159
21 25 12.858351705156771
21 26 12.510282080831283
21 27 12.159787013839864
21 28 11.807268318345413
21 29 11.453232441290339
21 30 11.098024923057357
21 31 10.742086033626631
21 32 10.385706576267191
21 33 10.029261777625893
21 34 9.672989952609365
21 35 9.3172033055859327
21 36 8.9620904524494964
21 37 8.607903311118827
21 38 8.2547839803615819
21 39 7.9029273896211469
21 40 7.5524325696971033
21 41 7.2034411889835681
21 42 6.8560128231602917
21 43 6.5102399231643364
21 44 6.1661463027299748
21 45 5.8237794603575876
21 46 5.4831311564924192
21 47 5.1442083463187798
21 48 4.8069744129954728
21 49 4.4714002606870329
21 50 4.1374245051183376
21 51 3.8049865238859573
21 52 3.4740036866596733
21 53 3.1443884464102436
21 54 2.8160404912871835
21 55 2.4888488081403479
21 56 2.1626946179436133
21 57 1.8374594931931769
21 58 1.5131001854201092
21 59 1.1894567567794725
21 60 0.86497413198950579
21 61 0.53724886058010857
21 62 0.22524035770475584
21 63 0
22 0 0
22 1 17.62817377107368
22 2 17.545575516830496
22 3 17.444628102460225
22 4 17.325844645644867
22 5 17.189528527321848
22 6 17.036885020468127
22 7 16.868672306661843
22 8 16.685584241905204
22 9 16.488381083443556
22 10 16.277831380021972
22 11 16.054707918406692
22 12 15.819791738470427
22 13 15.573839640108861
22 14 15.317628271000677
22 15 15.051886723138717
22 16 14.77737409704269
22 17 14.494780587840127
22 18 14.2048364320388
22 19 13.908184469071681
22 20 13.605517272810875
22 21 13.297424101143708
22 22 12.984553186590619
22 23 12.66743596884727
22 24 12.346671561278173
22 25 12.022731080401567
22 26 11.696161403023495
22 27 11.367372298999335
22 28 11.036856721997957
22 29 10.704963316216812
22 30 10.372130639413282
22 31 10.038647455353084
22 32 9.7048984659093716
22 33 9.3711146229379949
22 34 9.0376281423081313
22 35 8.7046148757368851
22 36 8.3723565890759026
22 37 8.0409772304415466
22 38 7.7107106736172728
22 39 7.3816325075094644
22 40 7.0539316690124423
22 41 6.7276391641850983
22 42 6.4029022394629536
22 43 6.0797112305994512
22 44 5.7581751430337631
22 45 5.4382476139888958
22 46 5.1200029886928196
22 47 4.8033621772761306
22 48 4.4883685202800745
22 49 4.1749141283597364
22 50 3.8630150245218995
22 51 3.552538369838484
22 52 3.2434765557433858
22 53 2.935675623487048
22 54 2.6291081308485573
22 55 2.3236016684210052
22 56 2.0191087244750925
22 57 1.7154529501305018
22 58 1.4126555844641977
22 59 1.1105028022308652
22 60 0.80759787176321152
22 61 0.50164013147632802
22 62 0.21040588118988524
22 63 0
23 0 0
23 1 16.36633446505282
23 2 16.285530496916227
23 3 16.18764539695394
23 4 16.073538591925995
23 5 15.943357051726613
23 6 15.798200105183275
23 7 15.638832576937586
23 8 15.465840294890016
23 9 15.279987270174713
23 10 15.081916124908847
23 11 14.872419119141359
23 12 14.652134914452446
23 13 14.421852131518223
23 14 14.18219254366592
23 15 13.933928757199723
23 16 13.677655806723637
23 17 13.414117961968081
23 18 13.143875259100758
23 19 12.867633965333519
23 20 12.585913084829423
23 21 12.299373387796393
23 22 12.008488636493936
23 23 11.713868579522572
23 24 11.415939129039316
23 25 11.115255234607901
23 26 10.812193713148472
23 27 10.507252464981471
23 28 10.200759105855695
23 29 9.8931535519985658
23 30 9.5847150433471135
23 31 9.2758256923992306
23 32 8.9667179309189233
23 33 8.6577171775993431
23 34 8.3490111973406638
23 35 8.0408705851841571
23 36 7.7334410065808967
23 37 7.4269407113500385
23 38 7.1214761323981373
23 39 6.8172161269085576
23 40 6.5142309553093387
23 41 6.2126433925430575
23 42 5.9124906926589809
23 43 5.6138531175319635
23 44 5.3167381176540269
23 45 5.0211871873061575
23 46 4.72718115988968
23 47 4.4347266169194235
23 48 4.1437809063115658
23 49 3.8543196087005729
23 50 3.5662796374778978
23 51 3.2796094977607653
23 52 2.994228622277689
23 53 2.7100624219578666
23 54 2.4270158257149768
23 55 2.1449941064930309
23 56 1.863886840298792
23 57 1.5835932628884339
23 58 1.3040694428131041
23 59 1.0251770593218037
23 60 0.74555985484830545
23 61 0.46315803513252463
23 62 0.19433590567926087
23 63 0
24 0 0
24 1 15.007752880385333
24 2 14.929120863920218
24 3 14.834770331084647
24 4 14.725972765840586
24 5 14.602642445911206
24 6 14.465843674668381
24 7 14.316241570240688
24 8 14.154427377705911
24 9 13.98102603701021
24 10 13.796700852308888
24 11 13.602089989382042
24 12 13.397864969878251
24 13 13.184646583334391
24 14 12.963101097707581
24 15 12.733823607147682
24 16 12.497464143057508
24 17 12.254583182928918
24 18 12.00580504141468
24 19 11.751649012707851
24 20 11.492706361235479
24 21 11.229450459687683
24 22 10.962433981100334
24 23 10.692081265607808
24 24 10.418902462971067
24 25 10.143271177067172
24 26 9.8656525074349712
24 27 9.5863688133111715
24 28 9.3058388267710299
24 29 9.0243341493822182
24 30 8.7422268533210659
24 31 8.4597390798883545
24 32 8.1771968022400401
24 33 7.8947746414513738
24 34 7.6127537295961369
24 35 7.3312636007195859
24 36 7.0505423608651769
24 37 6.7706772526661476
24 38 6.4918656050801822
24 39 6.2141554152609206
24 40 5.9377058113217096
24 41 5.6625287471143722
24 42 5.3887479629623396
24 43 5.1163426508874839
24 44 4.8454041381052368
24 45 4.5758821545774779
24 46 4.3078386897870429
24 47 4.0411972833182741
24 48 3.7759937151381844
24 49 3.5121285451393507
24 50 3.2496144886782781
24 51 2.9883322503648948
24 52 2.7282746150409225
24 53 2.4693055246034108
24 54 2.2114010563145641
24 55 1.9544104606411326
24 56 1.6982928638885253
24 57 1.4428951752752812
24 58 1.1882352990453646
24 59 0.93412712584309787
24 60 0.6793857708546438
24 61 0.4220832468880194
24 62 0.17720193816563914
24 63 0
25 0 0
25 1 13.562974258747669
25 2 13.486882486322548
25 3 13.39654311574866
25 4 13.293612538159337
25 5 13.177836084782204
25 6 13.05014157866928
25 7 12.911203508120584
25 8 12.761481787327574
25 9 12.601605732780724
25 10 12.432089159849022
25 11 12.253590366665794
25 12 12.066615288960532
25 13 11.871817077804019
25 14 11.669684768164641
25 15 11.460857448065346
25 16 11.245799931760688
25 17 11.025127202839023
25 18 10.799273720779928
25 19 10.568822589672195
25 20 10.334173558664787
25 21 10.095871833428054
25 22 9.8542795248360644
25 23 9.6098995231741569
25 24 9.3630546213885975
25 25 9.1142023982009981
25 26 8.8636257023464911
25 27 8.6117350467135516
25 28 8.3587735812294603
25 29 8.1051040678636319
25 30 7.8509309069229776
25 31 7.5965693300884212
25 32 7.342186489211433
25 33 7.0880510601820141
25 34 6.8342948649416346
25 35 6.5811416133018019
25 36 6.3286900162297508
25 37 6.0771208978817048
25 38 5.8265022779937619
25 39 5.5769745562740454
25 40 5.3285775989434816
25 41 5.0814141279108842
25 42 4.8354984444871265
25 43 4.5908985437767242
25 44 4.3476057491165072
25 45 4.1056564167029634
25 46 3.8650214377544958
25 47 3.6257086997378893
25 48 3.3876711388376783
25 49 3.1508913837765498
25 50 2.9153068065226098
25 51 2.6808779913231513
25 52 2.4475290399994858
25 53 2.2152017491302298
25 54 1.9838092528806432
25 55 1.7532769394716403
25 56 1.5235060690764919
25 57 1.2944174696028536
25 58 1.065968350263208
25 59 0.83804666826726637
25 60 0.60952668747589711
25 61 0.37874003773778586
25 62 0.15908730088386716
25 63 0
26 0 0
26 1 12.042741065043227
26 2 11.969521897489932
26 3 11.883586248613378
26 4 11.787056447388499
26 5 11.679413970826381
26 6 11.56154557649233
26 7 11.434006777302907
26 8 11.297263854157977
26 9 11.15178587807401
26 10 10.998107959458807
26 11 10.836713444120992
26 12 10.668141595231269
26 13 10.492857454082001
26 14 10.311394957926117
26 15 10.124196360219965
26 16 9.9317818353666354
26 17 9.7345644951620525
26 18 9.5330434034744815
26 19 9.3275980728658361
26 20 9.1187007945843508
26 21 8.9066943728523942
26 22 8.6920200532543852
26 23 8.4749820233228483
26 24 8.2559874622522642
26 25 8.0353010616998883
26 26 7.8132940084994731
26 27 7.5901914845254792
26 28 7.3663277022411826
26 29 7.1418890314821732
26 30 6.9171725289226105
26 31 6.6923270206089827
26 32 6.4676128931996697
26 33 6.2431431405322293
26 34 6.0191425103116343
26 35 5.7956902066429761
26 36 5.5729768051637469
26 37 5.3510499961310014
26 38 5.1300679892158243
26 39 4.9100493873421147
26 40 4.6911220957833288
26 41 4.4732781386260871
26 42 4.2566173625714754
26 43 4.0411077479918323
26 44 3.8268234538447903
26 45 3.6137109354795163
26 46 3.4018211118793675
26 47 3.1910813837328549
26 48 2.981521917000622
26 49 2.7730534581127091
26 50 2.5656879176711511
26 51 2.3593217018957904
26 52 2.153950952444756
26 53 1.9494600128473862
26 54 1.7458318141432596
26 55 1.5429400585731321
26 56 1.3407542100592251
26 57 1.1391472631285171
26 58 0.9381361774247855
26 59 0.73756601296067992
26 60 0.5364926720241745
26 61 0.3334022334911238
26 62 0.14015784388338048
26 63 0
27 0 0
27 1 10.457663753101375
27 2 10.387623177312152
27 3 10.306493444387423
27 4 10.216807619710909
27 5 10.117870332470808
27 6 10.010407704225916
27 7 9.8949864532281939
27 8 9.771923440119215
27 9 9.6416925344281381
27 10 9.5046610660313906
27 11 9.361332932584725
27 12 9.2120638652050921
27 13 9.0573516068961055
27 14 8.8975356365140588
27 15 8.7331025011618113
27 16 8.5643709249176521
27 17 8.3918087957525831
27 18 8.2157102982834616
27 19 8.0365189941628064
27 20 7.8545020011606228
27 21 7.6700741552090763
27 22 7.4834739505366388
27 23 7.2950842689020794
27 24 7.1051142674814027
27 25 6.9139126863748377
27 26 6.7216593334146753
27 27 6.5286675320916885
27 28 6.3350882989379613
27 29 6.1411990536638124
27 30 5.9471230298650113
27 31 5.7531019254257023
27 32 5.5592325421403066
27 33 5.3657215964298928
27 34 5.1726410577692334
27 35 4.9801638583760797
27 36 4.7883389020778031
27 37 4.5973068995445869
27 38 4.4070955546362693
27 39 4.217815203453136
27 40 4.0294742587574675
27 41 3.8421547428249352
27 42 3.655847685073863
27 43 3.4706090082681458
27 44 3.2864142313250291
27 45 3.1032954951591782
27 46 2.9212146217443689
27 47 2.7401823503617768
27 48 2.5601485442469891
27 49 2.3811049520396987
27 50 2.2029911322054065
27 51 2.0257822574373807
27 52 1.8494091466244122
27 53 1.6738328477170139
27 54 1.498977003909679
27 55 1.324790283766518
27 56 1.151188200164825
27 57 0.97811640191200666
27 58 0.80553461723370468
27 59 0.63336089761095937
27 60 0.4607245874599562
27 61 0.28638544843238217
27 62 0.12049620117237897
27 63 0
28 0 0
28 1 8.8185141965540019
28 2 8.7519315061783072
28 3 8.6759153277965098
28 4 8.5934990316480828
28 5 8.5037026408497454
28 6 8.4072063752511781
28 7 8.3044434526362192
28 8 8.1957378041038584
28 9 8.0813874479670957
28 10 7.9617813906402226
28 11 7.8372332181554043
28 12 7.7081322748228764
28 13 7.5747733224426401
28 14 7.4375409902180936
28 15 7.2967108728087666
28 16 7.1526572753521753
28 17 7.0056330552875554
28 18 6.8559972001196385
28 19 6.7039776341498989
28 20 6.5499141880528438
28 21 6.394008469170033
28 22 6.2365782390266453
28 23 6.077798130688552
28 24 5.9179617688562578
28 25 5.7572167662617
28 26 5.5958312854072902
28 27 5.4339263758791594
28 28 5.2717440565672531
28 29 5.109379674182315
28 30 4.9470489721801174
28 31 4.7848227668022041
28 32 4.6228908553382873
28 33 4.4613009271967661
28 34 4.3002175423684301
28 35 4.1396668277708288
28 36 3.9797891208484382
28 37 3.8205906509081964
28 38 3.6621887879588835
28 39 3.5045715789844105
28 40 3.3478348648134464
28 41 3.191950235178004
28 42 3.0369935741182568
28 43 2.8829217171691379
28 44 2.7297922570146045
28 45 2.5775489322823173
28 46 2.4262327691580876
28 47 2.2757760043377653
28 48 2.1262048551299837
28 49 1.9774415790194395
28 50 1.8294993545185441
28 51 1.6822919029570071
28 52 1.5358211302585556
28 53 1.3899936289914714
28 54 1.2448018591005294
28 55 1.1001460207667733
28 56 0.95600885556097726
28 57 0.81229149725141048
28 58 0.66901190597317362
28 59 0.52604885177242544
28 60 0.38272084727374334
28 61 0.23795845794540724
28 62 0.10026396808476218
28 63 0
29 0 0
29 1 7.1359513113089434
29 2 7.0730666177941774
29 3 7.0024850458167398
29 4 6.9276614462642225
29 5 6.8474364185090577
29 6 6.7623125153813746
29 7 6.6727350922594697
29 8 6.5788662521539267
29 9 6.4810091027516403
29 10 6.3793722829822048
29 11 6.2742901715170856
29 12 6.1659562879207979
29 13 6.0546982948376149
29 14 5.940694611198543
29 15 5.8242653003973421
29 16 5.7055721865257736
29 17 5.5849230614911276
29 18 5.462461866892907
29 19 5.3384807160623344
29 20 5.2131050648703514
29 21 5.0866086668682255
29 22 4.9590983606185741
29 23 4.8308275523763919
29 24 4.7018847343895356
29 25 4.5725016001704386
29 26 4.4427488868792135
29 27 4.3128357609070749
29 28 4.1828160418572642
29 29 4.05287603549331
29 30 3.9230536611617777
29 31 3.7935124435946519
29 32 3.6642755406184491
29 33 3.5354841245163189
29 34 3.4071478018075929
29 35 3.27938611033718
29 36 3.1521963453066815
29 37 3.0256773631973863
29 38 2.8998153838551395
29 39 2.7746897217669391
29 40 2.6502767269188685
29 41 2.5266374544972496
29 42 2.4037395399296031
29 43 2.2816271679834244
29 44 2.1602603508977083
29 45 2.0396678666911132
29 46 1.9198031233596571
29 47 1.8006810047255684
29 48 1.6822492570793677
29 49 1.5645104109988428
29 50 1.4474074170553115
29 51 1.3309320035487264
29 52 1.2150231160753222
29 53 1.0996632680294809
29 54 0.98478818318410877
29 55 0.87037223132350139
29 56 0.75634692229279188
29 57 0.6426851823275801
29 58 0.52935013376002482
29 59 0.4162928247687856
29 60 0.30291509226342872
29 61 0.18843069579429583
29 62 0.079543343200228392
29 63 0
30 0 0
30 1 5.4207672889606355
30 2 5.3618002898228418
30 3 5.2968723809878782
30 4 5.2299512390780434
30 5 5.1595834633437159
30 6 5.0862223339662895
30 7 5.0101702743746612
30 8 4.9315969647218694
30 9 4.8506200136087312
30 10 4.7674699375637752
30 11 4.6822812909925782
30 12 4.5952813621926145
30 13 4.5065856757615181
30 14 4.4164179376414028
30 15 4.3248786064559868
30 16 4.2321852097291668
30 17 4.1384224831647254
30 18 4.0437992812847554
30 19 3.9483847700897541
30 20 3.8523772119488293
30 21 3.7558305970468391
30 22 3.6589311013528865
30 23 3.5617181558364743
30 24 3.4643647584951958
30 25 3.3668965668149293
30 26 3.2694726705654293
30 27 3.172105861484444
30 28 3.0749409117645783
30 29 2.9779787349986773
30 30 2.881349657123518
30 31 2.785043744381229
30 32 2.6891769895172235
30 33 2.5937296543120909
30 34 2.4988037162172878
30 35 2.4043706619315475
30 36 2.3105189420086059
30 37 2.2172122635697318
30 38 2.1245261777979563
30 39 2.0324175583700614
30 40 1.9409497956080608
30 41 1.8500738154370946
30 42 1.7598416720107954
30 43 1.6701991616257912
30 44 1.5811878917239421
30 45 1.4927492758370038
30 46 1.4049154108144961
30 47 1.3176240022623764
30 48 1.2308986043115031
30 49 1.1446738193743031
30 50 1.0589656466581194
30 51 0.97370612156466252
30 52 0.88890468541880885
30 53 0.80449131152164566
30 54 0.72046993329626019
30 55 0.63676849450220274
30 56 0.55338513146640933
30 57 0.47025034913343583
30 58 0.38738455082797024
30 59 0.30470179728487989
30 60 0.22179790644905337
30 61 0.1380675767624899
30 62 0.058493043693801774
30 63 0
31 0 0
31 1 3.6836519160790413
31 2 3.6287748411751708
31 3 3.5697352238925677
31 4 3.5109163505927921
31 5 3.4506885944015169
31 6 3.3893181765115541
31 7 3.3271196823479241
31 8 3.264094556367608
31 9 3.20036570339719
31 10 3.1359766852948887
31 11 3.0710829525868406
31 12 3.0057095940853555
31 13 2.9400051335174604
31 14 2.873981016206439
31 15 2.8077822569197632
31 16 2.7414082626915954
31 17 2.6749987833470628
31 18 2.60854246692683
31 19 2.5421727381394272
31 20 2.4758688492403969
31 21 2.4097569917778729
31 22 2.3438083363578093
31 23 2.2781411220184542
31 24 2.2127196957876594
31 25 2.1476538045740239
31 26 2.0829021548225435
31 27 2.0185656320439458
31 28 1.9545983964060578
31 29 1.8910922614453463
31 30 1.8279978366151746
31 31 1.7653977983957896
31 32 1.7032400958391294
31 33 1.641598334601138
31 34 1.5804185851171115
31 35 1.5197655651067097
31 36 1.4595841392337576
31 37 1.3999304221358284
31 38 1.3407486386504781
31 39 1.2820866728167426
31 40 1.2238885727598146
31 41 1.1661944383688834
31 42 1.1089485070135778
31 43 1.0521836021137918
31 44 0.99584442596365574
31 45 0.93995708282272594
31 46 0.88446693303183299
31 47 0.82939395826448703
31 48 0.77468429571016539
31 49 0.72035243146481687
31 50 0.66634533262779727
31 51 0.6126726375969499
31 52 0.55928213774319191
31 53 0.50617931183589104
31 54 0.45331275766599183
31 55 0.40068416792217004
31 56 0.34824192916252422
31 57 0.29598788063277409
31 58 0.24388887470309412
31 59 0.19193089811018615
31 60 0.1397985449816638
31 61 0.087174752947765846
31 62 0.037195032911391902
31 63 0
32 0 0
32 1 1.9354084393646174
32 2 1.8847762586050003
32 3 1.8317533799783607
32 4 1.7812252352946547
32 5 1.7312707105565033
32 6 1.6821050131353259
32 7 1.6338956766382273
32 8 1.5866520608016184
32 9 1.5403081184655847
32 10 1.4949293406443611
32 11 1.4504678986536479
32 12 1.4069827063074163
32 13 1.3644068920070767
32 14 1.3227972422223222
32 15 1.2820761358229686
32 16 1.2422987332898852
32 17 1.203378960691377
32 18 1.1653704236685147
32 19 1.1281811199352407
32 20 1.0918631445976177
32 21 1.0563207484633683
32 22 1.0216044641412265
32 23 0.98761668578191342
32 24 0.95440627555204105
32 25 0.92187538030122584
32 26 0.89007105018760346
32 27 0.85889652897807878
32 28 0.82839689980157782
32 29 0.79847760007585333
32 30 0.76918159382286366
32 31 0.74041738046017092
32 32 0.71222566872395709
32 33 0.68451867996622517
32 34 0.65733475711161982
32 35 0.63059031529556708
32 36 0.60432125363375255
32 37 0.57844848503314716
32 38 0.55300542368931982
32 39 0.52791763613384601
32 40 0.50321604963331301
32 41 0.47883091095669117
32 42 0.45479069798442656
32 43 0.43103025289267394
32 44 0.40757568031662972
32 45 0.38436623806643749
32 46 0.3614257702432489
32 47 0.33869769062243871
32 48 0.31620372924437529
32 49 0.29389113000801542
32 50 0.27177968592178336
32 51 0.24982008943361556
32 52 0.22803039910460382
32 53 0.20636434861610359
32 54 0.18483851240255975
32 55 0.16340899132986667
32 56 0.14209056994180852
32 57 0.12084350667590296
32 58 0.099691552252568622
32 59 0.078584651695704652
32 60 0.057403486888265978
32 61 0.036015894004302641
32 62 0.015806508102177132
32 63 0
33 0 0
33 1 0.18673940871507938
33 2 0.14045606898952182
33 3 0.093594422196038918
33 4 0.051432351240990888
33 5 0.011881670468065302
33 6 -0.025030956545698681
33 7 -0.059126716552094498
33 8 -0.090564731952492844
33 9 -0.11940560825940111
33 10 -0.14577124757848586
33 11 -0.1696885958683014
33 12 -0.19130126341295112
33 13 -0.21064310557341664
33 14 -0.22786983273457739
33 15 -0.24301449210220744
33 16 -0.25624020001026493
33 17 -0.26757799915745939
33 18 -0.27719457407811648
33 19 -0.28511765491126523
33 20 -0.29151417565820797
33 21 -0.29640767635869247
33 22 -0.29996259195819336
33 23 -0.30219771935721029
33 24 -0.30327276052584518
33 25 -0.30320148585633827
33 26 -0.30213710017256779
33 27 -0.30008828026438189
33 28 -0.29720039230870171
33 29 -0.29347712064788184
33 30 -0.28905502730370169
33 31 -0.28393303109537588
33 32 -0.27823825492143511
33 33 -0.27196516797903231
33 34 -0.26523110617344331
33 35 -0.25802646276520158
33 36 -0.25045868506378999
33 37 -0.24251449603451353
33 38 -0.23429156127291964
33 39 -0.22577335022426862
33 40 -0.21704802770355128
33 41 -0.2080962212966517
33 42 -0.19899701911382239
33 43 -0.18972860127375335
33 44 -0.18036151908109019
33 45 -0.1708718737542714
33 46 -0.1613223117579636
33 47 -0.15168719272215178
33 48 -0.14202196200910058
33 49 -0.13229954075392361
33 50 -0.12256893157040115
33 51 -0.11280188664939102
33 52 -0.10304176615500034
33 53 -0.093259377403776447
33 54 -0.083493255580945308
33 55 -0.073713594994823078
33 56 -0.06395513642308262
33 57 -0.054186341239597834
33 58 -0.044436847043167284
33 59 -0.034684774403649546
33 60 -0.024959652393173305
33 61 -0.01510477956377409
33 62 -0.0055906342710597525
33 63 0
34 0 0
34 1 -1.5515502160101196
34 2 -1.5933980845186582
34 3 -1.6340610290426443
34 4 -1.6677932196835261
34 5 -1.6969597806396084
34 6 -1.721585112762573
34 7 -1.7416361819181707
34 8 -1.757264018753983
34 9 -1.7687153596223277
34 10 -1.7760902658215265
34 11 -1.7796162898521393
34 12 -1.7794032505389288
34 13 -1.7756976966189046
34 14 -1.7686100169440475
34 15 -1.7583932558523256
34 16 -1.7451547906488332
34 17 -1.7291489597194039
34 18 -1.7104775037146485
34 19 -1.6893912025675166
34 20 -1.6659841623313083
34 21 -1.6404996675636656
34 22 -1.6130228070644121
34 23 -1.5837862285010087
34 24 -1.5528651339296098
34 25 -1.5204791148365655
34 26 -1.4866930445761335
34 27 -1.4517116838615642
34 28 -1.415589482530117
34 29 -1.3785151643275697
34 30 -1.3405329351305579
34 31 -1.301814770176271
34 32 -1.2623950206430365
34 33 -1.2224286264256807
34 34 -1.1819406266560046
34 35 -1.1410689985269156
34 36 -1.0998301171232305
34 37 -1.0583453691714824
34 38 -1.0166231789749378
34 39 -0.97476896051175599
34 40 -0.93278393322400044
34 41 -0.8907583534069099
34 42 -0.84868698846833912
34 43 -0.80664590731333374
34 44 -0.76462416548246837
34 45 -0.72268473380461007
34 46 -0.680811669360188
34 47 -0.63905602274476137
34 48 -0.59739752988535721
34 49 -0.55587656224853077
34 50 -0.51446917036176287
34 51 -0.4732063317449135
34 52 -0.43206100502406908
34 53 -0.39105608052405133
34 54 -0.35016197566838753
34 55 -0.30939486121851467
34 56 -0.26872293480586806
34 57 -0.22815666036699911
34 58 -0.18766859158021446
34 59 -0.14727330166200753
34 60 -0.1068048282090498
34 61 -0.065923766830940186
34 62 -0.026839369043049958
34 63 0
35 0 0
35 1 -3.2687634124657592
35 2 -3.3061389493582962
35 3 -3.3405509045819635
35 4 -3.3659012230856322
35 5 -3.3847070815390232
35 6 -3.3971749887238558
35 7 -3.403262412824215
35 8 -3.4032829527987944
35 9 -3.3974778223143551
35 10 -3.3861287657672339
35 11 -3.3694425844589322
35 12 -3.347725898289498
35 13 -3.3211923052686818
35 14 -3.2901591174623466
35 15 -3.2548348584692435
35 16 -3.2155398612715076
35 17 -3.1724734796773957
35 18 -3.1259527580947264
35 19 -3.0761642482033227
35 20 -3.0234164954176723
35 21 -2.9678806156746953
35 22 -2.9098525154022816
35 23 -2.849486067259448
35 24 -2.78706135359577
35 25 -2.7227139058056227
35 26 -2.6567056459058564
35 27 -2.589153261375754
35 28 -2.520298921331328
35 29 -2.4502404560639079
35 30 -2.3791993320141422
35 31 -2.3072549017672732
35 32 -2.2346075270445294
35 33 -2.1613187685002178
35 34 -2.0875679408113661
35 35 -2.0133997288208936
35 36 -1.9389728373943247
35 37 -1.8643161565609714
35 38 -1.7895685263081282
35 39 -1.714744232441376
35 40 -1.6399632393146173
35 41 -1.5652264830534199
35 42 -1.4906362309467613
35 43 -1.4161813512749994
35 44 -1.3419477353033706
35 45 -1.2679134641253378
35 46 -1.1941494773783599
35 47 -1.1206243273745837
35 48 -1.0473954979820066
35 49 -0.97442323419194832
35 50 -0.90175310595854452
35 51 -0.82933822724130912
35 52 -0.75721382372302404
35 53 -0.68532700484380282
35 54 -0.61370424612406027
35 55 -0.54228768161400687
35 56 -0.47109606692526584
35 57 -0.40006823641858075
35 58 -0.32923109286022928
35 59 -0.25852690721122779
35 60 -0.18770335334149135
35 61 -0.11613594821568791
35 62 -0.047857709654831292
35 63 0
36 0 0
36 1 -4.9541028378981693
36 2 -4.9869897692505871
36 3 -5.0152029598529557
36 4 -5.0322333842189195
36 5 -5.0408488724851459
36 6 -5.04130540309799
36 7 -5.0336996159044638
36 8 -5.0183370184899827
36 9 -4.9956359409159612
36 10 -4.9658565271545889
36 11 -4.9293974572486992
36 12 -4.8865316953380855
36 13 -4.8376769380731348
36 14 -4.7831052809009487
36 15 -4.7232369944777188
36 16 -4.6583367620977052
36 17 -4.5888194594955758
36 18 -4.5149372685876905
36 19 -4.4370925976747664
36 20 -4.3555212384155126
36 21 -4.2706075133046264
36 22 -4.1825680457680567
36 23 -4.0917647245473789
36 24 -3.9983931776500361
36 25 -3.9027896506564566
36 26 -3.8051277544645439
36 27 -3.7057158854889227
36 28 -3.6047052840519647
36 29 -3.5023751638261356
36 30 -3.3988545831793897
36 31 -3.2943929872199083
36 32 -3.189097869341404
36 33 -3.0831889514862731
36 34 -2.9767531068164006
36 35 -2.8699809036083668
36 36 -2.7629397800020055
36 37 -2.6557921473057662
36 38 -2.5485873600712727
36 39 -2.4414610102640935
36 40 -2.3344458247376179
36 41 -2.2276521791216632
36 42 -2.1210976828114356
36 43 -2.0148692985000212
36 44 -1.9089710433040943
36 45 -1.803468415951307
36 46 -1.6983533516176759
36 47 -1.5936719344361512
36 48 -1.4894054919031086
36 49 -1.3855828069802207
36 50 -1.282176023646912
36 51 -1.1791987734481644
36 52 -1.0766153844641455
36 53 -0.97442650772644657
36 54 -0.87258998690387057
36 55 -0.77109552485035671
36 56 -0.66989481635794534
36 57 -0.56897037214842794
36 58 -0.46829125825519063
36 59 -0.36783795678308739
36 60 -0.26716595390068726
36 61 -0.16547641878533734
36 62 -0.068487457352226597
36 63 0
37 0 0
37 1 -6.5968951373512414
37 2 -6.625320949498791
37 3 -6.6473756921228029
37 4 -6.6562542965089504
37 5 -6.6548561279845311
37 6 -6.6436051575051387
37 7 -6.6225911956568941
37 8 -6.5922704067974642
37 9 -6.5530556100953055
37 10 -6.5053769234093179
37 11 -6.4496125481681759
37 12 -6.3862206158190427
37 13 -6.3155860429482784
37 14 -6.2381765854547258
37 15 -6.1543681381069186
37 16 -6.0646276441193692
37 17 -5.9693151236004214
37 18 -5.8688880897194888
37 19 -5.763684839946789
37 20 -5.6541464719587271
37 21 -5.5405852423647781
37 22 -5.4234203770703262
37 23 -5.3029350702859368
37 24 -5.179522579305103
37 25 -5.053435138055435
37 26 -4.9250371362281662
37 27 -4.79454890317849
37 28 -4.6623041021053195
37 29 -4.5284910077648508
37 30 -4.3934115881061109
37 31 -4.2572225608466887
37 32 -4.1201939801041396
37 33 -3.9824520191681638
37 34 -3.8442352215686748
37 35 -3.7056406261953532
37 36 -3.5668761752746354
37 37 -3.4280114782121718
37 38 -3.28922518849045
37 39 -3.1505613981688709
37 40 -3.0121710981101888
37 41 -2.874074908998602
37 42 -2.7363980218098272
37 43 -2.5991397057117238
37 44 -2.4624013863791947
37 45 -2.326163127697749
37 46 -2.1905047431733133
37 47 -2.0553892278411885
37 48 -1.9208770119920169
37 49 -1.7869161222972565
37 50 -1.6535498772357169
37 51 -1.5207133825854886
37 52 -1.3884351352134272
37 53 -1.2566393167795924
37 54 -1.1253419286345057
37 55 -0.99445793073968181
37 56 -0.86399184476997759
37 57 -0.73385380049890081
37 58 -0.60406927825315737
37 59 -0.47454573209768675
37 60 -0.34476013753983448
37 61 -0.21363681897381381
37 62 -0.088646369532945468
37 63 0
38 0 0
38 1 -8.1863598136228077
38 2 -8.2103789812133439
38 3 -8.2264143167709687
38 4 -8.2273277619019396
38 5 -8.216232031736098
38 6 -8.1935974757777057
38 7 -8.159641328878763
38 8 -8.1148118779793172
38 9 -8.0596840892642856
38 10 -7.9946669060071107
38 11 -7.9203158385759513
38 12 -7.8370556342944901
38 13 -7.7454610120693212
38 14 -7.6459547329937809
38 15 -7.5391107424411539
38 16 -7.4253405269051642
38 17 -7.3052067458177268
38 18 -7.1791022243166269
38 19 -7.0475692155347929
38 20 -6.9109762188647412
38 21 -6.7698378978705387
38 22 -6.6244943246022894
38 23 -6.4754270876131992
38 24 -6.3229450814838142
38 25 -6.1674928486337954
38 26 -6.0093465091536595
38 27 -5.8489109167450168
38 28 -5.6864287850789559
38 29 -5.5222637860382333
38 30 -5.3566253861334916
38 31 -5.1898355623036485
38 32 -5.0220713265467101
38 33 -4.8536132701072976
38 34 -4.684607235976884
38 35 -4.5152934172018613
38 36 -4.3457881432822836
38 37 -4.1762927450927823
38 38 -4.0068959588275375
38 39 -3.8377622228607415
38 40 -3.668954776470478
38 41 -3.5006034687828969
38 42 -3.3327482421977317
38 43 -3.1654869078340582
38 44 -2.9988383570422905
38 45 -2.8328710904234682
38 46 -2.6675851953923932
38 47 -2.5030227070807256
38 48 -2.3391671247978851
38 49 -2.1760369340860861
38 50 -2.0136012083417132
38 51 -1.8518578342655174
38 52 -1.6907635556738017
38 53 -1.5302986377101908
38 54 -1.3704095650119512
38 55 -1.2110616332379349
38 56 -1.0521914151394554
38 57 -0.8937556129847174
38 58 -0.7357205520249982
38 59 -0.578034976521411
38 60 -0.41998969771127792
38 61 -0.26034923541920713
38 62 -0.10817372211745839
38 63 0
39 0 0
39 1 -9.7118648359550761
39 2 -9.7315650094388779
39 3 -9.741712589666859
39 4 -9.7349436504081286
39 5 -9.7144770552959674
39 6 -9.6809298387715028
39 7 -9.6345159422885054
39 8 -9.5758167200620683
39 9 -9.5054017848573302
39 10 -9.4238326400922698
39 11 -9.3316447749797717
39 12 -9.2294308280901873
39 13 -9.1177330570697972
39 14 -8.9971531668790057
39 15 -8.8682210031173305
39 16 -8.7315344407179207
39 17 -8.5876015302540143
39 18 -8.4370056304616146
39 19 -8.2802251057120664
39 20 -8.1178202075367771
39 21 -7.9502337252996327
39 22 -7.7779961397955182
39 23 -7.601510494696142
39 24 -7.4212725484566775
39 25 -7.2376429249880152
39 26 -7.0510792120064876
39 27 -6.8618982180048853
39 28 -6.6705172124309033
39 29 -6.4772088655289881
39 30 -6.2823490902639412
39 31 -6.0861669783387153
39 32 -5.8889969793312229
39 33 -5.6910258757304319
39 34 -5.4925473155548694
39 35 -5.2937075966314255
39 36 -5.094760849908984
39 37 -4.89581513288514
39 38 -4.6970868374660935
39 39 -4.4986483282930001
39 40 -4.3006804175275013
39 41 -4.1032225291267039
39 42 -3.9064223401766007
39 43 -3.7102892096508668
39 44 -3.5149403292511656
39 45 -3.3203579271104688
39 46 -3.1266314984380736
39 47 -2.93371908279275
39 48 -2.7416853545140594
39 49 -2.5504670778952785
39 50 -2.3601070280590086
39 51 -2.1705235526276652
39 52 -1.9817404662379703
39 53 -1.7936605122480982
39 54 -1.6062915363887702
39 55 -1.4195230134660435
39 56 -1.2333478062200551
39 57 -1.0476490847863156
39 58 -0.86245272034534659
39 59 -0.67763334701859601
39 60 -0.49241552574215619
39 61 -0.3052996880761743
39 62 -0.12698682117317828
39 63 0
40 0 0
40 1 -11.162655588222488
40 2 -11.178160778268365
40 3 -11.182642072736984
40 4 -11.168498797617227
40 5 -11.139115956607224
40 6 -11.095152621511671
40 7 -11.036933597183822
40 8 -10.965032844667826
40 9 -10.880161589248273
40 10 -10.782860824510696
40 11 -10.673823285866616
40 12 -10.553608689487588
40 13 -10.422929409931305
40 14 -10.282342546893648
40 15 -10.132557122852969
40 16 -9.9741158989580647
40 17 -9.8077117964722085
40 18 -9.6338637947776853
40 19 -9.4532377808054449
40 20 -9.266321680332636
40 21 -9.0737457578802552
40 22 -8.8759615661135545
40 23 -8.6735572200054474
40 24 -8.4669442787671017
40 25 -8.2566640160649101
40 26 -8.0430858342235805
40 27 -7.8267010821678129
40 28 -7.6078360686609798
40 29 -7.3869305244811043
40 30 -7.164267741134462
40 31 -6.940235321703101
40 32 -6.7150744349286491
40 33 -6.4891210392064895
40 34 -6.2625757189362554
40 35 -6.0357240887715422
40 36 -5.8087281780396163
40 37 -5.5818252196266203
40 38 -5.3551410759088034
40 39 -5.1288670822382292
40 40 -4.9030955694563483
40 41 -4.6779748611522667
40 42 -4.4535665471549288
40 43 -4.2299791234442097
40 44 -4.0072463102663569
40 45 -3.7854401721437831
40 46 -3.5645694543058428
40 47 -3.3446733273422868
40 48 -3.1257384361654816
40 49 -2.9077746801787456
40 50 -2.6907494285401983
40 51 -2.4746469736703363
40 52 -2.2594181654301058
40 53 -2.0450253926917763
40 54 -1.8314057316635761
40 55 -1.6185028780444635
40 56 -1.4062404896923983
40 57 -1.1945523772598894
40 58 -0.98340337491350505
40 59 -0.77271376028991634
40 60 -0.56153069325430816
40 61 -0.34821558392466434
40 62 -0.14492105153292376
40 63 0
41 0 0
41 1 -12.528158212992288
41 2 -12.539610751594273
41 3 -12.538645859114334
41 4 -12.517518424600548
41 5 -12.479690211402188
41 6 -12.425939193849228
41 7 -12.356591261960821
41 8 -12.272330644938949
41 9 -12.17386359293549
41 10 -12.061860974453543
41 11 -11.936996209266349
41 12 -11.799974381078583
41 13 -11.651475932333121
41 14 -11.49221508237687
41 15 -11.322857218867743
41 16 -11.144110737157813
41 17 -10.956614366137856
41 18 -10.761058233397284
41 19 -10.558044709525475
41 20 -10.348235679942302
41 21 -10.1321898550959
41 22 -9.9105331525436071
41 23 -9.6837753948095955
41 24 -9.4525008038252096
41 25 -9.2171669008696977
41 26 -8.978312237141763
41 27 -8.7363401774704652
41 28 -8.4917411430566236
41 29 -8.2448638026422483
41 30 -7.9961492803011529
41 31 -7.7458920991696107
41 32 -7.4944840037634251
41 33 -7.2421668064289646
41 34 -6.9892836852865248
41 35 -6.7360258764231773
41 36 -6.4826895306983188
41 37 -6.22941797937799
41 38 -5.976462461432086
41 39 -5.7239214706269186
41 40 -5.4720038956077364
41 41 -5.2207667360378123
41 42 -4.9703794269932509
41 43 -4.7208609939423773
41 44 -4.4723445573726313
41 45 -4.2248147843867452
41 46 -3.9783717859133318
41 47 -3.7329695193673103
41 48 -3.4886784964203534
41 49 -3.2454255990944185
41 50 -3.0032552081422241
41 51 -2.7620707159743247
41 52 -2.521893864809257
41 53 -2.282608108457056
41 54 -2.0442161191066162
41 55 -1.8065843246150437
41 56 -1.5696972654218713
41 57 -1.3334136712556721
41 58 -1.0977620614014942
41 59 -0.86258716604695984
41 60 -0.62688653101595149
41 61 -0.38877487385171522
41 62 -0.16189302274578957
41 63 0
42 0 0
42 1 -13.797652724158858
42 2 -13.805243406679006
42 3 -13.799130452487685
42 4 -13.771442897317648
42 5 -13.725752997190238
42 6 -13.662875505374599
42 7 -13.583226250454331
42 8 -13.487482897233223
42 9 -13.376467740056095
42 10 -13.250832112717697
42 11 -13.11138160288923
42 12 -12.958789096481754
42 13 -12.793880506586337
42 14 -12.617326073294803
42 15 -12.429946679975849
42 16 -12.232396164153911
42 17 -12.025475778075286
42 18 -11.809811769207748
42 19 -11.586173308909286
42 20 -11.355150395732819
42 21 -11.117470332014733
42 22 -10.873680471908616
42 23 -10.624458806090145
42 24 -10.370305628570453
42 25 -10.111844265092076
42 26 -9.8495252386339889
42 27 -9.583913689004282
42 28 -9.3154091004103226
42 29 -9.0445164910653588
42 30 -8.7715842379248858
42 31 -8.497056654243675
42 32 -8.2212319175224646
42 33 -7.9444941888563232
42 34 -7.6670931301470429
42 35 -7.3893542420182836
42 36 -7.1114809540672752
42 37 -6.8337423597204552
42 38 -6.5562983859935464
42 39 -6.2793645770575308
42 40 -6.0030604034684902
42 41 -5.7275511860877693
42 42 -5.4529191933660375
42 43 -5.1792831998258055
42 44 -4.9066916466311801
42 45 -4.6352206917632692
42 46 -4.3648883753153473
42 47 -4.0957323407941635
42 48 -3.8277436526606756
42 49 -3.5609256499675128
42 50 -3.2952458086615497
42 51 -3.0306774303965796
42 52 -2.767167727838999
42 53 -2.5046642922722793
42 54 -2.2430974083358639
42 55 -1.9823926472918783
42 56 -1.7224637231871107
42 57 -1.4632251729340295
42 58 -1.2046420345306319
42 59 -0.94661024138673888
42 60 -0.68796146975344519
42 61 -0.42669851247762614
42 62 -0.17773284136727521
42 63 0
43 0 0
43 1 -14.960639166140052
43 2 -14.964558404226127
43 3 -14.953601511271463
43 4 -14.919842367919848
43 5 -14.866897670957249
43 6 -14.795667742276345
43 7 -14.706574686592818
43 8 -14.600379032516834
43 9 -14.477898792692018
43 10 -14.339887780364435
43 11 -14.187133301469602
43 12 -14.020426351076472
43 13 -13.840561729253672
43 14 -13.648340315650504
43 15 -13.444540086837481
43 16 -13.229955261697029
43 17 -13.005333553711466
43 18 -12.771448698688806
43 19 -12.529006934220874
43 20 -12.278750429534647
43 21 -12.021335433548858
43 22 -11.757463944687558
43 23 -11.487736061083087
43 24 -11.212807211516422
43 25 -10.933217246339755
43 26 -10.649570561592547
43 27 -10.36234444522071
43 28 -10.072089473480672
43 29 -9.7792195710990857
43 30 -9.4842301385732135
43 31 -9.1874721998097044
43 32 -8.8893858277053948
43 33 -8.5902606412672249
43 34 -8.2904822313686317
43 35 -7.9902811345557998
43 36 -7.6899901173231004
43 37 -7.3897835992569334
43 38 -7.0899438285493508
43 39 -6.7905925565845511
43 40 -6.4919643255583397
43 41 -6.1941320140302185
43 42 -5.8972856551908439
43 43 -5.6014532823673733
43 44 -5.3067838993996581
43 45 -5.0132648607365899
43 46 -4.7210078193013532
43 47 -4.429963681775245
43 48 -4.1402105601036441
43 49 -3.8516671527894863
43 50 -3.564381919538719
43 51 -3.2782455567669508
43 52 -2.9932808008991039
43 53 -2.7093545366366367
43 54 -2.4264678117983478
43 55 -2.1444671158700617
43 56 -1.8633326779253361
43 57 -1.582902008824951
43 58 -1.3032088959306602
43 59 -1.0240719323072498
43 60 -0.74429414864102783
43 61 -0.46165383789689879
43 62 -0.19235610447581
43 63 0
44 0 0
44 1 -16.006440547419913
44 2 -16.006941741026189
44 3 -15.99150868601518
44 4 -15.952210621229769
44 5 -15.892712423624308
44 6 -15.813945423257772
44 7 -15.716396935353838
44 8 -15.600822185817846
44 9 -15.468125288565377
44 10 -15.319041894302554
44 11 -15.154461978332664
44 12 -14.975145414498638
44 13 -14.782003402774961
44 14 -14.575793790890577
44 15 -14.357422028314724
44 16 -14.127628623581497
44 17 -13.887297277279623
44 18 -13.637138605631941
44 19 -13.3780009481861
44 20 -13.110555255018664
44 21 -12.835603766714533
44 22 -12.553770476274398
44 23 -12.265803327617698
44 24 -11.972274247284229
44 25 -11.673870951063417
44 26 -11.371110076352497
44 27 -11.064615170895395
44 28 -10.754845965690578
44 29 -10.442359628268918
44 30 -10.127558708495803
44 31 -9.810933260254787
44 32 -9.4928294789561853
44 33 -9.1736708190584721
44 34 -8.853748832368014
44 35 -8.5334219246728313
44 36 -8.2129294068124761
44 37 -7.892567033150014
44 38 -7.5725248005565211
44 39 -7.2530388871611864
44 40 -6.9342532841848312
44 41 -6.6163481994558921
44 42 -6.2994251884231156
44 43 -5.9836124988269672
44 44 -5.6689729838212592
44 45 -5.3555872388808243
44 46 -5.0434832340453184
44 47 -4.7326984298923733
44 48 -4.4232297585312486
44 49 -4.1150762016731512
44 50 -3.8082074808017716
44 51 -3.5025888363024857
44 52 -3.198166559642114
44 53 -2.8948769759734634
44 54 -2.5926467639371715
44 55 -2.2913874082050949
44 56 -1.991006325333768
44 57 -1.6914029997793691
44 58 -1.3925447303115897
44 59 -1.0943079866316812
44 60 -0.79534426725268614
44 61 -0.49335344431275996
44 62 -0.20558622519599534
44 63 0
45 0 0
45 1 -16.924645125042613
45 2 -16.92195925660242
45 3 -16.902432348541335
45 4 -16.858171683993497
45 5 -16.79285256623443
45 6 -16.707454107394643
45 7 -16.602475866458793
45 8 -16.478724647863281
45 9 -16.337101401947351
45 10 -16.17841282944293
45 11 -16.003532080800241
45 12 -15.813305767143648
45 13 -15.608615179138315
45 14 -15.390318218420511
45 15 -15.159278507919423
45 16 -14.916347657504893
45 17 -14.662356801497834
45 18 -14.39813649822757
45 19 -14.124473019482885
45 20 -13.842164004524953
45 21 -13.551941386186657
45 22 -13.254560626345921
45 23 -12.95069237967367
45 24 -12.641042997476749
45 25 -12.326217155947628
45 26 -12.006867206793522
45 27 -11.683529089938142
45 28 -11.356798042527714
45 29 -11.027140170395144
45 30 -10.695092000639979
45 31 -10.361050102435572
45 32 -10.025491981142718
45 33 -9.6887461182996084
45 34 -9.3512317549762543
45 35 -9.0132116650770726
45 36 -8.6750484594321424
45 37 -8.3369423187520635
45 38 -7.9992015641340712
45 39 -7.6619674597713319
45 40 -7.325496935864809
45 41 -6.9898764307789953
45 42 -6.6553148140245915
45 43 -6.3218480777544865
45 44 -5.9896406853617394
45 45 -5.6586827481813522
45 46 -5.3290982139276206
45 47 -5.0008359816167189
45 48 -4.6739835380087671
45 49 -4.3484532775337907
45 50 -4.0243003882263011
45 51 -3.7014054578868252
45 52 -3.3797956030952778
45 53 -3.0593243137206296
45 54 -2.7399950028674613
45 55 -2.4216378927417233
45 56 -2.1042334697492375
45 57 -1.7876018498389215
45 58 -1.4717849607158844
45 59 -1.1565797800539934
45 60 -0.84063440381679089
45 61 -0.5214513932964846
45 62 -0.21733738021073629
45 63 0
46 0 0
46 1 -17.70462677877498
46 2 -17.699064393603329
46 3 -17.675873005903441
46 4 -17.627281891264413
46 5 -17.556947569267908
46 6 -17.46587433629637
46 7 -17.354599087946415
46 8 -17.223925118957414
46 9 -17.074805933850424
46 10 -16.908031938469946
46 11 -16.724545734227284
46 12 -16.525164342015572
46 13 -16.310852592133738
46 14 -16.082426721716562
46 15 -15.840846017791876
46 16 -15.586909611276266
46 17 -15.321554367862644
46 18 -15.045548832343814
46 19 -14.759793082709244
46 20 -14.465014510825178
46 21 -14.162065015168663
46 22 -13.851622869520408
46 23 -13.534483038384737
46 24 -13.21126900818248
46 25 -12.882712413669683
46 26 -12.549378279082704
46 27 -12.211930592983137
46 28 -11.870873948877424
46 29 -11.526802183604774
46 30 -11.180158927581743
46 31 -10.831466917738405
46 32 -10.481109476786079
46 33 -10.129538615289833
46 34 -9.7770789667840283
46 35 -9.4241132950834388
46 36 -9.0709099265332664
46 37 -8.7177847692793922
46 38 -8.3649528133533337
46 39 -8.0126662406307307
46 40 -7.66109011462712
46 41 -7.3104166068140959
46 42 -6.9607645765165911
46 43 -6.6122703559933962
46 44 -6.2650105309831581
46 45 -5.9190701096882119
46 46 -5.5744874593469289
46 47 -5.231301030487173
46 48 -4.8895150862363064
46 49 -4.5491264615662219
46 50 -4.2101094402323502
46 51 -3.8724242973766905
46 52 -3.5360194390170134
46 53 -3.2008237598397264
46 54 -2.8667639577037121
46 55 -2.5337418930772815
46 56 -2.201662887230571
46 57 -1.8704160677388255
46 58 -1.5399732989962527
46 59 -1.2101971009217383
46 60 -0.87960122809385655
46 61 -0.54564984260564642
46 62 -0.22742484075580929
46 63 0
47 0 0
47 1 -18.336074592163623
47 2 -18.327899064651522
47 3 -18.301496590620214
47 4 -18.249227305696657
47 5 -18.174723792809772
47 6 -18.078997129337814
47 7 -17.962603157751122
47 8 -17.826362410064931
47 9 -17.671226890041869
47 10 -17.498023365627951
47 11 -17.307679598660723
47 12 -17.101064578904342
47 13 -16.879114922639083
47 14 -16.642712869957244
47 15 -16.392777415895591
47 16 -16.130186039235454
47 17 -15.855824425545121
47 18 -15.570550090508993
47 19 -15.27520227979169
47 20 -14.970606267697621
47 21 -14.657544712281542
47 22 -14.336801000832113
47 23 -14.009093682636333
47 24 -13.675156963658422
47 25 -13.335640092118917
47 26 -12.991222870503368
47 27 -12.642482085661662
47 28 -12.290039718679934
47 29 -11.934398682541755
47 30 -11.576121270913644
47 31 -11.215636590854649
47 32 -10.853446701015447
47 33 -10.489908203679416
47 34 -10.12546348065341
47 35 -9.760398938823263
47 36 -9.3950987562140682
47 37 -9.0297822603714337
47 38 -8.664777644551231
47 39 -8.3002409019831873
47 40 -7.9364470586661779
47 41 -7.573492993429384
47 42 -7.2116038541573406
47 43 -6.8508219689622445
47 44 -6.4913262608638016
47 45 -6.1331093054812573
47 46 -5.7763077286899698
47 47 -5.4208692977221968
47 48 -5.0668924701887104
47 49 -4.714285225291909
47 50 -4.3631121233108372
47 51 -4.013246397147169
47 52 -3.6647230774349819
47 53 -3.3173857357785446
47 54 -2.971244419934179
47 55 -2.6261171771784491
47 56 -2.2819897270116178
47 57 -1.9386690837403002
47 58 -1.5962082942419771
47 59 -1.2543878681704141
47 60 -0.91174760147109213
47 61 -0.56558677166141336
47 62 -0.23576084170380543
47 63 0
48 0 0
48 1 -18.808420593190199
48 2 -18.797993059379635
48 3 -18.76886156572963
48 4 -18.713635035371571
48 5 -18.635857835521847
48 6 -18.53656084387627
48 7 -18.416306956688093
48 8 -18.275915624112063
48 9 -18.116355114879639
48 10 -17.938438371370559
48 11 -17.743126458252181
48 12 -17.531260872969501
48 13 -17.30382584375036
48 14 -17.061663843794904
48 15 -16.805754575469543
48 16 -16.536924758388238
48 17 -16.256132379607831
48 18 -15.964174489380582
48 19 -15.661972695105003
48 20 -15.350283386930743
48 21 -15.029980087346958
48 22 -14.701770150168668
48 23 -14.366469940749678
48 24 -14.02473171778826
48 25 -13.677307979769489
48 26 -13.324791854154661
48 27 -12.967867353936871
48 28 -12.607066179476281
48 29 -12.243001069790202
48 30 -11.876141477133892
48 31 -11.507027661346816
48 32 -11.136067235604823
48 33 -10.763728128867728
48 34 -10.390357532199538
48 35 -10.016352334634995
48 36 -9.6420015318023253
48 37 -9.267633215541796
48 38 -8.8934810483045172
48 39 -8.5198073486967267
48 40 -8.1467937933966237
48 41 -7.774640582604988
48 42 -7.4034811120967818
48 43 -7.0334576186419531
48 44 -6.6646591732134954
48 45 -6.2971745923343221
48 46 -5.9310527431413931
48 47 -5.5663338590777753
48 48 -5.2030308210594338
48 49 -4.841140332839136
48 50 -4.4806435509948352
48 51 -4.1214988537455834
48 52 -3.7636599423429167
48 53 -3.4070522363466353
48 54 -3.0516063528043293
48 55 -2.6972192404174686
48 56 -2.3437987279079251
48 57 -1.9912285893228017
48 58 -1.6394876558395357
48 59 -1.2884304820617509
48 60 -0.93648262504518176
48 61 -0.58095162702355019
48 62 -0.24215102682973474
48 63 0
49 0 0
49 1 -19.111465356815728
49 2 -19.09907298819471
49 3 -19.067728765902409
49 4 -19.010260414502095
49 5 -18.930155057428397
49 6 -18.828407474471632
49 7 -18.705606900489933
49 8 -18.562553529276205
49 9 -18.400216461331031
49 10 -18.219407911184273
49 11 -18.021076729966641
49 12 -17.806079017528784
49 13 -17.575373091075381
49 14 -17.329830630516188
49 15 -17.070393147694574
49 16 -16.797930113011603
49 17 -16.513350239365316
49 18 -16.217505683995494
49 19 -15.911258924663427
49 20 -15.595432533646012
49 21 -15.270832270564355
49 22 -14.938241399148485
49 23 -14.59840109333777
49 24 -14.252047866520297
49 25 -13.899852770659665
49 26 -13.542500143822007
49 27 -13.18058742623397
49 28 -12.814743118690178
49 29 -12.445489332681946
49 30 -12.073396594090214
49 31 -11.698911482654704
49 32 -11.32254571530178
49 33 -10.944671410479732
49 34 -10.565741744725225
49 35 -10.186056499049092
49 36 -9.8060115002336303
49 37 -9.425837170704483
49 38 -9.045873940138117
49 39 -8.6662865300695344
49 40 -8.2873625476126396
49 41 -7.9092051960059564
49 42 -7.5320523351165152
49 43 -7.1559502251644433
49 44 -6.7810904515063077
49 45 -6.4074671879651452
49 46 -6.0352295285494897
49 47 -5.664324607058373
49 48 -5.2948630476190557
49 49 -4.9267501069594095
49 50 -4.5600621398032368
49 51 -4.1946677461561954
49 52 -3.8306133441254731
49 53 -3.4677361766912327
49 54 -3.1060572757836518
49 55 -2.7453868474671843
49 56 -2.3857210364947554
49 57 -2.0268583454747575
49 58 -1.6688658375745236
49 59 -1.3115131578179882
49 60 -0.95328545776441231
49 61 -0.59136334076353847
49 62 -0.24650503278025068
49 63 0
50 0 0
50 1 -19.234705624994007
50 2 -19.220752709556209
50 3 -19.187720984387635
50 4 -19.128808494435603
50 5 -19.047344521840664
50 6 -18.944339207317888
50 7 -18.820356944888935
50 8 -18.676200012257343
50 9 -18.512815675328767
50 10 -18.331005503552245
50 11 -18.131713435849491
50 12 -17.915770863482805
50 13 -17.684145516745875
50 14 -17.437671855136848
50 15 -17.177314704590021
50 16 -16.903895099053987
50 17 -16.618358065278677
50 18 -16.321497392831677
50 19 -16.014223843386993
50 20 -15.697292958896355
50 21 -15.371569599514261
50 22 -15.037762577279441
50 23 -14.69668174193705
50 24 -14.348982937906698
50 25 -13.995414172433488
50 26 -13.636574053394078
50 27 -13.273143938432691
50 28 -12.905662634001271
50 29 -12.534741823648229
50 30 -12.16085940214721
50 31 -11.784555907435372
50 32 -11.40624843624145
50 33 -11.026406248144188
50 34 -10.645386769334003
50 35 -10.263588989903596
50 36 -9.8813126186658078
50 37 -9.4988883475287622
50 38 -9.1165607806026845
50 39 -8.7345950844254485
50 40 -8.3531838861962235
50 41 -7.9725302586317692
50 42 -7.5927783714693433
50 43 -7.2140731687665047
50 44 -6.8365141702294592
50 45 -6.4601925818176333
50 46 -6.0851672833216295
50 47 -5.7114804663188607
50 48 -5.3391545150304136
50 49 -4.9681875861767706
50 50 -4.598569793217127
50 51 -4.2302604266443566
50 52 -3.8632215949557058
50 53 -3.4973790929986475
50 54 -3.1326714260519859
50 55 -2.7689953767901567
50 56 -2.4062660871198243
50 57 -2.0443670779889578
50 58 -1.6832864479934542
50 59 -1.3228770329025898
50 60 -0.96153282980668309
50 61 -0.5964961475906434
50 62 -0.24861735159158041
50 63 0
51 0 0
51 1 -19.16806189447939
51 2 -19.152850652792257
51 3 -19.118701543559936
51 4 -19.059109987914752
51 5 -18.977317175927688
51 6 -18.874253784839809
51 7 -18.750518574307613
51 8 -18.606856877730401
51 9 -18.444219919110079
51 10 -18.263369965617322
51 11 -18.065242124692858
51 12 -17.850643289674061
51 13 -17.620518312578216
51 14 -17.375692106198844
51 15 -17.117094095006806
51 16 -16.845550321526908
51 17 -16.56195907993208
51 18 -16.267133109952894
51 19 -15.961926322185791
51 20 -15.647126343330083
51 21 -15.323532258595025
51 22 -14.991897130587393
51 23 -14.652957282231652
51 24 -14.307423879114046
51 25 -13.95596479060541
51 26 -13.599243830644181
51 27 -13.237856708307092
51 28 -12.872416080562454
51 29 -12.50344352165286
51 30 -12.131498160640335
51 31 -11.757026954800885
51 32 -11.380534370373569
51 33 -11.002393533785822
51 34 -10.623054169063339
51 35 -10.24281741971655
51 36 -9.8620790815495933
51 37 -9.4810710374902918
51 38 -9.1001367185374242
51 39 -8.7194421760601752
51 40 -8.3392806626815492
51 41 -7.9597563860631571
51 42 -7.5811151200594669
51 43 -7.20340364702776
51 44 -6.8268233803808984
51 45 -6.4513684168339109
51 46 -6.0771992659911209
51 47 -5.7042623086634467
51 48 -5.3326808778531252
51 49 -4.9623587641452351
51 50 -4.5933860647583442
51 51 -4.2256292001919693
51 52 -3.8591491400838076
51 53 -3.4937802701912815
51 54 -3.1295587928520443
51 55 -2.7662914235493723
51 56 -2.4039899037068979
51 57 -2.0424488914836778
51 58 -1.6817520427102721
51 59 -1.3216639793074818
51 60 -0.96067584343872725
51 61 -0.5959467929743294
51 62 -0.24839420757384362
51 63 0
52 0 0
52 1 -18.901101229415787
52 2 -18.885071010343452
52 3 -18.850362965545248
52 4 -18.790953736963456
52 5 -18.70985913828099
52 6 -18.60802220460009
52 7 -18.485984184363947
52 8 -18.344496495101499
52 9 -18.184449594249632
52 10 -18.006599103929801
52 11 -17.811835854566382
52 12 -17.600945622285241
52 13 -17.374843058187878
52 14 -17.134319174398517
52 15 -16.880287654437158
52 16 -16.613529152389617
52 17 -16.334940412165473
52 18 -16.045278570439066
52 19 -15.745409690902568
52 20 -15.436056824460971
52 21 -15.118044206274194
52 22 -14.792052558042426
52 23 -14.458855463505635
52 24 -14.119085151170509
52 25 -13.773457834693602
52 26 -13.422552918727446
52 27 -13.067024410066391
52 28 -12.707396155574864
52 29 -12.344256786088843
52 30 -11.978073230082074
52 31 -11.609367037758673
52 32 -11.238548024703762
52 33 -10.866070230151108
52 34 -10.492287139164189
52 35 -10.117585948442983
52 36 -9.7422654014650139
52 37 -9.3666474592990987
52 38 -8.9909783682608193
52 39 -8.615517254336357
52 40 -8.2404606344649185
52 41 -7.8660078642815483
52 42 -7.4923089086520882
52 43 -7.119506967260123
52 44 -6.7477089431835786
52 45 -6.3770059440324198
52 46 -6.0074655339446856
52 47 -5.6391311551743888
52 48 -5.2720349227201879
52 49 -4.9061773290866642
52 50 -4.5415590441583946
52 51 -4.1781425497551945
52 52 -3.8159011489137873
52 53 -3.4547644881656234
52 54 -3.0946827471840468
52 55 -2.7355570565624863
52 56 -2.3773146334953901
52 57 -2.0198436809841001
52 58 -1.6631435144374977
52 59 -1.307071496828669
52 60 -0.95005376553770582
52 61 -0.58937154198377617
52 62 -0.24561737523303409
52 63 0
53 0 0
53 1 -18.423870555233183
53 2 -18.407329990390199
53 3 -18.372677222291902
53 4 -18.314251173167122
53 5 -18.234952515974683
53 6 -18.135602368757088
53 7 -18.016784946142835
53 8 -17.879156825823099
53 9 -17.723616460760489
53 10 -17.550841069996554
53 11 -17.361716905284563
53 12 -17.156965323954481
53 13 -16.93748198617569
53 14 -16.704008490139838
53 15 -16.457426720510298
53 16 -16.198483210800457
53 17 -15.928031272895366
53 18 -15.646809206431239
53 19 -15.355629196671597
53 20 -15.055210445470856
53 21 -14.746314022700119
53 22 -14.429631241728934
53 23 -14.105864368216567
53 24 -13.775669902127088
53 25 -13.43968569113046
53 26 -13.098528156834773
53 27 -12.752766962339528
53 28 -12.402974650448447
53 29 -12.049650558806963
53 30 -11.693320832792873
53 31 -11.33441375755975
53 32 -10.973407676245907
53 33 -10.610660308900433
53 34 -10.246601752919295
53 35 -9.8815206800109063
53 36 -9.5157993228145568
53 37 -9.1496596814569937
53 38 -8.7834372077737317
53 39 -8.4172903141135293
53 40 -8.05150935145498
53 41 -7.68619279902485
53 42 -7.3215880894538818
53 43 -6.9577378748882204
53 44 -6.5948492736327209
53 45 -6.2329135650995333
53 46 -5.8721005088964811
53 47 -5.5123547270787121
53 48 -5.1538118678098215
53 49 -4.7963747999707458
53 50 -4.4401485473807707
53 51 -4.084999257423509
53 52 -3.7310050131308055
53 53 -3.3780004180039453
53 54 -3.0260405748385262
53 55 -2.6749328005097617
53 56 -2.3247092931139912
53 57 -1.975165336946854
53 58 -1.6264031374533472
53 59 -1.2781880983427842
53 60 -0.92908491665910575
53 61 -0.57634165498117218
53 62 -0.24018868846308167
53 63 0
54 0 0
54 1 -17.726013609146062
54 2 -17.70942860892054
54 3 -17.67541268370173
54 4 -17.61888113853438
54 5 -17.542446034388654
54 6 -17.446939732341544
54 7 -17.332856340537365
54 8 -17.200863438882674
54 9 -17.0517599501568
54 10 -16.886221372381765
54 11 -16.705050119092334
54 12 -16.508950951415692
54 13 -16.298749199872539
54 14 -16.075156782045646
54 15 -15.838999950728192
54 16 -15.590983751974157
54 17 -15.33192094522977
54 18 -15.06249778373571
54 19 -14.783501063922394
54 20 -14.495588587535771
54 21 -14.1995109771518
54 22 -13.895889959024416
54 23 -13.585431806138219
54 24 -13.268716373149104
54 25 -12.946399258593553
54 26 -12.619014269436351
54 27 -12.287161670579534
54 28 -11.951326465224042
54 29 -11.612050412596997
54 30 -11.26976818691826
54 31 -10.924961187160042
54 32 -10.578013288300607
54 33 -10.229344832810767
54 34 -9.8792893199811544
54 35 -9.5282063503167116
54 36 -9.1763802191893351
54 37 -8.8241109749980247
54 38 -8.4716354993508016
54 39 -8.1191962305036984
54 40 -7.7669849305728009
54 41 -7.4151890106166247
54 42 -7.0639578124002709
54 43 -6.7134268443521421
54 44 -6.363706046881525
54 45 -6.0148826038841507
54 46 -5.6670303215171218
54 47 -5.320192013348489
54 48 -4.9744088069724048
54 49 -4.6296834085511964
54 50 -4.2860278624603261
54 51 -3.943409277869288
54 52 -3.6018143127431945
54 53 -3.2611792494119136
54 54 -2.9214692410380301
54 55 -2.5825937281305951
54 56 -2.2444964184025542
54 57 -1.9070746448779314
54 58 -1.5703402242649429
54 59 -1.2341609673937617
54 60 -0.89706587959179263
54 61 -0.55649250409641071
54 62 -0.23187565672441998
54 63 0
55 0 0
55 1 -16.797703510092397
55 2 -16.781380855088702
55 3 -16.748649929696953
55 4 -16.69483561849529
55 5 -16.622412806060971
55 6 -16.532051748479365
55 7 -16.424298618574603
55 8 -16.299689043667723
55 9 -16.15903499825167
55 10 -16.002894930959119
55 11 -15.832071912523883
55 12 -15.647166489539652
55 13 -15.448989867311663
55 14 -15.238164452493049
55 15 -15.015489242498694
55 16 -14.781595454065354
55 17 -14.537256602065275
55 18 -14.283101404254799
55 19 -14.019866571256319
55 20 -13.74816890837876
55 21 -13.468699225905651
55 22 -13.18205470509375
55 23 -12.888873169267262
55 24 -12.589725997837773
55 25 -12.285192766537035
55 26 -11.97581424356494
55 27 -11.662108135154243
55 28 -11.344581001756168
55 29 -11.023686513470546
55 30 -10.699894495042303
55 31 -10.373593692138119
55 32 -10.045215602690226
55 33 -9.7150842699223006
55 34 -9.3835920918593256
55 35 -9.0509995841515387
55 36 -8.7176599836916466
55 37 -8.3837722607710425
55 38 -8.0496510477497036
55 39 -7.7154364262937927
55 40 -7.3814055158282095
55 41 -7.0476427210152774
55 42 -6.7143892022883769
55 43 -6.3816773475700899
55 44 -6.0497143109848333
55 45 -5.7184844797005718
55 46 -5.3881632972503501
55 47 -5.0586914418712503
55 48 -4.7302152363858241
55 49 -4.4026361504978144
55 50 -4.0760742268418531
55 51 -3.7503963772619082
55 52 -3.4256994176229072
55 53 -3.1018205181337195
55 54 -2.7788366074956627
55 55 -2.4565591037834733
55 56 -2.1350448581695014
55 57 -1.8140937186294055
55 58 -1.4938274107000411
55 59 -1.174017549068199
55 60 -0.85337682023469952
55 61 -0.52936620376789933
55 62 -0.22057442617783279
55 63 0
56 0 0
56 1 -15.628637872192913
56 2 -15.613061409257551
56 3 -15.582210191150326
56 4 -15.532060260997083
56 5 -15.46474099052363
56 6 -15.380935028426409
56 7 -15.281066758457586
56 8 -15.165688718593568
56 9 -15.035475763727474
56 10 -14.890990574721554
56 11 -14.732913597078982
56 12 -14.561834352921899
56 13 -14.378453999529206
56 14 -14.183370510706208
56 15 -13.977287386167006
56 16 -13.760799240711355
56 17 -13.534599680462231
56 18 -13.299269858435849
56 19 -13.055482839638444
56 20 -12.803798057642776
56 21 -12.544859232576957
56 22 -12.279197483043507
56 23 -12.007420049195535
56 24 -11.730024638543586
56 25 -11.447576402466169
56 26 -11.160535877054954
56 27 -10.869421899374441
56 28 -10.57465525218803
56 29 -10.276705478073735
56 30 -9.9759520539421693
56 31 -9.6728133617880072
56 32 -9.3676269106716763
56 33 -9.0607590464823478
56 34 -8.7525054113888281
56 35 -8.4431803151835574
56 36 -8.1330382813552866
56 37 -7.8223423528597813
56 38 -7.511307226289972
56 39 -7.200146118805046
56 40 -6.8890356436272304
56 41 -6.5781412161310238
56 42 -6.267603481027229
56 43 -5.9575425784659224
56 44 -5.6480656012534753
56 45 -5.3392503710178927
56 46 -5.0311730875135998
56 47 -4.7238725758714439
56 48 -4.4173969936916491
56 49 -4.1117497993093854
56 50 -3.8069541089300585
56 51 -3.5029818976513099
56 52 -3.1998343571899452
56 53 -2.8974561279161382
56 54 -2.5958297825560988
56 55 -2.2948761014666594
56 56 -1.9945589789804059
56 57 -1.6947884510478151
56 58 -1.3955890660261125
56 59 -1.0968442889327634
56 60 -0.79726370568297855
56 61 -0.49457238426049172
56 62 -0.20603580537364971
56 63 0
57 0 0
57 1 -14.20912213859418
57 2 -14.194589162260511
57 3 -14.166289457382051
57 4 -14.120634925489416
57 5 -14.059601719079861
57 6 -13.983673704312761
57 7 -13.893336837072731
57 8 -13.788976368004016
57 9 -13.671286385645987
57 10 -13.540675326845184
57 11 -13.397830617796915
57 12 -13.243198859218428
57 13 -13.077473040719997
57 14 -12.901122211507134
57 15 -12.714828221465146
57 16 -12.519072417367777
57 17 -12.314514362147692
57 18 -12.101638836959653
57 19 -11.881073563306947
57 20 -11.653299303929307
57 21 -11.418904192392553
57 22 -11.178358780333664
57 23 -10.932205512820355
57 24 -10.680899672463479
57 25 -10.424933423649854
57 26 -10.16474273553246
57 27 -9.9007662659859594
57 28 -9.6334175276333429
57 29 -9.3630796715632734
57 30 -9.0901414098615305
57 31 -8.8149294746392641
57 32 -8.5378061405329841
57 33 -8.2590417643504193
57 34 -7.9789711717030452
57 35 -7.6978092181872197
57 36 -7.4158628220743603
57 37 -7.1332929247538805
57 38 -6.850378568890708
57 39 -6.5672289729049966
57 40 -6.2840957702905982
57 41 -6.001039152746813
57 42 -5.7182841971626193
57 43 -5.4358451804154875
57 44 -5.1539218185893843
57 45 -4.8724859219904948
57 46 -4.5917133466480147
57 47 -4.311537151673452
57 48 -4.0321111041358417
57 49 -3.7533334352015562
57 50 -3.4753378322651214
57 51 -3.1979917774543507
57 52 -2.9214110968877778
57 53 -2.6454367693911038
57 54 -2.3701692504799285
57 55 -2.0954265721381002
57 56 -1.8212933367951067
57 57 -1.5475769545429008
57 58 -1.2744181962762009
57 59 -1.001599541791983
57 60 -0.72806291788680544
57 61 -0.45162046775336256
57 62 -0.18814906732292655
57 63 0
58 0 0
58 1 -12.529248174556763
58 2 -12.516251795365374
58 3 -12.491101566210004
58 4 -12.450910827090535
58 5 -12.397261362805256
58 6 -12.330653075674835
58 7 -12.251420239219145
58 8 -12.159971991100123
58 9 -12.056829926571648
58 10 -11.942413776958816
58 11 -11.817251320842956
58 12 -11.681784839704216
58 13 -11.536558919968504
58 14 -11.382024547412181
58 15 -11.218729137590811
58 16 -11.047123410861273
58 17 -10.867748152263683
58 18 -10.681046098442984
58 19 -10.487543119074479
58 20 -10.287667604467414
58 21 -10.081923588828777
58 22 -9.8707199761599433
58 23 -9.6545332866833835
58 24 -9.4337489050997565
58 25 -9.2088113024104512
58 26 -8.9800793018884697
58 27 -8.7479618346553885
58 28 -8.5127889997241937
58 29 -8.2749316470857419
58 30 -8.0346897622564821
58 31 -7.7923944314518883
58 32 -7.5483148124466002
58 33 -7.3027413179062597
58 34 -7.0559121478340856
58 35 -6.8080768241259992
58 36 -6.5594429606188589
58 37 -6.3102195890026316
58 38 -6.0605845358790109
58 39 -5.81070729181247
58 40 -5.5607370562404306
58 41 -5.3108052122895621
58 42 -5.0610337950632234
58 43 -4.8115179397755563
58 44 -4.5623542317726153
58 45 -4.3136037898326958
58 46 -4.0653396717033461
58 47 -3.8175915338751096
58 48 -3.5704109983836871
58 49 -3.3237990913533308
58 50 -3.0777882282533757
58 51 -2.8323538713913639
58 52 -2.5875115696455939
58 53 -2.3432145317805504
58 54 -2.099463948950909
58 55 -1.8561935635531286
58 56 -1.6133900222367408
58 57 -1.3709782640539858
58 58 -1.1289943089435619
58 59 -0.8873412657865164
58 60 -0.64499399684803693
58 61 -0.40011070425371825
58 62 -0.16665676766260756
58 63 0
59 0 0
59 1 -10.579970415310356
59 2 -10.568791462057428
59 3 -10.547475738156058
59 4 -10.513574354522371
59 5 -10.468506666685979
59 6 -10.412541509579244
59 7 -10.346084964332452
59 8 -10.269346086499928
59 9 -10.182873401615225
59 10 -10.086897348253137
59 11 -9.981960431012757
59 12 -9.8683250647922431
59 13 -9.7465350514468287
59 14 -9.6168743768405882
59 15 -9.4798758086484973
59 16 -9.3358382555901471
59 17 -9.1852750042283482
59 18 -9.0284940270620151
59 19 -8.8659818606041121
59 20 -8.6980505515249291
59 21 -8.5251539476773406
59 22 -8.3476039465600458
59 23 -8.1658169941357333
59 24 -7.9801012998774086
59 25 -7.7908323300856059
59 26 -7.598311675388608
59 27 -7.4028712850417113
59 28 -7.2048037399124754
59 29 -7.0043958788313452
59 30 -6.8019293620923547
59 31 -6.5976451725562955
59 32 -6.3918125676567419
59 33 -6.1846266821529436
59 34 -5.976343272978589
59 35 -5.7671122966917387
59 36 -5.5571752597454873
59 37 -5.3466381852005798
59 38 -5.1357278956123498
59 39 -4.9245082179073227
59 40 -4.7131911475917416
59 41 -4.5018004691883622
59 42 -4.2905334756521292
59 43 -4.079376409366982
59 44 -3.868512232867181
59 45 -3.6578924302676179
59 46 -3.44768623504297
59 47 -3.2378133847716524
59 48 -3.0284301968399432
59 49 -2.8194278535129049
59 50 -2.6109507628516977
59 51 -2.4028648794879386
59 52 -2.1953038853290723
59 53 -1.9881119771888174
59 54 -1.7814135198756031
59 55 -1.5750339122000003
59 56 -1.3690874069584777
59 57 -1.1633902212280964
59 58 -0.95810013848424891
59 59 -0.75301351219693924
59 60 -0.54738975663334044
59 61 -0.3395450730532355
59 62 -0.1414527328417583
59 63 0
60 0 0
60 1 -8.3485081774346632
60 2 -8.3396427881327355
60 3 -8.3227571673614111
60 4 -8.296124248160595
60 5 -8.2607305012941659
60 6 -8.2168666599466427
60 7 -8.164761000337986
60 8 -8.1046538579042124
60 9 -8.0368899140927965
60 10 -7.9617183490874144
60 11 -7.8794884683384536
60 12 -7.7904655522326074
60 13 -7.6950096547685014
60 14 -7.5933936224800425
60 15 -7.4859793440452993
60 16 -7.3730416874482083
60 17 -7.2549382321365048
60 18 -7.1319410715040075
60 19 -7.0043980555229624
60 20 -6.8725745211439797
60 21 -6.7368040124265347
60 22 -6.5973418622811781
60 23 -6.4545035059902043
60 24 -6.3085316907434592
60 25 -6.1597206589021756
60 26 -6.0082985876896187
60 27 -5.8545361059046064
60 28 -5.6986453683214622
60 29 -5.5408715796799646
60 30 -5.381409889450274
60 31 -5.2204788268386553
60 32 -5.0582559648671586
60 33 -4.8949324161837726
60 34 -4.7306679646376146
60 35 -4.5656260298437745
60 36 -4.3999487036859009
60 37 -4.2337718576000762
60 38 -4.0672202549795164
60 39 -3.9004027446411045
60 40 -3.7334273522688739
60 41 -3.5663767721837631
60 42 -3.3993430759762222
60 43 -3.2323839783515886
60 44 -3.0655765429935355
60 45 -2.8989549530105516
60 46 -2.7325823465568413
60 47 -2.5664710647286051
60 48 -2.4006715158947363
60 49 -2.2351761006775339
60 50 -2.0700237869202192
60 51 -1.9051891188797541
60 52 -1.7407009903732658
60 53 -1.5765183615211886
60 54 -1.4126615353388181
60 55 -1.249075825184879
60 56 -1.0857726218207842
60 57 -0.92269089460997389
60 58 -0.75987589319665849
60 59 -0.5972513776035826
60 60 -0.43415030703594348
60 61 -0.2693235176142304
60 62 -0.11217905663302745
60 63 0
61 0 0
61 1 -5.8140411824087295
61 2 -5.8077607150230293
61 3 -5.7960106359978365
61 4 -5.7774775584022837
61 5 -5.752981792020619
61 6 -5.722560301681475
61 7 -5.6865216260932216
61 8 -5.6448797300637281
61 9 -5.5980126475706147
61 10 -5.545951228928204
61 11 -5.4890659799786032
61 12 -5.4274109858819459
61 13 -5.3613517663087338
61 14 -5.2909612218461701
61 15 -5.2165925683798262
61 16 -5.1383348884365763
61 17 -5.0565238727586674
61 18 -4.971262410819147
61 19 -4.882864179120542
61 20 -4.7914437923807851
61 21 -4.6972892416469882
61 22 -4.6005250238925361
61 23 -4.5014105432524367
61 24 -4.4000785351572675
61 25 -4.2967576411043744
61 26 -4.1915873571562141
61 27 -4.0847640620708132
61 28 -3.9764326749351957
61 29 -3.8667564332956794
61 30 -3.7558844631259971
61 31 -3.6439465471744548
61 32 -3.5310949113039607
61 33 -3.4174260764990323
61 34 -3.3030943638890924
61 35 -3.1881636737336128
61 36 -3.0727895179425793
61 37 -2.9570042072439615
61 38 -2.8409636411292389
61 39 -2.7246699061028545
61 40 -2.6082785906866088
61 41 -2.4917632033054624
61 42 -2.3752784320289262
61 43 -2.2587710845064883
61 44 -2.1423944723495114
61 45 -2.0260707655279151
61 46 -1.9099515401110227
61 47 -1.7939365367781204
61 48 -1.6781753556004286
61 49 -1.5625476264457534
61 50 -1.4472008507598044
61 51 -1.3319969453572895
61 52 -1.2170813052416425
61 53 -1.1023006093026915
61 54 -0.98779828422062221
61 55 -0.8734079559108846
61 56 -0.7592700260250187
61 57 -0.6452109528997988
61 58 -0.53139719601832902
61 59 -0.41764260882229076
61 60 -0.30361811183012366
61 61 -0.18831639290396521
61 62 -0.078452161185895902
61 63 0
62 0 0
62 1 -2.9787653197463495
62 2 -2.9755768888446759
62 3 -2.9695346757229917
62 4 -2.9600812008708672
62 5 -2.9475381326326215
62 6 -2.9320155780482482
62 7 -2.9135815311949398
62 8 -2.8923294391909007
62 9 -2.8683672383170604
62 10 -2.8417911714298159
62 11 -2.8127115901059216
62 12 -2.7812299153567714
62 13 -2.7474610689256695
62 14 -2.7115086634269994
62 15 -2.6734892421308452
62 16 -2.6335066174377149
62 17 -2.5916769214593982
62 18 -2.5481024248403292
62 19 -2.5028970470525151
62 20 -2.4561600523557408
62 21 -2.4080016196901637
62 22 -2.3585167951485704
62 23 -2.3078107402005976
62 24 -2.2559733031246041
62 25 -2.2031035841957567
62 26 -2.1492854653249531
62 27 -2.0946111571236385
62 28 -2.0391579973889313
62 29 -1.9830106764923183
62 30 -1.9262395818930964
62 31 -1.8689214344257619
62 32 -1.8111194184433559
62 33 -1.7529020014717858
62 34 -1.6943250487060155
62 35 -1.6354486412638845
62 36 -1.5763213304731367
62 37 -1.5169948146596788
62 38 -1.4575104438937356
62 39 -1.3979116609508107
62 40 -1.3382328218435033
62 41 -1.2785093523912279
62 42 -1.2187689048276746
62 43 -1.1590392264535325
62 44 -1.099341628689785
62 45 -1.0396966077941574
62 46 -0.98011956065352979
62 47 -0.92062423884099298
62 48 -0.86122060583982651
62 49 -0.80191624423309449
62 50 -0.74271621234326979
62 51 -0.68362255921284854
62 52 -0.62463600656385254
62 53 -0.56575376791801035
62 54 -0.50697284990329627
62 55 -0.44828620395388297
62 56 -0.38968710767889864
62 57 -0.33116673963632387
62 58 -0.27273004168041487
62 59 -0.21436313893461323
62 60 -0.15581574479757954
62 61 -0.096652829387198491
62 62 -0.040236136508972654
62 63 0
63 0 0
63 1 0
63 2 0
63 3 0
63 4 0
63 5 0
63 6 0
63 7 0
63 8 0
63 9 0
63 10 0
63 11 0
63 12 0
63 13 0
63 14 0
63 15 0
63 16 0
63 17 0
63 18 0
63 19 0
63 20 0
63 21 0
63 22 0
63 23 0
63 24 0
63 25 0
63 26 0
63 27 0
63 28 0
63 29 0
63 30 0
63 31 0
63 32 0
63 33 0
63 34 0
63 35 0
63 36 0
63 37 0
63 38 0
63 39 0
63 40 0
63 41 0
63 42 0
63 43 0
63 44 0
63 45 0
63 46 0
63 47 0
63 48 0
63 49 0
63 50 0
63 51 0
63 52 0
63 53 0
63 54 0
63 55 0
63 56 0
63 57 0
63 58 0
63 59 0
63 60 0
63 61 0
63 62 0
63 63 0
