0 0 0
0 1 0
0 2 0
0 3 0
0 4 0
0 5 0
0 6 0
0 7 0
0 8 0
0 9 0
0 10 0
0 11 0
0 12 0
0 13 0
0 14 0
0 15 0
0 16 0
0 17 0
0 18 0
0 19 0
0 20 0
0 21 0
0 22 0
0 23 0
0 24 0
0 25 0
0 26 0
0 27 0
0 28 0
0 29 0
0 30 0
0 31 0
0 32 0
0 33 0
0 34 0
0 35 0
0 36 0
0 37 0
0 38 0
0 39 0
0 40 0
0 41 0
0 42 0
0 43 0
0 44 0
0 45 0
0 46 0
0 47 0
0 48 0
0 49 0
0 50 0
0 51 0
0 52 0
0 53 0
0 54 0
0 55 0
0 56 0
0 57 0
0 58 0
0 59 0
0 60 0
0 61 0
0 62 0
0 63 0
1 0 0
1 1 2.8733948375017877
1 2 2.8681349787975612
1 3 2.8604211971445692
1 4 2.850372787131743
1 5 2.8380199607279271
1 6 2.8234097977524164
1 7 2.8065859884906379
1 8 2.7875895294377662
1 9 2.7664704712337111
1 10 2.7432766191723896
1 11 2.7180645288796219
1 12 2.6908864953033889
1 13 2.6618034947208722
1 14 2.6308711370590987
1 15 2.598153702171035
1 16 2.5637090470495707
1 17 2.527603565148429
1 18 2.4898963548923367
1 19 2.4506548420574146
1 20 2.4099384574326006
1 21 2.3678146746459805
1 22 2.3243424448838539
1 23 2.2795884091165242
1 24 2.2336103267764549
1 25 2.1864732321035723
1 26 2.138233080471803
1 27 2.0889526324638004
1 28 2.0386855253361515
1 29 1.9874916852893976
1 30 1.9354220127252859
1 31 1.8825331426953835
1 32 1.8288729114099318
1 33 1.7744943066857193
1 34 1.7194418599546044
1 35 1.6637646523108089
1 36 1.6075037514110992
1 37 1.5507041640311883
1 38 1.4934034111562462
1 39 1.4356423443615858
1 40 1.3774549254863868
1 41 1.3188778512075003
1 42 1.2599415764094701
1 43 1.2006787185685961
1 44 1.1411163367200505
1 45 1.0812831142620898
1 46 1.0212028787117715
1 47 0.96090058783591359
1 48 0.90039704961253475
1 49 0.83971376179516688
1 50 0.77886876694042895
1 51 0.71788041868898178
1 52 0.65676428511244467
1 53 0.59553594777205765
1 54 0.53420884365884047
1 55 0.47279601713643904
1 56 0.41130845193104026
1 57 0.34975886946896467
1 58 0.288171525375638
1 59 0.22655536545066104
1 60 0.16466795400221246
1 61 0.10206711384691894
1 62 0.042336291455005615
1 63 0
2 0 0
2 1 5.6169696041293307
2 2 5.6065303215660265
2 3 5.5913654057160231
2 4 5.5715639660045797
2 5 5.5473169980521533
2 6 5.5185857258062789
2 7 5.485584362851907
2 8 5.4482684253836462
2 9 5.406858120004892
2 10 5.3613300940147868
2 11 5.3119094199205064
2 12 5.2585902208863455
2 13 5.2015971043341507
2 14 5.1409403518473162
2 15 5.0768408797101463
2 16 5.0093239323138565
2 17 4.9386034997291146
2 18 4.8647186019256612
2 19 4.7878734212079328
2 20 4.7081196289183929
2 21 4.6256490507397707
2 22 4.5405249417587141
2 23 4.4529245715209571
2 24 4.3629217693343332
2 25 4.2706774039440853
2 26 4.1762749265350463
2 27 4.079857315125901
2 28 3.9815167459433285
2 29 3.8813771655982832
2 30 3.7795386319394639
2 31 3.6761052587347232
2 32 3.5711841932980897
2 33 3.4648592406383973
2 34 3.3572438946572363
2 35 3.248401484506179
2 36 3.1384511553754555
2 37 3.0274358832947161
2 38 2.9154798156299124
2 39 2.8026059672295407
2 40 2.6889428835717637
2 41 2.5744942577719003
2 42 2.459392473421985
2 43 2.3436227665979246
2 44 2.2273208421051156
2 45 2.1104545465363098
2 46 1.9931624310084057
2 47 1.8753962009089584
2 48 1.7572968194032685
2 49 1.6388012581461597
2 50 1.5200524968681011
2 51 1.4009743180964016
2 52 1.2817113592220379
2 53 1.1621758993486035
2 54 1.04251394955413
2 55 0.92262772853174346
2 56 0.80266301530387907
2 57 0.68251730610016359
2 58 0.56236591237927525
2 59 0.44209586005894574
2 60 0.32136404143216257
2 61 0.19917601344407565
2 62 0.082661173452794084
2 63 0
3 0 0
3 1 8.0888716701819678
3 2 8.073645224306409
3 3 8.0514871621360005
3 4 8.0226992138636124
3 5 7.9873917947043704
3 6 7.9456822448520699
3 7 7.8977195694008193
3 8 7.8436009587216109
3 9 7.7834927187299519
3 10 7.7175129324868488
3 11 7.6458456504607852
3 12 7.5686228589149351
3 13 7.4860399037134924
3 14 7.3982393885027875
3 15 7.3054245021248345
3 16 7.2077455072339793
3 17 7.105409791747852
3 18 6.9985725075384924
3 19 6.8874419424506472
3 20 6.7721756492090446
3 21 6.652979822304407
3 22 6.5300122051109595
3 23 6.4034742314803763
3 24 6.273521907731781
3 25 6.1403495726910649
3 26 6.0041098472971397
3 27 5.8649879757880186
3 28 5.7231318171120984
3 29 5.5787158532978891
3 30 5.4318820650576969
3 31 5.2827928298049134
3 32 5.1315833800832387
3 33 4.9784029616881806
3 34 4.8233794194504727
3 35 4.6666481436893301
3 36 4.5083291652683259
3 37 4.3485435841437896
3 38 4.1874033865540738
3 39 4.0250152205178553
3 40 3.8614829747621431
3 41 3.6968989403027335
3 42 3.5313590156488739
3 43 3.3649414685807941
3 44 3.1977344577800402
3 45 3.0298027820538267
3 46 2.861227237363567
3 47 2.6920599094639979
3 48 2.5223747199007875
3 49 2.3522119798494909
3 50 2.1816393211908705
3 51 2.0106863802982131
3 52 1.8394151669209731
3 53 1.6678459181883591
3 54 1.4960358186341545
3 55 1.323996614329124
3 56 1.1517795745090595
3 57 0.97939443509702007
3 58 0.80693054734383962
3 59 0.63438617806548581
3 60 0.46110261056904034
3 61 0.2858147813486297
3 62 0.11858961084563309
3 63 0
4 0 0
4 1 10.287532473648186
4 2 10.267735742170409
4 3 10.239141866625424
4 4 10.202021623454344
4 5 10.156610236096908
4 6 10.102974503202853
4 7 10.041395249845506
4 8 9.9719161667821705
4 9 9.8948329112890931
4 10 9.810223765219261
4 11 9.7183996239985539
4 12 9.6194645745682745
4 13 9.5137356260828305
4 14 9.4013389096928552
4 15 9.2825925546627897
4 16 9.1576413064106106
4 17 9.0267992711127203
4 18 8.8902265312789925
4 19 8.7482285924377816
4 20 8.6009778670730768
4 21 8.4487671951372842
4 22 8.2917785760763394
4 23 8.1302886558227829
4 24 7.9644865485063079
4 25 7.7946297185237192
4 26 7.6209121921531553
4 27 7.4435698017189367
4 28 7.2627995478063259
4 29 7.0788137051890425
4 30 6.8918105673557708
4 31 6.7019774327837496
4 32 6.509512452421002
4 33 6.3145770130348096
4 34 6.1173679216054646
4 35 5.9180201738532991
4 36 5.7167282525477061
4 37 5.5136007090687684
4 38 5.3088289295995175
4 39 5.1024953620611369
4 40 4.894787718011929
4 41 4.6857630440751423
4 42 4.4756049798929469
4 43 4.2643462009911079
4 44 4.0521660449739887
4 45 3.8390741414878597
4 46 3.6252454495936153
4 47 3.4106681409347237
4 48 3.1955128596106763
4 49 2.9797481385773845
4 50 2.7635404969093846
4 51 2.5468408473046944
4 52 2.3298118863995718
4 53 2.112389138538544
4 54 1.8947319552290947
4 55 1.6767622309809105
4 56 1.4586340689362454
4 57 1.2402645138164887
4 58 1.0218576508239099
4 59 0.80331442474055781
4 60 0.58389219493140387
4 61 0.36188958680752609
4 62 0.15015850499545891
4 63 0
5 0 0
5 1 12.231482459265818
5 2 12.207501010372193
5 3 12.172940744195353
5 4 12.128245867082766
5 5 12.073573343646823
5 6 12.009137660746678
5 7 11.935159032292848
5 8 11.851809572338562
5 9 11.759335339944208
5 10 11.657940639601902
5 11 11.547899886054619
5 12 11.429437696342598
5 13 11.302846512572792
5 14 11.168365916392254
5 15 11.026301070435993
5 16 10.876901670798874
5 17 10.720479955823533
5 18 10.557291209084772
5 19 10.387649658163827
5 20 10.211812122102137
5 21 10.030090221920613
5 22 9.8427387293447346
5 23 9.6500625828563962
5 24 9.4523113993740626
5 25 9.2497798858998141
5 26 9.0427098660927943
5 27 8.8313827927206852
5 28 8.616030513065315
5 29 8.3969187205633276
5 30 8.1742675386369807
5 31 7.9483248994234685
5 32 7.7192978665751282
5 33 7.4874150928677654
5 34 7.2528696307820661
5 35 7.015869796790315
5 36 6.7765940363996595
5 37 6.5352297085351294
5 38 6.2919403817208623
5 39 6.0468922444933408
5 40 5.8002340142338245
5 41 5.5521108760877498
5 42 5.3026569884976364
5 43 5.0519970507012282
5 44 4.8002511921888873
5 45 4.5475244644894026
5 46 4.2939237085499036
5 47 4.0395354571870064
5 48 3.7844541877334152
5 49 3.5287493043851832
5 50 3.2725040057561086
5 51 3.0157721863054956
5 52 2.7586269877805623
5 53 2.501108663795919
5 54 2.2432817270247432
5 55 1.9851741017434543
5 56 1.7268402702864185
5 57 1.4683054231945381
5 58 1.209680278865926
5 59 0.95097333628069847
5 60 0.69117136443118365
5 61 0.42838531986148626
5 62 0.1777056709387746
5 63 0
6 0 0
6 1 13.931957586440985
6 2 13.90400777025526
6 3 13.864018037211158
6 4 13.812380813032632
6 5 13.749364596978136
6 6 13.675139057125898
6 7 13.590043243123917
6 8 13.494200338814602
6 9 13.387969875802385
6 10 13.271521280120743
6 11 13.145237894760754
6 12 13.009321467049105
6 13 12.864166517618612
6 14 12.710001244701775
6 15 12.547224876910994
6 16 12.376086657706439
6 17 12.196983743245038
6 18 12.010181303530599
6 19 11.816068406005995
6 20 11.614921493397226
6 21 11.407116208251436
6 22 11.192936071379634
6 23 10.97273867374259
6 24 10.746810888832565
6 25 10.515488340347847
6 26 10.27905799556301
6 27 10.037830296654404
6 28 9.7920895023334005
6 29 9.5421183404381509
6 30 9.2881959996183401
6 31 9.0305756139604103
6 32 8.7695293615696261
6 33 8.5052795225662212
6 34 8.238089722385121
6 35 7.9681507074968545
6 36 7.6957163824427397
6 37 7.4209458192290336
6 38 7.1440823817263128
6 39 6.8652538221290405
6 40 6.5846924664300976
6 41 6.3024955530400968
6 42 6.0188841695521145
6 43 5.7339262540733618
6 44 5.4478317263351794
6 45 5.1606408020066041
6 46 4.8725525493509387
6 47 4.5835813621515502
6 48 4.2939159947772296
6 49 4.0035472025913084
6 50 3.7126541604551035
6 51 3.4212064107315778
6 52 3.1293744559395162
6 53 2.8371093140796866
6 54 2.544573975195938
6 55 2.2517029705864409
6 56 1.958649740150521
6 57 1.6653437219163443
6 58 1.3720036174462955
6 59 1.078538565370051
6 60 0.78389223197303848
6 61 0.48581964925164423
6 62 0.20154560359162774
6 63 0
7 0 0
7 1 15.397091838256896
7 2 15.365559423054391
7 3 15.320607692130936
7 4 15.2627715518028
7 5 15.192243115531017
7 6 15.109326863879422
7 7 15.014306984739305
7 8 14.907418546712901
7 9 14.788976964899861
7 10 14.659259200761051
7 11 14.518617705672327
7 12 14.367354490960803
7 13 14.205845099274493
7 14 14.034409562105452
7 15 13.853439655436492
7 16 13.663266993507742
7 17 13.464292225375841
7 18 13.25685255426081
7 19 13.041350898153956
7 20 12.818124705380457
7 21 12.587573219435615
7 22 12.350029431338552
7 23 12.105883663954694
7 24 11.855460396225043
7 25 11.599136487445374
7 26 11.337224486491372
7 27 11.070083944167905
7 28 10.798012677104788
7 29 10.521349765215938
7 30 10.240376077522471
7 31 9.9554077197653008
7 32 9.6667069500932197
7 33 9.3745650264805391
7 34 9.0792244464876362
7 35 8.7809503425684206
7 36 8.4799647747375744
7 37 8.1765060310819031
7 38 7.8707754881506267
7 39 7.5629843907938801
7 40 7.2533135756075122
7 41 6.9419475252569312
7 42 6.629047028647534
7 43 6.3147705267350513
7 44 5.9992595625983114
7 45 5.682647654961233
7 46 5.3650581753443838
7 47 5.0466011987518229
7 48 4.7273832368716358
7 49 4.4074927194702047
7 50 4.0870208147573166
7 51 3.7660363840079603
7 52 3.4446169420808803
7 53 3.1228141618468044
7 54 2.8006938548345652
7 55 2.4782921848488755
7 56 2.1556616617623567
7 57 1.8328349135280289
7 58 1.5099342166369136
7 59 1.18697144563997
7 60 0.86266242850937336
7 61 0.53464794586603626
7 62 0.22177651765632883
7 63 0
8 0 0
8 1 16.635747890324218
8 2 16.600857889126431
8 3 16.551472903471197
8 4 16.488065770883797
8 5 16.410923405730792
8 6 16.32031122410859
8 7 16.216616998669775
8 8 16.100031828257812
8 9 15.970966568527857
8 10 15.829668568815841
8 11 15.676579317373699
8 12 15.511983205444594
8 13 15.336336471201237
8 14 15.149952952941231
8 15 14.953296023630703
8 16 14.74670190578118
8 17 14.53063300385581
8 18 14.305441271325266
8 19 14.071580981728321
8 20 13.829413806299788
8 21 13.579379551280248
8 22 13.321844226574155
8 23 13.057227694216996
8 24 12.785895569586035
8 25 12.508243150443011
8 26 12.224631564458871
8 27 11.935427765676254
8 28 11.640984924885656
8 29 11.341638684931086
8 30 11.037731390528586
8 31 10.729565179751217
8 32 10.417469272266711
8 33 10.101710836705326
8 34 9.7826042052611673
8 35 9.4603807915466831
8 36 9.13533877830527
8 37 8.8076736648906273
8 38 8.4776666857022072
8 39 8.1454778387447462
8 40 7.8113710365269151
8 41 7.4754717064312528
8 42 7.1380264534187923
8 43 6.7991275293230915
8 44 6.4590045970761798
8 45 6.1177185405642938
8 46 5.7754827617051507
8 47 5.432328946970852
8 48 5.0884551993311495
8 49 4.7438664945248368
8 50 4.3987468462761754
8 51 4.0530772746713497
8 52 3.7070291287933728
8 53 3.3605625223450306
8 54 3.0138378723514672
8 55 2.6667966518914574
8 56 2.3195862770212896
8 57 1.9721428852772096
8 58 1.6246900887859583
8 59 1.277140627528587
8 60 0.92820369556950288
8 61 0.57523945941611654
8 62 0.23863884148083539
8 63 0
9 0 0
9 1 17.656559092937549
9 2 17.618695510806344
9 3 17.565341915626565
9 4 17.497089963667399
9 5 17.414150735510354
9 6 17.316910029470673
9 7 17.205706264030162
9 8 17.080824736121389
9 9 16.942637207595194
9 10 16.791479059265082
9 11 16.627765956297299
9 12 16.451861402021542
9 13 16.264207663480168
9 14 16.065188055684747
9 15 15.855263382498556
9 16 15.634829080583195
9 17 15.404355749388488
9 18 15.164243807932266
9 19 14.91496584181608
9 20 14.656920912927676
9 21 14.390576591443205
9 22 14.116325030479343
9 23 13.834622633152804
9 24 13.545849884899722
9 25 13.250446723360737
9 26 12.948777983807499
9 27 12.641262682742607
9 28 12.328246770513021
9 29 12.010124706509925
9 30 11.687221030766786
9 31 11.359902796732271
9 32 11.028471272999106
9 33 10.693264005776102
9 34 10.354557745862891
9 35 10.012659133858183
9 36 9.6678197193245037
9 37 9.3203144939121518
9 38 8.9703696327910496
9 39 8.6182283405674269
9 40 8.2640917030782397
9 41 7.9081715544663584
9 42 7.5506445839825407
9 43 7.1916921760890578
9 44 6.8314676756433537
9 45 6.4701233926867516
9 46 6.1077906938730004
9 47 5.7445945960412939
9 48 5.3806461255060452
9 49 5.0160451462924538
9 50 4.6508842145703913
9 51 4.2852404919685974
9 52 3.9191901300882228
9 53 3.5527903756447952
9 54 3.1861033356782169
9 55 2.8191683273161146
9 56 2.4520317124994095
9 57 2.0847285488615177
9 58 1.7173843558599575
9 59 1.3500104732506624
9 60 0.98112834599064047
9 61 0.60805066081467385
9 62 0.25223430554358034
9 63 0
10 0 0
10 1 18.468642159921565
10 2 18.428035581803929
10 3 18.371228572443897
10 4 18.298748360023531
10 5 18.210881809892751
10 6 18.107980941384117
10 7 17.990471541560634
10 8 17.85859967545947
10 9 17.712813505875211
10 10 17.553423738641861
10 11 17.380914305249597
10 12 17.195635932898139
10 13 16.998089474280405
10 14 16.788656778150013
10 15 16.56784721511827
10 16 16.336065385924631
10 17 16.093820100187234
10 18 15.841530861749609
10 19 15.579697931397209
10 20 15.308748656476871
10 21 15.029167705129918
10 22 14.741383990267067
10 23 14.445860523086797
10 24 14.143022297733634
10 25 13.833305576026603
10 26 13.517126732722835
10 27 13.194891136515517
10 28 12.867002603373576
10 29 12.533832376592626
10 30 12.195768502812479
10 31 11.853145731568883
10 32 11.506333819121052
10 33 11.155629461811193
10 34 10.80138224987958
10 35 10.443850016121274
10 36 10.083360907638356
10 37 9.7201337698379238
10 38 9.3544745798752444
10 39 8.9865636949390613
10 40 8.6166846973843079
10 41 8.2449805153741043
10 42 7.8717125659366332
10 43 7.4969879060927056
10 44 7.1210464250713716
10 45 6.7439613065126398
10 46 6.365951912923661
10 47 5.987059936511816
10 48 5.6074855352225148
10 49 5.22724162400357
10 50 4.8465107588788428
10 51 4.4652800714628693
10 52 4.0837163594685686
10 53 3.7017842735773647
10 54 3.3196370403466773
10 55 2.937219257579204
10 56 2.5546685587455356
10 57 2.1719240545603697
10 58 1.78920661902256
10 59 1.4064298954908143
10 60 1.0221417982249519
10 61 0.63344376698332072
10 62 0.26279926993775082
10 63 0
11 0 0
11 1 19.080660613855763
11 2 19.037689252859664
11 3 18.977885848252985
11 4 18.901879108422058
11 5 18.809879451221441
11 6 18.702343548950573
11 7 18.579653262488531
11 8 18.442130382103283
11 9 18.290188705540885
11 10 18.124206776900714
11 11 17.944647389976002
11 12 17.751918679963254
11 13 17.54651209378013
11 14 17.328856207149741
11 15 17.099462221617479
11 16 16.858770570866451
11 17 16.607302452825039
11 18 16.345502219468351
11 19 16.073892387014478
11 20 15.792914205187543
11 21 15.503083756181196
11 22 15.20483306917242
11 23 14.898665011124553
11 24 14.584997176918312
11 25 14.264313407897076
11 26 13.937012533364522
11 27 13.60355451339478
11 28 13.264315926733456
11 29 12.919728920812977
11 30 12.570145138147364
11 31 12.215965865309856
11 32 11.857515867799204
11 33 11.495163357368902
11 34 11.129204967555719
11 35 10.759974401369519
11 36 10.387739529911705
11 37 10.012798836056463
11 38 9.6353913606884856
11 39 9.2557803185526417
11 40 8.8741763545305492
11 41 8.490807971208568
11 42 8.1058582952116751
11 43 7.7195222181951495
11 44 7.3319566144215855
11 45 6.9433243538875322
11 46 6.5537576607919643
11 47 6.1633894056003955
11 48 5.7723290534062199
11 49 5.3806818775286729
11 50 4.9885367196780761
11 51 4.5959739842601337
11 52 4.2030642290075519
11 53 3.8098660712679799
11 54 3.4164344363299208
11 55 3.0228083705873567
11 56 2.6290254337453458
11 57 2.2351198387027975
11 58 1.8412139955600988
11 59 1.4473164318616847
11 60 1.0518247141809787
11 61 0.65185308212640403
11 62 0.27042862694503489
11 63 0
12 0 0
12 1 19.501738773959595
12 2 19.456635650258491
12 3 19.394332596289388
12 4 19.31539822477697
12 5 19.220098043110138
12 6 19.108859645994958
12 7 18.982135521991253
12 8 18.840212716655657
12 9 18.683561901438612
12 10 18.512541525523041
12 11 18.32766151420142
12 12 18.129321643550789
12 13 17.918049623022974
12 14 17.694276818562361
12 15 17.45853991548552
12 16 17.211292570021911
12 17 16.953070757055311
12 18 16.684341739278111
12 19 16.40563230406585
12 20 16.117415543312344
12 21 15.820201608379064
12 22 15.514462538922011
12 23 15.200685465919181
12 24 14.879335401867158
12 25 14.550871124000963
12 26 14.215745535003453
12 27 13.874384746178961
12 28 13.527225331334549
12 29 13.174657399920614
12 30 12.817097801474537
12 31 12.454898228155342
12 32 12.088453185666545
12 33 11.718074390585393
12 34 11.344132107991515
12 35 10.966897309688322
12 36 10.58671479006563
12 37 10.203814725692965
12 38 9.8185158196689493
12 39 9.4310080508793899
12 40 9.0415839629221377
12 41 8.6503945130658941
12 42 8.2577065137603736
12 43 7.8636335881990505
12 44 7.4684176887765572
12 45 7.0721372399518874
12 46 6.6750105965943858
12 47 6.2770835078674052
12 48 5.8785523366208796
12 49 5.4794330131461351
12 50 5.0799018110145866
12 51 4.6799479760213352
12 52 4.2797298482153989
12 53 3.8792134317476861
12 54 3.4785416506503175
12 55 3.0776597821129363
12 56 2.6766934120361077
12 57 2.2755823199834695
12 58 1.8745389155305405
12 59 1.4734763639272075
12 60 1.0708485883733654
12 61 0.66362203206436843
12 62 0.27534810001873361
12 63 0
13 0 0
13 1 19.740582950193073
13 2 19.693716606393558
13 3 19.629358558390301
13 4 19.54816711579474
13 5 19.450329741002406
13 6 19.336362092461485
13 7 19.206677965677155
13 8 19.061621361773799
13 9 18.901632988800152
13 10 18.727118760498691
13 11 18.538571746301702
13 12 18.336427386292883
13 13 18.121208099328868
13 14 17.893369342829775
13 15 17.653453554116215
13 16 17.401927111930711
13 17 17.139342080651243
13 18 16.866167378651422
13 19 16.582955500491067
13 20 16.290170524860926
13 21 15.988357188495542
13 22 15.677968330784434
13 23 15.359533798049057
13 24 15.033489769232904
13 25 14.700345118755413
13 26 14.360514894831409
13 27 14.014481948208822
13 28 13.662636634249372
13 29 13.305431721025712
13 30 12.94323016289705
13 31 12.576451530671173
13 32 12.205429461630603
13 33 11.83054810262534
13 34 11.45211058332886
13 35 11.070464225907251
13 36 10.685881118831524
13 37 10.298671119770033
13 38 9.909075330745301
13 39 9.5173661997072809
13 40 9.1237544183955368
13 41 8.7284757083179514
13 42 8.3317113844790391
13 43 7.9336616889920526
13 44 7.5344799908429154
13 45 7.1343328010652209
13 46 6.7333473147091549
13 47 6.3316585016045508
13 48 5.9293694452839407
13 49 5.5265861495065929
13 50 5.123389892656312
13 51 4.7198606153581473
13 52 4.3160602979255662
13 53 3.9120460761988261
13 54 3.5078634546247045
13 55 3.1035491265982231
13 56 2.6991304035361448
13 57 2.2946387646770079
13 58 1.8901887726755371
13 59 1.485785158088232
13 60 1.0797660839904781
13 61 0.6691648140256653
13 62 0.27764677817486727
13 63 0
14 0 0
14 1 19.806345343884065
14 2 19.757947775795188
14 3 19.692008138166432
14 4 19.609134313645693
14 5 19.509547228633878
14 6 19.393737522289928
14 7 19.262172761688593
14 8 19.115166392484575
14 9 18.953196469427898
14 10 18.776653010170335
14 11 18.586055218010817
14 12 18.381834157672422
14 13 18.16452647476655
14 14 17.934594209456506
14 15 17.692582637478932
14 16 17.438974939500465
14 17 17.174315107342984
14 18 16.899098315334165
14 19 16.61385864643637
14 20 16.319095107910751
14 21 16.015324323938199
14 22 15.703041945633203
14 23 15.382740697667387
14 24 15.054906666111908
14 25 14.720003326088232
14 26 14.378501951571101
14 27 14.030832473181572
14 28 13.677447033690125
14 29 13.318738728292669
14 30 12.95513713139783
14 31 12.586996153866366
14 32 12.214720192104037
14 33 11.838622496330107
14 34 11.459080442926473
14 35 11.076365944002932
14 36 10.690828218622146
14 37 10.302697886572371
14 38 9.9122955131240307
14 39 9.5198111194610995
14 40 9.1255366980624633
14 41 8.7296229397361707
14 42 8.3323338610408904
14 43 7.9337825949036125
14 44 7.5342062357123583
14 45 7.1336825691295127
14 46 6.7324232221977356
14 47 6.3304732206071792
14 48 5.9280205277077958
14 49 5.5250803170399774
14 50 5.1218189919879862
14 51 4.7182250468322513
14 52 4.314445681887439
14 53 3.9104461815358058
14 54 3.5063572647538122
14 55 3.102123526229259
14 56 2.6978574146844267
14 57 2.2934981862605639
14 58 1.8892456297993026
14 59 1.4850120711029502
14 60 1.0792188178897453
14 61 0.66880883995540619
14 62 0.27754097494079233
14 63 0
15 0 0
15 1 19.707778218446684
15 2 19.658204476717465
15 3 19.591110661723555
15 4 19.507187221336121
15 5 19.40657473817263
15 6 19.289834937715934
15 7 19.157401628423202
15 8 19.009626618577727
15 9 18.84696203813467
15 10 18.669825305393221
15 11 18.478722631410445
15 12 18.274099459483136
15 13 18.056490810567599
15 14 17.826360786607616
15 15 17.584263870609412
15 16 17.330673601257296
15 17 17.066153292125328
15 18 16.791177456084888
15 19 16.506308874482755
15 20 16.212015616654313
15 21 15.908851621409104
15 22 15.597272113299528
15 23 15.277814977178419
15 24 14.950917202964602
15 25 14.617094500810246
15 26 14.2767612152327
15 27 13.930405825867627
15 28 13.578416552450216
15 29 13.221250611334257
15 30 12.859267490180166
15 31 12.492890078782509
15 32 12.122447330579318
15 33 11.748325653208964
15 34 11.370822397540412
15 35 10.990286174029988
15 36 10.606982323381617
15 37 10.221221114446145
15 38 9.8332360583414715
15 39 9.4432992376543545
15 40 9.0516130322835568
15 41 8.6584121235391613
15 42 8.2638689093563524
15 43 7.8681820162232246
15 44 7.4714953977745813
15 45 7.0739734682621433
15 46 6.6757336056317182
15 47 6.2769082887211889
15 48 5.8775904672531789
15 49 5.4778833378842648
15 50 5.0778578016141127
15 51 4.6775907442371851
15 52 4.2771335860302067
15 53 3.8765402180674746
15 54 3.4758454535251113
15 55 3.0750826083402907
15 56 2.6742682207296471
15 57 2.2734302289965846
15 58 1.8726719076153937
15 59 1.4719941998125576
15 60 1.0697342956475058
15 61 0.66294996791647343
15 62 0.27511489365143921
15 63 0
16 0 0
16 1 19.454061064466035
16 2 19.403538448542982
16 3 19.335735786186028
16 4 19.251306629384391
16 5 19.150403276223123
16 6 19.033565816895209
16 7 18.901265273306244
16 8 18.753826747341343
16 9 18.591720666235418
16 10 18.415352344325896
16 11 18.225233754662504
16 12 18.021809511182891
16 13 17.805607600332639
16 14 17.577102044612268
16 15 17.336828431765685
16 16 17.085280222688269
16 17 16.822990844259159
16 18 16.550463958170084
16 19 16.268222394196346
16 20 15.976771800671683
16 21 15.676617054088769
16 22 15.368258580872167
16 23 15.052177060116355
16 24 14.728861499497492
16 25 14.398763225467917
16 26 14.062354620258692
16 27 13.720053551430915
16 28 13.372311521660611
16 29 13.019509827240988
16 30 12.662075739803615
16 31 12.30035180015722
16 32 11.934738541460554
16 33 11.565538420308085
16 34 11.193123503988403
16 35 10.817755615116781
16 36 10.439777340841415
16 37 10.059410021210899
16 38 9.6769663944149489
16 39 9.2926280935691814
16 40 8.9066782177557116
16 41 8.5192600185449923
16 42 8.1306276798067252
16 43 7.7408878759881343
16 44 7.3502670521443747
16 45 6.9588375229853447
16 46 6.5667995658143941
16 47 6.1741937051028799
16 48 5.7811959623802043
16 49 5.3878179384274381
16 50 4.9942136022378394
16 51 4.6003687406309428
16 52 4.2064177168931742
16 53 3.812323888330365
16 54 3.4182048145512329
16 55 3.0240038670763463
16 56 2.629820165529229
16 57 2.2355920832993861
16 58 1.8415038956211571
16 59 1.4474674714402798
16 60 1.0519269362025676
16 61 0.65190130970975479
16 62 0.27057616004734969
16 63 0
17 0 0
17 1 19.053992790254828
17 2 19.00285920342581
17 3 18.934752991268635
17 4 18.85040678152944
17 5 18.749889856817909
17 6 18.633796507325968
17 7 18.502568539566159
17 8 18.356551468197686
17 9 18.196193440346111
17 10 18.021907890830121
17 11 17.834197233736052
17 12 17.633500114173174
17 13 17.420346114576208
17 14 17.195190365765935
17 15 16.958580667984375
17 16 16.710979672823804
17 17 16.452942916847622
17 18 16.184932382064336
17 19 15.907502158317033
17 20 15.621106411223371
17 21 15.326289654468408
17 22 15.023492100966177
17 23 14.713241657960108
17 24 14.395959451185426
17 25 14.07215083893656
17 26 13.742213691489475
17 27 13.406625934831961
17 28 13.065758931062041
17 29 12.720059304962147
17 30 12.369869511439759
17 31 12.015601963404531
17 32 11.657568594173453
17 33 11.296145588082929
17 34 10.931613454002688
17 35 10.564310955664432
17 36 10.19448691183759
17 37 9.8224422264521714
17 38 9.4483943263032319
17 39 9.0726064968202245
17 40 8.6952655639293841
17 41 8.3165980451439658
17 42 7.9367613827178518
17 43 7.5559467172659289
17 44 7.1742836885937544
17 45 6.7919299263026067
17 46 6.4089891563410282
17 47 6.0255877763658887
17 48 5.6418057434865814
17 49 5.2577408584941985
17 50 4.8734516658199984
17 51 4.4890103033547959
17 52 4.10445642806474
17 53 3.7198397731360111
17 54 3.335183919170265
17 55 2.950518582419269
17 56 2.5658496712215646
17 57 2.181201585382428
17 58 1.7966638891183826
17 59 1.4122344719282744
17 60 1.0263019149058177
17 61 0.63604219525968009
17 62 0.26400488030229891
17 63 0
18 0 0
18 1 18.516779928415961
18 2 18.465254181446721
18 3 18.397257199812888
18 4 18.31350056865255
18 5 18.214044238000525
18 6 18.099463557651084
18 7 17.97022169062371
18 8 17.826640921022403
18 9 17.669169582708779
18 10 17.49821237080166
18 11 17.314258182399538
18 12 17.117747939676459
18 13 16.909184166777038
18 14 16.68903480945751
18 15 16.457808398264273
18 16 16.215990189232699
18 17 15.964085476422486
18 18 15.702587859200243
18 19 15.431991469577689
18 20 15.152790299436225
18 21 14.865460435400786
18 22 14.570489306981951
18 23 14.268329143940708
18 24 13.959454858444326
18 25 13.644290057116672
18 26 13.323292156297173
18 27 12.996852376183959
18 28 12.665406596126168
18 29 12.329310832932507
18 30 11.988976273740137
18 31 11.644721794829692
18 32 11.296931562060021
18 33 10.945886181087522
18 34 10.591941228516857
18 35 10.235338640309109
18 36 9.8764045291981795
18 37 9.5153424166700287
18 38 9.1524487020543663
18 39 8.7878893264587266
18 40 8.4219312842195624
18 41 8.054704276540976
18 42 7.6864466944054799
18 43 7.3172537775828372
18 44 6.9473365472164623
18 45 6.57675793468393
18 46 6.2057031993214293
18 47 5.8342054337857689
18 48 5.4624260651767615
18 49 5.0903710817882457
18 50 4.7181802810651572
18 51 4.3458354955826364
18 52 3.9734573220913583
18 53 3.6010066314748297
18 54 3.2285875839844733
18 55 2.8561423769351419
18 56 2.4837572599516355
18 57 2.1113699518837299
18 58 1.7391473141932161
18 59 1.3670016422777591
18 60 0.99344933396429624
18 61 0.61567318691146589
18 62 0.25560081460759981
18 63 0
19 0 0
19 1 17.851267010795375
19 2 17.79966644603406
19 3 17.732157106872787
19 4 17.649528739801536
19 5 17.551755585645353
19 6 17.439450868132948
19 7 17.313052603563392
19 8 17.172886630733252
19 9 17.019382229853829
19 10 16.852934170828103
19 11 16.674024786315076
19 12 16.483070072767951
19 13 16.280576931808127
19 14 16.066974981308736
19 15 15.842787536398417
19 16 15.608449493640922
19 17 15.364490624962485
19 18 15.111343521644217
19 19 14.849535737756053
19 20 14.579490973144162
19 21 14.301726900566104
19 22 14.016652703830228
19 23 13.724769566598184
19 24 13.426467482108169
19 25 13.12222557947222
19 26 12.812410899711345
19 27 12.497475964669857
19 28 12.177761963229859
19 29 11.853691224977633
19 30 11.525576986917857
19 31 11.193808713122914
19 32 10.858670321084054
19 33 10.520516584265312
19 34 10.179601393625127
19 35 9.8362437868681347
19 36 9.4906675097268014
19 37 9.1431555285164663
19 38 8.7939018423728594
19 39 8.4431536494805197
19 40 8.0910760502412415
19 41 7.7378813476009425
19 42 7.3837069763679857
19 43 7.0287317201151431
19 44 6.6730669075062883
19 45 6.3168596184088637
19 46 5.960196907647008
19 47 5.6031963477519469
19 48 5.2459227772020451
19 49 4.8884667838349465
19 50 4.5308732305594628
19 51 4.1732085154393106
19 52 3.8154999108099728
19 53 3.4577927157518027
19 54 3.1000992550885678
19 55 2.7424459992830417
19 56 2.3848288171089846
19 57 2.0272691428590237
19 58 1.6698411851724075
19 59 1.3125409998191291
19 60 0.95385482937773824
19 61 0.59115894975980721
19 62 0.24544068095461494
19 63 0
20 0 0
20 1 17.066686286345366
20 2 17.015217402597802
20 3 16.948571801366171
20 4 16.867534817174096
20 5 16.772051819301527
20 6 16.662719093738737
20 7 16.539981239928569
20 8 16.404143943214901
20 9 16.255619934717295
20 10 16.094798164778311
20 11 15.922129700680571
20 12 15.738035483675093
20 13 15.542977001580525
20 14 15.337399150631336
20 15 15.121767374716784
20 16 14.89654144003859
20 17 14.662182366511525
20 18 14.419156433851709
20 19 14.167913121247761
20 20 13.908917829482375
20 21 13.642602342368424
20 22 13.36942473214047
20 23 13.089793922153961
20 24 12.804155151871871
20 25 12.512890280130625
20 26 12.216427131242856
20 27 11.915117214156004
20 28 11.609367239083562
20 29 11.299495942969157
20 30 10.985886056443958
20 31 10.668821921406856
20 32 10.348660199012075
20 33 10.025649942556392
20 34 9.7001203666088269
20 35 9.3722849996410318
20 36 9.0424448800966086
20 37 8.7107783603762723
20 38 8.3775581552337393
20 39 8.0429283040517845
20 40 7.707133567963611
20 41 7.3702849831580108
20 42 7.0326001830034475
20 43 6.6941588938030367
20 44 6.355152844363527
20 45 6.0156324696108836
20 46 5.6757651599204415
20 47 5.3355743497112922
20 48 4.9952049499566797
20 49 4.6546559108728029
20 50 4.3140517704531094
20 51 3.9733696912108165
20 52 3.6327161480296501
20 53 3.2920494226247925
20 54 2.9514605437814661
20 55 2.6108909716561306
20 56 2.270414979901179
20 57 1.9299702363834792
20 58 1.5897050463604974
20 59 1.2495333058706535
20 60 0.90808712136962799
20 61 0.56278919614108514
20 62 0.2337172432661814
20 63 0
21 0 0
21 1 16.171925355933297
21 2 16.120881832874542
21 3 16.055446915662486
21 4 15.976484688021397
21 5 15.883852447531021
21 6 15.778169033940875
21 7 15.65985741981509
21 8 15.529211498818269
21 9 15.386627738106755
21 10 15.232468770156661
21 11 15.067181648683245
21 12 14.891145240225169
21 13 14.704827760176537
21 14 14.508618262081383
21 15 14.302999130437334
21 16 14.088362221173831
21 17 13.865195004075613
21 18 13.633885465219576
21 19 13.394918295916829
21 20 13.148671849288093
21 21 12.895621100715292
21 22 12.636129878648664
21 23 12.370657474880085
21 24 12.099549159618313
21 25 11.823243529384163
21 26 11.542064084008395
21 27 11.256424640633892
21 28 10.966624488906648
21 29 10.673049467427862
21 30 10.375972929940437
21 31 10.075750369577637
21 32 9.7726281287107089
21 33 9.4669297606995393
21 34 9.1588741047580005
21 35 8.8487518889949417
21 36 8.5367544744481378
21 37 8.2231395216370196
21 38 7.9080713898102113
21 39 7.5917750069777696
21 40 7.2743885960608985
21 41 6.9561052007949664
21 42 6.6370381041030857
21 43 6.3173497651626418
21 44 5.9971300007704418
21 45 5.6765123785061631
21 46 5.3555649524672333
21 47 5.0343944305682857
21 48 4.71304899475337
21 49 4.3916108144479749
21 50 4.0701102402345954
21 51 3.7486074643416161
21 52 3.4271171624012333
21 53 3.1056803724573641
21 54 2.7842984756519606
21 55 2.4629954295160461
21 56 2.1417579103123336
21 57 1.8206053232888537
21 58 1.4995954467820829
21 59 1.1787240040830225
21 60 0.8566150475171822
21 61 0.53091582232872803
21 62 0.22050446111300354
21 63 0
22 0 0
22 1 15.176240102031766
22 2 15.125812360894081
22 3 15.061923816205823
22 4 14.985450060930445
22 5 14.896202255587571
22 6 14.794783618327196
22 7 14.681610367573761
22 8 14.556958902424533
22 9 14.421194180383402
22 10 14.274675478432018
22 11 14.117802766827754
22 12 13.95096208896093
22 13 13.774559950109419
22 14 13.58900272757808
22 15 13.394698478962503
22 16 13.19206579811287
22 17 12.981507087017381
22 18 12.763445718680922
22 19 12.538272397533166
22 20 12.306408707389711
22 21 12.06822845545431
22 22 11.824145716467084
22 23 11.574513068732195
22 24 11.319732208559005
22 25 11.060130992984529
22 26 10.796094699304186
22 27 10.527923770127529
22 28 10.255983816746006
22 29 9.9805459219784201
22 30 9.7019535320738139
22 31 9.4204471137270236
22 32 9.1363461442552065
22 33 8.8498598437731157
22 34 8.561282554677387
22 35 8.2707921809151834
22 36 7.9786573424733422
22 37 7.6850250536313895
22 38 7.3901381432858901
22 39 7.0941135957425683
22 40 6.7971688404517492
22 41 6.4993920649117758
22 42 6.2009760949623933
22 43 5.9019818723253037
22 44 5.602578766317551
22 45 5.3028022909301242
22 46 5.002799808124534
22 47 4.7025834434882734
22 48 4.4022802578016389
22 49 4.1018812086375309
22 50 3.801494978007057
22 51 3.5010937183216622
22 52 3.2007698316809359
22 53 2.900479199619614
22 54 2.6003003160256739
22 55 2.3001745568628169
22 56 2.0001653626134996
22 57 1.7002111490307248
22 58 1.4004410799525944
22 59 1.100771939588818
22 60 0.79998892048462644
22 61 0.49581934115460091
22 62 0.20598901221039798
22 63 0
23 0 0
23 1 14.08855730682841
23 2 14.039012636507664
23 3 13.976981639369759
23 4 13.903419721227015
23 5 13.818048276411449
23 6 13.721479172757
23 7 13.614109908167253
23 8 13.496191636375411
23 9 13.368075389997111
23 10 13.230079766133489
23 11 13.082602826543644
23 12 12.925973573219739
23 13 12.760607166346952
23 14 12.586838907494968
23 15 12.405095551275773
23 16 12.215712568511076
23 17 12.019120408623481
23 18 11.815649218895137
23 19 11.605726359017734
23 20 11.389671940949787
23 21 11.167904252032573
23 22 10.940729400729785
23 23 10.708551464104152
23 24 10.471659308743616
23 25 10.230438495514885
23 26 9.985158106372932
23 27 9.7361816870751028
23 28 9.4837566433155462
23 29 9.228221776268775
23 30 8.9698015228319949
23 31 8.7088079331476038
23 32 8.445441725367381
23 33 8.1799868626920063
23 34 7.9126200786811696
23 35 7.6435965280808214
23 36 7.3730691196964804
23 37 7.1012640349245784
23 38 6.8283108866205788
23 39 6.5544072167925425
23 40 6.2796601863565513
23 41 6.0042394743243435
23 42 5.7282308990107413
23 43 5.451777441183796
23 44 5.1749449058466572
23 45 4.8978510776661501
23 46 4.6205432570753624
23 47 4.3431158247815436
23 48 4.0655992293585976
23 49 3.7880664864102092
23 50 3.51053295892621
23 51 3.2330525402475057
23 52 2.9556273586312418
23 53 2.6782946514308068
23 54 2.4010453484604222
23 55 2.1239018373474634
23 56 1.8468425454425836
23 57 1.5698859728979322
23 58 1.2930727915014615
23 59 1.0164000006614387
23 60 0.73866346086181922
23 61 0.45784079498804503
23 62 0.19024265526548528
23 63 0
24 0 0
24 1 12.918153757403116
24 2 12.869662879948272
24 3 12.809781466400956
24 4 12.739490275433194
24 5 12.658450264959978
24 6 12.567258323109121
24 7 12.466293607008511
24 8 12.355792001786387
24 9 12.236060201263465
24 10 12.107415446583872
24 11 11.970195181896942
24 12 11.824737386733828
24 13 11.671381618025203
24 14 11.510482141041381
24 15 11.342377400030642
24 16 11.167431093554175
24 17 10.985974783226411
24 18 10.798375351360773
24 19 10.604952736461817
24 20 10.406071490269358
24 21 10.202035874881036
24 22 9.9932033139096266
24 23 9.7798590513965458
24 24 9.562349304657273
24 25 9.3409376425970141
24 26 9.1159556993760571
24 27 8.8876433606388332
24 28 8.6563149723139574
24 29 8.4221853328790584
24 30 8.1855494281917096
24 31 7.9465961194087189
24 32 7.7055995489800466
24 33 7.4627222906131854
24 34 7.21821669991348
24 35 6.9722191581602182
24 36 6.7249597800656291
24 37 6.4765492403479508
24 38 6.2271953973580523
24 39 5.9769840436010684
24 40 5.7261011543627225
24 41 5.4746087533795045
24 42 5.222671647109248
24 43 4.9703294474148505
24 44 4.7177268020069691
24 45 4.4648824698170237
24 46 4.2119222038674309
24 47 3.9588456342480813
24 48 3.7057610989910015
24 49 3.4526509565142094
24 50 3.1996077906482467
24 51 2.9465986476681039
24 52 2.6937021647031512
24 53 2.4408721651978507
24 54 2.1881753810350659
24 55 1.9355538292516699
24 56 1.6830613516389004
24 57 1.4306379568170349
24 58 1.1783934714827122
24 59 0.92624882216338678
24 60 0.6731735674461703
24 61 0.41725309677719585
24 62 0.17344692371007328
24 63 0
25 0 0
25 1 11.673990390049381
25 2 11.62679190165014
25 3 11.569331524014459
25 4 11.502670437454555
25 5 11.426379109763483
25 6 11.3410509548845
25 7 11.24704864801714
25 8 11.144571600755215
25 9 11.033914460386175
25 10 10.915341785309128
25 11 10.789190770174978
25 12 10.655729892908555
25 13 10.515308878551368
25 14 10.368198275756995
25 15 10.214756597581092
25 16 10.055251834928123
25 17 9.8900448391677358
25 18 9.7193969526620823
25 19 9.5436658870408735
25 20 9.3631028641046683
25 21 9.1780576205132931
25 22 8.9887683689696765
25 23 8.7955727211274564
25 24 8.5986935623233141
25 25 8.3984529043718954
25 26 8.1950565275504328
25 27 7.9888080246728803
25 28 7.7798947963007876
25 29 7.5685998227515254
25 30 7.3550913100343962
25 31 7.1396300207675152
25 32 6.9223645649898327
25 33 6.7035324282447277
25 34 6.4832625889978424
25 35 6.2617686965974526
25 36 6.0391603809750878
25 37 5.8156273494053607
25 38 5.5912604395146843
25 39 5.3662257167857312
25 40 5.1405960132097928
25 41 4.9145144128693987
25 42 4.6880367198943693
25 43 4.4612840133035903
25 44 4.2342962027877942
25 45 4.0071736129287103
25 46 3.7799415167391626
25 47 3.5526809705440661
25 48 3.3254039656876015
25 49 3.0981739766262124
25 50 2.8709911425313357
25 51 2.6439032075391751
25 52 2.4168999402560063
25 53 2.1900153883812798
25 54 1.9632305751047416
25 55 1.7365673301868572
25 56 1.5099967409430275
25 57 1.2835375676531289
25 58 1.0572129578576739
25 59 0.8310227589167789
25 60 0.6039624631095738
25 61 0.37438835871817733
25 62 0.15567186898210991
25 63 0
26 0 0
26 1 10.365361646783791
26 2 10.319603174896299
26 3 10.264809501145251
26 4 10.202077731210881
26 5 10.130907159252992
26 6 10.051876204012823
26 7 9.9653196335128076
26 8 9.871423372755963
26 9 9.7704273361553824
26 10 9.6625962554277987
26 11 9.5481957576723033
26 12 9.427504672445906
26 13 9.3007859222780915
26 14 9.1683302654209164
26 15 9.0303966677055705
26 16 8.8872824751924711
26 17 8.7392385797847183
26 18 8.5865640755009043
26 19 8.4294985227157557
26 20 8.2683384917772091
26 21 8.103309456728315
26 22 7.9347017459762084
26 23 7.7627245189556877
26 24 7.5876587013432797
26 25 7.4096954123381327
26 26 7.2291035589170463
26 27 7.0460549679322471
26 28 6.8608044347807073
26 29 6.6735036796193414
26 30 6.4843917874840233
26 31 6.2935999555709436
26 32 6.1013504198395481
26 33 5.90775379460141
26 34 5.7130147508296867
26 35 5.5172235741661391
26 36 5.320567038550978
26 37 5.1231156279292343
26 38 4.925038231678351
26 39 4.7263862922366187
26 40 4.5273111326847983
26 41 4.3278461104200661
26 42 4.1281255689973211
26 43 3.9281658997132376
26 44 3.7280852866103098
26 45 3.5278844059877237
26 46 3.3276663028187068
26 47 3.127417295005039
26 48 2.9272264792004066
26 49 2.7270672542413839
26 50 2.5270161024213631
26 51 2.3270350037021976
26 52 2.1271892752465584
26 53 1.9274310648098179
26 54 1.7278161654433624
26 55 1.5282879168208572
26 56 1.3288917591050697
26 57 1.1295700650828147
26 58 0.93041338139834584
26 59 0.73134788013564367
26 60 0.53155263299936972
26 61 0.32951344538746147
26 62 0.13709484673911881
26 63 0
27 0 0
27 1 9.0012566504927136
27 2 8.9571462648764495
27 3 8.9052474980045542
27 4 8.8467372409615255
27 5 8.7810247968829689
27 6 8.7086750752847681
27 7 8.630007889915472
27 8 8.5451639662497936
27 9 8.454372582577669
27 10 8.357836416532642
27 11 8.2558220594627478
27 12 8.1485291532101591
27 13 8.036231895361551
27 14 7.9191275339196592
27 15 7.79749610354017
27 16 7.6715295233325413
27 17 7.5415088780646489
27 18 7.4076182404132327
27 19 7.270135754270215
27 20 7.1292355576613078
27 21 6.9851893179411615
27 22 6.8381595479475052
27 23 6.6884084004088722
27 24 6.536085458558941
27 25 6.3814408140380001
27 26 6.2246101786122479
27 27 6.0658295157186481
27 28 5.9052200577209009
27 29 5.7430020317486017
27 30 5.5792818845290615
27 31 5.4142629317862303
27 32 5.2480367960441061
27 33 5.0807891095090199
27 34 4.9125968651604071
27 35 4.743627609999475
27 36 4.5739441016381592
27 37 4.4036957367437601
27 38 4.2329315991722307
27 39 4.0617831725494531
27 40 3.8902865662260213
27 41 3.7185558569221739
27 42 3.5466149893335834
27 43 3.3745613758892112
27 44 3.2024076930893934
27 45 3.030235637502519
27 46 2.858047579709377
27 47 2.6859106260241314
27 48 2.5138178516064755
27 49 2.3418230490932781
27 50 2.1699110427147104
27 51 1.9981237126290599
27 52 1.8264386955980403
27 53 1.6548874999315601
27 54 1.4834417377767024
27 55 1.3121236477032865
27 56 1.1408977476377546
27 57 0.96978414676446434
27 58 0.7987881996450289
27 59 0.62791402085059977
27 60 0.45637836250805763
27 61 0.28295346475568545
27 62 0.11778464047951731
27 63 0
28 0 0
28 1 7.5909838410937871
28 2 7.5486429815136811
28 3 7.4998362781478178
28 4 7.4457828789799958
28 5 7.3858142159264952
28 6 7.3204795501306688
28 7 7.2500634606135685
28 8 7.1746945160654514
28 9 7.0945395471118733
28 10 7.0098024600264877
28 11 6.920670153638766
28 12 6.8273535734040083
28 13 6.730031841108211
28 14 6.6289232757775709
28 15 6.5242000926715766
28 16 6.4160843441289535
28 17 6.3047390318895493
28 18 6.1903866805630265
28 19 6.0731794350857227
28 20 5.9533374065677442
28 21 5.8310005363226072
28 22 5.7063840013507949
28 23 5.5796145123747607
28 24 5.4509001632699716
28 25 5.3203537076753795
28 26 5.1881743730713374
28 27 5.0544605089336754
28 28 4.9194010466244587
28 29 4.7830797388334885
28 30 4.6456741271615511
28 31 4.5072534023864046
28 32 4.3679829375577031
28 33 4.2279175961313511
28 34 4.0872100949040719
28 35 3.9459013767271531
28 36 3.8041312802878586
28 37 3.6619273800810928
28 38 3.5194166548358812
28 39 3.3766139834871285
28 40 3.23363371725641
28 41 3.0904788099419096
28 42 2.9472514070032196
28 43 2.803943384597706
28 44 2.6606452696031799
28 45 2.5173387670968741
28 46 2.3741035155876644
28 47 2.2309119992885043
28 48 2.0878338208315133
28 49 1.9448332248033302
28 50 1.8019707340225186
28 51 1.6592033533750972
28 52 1.5165835647919372
28 53 1.3740621756389451
28 54 1.2316848132757012
28 55 1.0893966885448767
28 56 0.94723589750019477
28 57 0.8051477829451088
28 58 0.66320381406470452
28 59 0.52133627096377533
28 60 0.37895272191199142
28 61 0.23497074208986232
28 62 0.097915412862270165
28 63 0
29 0 0
29 1 6.1435538209909737
29 2 6.1031586956620432
29 3 6.0576259710250326
29 4 6.0082520875736378
29 5 5.9542803973000513
29 6 5.896238951165012
29 7 5.8343981592138858
29 8 5.7688353806264097
29 9 5.6997077473220772
29 10 5.6271505820688397
29 11 5.5513525176621563
29 12 5.4724386056888328
29 13 5.3905999501121382
29 14 5.3059546087152354
29 15 5.2186965039029598
29 16 5.1289355879673995
29 17 5.0368656317709544
29 18 4.9425876531050603
29 19 4.8462928969124714
29 20 4.748072838246685
29 21 4.6481140687519478
29 22 4.5464981065140444
29 23 4.443405051761272
29 24 4.3389062362999438
29 25 4.2331737192158085
29 26 4.1262685854295258
29 27 4.0183535878578116
29 28 3.9094796543683339
29 29 3.7997992423037941
29 30 3.6893533430845546
29 31 3.5782833917988977
29 32 3.4666207747629554
29 33 3.3544954250994095
29 34 3.2419295464458884
29 35 3.1290413194936533
29 36 3.0158442600375732
29 37 2.9024447561797198
29 38 2.7888481858790737
29 39 2.6751492952927762
29 40 2.5613459142351789
29 41 2.4475214688207787
29 42 2.3336668565641769
29 43 2.2198546575429963
29 44 2.106069467503723
29 45 1.992373628165744
29 46 1.8787460693473668
29 47 1.7652396182783405
29 48 1.6518281726397248
29 49 1.5385558690443353
29 50 1.4253921996664742
29 51 1.3123735174671181
29 52 1.1994655213985272
29 53 1.0866977831935569
29 54 0.97403287468160205
29 55 0.8614942761779868
29 56 0.74904049178630161
29 57 0.63669390146198501
29 58 0.52444186615018351
29 59 0.41229394539713654
29 60 0.29970356796492675
29 61 0.18588530542904078
29 62 0.077555075259918338
29 63 0
30 0 0
30 1 4.6682850701699952
30 2 4.6299282085656239
30 3 4.5878165678175993
30 4 4.5432902298393838
30 5 4.4955123587179084
30 6 4.4449940873312332
30 7 4.391965665126401
30 8 4.336493165865372
30 9 4.2786664175617179
30 10 4.2186225508029667
30 11 4.1564653821872222
30 12 4.0923318003593661
30 13 4.0263126553789261
30 14 3.9585475601506706
30 15 3.8891174685175174
30 16 3.8181629042892093
30 17 3.7457545241359202
30 18 3.6720321926567236
30 19 3.5970563184803201
30 20 3.5209647015971171
30 21 3.443807628228639
30 22 3.3657195885275404
30 23 3.2867409716985465
30 24 3.207001882289032
30 25 3.1265331236699727
30 26 3.0454595103903612
30 27 2.9638026450385944
30 28 2.8816813176700324
30 29 2.799108376046314
30 30 2.7161960165410801
30 31 2.6329488259723477
30 32 2.5494719961742089
30 33 2.4657623822807051
30 34 2.3819179102711114
30 35 2.2979282564970274
30 36 2.2138839592310924
30 37 2.12976808194828
30 38 2.045663781907018
30 39 1.9615480792750049
30 40 1.8774968741573363
30 41 1.7934817087236008
30 42 1.7095714554431418
30 43 1.6257327330866718
30 44 1.542027710274789
30 45 1.4584186213008374
30 46 1.3749613379371106
30 47 1.2916142296965045
30 48 1.2084273511157646
30 49 1.1253557053859067
30 50 1.0424440723495567
30 51 0.95964456370272622
30 52 0.87699727712569719
30 53 0.7944519052972675
30 54 0.71204455784056919
30 55 0.6297226687514953
30 56 0.5475178318425844
30 57 0.46537873538047964
30 58 0.38335803980032024
30 59 0.30139469134509311
30 60 0.21913754943752639
30 61 0.13595641536166758
30 62 0.056875594879035422
30 63 0
31 0 0
31 1 3.1742024270947518
31 2 3.1380273573523998
31 3 3.0994699313393785
31 4 3.0599427706724334
31 5 3.0185243976108147
31 6 2.9756995437000384
31 7 2.9316843131924157
31 8 2.8864904222327699
31 9 2.8401984611389408
31 10 2.7928734333867542
31 11 2.7446212163259847
31 12 2.6954892186270505
31 13 2.6455805842905442
31 14 2.5949310889846218
31 15 2.5436436771636122
31 16 2.491743267614253
31 17 2.4393315438298684
31 18 2.3864234833577536
31 19 2.333118826454617
31 20 2.2794235271911387
31 21 2.2254347266338823
31 22 2.1711502541880301
31 23 2.1166640643179
31 24 2.0619667355060445
31 25 2.0071485215647287
31 26 1.9521935906023256
31 27 1.8971880607802083
31 28 1.8421104900989236
31 29 1.7870425082509207
31 30 1.7319578168904273
31 31 1.6769332878628624
31 32 1.6219384685896059
31 33 1.567045286741092
31 34 1.5122197819800398
31 35 1.4575288327461062
31 36 1.402935558975329
31 37 1.3485017631697989
31 38 1.2941881735074001
31 39 1.2400515643505559
31 40 1.18605073954382
31 41 1.1322375630564812
31 42 1.0785693218751053
31 43 1.0250931521886846
31 44 0.97176517323349065
31 45 0.91862803545788807
31 46 0.86563698356332563
31 47 0.81283047804607733
31 48 0.76016312962779253
31 49 0.70766955275755161
31 50 0.65530391634471541
31 51 0.60309737378615935
31 52 0.55100379685029621
31 53 0.49905131382341872
31 54 0.44719365146795459
31 55 0.39545616794258814
31 56 0.34379164288570579
31 57 0.29222541773520694
31 58 0.24072667374082193
31 59 0.18931128847290199
31 60 0.1376785630217694
31 61 0.085500940920014729
31 62 0.035944374805687032
31 63 0
32 0 0
32 1 1.6706302544932325
32 2 1.6366983023088126
32 3 1.6017912265308512
32 4 1.5673613152230306
32 5 1.5324091589776943
32 6 1.4974007064456063
32 7 1.4625094805868064
32 8 1.4277363203227476
32 9 1.3930926246071087
32 10 1.3586453066807456
32 11 1.3244134135714396
32 12 1.2904563081372062
32 13 1.2567749008279414
32 14 1.2234266335092814
32 15 1.1903995519807882
32 16 1.1577492507464047
32 17 1.1254524473578011
32 18 1.0935630621217767
32 19 1.0620482485944649
32 20 1.0309603717466076
32 21 1.0002586372502293
32 22 0.96999392068752555
32 23 0.94011897091463648
32 24 0.91068319952602605
32 25 0.88163425648406835
32 26 0.85302008435781029
32 27 0.82478445667240941
32 28 0.79697382129445526
32 29 0.76952916184023434
32 30 0.74249539408344811
32 31 0.71581166384268868
32 32 0.68952131366702185
32 33 0.66356247244694067
32 34 0.63797687154475691
32 35 0.61270231713426881
32 36 0.58777890040583547
32 37 0.56314467811839519
32 38 0.53883808597854232
32 39 0.51479789040446944
32 40 0.49106087359570921
32 41 0.46756686387907176
32 42 0.44435101179819125
32 43 0.42135446094575885
32 44 0.39861077356361663
32 45 0.37606257127300863
32 46 0.35374189362852959
32 47 0.33159292094344084
32 48 0.30964625790779748
32 49 0.28784765082506408
32 50 0.26622637921142389
32 51 0.2447296969476499
32 52 0.22338568505347195
32 53 0.20214299963944415
32 54 0.18102870490563044
32 55 0.15999257503090097
32 56 0.13906027694351736
32 57 0.11818395030393042
32 58 0.097397728994627036
32 59 0.07664744080207872
32 60 0.055829822939069081
32 61 0.034776527969364965
32 62 0.014932192233896155
32 63 0
33 0 0
33 1 0.16660005206566628
33 2 0.13502176859455356
33 3 0.10384747789207312
33 4 0.074594820520805322
33 5 0.046184744299144473
33 6 0.019054217103056059
33 7 -0.0066381276056944353
33 8 -0.030946020355050965
33 9 -0.053867317424589792
33 10 -0.075407716113139248
33 11 -0.09554622416591671
33 12 -0.11431335311452941
33 13 -0.13169598000511282
33 14 -0.14774083409115335
33 15 -0.16243794706115458
33 16 -0.17584760502752911
33 17 -0.18796212050244177
33 18 -0.19885268082622817
33 19 -0.20851284975443554
33 20 -0.21702227739285995
33 21 -0.22437494683451548
33 22 -0.23065676468188781
33 23 -0.23586145726233929
33 24 -0.24007921659169909
33 25 -0.24330298127542205
33 26 -0.24562549271587103
33 27 -0.24703850073644823
33 28 -0.24763579091004637
33 29 -0.24740763752978925
33 30 -0.24644758858344018
33 31 -0.24474425469459055
33 32 -0.24238987811606599
33 33 -0.23937130098000292
33 34 -0.23577859350846919
33 35 -0.23159679333910627
33 36 -0.22691312110068756
33 37 -0.22171082933172054
33 38 -0.21607378621186313
33 39 -0.20998352183443028
33 40 -0.2035202092467619
33 41 -0.19666375127194333
33 42 -0.18949042860819088
33 43 -0.18197863523402907
33 44 -0.17420069314121314
33 45 -0.16613362134054224
33 46 -0.15784583332907878
33 47 -0.14931311613562701
33 48 -0.1406001277674595
33 49 -0.13168157026696814
33 50 -0.12261858834771963
33 51 -0.11338494705702196
33 52 -0.10403860025177038
33 53 -0.094552517686074353
33 54 -0.084981823879418675
33 55 -0.075298881923881011
33 56 -0.06555663961812562
33 57 -0.055726373296605895
33 58 -0.045857280136830145
33 59 -0.035926634626762738
33 60 -0.025986292258627929
33 61 -0.015901196082616139
33 62 -0.0060937140855044491
33 63 0
34 0 0
34 1 -1.32856219381618
34 2 -1.3577585033668977
34 3 -1.3851551329621643
34 4 -1.4092042108908127
34 5 -1.4310558568975531
34 6 -1.4502943249303348
34 7 -1.4668034363614288
34 8 -1.4806478574588506
34 9 -1.4918935157920845
34 10 -1.5005445744121928
34 11 -1.5066657379059367
34 12 -1.5102758622058587
34 13 -1.5114628036137265
34 14 -1.5102518859183467
34 15 -1.5067467181264629
34 16 -1.5009771389028352
34 17 -1.493059070362674
34 18 -1.4830249582131569
34 19 -1.4709995916993757
34 20 -1.457016388022911
34 21 -1.4412059258627314
34 22 -1.423601223414438
34 23 -1.4043359167090359
34 24 -1.3834415041857071
34 25 -1.3610522950475019
34 26 -1.3371973788017344
34 27 -1.3120096944139441
34 28 -1.2855152439107527
34 29 -1.2578438815668525
34 30 -1.2290180316708568
34 31 -1.1991630625828473
34 32 -1.1682974960633463
34 33 -1.1365411079735608
34 34 -1.1039083356920982
34 35 -1.0705125300661049
34 36 -1.0363639835447169
34 37 -1.0015690417267142
34 38 -0.96613389262344174
34 39 -0.93015752627109827
34 40 -0.8936421492016855
34 41 -0.85667925309913007
34 42 -0.81926725177961157
34 43 -0.78149018130958503
34 44 -0.7433429027264159
34 45 -0.70490220346749077
34 46 -0.66615967033721502
34 47 -0.62718519310902021
34 48 -0.5879673910147396
34 49 -0.5485697318541598
34 50 -0.50897819306346914
34 51 -0.46925040336955076
34 52 -0.42937004009518048
34 53 -0.38938956695372762
34 54 -0.34929069459130796
34 55 -0.30912144037111688
34 56 -0.26886178154739215
34 57 -0.22855630459414331
34 58 -0.18818913315633687
34 59 -0.14780769910772729
34 60 -0.10726702135040761
34 61 -0.066274763913631865
34 62 -0.026962748089642434
34 63 0
35 0 0
35 1 -2.8058260222223823
35 2 -2.8325625669615691
35 3 -2.8561510915026047
35 4 -2.8749879288553561
35 5 -2.8902963319466135
35 6 -2.9016894774478263
35 7 -2.909067582436295
35 8 -2.9125471570102821
35 9 -2.912203881093836
35 10 -2.908111948231856
35 11 -2.9003346756455217
35 12 -2.8889779945183141
35 13 -2.8741180236107629
35 14 -2.8558813488210233
35 15 -2.834350076721007
35 16 -2.8096669730052719
35 17 -2.7819173618042821
35 18 -2.7512558585009255
35 19 -2.7177682996621644
35 20 -2.6816172478351579
35 21 -2.6428867627173935
35 22 -2.6017438881705615
35 23 -2.5582689925605386
35 24 -2.5126305719702624
35 25 -2.4649037476740441
35 26 -2.4152558676463567
35 27 -2.3637555846421452
35 28 -2.3105669119110517
35 29 -2.2557511190326047
35 30 -2.1994670913307051
35 31 -2.1417680776715344
35 32 -2.0828064115028448
35 33 -2.0226269300749968
35 34 -1.9613743334874505
35 35 -1.8990848728015692
35 36 -1.8358948474607328
35 37 -1.7718319347693972
35 38 -1.7070235514147178
35 39 -1.6414889726559569
35 40 -1.5753465066673582
35 41 -1.5086073319847051
35 42 -1.4413806506736162
35 43 -1.3736699601666957
35 44 -1.3055755599350118
35 45 -1.2370937714572794
35 46 -1.1683163706408883
35 47 -1.0992330795475294
35 48 -1.0299276811927618
35 49 -0.96038393049986737
35 50 -0.89067827734963523
35 51 -0.82078918463112982
35 52 -0.75078654119347432
35 53 -0.6806442311610561
35 54 -0.61042643970840182
35 55 -0.54010309940393453
35 56 -0.46973318234305955
35 57 -0.39928444570620936
35 58 -0.32882467798482262
35 59 -0.25832413309737617
35 60 -0.18758907356537965
35 61 -0.11602787513663852
35 62 -0.047607498904237683
35 63 0
36 0 0
36 1 -4.2558680882508115
36 2 -4.2801508877692198
36 3 -4.2999373579638167
36 4 -4.3136082797421453
36 5 -4.3224466261097287
36 6 -4.3260897884528466
36 7 -4.3244777854019301
36 8 -4.3177385904361385
36 9 -4.3060118607093916
36 10 -4.2893711079307728
36 11 -4.2679610979404989
36 12 -4.2418768217296421
36 13 -4.21129092194544
36 14 -4.1763092135086914
36 15 -4.1371228393258317
36 16 -4.0938446808962885
36 17 -4.0466791374788125
36 18 -3.9957425838606744
36 19 -3.9412476368071814
36 20 -3.8833110708756893
36 21 -3.8221492563897339
36 22 -3.7578767413979604
36 23 -3.6907097390095616
36 24 -3.6207583939962364
36 25 -3.5482354016499502
36 26 -3.4732447506531372
36 27 -3.3959927922364339
36 28 -3.3165759988341637
36 29 -3.2351920625687471
36 30 -3.1519289372398056
36 31 -3.0669738231056578
36 32 -2.9804054739238079
36 33 -2.8923992147176985
36 34 -2.8030242014994622
36 35 -2.7124429146298406
36 36 -2.6207147617664766
36 37 -2.527988786393554
36 38 -2.434314709251844
36 39 -2.3398278849617911
36 40 -2.2445685880238093
36 41 -2.1486585360292199
36 42 -2.05212894706268
36 43 -1.9550882221723886
36 44 -1.8575590349315463
36 45 -1.7596370255367124
36 46 -1.661336933141019
36 47 -1.5627423966205416
36 48 -1.4638609083473351
36 49 -1.3647650400641074
36 50 -1.2654557845356749
36 51 -1.165995728319291
36 52 -1.0663801601967808
36 53 -0.96666289812585282
36 54 -0.86683436064570574
36 55 -0.76694072660982981
36 56 -0.66696762909347207
36 57 -0.5669568308049856
36 58 -0.46691045814196175
36 59 -0.36686969024484245
36 60 -0.26644716251104189
36 61 -0.16490180709147692
36 62 -0.067856543503687389
36 63 0
37 0 0
37 1 -5.669666588414036
37 2 -5.6914499025630985
37 3 -5.7074565237281352
37 4 -5.7160230621407635
37 5 -5.7184977381400897
37 6 -5.7145442208523276
37 7 -5.7041211738306377
37 8 -5.6874028233250584
37 9 -5.6645395554472477
37 10 -5.6356693366217421
37 11 -5.6009365461743359
37 12 -5.5605173255112668
37 13 -5.5145734510094861
37 14 -5.4633059132642714
37 15 -5.4068851288936344
37 16 -5.3455307852294656
37 17 -5.2794173754638871
37 18 -5.2087774039462946
37 19 -5.1337851511511685
37 20 -5.054680678710441
37 21 -4.9716343842633526
37 22 -4.8848892506870394
37 23 -4.7946087025528747
37 24 -4.7010346293640275
37 25 -4.6043209514611467
37 26 -4.5047050568386
37 27 -4.4023293570669546
37 28 -4.2974239122950033
37 29 -4.1901181090469262
37 30 -4.080632403179532
37 31 -3.9690820857996774
37 32 -3.8556762448814101
37 33 -3.7405154072408795
37 34 -3.6237960019268369
37 35 -3.505603479218089
37 36 -3.3861207487127913
37 37 -3.2654181844904424
37 38 -3.1436647042307015
37 39 -3.0209158765330155
37 40 -2.8973265008983033
37 41 -2.7729378419455482
37 42 -2.6478907605227895
37 43 -2.5222129130905344
37 44 -2.3960316687717143
37 45 -2.2693619330447521
37 46 -2.142318261713156
37 47 -2.0149037985190437
37 48 -1.88722116268437
37 49 -1.759262831870366
37 50 -1.631120532967631
37 51 -1.5027772572403584
37 52 -1.3743150270002706
37 53 -1.2457086088290004
37 54 -1.1170316386186612
37 55 -0.98825170538421114
37 56 -0.85943437341944484
37 57 -0.73054401667713875
37 58 -0.60166721798300205
37 59 -0.47276738540904611
37 60 -0.34341465079043726
37 61 -0.21257767348018136
37 62 -0.087641957428302095
37 63 0
38 0 0
38 1 -7.0379049950222443
38 2 -7.0572299372352081
38 3 -7.0695127494436303
38 4 -7.0730938853989693
38 5 -7.0693657353212833
38 6 -7.0580197105610809
38 7 -7.0390491781180309
38 8 -7.012640825501756
38 9 -6.9790020529862327
38 10 -6.93827147299573
38 11 -6.8906676535013407
38 12 -6.8363569306185576
38 13 -6.775590048681023
38 14 -6.7085482405394288
38 15 -6.6355032938271394
38 16 -6.5566459164623634
38 17 -6.4722620522371548
38 18 -6.3825467732808034
38 19 -6.2877936901787876
38 20 -6.1881977961933572
38 21 -6.0840546388540799
38 22 -5.9755553403990405
38 23 -5.8629923949116138
38 24 -5.7465498930256516
38 25 -5.6265130170945969
38 26 -5.5030562654104802
38 27 -5.3764539592536034
38 28 -5.2468690034401613
38 29 -5.1145619848392467
38 30 -4.9796827273905588
38 31 -4.8424758458700703
38 32 -4.7030770605338059
38 33 -4.5617133666351055
38 34 -4.4185057721399907
38 35 -4.2736625471254897
38 36 -4.1272897428485633
38 37 -3.9795762904564107
38 38 -3.8306133559308679
38 39 -3.6805703597338817
38 40 -3.529523924192834
38 41 -3.3776241805010732
38 42 -3.2249337768614779
38 43 -3.0715841228885212
38 44 -2.9176246516862254
38 45 -2.7631689209104753
38 46 -2.6082540628075921
38 47 -2.4529769132741266
38 48 -2.297363343152822
38 49 -2.1414948191663457
38 50 -1.9853870890338641
38 51 -1.8291077897673085
38 52 -1.6726637645794462
38 53 -1.5161105371089745
38 54 -1.3594473481130751
38 55 -1.2027191112620943
38 56 -1.0459173986295864
38 57 -0.88908183610475244
38 58 -0.73223228776960525
38 59 -0.57540447969210373
38 60 -0.41798074995116674
38 61 -0.2587940532306417
38 62 -0.10679048759171557
38 63 0
39 0 0
39 1 -8.3515774933942275
39 2 -8.368429204966052
39 3 -8.3770630772311332
39 4 -8.3757885557015435
39 5 -8.3660542295922848
39 6 -8.3475726811566719
39 7 -8.3203588831703161
39 8 -8.2846374627963613
39 9 -8.2406280038794293
39 10 -8.1885251392435077
39 11 -8.1285484952520424
39 12 -8.0609366440379002
39 13 -7.9859307362711496
39 14 -7.9037980470934324
39 15 -7.8147907776426244
39 16 -7.7191972747921707
39 17 -7.6172745973157276
39 18 -7.5093249156694393
39 19 -7.3956044168877941
39 20 -7.2764226328682433
39 21 -7.1520299489899717
39 22 -7.022737581733054
39 23 -6.8887859477174755
39 24 -6.7504830526100159
39 25 -6.6080559157077232
39 26 -6.4618051974313877
39 27 -6.311941790781435
39 28 -6.1587556048645196
39 29 -6.0024393296370127
39 30 -5.8432694036343014
39 31 -5.6814188361087687
39 32 -5.517148514781991
39 33 -5.3506108332681857
39 34 -5.1820496355616816
39 35 -5.0115962499449092
39 36 -4.8394765174964958
39 37 -4.6658006798249509
39 38 -4.490776095733807
39 39 -4.3144922722383452
39 40 -4.1371380334432635
39 41 -3.9587828253465496
39 42 -3.7795972609900921
39 43 -3.5996316722529227
39 44 -3.419039112688143
39 45 -3.2378519763608637
39 46 -3.0562066919951545
39 47 -2.8741190821843707
39 48 -2.6917101273419446
39 49 -2.5089806001740254
39 50 -2.3260374130672838
39 51 -2.1428679345373345
39 52 -1.9595665624785532
39 53 -1.7761090317121326
39 54 -1.5925789529192418
39 55 -1.4089418624120056
39 56 -1.2252707082371477
39 57 -1.0415268539073088
39 58 -0.85781581995498901
39 59 -0.67409465640626853
39 60 -0.48971302234528968
39 61 -0.30322756202725559
39 62 -0.12523333710154186
39 63 0
40 0 0
40 1 -9.6013783628185774
40 2 -9.6158332750766231
40 3 -9.6209227242435542
40 4 -9.614983292924677
40 5 -9.5994884154287607
40 6 -9.5741824594277887
40 7 -9.5391076998335151
40 8 -9.4945026925910589
40 9 -9.4406343775303991
40 10 -9.3776998340825504
40 11 -9.3059827763990004
40 12 -9.2257135296590018
40 13 -9.1372117221822986
40 14 -9.040726271086891
40 15 -8.9366001160761961
40 16 -8.8250938812422657
40 17 -8.7065655063214216
40 18 -8.5812808570750541
40 19 -8.4496051259301215
40 20 -8.3118037831999629
40 21 -8.168242441250765
40 22 -8.0191813461483861
40 23 -7.8649805944973501
40 24 -7.7058911677355502
40 25 -7.5422625976448208
40 26 -7.3743333127792061
40 27 -7.2024380889287913
40 28 -7.0268002184054348
40 29 -6.8477363471312254
40 30 -6.6654526980105127
40 31 -6.4802451810471098
40 32 -6.2923016075432789
40 33 -6.1018952578924956
40 34 -5.9091947193411505
40 35 -5.7144494022810148
40 36 -5.5178083260033999
40 37 -5.3194963831851121
40 38 -5.1196430903142787
40 39 -4.9184487067834777
40 40 -4.7160236639222397
40 41 -4.5125439452910401
40 42 -4.3081016145137951
40 43 -4.1028491530922224
40 44 -3.8968612260253792
40 45 -3.6902679493183204
40 46 -3.4831277667480074
40 47 -3.2755498783153767
40 48 -3.0675778540772103
40 49 -2.8593016944962759
40 50 -2.6507515796897194
40 51 -2.4420002509369683
40 52 -2.2330660932933655
40 53 -2.0240067463832538
40 54 -1.8148305219866492
40 55 -1.6055817859302282
40 56 -1.3962585563866754
40 57 -1.1868991853114406
40 58 -0.97754094847833806
40 59 -0.76821517168572862
40 60 -0.55809220065912823
40 61 -0.34561261716574782
40 62 -0.14279442909251222
40 63 0
41 0 0
41 1 -10.77832461688422
41 2 -10.790397167773742
41 3 -10.792069102092965
41 4 -10.781659959615606
41 5 -10.760689447994485
41 6 -10.728915732880406
41 7 -10.686406323998975
41 8 -10.633426892978488
41 9 -10.57025849257232
41 10 -10.49714313330832
41 11 -10.414367477775308
41 12 -10.322222384828944
41 13 -10.221019569942349
41 14 -10.111082005307191
41 15 -9.9927345582725895
41 16 -9.8663234597218992
41 17 -9.7321791276730671
41 18 -9.5906626680768916
41 19 -9.4421030733105162
41 20 -9.286868859217126
41 21 -9.1252815656031281
41 22 -8.9577105675358286
41 23 -8.7844648417598243
41 24 -8.6059089820467136
41 25 -8.4223351818164574
41 26 -8.2340984988247872
41 27 -8.0414709696692679
41 28 -7.8447942088125728
41 29 -7.6443175152277441
41 30 -7.440365951511799
41 31 -7.2331642294735206
41 32 -7.0230184940578448
41 33 -6.8101276858758384
41 34 -6.5947773488687291
41 35 -6.3771400663683968
41 36 -6.1574797179137075
41 37 -5.9359424741527693
41 38 -5.7127700440416396
41 39 -5.4880825954764756
41 40 -5.2620996563823397
41 41 -5.0349162050451284
41 42 -4.8067300145603244
41 43 -4.5776120319800286
41 44 -4.347739082589543
41 45 -4.1171595326273334
41 46 -3.8860303953985698
41 47 -3.6543791507765238
41 48 -3.4223444169373676
41 49 -3.1899346831261983
41 50 -2.957271826168566
41 51 -2.7243474028208614
41 52 -2.4912684032429895
41 53 -2.2580116756099078
41 54 -2.0246713923573099
41 55 -1.7912114720969143
41 56 -1.5577131894901475
41 57 -1.3241354457020234
41 58 -1.0906027065052082
41 59 -0.85706640553138735
41 60 -0.62267756038188748
41 61 -0.38561942503378094
41 62 -0.1594037059521915
41 63 0
42 0 0
42 1 -11.873125046196579
42 2 -11.882926667400705
42 3 -11.881332032902138
42 4 -11.866713931754312
42 5 -11.840594379013819
42 6 -11.802767865337605
42 7 -11.753319695929239
42 8 -11.692531405428307
42 9 -11.62071928800964
42 10 -11.538130069916718
42 11 -11.445101794864446
42 12 -11.341919061236544
42 13 -11.228958866131613
42 14 -11.106527619955807
42 15 -10.975027545504084
42 16 -10.834778773051408
42 17 -10.686199286609934
42 18 -10.529615349980434
42 19 -10.365451941220476
42 20 -10.194034825432764
42 21 -10.015788241387529
42 22 -9.8310317560451068
42 23 -9.6401821552617015
42 24 -9.4435480219440286
42 25 -9.2415329831510995
42 26 -9.0344307264243575
42 27 -8.8226269896472882
42 28 -8.6063974764060767
42 29 -8.3861062347703612
42 30 -8.1620086575837938
42 31 -7.9344441763840541
42 32 -7.703646241750306
42 33 -7.4699275532624014
42 34 -7.2334986137198962
42 35 -6.9946440199062119
42 36 -6.7535508777332973
42 37 -6.5104749864430422
42 38 -6.2655800943221518
42 39 -6.0190931159997962
42 40 -5.7711549047782515
42 41 -5.5219639444129829
42 42 -5.2716390183911361
42 43 -5.0203511099764784
42 44 -4.7681980645840882
42 45 -4.5153247113621333
42 46 -4.2618093453768333
42 47 -4.0077723474714775
42 48 -3.7532740610935451
42 49 -3.4984124318335272
42 50 -3.2432316212202621
42 51 -2.9878094105252435
42 52 -2.7321756891027578
42 53 -2.47639059942159
42 54 -2.2204718359348465
42 55 -1.9644639936620596
42 56 -1.7083721948800481
42 57 -1.4522344696905933
42 58 -1.19610504105307
42 59 -0.94001205618907602
42 60 -0.68293837929136003
42 61 -0.42297674808045704
42 62 -0.17488128745789097
42 63 0
43 0 0
43 1 -12.876825637654846
43 2 -12.884398117757529
43 3 -12.879714615949467
43 4 -12.861144737674069
43 5 -12.830246313502437
43 6 -12.786818253801009
43 7 -12.730975340859642
43 8 -12.663013164013922
43 9 -12.583264528782436
43 10 -12.492007613583873
43 11 -12.389585746281471
43 12 -12.276329831669099
43 13 -12.152611051179086
43 14 -12.018795281529467
43 15 -11.875268574960597
43 16 -11.722422007175116
43 17 -11.560647762663097
43 18 -11.390352875756101
43 19 -11.211927677230559
43 20 -11.025786931277546
43 21 -10.832312191971184
43 22 -10.631918730401962
43 23 -10.424973435757741
43 24 -10.211885865051958
43 25 -9.9930033627540009
43 26 -9.7687245265201366
43 27 -9.5393732389033783
43 28 -9.3053328269320179
43 29 -9.0669006985545639
43 30 -8.8244414797803206
43 31 -8.5782239289361772
43 32 -8.3285913604699218
43 33 -8.0757824735889816
43 34 -7.8201174145792374
43 35 -7.561804104929263
43 36 -7.3011383518380093
43 37 -7.0382971966279833
43 38 -6.7735515535902655
43 39 -6.5070480245946429
43 40 -6.2390326270622456
43 41 -5.9696224375095222
43 42 -5.6990390577164316
43 43 -5.4273713608587579
43 44 -5.1548174383166661
43 45 -4.8814396294268008
43 46 -4.6074137873503478
43 47 -4.3327776796693431
43 48 -4.0576865078980662
43 49 -3.7821556733234307
43 50 -3.5063215782032628
43 51 -3.2301796609722273
43 52 -2.9538496025376886
43 53 -2.677309485902192
43 54 -2.4006645991967717
43 55 -2.1238777372985549
43 56 -1.8470394976997881
43 57 -1.5701069546526518
43 58 -1.2932232872473048
43 59 -1.0163352230816218
43 60 -0.73842311502532165
43 61 -0.45734647439971804
43 62 -0.18915542604599711
43 63 0
44 0 0
44 1 -13.780153008107746
44 2 -13.785641936194013
44 3 -13.77806440979451
44 4 -13.755870915536311
44 5 -13.720596517487719
44 6 -13.672081466252822
44 7 -13.610446977019137
44 8 -13.536006896959265
44 9 -13.449115000030599
44 10 -13.350056911501209
44 11 -13.239212322192898
44 12 -13.116908295868777
44 13 -12.983565680625967
44 14 -12.839535995847472
44 15 -12.685266787546928
44 16 -12.52112503504789
44 17 -12.347574680366479
44 18 -12.164989732732685
44 19 -11.973841021076918
44 20 -11.774502194747528
44 21 -11.56744257302349
44 22 -11.353029074660951
44 23 -11.131722215347269
44 24 -10.903876814249724
44 25 -10.669938380214459
44 26 -10.430245226032351
44 27 -10.18522270765863
44 28 -9.9351891329663626
44 29 -9.6805455679540184
44 30 -9.4215876610575151
44 31 -9.1586890010899378
44 32 -8.8921206958050032
44 33 -8.6222265528465698
44 34 -8.3492519572029131
44 35 -8.0735094435077492
44 36 -7.7952181161845209
44 37 -7.5146584839918349
44 38 -7.2320233637217965
44 39 -6.9475611511290767
44 40 -6.6614388484466973
44 41 -6.3738732453057061
44 42 -6.0850064161698789
44 43 -5.7950245764302659
44 44 -5.5040461118952448
44 45 -5.2122281552034764
44 46 -4.9196669391036192
44 47 -4.6264924033825805
44 48 -4.3327804098363618
44 49 -4.0386359370592357
44 50 -3.74411645972762
44 51 -3.4493045145591195
44 52 -3.154241339169026
44 53 -2.858989835560906
44 54 -2.563577358368518
44 55 -2.268049458674533
44 56 -1.9724190725264596
44 57 -1.6767248359459412
44 58 -1.3810372102914266
44 59 -1.0853824441206117
44 60 -0.78858661865694779
44 61 -0.48845018022176112
44 62 -0.20204147803198261
44 63 0
45 0 0
45 1 -14.574187368547324
45 2 -14.577659639351022
45 3 -14.56741474494479
45 4 -14.541912697118075
45 5 -14.50271377614499
45 6 -14.449651587010647
45 7 -14.382881611760055
45 8 -14.302716784033308
45 9 -14.209530247777765
45 10 -14.103623533212161
45 11 -13.985384395936453
45 12 -13.85516977306351
45 13 -13.713397219281013
45 14 -13.560460836950528
45 15 -13.396794306252701
45 16 -13.222818549550549
45 17 -13.038973810040728
45 18 -12.845698050177141
45 19 -12.643429355807799
45 20 -12.432614011021276
45 21 -12.213680359837912
45 22 -11.987075344773919
45 23 -11.75321109698535
45 24 -11.512528607171367
45 25 -11.265418411049968
45 26 -11.0123099639336
45 27 -10.753567866380259
45 28 -10.489605438921327
45 29 -10.220757990723675
45 30 -9.9474190377327485
45 31 -9.6698921558485971
45 32 -9.3885482532686453
45 33 -9.103657569819962
45 34 -8.8155664012868797
45 35 -8.5245108092862143
45 36 -8.2308112002989411
45 37 -7.934669297262138
45 38 -7.6363789970720939
45 39 -7.3361081276054012
45 40 -7.0341240425798732
45 41 -6.7305616479524648
45 42 -6.4256622399672869
45 43 -6.1195292349533652
45 44 -5.8123788127701719
45 45 -5.50428472622127
45 46 -5.1954393754430042
45 47 -4.8858890098499028
45 48 -4.5758039268101749
45 49 -4.2652053125644418
45 50 -3.9542433276476805
45 51 -3.642916765009383
45 52 -3.3313578601105966
45 53 -3.0195459206583362
45 54 -2.7075977502058199
45 55 -2.3954754614293052
45 56 -2.0832798998269357
45 57 -1.7709669200562641
45 58 -1.4586978107849962
45 59 -1.1464155603446911
45 60 -0.83296394660782447
45 61 -0.51593953214280319
45 62 -0.21346552501988944
45 63 0
46 0 0
46 1 -15.249675977488407
46 2 -15.251309997377033
46 3 -15.23863351582791
46 4 -15.210215108962096
46 5 -15.167565449547732
46 6 -15.110564950080803
46 7 -15.039362602172778
46 8 -14.954292442422897
46 9 -14.855732502111502
46 10 -14.743994942069367
46 11 -14.619486898495049
46 12 -14.482564323995959
46 13 -14.333676745505134
46 14 -14.173206533324224
46 15 -14.001630844452833
46 16 -13.819348909836375
46 17 -13.626854728611743
46 18 -13.424555432233612
46 19 -13.212951921608331
46 20 -12.99245135161927
46 21 -12.763552732263401
46 22 -12.526656428422092
46 23 -12.282251909174851
46 24 -12.030726985249999
46 25 -11.772555067054657
46 26 -11.5081066582581
46 27 -11.237833692554174
46 28 -10.96208557144943
46 29 -10.68128838566343
46 30 -10.395767532718557
46 31 -10.105919886494396
46 32 -9.8120447602809495
46 33 -9.5145073623893524
46 34 -9.2135795875890096
46 35 -8.909593382906035
46 36 -8.602792559448412
46 37 -8.2934749857598291
46 38 -7.9818563174667592
46 39 -7.6682002311259048
46 40 -7.3526946752490625
46 41 -7.0355696510519881
46 42 -6.7169862993295579
46 43 -6.3971420217310193
46 44 -6.0761724374923372
46 45 -5.7542439160008358
46 46 -5.4314681690415298
46 47 -5.1079825290192762
46 48 -4.7838766893297082
46 49 -4.4592613095025024
46 50 -4.1342061807088006
46 51 -3.8087979654375417
46 52 -3.4830888571988541
46 53 -3.1571445126626747
46 54 -2.8310020670659664
46 55 -2.5047085681395851
46 56 -2.1782854005756165
46 57 -1.8517725684216706
46 58 -1.5252556829138006
46 59 -1.19876029369933
46 60 -0.87099256302706307
46 61 -0.53952734477996445
46 62 -0.22323722533910359
46 63 0
47 0 0
47 1 -15.797737428543423
47 2 -15.797622724914312
47 3 -15.782787878193195
47 4 -15.751821414389488
47 5 -15.706248901184482
47 6 -15.645931719957057
47 7 -15.571058390729457
47 8 -15.481945538786627
47 9 -15.378993871350188
47 10 -15.262514208880535
47 11 -15.13292497503603
47 12 -14.990593725802711
47 13 -14.835969650476784
47 14 -14.669458880662201
47 15 -14.491527431618739
47 16 -14.30260946978505
47 17 -14.103177796598041
47 18 -13.893684640841139
47 19 -13.674600441253331
47 20 -13.446386582536917
47 21 -13.209503157441251
47 22 -12.964412860866316
47 23 -12.711558605862711
47 24 -12.451397612552643
47 25 -12.184349908220135
47 26 -11.910861489477469
47 27 -11.631324876182239
47 28 -11.34617008804803
47 29 -11.055758542446082
47 30 -10.760500470980272
47 31 -10.46072355177799
47 32 -10.156815297612697
47 33 -9.8490678938152083
47 34 -9.5378440170467513
47 35 -9.2233994107004982
47 36 -8.9060705416749926
47 37 -8.5860764867793122
47 38 -8.2637268026818322
47 39 -7.9392043205038121
47 40 -7.6127915899749246
47 41 -7.2846361866230787
47 42 -6.9549940931613277
47 43 -6.6239791163258115
47 44 -6.2918215844549579
47 45 -5.9586034512477246
47 46 -5.6245307159537701
47 47 -5.2896557615086879
47 48 -4.9541619401830186
47 49 -4.6180746561492789
47 50 -4.2815566014921105
47 51 -3.9446090496086041
47 52 -3.6073762794694044
47 53 -3.2698385484523431
47 54 -2.9321242740856199
47 55 -2.5941951375040593
47 56 -2.2561629345624863
47 57 -1.9179827353176886
47 58 -1.5798327998162123
47 59 -1.2416532594024789
47 60 -0.90219148374532843
47 61 -0.55885317195087925
47 62 -0.23127994756694117
47 63 0
48 0 0
48 1 -16.209141816601107
48 2 -16.207487815175369
48 3 -16.190768004195043
48 4 -16.157705627197039
48 5 -16.109748872027268
48 6 -16.046811818768045
48 7 -15.969062346964716
48 8 -15.876841464615552
48 9 -15.77053727157115
48 10 -15.650474842166629
48 11 -15.517073427173662
48 12 -15.370702894228641
48 13 -15.211825016804955
48 14 -15.040837253239998
48 15 -14.858229292470705
48 16 -14.664416435290258
48 17 -14.459905389095127
48 18 -14.245120147797968
48 19 -14.020574400803341
48 20 -13.78669276686327
48 21 -13.54398701928821
48 22 -13.292875398172288
48 23 -13.033860001153917
48 24 -12.767346740411927
48 25 -12.493821409179324
48 26 -12.213672661962118
48 27 -11.927364460090812
48 28 -11.635264239670988
48 29 -11.337809658768569
48 30 -11.035343881479768
48 31 -10.728274790705914
48 32 -10.4169190625665
48 33 -10.101652267627763
48 34 -9.782763141928335
48 35 -9.460593271415517
48 36 -9.1354026884195356
48 37 -8.8074981143617652
48 38 -8.4771107278984079
48 39 -8.1445122252107414
48 40 -7.8099053224442789
48 41 -7.4735271767380693
48 42 -7.1355529050633679
48 43 -6.7961861884645414
48 44 -6.4555758157912839
48 45 -6.1138935645333525
48 46 -5.771263514826483
48 47 -5.4278275591984668
48 48 -5.0836869829451699
48 49 -4.7389561987432476
48 50 -4.3937158563291492
48 51 -4.0480556219728747
48 52 -3.7020378741716411
48 53 -3.3557306015503228
48 54 -3.0091805337786459
48 55 -2.6624364064217541
48 56 -2.3155284581707702
48 57 -1.9684984871106688
48 58 -1.6214456192628683
48 59 -1.2743956574738911
48 60 -0.92597784927441695
48 61 -0.57361944418543598
48 62 -0.23739675012081685
48 63 0
49 0 0
49 1 -16.475048991919078
49 2 -16.471965224654237
49 3 -16.45367734696039
49 4 -16.418935520470736
49 5 -16.369193214431121
49 6 -16.304332177375329
49 7 -16.224565465712345
49 8 -16.13019906520729
49 9 -16.021647486883715
49 10 -15.899215932317501
49 11 -15.763338598585175
49 12 -15.614377261188684
49 13 -15.452796752535583
49 14 -15.278997931483193
49 15 -15.093462505488517
49 16 -14.89662007655977
49 17 -14.688959079379011
49 18 -14.470928061016773
49 19 -14.243012934115866
49 20 -14.005672418293418
49 21 -13.759381806422734
49 22 -13.504602240150813
49 23 -13.24179143713758
49 24 -12.971406235318785
49 25 -12.693880946313294
49 26 -12.409662382107186
49 27 -12.119156703205164
49 28 -11.822795939724633
49 29 -11.520954388046727
49 30 -11.21404545769208
49 31 -10.902408835466018
49 32 -10.586436331278795
49 33 -10.266431172742806
49 34 -9.9427613880456462
49 35 -9.6156927159256576
49 36 -9.2855679519647758
49 37 -8.9526150587323841
49 38 -8.6171508130192684
49 39 -8.2793657791808091
49 40 -7.9395505279064524
49 41 -7.5978591934532691
49 42 -7.2545564880544742
49 43 -6.9097616023563955
49 44 -6.5637142115806588
49 45 -6.2165005000382276
49 46 -5.8683363433665638
49 47 -5.5192772448335141
49 48 -5.1695168798201232
49 49 -4.8190827262766085
49 50 -4.4681481696254197
49 51 -4.1167155934555932
49 52 -3.7649402705954267
49 53 -3.4128027091539646
49 54 -3.0604425648271913
49 55 -2.7078209806600033
49 56 -2.3550610022805709
49 57 -2.0021170035344089
49 58 -1.6491823486373527
49 59 -1.2961949387462648
49 60 -0.94185194147728979
49 61 -0.58345173267029671
49 62 -0.24150767681936239
49 63 0
50 0 0
50 1 -16.586253352658296
50 2 -16.581978058170357
50 3 -16.562429530068901
50 4 -16.526515638302968
50 5 -16.475584642882087
50 6 -16.409577271540616
50 7 -16.32867092850482
50 8 -16.233199674268111
50 9 -16.123546933855557
50 10 -16.000036207774006
50 11 -15.863082826328219
50 12 -15.713054612553034
50 13 -15.55040832632996
50 14 -15.375539657480751
50 15 -15.188932806661674
50 16 -14.991001777467032
50 17 -14.782247596334235
50 18 -14.563093600269935
50 19 -14.33404785956421
50 20 -14.095535099232407
50 21 -13.84806173706632
50 22 -13.592046963398071
50 23 -13.327987937925712
50 24 -13.056292409978621
50 25 -12.777441762157162
50 26 -12.491827382830888
50 27 -12.199909419988245
50 28 -11.902058922057217
50 29 -11.598710366304173
50 30 -11.290211366515305
50 31 -10.976967263177226
50 32 -10.659299960705265
50 33 -10.337583107481795
50 34 -10.012111374969304
50 35 -9.6832250103300623
50 36 -9.3511906088646111
50 37 -9.0163140861675313
50 38 -8.6788337278960519
50 39 -8.3390208980026568
50 40 -7.9970858798709354
50 41 -7.6532659079408525
50 42 -7.3077440456803151
50 43 -6.9607243958435836
50 44 -6.612363997379112
50 45 -6.2628353307751095
50 46 -5.912270961446235
50 47 -5.5608137075059556
50 48 -5.208573514846659
50 49 -4.855665891825943
50 50 -4.5021802735607324
50 51 -4.1482075467819266
50 52 -3.7938189589739104
50 53 -3.4390838088609517
50 54 -3.0840577511653171
50 55 -2.7287908602973783
50 56 -2.3733222207473723
50 57 -2.0176953138936278
50 58 -1.6620203989181395
50 59 -1.3063240383849739
50 60 -0.9492076833631089
50 61 -0.58804041582294686
50 62 -0.24340832542761506
50 63 0
51 0 0
51 1 -16.533957397292031
51 2 -16.528617406898675
51 3 -16.508165473137367
51 4 -16.471538737369329
51 5 -16.420082255572783
51 6 -16.353690640695902
51 7 -16.272592415773708
51 8 -16.177068339978891
51 9 -16.067532389790578
51 10 -15.944268816552661
51 11 -15.80771198215708
51 12 -15.658200942411773
51 13 -15.496199358798812
51 14 -15.322084857111056
51 15 -15.136337269200686
51 16 -14.939363054035097
51 17 -14.731648338304172
51 18 -14.513619166717094
51 19 -14.285758952206372
51 20 -14.048505020169907
51 21 -13.802330156444331
51 22 -13.5476756029766
51 23 -13.284996697642409
51 24 -13.014732181084041
51 25 -12.73731420216242
51 26 -12.453173511555114
51 27 -12.162714374926844
51 28 -11.86635496170913
51 29 -11.564467959647548
51 30 -11.257455220108968
51 31 -10.94565509952232
51 32 -10.629450198103232
51 33 -10.309142663398369
51 34 -9.9850936593049475
51 35 -9.6575680527439882
51 36 -9.3269040753894608
51 37 -8.9933289754719201
51 38 -8.6571571860928636
51 39 -8.3185786600803002
51 40 -7.9778837358167198
51 41 -7.6352259844258565
51 42 -7.2908718656854479
51 43 -6.9449400047738399
51 44 -6.5976736554716293
51 45 -6.2491583899651593
51 46 -5.8996153320493772
51 47 -5.549099290299659
51 48 -5.1978106878805326
51 49 -4.8457761993062878
51 50 -4.4931772821983076
51 51 -4.1400153920672036
51 52 -3.786455020277355
51 53 -3.4324756179520204
51 54 -3.07822702904696
51 55 -2.7236691997951712
51 56 -2.3689361128217499
51 57 -2.0139809819679537
51 58 -1.659009451380667
51 59 -1.3039573608631829
51 60 -0.94752388413500199
51 61 -0.58699524685070426
51 62 -0.2430147267278277
51 63 0
52 0 0
52 1 -16.308980256362943
52 2 -16.302840064887917
52 3 -16.281822345234328
52 4 -16.245040155171317
52 5 -16.193706337841274
52 6 -16.127781111550412
52 7 -16.047441860935979
52 8 -15.953001493522553
52 9 -15.844823892288566
52 10 -15.723216051425156
52 11 -15.588573091635674
52 12 -15.441244288878295
52 13 -15.281663763338949
52 14 -15.11020793177051
52 15 -14.92733700328229
52 16 -14.733445567412851
52 17 -14.529009982210058
52 18 -14.314434563274725
52 19 -14.090202646346006
52 20 -13.8567207740402
52 21 -13.614471080992091
52 22 -13.363855777349499
52 23 -13.105348619605387
52 24 -12.839341863163172
52 25 -12.566294710655793
52 26 -12.286584753303343
52 27 -12.000651445920949
52 28 -11.708853880256738
52 29 -11.411607517694508
52 30 -11.109249940032626
52 31 -10.80216927401948
52 32 -10.490679349184964
52 33 -10.175138469336808
52 34 -9.8558351764205927
52 35 -9.5330962592753981
52 36 -9.2071840806138479
52 37 -8.8783929588634862
52 38 -8.5469587658994808
52 39 -8.2131430697755636
52 40 -7.8771554575549674
52 41 -7.5392250812394366
52 42 -7.1995359066747922
52 43 -6.8582855581475011
52 44 -6.5156334445743909
52 45 -6.1717470462911113
52 46 -5.8267626271330712
52 47 -5.4808193463042043
52 48 -5.1340320329478555
52 49 -4.7865137332335976
52 50 -4.4383598050723512
52 51 -4.0896597208738878
52 52 -3.7404915453508436
52 53 -3.39092406005238
52 54 -3.0410204880364438
52 55 -2.6908311344506388
52 56 -2.3404032936327583
52 57 -1.9897812509074253
52 58 -1.6390830357935942
52 59 -1.288335802003457
52 60 -0.93616841132620943
52 61 -0.57999283593952689
52 62 -0.24011420429209249
52 63 0
53 0 0
53 1 -15.902566808847336
53 2 -15.895767843846855
53 3 -15.874578234961051
53 4 -15.838136958406665
53 5 -15.787646686072343
53 6 -15.723007701467898
53 7 -15.64445464151987
53 8 -15.552228627678732
53 9 -15.446728608403026
53 10 -15.328202574513048
53 11 -15.197069176205426
53 12 -15.053627740024623
53 13 -14.898323579207187
53 14 -14.731492942150258
53 15 -14.553595748975958
53 16 -14.364996432603725
53 17 -14.166160296036555
53 18 -13.957471634286097
53 19 -13.739392709488522
53 20 -13.512320177279941
53 21 -13.276705835321108
53 22 -13.0329520194119
53 23 -12.781493641934661
53 24 -12.522732866605711
53 25 -12.257082295033783
53 26 -11.984938882275703
53 27 -11.706688462959365
53 28 -11.422718537193409
53 29 -11.133384646177717
53 30 -10.839061343949108
53 31 -10.540071231875745
53 32 -10.236773139928932
53 33 -9.9294549063599042
53 34 -9.618457525602734
53 35 -9.3040330110305494
53 36 -8.986503027312315
53 37 -8.6660833985849877
53 38 -8.3430755323355967
53 39 -8.0176593316344338
53 40 -7.6901155357687436
53 41 -7.3605889632398336
53 42 -7.0293397410014542
53 43 -6.6964789454165512
53 44 -6.3622465658635461
53 45 -6.0267217251801632
53 46 -5.6901251227603407
53 47 -5.3525061062090149
53 48 -5.0140672615224355
53 49 -4.6748306762229959
53 50 -4.3349822863146601
53 51 -3.994519719228137
53 52 -3.6536139740043079
53 53 -3.3122413174759098
53 54 -2.9705598313924528
53 55 -2.6285268300690445
53 56 -2.2862860691879336
53 57 -1.9437883487713308
53 58 -1.6012475489353237
53 59 -1.2585969240147221
53 60 -0.91459583002610834
53 61 -0.56662533620751609
53 62 -0.23461801055748541
53 63 0
54 0 0
54 1 -15.305561687606225
54 2 -15.298391858161128
54 3 -15.277394247089205
54 4 -15.241895626690365
54 5 -15.192941138086775
54 6 -15.130503584893795
54 7 -15.054750903631852
54 8 -14.965960778734116
54 9 -14.864462999840324
54 10 -14.750533115781408
54 11 -14.624529961647765
54 12 -14.486767687355371
54 13 -14.337640264175217
54 14 -14.177487155095882
54 15 -14.006726073576626
54 16 -13.825713792689964
54 17 -13.634882885841352
54 18 -13.434599883348611
54 19 -13.225304009564249
54 20 -13.007364823153647
54 21 -12.781220854090355
54 22 -12.547238779577409
54 23 -12.305849965434291
54 24 -12.057413117503298
54 25 -11.802346846140509
54 26 -11.540997597443107
54 27 -11.27376649986908
54 28 -11.000984221929533
54 29 -10.723030522885018
54 30 -10.440217505902586
54 31 -10.152900477796869
54 32 -9.8613708716107258
54 33 -9.5659572205603478
54 34 -9.2669288144124025
54 35 -8.9645858069767694
54 36 -8.659174449622661
54 37 -8.3509655764570159
54 38 -8.0401820291428052
54 39 -7.7270649957817605
54 40 -7.4118140072887986
54 41 -7.0946408413617554
54 42 -6.7757222355142535
54 43 -6.455241302743608
54 44 -6.1333528734161931
54 45 -5.8102126007656407
54 46 -5.4859546165855884
54 47 -5.1607087290425984
54 48 -4.8345898589094825
54 49 -4.5077039460252664
54 50 -4.1801484260687607
54 51 -3.8520076605403504
54 52 -3.5233635295911951
54 53 -3.1942814337941727
54 54 -2.8648298886184516
54 55 -2.5350573151454632
54 56 -2.2050177088881258
54 57 -1.8747542475156627
54 58 -1.5443881165086919
54 59 -1.2139459555293142
54 60 -0.88214531291820197
54 61 -0.5465539104406717
54 62 -0.22630447984731764
54 63 0
55 0 0
55 1 -14.509249472399517
55 2 -14.501862184066258
55 3 -14.481483145510159
55 4 -14.447455012889218
55 5 -14.400807643123866
55 6 -14.341440491099828
55 7 -14.269584958166904
55 8 -14.185428721845481
55 9 -14.089341488062116
55 10 -13.981520152730969
55 11 -13.862351974128044
55 12 -13.732079954505357
55 13 -13.591113997639663
55 14 -13.439731138453018
55 15 -13.278353360069472
55 16 -13.107284369167937
55 17 -12.926950022501224
55 18 -12.7376736626733
55 19 -12.539877518518292
55 20 -12.333898199834159
55 21 -12.12014767690069
55 22 -11.898970125230353
55 23 -11.670761503378474
55 24 -11.435868526132083
55 25 -11.194666261909731
55 26 -10.947499605169151
55 27 -10.69471871182585
55 28 -10.436662944688186
55 29 -10.173654350156317
55 30 -9.9060236698952977
55 31 -9.6340624292007213
55 32 -9.3580902488168025
55 33 -9.0783664600885796
55 34 -8.7951976168744412
55 35 -8.5088098711846225
55 36 -8.2194952796393856
55 37 -7.9274464629378354
55 38 -7.6329400264044889
55 39 -7.3361352855613458
55 40 -7.03729287713898
55 41 -6.7365395604378415
55 42 -6.4341198839606619
55 43 -6.1301292682835928
55 44 -5.8247964135161334
55 45 -5.5181870350458109
55 46 -5.2105145468901028
55 47 -4.9018169586619411
55 48 -4.5922932474591116
55 49 -4.2819560350405661
55 50 -3.9709909629208249
55 51 -3.6593878541891454
55 52 -3.3473203374234246
55 53 -3.0347583117941559
55 54 -2.7218649927238432
55 55 -2.4085925971477251
55 56 -2.0950923696210761
55 57 -1.7813103819564091
55 58 -1.467463189156399
55 59 -1.1534799759276513
55 60 -0.83824439745399204
55 61 -0.51935137317248459
55 62 -0.21507919550933263
55 63 0
56 0 0
56 1 -13.504480857963069
56 2 -13.497184405197093
56 3 -13.47781017242043
56 4 -13.445892744928852
56 5 -13.402281611192937
56 6 -13.346955868247077
56 7 -13.280064976137027
56 8 -13.201837884370393
56 9 -13.112556498389084
56 10 -13.012450431608048
56 11 -12.901826847492208
56 12 -12.780948597013902
56 13 -12.6501526025224
56 14 -12.509724005441136
56 15 -12.36002001340022
56 16 -12.201341380035558
56 17 -12.034058135639494
56 18 -11.858480332591421
56 19 -11.674983913889527
56 20 -11.483882586427148
56 21 -11.285552000887522
56 22 -11.080304540756416
56 23 -10.868510076921989
56 24 -10.650475360685027
56 25 -10.426559718627651
56 26 -10.197060617588498
56 27 -9.962322790472621
56 28 -9.7226314009783401
56 29 -9.478313236320119
56 30 -9.2296387412003575
56 31 -8.9769140769195293
56 32 -8.7203931197504652
56 33 -8.4603593652198406
56 34 -8.1970487980455555
56 35 -7.9307208128201552
56 36 -7.6615926636594462
56 37 -7.3898987751986978
56 38 -7.1158372729434332
56 39 -6.8396172683143437
56 40 -6.5614177584310784
56 41 -6.2814226826986026
56 42 -5.9997922665384156
56 43 -5.7166858614213867
56 44 -5.4322455940884309
56 45 -5.1466072137153498
56 46 -4.8598956996256577
56 47 -4.5722245451949437
56 48 -4.2837027761087771
56 49 -3.9944232975402421
56 50 -3.7044805840486972
56 51 -3.4139488999457805
56 52 -3.1229097508372288
56 53 -2.8314210020837129
56 54 -2.5395530054382101
56 55 -2.247348901263106
56 56 -1.9548667266886388
56 57 -1.6621453132980728
56 58 -1.3693028292586342
56 59 -1.076363069852422
56 60 -0.78219960114289611
56 61 -0.48466073115715619
56 62 -0.20071030020513519
56 63 0
57 0 0
57 1 -12.282568365630691
57 2 -12.275525700122335
57 3 -12.257611411864691
57 4 -12.228358425321385
57 5 -12.188597914106506
57 6 -12.138223033827224
57 7 -12.077452877941719
57 8 -12.006408916916639
57 9 -11.925418124953612
57 10 -11.834612418256199
57 11 -11.734332649942026
57 12 -11.624749813381898
57 13 -11.506221940189118
57 14 -11.378949828202874
57 15 -11.243299994954654
57 16 -11.09949740768889
57 17 -10.947910227170079
57 18 -10.788782179222537
57 19 -10.622476808851831
57 20 -10.44925167644368
57 21 -10.269460165382831
57 22 -10.083369232336912
57 23 -9.8913172751970979
57 24 -9.693576701289194
57 25 -9.4904668224243629
57 26 -9.2822620390048556
57 27 -9.0692591878224746
57 28 -8.8517316807985047
57 29 -8.6299511807759561
57 30 -8.4041875879571588
57 31 -8.1746853527645271
57 32 -7.9417087769933836
57 33 -7.7054736850973971
57 34 -7.4662371058163384
57 35 -7.2241854091905155
57 36 -6.9795670620944259
57 37 -6.7325386941702901
57 38 -6.4833392803728405
57 39 -6.2320959221976446
57 40 -5.9790375040047703
57 41 -5.724262264863901
57 42 -5.4679887039955339
57 43 -5.210287272765969
57 44 -4.9513660679891416
57 45 -4.6912691935526327
57 46 -4.430194577578888
57 47 -4.1681617401834243
57 48 -3.9053588998783089
57 49 -3.6417830400901878
57 50 -3.3776133287737347
57 51 -3.112826502685329
57 52 -2.8475935156010159
57 53 -2.5818734030622501
57 54 -2.3158299697678699
57 55 -2.0494065601915818
57 56 -1.7827581948071691
57 57 -1.5158225418109639
57 58 -1.2488114110950257
57 59 -0.98164718682180119
57 60 -0.71340787245405879
57 61 -0.44203344509766473
57 62 -0.18309670528710295
57 63 0
58 0 0
58 1 -10.834607825985335
58 2 -10.828144313683186
58 3 -10.812094435231343
58 4 -10.786178143215137
58 5 -10.751026529105122
58 6 -10.706619586821661
58 7 -10.653079977203785
58 8 -10.590575416800199
58 9 -10.519327373872004
58 10 -10.439505954783906
58 11 -10.351352439060104
58 12 -10.255063092648786
58 13 -10.150901992990478
58 14 -10.03908339538663
58 15 -9.9198869883757848
58 16 -9.7935399960682528
58 17 -9.6603320065896963
58 18 -9.5204984588948225
58 19 -9.374333540919114
58 20 -9.2220766417110944
58 21 -9.0640217719292551
58 22 -8.9004084933725807
58 23 -8.7315263967523187
58 24 -8.5576119302469316
58 25 -8.3789465631070073
58 26 -8.1957608268536895
58 27 -8.0083249060143569
58 28 -7.8168610805676613
58 29 -7.6216256149934756
58 30 -7.4228306499215106
58 31 -7.2207164061802596
58 32 -7.0154834189686932
58 33 -6.8073542328061771
58 34 -6.5965167048470299
58 35 -6.3831745373944626
58 36 -6.1675022004077489
58 37 -5.9496838281396265
58 38 -5.7298801268655977
58 39 -5.50825534862709
58 40 -5.2849563613461816
58 41 -5.0601276028532745
58 42 -4.833902299574274
58 43 -4.6064054951376701
58 44 -4.3777572135553662
58 45 -4.1480638458429011
58 46 -3.917432866903523
58 47 -3.6859530478778737
58 48 -3.4537201556309185
58 49 -3.2208066351472415
58 50 -2.9872975488637556
58 51 -2.7532505383139383
58 52 -2.5187411059503861
58 53 -2.2838138552723355
58 54 -2.0485360591153654
58 55 -1.8129405882187684
58 56 -1.5770854076987098
58 57 -1.3410001006324492
58 58 -1.1047917476916305
58 59 -0.86847741494626873
58 60 -0.63116009625607117
58 61 -0.39110574485132199
58 62 -0.16200271454076492
58 63 0
59 0 0
59 1 -9.1523942681597745
59 2 -9.1466798859912668
59 3 -9.1329734163623026
59 4 -9.1109670976170563
59 5 -9.0812729483133889
59 6 -9.0437734906359317
59 7 -8.9986672896310846
59 8 -8.9459982204467057
59 9 -8.8860384301321371
59 10 -8.8188422139104379
59 11 -8.7446903092747448
59 12 -8.6636672341742447
59 13 -8.5760639225814792
59 14 -8.4819890579079722
59 15 -8.3817373004007987
59 16 -8.2754379060028302
59 17 -8.163384092586508
59 18 -8.0457222078766897
59 19 -7.9227393017260699
59 20 -7.7945956194190744
59 21 -7.6615678505699778
59 22 -7.5238272275165059
59 23 -7.3816364307270499
59 24 -7.2351750573004541
59 25 -7.0846886771199786
59 26 -6.9303629156500266
59 27 -6.7724236727875651
59 28 -6.6110605453386224
59 29 -6.4464777327331113
59 30 -6.2788670157593591
59 31 -6.108409372429672
59 32 -5.9352972379141384
59 33 -5.7596873330763003
59 34 -5.5817714623027923
59 35 -5.4016815107788698
59 36 -5.2196075972272249
59 37 -5.0356566191720207
59 38 -4.850016170519587
59 39 -4.6627684033393448
59 40 -4.4740977486123423
59 41 -4.2840622160822877
59 42 -4.0928426220922436
59 43 -3.9004737646069025
59 44 -3.7071325654801259
59 45 -3.5128318356645751
59 46 -3.3177444801268994
59 47 -3.1218628093448264
59 48 -2.9253557321857788
59 49 -2.7281967756497467
59 50 -2.5305510019621722
59 51 -2.332375070271306
59 52 -2.1338304614338224
59 53 -1.9348590894719782
59 54 -1.7356192776112562
59 55 -1.5360399228424619
59 56 -1.3362745749011169
59 57 -1.1362469334824867
59 58 -0.93615465350641469
59 59 -0.73590878136704829
59 60 -0.53485777150465097
59 61 -0.33143023621552437
59 62 -0.13733058686913671
59 63 0
60 0 0
60 1 -7.2247223875077076
60 2 -7.2200981409635467
60 3 -7.209157372247704
60 4 -7.191762802020933
60 5 -7.1683109671275149
60 6 -7.138777997286744
60 7 -7.1032535471957345
60 8 -7.0618323796410243
60 9 -7.0146654847088232
60 10 -6.9618504775353047
60 11 -6.9035509130271002
60 12 -6.8398817945918244
60 13 -6.7710208413324393
60 14 -6.6970954547265773
60 15 -6.6182929359036615
60 16 -6.5347500229658015
60 17 -6.4466599206915438
60 18 -6.3541657971393555
60 19 -6.2574633385705178
60 20 -6.1566995267106179
60 21 -6.0520694322991266
60 22 -5.9437215239044532
60 23 -5.83184749441262
60 24 -5.7165952646655223
60 25 -5.5981507285520031
60 26 -5.476659512880131
60 27 -5.3522996331735095
60 28 -5.2252129555634843
60 29 -5.0955678755619518
60 30 -4.963501299429697
60 31 -4.8291705909112617
60 32 -4.6927067497881358
60 33 -4.5542550153432027
60 34 -4.4139397701796454
60 35 -4.2718933423096637
60 36 -4.1282330045834481
60 37 -3.9830776778302628
60 38 -3.8365372323795035
60 39 -3.6887169604935157
60 40 -3.5397192186337549
60 41 -3.3896357062341482
60 42 -3.2385613178675001
60 43 -3.0865744348258279
60 44 -2.9337626875674871
60 45 -2.7801916341419357
60 46 -2.625941967686706
60 47 -2.4710671189877638
60 48 -2.3156412838104554
60 49 -2.1597066433790038
60 50 -2.0033314340301183
60 51 -1.8465476258350386
60 52 -1.689418118754956
60 53 -1.5319658807252623
60 54 -1.3742492155201007
60 55 -1.216282990217274
60 56 -1.058120024846382
60 57 -0.89977285144049735
60 58 -0.74132794961459947
60 59 -0.5827889452394428
60 60 -0.42356868104065115
60 61 -0.26249934114837126
60 62 -0.10877294693956319
60 63 0
61 0 0
61 1 -5.0333154291383302
61 2 -5.0299676536299049
61 3 -5.0223077604251536
61 4 -5.0101351717109264
61 5 -4.9938280577304921
61 6 -4.9732574137087271
61 7 -4.9485938136819039
61 8 -4.9197950064673979
61 9 -4.8870671395378471
61 10 -4.8503768323496255
61 11 -4.8099318468063261
61 12 -4.7657183565414547
61 13 -4.7179458232313509
61 14 -4.6666174843990369
61 15 -4.6119405553039527
61 16 -4.5539340422833972
61 17 -4.4927996863647568
61 18 -4.4285709579579766
61 19 -4.3614411858274131
61 20 -4.2914570734320456
61 21 -4.2188009401018718
61 22 -4.1435315602832921
61 23 -4.0658179970300097
61 24 -3.9857300031803038
61 25 -3.903421494254093
61 26 -3.8189721767614211
61 27 -3.7325192820890529
61 28 -3.6441515111233906
61 29 -3.5539882230579698
61 30 -3.462126216385601
61 31 -3.3686661280680426
61 32 -3.2737120169803715
61 33 -3.1773452717062245
61 34 -3.0796764310085973
61 35 -2.9807674158413136
61 36 -2.8807345185679076
61 37 -2.7796202609762952
61 38 -2.6775460147573464
61 39 -2.5745352379782434
61 40 -2.4707137574946167
61 41 -2.3660865483538425
61 42 -2.2607833168167155
61 43 -2.1547913586448901
61 44 -2.0482437305077608
61 45 -1.9411110533570399
61 46 -1.8335292503234257
61 47 -1.7254534507630916
61 48 -1.6170220034623011
61 49 -1.5081758867450963
61 50 -1.3990554749744593
61 51 -1.2895890717238006
61 52 -1.1799187156557678
61 53 -1.0699616487024093
61 54 -0.95986127972510515
61 55 -0.84952519912423918
61 56 -0.73909674515657109
61 57 -0.62847868331654833
61 58 -0.51784079538234129
61 59 -0.40707718335644949
61 60 -0.29588948281359984
61 61 -0.18335284115505768
61 62 -0.075999917990450541
61 63 0
62 0 0
62 1 -2.5793774556848534
62 2 -2.5776695255972948
62 3 -2.5737176373944237
62 4 -2.567493136017164
62 5 -2.5591223256580315
62 6 -2.5486048007090347
62 7 -2.5359646739776114
62 8 -2.5212417996871075
62 9 -2.5044813669813539
62 10 -2.485724016736119
62 11 -2.465019689788011
62 12 -2.4424146899131132
62 13 -2.4179643150738959
62 14 -2.3917187904389436
62 15 -2.3637372738147109
62 16 -2.334072812228607
62 17 -2.302787220080583
62 18 -2.2699353177747659
62 19 -2.2355804524370249
62 20 -2.1997782688046539
62 21 -2.1625926264108677
62 22 -2.1240791459972099
62 23 -2.0843012863211894
62 24 -2.0433138986640742
62 25 -2.0011792373001276
62 26 -1.9579507411486967
62 27 -1.9136887660249204
62 28 -1.8684447962009949
62 29 -1.8222767034478236
62 30 -1.775233572476788
62 31 -1.7273703112021126
62 32 -1.6787332530127641
62 33 -1.6293739643040701
62 34 -1.5793357636093612
62 35 -1.5286665958959356
62 36 -1.4774065841294226
62 37 -1.4255998647072983
62 38 -1.3732832614256745
62 39 -1.3204970023141833
62 40 -1.267274579634911
62 41 -1.2136522948542043
62 42 -1.1596603416473856
62 43 -1.1053311523597407
62 44 -1.0506917144416708
62 45 -0.99577071808147932
62 46 -0.94059209047096248
62 47 -0.88518096991522988
62 48 -0.82955841724187085
62 49 -0.77374626620578268
62 50 -0.71776294746923697
62 51 -0.66162728780570434
62 52 -0.60535536118367173
62 53 -0.5489633394819432
62 54 -0.49246526150396308
62 55 -0.43587487958938415
62 56 -0.3792039409958734
62 57 -0.32246575284218798
62 58 -0.26568384189203043
62 59 -0.20886859334935939
62 60 -0.1518022282347806
62 61 -0.094075589218018063
62 62 -0.038973138512471209
62 63 0
63 0 0
63 1 0
63 2 0
63 3 0
63 4 0
63 5 0
63 6 0
63 7 0
63 8 0
63 9 0
63 10 0
63 11 0
63 12 0
63 13 0
63 14 0
63 15 0
63 16 0
63 17 0
63 18 0
63 19 0
63 20 0
63 21 0
63 22 0
63 23 0
63 24 0
63 25 0
63 26 0
63 27 0
63 28 0
63 29 0
63 30 0
63 31 0
63 32 0
63 33 0
63 34 0
63 35 0
63 36 0
63 37 0
63 38 0
63 39 0
63 40 0
63 41 0
63 42 0
63 43 0
63 44 0
63 45 0
63 46 0
63 47 0
63 48 0
63 49 0
63 50 0
63 51 0
63 52 0
63 53 0
63 54 0
63 55 0
63 56 0
63 57 0
63 58 0
63 59 0
63 60 0
63 61 0
63 62 0
63 63 0
