0 0 0
0 1 0
0 2 0
0 3 0
0 4 0
0 5 0
0 6 0
0 7 0
0 8 0
0 9 0
0 10 0
0 11 0
0 12 0
0 13 0
0 14 0
0 15 0
0 16 0
0 17 0
0 18 0
0 19 0
0 20 0
0 21 0
0 22 0
0 23 0
0 24 0
0 25 0
0 26 0
0 27 0
0 28 0
0 29 0
0 30 0
0 31 0
0 32 0
0 33 0
0 34 0
0 35 0
0 36 0
0 37 0
0 38 0
0 39 0
0 40 0
0 41 0
0 42 0
0 43 0
0 44 0
0 45 0
0 46 0
0 47 0
0 48 0
0 49 0
0 50 0
0 51 0
0 52 0
0 53 0
0 54 0
0 55 0
0 56 0
0 57 0
0 58 0
0 59 0
0 60 0
0 61 0
0 62 0
0 63 0
1 0 0
1 1 2.9687145105300119
1 2 2.9629088847127072
1 3 2.9544933584335804
1 4 2.9435656007429194
1 5 2.9301727845789447
1 6 2.9143725942621912
1 7 2.8962164729752824
1 8 2.8757540618124477
1 9 2.8530452802991015
1 10 2.8281467968677996
1 11 2.8011252274130038
1 12 2.7720419798482632
1 13 2.7409681878050614
1 14 2.7079685234747641
1 15 2.6731172846571272
1 16 2.6364811587344308
1 17 2.5981362279712683
1 18 2.5581500284820411
1 19 2.5165991880885383
1 20 2.4735510546931949
1 21 2.4290816895437417
1 22 2.3832573401916606
1 23 2.3361525202744189
1 24 2.2878315896795005
1 25 2.2383666642581632
1 26 2.1878195508221565
1 27 2.1362592461844714
1 28 2.0837444561911367
1 29 2.0303404628497388
1 30 1.9761024351542709
1 31 1.9210914654643099
1 32 1.8653588557438421
1 33 1.8089611493892388
1 34 1.7519455500730559
1 35 1.6943638024369234
1 36 1.6362588724531819
1 37 1.5776775593133641
1 38 1.5186585365694307
1 39 1.4592436076516535
1 40 1.3994671765277378
1 41 1.3393660900515116
1 42 1.2789705759911896
1 43 1.2183126463197189
1 44 1.1574185097214658
1 45 1.0963155404707012
1 46 1.0350261424259466
1 47 0.97357331780859091
1 48 0.91197593071922445
1 49 0.85025293847492767
1 50 0.78841997515728235
1 51 0.72649233421052373
1 52 0.66448276827685027
1 53 0.60240334745847757
1 54 0.54026434606030449
1 55 0.47807491120058654
1 56 0.41584256170592293
1 57 0.35357586542623509
1 58 0.29129568716153087
1 59 0.22900628692425984
1 60 0.16645728523876302
1 61 0.1031993742997655
1 62 0.042852599009684626
1 63 0
2 0 0
2 1 5.8035779323537255
2 2 5.7920521520713866
2 3 5.7755012090481124
2 4 5.7539592958680164
2 5 5.7276619222127003
2 6 5.6965804070284918
2 7 5.6609547946040433
2 8 5.6207474606356236
2 9 5.5762079781551739
2 10 5.5273210333247302
2 11 5.4743406252479696
2 12 5.4172702685075249
2 13 5.3563627501765927
2 14 5.2916386006708453
2 15 5.2233456050126419
2 16 5.1515198392975359
2 17 5.0764004024461835
2 18 4.9980374749033771
2 19 4.9166582251958824
2 20 4.8323256041728051
2 21 4.7452520202770474
2 22 4.6555119510763907
2 23 4.5633006402991994
2 24 4.4687029354803425
2 25 4.3718949350580942
2 26 4.2729707810549868
2 27 4.1720858630552362
2 28 4.0693426178587249
2 29 3.9648745670399945
2 30 3.8587915131379327
2 31 3.751204337823268
2 32 3.6422293466464297
2 33 3.5319543759725187
2 34 3.4205014344686071
2 35 3.3079352507639888
2 36 3.1943827969928593
2 37 3.0798859491255284
2 38 2.964575961559945
2 39 2.848472403515065
2 40 2.7317101876989773
2 41 2.6142873860885447
2 42 2.4963420021660725
2 43 2.3778516565729948
2 44 2.2589569317152121
2 45 2.1396162525179347
2 46 2.0199723232475821
2 47 1.8999658126846721
2 48 1.7797411433898167
2 49 1.6592228270810478
2 50 1.5385566525357608
2 51 1.4176527086916366
2 52 1.2966578473600341
2 53 1.1754696074060571
2 54 1.0542356879465204
2 55 0.93284269279431486
2 56 0.81143761029698713
2 57 0.68990173732156757
2 58 0.56841182213922226
2 59 0.4468375879867203
2 60 0.3248285188776629
2 61 0.20136827075162037
2 62 0.083665368405697535
2 63 0
3 0 0
3 1 8.3581868538912882
3 2 8.3413611074309575
3 3 8.31716051159869
3 4 8.2858196040736178
3 5 8.2475009637995491
3 6 8.2023507170550225
3 7 8.1505427521859399
3 8 8.0921972197415482
3 9 8.0275113901655146
3 10 7.9566269795518618
3 11 7.8797593920814473
3 12 7.7970650264096415
3 13 7.7087706689112441
3 14 7.6150432511004134
3 15 7.5161167805612648
3 16 7.4121652560672553
3 17 7.3034256952675163
3 18 7.1900759481924164
3 19 7.0723522742041309
3 20 6.9504335375036259
3 21 6.8245518678296921
3 22 6.694884665865259
3 23 6.5616569688532493
3 24 6.4250425914282481
3 25 6.2852569225558721
3 26 6.1424684110274148
3 27 5.99688064271038
3 28 5.8486552470783808
3 29 5.6979822425560043
3 30 5.5450152926334297
3 31 5.3899294606324917
3 32 5.2328695826842031
3 33 5.0739947397417193
3 34 4.9134403418444155
3 35 4.7513488025736352
3 36 4.5878457467317064
3 37 4.4230565583385131
3 38 4.2570969345040037
3 39 4.0900751699455258
3 40 3.9220970860128688
3 41 3.7532541098553454
3 42 3.5836424119952519
3 43 3.4133370338703877
3 44 3.2424248728601071
3 45 3.0709653051014469
3 46 2.8990364662972974
3 47 2.7266830045842774
3 48 2.5539749216390604
3 49 2.3809432702177942
3 50 2.2076506454253955
3 51 2.0341158091172868
3 52 1.860394762225523
3 53 1.6864954657787896
3 54 1.5124682709306287
3 55 1.3383114520457027
3 56 1.1640687234361327
3 57 0.98973554408772324
3 58 0.81539402903951796
3 59 0.64102657006550134
3 60 0.46595453383927504
3 61 0.28889092510011366
3 62 0.12000451900648122
3 63 0
4 0 0
4 1 10.63074240484443
4 2 10.608849428895502
4 3 10.577593526566675
4 4 10.53714975883962
4 5 10.487827680775887
4 6 10.429726125614669
4 7 10.363163941307215
4 8 10.288209616057646
4 9 10.205204109469117
4 10 10.114251967280971
4 11 10.015709145034156
4 12 9.9097076680959439
4 13 9.7966089108442418
4 14 9.6765675351242049
4 15 9.5499443778547679
4 16 9.4169126796590348
4 17 9.2778268384708209
4 18 9.1328748323255944
4 19 8.9823994324975374
4 20 8.8265998946114017
4 21 8.6658028265806326
4 22 8.5002156562591669
4 23 8.3301449536104091
4 24 8.155803564078667
4 25 7.9774747989164112
4 26 7.7953745054451167
4 27 7.609760152413771
4 28 7.4208484975680129
4 29 7.2288691957161939
4 30 7.0340381310974944
4 31 6.836555754910508
4 32 6.6366355836970046
4 33 6.43444802209864
4 34 6.2302029963984067
4 35 6.0240405303077784
4 36 5.816165990970144
4 37 5.606689155302198
4 38 5.3958100986091626
4 39 5.1836089126915734
4 40 4.9702798675824322
4 41 4.7558743181847509
4 42 4.5405804187619587
4 43 4.3244220817497556
4 44 4.1075812222688475
4 45 3.8900559118501099
4 46 3.6720218747984488
4 47 3.4534532130450493
4 48 3.2345196649494405
4 49 3.0151734686475438
4 50 2.7955787227311815
4 51 2.5756681063832021
4 52 2.3556005508016802
4 53 2.1352916937575941
4 54 1.9148959599495405
4 55 1.6943139663392439
4 56 1.4736938644475914
4 57 1.2529305182000827
4 58 1.0322223722524884
4 59 0.81144622473562489
4 60 0.58983774794592692
4 61 0.36566471387916694
4 62 0.15190760867404188
4 63 0
5 0 0
5 1 12.64036967608396
5 2 12.613825233906049
5 3 12.576017166721925
5 4 12.527281514865461
5 5 12.467856993210454
5 6 12.398006481391331
5 7 12.317988085870324
5 8 12.228012431941531
5 9 12.128373068116199
5 10 12.019313628696368
5 11 11.901156554423615
5 12 11.774166788155371
5 13 11.638684871206864
5 14 11.494990312996396
5 15 11.343435343866684
5 16 11.184308376917155
5 17 11.017966809861845
5 18 10.844702721322536
5 19 10.664872873307722
5 20 10.478768407746141
5 21 10.286740286593057
5 22 10.089074716155755
5 23 9.8861123469453336
5 24 9.678131045633295
5 25 9.4654572857582355
5 26 9.248357763354548
5 27 9.027141540522825
5 28 8.8020618562329123
5 29 8.573407736042725
5 30 8.3414171865437456
5 31 8.1063571542300803
5 32 7.8684491124495661
5 33 7.6279364382589456
5 34 7.3850232069335338
5 35 7.13992825493923
5 36 6.8928377917174606
5 37 6.6439456267240349
5 38 6.3934199942850602
5 39 6.1414296398449162
5 40 5.8881250343269214
5 41 5.6336502359906842
5 42 5.378138449204247
5 43 5.1217098002473529
5 44 4.8644809750489353
5 45 4.6065492664787611
5 46 4.348015809761808
5 47 4.0889564719163429
5 48 3.8294579955238675
5 49 3.5695765048454988
5 50 3.3093856710485325
5 51 3.0489237987497586
5 52 2.7882529472432451
5 53 2.5273957850212811
5 54 2.2664044270870098
5 55 2.0052875144232476
5 56 1.7440859867064362
5 57 1.4828046309091656
5 58 1.2215410611831066
5 59 0.96028095063713659
5 60 0.69797910426433685
5 61 0.43271670265247203
5 62 0.17972559892158385
5 63 0
6 0 0
6 1 14.39867002489785
6 2 14.367711359924566
6 3 14.323928502543867
6 4 14.267581220727951
6 5 14.199038255522865
6 6 14.118521457038231
6 7 14.026418420993339
6 8 13.922893416356207
6 9 13.808364957645535
6 10 13.683045114697562
6 11 13.547376022625736
6 12 13.401603888818737
6 13 13.246181257622817
6 14 13.081381000579837
6 15 12.907658300289244
6 16 12.725306353759148
6 17 12.534775184165552
6 18 12.336372366157406
6 19 12.130535936412059
6 20 11.917582538701566
6 21 11.697932267075254
6 22 11.471906128325093
6 23 11.23990119890604
6 24 11.002238739074294
6 25 10.759288596411373
6 26 10.51136875199842
6 27 10.258818448371235
6 28 10.001949406320168
6 29 9.7410676839191463
6 30 9.4764762823719195
6 31 9.2084462471077924
6 32 8.9372698900101994
6 33 8.6631821163621012
6 34 8.3864630350484823
6 35 8.1073109306651965
6 36 7.8259926176964676
6 37 7.5426698711652271
6 38 7.2575955086611783
6 39 6.9708954428279206
6 40 6.6828081482671005
6 41 6.3934248037498218
6 42 6.1029695197983198
6 43 5.8115002980305741
6 44 5.5192271586217139
6 45 5.226176860193096
6 46 4.9325458721665427
6 47 4.6383319737788682
6 48 4.3437188613691422
6 49 4.0486778831610009
6 50 3.7533809511802669
6 51 3.457775771049441
6 52 3.1620236441541616
6 53 2.8660516827589206
6 54 2.5700120165074245
6 55 2.2738135289513624
6 56 1.9775973489531617
6 57 1.6812661635922754
6 58 1.3850267410032164
6 59 1.0887588020091616
6 60 0.79137266401521378
6 61 0.4905873117311027
6 62 0.20378607457401493
6 63 0
7 0 0
7 1 15.913968821380529
7 2 15.879014543629232
7 3 15.829762494449314
7 4 15.766604138327446
7 5 15.689838564369449
7 6 15.599835622450934
7 7 15.496928879509809
7 8 15.381405210472638
7 9 15.25364187856507
7 10 15.113968463134357
7 11 14.962799802520982
7 12 14.800491592491513
7 13 14.627481688501621
7 14 14.44414302542623
7 15 14.250928180215617
7 16 14.048219825881381
7 17 13.836476765894945
7 18 13.616084491884649
7 19 13.387500512719201
7 20 13.151107087571232
7 21 12.907353770474371
7 22 12.656614360068255
7 23 12.399324671841168
7 24 12.135845624853687
7 25 11.86659437450397
7 26 11.591915317585178
7 27 11.312202865073649
7 28 11.0277819836181
7 29 10.739021058452924
7 30 10.446223404815559
7 31 10.149728863090868
7 32 9.849817510143529
7 33 9.5467988392614558
7 34 9.2409286819055243
7 35 8.9324850506606204
7 36 8.6216990496912587
7 37 8.3088166961794663
7 38 7.9940443563305559
7 39 7.6775961059382061
7 40 7.3596539817828308
7 41 7.0404006911590873
7 42 6.7199947197199519
7 43 6.3985884491382299
7 44 6.0763179156582492
7 45 5.7533066406859534
7 46 5.4296695932419503
7 47 5.1055032764346047
7 48 4.7809032153060729
7 49 4.4559410693846022
7 50 4.1306947478938358
7 51 3.8052135285884412
7 52 3.4795597048611988
7 53 3.1537629459335426
7 54 2.8278721884512974
7 55 2.5018995380250173
7 56 2.1758791935030342
7 57 1.8498183939452673
7 58 1.5238216677346286
7 59 1.1978724083040486
7 60 0.87064528202229441
7 61 0.53974643768890318
7 62 0.22418960182818334
7 63 0
8 0 0
8 1 17.195354325633144
8 2 17.156655118002696
8 3 17.102505736836939
8 4 17.033217339527937
8 5 16.949197789862641
8 6 16.850781940203682
8 7 16.738414815457393
8 8 16.612342518152623
8 9 16.473046076636987
8 10 16.3208293490136
8 11 16.156203757566153
8 12 15.979512010164013
8 13 15.791279343796173
8 14 15.591877678063881
8 15 15.381836878155635
8 16 15.161549831115019
8 17 14.931541705466964
8 18 14.692218660807962
8 19 14.444093043029547
8 20 14.187577460335534
8 21 13.923164372784711
8 22 13.651266837654601
8 23 13.372351436920924
8 24 13.086826492396558
8 25 12.795127759134301
8 26 12.497654425321539
8 27 12.194807472741104
8 28 11.88697330711693
8 29 11.574515140723753
8 30 11.257803653973895
8 31 10.937162183067063
8 32 10.612943399124083
8 33 10.285429479626723
8 34 9.9549534122710686
8 35 9.6217556883892943
8 36 9.2861484985030867
8 37 8.9483308058464708
8 38 8.6085934015746499
8 39 8.2670944952091503
8 40 7.924103340469931
8 41 7.5797387165888077
8 42 7.23424862035783
8 43 6.8877142087151793
8 44 6.540362877229132
8 45 6.1922403922072728
8 46 5.8435545377982274
8 47 5.4943182881398132
8 48 5.1447211010749987
8 49 4.7947460714879764
8 50 4.4445658744647361
8 51 4.0941369011390805
8 52 3.7436168104494705
8 53 3.3929387535609052
8 54 3.0422474566844824
8 55 2.6914554674479145
8 56 2.3406927703410423
8 57 1.9898653658227634
8 58 1.639179891685892
8 59 1.2885157321250937
8 60 0.93653983778720851
8 61 0.58057380957333693
8 62 0.24118340632966492
8 63 0
9 0 0
9 1 18.251684862750285
9 2 18.20965948686322
9 3 18.151119132425055
9 4 18.076486502394893
9 5 17.986099074775517
9 6 17.880421717083152
9 7 17.759851792781905
9 8 17.624737103742341
9 9 17.47552295738587
9 10 17.312607934328842
9 11 17.136481697548252
9 12 16.947571971036247
9 13 16.746394708880299
9 14 16.533396252450537
9 15 16.309109083008344
9 16 16.073989213723543
9 17 15.828575575978613
9 18 15.573325628240749
9 19 15.308775874918521
9 20 15.03537806086155
9 21 14.753658439384884
9 22 14.464056892275789
9 23 14.167082666231057
9 24 13.863158619535563
9 25 13.552771282864637
9 26 13.236322275809766
9 27 12.914270714104541
9 28 12.586993654117803
9 29 12.254919061300477
9 30 11.918396932412294
9 31 11.577821256139012
9 32 11.233513234174803
9 33 10.885830900923647
9 34 10.535065619145945
9 35 10.181538277529201
9 36 9.8255099782226232
9 37 9.4672639947176673
9 38 9.1070313012402959
9 39 8.7450577445603717
9 40 8.3815447930152818
9 41 8.0167016502578345
9 42 7.6507013287976102
9 43 7.2837177070281447
9 44 6.9158967626965975
9 45 6.5473788426572979
9 46 6.1782846295860621
9 47 5.808723152801452
9 48 5.4387918106537851
9 49 5.0685708968345624
9 50 4.6981367640554188
9 51 4.327543866630899
9 52 3.956849938939722
9 53 3.5860868330803557
9 54 3.2152963817078062
9 55 2.8444902319602132
9 56 2.4736928605990514
9 57 2.1029102101563595
9 58 1.7322466022697238
9 59 1.361680657508501
9 60 0.98968608106863021
9 61 0.61353854388876161
9 62 0.25487179853162267
9 63 0
10 0 0
10 1 19.092334080967863
10 2 19.047242855037052
10 3 18.984871532420314
10 4 18.905568199722882
10 5 18.809754921131702
10 6 18.697866874770746
10 7 18.570393725174341
10 8 18.427647729486065
10 9 18.270155554460182
10 10 18.098295442568688
10 11 17.912629492692862
10 12 17.713577653348597
10 13 17.501717789661807
10 14 17.277500263448765
10 15 17.041508536419464
10 16 16.79421364483678
10 17 16.536194199870032
10 18 16.267932863937506
10 19 15.989994342560951
10 20 15.702864943745096
10 21 15.407087630127315
10 22 15.103145385964416
10 23 14.791552816588602
10 24 14.472783610413572
10 25 14.147318586094803
10 26 13.815617123496171
10 27 13.47812195737964
10 28 13.135274057195987
10 29 12.787474843133566
10 30 12.435143626780734
10 31 12.078638275404893
10 32 11.718353988544058
10 33 11.354603755015932
10 34 10.987756937928019
10 35 10.618081152876476
10 36 10.245918868113842
10 37 9.8714925796586801
10 38 9.4951174056248604
10 39 9.1169716437197295
10 40 8.737343149039468
10 41 8.3563675320547048
10 42 7.974305956421202
10 43 7.5912533724982127
10 44 7.2074452538147442
10 45 6.8229383648574782
10 46 6.4379438688003914
10 47 6.0524832019655204
10 48 5.6667449276363362
10 49 5.2807183372634681
10 50 4.894571390752402
10 51 4.5082646868538552
10 52 4.1219478222788482
10 53 3.7355564532531949
10 54 3.3492244007737511
10 55 2.9628652010151453
10 56 2.5765951699583405
10 57 2.1903211165884122
10 58 1.8042431386307882
10 59 1.4182389567162641
10 60 1.030807934923291
10 61 0.63901258495643665
10 62 0.26549689179081021
10 63 0
11 0 0
11 1 19.726209312700988
11 2 19.678466267188018
11 3 19.612765302369354
11 4 19.529553745465453
11 5 19.429180870953722
11 6 19.312192287478545
11 7 19.179036210843119
11 8 19.030104744388385
11 9 18.865893938439644
11 10 18.68685315176355
11 11 18.493527753411783
11 12 18.286397585108816
11 13 18.066036073186101
11 14 17.832941904418593
11 15 17.587705781807287
11 16 17.330835268559369
11 17 17.062927108422763
11 18 16.78448860695584
11 19 16.496112702358417
11 20 16.198298534187053
11 21 15.891626595450397
11 22 15.576581106208671
11 23 15.253722695466092
11 24 14.92351503768128
11 25 14.586492669118934
11 26 14.243094165641427
11 27 13.893822886232421
11 28 13.539088761750422
11 29 13.17935997484819
11 30 12.815015196253073
11 31 12.44648445133736
11 32 12.074113386572883
11 33 11.698291834291682
11 34 11.319331421347172
11 35 10.937580620641457
11 36 10.553316731028653
11 37 10.16684649232446
11 38 9.7784131745589562
11 39 9.3882821277289246
11 40 8.9966634241295491
11 41 8.6037820104007192
11 42 8.2098160532703623
11 43 7.81495165494725
11 44 7.4193367644865074
11 45 7.0231207039537749
11 46 6.6264232288564902
11 47 6.2293593876639104
11 48 5.8320230492025935
11 49 5.4344978784565843
11 50 5.0368543993135511
11 51 4.6391481078966619
11 52 4.2414289163870214
11 53 3.8437277188908019
11 54 3.4460768512081836
11 55 3.0484852593021952
11 56 2.6509662288912637
11 57 2.2535223947148277
11 58 1.8562526970892064
11 59 1.45913012348289
11 60 1.0605003637953938
11 61 0.65744023026027154
11 62 0.27315602443538334
11 63 0
12 0 0
12 1 20.162699593010419
12 2 20.112570723258823
12 3 20.044082330276336
12 4 19.957620911684405
12 5 19.853593975265628
12 6 19.73252193885417
12 7 19.594925553534111
12 8 19.441166234753659
12 9 19.271798392959404
12 10 19.08725595763983
12 11 18.888132149465111
12 12 18.674903705444557
12 13 18.448180239427892
12 14 18.208468916020003
12 15 17.956385052553255
12 16 17.692455447556735
12 17 17.417289979563833
12 18 17.131425095463936
12 19 16.835455635284994
12 20 16.529918930380919
12 21 16.21538651167268
12 22 15.892388986265654
12 23 15.561467635251232
12 24 15.223139868843242
12 25 14.877911060029387
12 26 14.526280039090796
12 27 14.168711831519325
12 28 13.805682335383745
12 29 13.437612931157762
12 30 13.064953195282703
12 31 12.688078621802372
12 32 12.30740996573323
12 33 11.923275558571795
12 34 11.53606564800112
12 35 11.146060999357763
12 36 10.753620405032976
12 37 10.358977440843596
12 38 9.9624591594682812
12 39 9.5642530143803022
12 40 9.1646546260570609
12 41 8.7638069976996373
12 42 8.3619751491204113
12 43 7.9592598297849824
12 44 7.5558967507615797
12 45 7.1519470543419938
12 46 6.7476188360771658
12 47 6.3429366596680952
12 48 5.9380830452710081
12 49 5.5330493274680457
12 50 5.1279947879291337
12 51 4.7228811433135149
12 52 4.3178470233996951
12 53 3.9128284313510355
12 54 3.5079462915290245
12 55 3.1031138083528425
12 56 2.6984325873693509
12 57 2.2938091323633194
12 58 1.8894324939883369
12 59 1.4851786824293214
12 60 1.0794491793039758
12 61 0.66917281717596688
12 62 0.27807916235749308
12 63 0
13 0 0
13 1 20.41077022540885
13 2 20.358660081389615
13 3 20.287874800441397
13 4 20.198894554517612
13 5 20.092050279466754
13 6 19.9679521906457
13 7 19.827085532023855
13 8 19.669869343039622
13 9 19.496832081232768
13 10 19.308454962066186
13 11 19.105318995345872
13 12 18.887935632722129
13 13 18.656914341574666
13 14 18.412784644063617
13 15 18.156173151258162
13 16 17.887616905952381
13 17 17.607747712041167
13 18 17.317100503501813
13 19 17.016301860527339
13 20 16.705876314520211
13 21 16.386436120131364
13 22 16.058488365281793
13 23 15.722623203769693
13 24 15.379324457651654
13 25 15.029153692679596
13 26 14.672566797798666
13 27 14.310091496890001
13 28 13.942152157279672
13 29 13.569238571949972
13 30 13.191740991268478
13 31 12.810108275327611
13 32 12.424694864845556
13 33 12.035906688693609
13 34 11.644061495758416
13 35 11.249521202965708
13 36 10.852566704612858
13 37 10.453515656197572
13 38 10.052612566148586
13 39 9.650131325470177
13 40 9.2462810736751333
13 41 8.8412930987545693
13 42 8.4353426590520257
13 43 8.0286201876814687
13 44 7.6212689494457795
13 45 7.2134407841628132
13 46 6.8052491866001263
13 47 6.39681011017037
13 48 5.9882097820146045
13 49 5.579531358705184
13 50 5.170836530735035
13 51 4.7621790679817559
13 52 4.3535990385288379
13 53 3.9451245843021376
13 54 3.5367773655235437
13 55 3.1285627035722046
13 56 2.7204823921992189
13 57 2.3125350949054813
13 58 1.9048107624161092
13 59 1.4972771365852349
13 60 1.0882186190897496
13 61 0.67463217723041968
13 62 0.28035775347842901
13 63 0
14 0 0
14 1 20.479847119414291
14 2 20.42602302801809
14 3 20.353459365872968
14 4 20.26259555712587
14 5 20.15379319900028
14 6 20.027640988919476
14 7 19.884676813775535
14 8 19.725293479381232
14 9 19.550054787396185
14 10 19.359430951960533
14 11 19.154026399635157
14 12 18.93435361918965
14 13 18.701032868618551
14 14 18.45460605284384
14 15 18.19569853533589
14 16 17.924870247207245
14 17 17.642740258148894
14 18 17.349876029210801
14 19 17.046880579806011
14 20 16.734319730026638
14 21 16.412772083047145
14 22 16.082793897162624
14 23 15.744932380351283
14 24 15.399727534332621
14 25 15.047689524223573
14 26 14.68933657285447
14 27 14.325137414057751
14 28 13.955584074929909
14 29 13.581100643187757
14 30 13.202149562056624
14 31 12.819108137707213
14 32 12.432406787625784
14 33 12.042374881624365
14 34 11.649409230925214
14 35 11.253790994698527
14 36 10.855882573848449
14 37 10.455917424411592
14 38 10.054223426534536
14 39 9.650987527124304
14 40 9.2465035893621845
14 41 8.8409138412649728
14 42 8.4344791721912991
14 43 8.0272993936690451
14 44 7.6196039340104189
14 45 7.2114529256932531
14 46 6.8030462541972616
14 47 6.3944074756604552
14 48 5.9857091978355985
14 49 5.576941806488418
14 50 5.1682531904221101
14 51 4.7596042149390891
14 52 4.351120852711083
14 53 3.9427383754108467
14 54 3.5345639999145511
14 55 3.1265103141696238
14 56 2.7186643007587641
14 57 2.3109320945373386
14 58 1.9034887077811016
14 59 1.4962093437233703
14 60 1.0874612053589563
14 61 0.6741522458614615
14 62 0.28021108429950442
14 63 0
15 0 0
15 1 20.378956495122544
15 2 20.323808830626628
15 3 20.249940629407625
15 4 20.15788486880945
15 5 20.047921826241723
15 6 19.920708909646319
15 7 19.776754064750325
15 8 19.616485692580682
15 9 19.440445846633747
15 10 19.249128548807359
15 11 19.043130026716252
15 12 18.822972829677362
15 13 18.589280829645336
15 14 18.342593017515753
15 15 18.083549562217517
15 16 17.812695214827055
15 17 17.530674227863631
15 18 17.238027401017455
15 19 16.935392483355756
15 20 16.623298003104765
15 21 16.302365990078471
15 22 15.973105679789466
15 23 15.636115547783033
15 24 15.291879774244288
15 25 14.940966781624549
15 26 14.583831120553169
15 27 14.221005936394715
15 28 13.852912681012283
15 29 13.480045197902989
15 30 13.102789383489542
15 31 12.721596868895901
15 32 12.336816453824724
15 33 11.948855670356842
15 34 11.558025497290913
15 35 11.1646884120417
15 36 10.769117568771753
15 37 10.371630273053771
15 38 9.9724624783244433
15 39 9.5718869491605911
15 40 9.170103602474919
15 41 8.7673419539821396
15 42 8.3637675078130904
15 43 7.9595684022926294
15 44 7.5548777386254127
15 45 7.1498446521307759
15 46 6.7445721713196365
15 47 6.3391732353057595
15 48 5.9337233925617099
15 49 5.5283025610705385
15 50 5.1229616137868952
15 51 4.7177509281314371
15 52 4.3126996726735198
15 53 3.907832497967648
15 54 3.5031601260519052
15 55 3.0986843362234815
15 56 2.6943959821004944
15 57 2.2902901076053253
15 58 1.8864452874221835
15 59 1.4828253236164408
15 60 1.0777138114988747
15 61 0.66813453875370077
15 62 0.27772572115690936
15 63 0
16 0 0
16 1 20.117559582932707
16 2 20.061352399853106
16 3 19.986668727852518
16 4 19.894025209614451
16 5 19.783705012999448
16 6 19.656346893081309
16 7 19.51249190694427
16 8 19.352546247898839
16 9 19.177064847112064
16 10 18.986534664082228
16 11 18.781551629457709
16 12 18.562642956896006
16 13 18.33041880293052
16 14 18.085433921814555
16 15 17.828302420227136
16 16 17.559595069731074
16 17 17.279918707191602
16 18 16.989849539320208
16 19 16.689977599941308
16 20 16.380875321918204
16 21 16.063107800844936
16 22 15.737235778240917
16 23 15.403792667281923
16 24 15.063320864377697
16 25 14.716316685313199
16 26 14.363298732940533
16 27 14.004722062318214
16 28 13.641077167411295
16 29 13.27277484006887
16 30 12.900274200936733
16 31 12.523939838236506
16 32 12.144197197804266
16 33 11.761363683129673
16 34 11.375829636362369
16 35 10.987865151105574
16 36 10.597824819559408
16 37 10.20593205495271
16 38 9.8125057483074638
16 39 9.417723919557087
16 40 9.0218704187570449
16 41 8.6250797258579226
16 42 8.2276018431043134
16 43 7.8295300455644856
16 44 7.4310821410960806
16 45 7.0323129399370004
16 46 6.633410102786133
16 47 6.2343930511831305
16 48 5.8354216795927822
16 49 5.4364833725062613
16 50 5.0377129187510734
16 51 4.639069235624909
16 52 4.2406648964610465
16 53 3.8424341731004157
16 54 3.4444706567228556
16 55 3.0466867829811113
16 56 2.6491558246942395
16 57 2.2517842315404448
16 58 1.8547311701253746
16 59 1.4578725888914066
16 60 1.059598874016688
16 61 0.656897562885425
16 62 0.27311116164006344
16 63 0
17 0 0
17 1 19.704743038946603
17 2 19.647848029385464
17 3 19.572800133571445
17 4 19.48021343778969
17 5 19.370284546382447
17 6 19.243699990140019
17 7 19.100975982778841
17 8 18.94253303292049
17 9 18.768908057445675
17 10 18.580589255804366
17 11 18.378167870545216
17 12 18.162157604841827
17 13 17.93317548031364
17 14 17.691749303250745
17 15 17.438510990798086
17 16 17.173992082129747
17 17 16.898827361088298
17 18 16.61354270817462
17 19 16.31876540565889
17 20 16.015007673320746
17 21 15.702880296184167
17 22 15.382875121521851
17 23 15.055578822193469
17 24 14.721457407182244
17 25 14.381067154505018
17 26 14.034843940924318
17 27 13.683308634200186
17 28 13.326863770019202
17 29 12.965990978599979
17 30 12.601057235357835
17 31 12.232502205569087
17 32 11.860655975270236
17 33 11.485914523813666
17 34 11.108570508630995
17 35 10.728975413135093
17 36 10.347384618791153
17 37 9.9641051191812231
17 38 9.5793557706566137
17 39 9.193399807011513
17 40 8.8064208208795982
17 41 8.4186396522566138
17 42 8.030206321426979
17 43 7.6413011938567381
17 44 7.2520427660460305
17 45 6.862573324878527
17 46 6.472982184184457
17 47 6.0833763547600057
17 48 5.6938185449600187
17 49 5.3043836352914173
17 50 4.9151104932524721
17 51 4.5260452968964344
17 52 4.1372059815110829
17 53 3.748613759269813
17 54 3.3602688059311929
17 55 2.9721701685245252
17 56 2.5842988913185958
17 57 2.196647471689682
17 58 1.8092816453546994
17 59 1.4221632045499748
17 60 1.0336291435970923
17 61 0.64082464596493249
17 62 0.26644993287423097
17 63 0
18 0 0
18 1 19.150002288865952
18 2 19.092675489727284
18 3 19.017717574969915
18 4 18.925752986603101
18 5 18.816954292690141
18 6 18.691991465925412
18 7 18.551395136944212
18 8 18.395567188373978
18 9 18.225036046530086
18 10 18.040286294500497
18 11 17.841886432724944
18 12 17.630357957876836
18 13 17.406281097336265
18 14 17.170202306380506
18 15 16.922704184701832
18 16 16.664346941659943
18 17 16.395704929269037
18 18 16.117341853439932
18 19 15.829814870203561
18 20 15.533682286642236
18 21 15.229476464381296
18 22 14.917742693728316
18 23 14.598982284368017
18 24 14.273721139602396
18 25 13.942424535528099
18 26 13.605593805672671
18 27 13.263654407216483
18 28 12.91707903477243
18 29 12.566250645707226
18 30 12.211610256510605
18 31 11.853496649194939
18 32 11.492317063584988
18 33 11.1283653338502
18 34 10.76201367382586
18 35 10.393510998142242
18 36 10.023194003634243
18 37 9.6512674148905795
18 38 9.2780325908151635
18 39 8.9036514017374433
18 40 8.5283906338170397
18 41 8.1523711564785764
18 42 7.7758264558858778
18 43 7.3988386900207868
18 44 7.0216097529586019
18 45 6.6441857432434501
18 46 6.2667390400868328
18 47 5.8892826317705866
18 48 5.5119617700482815
18 49 5.1347595223947673
18 50 4.7577966580520448
18 51 4.3810297000773764
18 52 4.0045577889344059
18 53 3.6283145003012054
18 54 3.2523805193508957
18 55 2.8766690923305109
18 56 2.5012412550652101
18 57 2.1260049408862609
18 58 1.7511025587471243
18 59 1.376412741375808
18 60 1.0004003320642036
18 61 0.62022084544338807
18 62 0.25794272522041373
18 63 0
19 0 0
19 1 18.462482190776633
19 2 18.405072393033709
19 3 18.330627342433171
19 4 18.239875319954539
19 5 18.132897087493312
19 6 18.010390206628973
19 7 17.872865011301233
19 8 17.720717703960414
19 9 17.554461954273943
19 10 17.374562459680789
19 11 17.1815860515498
19 12 16.976018755606276
19 13 16.758450430140012
19 14 16.529378293868728
19 15 16.289405289312615
19 16 16.039030190147667
19 17 15.77885760685828
19 18 15.509379175651587
19 19 15.23119139366448
19 20 14.944771396206392
19 21 14.65069910335181
19 22 14.349431013112216
19 23 14.041523330665706
19 24 13.727406961396417
19 25 13.407608534041437
19 26 13.082529512504737
19 27 12.752662298746678
19 28 12.418376086626715
19 29 12.08012553356088
19 30 11.738245661084139
19 31 11.393150909614217
19 32 11.045141054870175
19 33 10.694588801060146
19 34 10.341758335781785
19 35 9.9869799673441779
19 36 9.6304825890995254
19 37 9.2725542204687965
19 38 8.9133893002891682
19 39 8.5532343428881887
19 40 8.1922506340493477
19 41 7.8306445580931738
19 42 7.4685459340698452
19 43 7.1061229026990613
19 44 6.7434758184906007
19 45 6.3807369025652294
19 46 6.0179793021399641
19 47 5.6553020132408074
19 48 5.2927534354498471
19 49 4.9304023446423519
19 50 4.5682750100314848
19 51 4.2064132449958747
19 52 3.8448239233206287
19 53 3.4835254315896629
19 54 3.1225082177798957
19 55 2.7617698902238739
19 56 2.4012831571089759
19 57 2.0410395087752975
19 58 1.6810910472886245
19 59 1.3213998545676382
19 60 0.96040421889368233
19 61 0.59545345076534828
19 62 0.24766877223585082
19 63 0
20 0 0
20 1 17.651710160127156
20 2 17.594460610339485
20 3 17.520942748475672
20 4 17.431922117545611
20 5 17.327430387325155
20 6 17.208149935623474
20 7 17.074588108436483
20 8 16.927125611517432
20 9 16.766247873305741
20 10 16.592418928642381
20 11 16.406162203667979
20 12 16.207974167128352
20 13 15.99838673055406
20 14 15.777918181773675
20 15 15.547100922917934
20 16 15.306464602083691
20 17 15.056532484151985
20 18 14.797836029114197
20 19 14.530881334541641
20 20 14.256193416214392
20 21 13.97425442130476
20 22 13.685575873508638
20 23 13.390610424499938
20 24 13.089850236886486
20 25 12.783714094786967
20 26 12.472670050886524
20 27 12.15709974504585
20 28 11.83744341983143
20 29 11.514043300801154
20 30 11.187309087975743
20 31 10.857542234379961
20 32 10.525120046738246
20 33 10.190302661837478
20 34 9.8534339359629062
20 35 9.5147328638104334
20 36 9.1745095002804558
20 37 8.8329424963439624
20 38 8.4903083760744487
20 39 8.1467467805830154
20 40 7.802501514753807
20 41 7.4576749967666309
20 42 7.112479589991425
20 43 6.7669826544558225
20 44 6.4213667867983544
20 45 6.0756667640970523
20 46 5.7300374257362723
20 47 5.3844836920487227
20 48 5.0391349335782101
20 49 4.693969139938666
20 50 4.3490927309423162
20 51 4.0044598436980952
20 52 3.6601566493881528
20 53 3.3161166962184443
20 54 2.9724088985177617
20 55 2.6289485595264268
20 56 2.2857862801378754
20 57 1.9428329073011479
20 58 1.600213828498227
20 59 1.2578124641256141
20 60 0.91421315367780931
20 61 0.56681596235946763
20 62 0.23582097398824919
20 63 0
21 0 0
21 1 16.72688534711126
21 2 16.670118095989814
21 3 16.597916412016321
21 4 16.511157069581287
21 5 16.409775188150221
21 6 16.294461863130525
21 7 16.165708065605394
21 8 16.023870612212956
21 9 15.869422955980975
21 10 15.702790057157744
21 11 15.524496211910284
21 12 15.33498255494721
21 13 15.134792933687233
21 14 14.924376321121986
21 15 14.70428755481448
21 16 14.474974926396269
21 17 14.236993856191059
21 18 13.990784306420842
21 19 13.736893423185656
21 20 13.475746403273213
21 21 13.207874469282334
21 22 12.933682727987525
21 23 12.653680047162256
21 24 12.368247185449695
21 25 12.077865394912507
21 26 11.782887823056603
21 27 11.483763954372886
21 28 11.18081697588813
21 29 10.874461487753198
21 30 10.564989192689358
21 31 10.252777643024999
21 32 9.9380862679964359
21 33 9.6212542757672352
21 34 9.3025086770621215
21 35 8.9821498191553033
21 36 8.6603727057344884
21 37 8.3374389995668921
21 38 8.0135125823547035
21 39 7.6888172182281913
21 40 7.3634869487073571
21 41 7.0377089553448551
21 42 6.7115890482339342
21 43 6.3852795986480295
21 44 6.0588600587332611
21 45 5.7324501500994183
21 46 5.4061050507125046
21 47 5.079914319914498
21 48 4.7539111088604828
21 49 4.4281575740262307
21 50 4.1026672115126717
21 51 3.7774777539442974
21 52 3.4525855034428918
21 53 3.1280069910453916
21 54 2.8037239866434369
21 55 2.4797342271966891
21 56 2.1560036996678758
21 57 1.8325246754529061
21 58 1.5093352818768575
21 59 1.1864003428169787
21 60 0.86230099172844643
21 61 0.53466178150354637
21 62 0.22247592010875725
21 63 0
22 0 0
22 1 15.697564186934486
22 2 15.641505003917452
22 3 15.570989424854609
22 4 15.486956624184927
22 5 15.389270416935199
22 6 15.278607425599739
22 7 15.155439935596116
22 8 15.02011194085139
22 9 14.873050998092468
22 10 14.714683870396312
22 11 14.545473036806927
22 12 14.365872264213566
22 13 14.176348679916673
22 14 13.977374309080282
22 15 13.769414684081944
22 16 13.552950764272509
22 17 13.32843820351542
22 18 13.096358404081331
22 19 12.857150325710382
22 20 12.611288488546514
22 21 12.359189435325256
22 22 12.101314565739393
22 23 11.838053368548508
22 24 11.569848944891913
22 25 11.297060116988979
22 26 11.020107515936488
22 27 10.739316637370269
22 28 10.455082412268961
22 29 10.167695220940045
22 30 9.8775219318830612
22 31 9.5848168064655823
22 32 9.2899170776176447
22 33 8.9930405814692698
22 34 8.6944940513343933
22 35 8.394459202361217
22 36 8.0932120336494346
22 37 7.790898970609236
22 38 7.4877655959079581
22 39 7.1839243247137787
22 40 6.8795911203169533
22 41 6.5748460426683746
22 42 6.2698766438988613
22 43 5.9647325933742268
22 44 5.6595745890136904
22 45 5.3544241251760916
22 46 5.0494168948753071
22 47 4.7445486327297193
22 48 4.4399321183345357
22 49 4.1355398978561002
22 50 3.8314641270963872
22 51 3.5276568506530879
22 52 3.224192047112918
22 53 2.9210040941907724
22 54 2.6181514948460087
22 55 2.3155529573634483
22 56 2.0132505829942691
22 57 1.7111596357423988
22 58 1.4093886577922083
22 59 1.107827939089161
22 60 0.80522007423242148
22 61 0.49927466352156985
22 62 0.20781976690252391
22 63 0
23 0 0
23 1 14.57299475820712
23 2 14.517935576913466
23 3 14.449456010635163
23 4 14.368613416702553
23 5 14.275171287024923
23 6 14.16979792933086
23 7 14.052952486932213
23 8 13.92493909847569
23 9 13.786175653413514
23 10 13.637033034353795
23 11 13.477976662792104
23 12 13.30938764262517
23 13 13.13174690492052
23 14 12.945439706401338
23 15 12.750955698297444
23 16 12.548677228666014
23 17 12.339093623860313
23 18 12.122578021449314
23 19 11.899611788308269
23 20 11.670553592964591
23 21 11.435870255094931
23 22 11.195901663783028
23 23 10.951094564799757
23 24 10.701766664239534
23 25 10.448340126029548
23 26 10.19110791211871
23 27 9.9304640614222546
23 28 9.6666750002995805
23 29 9.4001039991693727
23 30 9.1309898490388761
23 31 8.8596632360043568
23 32 8.5863348277183427
23 33 8.3113016619398259
23 34 8.0347463275811748
23 35 7.7569318248185759
23 36 7.4780131648118475
23 37 7.1982195195581875
23 38 6.9176792080845138
23 39 6.6365883087463349
23 40 6.355049652608721
23 41 6.0732274144153484
23 42 5.7912004003363435
23 43 5.5091024621838001
23 44 5.2269900503973217
23 45 4.9449686057557338
23 46 4.6630740524410328
23 47 4.3813856096098061
23 48 4.0999206261064032
23 49 3.8187345187724913
23 50 3.5378281013353763
23 51 3.2572355920269551
23 52 2.976943369942155
23 53 2.6969672644574607
23 54 2.41728148412796
23 55 2.1378855576908897
23 56 1.8587403400642981
23 57 1.5798407373576853
23 58 1.3012108377352805
23 59 1.0228206307068388
23 60 0.74342927165659256
23 61 0.4609962613905324
23 62 0.19192702336556403
23 63 0
24 0 0
24 1 13.36275889733415
24 2 13.308903519808656
24 3 13.242781558358228
24 4 13.165534314485322
24 5 13.076835490016308
24 6 12.977339026778806
24 7 12.867471764755591
24 8 12.747527239089081
24 9 12.61786230894166
24 10 12.478851642769335
24 11 12.33088309953359
24 12 12.174352162984986
24 13 12.009647048235164
24 14 11.837177636472877
24 15 11.657328339253199
24 16 11.470515585754278
24 17 11.277113346699489
24 18 11.07753746729955
24 19 10.872146127868268
24 20 10.661348446957522
24 21 10.44548235779475
24 22 10.224945027578267
24 23 10.000050576116756
24 24 9.7711798913965477
24 25 9.5386205490139524
24 26 9.3027336816136597
24 27 9.0637783629378035
24 28 8.8220932908575591
24 29 8.5779077830135755
24 30 8.3315361573441979
24 31 8.0831773511556619
24 32 7.8331200249713788
24 33 7.5815326672727537
24 34 7.3286776031390808
24 35 7.0746932865663066
24 36 6.8198155608409623
24 37 6.564153672845487
24 38 6.3079173037277689
24 39 6.0511876683084029
24 40 5.7941490089241956
24 41 5.5368559711042336
24 42 5.2794684272991157
24 43 5.0220161502828073
24 44 4.7646360039299473
24 45 4.5073347709514548
24 46 4.2502279123377651
24 47 3.9933012483908676
24 48 3.7366506446223937
24 49 3.4802430969050135
24 50 3.2241568470953856
24 51 2.9683422829595316
24 52 2.7128621235043129
24 53 2.4576524738350156
24 54 2.2027628482732431
24 55 1.948116659657827
24 56 1.6937494144098613
24 57 1.4395822167531387
24 58 1.1857072077255135
24 59 0.93202345555104738
24 60 0.6774642466967814
24 61 0.42010231880375259
24 62 0.17497817027374776
24 63 0
25 0 0
25 1 12.076147000972087
25 2 12.023754400169892
25 3 11.960296122688723
25 4 11.887036863230298
25 5 11.803547623692628
25 6 11.710459302372854
25 7 11.608188087265065
25 8 11.496974333849435
25 9 11.377167074217175
25 10 11.249071062130737
25 11 11.113078718064546
25 12 10.969498446106421
25 13 10.81873371774129
25 14 10.661093173429725
25 15 10.496986645011827
25 16 10.326717689390444
25 17 10.150695117067816
25 18 9.9692126961851155
25 19 9.7826720552604769
25 20 9.5913532982227085
25 21 9.3956455522924873
25 22 9.1958121255956655
25 23 8.9922251858948403
25 24 8.7851288227130535
25 25 8.5748746133515183
25 26 8.3616856604594876
25 27 8.1458901039002356
25 28 7.9276888854408734
25 29 7.7073845921049315
25 30 7.4851553609312607
25 31 7.2612767839745516
25 32 7.035904014722794
25 33 6.8092848198155833
25 34 6.5815515913406326
25 35 6.3529239890490654
25 36 6.1235122054622844
25 37 5.8935079988767063
25 38 5.6630002064965295
25 39 5.4321533174775967
25 40 5.2010358880084118
25 41 4.9697861403875203
25 42 4.738453607258255
25 43 4.5071515632940624
25 44 4.2759119171317401
25 45 4.0448245833976415
25 46 3.8139053530850338
25 47 3.5832225927876715
25 48 3.3527775595453289
25 49 3.1226190694945251
25 50 2.8927354828591123
25 51 2.6631582111441934
25 52 2.4338643862692502
25 53 2.204870328611825
25 54 1.9761437349431095
25 55 1.747687537342745
25 56 1.5194588865299545
25 57 1.2914570921635142
25 58 1.0636922733414789
25 59 0.83614183179132229
25 60 0.60777172039700433
25 61 0.37692486346208481
25 62 0.15704612357259487
25 63 0
26 0 0
26 1 10.72276216632698
26 2 10.672009988156693
26 3 10.611485362084832
26 4 10.542553285406509
26 5 10.464680972317757
26 6 10.378484516656728
26 7 10.284336585161968
26 8 10.182468696501804
26 9 10.073156602580982
26 10 9.9567103502984509
26 11 9.8334320713178691
26 12 9.7036458729973809
26 13 9.5676496290656345
26 14 9.4257777890280074
26 15 9.2783221534515707
26 16 9.125621420500174
26 17 8.9679565702488055
26 18 8.8056650256612397
26 19 8.6390132635676071
26 20 8.4683326767965355
26 21 8.2938722114472867
26 22 8.1159531844482711
26 23 7.9348046425047611
26 24 7.7507344764576551
26 25 7.5639500785411444
26 26 7.3747432253206506
26 27 7.18329846340513
26 28 6.9898893874181294
26 29 6.7946770162660242
26 30 6.5979152679386051
26 31 6.3997414035586795
26 32 6.2003886916907947
26 33 5.999970800335535
26 34 5.7986998451422842
26 35 5.5966664046523693
26 36 5.3940613549374046
26 37 5.1909529748211289
26 38 4.9875111799294132
26 39 4.7837829760535886
26 40 4.5799179147197435
26 41 4.3759429476424527
26 42 4.1719881304227684
26 43 3.968061732135542
26 44 3.7642754107781191
26 45 3.5606202420048354
26 46 3.3571907770003544
26 47 3.1539624753927469
26 48 2.9510142312610963
26 49 2.7483075293724144
26 50 2.5459071860389555
26 51 2.3437623935157434
26 52 2.1419255706272935
26 53 1.9403353696157766
26 54 1.739033669986408
26 55 1.5379497198705701
26 56 1.3371141719648905
26 57 1.1364551914474597
26 58 0.93604909169541972
26 59 0.73580533469661125
26 60 0.53487397613973664
26 61 0.33173328952675213
26 62 0.13830677242261849
26 63 0
27 0 0
27 1 9.3119294665051928
27 2 9.2630414704214008
27 3 9.20570852700431
27 4 9.1414213942653397
27 5 9.0695439610224753
27 6 8.9906572456051634
27 7 8.9051249675539506
27 8 8.8131151152079461
27 9 8.7148969912930951
27 10 8.6106997876564861
27 11 8.5008313753203808
27 12 8.3855175896859464
27 13 8.2650726169828257
27 14 8.1397184678477768
27 15 8.0097733054431135
27 16 7.8754519562087379
27 17 7.7370710824994076
27 18 7.5948354103774323
27 19 7.4490556139857862
27 20 7.2999239833277114
27 21 7.1477413161612899
27 22 6.9926856378068729
27 23 6.835044607698129
27 24 6.6749806382137447
27 25 6.5127655915464207
27 26 6.3485453579609308
27 27 6.1825739171747012
27 28 6.0149801224117825
27 29 5.8459985227325655
27 30 5.6757407665982642
27 31 5.5044209200142857
27 32 5.3321335589324894
27 33 5.159071665667585
27 34 4.9853131299589881
27 35 4.8110296563984551
27 36 4.6362830453762101
27 37 4.4612238913599382
27 38 4.285898672649191
27 39 4.1104373590944361
27 40 3.934872008274338
27 41 3.7593127271865594
27 42 3.5837781561310278
27 43 3.4083595383058887
27 44 3.2330631746090979
27 45 3.0579626449186472
27 46 2.8830530398145338
27 47 2.708391645230269
27 48 2.5339635027573815
27 49 2.3598111137912596
27 50 2.1859106497925622
27 51 2.0122914489478587
27 52 1.8389219945504349
27 53 1.665820211829474
27 54 1.4929481624466887
27 55 1.320313623358762
27 56 1.1478712016085941
27 57 0.97562617449318845
27 58 0.80357478652071601
27 59 0.63170380308037022
27 60 0.45920832722369126
27 61 0.28485210300573988
27 62 0.11883186362214566
27 63 0
28 0 0
28 1 7.8532687119754403
28 2 7.8063925973390162
28 3 7.7524670919836627
28 4 7.6930931370970139
28 5 7.6275219356079047
28 6 7.5563187707158042
28 7 7.4797952816450248
28 8 7.3981119366660533
28 9 7.3114556845390339
28 10 7.2200620481470796
28 11 7.1241391852307725
28 12 7.0239295481129274
28 13 6.9196322259684973
28 14 6.8114958542001025
28 15 6.6997111640976925
28 16 6.584528851676672
28 17 6.4661286115184238
28 18 6.3447594737517221
28 19 6.2205882255304621
28 20 6.0938590192208419
28 21 5.9647242531051461
28 22 5.833420458963035
28 23 5.700084565138166
28 24 5.5649432048154326
28 25 5.4281171223373503
28 26 5.2898212194805092
28 27 5.1501596751188261
28 28 5.0093342467875015
28 29 4.8674324617687788
28 30 4.7246419107096953
28 31 4.5810336404609693
28 32 4.436780409694884
28 33 4.2919371756986147
28 34 4.1466615235517743
28 35 4.0009928955189613
28 36 3.8550736505219958
28 37 3.708928440321059
28 38 3.5626846003562185
28 39 3.4163528355899979
28 40 3.2700458834148751
28 41 3.1237614373926159
28 42 2.977598254453738
28 43 2.8315420198449202
28 44 2.6856782914309605
28 45 2.5399817964908431
28 46 2.394525813204222
28 47 2.2492751915770728
28 48 2.1042919642673419
28 49 1.9595322017297918
28 50 1.8150478197376716
28 51 1.6707872114229076
28 52 1.5267933775893654
28 53 1.3830081675808268
28 54 1.239467006537627
28 55 1.0961058480044286
28 56 0.95295196383110758
28 57 0.80994150574529011
28 58 0.66713555448587636
28 59 0.52445519712281141
28 60 0.38128694480217001
28 61 0.23654594938585854
28 62 0.098793789471117319
28 63 0
29 0 0
29 1 6.35613119834274
29 2 6.3114538913586467
29 3 6.2611421944734635
29 4 6.2069214834042903
29 5 6.147941029777658
29 6 6.0847220170413987
29 7 6.017568025755847
29 8 5.9465688735505253
29 9 5.8719059804959484
29 10 5.7937264166994931
29 11 5.7122448258578489
29 12 5.6275976603021505
29 13 5.5400009961730099
29 14 5.4495833300435095
29 15 5.35656235671091
29 16 5.2610573662858915
29 17 5.1632842724777008
29 18 5.0633521612479298
29 19 4.9614724936285821
29 20 4.8577434598655049
29 21 4.7523697270569505
29 22 4.6454381457894831
29 23 4.5371446135195113
29 24 4.4275644281443176
29 25 4.3168830967971186
29 26 4.2051643563197514
29 27 4.0925820445038861
29 28 3.9791885062114454
29 29 3.8651449541129161
29 30 3.7504926598839985
29 31 3.6353795567734291
29 32 3.5198362846975217
29 33 3.4039971206864963
29 34 3.2878826112915802
29 35 3.1716132528254835
29 36 3.0552001101816999
29 37 2.9387500011492467
29 38 2.8222651727460906
29 39 2.705839067797327
29 40 2.5894658127345584
29 41 2.4732259558412637
29 42 2.3571062179836191
29 43 2.2411748869250512
29 44 2.1254119977520869
29 45 2.009874343615683
29 46 1.8945359881440442
29 47 1.7794431076871167
29 48 1.6645644956252261
29 49 1.5499366832867507
29 50 1.4355238769271115
29 51 1.3213540104267234
29 52 1.2073873616269857
29 53 1.0936444047293987
29 54 0.98008219174872757
29 55 0.86671452513576497
29 56 0.75349428340470936
29 57 0.64043397943828417
29 58 0.52751602150244237
29 59 0.41473810514455028
29 60 0.30154039733762883
29 61 0.1871338976141968
29 62 0.078263500815052581
29 63 0
30 0 0
30 1 4.830148602163856
30 2 4.7877845496240168
30 3 4.7412463591882448
30 4 4.692372053971666
30 5 4.6401948594887568
30 6 4.5852188470454029
30 7 4.5276898093876188
30 8 4.4676909125867699
30 9 4.405315539296998
30 10 4.3407176643055125
30 11 4.2740063021589929
30 12 4.2053350368552271
30 13 4.1347989261736897
30 14 4.0625535521868406
30 15 3.9886833480124713
30 16 3.9133438854210518
30 17 3.8366084712184727
30 18 3.7586308629513452
30 19 3.6794732686238065
30 20 3.5992860649184668
30 21 3.518120494179914
30 22 3.4361221933462702
30 23 3.3533316974102725
30 24 3.2698887587690693
30 25 3.1858235685821064
30 26 3.1012690599808521
30 27 3.0162455315461232
30 28 2.93087836539289
30 29 2.8451784886134575
30 30 2.7592631934579339
30 31 2.6731346091716675
30 32 2.5869015800257924
30 33 2.5005580474209319
30 34 2.4142042166639355
30 35 2.3278264729514193
30 36 2.2415163443119073
30 37 2.1552533000237593
30 38 2.0691202903753809
30 39 1.9830905065427913
30 40 1.8972385436953871
30 41 1.8115319410854513
30 42 1.7260372700746873
30 43 1.6407170253081353
30 44 1.5556301805835648
30 45 1.4707347690555541
30 46 1.3860826751992323
30 47 1.3016280260222364
30 48 1.2174161949123901
30 49 1.1333979285586515
30 50 1.0496127267998241
30 51 0.96600845024544835
30 52 0.88261940884182344
30 53 0.79939106408707183
30 54 0.71635331603757835
30 55 0.63344936831759835
30 56 0.55070423922989831
30 57 0.46806263243507401
30 58 0.38557093348311433
30 59 0.30316263790252879
30 60 0.22047398185499262
30 61 0.13687739671001956
30 62 0.057410994837721899
30 63 0
31 0 0
31 1 3.284689398141079
31 2 3.2447877323154697
31 3 3.2021748170085975
31 4 3.1588075304510075
31 5 3.113620747459144
31 6 3.0670686433798622
31 7 3.0193890058439359
31 8 2.9705906353305358
31 9 2.9207618521824705
31 10 2.8699640931976003
31 11 2.8183131812234685
31 12 2.7658525994680536
31 13 2.7126946955776363
31 14 2.6588708624726811
31 15 2.6044927682509282
31 16 2.5495806468530096
31 17 2.4942442682185799
31 18 2.4384936913179911
31 19 2.3824360149709993
31 20 2.3260721255358705
31 21 2.2695057233024936
31 22 2.2127295007876033
31 23 2.1558431217732577
31 24 2.0988320343287681
31 25 2.0417913204813152
31 26 1.9847000938315609
31 27 1.9276484060459584
31 28 1.8706098984516735
31 29 1.8136692416021527
31 30 1.7567954118029934
31 31 1.7000674448372453
31 32 1.6434503985740534
31 33 1.5870175150321133
31 34 1.5307306153142191
31 35 1.4746570795534772
31 36 1.4187561060681202
31 37 1.3630892310056233
31 38 1.3076135748406759
31 39 1.2523849280047301
31 40 1.1973588090135512
31 41 1.1425854350191897
31 42 1.0880191306095284
31 43 1.0337047797162209
31 44 0.97959585546894212
31 45 0.92573220956186664
31 46 0.87206674381882998
31 47 0.81863463287966753
31 48 0.76538842912684013
31 49 0.71235903308377757
31 50 0.65949881628822304
31 51 0.60683484804331422
31 52 0.55431943635182268
31 53 0.50197631381986318
31 54 0.44975784505260596
31 55 0.39768471318225224
31 56 0.34570848643268021
31 57 0.29384982061116571
31 58 0.24207721713620323
31 59 0.19040041989492371
31 60 0.13851412479642328
31 61 0.086092147148469994
31 62 0.036306762588987448
31 63 0
32 0 0
32 1 1.7293920841023886
32 2 1.6920312506715058
32 3 1.6534461722088698
32 4 1.6157008771805341
32 5 1.5776166208190925
32 6 1.5396286788969873
32 7 1.5019143172345384
32 8 1.4644761050642179
32 9 1.4273121636013315
32 10 1.3904909469976143
32 11 1.3540203683242997
32 12 1.3179611648676497
32 13 1.2823024415591531
32 14 1.2471027908779446
32 15 1.212338468970295
32 16 1.178066096575701
32 17 1.1442507923810663
32 18 1.1109473823345068
32 19 1.0781117985245383
32 20 1.0457971978705287
32 21 1.0139520925620109
32 22 0.98262803254684628
32 23 0.95176772086722428
32 24 0.92142111624304224
32 25 0.89152656155179577
32 26 0.86213240607902553
32 27 0.83317391992586631
32 28 0.80469780267260427
32 29 0.7766373796093986
32 30 0.74903764887057367
32 31 0.72183096366815847
32 32 0.69506056674209982
32 33 0.66865866257113382
32 34 0.64266669019625988
32 35 0.61701738650428861
32 36 0.59175035061307191
32 37 0.56679939899180221
32 38 0.54220227174898172
32 39 0.51789428715456531
32 40 0.49391132811345267
32 41 0.47019052150515334
32 42 0.44676591827327033
32 43 0.42357665516658344
32 44 0.40065500129965814
32 45 0.37794220899408398
32 46 0.35546884104345217
32 47 0.33317828543814676
32 48 0.31109949915310103
32 49 0.28917795029055138
32 50 0.26744111476067128
32 51 0.24583641803223463
32 52 0.22438999904827797
32 53 0.20305107227498506
32 54 0.18184463881398427
32 55 0.16072133266864622
32 56 0.13970464892234039
32 57 0.11874800949290566
32 58 0.097883532513702118
32 59 0.07705741921409888
32 60 0.056162464597404455
32 61 0.035037919405887609
32 62 0.015119511759474659
32 63 0
33 0 0
33 1 0.17363290692954131
33 2 0.13892395142350297
33 3 0.10446166023165886
33 4 0.07241884396162758
33 5 0.041524230682422482
33 6 0.012160755867990074
33 7 -0.015503107408701013
33 8 -0.041539376035401351
33 9 -0.065954977772133966
33 10 -0.088774481857401277
33 11 -0.1099832653384685
33 12 -0.12963108236637041
33 13 -0.14771160191667973
33 14 -0.16429074497273713
33 15 -0.17936507260259682
33 16 -0.19301356315105611
33 17 -0.20523467747558205
33 18 -0.21611749034082584
33 19 -0.22566121534869299
33 20 -0.23396233322168744
33 21 -0.24101990677014723
33 22 -0.24693542741011271
33 23 -0.25170709479099262
33 24 -0.25543930562294048
33 25 -0.25812885779639738
33 26 -0.25988123136835434
33 27 -0.26069143613878026
33 28 -0.26066448633123335
33 29 -0.25979334836186929
33 30 -0.25818128063593715
33 31 -0.25581906126978543
33 32 -0.25280714629641282
33 33 -0.24913407144422367
33 34 -0.24489666999252907
33 35 -0.24008125395568949
33 36 -0.23478042148784162
33 37 -0.22897833599772258
33 38 -0.22276293759557053
33 39 -0.21611635819399044
33 40 -0.20912162786460509
33 41 -0.20175899366273739
33 42 -0.19410647639617307
33 43 -0.18614260392399851
33 44 -0.17794042382539246
33 45 -0.16947692084231933
33 46 -0.16082032395957874
33 47 -0.15194625452344451
33 48 -0.1429183805154898
33 49 -0.13371113801586759
33 50 -0.12438397960349365
33 51 -0.11491032989326246
33 52 -0.10534584941825176
33 53 -0.095663111959103556
33 54 -0.085914447773450753
33 55 -0.076071802307875303
33 56 -0.066184922365040505
33 57 -0.056224501204983707
33 58 -0.046236150358373362
33 59 -0.036197445996370599
33 60 -0.026156150340145245
33 61 -0.015970897349907962
33 62 -0.0060804131461932379
33 63 0
34 0 0
34 1 -1.3729479585079272
34 2 -1.4049647243129071
34 3 -1.4352591062636288
34 4 -1.4615647293337117
34 5 -1.4852582228851214
34 6 -1.5059777242007726
34 7 -1.5236149939912695
34 8 -1.5382483104188467
34 9 -1.549973394756279
34 10 -1.5588081461279419
34 11 -1.5648444528367926
34 12 -1.5681150829823074
34 13 -1.5687354353381051
34 14 -1.5667444615301198
34 15 -1.5622725692260488
34 16 -1.5553625490790695
34 17 -1.5461559314792837
34 18 -1.5346971981615298
34 19 -1.5211351646732931
34 20 -1.5055141942701764
34 21 -1.4879870183967485
34 22 -1.4685964061938765
34 23 -1.4474960675765871
34 24 -1.4247260076330071
34 25 -1.4004384010131627
34 26 -1.3746695959614017
34 27 -1.3475681242824487
34 28 -1.3191660310337732
34 29 -1.2896064818630837
34 30 -1.258916787631176
34 31 -1.2272333835258489
34 32 -1.1945785999641245
34 33 -1.1610811089375517
34 34 -1.1267581697209066
34 35 -1.091729961299202
34 36 -1.0560087093955193
34 37 -1.0197056440921088
34 38 -0.98282809855431219
34 39 -0.94547814327832702
34 40 -0.90765844102547433
34 41 -0.8694619093913416
34 42 -0.83088682458104179
34 43 -0.79201714877886364
34 44 -0.75284710051866854
34 45 -0.7134520498854362
34 46 -0.67382251775805446
34 47 -0.63402578808502152
34 48 -0.59404906399210355
34 49 -0.55395217050564916
34 50 -0.5137193835843441
34 51 -0.47340379899060009
34 52 -0.43298716337924192
34 53 -0.39251665677444142
34 54 -0.35197188079538266
34 55 -0.31139496885594425
34 56 -0.27076364200190822
34 57 -0.23011600636385143
34 58 -0.18943391936845336
34 59 -0.14875867662922332
34 60 -0.1079405385729108
34 61 -0.066674712013195525
34 62 -0.027124487035733381
34 63 0
35 0 0
35 1 -2.9009760357502543
35 2 -2.9302272866028307
35 3 -2.956317081597057
35 4 -2.9768847374984588
35 5 -2.9933914030863407
35 6 -3.0055266241074485
35 7 -3.0131925763445233
35 8 -3.0165388492230485
35 9 -3.0156666541414618
35 10 -3.0106837963098414
35 11 -3.0016759736109511
35 12 -2.9887831247768544
35 13 -2.9721038534999011
35 14 -2.9517982230850421
35 15 -2.9279698348910497
35 16 -2.9007936702458226
35 17 -2.8703751690934882
35 18 -2.8368993656960337
35 19 -2.8004705118904316
35 20 -2.76127937774661
35 21 -2.7194265253596619
35 22 -2.6751046992703738
35 23 -2.6284087353216683
35 24 -2.5795301310641165
35 25 -2.528556393819068
35 26 -2.4756750704133328
35 27 -2.4209651332039419
35 28 -2.3646079633916437
35 29 -2.3066731472026611
35 30 -2.2473341407626326
35 31 -2.1866506068817668
35 32 -2.1247867363310826
35 33 -2.061792004220441
35 34 -1.9978203770664413
35 35 -1.9329111116785167
35 36 -1.8672073346567031
35 37 -1.8007382506335483
35 38 -1.7336358363125879
35 39 -1.6659195729660097
35 40 -1.597710246874066
35 41 -1.5290180767335679
35 42 -1.459952852990172
35 43 -1.3905160973157262
35 44 -1.3208070019776661
35 45 -1.2508190383276594
35 46 -1.1806413716841309
35 47 -1.1102601308988751
35 48 -1.0397551723734826
35 49 -0.96910603466540468
35 50 -0.89838410561300019
35 51 -0.82756311693452211
35 52 -0.75670693232250097
35 53 -0.68578428539689862
35 54 -0.61485253981992605
35 55 -0.54387615738034112
35 56 -0.47290662884313783
35 57 -0.40190590154556816
35 58 -0.33093404265499538
35 59 -0.2599558173462021
35 60 -0.18876488180373741
35 61 -0.1167583953291146
35 62 -0.047942207216913071
35 63 0
36 0 0
36 1 -4.400814620374649
36 2 -4.4272996533941731
36 3 -4.4491967143139339
36 4 -4.4640729318096239
36 5 -4.4734808684289717
36 6 -4.4771336887659139
36 7 -4.4749905181714054
36 8 -4.4672076921543304
36 9 -4.4539702839057975
36 10 -4.4353802369623399
36 11 -4.4116247224443912
36 12 -4.3828273543948955
36 13 -4.3492032550836921
36 14 -4.3108860965069393
36 15 -4.2681080826636659
36 16 -4.2210085145109568
36 17 -4.1698307279846016
36 18 -4.1147156116903556
36 19 -4.0559120069818304
36 20 -3.9935589607867361
36 21 -3.9279059285576237
36 22 -3.8590872777558212
36 23 -3.7873488781644604
36 24 -3.7128181334343293
36 25 -3.6357337983861959
36 26 -3.5562145383522998
36 27 -3.4744891007521277
36 28 -3.3906660996206215
36 29 -3.3049619791956308
36 30 -3.2174744003616587
36 31 -3.1284057602082811
36 32 -3.0378422250707211
36 33 -2.9459709051992369
36 34 -2.8528662420150868
36 35 -2.758699274891192
36 36 -2.6635327539972962
36 37 -2.5675212710637418
36 38 -2.4707161389652055
36 39 -2.3732554852196293
36 40 -2.2751796197922092
36 41 -2.1766105046649376
36 42 -2.0775780260787577
36 43 -1.9781885521927383
36 44 -1.8784622382889522
36 45 -1.7784906643985752
36 46 -1.6782850343919
36 47 -1.5779231442215118
36 48 -1.4774080902226305
36 49 -1.3768050544505588
36 50 -1.2761099150866253
36 51 -1.1753765479346574
36 52 -1.0745945363934795
36 53 -0.97380787972361538
36 54 -0.87300081771042326
36 55 -0.77220881599027991
36 56 -0.67141092943067593
36 57 -0.57063743988797666
36 58 -0.46988402533603491
36 59 -0.36918017015275606
36 60 -0.2681252581856961
36 61 -0.16596103904062753
36 62 -0.068364125377414472
36 63 0
37 0 0
37 1 -5.8631004562201801
37 2 -5.8867826665020724
37 3 -5.9045092584446479
37 4 -5.9137715027673909
37 5 -5.9161964627169894
37 6 -5.9115444787674578
37 7 -5.8997875292272735
37 8 -5.8811465777151195
37 9 -5.8558130871049636
37 10 -5.8239722684731827
37 11 -5.7858060470438799
37 12 -5.7415382554594858
37 13 -5.6913680251479395
37 14 -5.6355430880039714
37 15 -5.5742695494581227
37 16 -5.5078118933628977
37 17 -5.4363779899835665
37 18 -5.3602424451122213
37 19 -5.2796100885500579
37 20 -5.1947598201890441
37 21 -5.1058894116858546
37 22 -5.0132770235634387
37 23 -4.9171100732531929
37 24 -4.8176617175650724
37 25 -4.715106402303415
37 26 -4.6097087490741613
37 27 -4.5016282396602412
37 28 -4.3911181165485829
37 29 -4.2783214719745715
37 30 -4.1634779617430073
37 31 -4.0467133694992832
37 32 -3.9282521383586979
37 33 -3.8082022703131915
37 34 -3.6867718950063337
37 35 -3.5640511467410558
37 36 -3.4402312099258654
37 37 -3.3153845960718606
37 38 -3.1896853268551131
37 39 -3.063188814550752
37 40 -2.9360520625929447
37 41 -2.8083141384553953
37 42 -2.6801154847635233
37 43 -2.551479766636942
37 44 -2.422531590972274
37 45 -2.2932803132432511
37 46 -2.1638356561086747
37 47 -2.0341938757698985
37 48 -1.9044509515499097
37 49 -1.774591340743602
37 50 -1.644698576347017
37 51 -1.514746683988754
37 52 -1.3848081776974379
37 53 -1.2548480824748474
37 54 -1.1249294415105837
37 55 -0.99500948845345261
37 56 -0.86514228772839341
37 57 -0.73528134765112618
37 58 -0.60550164614484892
37 59 -0.47575549679483053
37 60 -0.34559232432480291
37 61 -0.21396472216178586
37 62 -0.088319269959870467
37 63 0
38 0 0
38 1 -7.2782053643292706
38 2 -7.2991244501533323
38 3 -7.3127481900302458
38 4 -7.316524119134769
38 5 -7.3121514422642777
38 6 -7.2994170364680757
38 7 -7.2783436486007851
38 8 -7.2491599344587199
38 9 -7.2121328878289299
38 10 -7.1674431312271194
38 11 -7.1153655078445901
38 12 -7.0561085878587058
38 13 -6.9899792291606753
38 14 -6.917199707670485
38 15 -6.8380959183170091
38 16 -6.7528974906253714
38 17 -6.6619415247349059
38 18 -6.5654592124394293
38 19 -6.463791600447335
38 20 -6.3571665117475673
38 21 -6.2459226549294451
38 22 -6.1302803788183002
38 23 -6.0105706939814265
38 24 -5.8870031491190904
38 25 -5.7598965894692604
38 26 -5.6294471603796632
38 27 -5.4959579195096744
38 28 -5.3596096646173033
38 29 -5.2206868324606805
38 30 -5.079353520508068
38 31 -4.9358734382628802
38 32 -4.7903931532001689
38 33 -4.643154203032811
38 34 -4.4942852510631424
38 35 -4.3440048143098782
38 36 -4.1924236685184724
38 37 -4.0397369912879659
38 38 -3.8860380174973623
38 39 -3.7314987334504175
38 40 -3.5761954541080878
38 41 -3.4202775293210861
38 42 -3.2638051990087478
38 43 -3.1069060819701133
38 44 -2.9496253673521058
38 45 -2.7920701471937268
38 46 -2.6342717248795369
38 47 -2.4763181220025978
38 48 -2.3182280291068422
38 49 -2.160072063609273
38 50 -2.0018576562424677
38 51 -1.8436398587074843
38 52 -1.6854162558818424
38 53 -1.5272283323216369
38 54 -1.3690653098937702
38 55 -1.2109568823496504
38 56 -1.0528839576372053
38 57 -0.89487000623748203
38 58 -0.73692448407221534
38 59 -0.57906621101216416
38 60 -0.42065621498045591
38 61 -0.26050570930382388
38 62 -0.10763616701406006
38 63 0
39 0 0
39 1 -8.6367864383881265
39 2 -8.6549409239984403
39 3 -8.6645428990098399
39 4 -8.6629857260487277
39 5 -8.6520313629659622
39 6 -8.6315065018686816
39 7 -8.6014499644689035
39 8 -8.5621451161060449
39 9 -8.5138667042485228
39 10 -8.4568686230465584
39 11 -8.3914218468393464
39 12 -8.3178247411722896
39 13 -8.2363693616897695
39 14 -8.1473814932818485
39 15 -8.0511619844102036
39 16 -7.9480551788219573
39 17 -7.8383636445469174
39 18 -7.7224420916779462
39 19 -7.6005883832243759
39 20 -7.473160425318552
39 21 -7.3404459718825281
39 22 -7.20279995563084
39 23 -7.0604955677999879
39 24 -6.9138795663426018
39 25 -6.7632070239254185
39 26 -6.608812242515798
39 27 -6.4509294516216427
39 28 -6.2898770771641015
39 29 -6.1258665391375349
39 30 -5.9591977623194703
39 31 -5.7900580724082635
39 32 -5.6187269925270069
39 33 -5.445367073400937
39 34 -5.2702361885974307
39 35 -5.0934719612566974
39 36 -4.9153099486081908
39 37 -4.7358631488021103
39 38 -4.5553446477194228
39 39 -4.3738435079626772
39 40 -4.1915506348781895
39 41 -4.0085321688957114
39 42 -3.8249575098407882
39 43 -3.6408711564130707
39 44 -3.4564220054382901
39 45 -3.2716344109128306
39 46 -3.0866380452855089
39 47 -2.90143878746147
39 48 -2.7161485942945163
39 49 -2.5307566740897043
39 50 -2.3453589659394218
39 51 -2.1599299145216246
39 52 -1.9745512955404669
39 53 -1.7891847992766841
39 54 -1.6039000535876027
39 55 -1.4186476514681718
39 56 -1.2334854131021369
39 57 -1.0483590803318041
39 58 -0.86335905960650638
39 59 -0.67842602831200094
39 60 -0.4928814763542565
39 61 -0.30526123012757966
39 62 -0.12624304513730675
39 63 0
40 0 0
40 1 -9.9292288904941888
40 2 -9.9446989774632844
40 3 -9.9504006490338277
40 4 -9.9437179564336748
40 5 -9.9264609388587672
40 6 -9.8984861235799215
40 7 -9.8598741934245364
40 8 -9.8109176212546547
40 9 -9.7519551649692033
40 10 -9.6832378731708957
40 11 -9.6051177677745478
40 12 -9.5178794266580908
40 13 -9.4219104524694561
40 14 -9.317512481643405
40 15 -9.2050939498102871
40 16 -9.0849655078827602
40 17 -8.9575469579682583
40 18 -8.8231506294882607
40 19 -8.6821990128046611
40 20 -8.5349998524902784
40 21 -8.3819708237794028
40 22 -8.2234098496500199
40 23 -8.0597234091053274
40 24 -7.8911953410535345
40 25 -7.7182156286051011
40 26 -7.541050671423644
40 27 -7.3600696799708611
40 28 -7.1755190906064561
40 29 -6.9877440184148938
40 30 -6.7969691621270893
40 31 -6.6035130969928639
40 32 -6.4075776762400043
40 33 -6.2094532896551131
40 34 -6.009318421048861
40 35 -5.8074343474314025
40 36 -5.6039561636626809
40 37 -5.3991157455176415
40 38 -5.1930452086937162
40 39 -4.9859473013852655
40 40 -4.777931929859526
40 41 -4.56917347775126
40 42 -4.3597607086471939
40 43 -4.1498408261691981
40 44 -3.9394827589518666
40 45 -3.7288080743435597
40 46 -3.5178673657388577
40 47 -3.3067584106668457
40 48 -3.0955151169945103
40 49 -2.8842135710063124
40 50 -2.6728727589216592
40 51 -2.4615493806529392
40 52 -2.2502493526532588
40 53 -2.0390124909781573
40 54 -1.8278336034078473
40 55 -1.6167377776308067
40 56 -1.4057086470399682
40 57 -1.194764187256552
40 58 -0.98392765151712891
40 59 -0.77320873732520701
40 60 -0.56174908243923305
40 61 -0.34796318312121638
40 62 -0.14396530826332998
40 63 0
41 0 0
41 1 -11.146218747933696
41 2 -11.1590359645388
41 3 -11.160976339895445
41 4 -11.149393645112051
41 5 -11.126147576099582
41 6 -11.091124250313621
41 7 -11.044424387802147
41 8 -10.986382271271433
41 9 -10.917346248210752
41 10 -10.837627528118736
41 11 -10.747576083934103
41 12 -10.647552630999158
41 13 -10.537931558383448
41 14 -10.419104184301101
41 15 -10.291455313121014
41 16 -10.155396584995453
41 17 -10.011314532501581
41 18 -9.8596316235680845
41 19 -9.7007282889418711
41 20 -9.5350295287699041
41 21 -9.3629030563003255
41 22 -9.184769274786234
41 23 -9.0009777070528241
41 24 -8.8119381588693475
41 25 -8.6179775726671295
41 26 -8.4194902279670192
41 27 -8.2167771038398278
41 28 -8.0102130273695824
41 29 -7.8000705537570276
41 30 -7.5867020564754553
41 31 -7.3703500393791508
41 32 -7.1513422638973534
41 33 -6.9298902971396217
41 34 -6.706295888815049
41 35 -6.4807394361765969
41 36 -6.2534959530174152
41 37 -6.0247149994107012
41 38 -5.7946447238530956
41 39 -5.5634046661200012
41 40 -5.3312164982350865
41 41 -5.0981709652648055
41 42 -4.8644640982695879
41 43 -4.6301594132737387
41 44 -4.3954285168287415
41 45 -4.1603095403426007
41 46 -3.924951203678019
41 47 -3.6893683229759859
41 48 -3.4536885373564652
41 49 -3.2179055954762323
41 50 -2.9821280821886473
41 51 -2.7463310641849827
41 52 -2.5106062807677612
41 53 -2.2749126424597161
41 54 -2.0393274518675382
41 55 -1.8037955193579844
41 56 -1.5683798813979051
41 57 -1.3330194893995468
41 58 -1.0978206823703265
41 59 -0.86271371310289546
41 60 -0.62681483225671597
41 61 -0.38828188022417232
41 62 -0.16073001978772786
41 63 0
42 0 0
42 1 -12.27815919013916
42 2 -12.288443663221992
42 3 -12.286795471123217
42 4 -12.270598015794533
42 5 -12.241730936575921
42 6 -12.200113883395398
42 7 -12.145878040804968
42 8 -12.079368692112272
42 9 -12.000983772251457
42 10 -11.911033864387464
42 11 -11.809935081140466
42 12 -11.698036252750073
42 13 -11.575792014445645
42 14 -11.443571235427015
42 15 -11.301850963328222
42 16 -11.151010664837539
42 17 -10.991539005547997
42 18 -10.823817431231367
42 19 -10.648336391170691
42 20 -10.46547193183042
42 21 -10.275707781651992
42 22 -10.079408395191189
42 23 -9.8770435517274233
42 24 -9.6689610513334205
42 25 -9.4556107254627566
42 26 -9.2373197131825702
42 27 -9.0145130630530339
42 28 -8.7874942176778532
42 29 -8.5566596934234234
42 30 -8.3222870805413223
42 31 -8.0847416140741899
42 32 -7.8442736614147393
42 33 -7.601215337565371
42 34 -7.3557891081777163
42 35 -7.1082929489464055
42 36 -6.8589213456575182
42 37 -6.6079378450916373
42 38 -6.3555093897156612
42 39 -6.1018654507159695
42 40 -5.8471462985161287
42 41 -5.5915482426904273
42 42 -5.3351861147614583
42 43 -5.0782244605588662
42 44 -4.820754202469919
42 45 -4.5629099337110155
42 46 -4.3047604365209979
42 47 -4.0464125118078833
42 48 -3.7879147603125571
42 49 -3.5293486426155014
42 50 -3.2707446836598359
42 51 -3.0121616947862666
42 52 -2.7536143456531046
42 53 -2.495141723377122
42 54 -2.2367450108542353
42 55 -1.9784460383215126
42 56 -1.7202323154760082
42 57 -1.4621178551167799
42 58 -1.2041397114263244
42 59 -0.94630031167532702
42 60 -0.68754730056787128
42 61 -0.42594327138221794
42 62 -0.17635837398489551
42 63 0
43 0 0
43 1 -13.315772993764899
43 2 -13.323586667384367
43 3 -13.318545176687605
43 4 -13.298026470267381
43 5 -13.263945862462306
43 6 -13.216239852327181
43 7 -13.155064309475527
43 8 -13.080790775490582
43 9 -12.993829090644654
43 10 -12.894534089078896
43 11 -12.783322109472078
43 12 -12.660601535136006
43 13 -12.526815795986593
43 14 -12.382406630509763
43 15 -12.227829257103972
43 16 -12.063547418083685
43 17 -11.890018127017969
43 18 -11.707716647114051
43 19 -11.517092814902785
43 20 -11.318624255393182
43 21 -11.112746017317523
43 22 -10.899930212482159
43 23 -10.680590782012084
43 24 -10.455187693051698
43 25 -10.224108686633146
43 26 -9.9877961353432809
43 27 -9.7466076331839009
43 28 -9.5009636141723099
43 29 -9.2511886318531715
43 30 -8.9976778587435167
43 31 -8.7407208699412475
43 32 -8.4806851846675109
43 33 -8.2178243166671194
43 34 -7.9524765793960208
43 35 -7.6848590978290536
43 36 -7.4152801754823141
43 37 -7.1439208802145098
43 38 -6.8710593615316728
43 39 -6.5968415295116554
43 40 -6.3215158118939385
43 41 -6.0451943429906176
43 42 -5.7680967590519288
43 43 -5.4903032056272858
43 44 -5.2120058837522949
43 45 -4.9332550723687039
43 46 -4.6542172541729778
43 47 -4.3749152370678326
43 48 -4.0954918043121822
43 49 -3.8159449080353633
43 50 -3.5363959004862098
43 51 -3.2568206652378033
43 52 -2.9773215986246897
43 53 -2.6978554799994536
43 54 -2.4185084614367032
43 55 -2.1392206112176408
43 56 -1.8600618203739026
43 57 -1.5809654401049151
43 58 -1.3020541277565483
43 59 -1.0232492328724858
43 60 -0.74349083211950473
43 61 -0.46060866855732185
43 62 -0.19077585572571693
43 63 0
44 0 0
44 1 -14.249485487987462
44 2 -14.254987182791
44 3 -14.246773218282492
44 4 -14.222292887272609
44 5 -14.183450087965561
44 6 -14.130218971852271
44 7 -14.062772285581818
44 8 -13.98149494989441
44 9 -13.88682942477481
44 10 -13.779132619895819
44 11 -13.658869415340366
44 12 -13.526438657378813
44 13 -13.382345933159694
44 14 -13.227012647255705
44 15 -13.060968087056155
44 16 -12.884645726096688
44 17 -12.698586787634753
44 18 -12.503227225547626
44 19 -12.299109517127812
44 20 -12.086663863423492
44 21 -11.866424746412894
44 22 -11.638809677730197
44 23 -11.404337275229183
44 24 -11.163406664745066
44 25 -10.916514062636857
44 26 -10.664035675415411
44 27 -10.406440042212367
44 28 -10.144076989801651
44 29 -9.8773832833792348
44 30 -9.6066798853441409
44 31 -9.332368778197937
44 32 -9.0547404503457898
44 33 -8.7741600851134027
44 34 -8.4908868615442188
44 35 -8.2052480424728707
44 36 -7.9174713383837325
44 37 -7.6278457694682
44 38 -7.3365680013055474
44 39 -7.0438891955519169
44 40 -6.7499758923531505
44 41 -6.45504239690798
44 42 -6.1592264595115562
44 43 -5.8627070663524679
44 44 -5.5655948578204253
44 45 -5.2680354977115842
44 46 -4.9701144773030599
44 47 -4.6719465243880016
44 48 -4.3735941675342485
44 49 -4.0751439121897519
44 50 -3.7766376883513062
44 51 -3.4781367622977646
44 52 -3.1796649701670261
44 53 -2.881261590055459
44 54 -2.5829350531095252
44 55 -2.284705349337075
44 56 -1.9865651920501477
44 57 -1.68852626274773
44 58 -1.3906392977277018
44 59 -1.0929015030489444
44 60 -0.7940983393445733
44 61 -0.49199643463561804
44 62 -0.20379837470368559
44 63 0
45 0 0
45 1 -15.070063028724531
45 2 -15.073342135278178
45 3 -15.062204852736865
45 4 -15.034119318000828
45 5 -14.99101076456312
45 6 -14.93285535700228
45 7 -14.8598557946267
45 8 -14.772405448993107
45 9 -14.6709614881576
45 10 -14.555906745318051
45 11 -14.427709070080168
45 12 -14.286807724496025
45 13 -14.133699540587202
45 14 -13.968859348315014
45 15 -13.792796822506263
45 16 -13.606010336914583
45 17 -13.409011466102196
45 18 -13.202311012939218
45 19 -12.986412643664508
45 20 -12.761829868247723
45 21 -12.529050092622978
45 22 -12.288581160561236
45 23 -12.040887255165
45 24 -11.786463488891046
45 25 -11.525745184833422
45 26 -11.259208903510093
45 27 -10.987256712526245
45 28 -10.71034196628292
45 29 -10.428830227884509
45 30 -10.143148070221086
45 31 -9.8536223470961897
45 32 -9.5606502601682983
45 33 -9.2645186880699342
45 34 -8.9655937620390613
45 35 -8.6641219535459104
45 36 -8.3604374203125396
45 37 -8.054746526314446
45 38 -7.7473512571524603
45 39 -7.4384188032531728
45 40 -7.1282193968111018
45 41 -6.8168825318766064
45 42 -6.5046476416745174
45 43 -6.191608460586159
45 44 -5.8779750377358688
45 45 -5.5638076683772679
45 46 -5.2492888242595539
45 47 -4.9344479984785039
45 48 -4.6194422223026237
45 49 -4.3042730809567296
45 50 -3.9890745767158036
45 51 -3.6738234852490077
45 52 -3.3586334199258627
45 53 -3.043459656790144
45 54 -2.7283983292717413
45 55 -2.4133858707688698
45 56 -2.0985007141558047
45 57 -1.7836718966549632
45 58 -1.4690385268471899
45 59 -1.1545147670391454
45 60 -0.83889992005924341
45 61 -0.5197567846378528
45 62 -0.21534936309895608
45 63 0
46 0 0
46 1 -15.767956772489313
46 2 -15.769208962680253
46 3 -15.755413592010971
46 4 -15.724152652977702
46 5 -15.677306354500386
46 6 -15.614893083040583
46 7 -15.537116988883968
46 8 -15.444387692245007
46 9 -15.337175888291478
46 10 -15.215869675743416
46 11 -15.080965566134312
46 12 -14.932896097147809
46 13 -14.772199775349778
46 14 -14.599333654272138
46 15 -14.414860842833642
46 16 -14.21925176760703
46 17 -14.013081805127724
46 18 -13.796824550150598
46 19 -13.571056463503856
46 20 -13.336245517504143
46 21 -13.092959553132657
46 22 -12.841653484065272
46 23 -12.582878258567867
46 24 -12.317069595655305
46 25 -12.044754660799196
46 26 -11.766345065520373
46 27 -11.482338615490939
46 28 -11.193119034768529
46 29 -10.899150422156985
46 30 -10.600785868434462
46 31 -10.298452556349979
46 32 -9.992471128986816
46 33 -9.6832296847156059
46 34 -9.3710154326588544
46 35 -9.0561761605896507
46 36 -8.7389653846163728
46 37 -8.4196901998967668
46 38 -8.0985708012326683
46 39 -7.7758739583302976
46 40 -7.4517874567945288
46 41 -7.1265387666262923
46 42 -6.8002846335873235
46 43 -6.4732148272240551
46 44 -6.1454568047850655
46 45 -5.8171647292848592
46 46 -5.4884388357100891
46 47 -5.1594001969655237
46 48 -4.830124148185285
46 49 -4.5007015457028485
46 50 -4.1711853519907773
46 51 -3.8416393763328824
46 52 -3.5120968997982875
46 53 -3.182598151806979
46 54 -2.8531596393930885
46 55 -2.5238008556648639
46 56 -2.1945210902439878
46 57 -1.8653312785638156
46 58 -1.5362954597614378
46 59 -1.2074077217419681
46 60 -0.87732953741796349
46 61 -0.54359878950975793
46 62 -0.22523838834833829
46 63 0
47 0 0
47 1 -16.333982284348235
47 2 -16.333321136003807
47 3 -16.317167682928122
47 4 -16.283144937885314
47 5 -16.233140316651031
47 6 -16.167157769919498
47 7 -16.085437212309159
47 8 -15.988377104301241
47 9 -15.876466143741455
47 10 -15.750098046975044
47 11 -15.609775519908307
47 12 -15.455950257285361
47 13 -15.289154926613023
47 14 -15.10987834212866
47 15 -14.918666662434948
47 16 -14.716033558301987
47 17 -14.502527181781495
47 18 -14.278674705636679
47 19 -14.045015973129294
47 20 -13.802081706794848
47 21 -13.550394633770733
47 22 -13.290480431707463
47 23 -13.022837338994567
47 24 -12.747978713211799
47 25 -12.466372304773332
47 26 -12.178513133524451
47 27 -11.884833754454592
47 28 -11.585806013123443
47 29 -11.281823759337614
47 30 -10.973331922766203
47 31 -10.660683234073458
47 32 -10.344292968630517
47 33 -10.024471314184156
47 34 -9.7016020626640458
47 35 -9.3759523193041456
47 36 -9.0478733792989381
47 37 -8.7175895062329687
47 38 -8.3854192103227625
47 39 -8.0515448354707022
47 40 -7.7162524571069939
47 41 -7.3796840090922551
47 42 -7.0420940393682674
47 43 -6.7035860826612552
47 44 -6.3643845485033657
47 45 -6.0245570059744393
47 46 -5.6842995281193227
47 47 -5.3436465038359167
47 48 -5.0027678220653113
47 49 -4.6616677665134389
47 50 -4.3204924882419018
47 51 -3.9792194731911952
47 52 -3.6379738271219311
47 53 -3.2967097877795291
47 54 -2.9555344033072988
47 55 -2.6143815009332121
47 56 -2.2733396331526428
47 57 -1.9323347564891877
47 58 -1.5915221436464544
47 59 -1.25081053446801
47 60 -0.90890015354990106
47 61 -0.56315945782804033
47 62 -0.23338628300929662
47 63 0
48 0 0
48 1 -16.758619598853063
48 2 -16.756275237872241
48 3 -16.738069210766106
48 4 -16.70177957251132
48 5 -16.64921391327843
48 6 -16.580423450582781
48 7 -16.495632683166995
48 8 -16.395259682023973
48 9 -16.279785926675022
48 10 -16.149614080304833
48 11 -16.005253812623266
48 12 -15.847153390497819
48 13 -15.675864727451508
48 14 -15.491861889722458
48 15 -15.295721796782326
48 16 -15.087932945516904
48 17 -14.869084786124622
48 18 -14.639669811114562
48 19 -14.400278691638402
48 20 -14.151398895102993
48 21 -13.893612472276171
48 22 -13.627394201757536
48 23 -13.353309099260082
48 24 -13.071812898298035
48 25 -12.78344654654189
48 26 -12.488641610426724
48 27 -12.187909252239704
48 28 -11.881652896770113
48 29 -11.570349439643
48 30 -11.254371241165595
48 31 -10.934157596405434
48 32 -10.610047829874951
48 33 -10.282441355673159
48 34 -9.9516433415317032
48 35 -9.6180119976850875
48 36 -9.2818179650406041
48 37 -8.9433777890772213
48 38 -8.6029278693760372
48 39 -8.2607433947008868
48 40 -7.9170273745438715
48 41 -7.5720146287864383
48 42 -7.2258761107306899
48 43 -6.8788078548721527
48 44 -6.5309504992465488
48 45 -6.1824633937192024
48 46 -5.8334589411617515
48 47 -5.4840623525573333
48 48 -5.134360154955802
48 49 -4.7844463452296075
48 50 -4.4343841602783867
48 51 -4.0842396241478349
48 52 -3.7340554528910115
48 53 -3.3838732604047528
48 54 -3.0337182531066467
48 55 -2.6836105243846964
48 56 -2.3335571963492923
48 57 -1.983569819777723
48 58 -1.6337249250980344
48 59 -1.2840154642489641
48 60 -0.93302347759387894
48 61 -0.57813679008439034
48 62 -0.23959523758621895
48 63 0
49 0 0
49 1 -17.032737714484458
49 2 -17.028844454145748
49 3 -17.008933076382238
49 4 -16.970841060198563
49 5 -16.916369872091892
49 6 -16.845538761163827
49 7 -16.758614261358979
49 8 -16.655982368620382
49 9 -16.538146352586711
49 10 -16.405492696459753
49 11 -16.258540981823465
49 12 -16.097735733202075
49 13 -15.923626431337219
49 14 -15.736695477878317
49 15 -15.537505982707838
49 16 -15.326566180165594
49 17 -15.104441179342899
49 18 -14.871653868932841
49 19 -14.628760928923702
49 20 -14.376290076875105
49 21 -14.114780612469003
49 22 -13.844756566925472
49 23 -13.566732333866304
49 24 -13.281221019588328
49 25 -12.988705955713545
49 26 -12.689683304507849
49 27 -12.384600473490865
49 28 -12.073931810143337
49 29 -11.758085140753677
49 30 -11.437509194999812
49 31 -11.112569668609684
49 32 -10.783686852059345
49 33 -10.451182767491536
49 34 -10.11544733800239
49 35 -9.7767582728784781
49 36 -9.4354740047513044
49 37 -9.0918280935652653
49 38 -8.7461470776025703
49 39 -8.3986212364446633
49 40 -8.0495454471390797
49 41 -7.6990681912473891
49 42 -7.3474534772086884
49 43 -6.9948099985123546
49 44 -6.6413721750094572
49 45 -6.28721137098887
49 46 -5.9325341187226073
49 47 -5.5773772899007961
49 48 -5.2219215906731851
49 49 -4.8661725509000959
49 50 -4.5102874170410789
49 51 -4.1542437831215651
49 52 -3.7981780601561561
49 53 -3.4420435789687041
49 54 -3.0859588521951982
49 55 -2.7298558750975883
49 56 -2.3738345980778588
49 57 -2.0178188952889204
49 58 -1.6619792941953309
49 59 -1.3062207465013063
49 60 -0.9491923467597847
49 61 -0.58815247241892998
49 62 -0.24378285476149708
49 63 0
50 0 0
50 1 -17.146847856468153
50 2 -17.141667393513057
50 3 -17.120391981107446
50 4 -17.081051812661233
50 5 -17.025333639019369
50 6 -16.953309517503662
50 7 -16.865212692283389
50 8 -16.761452619346006
50 9 -16.642503464767767
50 10 -16.508764830785349
50 11 -16.360740252236674
50 12 -16.198874624059453
50 13 -16.02371279184397
50 14 -15.835725937825174
50 15 -15.63548368922787
50 16 -15.423472368408262
50 17 -15.200274216100043
50 18 -14.96638043681042
50 19 -14.722374842791572
50 20 -14.468744619097958
50 21 -14.206065508968239
50 22 -13.934813080970386
50 23 -13.655546736121975
50 24 -13.36872409103094
50 25 -13.074881259460588
50 26 -12.774452765889295
50 27 -12.467945760704513
50 28 -12.155767651630816
50 29 -11.838392146054641
50 30 -11.516196537217237
50 31 -11.189617725015843
50 32 -10.859000823949685
50 33 -10.524743590393655
50 34 -10.187157734463469
50 35 -9.8466004723716356
50 36 -9.5033496292091151
50 37 -9.157721334694358
50 38 -8.809959702945477
50 39 -8.4603399938966728
50 40 -8.1090733539909383
50 41 -7.7563950690792511
50 42 -7.4024845509792838
50 43 -7.047538606322914
50 44 -6.6917065622680791
50 45 -6.3351487653251946
50 46 -5.9779864590606184
50 47 -5.6203460035582662
50 48 -5.2623228523146004
50 49 -4.9040122431244599
50 50 -4.5454863730729684
50 51 -4.1868125505353939
50 52 -3.8280424470568759
50 53 -3.4692189709444854
50 54 -3.110376258255144
50 55 -2.7515356502127002
50 56 -2.3927130464481174
50 57 -2.0339215392444174
50 58 -1.6752486980339738
50 59 -1.3166879907236602
50 60 -0.95679290791528848
50 61 -0.59289158025605115
50 62 -0.24574294398562538
50 63 0
51 0 0
51 1 -17.09187505577432
51 2 -17.085558895799526
51 3 -17.063309741081898
51 4 -17.023230202755663
51 5 -16.966988953248798
51 6 -16.894608025325553
51 7 -16.806369334886753
51 8 -16.702628574161434
51 9 -16.583885974843785
51 10 -16.450502193609843
51 11 -16.302994895582788
51 12 -16.141781213944704
51 13 -15.967407481458242
51 14 -15.78032853165659
51 15 -15.581103835075167
51 16 -15.370214566235589
51 17 -15.148222007735509
51 18 -14.915623101423286
51 19 -14.672970772151126
51 20 -14.420768402583287
51 21 -14.15955179449997
51 22 -13.88982265386244
51 23 -13.612092256763336
51 24 -13.326853695998066
51 25 -13.034587634373528
51 26 -12.735772746191492
51 27 -12.430854241100219
51 28 -12.12029163793385
51 29 -11.804491020968378
51 30 -11.483889013376176
51 31 -11.158849980945176
51 32 -10.829784831031013
51 33 -10.497014603584118
51 34 -10.160922511022624
51 35 -9.8217855508406622
51 36 -9.4799580234423377
51 37 -9.1356729637270586
51 38 -8.7892552278205436
51 39 -8.4408946728792511
51 40 -8.0908867891020186
51 41 -7.7393796585285113
51 42 -7.3866400241266241
51 43 -7.0327761313852335
51 44 -6.6780270692918693
51 45 -6.3224636455872432
51 46 -5.9662988020615924
51 47 -5.6095686986175002
51 48 -5.2524619940293427
51 49 -4.8949833190338712
51 50 -4.5372992189436134
51 51 -4.179386184100788
51 52 -3.8213910764270702
51 53 -3.4632659172908888
51 54 -3.1051406345541692
51 55 -2.7469457027455135
51 56 -2.3887932257299891
51 57 -2.0306055414304924
51 58 -1.6725666604175746
51 59 -1.3145790350972213
51 60 -0.95529478618844754
51 61 -0.59195836474850783
51 62 -0.24538915493297478
51 63 0
52 0 0
52 1 -16.8583629990856
52 2 -16.851201119950364
52 3 -16.828350630042038
52 4 -16.788138841564471
52 5 -16.732085844837691
52 6 -16.660272529709005
52 7 -16.572929100280668
52 8 -16.470439032967402
52 9 -16.353250972907851
52 10 -16.221743353592434
52 11 -16.076394010094258
52 12 -15.917624761763456
52 13 -15.745952501933463
52 14 -15.561824902143689
52 15 -15.365782642571824
52 16 -15.158288774100821
52 17 -14.939896354346835
52 18 -14.71107414909736
52 19 -14.472377221956224
52 20 -14.224271633193645
52 21 -13.967305362977353
52 22 -13.7019345452766
52 23 -13.428692243528937
52 24 -13.148018608992516
52 25 -12.860425179469042
52 26 -12.566331174440153
52 27 -12.266221171442062
52 28 -11.960489546787828
52 29 -11.649589595076641
52 30 -11.333887897556226
52 31 -11.013803184412465
52 32 -10.689672166464984
52 33 -10.361876693218891
52 34 -10.03072232151286
52 35 -9.6965525905131713
52 36 -9.3596413272646135
52 37 -9.0202931384242309
52 38 -8.6787501716377697
52 39 -8.3352782083572325
52 40 -7.9900883158546767
52 41 -7.6434082114919546
52 42 -7.2954189572102495
52 43 -6.9463115487896534
52 44 -6.5962385269116073
52 45 -6.2453560211139463
52 46 -5.8937898829105482
52 47 -5.541663679427737
52 48 -5.1890786982601904
52 49 -4.8361286365270884
52 50 -4.4828925868221718
52 51 -4.1294373986459512
52 52 -3.7758225409557555
52 53 -3.4220913781307303
52 54 -3.068286592143898
52 55 -2.7144307339224221
52 56 -2.3605488853129692
52 57 -2.0066559237002659
52 58 -1.6528481166248294
52 59 -1.2991205235168177
52 60 -0.94405526364925185
52 61 -0.58502303953804713
52 62 -0.24250594782137411
52 63 0
53 0 0
53 1 -16.437293645692922
53 2 -16.429451213489578
53 3 -16.406428174533271
53 4 -16.366630291126437
53 5 -16.31154953808576
53 6 -16.241198775297594
53 7 -16.155863778385967
53 8 -16.055852348897055
53 9 -15.941643949073413
53 10 -15.813554883257511
53 11 -15.672081840659017
53 12 -15.517594290458542
53 13 -15.350615068368093
53 14 -15.171550089124146
53 15 -14.980934074465383
53 16 -14.779199170873296
53 17 -14.566881401726976
53 18 -14.344429604745098
53 19 -14.112371584022396
53 20 -13.871164418808986
53 21 -13.621319454218396
53 22 -13.363294619411709
53 23 -13.097577810556203
53 24 -12.824621451411543
53 25 -12.544884210682884
53 26 -12.258807646648599
53 27 -11.966816577170471
53 28 -11.669337278019693
53 29 -11.366757179543272
53 30 -11.059483741207833
53 31 -10.747864479131232
53 32 -10.432285321534385
53 33 -10.113052271775722
53 34 -9.7905277642819453
53 35 -9.4649755352573823
53 36 -9.1367332485367037
53 37 -8.8060223788386338
53 38 -8.4731551629810085
53 39 -8.138311497633504
53 40 -7.8017780934746419
53 41 -7.4636945512187971
53 42 -7.1243224535274852
53 43 -6.7837629110324382
53 44 -6.4422532171338345
53 45 -6.0998582521217877
53 46 -5.7567922465612025
53 47 -5.4130864995330663
53 48 -5.0689337436328694
53 49 -4.7243346764823899
53 50 -4.3794623897728195
53 51 -4.0342902339205837
53 52 -3.6889737685573847
53 53 -3.3434625386307357
53 54 -2.9978969920586427
53 55 -2.6522056884559926
53 56 -2.306512859922659
53 57 -1.9607391475565701
53 58 -1.6150791307855019
53 59 -1.2694334529899929
53 60 -0.92251758168523634
53 61 -0.57167033218239249
53 62 -0.2370022024341551
53 63 0
54 0 0
54 1 -15.819244833109559
54 2 -15.811036497421224
54 3 -15.788239547672537
54 4 -15.749508680118272
54 5 -15.696155526058087
54 6 -15.628258352847574
54 7 -15.54603272567158
54 8 -15.44981900511657
54 9 -15.340022545614369
54 10 -15.216982561649292
54 11 -15.081131919763568
54 12 -14.932849621421626
54 13 -14.77260389204514
54 14 -14.600798097559506
54 15 -14.417922333315593
54 16 -14.224394974354961
54 17 -14.020717777205322
54 18 -13.807315468713593
54 19 -13.584692165825786
54 20 -13.353271373092669
54 21 -13.113551383173633
54 22 -12.865947951116917
54 23 -12.610946458618471
54 24 -12.348949403718473
54 25 -12.080423244906953
54 26 -11.805752689137966
54 27 -11.525380294447071
54 28 -11.239669358632636
54 29 -10.94903454684683
54 30 -10.653814980576817
54 31 -10.354394366720916
54 32 -10.051085664608697
54 33 -9.7442394219185573
54 34 -9.4341411597483376
54 35 -9.1211068646307289
54 36 -8.8053939817279865
54 37 -8.4872832672154814
54 38 -8.1670040213396859
54 39 -7.8448017674932471
54 40 -7.5208780940805262
54 41 -7.1954438915813084
54 42 -6.8686739088727036
54 43 -6.5407455433850332
54 44 -6.2118079576514607
54 45 -5.8820066763162266
54 46 -5.5514668560181946
54 47 -5.2203041927152762
54 48 -4.8886216962055808
54 49 -4.5565076483744775
54 50 -4.2240450054483611
54 51 -3.8912973673003188
54 52 -3.5583299266256354
54 53 -3.2251846626426888
54 54 -2.8919115520731165
54 55 -2.5585333616601162
54 56 -2.2250839543976344
54 57 -1.8915792688467383
54 58 -1.558120751607273
54 59 -1.2247052681937192
54 60 -0.89000701112034819
54 61 -0.55155366430709207
54 62 -0.22865215157421512
54 63 0
55 0 0
55 1 -14.995253006029786
55 2 -14.986854179725297
55 3 -14.964745707467131
55 4 -14.927658410107444
55 5 -14.876868159182996
55 6 -14.812367803873251
55 7 -14.734435530264363
55 8 -14.64331444838607
55 9 -14.539445938728848
55 10 -14.423084052596909
55 11 -14.294685741412572
55 12 -14.15455307089357
55 13 -14.003165217637148
55 14 -13.840858217079214
55 15 -13.668120980454498
55 16 -13.485314884815033
55 17 -13.292929157760888
55 18 -13.091342426906888
55 19 -12.881035749394963
55 20 -12.662397803548165
55 21 -12.435894102603216
55 22 -12.201917039541188
55 23 -11.96091030194286
55 24 -11.713264509251152
55 25 -11.459396305132236
55 26 -11.199689863678154
55 27 -10.934530585962529
55 28 -10.664292305050552
55 29 -10.389325945482158
55 30 -10.109991833426367
55 31 -9.8266040850376051
55 32 -9.5395070335589605
55 33 -9.2489764893172257
55 34 -8.9553389347569752
55 35 -8.6588311409607197
55 36 -8.3597604579329836
55 37 -8.0583245769679053
55 38 -7.754810959137
55 39 -7.4493787979226127
55 40 -7.1422953846398638
55 41 -6.8336825511547925
55 42 -6.5237875664896903
55 43 -6.2126965260128859
55 44 -5.9006372071955795
55 45 -5.5876620213545678
55 46 -5.2739801259019217
55 47 -4.9596126704518664
55 48 -4.6447513645854341
55 49 -4.3293888355384764
55 50 -4.0137007798495192
55 51 -3.6976543074485657
55 52 -3.3814107654117822
55 53 -3.0649150297127958
55 54 -2.7483160481907305
55 55 -2.4315390880863137
55 56 -2.1147194093112365
55 57 -1.7977747953847942
55 58 -1.4809060158461818
55 59 -1.1640117048467864
55 60 -0.84593712198612814
55 61 -0.52423613156490367
55 62 -0.21735892652743463
55 63 0
56 0 0
56 1 -13.955909527066382
56 2 -13.947655725262766
56 3 -13.926655759276917
56 4 -13.891903970999065
56 5 -13.844467230750563
56 6 -13.784410810325356
56 7 -13.711924578507526
56 8 -13.627289398983837
56 9 -13.530850554403703
56 10 -13.422890605760159
56 11 -13.303779056825544
56 12 -13.173832892749815
56 13 -13.033451713575561
56 14 -12.882974198999266
56 15 -12.722818823729639
56 16 -12.553338145492047
56 17 -12.374960925671589
56 18 -12.188046348859189
56 19 -11.993025619256386
56 20 -11.790258178276142
56 21 -11.580170739944359
56 22 -11.363117485158453
56 23 -11.139514604532106
56 24 -10.909706334371364
56 25 -10.674093192922646
56 26 -10.433005586249527
56 27 -10.186824067377731
56 28 -9.9358620809561202
56 29 -9.680476741040966
56 30 -9.4209621037905826
56 31 -9.1576491462549683
56 32 -8.8908107588008196
56 33 -8.6207498114444725
56 34 -8.3477168450203276
56 35 -8.0719853301736606
56 36 -7.7937828115668939
56 37 -7.5133526942414495
56 38 -7.2308993617414243
56 39 -6.9466360615781211
56 40 -6.6607442795487799
56 41 -6.373407536804967
56 42 -6.08478506245544
56 43 -5.7950315555231136
56 44 -5.5042849597669532
56 45 -5.2126724809181901
56 46 -4.9203120351025502
56 47 -4.6273050415941173
56 48 -4.333750892748955
56 49 -4.0397272616625539
56 50 -3.7453167298308956
56 51 -3.4505755527159256
56 52 -3.1555713913565722
56 53 -2.8603417130420015
56 54 -2.5649413818361801
56 55 -2.2693911268708313
56 56 -1.9737320798355547
56 57 -1.6779792263194648
56 58 -1.382234160525101
56 59 -1.0864945888329123
56 60 -0.78959646276561235
56 61 -0.48935124113768635
56 62 -0.20288509651337588
56 63 0
57 0 0
57 1 -12.692297125684391
57 2 -12.684370831782568
57 3 -12.664970307384142
57 4 -12.63315414143117
57 5 -12.589948538532802
57 6 -12.535317109893674
57 7 -12.469519419486591
57 8 -12.392718412172441
57 9 -12.305301046176202
57 10 -12.207442420736403
57 11 -12.099541857063716
57 12 -11.981815407811917
57 13 -11.854679194729517
57 14 -11.718379403373866
57 15 -11.573338696750119
57 16 -11.419826760827467
57 17 -11.258264949147057
57 18 -11.088940198712942
57 19 -10.912265469540722
57 20 -10.728539356627328
57 21 -10.538160250583996
57 22 -10.341433445261236
57 23 -10.138737481523677
57 24 -9.9303800158810418
57 25 -9.716715336468269
57 26 -9.4980497272424351
57 27 -9.2747096669626643
57 28 -9.0469969048030343
57 29 -8.8152073594854663
57 30 -8.5796356239770475
57 31 -8.3405450649896338
57 32 -8.0982210040484048
57 33 -7.8528929704917827
57 34 -7.6048353696329363
57 35 -7.3542432596726579
57 36 -7.1013789195665229
57 37 -6.8464028978361826
57 38 -6.5895645363000552
57 39 -6.3309903740367899
57 40 -6.0709163700898596
57 41 -5.8094360376493546
57 42 -5.5467718395540624
57 43 -5.2829856763400906
57 44 -5.0182867018823654
57 45 -4.7527069957921961
57 46 -4.4864428607464077
57 47 -4.2194986773806216
57 48 -3.9520585966788948
57 49 -3.6841017074691447
57 50 -3.4158009222768597
57 51 -3.1471126864329491
57 52 -2.8781997759612965
57 53 -2.6089988929205727
57 54 -2.339664020343565
57 55 -2.0701144625475663
57 56 -1.8004939896210328
57 57 -1.5307150357791979
57 58 -1.2609783419829177
57 59 -0.99117912337540537
57 60 -0.72036497872332417
57 61 -0.44643815826588834
57 62 -0.18512699667848145
57 63 0
58 0 0
58 1 -11.195282586477502
58 2 -11.188036093037001
58 3 -11.170671407306742
58 4 -11.142513877655491
58 5 -11.104355972918707
58 6 -11.056241104754715
58 7 -10.998323307994378
58 8 -10.930808879797144
58 9 -10.85396782470365
58 10 -10.768009800113271
58 11 -10.673224014134512
58 12 -10.569847358289989
58 13 -10.458192202624057
58 14 -10.338513156525853
58 15 -10.21113723802983
58 16 -10.076330888257695
58 17 -9.9344291931459523
58 18 -9.7857049528842044
58 19 -9.6304952942914301
58 20 -9.4690745493883046
58 21 -9.3017765337743565
58 22 -9.1288729090530243
58 23 -8.9506894971974731
58 24 -8.7674916996918348
58 25 -8.579593324096118
58 26 -8.3872505110381859
58 27 -8.1907616771966758
58 28 -7.9903712602861754
58 29 -7.78635953006936
58 30 -7.5789573028312329
58 31 -7.3684245370176082
58 32 -7.1549769942949277
58 33 -6.9388527167570864
58 34 -6.7202514237715683
58 35 -6.4993881608529813
58 36 -6.2764460226607852
58 37 -6.0516164667940933
58 38 -5.8250657463469553
58 39 -5.5969615920118381
58 40 -5.367453525520296
58 41 -5.1366858273837401
58 42 -4.9047916884907679
58 43 -4.6718925953103101
58 44 -4.43810606408005
58 45 -4.203531787082273
58 46 -3.9682724854391003
58 47 -3.7324073659267776
58 48 -3.4960254275562814
58 49 -3.2591869751965441
58 50 -3.0219685244012351
58 51 -2.784413301550773
58 52 -2.5465867193191154
58 53 -2.3085170007037532
58 54 -2.0702600246890177
58 55 -1.8318306198369714
58 56 -1.5932742289935535
58 57 -1.3546012027245911
58 58 -1.1159063702894625
58 59 -0.87718576100102064
58 60 -0.63751302519602082
58 61 -0.39512288626489367
58 62 -0.16384233782355367
58 63 0
59 0 0
59 1 -9.4564637862666689
59 2 -9.4500834751005947
59 3 -9.4352685117808868
59 4 -9.4113857222227395
59 5 -9.3791850347113446
59 6 -9.3385934283546046
59 7 -9.2898419056061101
59 8 -9.232999511584822
59 9 -9.1683842101552138
59 10 -9.0960770197333787
59 11 -9.0164033638259351
59 12 -8.9294761830105625
59 13 -8.8356306695029012
59 14 -8.7350045832031622
59 15 -8.6279352760773769
59 16 -8.5145810631210352
59 17 -8.3952755373880201
59 18 -8.2701935177654118
59 19 -8.1396594949781527
59 20 -8.0038611355912508
59 21 -7.8631091589335478
59 22 -7.7176008006897998
59 23 -7.5676290096699903
59 24 -7.4133976825588412
59 25 -7.2551786595612553
59 26 -7.0931799472244137
59 27 -6.9276495814781329
59 28 -6.7587974680326486
59 29 -6.5868457592500009
59 30 -6.4120043711935573
59 31 -6.2344680779206714
59 32 -6.0544452193912068
59 33 -5.8721022450997493
59 34 -5.6876446150182289
59 35 -5.50121001731425
59 36 -5.3129999911397157
59 37 -5.1231234953404421
59 38 -4.9317773515116725
59 39 -4.7390422484905477
59 40 -4.5451097194211947
59 41 -4.3500330283948783
59 42 -4.1539980575189404
59 43 -3.9570318367898358
59 44 -3.7593144261164149
59 45 -3.5608481182269145
59 46 -3.3618071547334463
59 47 -3.1621708566630136
59 48 -2.9621078103446465
59 49 -2.761576364119374
59 50 -2.5607397551303195
59 51 -2.359537556631496
59 52 -2.1581280913646883
59 53 -1.9564345606204345
59 54 -1.754610979812899
59 55 -1.5525661727934821
59 56 -1.350448372886643
59 57 -1.1481602475454591
59 58 -0.94589431299833471
59 59 -0.74353911445030874
59 60 -0.54042336675201252
59 61 -0.33494390650967676
59 62 -0.13893102952960248
59 63 0
60 0 0
60 1 -7.4642707783386664
60 2 -7.4591236210035863
60 3 -7.4473099818430608
60 4 -7.4284522834735833
60 5 -7.4030472874612423
60 6 -7.3711090226158076
60 7 -7.3327480399854572
60 8 -7.2880821223648375
60 9 -7.2372938013163735
60 10 -7.1805044711792556
60 11 -7.1179089230926165
60 12 -7.0496467605768069
60 13 -6.9759271989814708
60 14 -6.896902226337601
60 15 -6.8127900581543521
60 16 -6.7237514667472347
60 17 -6.630009428199461
60 18 -6.5317301421354559
60 19 -6.4291374484921482
60 20 -6.3224000022579281
60 21 -6.2117390293351846
60 22 -6.0973230409929187
60 23 -5.9793675896264196
60 24 -5.858038809813813
60 25 -5.7335439373005537
60 26 -5.6060448496228208
60 27 -5.4757382313033949
60 28 -5.3427801575258398
60 29 -5.2073549236710859
60 30 -5.0696115717263401
60 31 -4.9297205515483746
60 32 -4.787822933054918
60 33 -4.644074228242852
60 34 -4.4986068645234276
60 35 -4.3515606685480108
60 36 -4.2030589993662808
60 37 -4.0532255752686961
60 38 -3.9021744820621063
60 39 -3.7500132099730843
60 40 -3.5968465647259
60 41 -3.442765970459071
60 42 -3.287867122077178
60 43 -3.1322257993993032
60 44 -2.9759289111444645
60 45 -2.8190372523944598
60 46 -2.6616294062988297
60 47 -2.5037520586407167
60 48 -2.3454760456433221
60 49 -2.1868350132765642
60 50 -2.0278927307258932
60 51 -1.8686710445314094
60 52 -1.7092274237925051
60 53 -1.5495733354439012
60 54 -1.3897608355092441
60 55 -1.2297921217373722
60 56 -1.0697130557993431
60 57 -0.90952265685208289
60 58 -0.7493006621897782
60 59 -0.58903596392977042
60 60 -0.4281230874791061
60 61 -0.26537152740798342
60 62 -0.11007299950274438
60 63 0
61 0 0
61 1 -5.199839065228276
61 2 -5.1961244634925707
61 3 -5.1878605953299051
61 4 -5.1746766513732148
61 5 -5.157027065223887
61 6 -5.134799381016272
61 7 -5.1081869881908055
61 8 -5.0771548668951247
61 9 -5.0419385862945054
61 10 -5.0025132065430791
61 11 -4.9591150346858832
61 12 -4.9117400333976544
61 13 -4.8606256090889142
61 14 -4.8057856583251626
61 15 -4.7474540906719156
61 16 -4.6856611437174243
61 17 -4.6206335596557988
61 18 -4.5524163541369029
61 19 -4.4812257991076638
61 20 -4.4071202422804747
61 21 -4.3303026061718857
61 22 -4.2508432293979759
61 23 -4.1689292320355946
61 24 -4.0846417022431023
61 25 -3.998149929390292
61 26 -3.9095446030929861
61 27 -3.8189755705027668
61 28 -3.7265420613624203
61 29 -3.632373272525478
61 30 -3.5365759931575345
61 31 -3.4392579474436511
61 32 -3.3405325784929651
61 33 -3.240485679962831
61 34 -3.1392365141420759
61 35 -3.0368488270006435
61 36 -2.9334469323661123
61 37 -2.8290727264255509
61 38 -2.7238548712635273
61 39 -2.6178138995138815
61 40 -2.511082180487791
61 41 -2.4036596306174638
61 42 -2.2956817459826824
61 43 -2.1871288081823854
61 44 -2.0781389186734391
61 45 -1.968673913073999
61 46 -1.8588740343031469
61 47 -1.7486840427708226
61 48 -1.63824591452569
61 49 -1.5274888632068004
61 50 -1.4165562426549636
61 51 -1.3053633820343395
61 52 -1.1940547082397521
61 53 -1.0825334620807103
61 54 -0.97094491829984708
61 55 -0.85918181238878166
61 56 -0.7473888767473239
61 57 -0.635453413515084
61 58 -0.52354675697198816
61 59 -0.41154669560504237
61 60 -0.29914832173563566
61 61 -0.1854046197385561
61 62 -0.076925572616996035
61 63 0
62 0 0
62 1 -2.6645854749690123
62 2 -2.6626921762742808
62 3 -2.6584304043820297
62 4 -2.6516918666883229
62 5 -2.6426359416784138
62 6 -2.6312758517641885
62 7 -2.6176421579812241
62 8 -2.6017833427650832
62 9 -2.5837546827662252
62 10 -2.5636056960285094
62 11 -2.5413963674991815
62 12 -2.5171821424507934
62 13 -2.4910285150425739
62 14 -2.4629948260514385
62 15 -2.4331503003911288
62 16 -2.4015568834731673
62 17 -2.3682861399426187
62 18 -2.3334014095711315
62 19 -2.2969753134316488
62 20 -2.2590715068046747
62 21 -2.2197625182837282
62 22 -2.1791113689275869
62 23 -2.1371894806719451
62 24 -2.0940584188695439
62 25 -2.0497876188631414
62 26 -2.004436493734846
62 27 -1.9580717440524744
62 28 -1.9107500541727598
62 29 -1.8625347695339483
62 30 -1.8134793835142502
62 31 -1.7636433888824019
62 32 -1.7130767333338752
62 33 -1.6618346764352925
62 34 -1.6099633659301202
62 35 -1.5575135582882376
62 36 -1.5045274401163562
62 37 -1.4510510987814076
62 38 -1.3971226842377735
62 39 -1.3427835456435635
62 40 -1.2880677991041729
62 41 -1.2330120762422432
62 42 -1.1776465332432418
62 43 -1.1220031874710825
62 44 -1.0661083732728978
62 45 -1.0099896724587842
62 46 -0.95366979305541799
62 47 -0.89717212831703863
62 48 -0.84051600647177549
62 49 -0.78372094045385254
62 50 -0.72680316997091943
62 51 -0.66977868958150821
62 52 -0.6126609809362028
62 53 -0.55546293971283001
62 54 -0.49819567014706118
62 55 -0.44086927107862056
62 56 -0.38349225870604553
62 57 -0.32607401695196869
62 58 -0.26863488246655576
62 59 -0.2111809109671649
62 60 -0.15348695914926574
62 61 -0.095136473356913623
62 62 -0.039449723122235485
62 63 0
63 0 0
63 1 0
63 2 0
63 3 0
63 4 0
63 5 0
63 6 0
63 7 0
63 8 0
63 9 0
63 10 0
63 11 0
63 12 0
63 13 0
63 14 0
63 15 0
63 16 0
63 17 0
63 18 0
63 19 0
63 20 0
63 21 0
63 22 0
63 23 0
63 24 0
63 25 0
63 26 0
63 27 0
63 28 0
63 29 0
63 30 0
63 31 0
63 32 0
63 33 0
63 34 0
63 35 0
63 36 0
63 37 0
63 38 0
63 39 0
63 40 0
63 41 0
63 42 0
63 43 0
63 44 0
63 45 0
63 46 0
63 47 0
63 48 0
63 49 0
63 50 0
63 51 0
63 52 0
63 53 0
63 54 0
63 55 0
63 56 0
63 57 0
63 58 0
63 59 0
63 60 0
63 61 0
63 62 0
63 63 0
