0 0 0
0 1 0
0 2 0
0 3 0
0 4 0
0 5 0
0 6 0
0 7 0
0 8 0
0 9 0
0 10 0
0 11 0
0 12 0
0 13 0
0 14 0
0 15 0
0 16 0
0 17 0
0 18 0
0 19 0
0 20 0
0 21 0
0 22 0
0 23 0
0 24 0
0 25 0
0 26 0
0 27 0
0 28 0
0 29 0
0 30 0
0 31 0
0 32 0
0 33 0
0 34 0
0 35 0
0 36 0
0 37 0
0 38 0
0 39 0
0 40 0
0 41 0
0 42 0
0 43 0
0 44 0
0 45 0
0 46 0
0 47 0
0 48 0
0 49 0
0 50 0
0 51 0
0 52 0
0 53 0
0 54 0
0 55 0
0 56 0
0 57 0
0 58 0
0 59 0
0 60 0
0 61 0
0 62 0
0 63 0
1 0 0
1 1 2.9934906406278099
1 2 2.9875326259562316
1 3 2.9789208856588445
1 4 2.9677499869611204
1 5 2.9540674432171108
1 6 2.9379395535566455
1 7 2.9194141533059552
1 8 2.8985496884520359
1 9 2.8754021493121571
1 10 2.8500379339435602
1 11 2.8225189416106193
1 12 2.7929170865245907
1 13 2.7612981310951024
1 14 2.7277378045645273
1 15 2.6923044589287315
1 16 2.6550761947647157
1 17 2.6161226702488354
1 18 2.5755230030731084
1 19 2.533347022207872
1 20 2.4896736497714507
1 21 2.4445718816806501
1 22 2.3981193690330711
1 23 2.350383403773022
1 24 2.3014394288741453
1 25 2.2513522913405453
1 26 2.2001944252751349
1 27 2.1480276172069108
1 28 2.0949206244709555
1 29 2.0409316772196315
1 30 1.9861253162260841
1 31 1.9305558323324101
1 32 1.8742831324098816
1 33 1.8173572908074076
1 34 1.7598332793118852
1 35 1.7017567768293822
1 36 1.6431776282957848
1 37 1.5841370288345611
1 38 1.524679607149988
1 39 1.464842069268663
1 40 1.4046638334674515
1 41 1.3441771869489056
1 42 1.2834164312661649
1 43 1.2224095734369025
1 44 1.1611859725881986
1 45 1.0997695555996612
1 46 1.0381849867811952
1 47 0.97645236765571108
1 48 0.91459198141015663
1 49 0.85262040737925204
1 50 0.79055392018707626
1 51 0.72840592176389529
1 52 0.66618910251813823
1 53 0.60391408015773262
1 54 0.54159045139891804
1 55 0.47922629139685452
1 56 0.41682791955535492
1 57 0.35440316087145524
1 58 0.29197134070812919
1 59 0.22953613834139031
1 60 0.16684430937713893
1 61 0.10344579173454324
1 62 0.042967284605209613
1 63 0
2 0 0
2 1 5.8518223423883295
2 2 5.8401311972709076
2 3 5.8231554773778473
2 4 5.8012309356148508
2 5 5.7743069190229415
2 6 5.7426620412149392
2 7 5.7062500422925124
2 8 5.6653249424622585
2 9 5.6198636422382231
2 10 5.5701271632934857
2 11 5.5161129466341547
2 12 5.4580829888851143
2 13 5.3960525285933336
2 14 5.3302800379130595
2 15 5.2607971778312566
2 16 5.1878550194895823
2 17 5.1115000866516818
2 18 5.0319724961079082
2 19 4.949332206782862
2 20 4.8638052686539259
2 21 4.7754637434889657
2 22 4.6845169412845822
2 23 4.5910477898900597
2 24 4.4952466299314215
2 25 4.3972061081877456
2 26 4.2970958049014589
2 27 4.1950170220341052
2 28 4.0911172151643536
2 29 3.9855053550575263
2 30 3.8783058181877963
2 31 3.7696343298145223
2 32 3.6595916216752071
2 33 3.5482993269787868
2 34 3.4358343317092017
2 35 3.3223233950128148
2 36 3.2078196942555031
2 37 3.0924543948021173
2 38 2.9762574127654626
2 39 2.8593636608760735
2 40 2.7417805229291403
2 41 2.6236460601628502
2 42 2.5049461058087648
2 43 2.3858213301391156
2 44 2.2662372221005902
2 45 2.1463365802505869
2 46 2.026065952676777
2 47 1.9055698431897747
2 48 1.7847774334978217
2 49 1.6638345657852389
2 50 1.5426547762171854
2 51 1.4213849307987858
2 52 1.2999247643773841
2 53 1.1784219255610737
2 54 1.056764335916808
2 55 0.93509987333247668
2 56 0.81330532192521698
2 57 0.69153223321041091
2 58 0.56967912098567308
2 59 0.44789244508411696
2 60 0.32553530033173173
2 61 0.20187098465461356
2 62 0.08383432273192408
2 63 0
3 0 0
3 1 8.427981821262458
3 2 8.4107581303708994
3 3 8.3860072447278409
3 4 8.3539993314229921
3 5 8.3148487647583753
3 6 8.2687786378743535
3 7 8.2159046309901651
3 8 8.1564216009068957
3 9 8.0904687635337336
3 10 8.0182626101913197
3 11 7.9399602169497809
3 12 7.855792275505312
3 13 7.7659279444203415
3 14 7.6706069992444634
3 15 7.5700072115225323
3 16 7.4643730628878693
3 17 7.3538874090076574
3 18 7.2387953334830941
3 19 7.1192816720648855
3 20 6.9955884401537185
3 21 6.8678997251827392
3 22 6.736451227858633
3 23 6.6014239368214165
3 24 6.4630444195427925
3 25 6.3214885817405104
3 26 6.1769714615732774
3 27 6.0296622476217596
3 28 5.8797624648200539
3 29 5.7274332800518604
3 30 5.5728611191376647
3 31 5.416198129668703
3 32 5.2576144335471815
3 33 5.0972524443630824
3 34 4.9352651374311565
3 35 4.7717847358923251
3 36 4.6069465675878769
3 37 4.4408724424997912
3 38 4.273679860599886
3 39 4.1054802058176163
3 40 3.9363732684592345
3 41 3.7664601803678055
3 42 3.5958234167551941
3 43 3.4245541964641557
3 44 3.2527183281533492
3 45 3.0803976015071735
3 46 2.9076420386999819
3 47 2.7345246099380862
3 48 2.5610806401107746
3 49 2.3873749980947765
3 50 2.2134295873107055
3 51 2.0393019839339996
3 52 1.8650021099567045
3 53 1.6905811683993803
3 54 1.51603874213348
3 55 1.3414201319403203
3 56 1.1667143380565226
3 57 0.99196696472468393
3 58 0.81720246359311732
3 59 0.64245540486147834
3 60 0.46698421972639415
3 61 0.28955503071024219
3 62 0.12030028285200951
3 63 0
4 0 0
4 1 10.719564178833934
4 2 10.697229185887444
4 3 10.665218133143695
4 4 10.623966070982251
4 5 10.573523296867004
4 6 10.51428128470679
4 7 10.446298482196607
4 8 10.369918254812243
4 9 10.285236767222168
4 10 10.192617207955383
4 11 10.092187238926053
4 12 9.9843191889381337
4 13 9.8691652398674226
4 14 9.7470996014321791
4 15 9.6182950073263509
4 16 9.4831213711984823
4 17 9.3417678001023496
4 18 9.1945942240238931
4 19 9.0418023801977672
4 20 8.8837372304641793
4 21 8.7206097679256143
4 22 8.5527456897361596
4 23 8.3803622440967533
4 24 8.2037622555434311
4 25 8.0231665890351866
4 26 7.8388522620290919
4 27 7.651041465282951
4 28 7.4599831242366177
4 29 7.2658987939762216
4 30 7.0690076414827674
4 31 6.8695289349242454
4 32 6.6676509986667059
4 33 6.4635894532506466
4 34 6.2575012387201658
4 35 6.0495972383417325
4 36 5.8400029664599735
4 37 5.6289237315970029
4 38 5.4164540380876014
4 39 5.2027930162920528
4 40 4.9880049898508698
4 41 4.7722825242615352
4 42 4.5556609625892248
4 43 4.3383261188512838
4 44 4.1202858848996913
4 45 3.9017193206538727
4 46 3.6826086855543001
4 47 3.4631264510662665
4 48 3.243231314783765
4 49 3.0230894781372415
4 50 2.8026383636242143
4 51 2.5820383557090523
4 52 2.3612080715058918
4 53 2.1403026945904222
4 54 1.919224735589002
4 55 1.6981242508474839
4 56 1.4768879239153085
4 57 1.2556680227086647
4 58 1.0343942976426059
4 59 0.81320650873138378
4 60 0.59106252266088644
4 61 0.36649600949224981
4 62 0.15223770945196705
4 63 0
5 0 0
5 1 12.746369644138841
5 2 12.719157869378749
5 3 12.680474969615874
5 4 12.630669878457747
5 5 12.569943489625738
5 6 12.49863729670534
5 7 12.416956875168278
5 8 12.325190862125684
5 9 12.223579998286505
5 10 12.112447982726865
5 11 11.99206231438038
5 12 11.862769220978221
5 13 11.724853235377745
5 14 11.578675132935851
5 15 11.424530808787381
5 16 11.262788798468117
5 17 11.093750600667423
5 18 10.917786174857408
5 19 10.735197581573093
5 20 10.546350570952233
5 21 10.351543355321168
5 22 10.151132522471709
5 23 9.9454086598227889
5 24 9.7347149216410891
5 25 9.5193311062819461
5 26 9.2995833310146665
5 27 9.0757380248748181
5 28 8.8481013106239121
5 29 8.6169242167902507
5 30 8.3824905323557264
5 31 8.1450343644898027
5 32 7.9048154154720187
5 33 7.6620498196950066
5 34 7.4169719914804215
5 35 7.1697794687715151
5 36 6.9206806919513975
5 37 6.6698543651970104
5 38 6.4174827469761651
5 39 6.1637258164685464
5 40 5.90873988273498
5 41 5.6526666162659573
5 42 5.3956370124053743
5 43 5.1377751203925479
5 44 4.8791876239655627
5 45 4.6199818756668432
5 46 4.360241580155507
5 47 4.1000585234438969
5 48 3.8394950589530574
5 49 3.5786287131049921
5 50 3.3175023768159253
5 51 3.0561807712268934
5 52 2.7946894407500751
5 53 2.5330819310320263
5 54 2.2713688428682466
5 55 2.0095935172580557
5 56 1.7477511637980916
5 57 1.4858844554686808
5 58 1.2240422423562787
5 59 0.96225009131556438
5 60 0.69940744124820053
5 61 0.4336369116720733
5 62 0.18015248487199875
5 63 0
6 0 0
6 1 14.519564254432526
6 2 14.487900416466928
6 3 14.443056895169422
6 4 14.385516587942785
6 5 14.315418397280187
6 6 14.233257760099855
6 7 14.139188887801639
6 8 14.033630264894033
6 9 13.916785026386503
6 10 13.789102835661375
6 11 13.650827469288235
6 12 13.502424138810543
6 13 13.344166145087296
6 14 13.176524564608494
6 15 12.999795952469393
6 16 12.814449081219655
6 17 12.620797258347983
6 18 12.419299444948161
6 19 12.210279931242479
6 20 11.994181313370794
6 21 11.77133372452686
6 22 11.542157763589778
6 23 11.306984902085553
6 24 11.066209023921907
6 25 10.820159050486076
6 26 10.569198320152505
6 27 10.313649905899764
6 28 10.053843618772593
6 29 9.7900939438720762
6 30 9.5226949849479698
6 31 9.2519504240328789
6 32 8.9781172265958364
6 33 8.7014865446552001
6 34 8.4222774667629459
6 35 8.1407673398651976
6 36 7.8571372706983205
6 37 7.5716499421086532
6 38 7.2844489487487856
6 39 6.9957818315401488
6 40 6.7057556590252361
6 41 6.414602700081514
6 42 6.1223949426531954
6 43 5.8293495691182899
6 44 5.5355053375991314
6 45 5.2410648145865082
6 46 4.9460357331161573
6 47 4.6506067702106195
6 48 4.3547571445526998
6 49 4.058662597999084
6 50 3.7622766068839844
6 51 3.4657631297376956
6 52 3.1690528923684926
6 53 2.872299452270981
6 54 2.5754140641944439
6 55 2.2785405525699778
6 56 1.9815707039953387
6 57 1.6846490117871467
6 58 1.3877266662461791
6 59 1.0909298381388324
6 60 0.79290370019985468
6 61 0.49161652708233439
6 62 0.20422340273728445
6 63 0
7 0 0
7 1 16.048033710697396
7 2 16.012168430323154
7 3 15.961750248093775
7 4 15.897169153710266
7 5 15.818694510034852
7 6 15.726778800769321
7 7 15.621705192199242
7 8 15.503843478235867
7 9 15.373519819624391
7 10 15.231150701612709
7 11 15.077096233387975
7 12 14.911801799876427
7 13 14.735647986003407
7 14 14.54909861184537
7 15 14.352547220529223
7 16 14.14646719654719
7 17 13.931257400836282
7 18 13.707392542619461
7 19 13.475270154050563
7 20 13.235358986252272
7 21 12.98804946272586
7 22 12.733798011939784
7 23 12.472983033122681
7 24 12.206043181587017
7 25 11.933340748587256
7 26 11.655292054906607
7 27 11.37223998958881
7 28 11.084574831771972
7 29 10.79261751300948
7 30 10.496729375333251
7 31 10.197207521006113
7 32 9.8943822233335581
7 33 9.5885255088829648
7 34 9.2799351633731284
7 35 8.9688574578799845
7 36 8.6555569316356848
7 37 8.3402539290414701
7 38 8.0231795905902423
7 39 7.7045286153664492
7 40 7.3844991466090733
7 41 7.0632609186662068
7 42 6.7409799809175457
7 43 6.4178021327808796
7 44 6.0938626848076032
7 45 5.7692848341883991
7 46 5.4441749109050876
7 47 5.1186351030129664
7 48 4.7927448750648178
7 49 4.4665872209675159
7 50 4.1402171673487658
7 51 3.813700512358015
7 52 3.4870705417787398
7 53 3.1603780735972009
7 54 2.8336376965455625
7 55 2.5068866438056312
7 56 2.1801202660632057
7 57 1.8533742845430814
7 58 1.5267112305748463
7 59 1.2001450131972473
7 60 0.87230053770905636
7 61 0.54081657815552731
7 62 0.22470093133818878
7 63 0
8 0 0
8 1 17.340416708464613
8 2 17.300778592904166
8 3 17.245303121981319
8 4 17.174491054266372
8 5 17.088550022844821
8 6 16.988068806818706
8 7 16.873285985588051
8 8 16.744680139430113
8 9 16.602545654019849
8 10 16.447401880650929
8 11 16.279591068786544
8 12 16.099652723597952
8 13 15.907961964117469
8 14 15.705066804455134
8 15 15.491367051324364
8 16 15.267409435764801
8 17 15.033609998213173
8 18 14.790505218200739
8 19 14.538519925533457
8 20 14.278172558947221
8 21 14.009890160732327
8 22 13.73416646604616
8 23 13.451425022894972
8 24 13.16212931046131
8 25 12.866694517017622
8 26 12.565549382778409
8 27 12.25909667386898
8 28 11.947726924485753
8 29 11.631827173381112
8 30 11.311747234597703
8 31 10.98785582111922
8 32 10.66046039630516
8 33 10.329909403166418
8 34 9.9964671345261369
8 35 9.6604604202030941
8 36 9.3221102989648035
8 37 8.9817211926833664
8 38 8.6394714649320274
8 39 8.2956428323928542
8 40 7.9503721525595079
8 41 7.6039185883776179
8 42 7.2563791814431235
8 43 6.9079910947661727
8 44 6.5588136998778168
8 45 6.2090630722502382
8 46 5.8587634537545581
8 47 5.5081110621439677
8 48 5.1570978882362954
8 49 4.8059018007950609
8 50 4.4544857045649424
8 51 4.1030108667303837
8 52 3.7514145097771183
8 53 3.3998433211475834
8 54 3.0482125689282586
8 55 2.696655539553126
8 56 2.3450653597086628
8 57 1.9935746151030473
8 58 1.6421477796722053
8 59 1.290894572336168
8 60 0.93822994620907085
8 61 0.58170873998467454
8 62 0.24168690666850257
8 63 0
9 0 0
9 1 18.406121720230587
9 2 18.362974561678598
9 3 18.303020434331533
9 4 18.22667051889059
9 5 18.134238958100457
9 6 18.026277441530972
9 7 17.903134181701837
9 8 17.765244647737923
9 9 17.613003465685729
9 10 17.446902509187648
9 11 17.267375720368726
9 12 17.074948319447753
9 13 16.870076663614352
9 14 16.653306891775983
9 15 16.425108844410612
9 16 16.186039025891969
9 17 15.936571633427942
9 18 15.677263778795544
9 19 15.40858612918934
9 20 15.131087826585885
9 21 14.845229190722671
9 22 14.551543941994051
9 23 14.250476295902558
9 24 13.942538212996125
9 25 13.628153063634661
9 26 13.307805787063256
9 27 12.981895126906323
9 28 12.650874767978708
9 29 12.315115938932664
9 30 11.97503780780656
9 31 11.630982021805615
9 32 11.283330877161392
9 33 10.932395120598644
9 34 10.578518661905358
9 35 10.22198070105186
9 36 9.8630860187415657
9 37 9.5020822214845566
9 38 9.1392349219337081
9 39 8.7747606157078533
9 40 8.4088863450599902
9 41 8.0417984401933218
9 42 7.6736865423068634
9 43 7.3047081628218766
9 44 6.9350172207538288
9 45 6.564744099823745
9 46 6.1940091262278472
9 47 5.8229175400181514
9 48 5.4515585987826052
9 49 5.0800146298142597
9 50 4.7083466886520045
9 51 4.3366166223959803
9 52 3.9648604436812347
9 53 3.5931221913493432
9 54 3.2214163772920839
9 55 2.8497709654178007
9 56 2.4781783959416441
9 57 2.1066644315639862
9 58 1.7352981035637212
9 59 1.3640798799593759
9 60 0.99143955631692449
9 61 0.61467749373290415
9 62 0.25543060834263848
9 63 0
10 0 0
10 1 19.254104126701392
10 2 19.207874816439077
10 3 19.143958415911502
10 4 19.062862252682471
10 5 18.964836779784321
10 6 18.850550174827628
10 7 18.720312678264118
10 8 18.574646228630638
10 9 18.413919117108613
10 10 18.23870187608124
10 11 18.049415952047976
10 12 17.846654860412546
10 13 17.630874675724254
10 14 17.402678856098408
10 15 17.162548475425361
10 16 16.911085945429683
10 17 16.648787354725567
10 18 16.376244038890277
10 19 16.093958367984069
10 20 15.802501936639127
10 21 15.502375732382452
10 22 15.194124237211305
10 23 14.878240460131442
10 24 14.555235665482464
10 25 14.225589316503404
10 26 13.889774567088152
10 27 13.548252745542188
10 28 13.201455146850634
10 29 12.849821293398097
10 30 12.493737939075388
10 31 12.133619982110703
10 32 11.769807935041216
10 33 11.402690038269814
10 34 11.03255975708789
10 35 10.65977735620743
10 36 10.284589253938076
10 37 9.907327069544543
10 38 9.5281908939729121
10 39 9.1474836139635887
10 40 8.7653603482975271
10 41 8.3820956844453249
10 42 7.9978016802867833
10 43 7.6127255188512919
10 44 7.2269385900759628
10 45 6.8406619740444219
10 46 6.4539291987546497
10 47 6.0669368985010061
10 48 5.6796838958096654
10 49 5.2923443450486083
10 50 4.9048858134792486
10 51 4.5174622023922621
10 52 4.130013516181636
10 53 3.7426759278743642
10 54 3.3553659117860657
10 55 2.9682035042140238
10 56 2.5810813278276643
10 57 2.1941175676792253
10 58 1.8072842027710674
10 59 1.4206732342833863
10 60 1.0325460892424907
10 61 0.64018269433488006
10 62 0.26603378643601994
10 63 0
11 0 0
11 1 19.893803647814746
11 2 19.844764839359385
11 3 19.777450536358021
11 4 19.692291140707912
11 5 19.589616751391077
11 6 19.470063339052626
11 7 19.334030497945694
11 8 19.182002244509999
11 9 19.014423412688576
11 10 18.831842292912658
11 11 18.634746641261732
11 12 18.423720679934942
11 13 18.199275114007129
11 14 17.962016304495723
11 15 17.712468046557195
11 16 17.451247054998987
11 17 17.178880037264047
11 18 16.895983206522395
11 19 16.603077445685507
11 20 16.300768972762988
11 21 15.989565337770753
11 22 15.670054561145456
11 23 15.342724565053281
11 24 15.008138241063362
11 25 14.666758745152579
11 26 14.319118131704808
11 27 13.965650739139729
11 28 13.606853238050558
11 29 13.24312810499651
11 30 12.874933170624736
11 31 12.502636926553068
11 32 12.126655920199376
11 33 11.747323367964638
11 34 11.365013022638422
11 35 10.980022279677289
11 36 10.592681435681786
11 37 10.203252178029048
11 38 9.8120214541558326
11 39 9.4192159327921825
11 40 9.0250800087773353
11 41 8.6298065212756185
11 42 8.2335987228440217
11 43 7.8366172407907202
11 44 7.4390261376410951
11 45 7.0409558105238776
11 46 6.6425335587389789
11 47 6.2438618367533376
11 48 5.8450340193222772
11 49 5.4461271602301027
11 50 5.0472039020303887
11 51 4.648318644648243
11 52 4.2495067898324033
11 53 3.850803075362371
11 54 3.4522195522487245
11 55 3.0537732698082825
11 56 2.6554523657659748
11 57 2.2572712014210432
11 58 1.859300238657164
11 59 1.4615262145235124
11 60 1.0622571939529977
11 61 0.65858737440726545
11 62 0.27373329314812223
11 63 0
12 0 0
12 1 20.334218460375912
12 2 20.282790228127851
12 3 20.212587275340379
12 4 20.124129214146592
12 5 20.017678736495728
12 6 19.893967008752284
12 7 19.753361977017903
12 8 19.596411105250354
12 9 19.423537866396821
12 10 19.235344477435554
12 11 19.032311034998294
12 12 18.815063883487834
12 13 18.584118048409682
12 14 18.340110181451742
12 15 18.083579669781667
12 16 17.815161745701715
12 17 17.535409098397341
12 18 17.244944873358147
12 19 16.944325447281699
12 20 16.634152711967214
12 21 16.31497834212319
12 22 15.987375221051877
12 23 15.65188315181144
12 24 15.309039630300532
12 25 14.959366589147448
12 26 14.60336106735245
12 27 14.241522237390596
12 28 13.874302840801333
12 29 13.502175436953671
12 30 13.125545767517073
12 31 12.744856884078677
12 32 12.360465867365981
12 33 11.972784243302955
12 34 11.582119712515924
12 35 11.188851052276631
12 36 10.793236706646681
12 37 10.39562219579768
12 38 9.9962175766997419
12 39 9.5953352411770609
12 40 9.1931383819622816
12 41 8.7899069551781963
12 42 8.3857593785046411
12 43 7.980944360286637
12 44 7.5755381180308667
12 45 7.1697597319449047
12 46 6.7636462062801614
12 47 6.3573889860605881
12 48 5.9509891948618057
12 49 5.5446129557337382
12 50 5.138229130461399
12 51 4.7319811007689312
12 52 4.3258093182998527
12 53 3.9198373084941722
12 54 3.5139813044426238
12 55 3.1083468725908303
12 56 2.7028256081989919
12 57 2.2975203388588001
12 58 1.8924065175424736
12 59 1.4875586105743988
12 60 1.0811549557613118
12 61 0.67032625549327141
12 62 0.27862392421798993
12 63 0
13 0 0
13 1 20.584825088442205
13 2 20.531284484998867
13 3 20.458736654894459
13 4 20.36764449067492
13 5 20.258321603949959
13 6 20.131470905444434
13 7 19.987528992906245
13 8 19.827010158531049
13 9 19.650390389744352
13 10 19.458254395680644
13 11 19.251123055563625
13 12 19.029617859764929
13 13 18.794281901955564
13 14 18.545758931794474
13 15 18.284603982977544
13 16 18.011470524753751
13 17 17.726914757117356
13 18 17.431588356709181
13 19 17.126039504261257
13 20 16.810908061910197
13 21 16.486726341470725
13 22 16.154113775613332
13 23 15.813580272947096
13 24 15.465717601364448
13 25 15.111007980251792
13 26 14.750009599079007
13 27 14.383172869745488
13 28 14.011017739312921
13 29 13.633959770488467
13 30 13.252477171044051
13 31 12.866948592242425
13 32 12.477808083791494
13 33 12.085396203382563
13 34 11.690101409803948
13 35 11.292225766623726
13 36 10.89211160203266
13 37 10.49002277107555
13 38 10.086255733634856
13 39 9.6810370174636482
13 40 9.2746181903036842
13 41 8.8671898451376858
13 42 8.4589602638183745
13 43 8.050085931049189
13 44 7.6407340004375985
13 45 7.2310290390506813
13 46 6.8210997081941827
13 47 6.4110411499324504
13 48 6.0009465802879252
13 49 5.5908844566261768
13 50 5.1809159461911598
13 51 4.7710857579067394
13 52 4.3614266989047552
13 53 3.9519629030642194
13 54 3.5427029034663682
13 55 3.1336523713316855
13 56 2.7247950331124104
13 57 2.3161336135401043
13 58 1.9077366263567952
13 59 1.4995778980441652
13 60 1.0899110168181807
13 61 0.67574341541298555
13 62 0.28093097739897843
13 63 0
14 0 0
14 1 20.654687772010561
14 2 20.599443017707529
14 3 20.525046202635778
14 4 20.432048888774073
14 5 20.320692261819424
14 6 20.191752311502519
14 7 20.045639940034306
14 8 19.882909750542066
14 9 19.704020854363709
14 10 19.509587217980041
14 11 19.300126364408712
14 12 19.076275982054884
14 13 18.83858752652187
14 14 18.587708445432543
14 15 18.324213147714438
14 16 18.048746847715854
14 17 17.761895243809075
14 18 17.464290443524167
14 19 17.156519354099029
14 20 16.839191681449542
14 21 16.512886788209787
14 22 16.178184160916064
14 23 15.835648183158641
14 24 15.485821737049946
14 25 15.129248054897541
14 26 14.766428386016631
14 27 14.397879830758365
14 28 14.024058243854256
14 29 13.645450722703615
14 30 13.262465132077757
14 31 12.875555716640749
14 32 12.485080816522085
14 33 12.091459903582848
14 34 11.695001211709098
14 35 11.296088357937084
14 36 10.894979734846178
14 37 10.492022771042574
14 38 10.08742702616269
14 39 9.6815040692584713
14 40 9.2744162809392474
14 41 8.8664402809956773
14 42 8.4576934791630194
14 43 8.0484189622571396
14 44 7.63869184767458
14 45 7.2287235421894183
14 46 6.8185499439084571
14 47 6.4083530060128622
14 48 5.9981328072379068
14 49 5.5880443904212518
14 50 5.1780556819957422
14 51 4.7682976189655824
14 52 4.3587098561390434
14 53 3.9494023265356786
14 54 3.5402906202630273
14 55 3.1314657594827402
14 56 2.7228187764278124
14 57 2.314437347306888
14 58 1.9062977399895149
14 59 1.498458134075918
14 60 1.0890779355297195
14 61 0.67525172922519483
14 62 0.28074393654929047
14 63 0
15 0 0
15 1 20.553321366935418
15 2 20.496649132272342
15 3 20.42092032422558
15 4 20.326655530080906
15 5 20.214117342972617
15 6 20.084056563800022
15 7 19.936932150441951
15 8 19.773269828388305
15 9 19.593557460173212
15 10 19.398395725087564
15 11 19.188317853089735
15 12 18.963960575504895
15 13 18.725877489595639
15 14 18.474726780958299
15 15 18.211072240504635
15 16 17.935580698671259
15 17 17.64881522857895
15 18 17.351439580893327
15 19 17.044006875490197
15 20 16.727167618442646
15 21 16.401457127333817
15 22 16.067503965972438
15 23 15.725819162512563
15 24 15.377002075017428
15 25 15.021534242215923
15 26 14.659979921898616
15 27 14.292787162304572
15 28 13.920480515689327
15 29 13.543471638804673
15 30 13.162241971954534
15 31 12.77716487499535
15 32 12.388676371945726
15 33 11.997110509734684
15 34 11.602856594211332
15 35 11.20620912791804
15 36 10.807510299424383
15 37 10.407015519064515
15 38 10.005020264304578
15 39 9.6017418938644674
15 40 9.1974302919753459
15 41 8.7922663065587141
15 42 8.3864559697217249
15 43 7.9801455793148408
15 44 7.5734995972255037
15 45 7.1666320799112695
15 46 6.7596686658044849
15 47 6.3526937631104472
15 48 5.9457973292679043
15 49 5.5390369469570597
15 50 5.1324703681676631
15 51 4.7261313507731382
15 52 4.3200491920045323
15 53 3.9142370450982957
15 54 3.5086998860505529
15 55 3.1034324135626759
15 56 2.6984147890407577
15 57 2.2936387386900314
15 58 1.8891687747513093
15 59 1.4849674051637274
15 60 1.0792948242718359
15 61 0.66917853195041077
15 62 0.27827754709992886
15 63 0
16 0 0
16 1 20.289855020983158
16 2 20.232146787467027
16 3 20.155562272172446
16 4 20.060715100565336
16 5 19.94778961955927
16 6 19.817587425335514
16 7 19.670547277607078
16 8 19.507212555005459
16 9 19.328058232521244
16 10 19.1336902300154
16 11 18.924642197152604
16 12 18.701541975661954
16 13 18.46495502771613
16 14 18.215517651980583
16 15 17.95381625926213
16 16 17.68048381467305
16 17 17.396115879316262
16 18 17.101331429922492
16 19 16.796725040492095
16 20 16.482892640034748
16 21 16.16041904906151
16 22 15.829869573876742
16 23 15.491811876571736
16 24 15.146774499925556
16 25 14.79530184208283
16 26 14.437880893348298
16 27 14.075027905591062
16 28 13.7071847836777
16 29 13.334835886265941
16 30 12.958375650375952
16 31 12.578253835430315
16 32 12.194816068452681
16 33 11.808475747101776
16 34 11.41952927506046
16 35 11.028352771860474
16 36 10.635193823713953
16 37 10.240391106945658
16 38 9.8441445100204898
16 39 9.4467557615938116
16 40 9.0483787866296286
16 41 8.6492794370926624
16 42 8.2495679312067924
16 43 7.849475811817733
16 44 7.4490722858538785
16 45 7.0485565791652105
16 46 6.6479599463304835
16 47 6.2474516478036337
16 48 5.8470283418927602
16 49 5.4468319768240043
16 50 5.0468282099717987
16 51 4.6471345761089449
16 52 4.2476895146329552
16 53 3.8485893258508903
16 54 3.4497493166389939
16 55 3.0512467332384827
16 56 2.6529731974058715
16 57 2.2550022809041526
16 58 1.8573094498232485
16 59 1.4599385854293694
16 60 1.0610880051611475
16 61 0.65791698180942659
16 62 0.27361685718731454
16 63 0
17 0 0
17 1 19.87384075401658
17 2 19.815367833496083
17 3 19.738411927268867
17 4 19.643584805132335
17 5 19.531063031316354
17 6 19.401625251261628
17 7 19.25573830401088
17 8 19.093920519272775
17 9 18.916652711904764
17 10 18.724531220821589
17 11 18.518081360113452
17 12 18.29793338712728
17 13 18.064630184671245
17 14 17.81882190591508
17 15 17.561059434556615
17 16 17.292000218239636
17 17 17.012192538894055
17 18 16.722289635812434
17 19 16.422828287933342
17 20 16.114447590228728
17 21 15.79766529488928
17 22 15.473097885267009
17 23 15.141237914033912
17 24 14.802672217856241
17 25 14.457863248925385
17 26 14.107362525218473
17 27 13.751598677277958
17 28 13.391083511911809
17 29 13.026209194413424
17 30 12.657444613364078
17 31 12.285143795463943
17 32 11.90973058926574
17 33 11.53152007129853
17 34 11.150889910867697
17 35 10.768116178012091
17 36 10.383530103874893
17 37 9.9973693488795039
17 38 9.6099192277973238
17 39 9.2213801457133346
17 40 8.83199270835396
17 41 8.4419216889231823
17 42 8.0513647875024628
17 43 7.6604531582224835
17 44 7.2693439121052421
17 45 6.8781369153580458
17 46 6.4869514439136475
17 47 6.095858663440211
17 48 5.7049431376552953
17 49 5.3142501221933545
17 50 4.9238328989795166
17 51 4.5337137578501947
17 52 4.1439183803494171
17 53 3.7544492295261307
17 54 3.3653084261488799
17 55 2.9764806975614624
17 56 2.5879441503059604
17 57 2.1996807346242879
17 58 1.8117499158108994
17 59 1.424104957786581
17 60 1.0350675253279076
17 61 0.64177973951152401
17 62 0.26696705282622363
17 63 0
18 0 0
18 1 19.314471045932997
18 2 19.255603551402668
18 3 19.178726778681288
18 4 19.084553206869487
18 5 18.973175066764306
18 6 18.845399996367131
18 7 18.701679597510516
18 8 18.542528250691195
18 9 18.368417375562313
18 10 18.179925757780286
18 11 17.977582392338199
18 12 17.761984960054043
18 13 17.533691200243787
18 14 17.293305344988031
18 15 17.04140364194383
18 16 16.778585736006466
18 17 16.505434905154978
18 18 16.222536176384157
18 19 15.930470055375604
18 20 15.629798469827868
18 21 15.321090705229091
18 22 15.004878541611005
18 23 14.68171294192058
18 24 14.352089869836247
18 25 14.016536144901584
18 26 13.675507540770491
18 27 13.329502116293458
18 28 12.978932279121123
18 29 12.624263824279451
18 30 12.265863709117065
18 31 11.904162979920162
18 32 11.539482041030427
18 33 11.172215624593806
18 34 10.802637350307679
18 35 10.431104891891396
18 36 10.057845615800277
18 37 9.683180118449247
18 38 9.3072907042525852
18 39 8.9304615076462763
18 40 8.5528315252682638
18 41 8.1746495937039789
18 42 7.7960136301265637
18 43 7.4171388074702413
18 44 7.0380845852828715
18 45 6.659034505550796
18 46 6.2800125139420953
18 47 5.9011728884657986
18 48 5.5225072639300317
18 49 5.1441432988992464
18 50 4.766043725654753
18 51 4.3883124511740368
18 52 4.010886870858406
18 53 3.6338502639540917
18 54 3.2571185260420306
18 55 2.8807564726234109
18 56 2.5046578958578287
18 57 2.1288838713411047
18 58 1.7534082076939292
18 59 1.3782629366055037
18 60 1.0017367810802282
18 61 0.62114247504621145
18 62 0.25840955574089208
18 63 0
19 0 0
19 1 18.621333065526887
19 2 18.562331890916912
19 3 18.485980381193123
19 4 18.393019431721399
19 5 18.283505729269258
19 6 18.158225436719274
19 7 18.017639368836051
19 8 17.862240217303135
19 9 17.692483744476306
19 10 17.508942351736682
19 11 17.312114242960551
19 12 17.102602385289561
19 13 16.880918960697596
19 14 16.647684682233173
19 15 16.403417226147269
19 16 16.148743115109518
19 17 15.884175647569167
19 18 15.610336286547728
19 19 15.327725744441549
19 20 15.036951065903036
19 21 14.738493478182384
19 22 14.432937659799476
19 23 14.120739736787076
19 24 13.802455447442092
19 25 13.478511403630607
19 26 13.149429133698282
19 27 12.815602434001326
19 28 12.477514574497604
19 29 12.135524245413929
19 30 11.790073538041733
19 31 11.441484651329089
19 32 11.090156606999846
19 33 10.736374527186541
19 34 10.380493401586877
19 35 10.022761386170327
19 36 9.6634893043538188
19 37 9.302889054148002
19 38 8.9412278893404764
19 39 8.5786826636252034
19 40 8.2154782960805139
19 41 7.851758230787091
19 42 7.4877068385756642
19 43 7.1234361337942618
19 44 6.7590921970585836
19 45 6.3947578710217163
19 46 6.0305436029682209
19 47 5.666505541923291
19 48 5.3027214923117922
19 49 4.9392235584483046
19 50 4.5760601680024529
19 51 4.2132421550385617
19 52 3.8507920588286417
19 53 3.4887023832199078
19 54 3.1269735936814209
19 55 2.7655818064431861
19 56 2.4045049949527439
19 57 2.0437168938406698
19 58 1.683271612432641
19 59 1.3231154818114803
19 60 0.9616802341692835
19 61 0.59630516300233039
19 62 0.24814103245565511
19 63 0
20 0 0
20 1 17.803679118539048
20 2 17.74488873266786
20 3 17.669481295896933
20 4 17.578307738458072
20 5 17.471334604982431
20 6 17.34935635353111
20 7 17.212822911167116
20 8 17.062203020261926
20 9 16.897946049231894
20 10 16.720585813037367
20 11 16.53062695934134
20 12 16.328618120803142
20 13 16.115088845153952
20 14 15.89059194500326
20 15 15.655672741728374
20 16 15.410878160713597
20 17 15.156758566312941
20 18 14.893845964785328
20 19 14.62268665927377
20 20 14.343790146388059
20 21 14.057690842668768
20 22 13.764869469069389
20 23 13.465842002329294
20 24 13.161055392808784
20 25 12.851001833931827
20 26 12.536090698714531
20 27 12.216786188026793
20 28 11.893457384841863
20 29 11.566537336128116
20 30 11.236353114472688
20 31 10.903304406935021
20 32 10.567675442823429
20 33 10.229831203527242
20 34 9.8900130249256577
20 35 9.5485506025434184
20 36 9.2056430096466659
20 37 8.8615847493207536
20 38 8.5165338472743226
20 39 8.1707502937400101
20 40 7.8243527760510165
20 41 7.4775679556397714
20 42 7.1304773023655361
20 43 6.7832757622909492
20 44 6.4360100463945589
20 45 6.0888453601901329
20 46 5.7417963867300257
20 47 5.3950008664657769
20 48 5.0484444012344429
20 49 4.7022397893184085
20 50 4.3563466656287133
20 51 4.0108556060037017
20 52 3.665703517453653
20 53 3.32096170028061
20 54 2.9765478078613699
20 55 2.6325159166545093
20 56 2.2887637768436244
20 57 1.9453418980840507
20 58 1.6022220997351408
20 59 1.2594272343052164
20 60 0.91538154021532192
20 61 0.56762820608525399
20 62 0.2362399807172037
20 63 0
21 0 0
21 1 16.871128649631437
21 2 16.812794505667714
21 3 16.738734055100689
21 4 16.649855884446815
21 5 16.546065729371257
21 6 16.428137359440633
21 7 16.296512615780539
21 8 16.151641445054178
21 9 15.993937999906844
21 10 15.823932406524229
21 11 15.642078166385492
21 12 15.44893159128115
21 13 15.244955931574905
21 14 15.030722650606974
21 15 14.806697783858555
21 16 14.573457098177419
21 17 14.331460657909352
21 18 14.081278676049594
21 19 13.823358054609075
21 20 13.558254987932385
21 21 13.286397208553822
21 22 13.008319723326474
21 23 12.724426248997588
21 24 12.43522469680269
21 25 12.141091005468983
21 26 11.842501277769161
21 27 11.53980090967791
21 28 11.233430599852294
21 29 10.923703339545391
21 30 10.611021857484644
21 31 10.295665682743222
21 32 9.9779979456663579
21 33 9.6582643618890245
21 34 9.3367876779517793
21 35 9.0137800554064889
21 36 8.6895238210852241
21 37 8.3641983616959639
21 38 8.0380462073959791
21 39 7.7112151848709756
21 40 7.3839092235356425
21 41 7.0562461636598677
21 42 6.7283930224260944
21 43 6.4004395174379045
21 44 6.0725178609258998
21 45 5.7446917415333028
21 46 5.4170610257509821
21 47 5.0896656451727509
21 48 4.7625758720094105
21 49 4.4358102876307655
21 50 4.1094125610571703
21 51 3.7833824255822273
21 52 3.4577401291404479
21 53 3.1324691928968451
21 54 2.8075699150584805
21 55 2.4830113190244942
21 56 2.1587733627781067
21 57 1.8348232558187809
21 58 1.5112099495476452
21 59 1.1878751839632593
21 60 0.86340304083777153
21 61 0.53540079028198662
21 62 0.22289561724948148
21 63 0
22 0 0
22 1 15.832988715860873
22 2 15.775425809438014
22 3 15.703093798712496
22 4 15.617020675337862
22 5 15.517017033157224
22 6 15.403845929453718
22 7 15.277941988697144
22 8 15.139713314704856
22 9 14.98957018479914
22 10 14.827985359193317
22 11 14.655421065849632
22 12 14.47235993453149
22 13 14.279284637209525
22 14 14.07667926832046
22 15 13.865039362657191
22 16 13.644841859772068
22 17 13.416585561599911
22 18 13.180732553725248
22 19 12.937776826190758
22 20 12.688159186961309
22 21 12.432361881459663
22 22 12.170799179083035
22 23 11.903935792544001
22 24 11.632155304040957
22 25 11.355900192850974
22 26 11.075520240742414
22 27 10.791432011570327
22 28 10.503949322494304
22 29 10.213460080015375
22 30 9.9202408289954409
22 31 9.6246489323894018
22 32 9.3269231166900486
22 33 9.0273890842204114
22 34 8.7262478644952299
22 35 8.4237930649880113
22 36 8.120188716069606
22 37 7.8156964953045414
22 38 7.5104446221641474
22 39 7.2046635288499807
22 40 6.8984472229003337
22 41 6.5919960210857163
22 42 6.2853716562788424
22 43 5.9787458370481179
22 44 5.672150232565059
22 45 5.3657297662242858
22 46 5.0594884716022346
22 47 4.7535465710006379
22 48 4.4478830591108691
22 49 4.142595754487755
22 50 3.8376413374805787
22 51 3.5330976882858933
22 52 3.228901988879942
22 53 2.9251148422250943
22 54 2.6216569436681172
22 55 2.3185734725900935
22 56 2.0157679458526947
22 57 1.7132823573309046
22 58 1.4110865326837501
22 59 1.1091968366503242
22 60 0.8062117159332588
22 61 0.49997025855710481
22 62 0.20818412346349144
22 63 0
23 0 0
23 1 14.698907461838514
23 2 14.642340937663867
23 3 14.572092605229964
23 4 14.489274262593925
23 5 14.393613916885739
23 6 14.285854110904175
23 7 14.166406066931538
23 8 14.035661524029049
23 9 13.893978398840725
23 10 13.741827967517128
23 11 13.579603519488826
23 12 13.407797302597348
23 13 13.22680763211536
23 14 13.037138997922257
23 15 12.839189677257659
23 16 12.633467019745927
23 17 12.42036196223939
23 18 12.20037620386662
23 19 11.973887448361154
23 20 11.741384451362871
23 21 11.503226797932825
23 22 11.259884135231719
23 23 11.011694033556623
23 24 10.759101964340674
23 25 10.502420506680849
23 26 10.242066929189564
23 27 9.9783266856436423
23 28 9.7115857862055215
23 29 9.4421011835314275
23 30 9.1702254682709921
23 31 8.8961863879240077
23 32 8.6203017657018925
23 33 8.3427700255479973
23 34 8.0638736053891407
23 35 7.783781989545707
23 36 7.5027422605799998
23 37 7.2208957708010084
23 38 6.9384548454091846
23 39 6.6555338633135168
23 40 6.3723114828239664
23 41 6.0888765532503752
23 42 5.8053755784602377
23 43 5.5218735487380339
23 44 5.2384866832774319
23 45 4.9552579598734701
23 46 4.6722754817295904
23 47 4.3895621933799545
23 48 4.1071804976434416
23 49 3.8251353819948424
23 50 3.5434661658077298
23 51 3.2621620201628896
23 52 2.9812419567507877
23 53 2.7006815718172499
23 54 2.4204825941923445
23 55 2.1406084632446238
23 56 1.8610432536691526
23 57 1.5817492989654673
23 58 1.3027709070785884
23 59 1.024047429760055
23 60 0.74435122131292253
23 61 0.46161681731012238
23 62 0.19228835814867221
23 63 0
24 0 0
24 1 13.478240241502499
24 2 13.422952322040647
24 3 13.355126539891291
24 4 13.276002017634905
24 5 13.185207919997044
24 6 13.083459289040064
24 7 12.971163065277917
24 8 12.848653807722934
24 9 12.716287603794628
24 10 12.574462275113321
24 11 12.423581658318533
24 12 12.264047806955396
24 13 12.096280087581166
24 14 11.920679063577184
24 15 11.737673971431869
24 16 11.547657035129006
24 17 11.35105923831056
24 18 11.148258383913172
24 19 10.939680430943277
24 20 10.725683737431886
24 21 10.506683428710229
24 22 10.28301434775304
24 23 10.05507594551641
24 24 9.823176389199169
24 25 9.5876955345280397
24 26 9.348912554627594
24 27 9.1071846512093106
24 28 8.8627604531648867
24 29 8.6159722448915108
24 30 8.3670372500487193
24 31 8.1162612963756011
24 32 7.8638299500666244
24 33 7.6100216931689619
24 34 7.3549907116556179
24 35 7.0989878297434785
24 36 6.8421365837122394
24 37 6.584660333370369
24 38 6.3266530775373191
24 39 6.0683113427599782
24 40 5.8097010184557778
24 41 5.5509928034809484
24 42 5.292226162282426
24 43 5.0335472879590508
24 44 4.7749711081745181
24 45 4.5166208961626557
24 46 4.2584890891099239
24 47 4.0006778436436043
24 48 3.7431592721588758
24 49 3.4860163947363527
24 50 3.2292032520281269
24 51 2.9727858459877208
24 52 2.716702456995034
24 53 2.4610043503892314
24 54 2.205616512085069
24 55 1.9505770525822257
24 56 1.6957969328839362
24 57 1.4413116338480845
24 58 1.1870891508752845
24 59 0.93314190785595252
24 60 0.67827480661057449
24 61 0.42067693517981947
24 62 0.17528270940509361
24 63 0
25 0 0
25 1 12.180659744407016
25 2 12.126850668175722
25 3 12.061751190323722
25 4 11.986705453908989
25 5 11.901242624526342
25 6 11.806056866009659
25 7 11.701518746455607
25 8 11.587948435395816
25 9 11.465635342518894
25 10 11.334977530280218
25 11 11.19629506844414
25 12 11.050001136142297
25 13 10.896415746841139
25 14 10.735961207528087
25 15 10.568954622683325
25 16 10.395819832017926
25 17 10.216865464290715
25 18 10.03251001252335
25 19 9.843049267532141
25 20 9.6488904876995658
25 21 9.4503130494547865
25 22 9.2477080022297251
25 23 9.0413355076035415
25 24 8.8315663228644858
25 25 8.6186393108860475
25 26 8.4029016986513305
25 27 8.18456961885631
25 28 7.9639643197907173
25 29 7.7412783557427174
25 30 7.5168052754991184
25 31 7.2907137192645655
25 32 7.0632684770090766
25 33 6.8346143818768823
25 34 6.6049869996234056
25 35 6.3745078389366485
25 36 6.1433833027750966
25 37 5.9117123706041124
25 38 5.6796728057656294
25 39 5.447342108607506
25 40 5.2148703260046316
25 41 4.9823147322705905
25 42 4.749798923287015
25 43 4.5173613577381708
25 44 4.2851007354242068
25 45 4.0530382278318697
25 46 3.8212494352636881
25 47 3.5897398554315103
25 48 3.3585639848962381
25 49 3.1277133192303705
25 50 2.8972234090367679
25 51 2.6670734532551155
25 52 2.4372823410352469
25 53 2.2078187479929952
25 54 1.9786873933203839
25 55 1.7498474956756427
25 56 1.5212892440535779
25 57 1.2929715656826224
25 58 1.0649348007692891
25 59 0.83711784079454066
25 60 0.60851083639436632
25 61 0.3774235655895643
25 62 0.15734478559833495
25 63 0
26 0 0
26 1 10.815562003727022
26 2 10.763478518476576
26 3 10.701396924119463
26 4 10.630793845337593
26 5 10.551097629725714
26 6 10.462960830046997
26 7 10.366751883997368
26 8 10.26272138448053
26 9 10.151158495867627
26 10 10.032374800767526
26 11 9.9067022918086298
26 12 9.7744506366783295
26 13 9.6359621277535528
26 14 9.4915418357197652
26 15 9.3415389183406869
26 16 9.1862490303280779
26 17 9.0260218243429247
26 18 8.8611393028874712
26 19 8.6919463800473586
26 20 8.518707966927364
26 21 8.3417597413908062
26 22 8.1613467895971414
26 23 7.9777918062734026
26 24 7.7913179892734723
26 25 7.6022320174461617
26 26 7.4107337535022015
26 27 7.2171114984953402
26 28 7.021540891158728
26 29 6.8242901130461702
26 30 6.6255101864954904
26 31 6.4254479972896599
26 32 6.2242299932434424
26 33 6.0220810968198952
26 34 5.8191035966963831
26 35 5.6155002364017967
26 36 5.4113498764374022
26 37 5.2068332623364135
26 38 5.0020068189696811
26 39 4.797029818532506
26 40 4.5919374551381518
26 41 4.3868683465846781
26 42 4.1818378293980256
26 43 3.9769649347477891
26 44 3.7722466445018923
26 45 3.5677836786889339
26 46 3.3635562642147359
26 47 3.159648256551272
26 48 2.9560247965421911
26 49 2.7527544608864964
26 50 2.5497890202490407
26 51 2.3471834670233251
26 52 2.144877943881744
26 53 1.9429156835774035
26 54 1.7412270547990376
26 55 1.5398447799324966
26 56 1.3386886893596079
26 57 1.1377895710863719
26 58 0.93711379595910405
26 59 0.73667211619979278
26 60 0.53550166528177501
26 61 0.33218446285398107
26 62 0.13854763198756334
26 63 0
27 0 0
27 1 9.3926396385871378
27 2 9.3424528565210494
27 3 9.2836383194368999
27 4 9.2177923926086276
27 5 9.1442311107394332
27 6 9.0635853160558906
27 7 8.9761767531711456
27 8 8.8822431516640066
27 9 8.7819958530612574
27 10 8.6757479362257843
27 11 8.5637360945072221
27 12 8.4462822167317189
27 13 8.3236176233604624
27 14 8.1960701044511879
27 15 8.0638651986044891
27 16 7.9273310457437889
27 17 7.7866837893152185
27 18 7.6422468958535799
27 19 7.4942244592169782
27 20 7.3429309735774915
27 21 7.1885563578279683
27 22 7.0314024961519133
27 23 6.8716435362908754
27 24 6.7095657637326429
27 25 6.5453264420598245
27 26 6.3791938867805369
27 27 6.2113077995945911
27 28 6.0419167337356585
27 29 5.871142535674621
27 30 5.6992127391400675
27 31 5.5262313749861658
27 32 5.3524041881249653
27 33 5.177817716101436
27 34 5.0026555850308299
27 35 4.8269873963599483
27 36 4.6509747182087615
27 37 4.4746709636998734
27 38 4.2982160472180828
27 39 4.1216480916837668
27 40 3.9450860603015032
27 41 3.7685537985945348
27 42 3.5921502771208251
27 43 3.4158861605873545
27 44 3.2398416024421501
27 45 3.0640152408126897
27 46 2.8884697692428527
27 47 2.7131929897091918
27 48 2.5382316431665592
27 49 2.3635639052581241
27 50 2.1892221941887735
27 51 2.0151762730994998
27 52 1.841445962562982
27 53 1.6679938620862036
27 54 1.4948290836718277
27 55 1.3219077367525984
27 56 1.1492278685624697
27 57 0.97674618322422557
27 58 0.80449976748757357
27 59 0.63242860047842264
27 60 0.459763719284765
27 61 0.2852269815367845
27 62 0.11906472468173149
27 63 0
28 0 0
28 1 7.9213208006547093
28 2 7.8732399459452607
28 3 7.8179326433839176
28 4 7.7571290688992871
28 5 7.6900445293558928
28 6 7.6172572001828822
28 7 7.5390880272277752
28 8 7.4556960168798092
28 9 7.3672933962448974
28 10 7.2740971012192093
28 11 7.1763566929798612
28 12 7.0742807145877267
28 13 6.9681236108452689
28 14 6.8580861415608583
28 15 6.7444266497078624
28 16 6.6273355130011558
28 17 6.5070705681269123
28 18 6.3838095855020311
28 19 6.2578063753810085
28 20 6.1292243793820074
28 21 5.9983103362863925
28 22 5.8652120656860625
28 23 5.7301666907691668
28 24 5.5933055196851837
28 25 5.4548539947388051
28 26 5.3149263894249668
28 27 5.1737348526526867
28 28 5.0313764263792162
28 29 4.8880487748190031
28 30 4.7438317965975401
28 31 4.5989078662885898
28 32 4.453340071529726
28 33 4.307295042019371
28 34 4.1608195914112445
28 35 4.0140644618666173
28 36 3.867060897633686
28 37 3.7199438866526555
28 38 3.5727299418843761
28 39 3.4255386711081695
28 40 3.278372797119026
28 41 3.1313371290894554
28 42 2.9844216169913262
28 43 2.8377170296156291
28 44 2.6912016147513445
28 45 2.5449530076046463
28 46 2.3989388586289278
28 47 2.2532246995705973
28 48 2.1077687072019375
28 49 1.9626254411367015
28 50 1.8177447352347085
28 51 1.673171387783347
28 52 1.5288480157400575
28 53 1.3848109644210571
28 54 1.2409968286597124
28 55 1.0974343710839192
28 56 0.95405337254565614
28 57 0.81088146037527353
28 58 0.66788353422053304
28 59 0.52507056249016848
28 60 0.38173119777497461
28 61 0.23687229646389477
28 62 0.098968157138014601
28 63 0
29 0 0
29 1 6.4113130728976433
29 2 6.3654763863718165
29 3 6.3138685801439509
29 4 6.2583465920354762
29 5 6.1980067621728967
29 6 6.1334043144946975
29 7 6.064806067489859
29 8 5.9923592465631792
29 9 5.9161905486587809
29 10 5.8365192005233375
29 11 5.7534914832503947
29 12 5.66732886008728
29 13 5.5781668038803911
29 14 5.4862294160007208
29 15 5.3916435417117361
29 16 5.294632597881221
29 17 5.1953132904753749
29 18 5.0939053464064692
29 19 4.990514504160231
29 20 4.8853542218215749
29 21 4.7785186899843293
29 22 4.6702129002294859
29 23 4.5605191741118061
29 24 4.4496322196403257
29 25 4.3376223969702368
29 26 4.2246726794846197
29 27 4.1108415731478445
29 28 3.9962992126028345
29 29 3.8810925261694691
29 30 3.7653780295843178
29 31 3.6491914896978392
29 32 3.5326753216001157
29 33 3.4158546581593865
29 34 3.2988576035319177
29 35 3.1816992691590387
29 36 3.064493481923209
29 37 2.9472460057660883
29 38 2.8300566406223058
29 39 2.7129225173852469
29 40 2.5959298495874799
29 41 2.4790678722073891
29 42 2.3624098180009883
29 43 2.2459377710420427
29 44 2.1297127305341479
29 45 2.0137103707107396
29 46 1.8979803244613882
29 47 1.7824925842974797
29 48 1.6672863844866224
29 49 1.5523267448347515
29 50 1.4376435519105353
29 51 1.3231975368342601
29 52 1.2090103540622039
29 53 1.0950391328027742
29 54 0.98129853144371015
29 55 0.86774233145648905
29 56 0.75437783774852141
29 57 0.64116034947615608
29 58 0.52812435999450069
29 59 0.41521202703393101
29 60 0.30191190205509694
29 61 0.18738375768273716
29 62 0.078428398195294624
29 63 0
30 0 0
30 1 4.8720674471084671
30 2 4.8286452705494511
30 3 4.7809223047433305
30 4 4.7308860292854886
30 5 4.6775344509226162
30 6 4.6213624091997696
30 7 4.5626364113110771
30 8 4.501419289793759
30 9 4.4378393119870374
30 10 4.3720134798586789
30 11 4.3041014674860989
30 12 4.2342052507657026
30 13 4.1624839047918538
30 14 4.0890284172607902
30 15 4.0139988627258978
30 16 3.9374749764402526
30 17 3.8596155367838318
30 18 3.7804889115095581
30 19 3.7002508912761538
30 20 3.6189585509914823
30 21 3.5367631936545498
30 22 3.4537108086089159
30 23 3.3699469405585982
30 24 3.285506821178541
30 25 3.2005291896588854
30 26 3.115038948776395
30 27 3.0291672016008597
30 28 2.9429290323184603
30 29 2.8564472834763714
30 30 2.7697277935373501
30 31 2.6828847135539555
30 32 2.5959152537861083
30 33 2.5089246218320187
30 34 2.4219020455168838
30 35 2.3349437006238709
30 36 2.2480314919615996
30 37 2.1612526228786635
30 38 2.0745823356328783
30 39 1.9880990524126143
30 40 1.9017720039207571
30 41 1.8156711388863909
30 42 1.7297603095598737
30 43 1.6441014005380652
30 44 1.5586534944455666
30 45 1.4734709087848405
30 46 1.3885085366612329
30 47 1.3038137003287538
30 48 1.219337652094908
30 49 1.1351213540091363
30 50 1.0511129341650121
30 51 0.967347680299944
30 52 0.88377107798520049
30 53 0.8004134918333955
30 54 0.71721827201427268
30 55 0.63421131956360433
30 56 0.55133303819053392
30 57 0.46860906118956097
30 58 0.38600285204364182
30 59 0.30352702574385049
30 60 0.22073453962637454
30 61 0.13707807330150742
30 62 0.057516935039201494
30 63 0
31 0 0
31 1 3.3133012580229302
31 2 3.272395775527055
31 3 3.228691466731767
31 4 3.1843010945727253
31 5 3.1381030730371902
31 6 3.0905676883371904
31 7 3.041902937195347
31 8 2.992160512687152
31 9 2.9413790638965915
31 10 2.8896782235803919
31 11 2.8371101305986191
31 12 2.7837899941570896
31 13 2.7297536995389025
31 14 2.6751158573618601
31 15 2.6199009236670063
31 16 2.5642219251180816
31 17 2.5080925528981348
31 18 2.4516233563218264
31 19 2.3948183167303294
31 20 2.3377847232730811
31 21 2.2805178562322626
31 22 2.2231210461755682
31 23 2.1655818584417443
31 24 2.1079990632628736
31 25 2.0503534608179308
31 26 1.9927387595863058
31 27 1.9351298988249259
31 28 1.877615125984001
31 29 1.8201643698930434
31 30 1.7628601193756646
31 31 1.7056680829197315
31 32 1.6486647925292353
31 33 1.5918124609278042
31 34 1.5351815607439592
31 35 1.4787314644848841
31 36 1.4225265735411288
31 37 1.3665240047330718
31 38 1.310782161215994
31 39 1.2552564170906133
31 40 1.1999993286961461
31 41 1.1449649696010529
31 42 1.0902002723297786
31 43 1.0356583832969986
31 44 0.98138089877952206
31 45 0.92732034562098586
31 46 0.87351332895813827
31 47 0.81991200173473633
31 48 0.76654837367646533
31 49 0.71337441238060406
31 50 0.66041797214041675
31 51 0.60763097045609149
31 52 0.55503758090540078
31 53 0.50258977699884611
31 54 0.45030860309909393
31 55 0.39814591197574345
31 56 0.34611925695043971
31 57 0.29418293378469573
31 58 0.24236938329117325
31 59 0.1906235252561862
31 60 0.13870156911216544
31 61 0.086216138263681213
31 62 0.036402358112647137
31 63 0
32 0 0
32 1 1.7444785712469386
32 2 1.7062205927690057
32 3 1.6666627609637981
32 4 1.628040077043676
32 5 1.5891374440900763
32 6 1.550360567319276
32 7 1.5119167632622328
32 8 1.4737712780739607
32 9 1.435964573830419
32 10 1.3985116924987238
32 11 1.361478277949574
32 12 1.3248577312087753
32 13 1.2887096590058973
32 14 1.2530133033959512
32 15 1.2178264584758489
32 16 1.1831163134776672
32 17 1.1489387314700978
32 18 1.1152508740554106
32 19 1.0821068635281474
32 20 1.049455727001626
32 21 1.017349933604607
32 22 0.98573209960805108
32 23 0.95465307573136959
32 24 0.92405062264232163
32 25 0.89397396567884335
32 26 0.86435739565254044
32 27 0.83524847717438022
32 28 0.80657924944447001
32 29 0.77839556437730606
32 30 0.75062826435546171
32 31 0.72332143036250596
32 32 0.6964056051710884
32 33 0.6699230431882105
32 34 0.64380473452627718
32 35 0.61809106129401825
32 36 0.59271406611820698
32 37 0.56771222885982087
32 38 0.54301911740111664
32 39 0.51867129961058966
32 40 0.49460421886878564
32 41 0.47085254463063941
32 42 0.44735383380948718
32 43 0.42414089627402263
32 44 0.40115353873393694
32 45 0.37842277641389638
32 46 0.35589071072499118
32 47 0.33358665322750591
32 48 0.31145496379714221
32 49 0.28952336663353678
32 50 0.26773837297382069
32 51 0.24612625860356382
32 52 0.22463551459510639
32 53 0.20329114060141679
32 54 0.18204341788841469
32 55 0.16091610213909174
32 56 0.13986044504315306
32 57 0.11890083571849802
32 58 0.097999179044067811
32 59 0.07717065911476538
32 60 0.056238815360240196
32 61 0.03511228988387597
32 62 0.015155862820013999
32 63 0
33 0 0
33 1 0.17532111436317793
33 2 0.13977421122315281
33 3 0.10443751089348906
33 4 0.071660956981376339
33 5 0.040115421710824981
33 6 0.010180127784017886
33 7 -0.017997361629586879
33 8 -0.044462739151725467
33 9 -0.069265537042298306
33 10 -0.092388194145281544
33 11 -0.11387304236348116
33 12 -0.13371351502132992
33 13 -0.15197354822294917
33 14 -0.16865033029529469
33 15 -0.18382197397162142
33 16 -0.1974880413504414
33 17 -0.20973798244897052
33 18 -0.22057248966455217
33 19 -0.23008941799758295
33 20 -0.23828955739090818
33 21 -0.24527657606003375
33 22 -0.25105054587096159
33 23 -0.2557186614459358
33 24 -0.25927965279881893
33 25 -0.26184225566873987
33 26 -0.26340340401220619
33 27 -0.26407167989494135
33 28 -0.2638419135083433
33 29 -0.26282111492149507
33 30 -0.26100182684010653
33 31 -0.2584883289503368
33 32 -0.25527079530129643
33 33 -0.25144985851789903
33 34 -0.24701332545900145
33 35 -0.24205748744431804
33 36 -0.23656785016158552
33 37 -0.23063587206135189
33 38 -0.22424487216379413
33 39 -0.21748116740324769
33 40 -0.2103260391584566
33 41 -0.20286051773100772
33 42 -0.19506401856566027
33 43 -0.1870122850399403
33 44 -0.17868305128073705
33 45 -0.17014690048167083
33 46 -0.16138007517060418
33 47 -0.15244823542746197
33 48 -0.14332632105900389
33 49 -0.13407540075711399
33 50 -0.12466929500527257
33 51 -0.11516489402267895
33 52 -0.10553507719272433
33 53 -0.095833030054356533
33 54 -0.086030836109404846
33 55 -0.076178580228908083
33 56 -0.066247917291826774
33 57 -0.056285595832455911
33 58 -0.046260844672947159
33 59 -0.036225931660758152
33 60 -0.026153345639968319
33 61 -0.015973511210271567
33 62 -0.0060547083111219683
33 63 0
34 0 0
34 1 -1.3847039948609097
34 2 -1.4174484839533079
34 3 -1.4484956603014754
34 4 -1.4753867611558351
34 5 -1.4995371733362555
34 6 -1.5206328533419926
34 7 -1.5385281431764792
34 8 -1.5533535735945874
34 9 -1.5651570631831602
34 10 -1.5740242447970469
34 11 -1.5799842443898031
34 12 -1.5831507598524082
34 13 -1.5835642427882903
34 14 -1.5813556369883623
34 15 -1.5765699215858819
34 16 -1.5693508537744509
34 17 -1.5597458888637121
34 18 -1.5479074717891346
34 19 -1.5338834718017347
34 20 -1.5178313442731144
34 21 -1.4997977053478582
34 22 -1.47994180950791
34 23 -1.458307686604762
34 24 -1.4350536309145463
34 25 -1.410220058719859
34 26 -1.3839619794930045
34 27 -1.3563154412663565
34 28 -1.3274302558753417
34 29 -1.2973375872760271
34 30 -1.2661805219377458
34 31 -1.2339850294212649
34 32 -1.200886299033197
34 33 -1.1669049691117099
34 34 -1.1321674853543473
34 35 -1.0966891615440901
34 36 -1.0605871475966733
34 37 -1.0238715554082263
34 38 -0.98664995040316783
34 39 -0.94892745658759059
34 40 -0.91080199971136522
34 41 -0.87227399953282958
34 42 -0.83343189188739852
34 43 -0.79427172693347681
34 44 -0.75487277841470324
34 45 -0.71522709689661745
34 46 -0.67540527498063907
34 47 -0.6353957562529301
34 48 -0.59526106343104279
34 49 -0.55498643815587556
34 50 -0.51462705376133278
34 51 -0.47416536039702206
34 52 -0.43364999626394718
34 53 -0.39306102903486151
34 54 -0.35244143787563825
34 55 -0.31176930462876362
34 56 -0.27108276524086489
34 57 -0.23035836767758491
34 58 -0.1896360591075196
34 59 -0.14889769755224036
34 60 -0.10804939234416357
34 61 -0.066727212806381705
34 62 -0.02715815340951945
34 63 0
35 0 0
35 1 -2.9258760451119459
35 2 -2.9557950355602451
35 3 -2.9825370949751475
35 4 -3.0035476283397271
35 5 -3.0203443583142358
35 6 -3.0326419622107195
35 7 -3.040352626599824
35 8 -3.0436180645403663
35 9 -3.0425728509778289
35 10 -3.0373006629103911
35 11 -3.0279352260735495
35 12 -3.0145775217197084
35 13 -2.9973880320062509
35 14 -2.9764745197184603
35 15 -2.9520143273568427
35 16 -2.9241183018710042
35 17 -2.8929757087022874
35 18 -2.8586971436675666
35 19 -2.8214790543456756
35 20 -2.7814289742091898
35 21 -2.7387464148208909
35 22 -2.6935335473969237
35 23 -2.6459894052605279
35 24 -2.5962089711394642
35 25 -2.5443878139797893
35 26 -2.4906123353234335
35 27 -2.4350721793161849
35 28 -2.3778441635684908
35 29 -2.3191100374336275
35 30 -2.2589363770643311
35 31 -2.1974955187704923
35 32 -2.1348434405092549
35 33 -2.071141958532035
35 34 -2.0064363537291037
35 35 -1.9408771854830236
35 36 -1.8744991561106237
35 37 -1.8074411610170906
35 38 -1.7397276223814622
35 39 -1.6714856550836605
35 40 -1.6027298456438341
35 41 -1.5335756652852535
35 42 -1.4640284252761702
35 43 -1.3941923087844235
35 44 -1.3240640019317118
35 45 -1.2537369422414522
35 46 -1.1831999081266109
35 47 -1.1125362917141119
35 48 -1.0417277298806371
35 49 -0.97084840133184847
35 50 -0.89987360082394596
35 51 -0.82886923456312089
35 52 -0.75780507902608063
35 53 -0.68673980153334957
35 54 -0.61563849498360546
35 55 -0.54455360023589683
35 56 -0.47344589815579474
35 57 -0.40236366597375456
35 58 -0.33127759059025746
35 59 -0.26023761184678273
35 60 -0.18894778181748628
35 61 -0.11688827926650823
35 62 -0.047986247663097524
35 63 0
36 0 0
36 1 -4.4387349093871711
36 2 -4.4657757811812226
36 3 -4.4882048431433494
36 4 -4.503376934246873
36 5 -4.5128864780488298
36 6 -4.5165103606752446
36 7 -4.5141647421077966
36 8 -4.5060709473280047
36 9 -4.4923625822380204
36 10 -4.4732213997266621
36 11 -4.448768632452377
36 12 -4.4192201595826557
36 13 -4.3847135756710394
36 14 -4.3454849575560077
36 15 -4.3016790360754218
36 16 -4.2535454497999705
36 17 -4.2012319277215093
36 18 -4.144995552904974
36 19 -4.084983190746299
36 20 -4.0214539977497736
36 21 -3.9545507875707782
36 22 -3.8845301640291239
36 23 -3.8115283029917726
36 24 -3.7357953486030642
36 25 -3.657458811381356
36 26 -3.5767591535907091
36 27 -3.4938136993485585
36 28 -3.4088506491937474
36 29 -3.3219760719034843
36 30 -3.2334039211240295
36 31 -3.1432283384491337
36 32 -3.0516475892831423
36 33 -2.9587435593849536
36 34 -2.8646978761516522
36 35 -2.7695801325764089
36 36 -2.6735548077365094
36 37 -2.5766794085976281
36 38 -2.4791011442187521
36 39 -2.3808658420020419
36 40 -2.2821036592852613
36 41 -2.182849310697264
36 42 -2.0832164144460128
36 43 -1.9832292648688321
36 44 -1.8829857056301758
36 45 -1.7825003991196116
36 46 -1.6818563924431893
36 47 -1.5810595751451559
36 48 -1.4801793544438335
36 49 -1.3792137561821212
36 50 -1.2782198517411425
36 51 -1.1771887460354906
36 52 -1.0761666018823448
36 53 -0.97513857666577686
36 54 -0.87414145761094275
36 55 -0.7731552662900657
36 56 -0.67220821146943288
36 57 -0.57127791510964543
36 58 -0.47040662934011745
36 59 -0.36957340115672443
36 60 -0.26842072102086828
36 61 -0.16614086069313277
36 62 -0.068467485776058545
36 63 0
37 0 0
37 1 -5.9135662565456997
37 2 -5.9377475689185326
37 3 -5.9559061996002391
37 4 -5.9653284865202592
37 5 -5.9676936300971262
37 6 -5.962809781951413
37 7 -5.9506459523492721
37 8 -5.9314353429886069
37 9 -5.9053912527357939
37 10 -5.8726944971731507
37 11 -5.8335638010873572
37 12 -5.7882031636270685
37 13 -5.7368629139157061
37 14 -5.6797566791455347
37 15 -5.6171542542930553
37 16 -5.5492730098270036
37 17 -5.4763953219741301
37 18 -5.3987369910150482
37 19 -5.3165865554350651
37 20 -5.2301537485141694
37 21 -5.1397277325907469
37 22 -5.0455084634507514
37 23 -4.9477810132099274
37 24 -4.8467325875348015
37 25 -4.7426402439613922
37 26 -4.6356761470254915
37 27 -4.5261061572545085
37 28 -4.4140857264290547
37 29 -4.2998670231250387
37 30 -4.1835876690741962
37 31 -4.0654842747563746
37 32 -3.9456760033326912
37 33 -3.824382609219013
37 34 -3.7017045931045334
37 35 -3.5778440628532655
37 36 -3.4528830161370214
37 37 -3.3270055719852172
37 38 -3.2002756905900793
37 39 -3.0728595513694663
37 40 -2.944803796156076
37 41 -2.816257052222654
37 42 -2.687249568511934
37 43 -2.5579130966356884
37 44 -2.428262582757994
37 45 -2.2984138235070377
37 46 -2.168367680893668
37 47 -2.0382251212072071
37 48 -1.90797423882644
37 49 -1.777702462575756
37 50 -1.6473865077549148
37 51 -1.5171016953497649
37 52 -1.3868148045379363
37 53 -1.2565906028012077
37 54 -1.1263874308902315
37 55 -0.99626088981188821
37 56 -0.8661612545536409
37 57 -0.7361392352870062
37 58 -0.60616692513827064
37 59 -0.47629293260076044
37 60 -0.34596224884852789
37 61 -0.2142223311261181
37 62 -0.088432132472579777
37 63 0
38 0 0
38 1 -7.3409267806002756
38 2 -7.3622332239673671
38 3 -7.3761743059237759
38 4 -7.3799682501309851
38 5 -7.3753593376768771
38 6 -7.3622115256729694
38 7 -7.3405006840582105
38 8 -7.3105309196510175
38 9 -7.2725156590935232
38 10 -7.2267250832292023
38 11 -7.1733665577618799
38 12 -7.1127499156157281
38 13 -7.0451035651674818
38 14 -6.970760295938546
38 15 -6.8899581419654279
38 16 -6.8030442086821346
38 17 -6.7102600870015623
38 18 -6.6119592650398822
38 19 -6.5083813627094944
38 20 -6.399879330893798
38 21 -6.2866862167172961
38 22 -6.1691485090642093
38 23 -6.0474889269401846
38 24 -5.9220425317959347
38 25 -5.7930187484520701
38 26 -5.6607371556973636
38 27 -5.5253916390438507
38 28 -5.3872830902163047
38 29 -5.2465882586080923
38 30 -5.1035869292568634
38 31 -4.9584376926842495
38 32 -4.8113975225371943
38 33 -4.6626063283356478
38 34 -4.5122972113023527
38 35 -4.3605913077357847
38 36 -4.2076973583979589
38 37 -4.0537179975045419
38 38 -3.8988376217914795
38 39 -3.7431409365299215
38 40 -3.5867884501629512
38 41 -3.4298477586709089
38 42 -3.272456316303701
38 43 -3.1146656266937733
38 44 -2.9565912462768136
38 45 -2.7982697577288276
38 46 -2.6397962474453704
38 47 -2.4811936664777088
38 48 -2.3225382848543656
38 49 -2.1638407987602557
38 50 -2.0051605007519808
38 51 -1.8464972710613674
38 52 -1.6878954166790667
38 53 -1.5293455037691879
38 54 -1.3708789950964635
38 55 -1.2124783409163826
38 56 -1.0541629216841788
38 57 -0.895911990718669
38 58 -0.73777068078588248
38 59 -0.57971588822684139
38 60 -0.42113970518620053
38 61 -0.26081295573640167
38 62 -0.10780806843312335
38 63 0
39 0 0
39 1 -8.7111137534959422
39 2 -8.7296059551715093
39 3 -8.7394285412246298
39 4 -8.7377658026284308
39 5 -8.7264238496792856
39 6 -8.7053007679855678
39 7 -8.6744173400916598
39 8 -8.6340907043513351
39 9 -8.5846035686723958
39 10 -8.526226656819329
39 11 -8.459254157129708
39 12 -8.383985258354457
39 13 -8.3007501857799664
39 14 -8.2098603673286377
39 15 -8.1116679961993334
39 16 -8.0064888707221389
39 17 -7.89468854130401
39 18 -7.7765800644537411
39 19 -7.652534439775696
39 20 -7.5228559462014584
39 21 -7.3879142278708123
39 22 -7.2479997815870565
39 23 -7.1034751311495894
39 24 -6.9546129608272933
39 25 -6.8017639020732563
39 26 -6.6451797006672946
39 27 -6.4851952542253164
39 28 -6.3220390705276248
39 29 -6.1560273318482306
39 30 -5.9873637524620227
39 31 -5.8163436022652739
39 32 -5.6431449067457233
39 33 -5.4680405332612008
39 34 -5.2911825008689908
39 35 -5.1128204137821767
39 36 -4.9330804652098994
39 37 -4.7521886899800068
39 38 -4.5702460595317662
39 39 -4.3874552158048532
39 40 -4.2038928670750142
39 41 -4.0197388546091295
39 42 -3.8350468741665158
39 43 -3.6499749125724468
39 44 -3.4645551401556984
39 45 -3.2789249335868313
39 46 -3.0930966127074693
39 47 -2.9071884363519525
39 48 -2.7211946950753525
39 49 -2.5352162260216322
39 50 -2.3492312224757623
39 51 -2.1633249605855793
39 52 -1.9774615533071336
39 53 -1.791712733302679
39 54 -1.6060306485278095
39 55 -1.4204752014648943
39 56 -1.2349869439584593
39 57 -1.049620294520446
39 58 -0.86434882327273721
39 59 -0.67922126960850826
39 60 -0.49343944626235758
39 61 -0.30564647977376264
39 62 -0.12642292359968121
39 63 0
40 0 0
40 1 -10.014710075582014
40 2 -10.030408025711344
40 3 -10.036225181515313
40 4 -10.02930340537274
40 5 -10.011500562493666
40 6 -9.9827609448256442
40 7 -9.9431158615693764
40 8 -9.8929413935438557
40 9 -9.832521935236981
40 10 -9.7622054857542597
40 11 -9.6822764408882094
40 12 -9.5931272686052527
40 13 -9.4950676260252962
40 14 -9.3885154355378777
40 15 -9.2737923268717264
40 16 -9.1513313007532329
40 17 -9.0214581851451072
40 18 -8.8846115481378209
40 19 -8.7411144131820961
40 20 -8.5914026436214019
40 21 -8.4357905975827308
40 22 -8.2747043681507471
40 23 -8.1084448441275363
40 24 -7.9374224460192107
40 25 -7.7619207781850914
40 26 -7.5823297885883179
40 27 -7.3989128894438831
40 28 -7.2120357856222848
40 29 -7.0219396094123763
40 30 -6.8289630006107132
40 31 -6.6333234536221877
40 32 -6.4353305845003543
40 33 -6.2351775319884792
40 34 -6.0331437063026163
40 35 -5.8293977261292724
40 36 -5.6241883044751972
40 37 -5.4176598468322963
40 38 -5.2100304852623207
40 39 -5.0014211140600446
40 40 -4.7920199293553658
40 41 -4.5819253421573487
40 42 -4.3712967127863864
40 43 -4.1602112609992616
40 44 -3.9488009988453845
40 45 -3.7371234568395533
40 46 -3.5252851123789304
40 47 -3.3133254721979322
40 48 -3.101327563955071
40 49 -2.8893146602960824
40 50 -2.6773486464718932
40 51 -2.465438441658085
40 52 -2.2536272790300949
40 53 -2.0419117003922667
40 54 -1.8303189697260851
40 55 -1.6188347930195426
40 56 -1.4074711738455044
40 57 -1.1962099257540229
40 58 -0.98509969795314278
40 59 -0.77411636319256949
40 60 -0.56242130417083303
40 61 -0.34839718505111833
40 62 -0.14420362564018427
40 63 0
41 0 0
41 1 -11.242029606049634
41 2 -11.255035694239522
41 3 -11.257000563745668
41 4 -11.245072566301612
41 5 -11.221143725860166
41 6 -11.185195669056538
41 7 -11.137293951076453
41 8 -11.077829311045338
41 9 -11.007141825989635
41 10 -10.925581988673841
41 11 -10.833507037226871
41 12 -10.731300446874398
41 13 -10.61935939163158
41 14 -10.498081896917423
41 15 -10.36788946245381
41 16 -10.229185083507847
41 17 -10.082404534485576
41 18 -9.9279471101916386
41 19 -9.7662537067087261
41 20 -9.5977125411198632
41 21 -9.4227617595845068
41 22 -9.2417723604365314
41 23 -9.0551730815557026
41 24 -8.863312734842161
41 25 -8.6666051486552824
41 26 -8.4653730744010041
41 27 -8.2600110134639184
41 28 -8.0508127862169303
41 29 -7.8381501506583016
41 30 -7.6222860330948974
41 31 -7.4035669444027361
41 32 -7.1822237630844761
41 33 -6.9585760712308158
41 34 -6.7328222577325176
41 35 -6.5052540261822749
41 36 -6.2760374518661619
41 37 -6.0454360546175483
41 38 -5.8135843009129999
41 39 -5.5807177827745695
41 40 -5.3469405088577844
41 41 -5.1124608827314777
41 42 -4.8773539771615004
41 43 -4.6418021584718963
41 44 -4.4058533890454736
41 45 -4.1696654961605821
41 46 -3.93326140163611
41 47 -3.6967761809323476
41 48 -3.4602099782775326
41 49 -3.22367714238935
41 50 -2.987157452111032
41 51 -2.7507467464305879
41 52 -2.5144069668726639
41 53 -2.2782178482751001
41 54 -2.0421261642113691
41 55 -1.8061975227849074
41 56 -1.5703638885891005
41 57 -1.3346849604145421
41 58 -1.0991359152219993
41 59 -0.86376747907446905
41 60 -0.62756066466258464
41 61 -0.38879361007469376
41 62 -0.16097405144885396
41 63 0
42 0 0
42 1 -12.383690162888797
42 2 -12.394057134654211
42 3 -12.392341574693958
42 4 -12.375677070857094
42 5 -12.345992825825874
42 6 -12.303304208849829
42 7 -12.24769170062995
42 8 -12.17959007120411
42 9 -12.099343116790124
42 10 -12.007363429012964
42 11 -11.904000467307515
42 12 -11.789715225467431
42 13 -11.664886068441275
42 14 -11.530001599004944
42 15 -11.385454321626497
42 16 -11.231748669462037
42 17 -11.069282094500972
42 18 -10.89856406687425
42 19 -10.719988753236633
42 20 -10.53406128103039
42 21 -10.34116561071593
42 22 -10.141794518223918
42 23 -9.9363160613768997
42 24 -9.725203978468576
42 25 -9.5088058774115076
42 26 -9.2875710265407037
42 27 -9.0618230950263143
42 28 -8.831982620273358
42 29 -8.5983468040627553
42 30 -8.3613042718666666
42 31 -8.1211240878531878
42 32 -7.8781607681880441
42 33 -7.6326543258737578
42 34 -7.3849238560262167
42 35 -7.1351800646322854
42 36 -6.883706102650553
42 37 -6.6306836768545283
42 38 -6.3763601656866733
42 39 -6.1208890605990822
42 40 -5.8644827447332109
42 41 -5.6072676741994307
42 42 -5.3494225363272401
42 43 -5.0910482561679729
42 44 -4.8322915703569942
42 45 -4.5732296381968389
42 46 -4.3139793668296456
42 47 -4.0545961213974877
42 48 -3.7951694146004238
42 49 -3.535734948772344
42 50 -3.2763575354538155
42 51 -3.0170554650624282
42 52 -2.7578717539520072
42 53 -2.498809659201684
42 54 -2.2398935421358939
42 55 -1.9811134547295939
42 56 -1.7224757402949178
42 57 -1.4639659975348724
42 58 -1.2056369981014299
42 59 -0.94746511212544482
42 60 -0.68840714383460955
42 61 -0.42650193829563204
42 62 -0.1766597939138348
42 63 0
43 0 0
43 1 -13.430026836535601
43 2 -13.437897829112879
43 3 -13.432706017183671
43 4 -13.411636023172926
43 5 -13.376619649328216
43 6 -13.327713184171254
43 7 -13.265018240444736
43 8 -13.188986357622444
43 9 -13.100000567858732
43 10 -12.998478388031772
43 11 -12.884825155637715
43 12 -12.759494958959761
43 13 -12.622936309509823
43 14 -12.475619779352591
43 15 -12.318020359075275
43 16 -12.150614146446832
43 17 -11.973891462936308
43 18 -11.788323999570236
43 19 -11.594407304248945
43 20 -11.392600186607869
43 21 -11.183394723646281
43 22 -10.967229762301844
43 23 -10.744586548657438
43 24 -10.515878213409096
43 25 -10.281569087197344
43 26 -10.042042072880333
43 27 -9.7977396964090762
43 28 -9.5490112652427097
43 29 -9.2962737161385611
43 30 -9.0398404324926602
43 31 -8.7800999854601152
43 32 -8.517328436420847
43 33 -8.2518841235525908
43 34 -7.9840052111607243
43 35 -7.7140187475864126
43 36 -7.4421251431659883
43 37 -7.1686198144142708
43 38 -6.8936661794208831
43 39 -6.6175283047384124
43 40 -6.3403339037388635
43 41 -6.0623165136199439
43 42 -5.7835698713679902
43 43 -5.5042982658169537
43 44 -5.2245635501654561
43 45 -4.9445424351359941
43 46 -4.6642672792339086
43 47 -4.3838892108914935
43 48 -4.1034137205649932
43 49 -3.822968619416423
43 50 -3.5425353430360786
43 51 -3.2622208684327134
43 52 -2.9819855362180179
43 53 -2.7019181914464192
43 54 -2.421961222252988
43 55 -2.1421875082458599
43 56 -1.8625218274635167
43 57 -1.5830309255234436
43 58 -1.3036916834873076
43 59 -1.0245589643637041
43 60 -0.7444218384688982
43 61 -0.46124386914953946
43 62 -0.191079867460893
43 63 0
44 0 0
44 1 -14.371700175278889
44 2 -14.377157693636008
44 3 -14.368718109160046
44 4 -14.343579431162828
44 5 -14.303695349366675
44 6 -14.24914098206464
44 7 -14.180037938561899
44 8 -14.096864310265671
44 9 -14.000009367604553
44 10 -13.889934828895194
44 11 -13.767040731197213
44 12 -13.631840070432828
44 13 -13.484764739520383
44 14 -13.326357056399216
44 15 -13.157064984558774
44 16 -12.977447370317414
44 17 -12.787957981235145
44 18 -12.589160461420974
44 19 -12.381505212131733
44 20 -12.165550475763217
44 21 -11.941735545984507
44 22 -11.710604545350492
44 23 -11.472579260925658
44 24 -11.228182408851524
44 25 -10.977813134039581
44 26 -10.721966818242352
44 27 -10.46101599645486
44 28 -10.195424059144148
44 29 -9.9255340270062327
44 30 -9.6517738161907509
44 31 -9.3744549833734183
44 32 -9.0939675585715332
44 33 -8.810590530168124
44 34 -8.5246745968854487
44 35 -8.2364658133156503
44 36 -7.9462749647355162
44 37 -7.6543154434317744
44 38 -7.3608583016179274
44 39 -7.0660850825712709
44 40 -6.7702279527439071
44 41 -6.4734378741631495
44 42 -6.1759095522298155
44 43 -5.8777650111714692
44 44 -5.5791634148746576
44 45 -5.2801997990751461
44 46 -4.9810001253320637
44 47 -4.6816346352169962
44 48 -4.3821987792556136
44 49 -4.0827403921151459
44 50 -3.7833273960538918
44 51 -3.4839877532590151
44 52 -3.1847650816129662
44 53 -2.8856701639496074
44 54 -2.5867258107159996
44 55 -2.2879276709715382
44 56 -1.9892782945778524
44 57 -1.690768482764639
44 58 -1.3924555866576591
44 59 -1.0943182880845683
44 60 -0.79514135370233296
44 61 -0.49267535277134195
44 62 -0.2041580918344042
44 63 0
45 0 0
45 1 -15.19907069805598
45 2 -15.202296942001153
45 3 -15.190861149708031
45 4 -15.162059022314537
45 5 -15.117812375289578
45 6 -15.058241251398996
45 7 -14.983473172794469
45 8 -14.894005607625852
45 9 -14.790248176732318
45 10 -14.672670446900842
45 11 -14.541708780594702
45 12 -14.397871814168033
45 13 -14.241641525261247
45 14 -14.073544498164621
45 15 -13.894091056627733
45 16 -13.703813782989348
45 17 -13.503239493292742
45 18 -13.292895917056947
45 19 -13.073315643193622
45 20 -12.845012261938997
45 21 -12.608514890694993
45 22 -12.364315190430016
45 23 -12.112930969265435
45 24 -11.854825600393275
45 25 -11.590499087642018
45 26 -11.320381501680092
45 27 -11.044949807023153
45 28 -10.764596999725134
45 29 -10.479772936341861
45 30 -10.190830899455012
45 31 -9.8981906353395281
45 32 -9.6021640941886908
45 33 -9.3031388733638885
45 34 -9.0013848781791417
45 35 -8.6972563799757907
45 36 -8.3909813222982841
45 37 -8.0828802355979423
45 38 -7.7731398744959694
45 39 -7.462047281312846
45 40 -7.1497493851220861
45 41 -6.8365005718763889
45 42 -6.5224098076491792
45 43 -6.2077001510095879
45 44 -5.8924448839983476
45 45 -5.5768374895529629
45 46 -5.2609181873018969
45 47 -4.9448529921358446
45 48 -4.6286519608747527
45 49 -4.3124560442720403
45 50 -3.9962482574834892
45 51 -3.6801471327563187
45 52 -3.3641119412253144
45 53 -3.0482416892669635
45 54 -2.7324754226857091
45 55 -2.4168948910665304
45 56 -2.1014192345218263
45 57 -1.7861240755965457
45 58 -1.4709879421725527
45 59 -1.1560721509543557
45 60 -0.84000914465820442
45 61 -0.52050955002325527
45 62 -0.21570752206323249
45 63 0
46 0 0
46 1 -15.902848378473402
46 2 -15.903952257906713
46 3 -15.889802464995057
46 4 -15.857735056705405
46 5 -15.809678323235669
46 6 -15.745754262567457
46 7 -15.666116067001862
46 8 -15.571268156725781
46 9 -15.461629408495893
46 10 -15.337693402476329
46 11 -15.199894161517518
46 12 -15.048778188461316
46 13 -14.884813491900028
46 14 -14.708577053071691
46 15 -14.520554570053484
46 16 -14.321340125277485
46 17 -14.111426154243205
46 18 -13.891411559446135
46 19 -13.661785739405687
46 20 -13.423141722073012
46 21 -13.175957582866376
46 22 -12.920811314508979
46 23 -12.658162788584233
46 24 -12.388567287360079
46 25 -12.112460924739679
46 26 -11.830370009806648
46 27 -11.542702575668027
46 28 -11.249951019974603
46 29 -10.952492096924351
46 30 -10.650780580779715
46 31 -10.345159763009139
46 32 -10.036044204823249
46 33 -9.7237424536971382
46 34 -9.4086272841876237
46 35 -9.0909720114607424
46 36 -8.7711069603105773
46 37 -8.4492704131939451
46 38 -8.1257503898948986
46 39 -7.8007509290474486
46 40 -7.4745186000789925
46 41 -7.1472244850296187
46 42 -6.8190751754928538
46 43 -6.4902105000432631
46 44 -6.1607990775762307
46 45 -5.8309515287017861
46 46 -5.5008009593774849
46 47 -5.1704311056104499
46 48 -4.8399424043292907
46 49 -4.5093942524797805
46 50 -4.1788575823279368
46 51 -3.8483701698012664
46 52 -3.5179768737207251
46 53 -3.1876967542068004
46 54 -2.8575523352432213
46 55 -2.5275461435491366
46 56 -2.1976788081631873
46 57 -1.8679478088915731
46 58 -1.5384152335652594
46 59 -1.2090640527324781
46 60 -0.87854590876343563
46 61 -0.54439002220708332
46 62 -0.22564969678060109
46 63 0
47 0 0
47 1 -16.47342280004154
47 2 -16.47262327611806
47 3 -16.456054283271076
47 4 -16.421196125674477
47 5 -16.369908911730843
47 6 -16.302364035071125
47 7 -16.218703670908816
47 8 -16.119454729238658
47 9 -16.005035581876946
47 10 -15.875951082201967
47 11 -15.732649893346059
47 12 -15.575677187475536
47 13 -15.405528742916719
47 14 -15.222768567160029
47 15 -15.02792226089112
47 16 -14.821560152290051
47 17 -14.604225534477408
47 18 -14.376483669644218
47 19 -14.138884580460559
47 20 -13.89197868554886
47 21 -13.636313256431757
47 22 -13.37241563241294
47 23 -13.100822271097361
47 24 -12.822030677295647
47 25 -12.536559787572152
47 26 -12.244871912225676
47 27 -11.947463034263434
47 28 -11.644756204978178
47 29 -11.337220203903476
47 30 -11.025235945577656
47 31 -10.709241840199084
47 32 -10.389574861150766
47 33 -10.066640866210774
47 34 -9.7407320422531019
47 35 -9.4122203933467059
47 36 -9.0813533213411173
47 37 -8.7484684587829413
47 38 -8.4137691630486557
47 39 -8.0775588669353038
47 40 -7.7399982614057343
47 41 -7.4013573526746965
47 42 -7.0617560867789724
47 43 -6.721432336250337
47 44 -6.3804676813429886
47 45 -6.0390695988719507
47 46 -5.6972840630887065
47 47 -5.3552902706322154
47 48 -5.0131016620811089
47 49 -4.6708715866220336
47 50 -4.3285842760556257
47 51 -3.9863699258479333
47 52 -3.6441870877173077
47 53 -3.3021457675960306
47 54 -2.9601826206815911
47 55 -2.6183897388018007
47 56 -2.2766821733838714
47 57 -1.9351461551961724
47 58 -1.5937614921778822
47 59 -1.2525982784536469
47 60 -0.91017407406827755
47 61 -0.56401961488263752
47 62 -0.23379063192949728
47 63 0
48 0 0
48 1 -16.901558723863008
48 2 -16.898987499238125
48 3 -16.880331684555731
48 4 -16.843135955821595
48 5 -16.789251988882452
48 6 -16.718834841574338
48 7 -16.632058556849032
48 8 -16.529435776520433
48 9 -16.411397654454404
48 10 -16.278451064103741
48 11 -16.131045790142558
48 12 -15.969741875642509
48 13 -15.795024267603104
48 14 -15.607483955995249
48 15 -15.407624786734548
48 16 -15.19605519939425
48 17 -14.973286725212548
48 18 -14.739932839867738
48 19 -14.496502747712404
48 20 -14.243604125377484
48 21 -13.981735325201907
48 22 -13.71148891621047
48 23 -13.433345284634527
48 24 -13.147874065603753
48 25 -12.855531901680498
48 26 -12.556859080990769
48 27 -12.252283969124463
48 28 -11.942312423149511
48 29 -11.627341140338489
48 30 -11.307837697250251
48 31 -10.984164765681591
48 32 -10.656748926323584
48 33 -10.32591739320555
48 34 -9.992054066809759
48 35 -9.6554500882425085
48 36 -9.3164459216354434
48 37 -8.9752967334576024
48 38 -8.6322996232027762
48 39 -8.287674496605943
48 40 -7.941675891909993
48 41 -7.5944896929844878
48 42 -7.2463293210947768
48 43 -6.8973483194410123
48 44 -6.5477209929081974
48 45 -6.1975705933761995
48 46 -5.8470347884252138
48 47 -5.4962088905413937
48 48 -5.1451968166877284
48 49 -4.7940685373672505
48 50 -4.4428974486272548
48 51 -4.0917309701652762
48 52 -3.74061549472313
48 53 -3.3895788935867857
48 54 -3.0386444087808826
48 55 -2.6878225926121431
48 56 -2.3371138560284339
48 57 -1.9865237258084336
48 58 -1.6361186986236371
48 59 -1.2858880101132708
48 60 -0.93439542204608339
48 61 -0.57902732724495753
48 62 -0.24004899551779682
48 63 0
49 0 0
49 1 -17.177677754067986
49 2 -17.173587701751046
49 3 -17.153178537576192
49 4 -17.114183308025588
49 5 -17.058348516980331
49 6 -16.985883599386977
49 7 -16.896933378366942
49 8 -16.792036609970534
49 9 -16.671601636256192
49 10 -16.536150537764595
49 11 -16.386124428388033
49 12 -16.222085556313282
49 13 -16.04452255966072
49 14 -15.854016710810695
49 15 -15.651087429742677
49 16 -15.436322389656706
49 17 -15.210259842143895
49 18 -14.973482350115171
49 19 -14.726536187901983
49 20 -14.46998888775477
49 21 -14.204385365941882
49 22 -13.9302697316683
49 23 -13.648177532781494
49 24 -13.358622536411646
49 25 -13.062124224632026
49 26 -12.759160497625551
49 27 -12.450229311981349
49 28 -12.135768476483708
49 29 -11.816250114162724
49 30 -11.492068914959029
49 31 -11.163667919479231
49 32 -10.831396759709399
49 33 -10.49566710895016
49 34 -10.156782580167473
49 35 -9.8151220632893281
49 36 -9.4709430602856823
49 37 -9.1245910375730137
49 38 -8.7762780579496678
49 39 -8.4263162111523666
49 40 -8.0748734565862321
49 41 -7.722229157258492
49 42 -7.3685090758065686
49 43 -7.0139610235875054
49 44 -6.658670958444703
49 45 -6.3028567685907593
49 46 -5.9465674070063326
49 47 -5.5899928554263187
49 48 -5.2331482008172134
49 49 -4.876197864387299
49 50 -4.5191264834075975
49 51 -4.1620755381738697
49 52 -3.8050028592576361
49 53 -3.4480298927037563
49 54 -3.0910915872549514
49 55 -2.73429153288652
49 56 -2.377542062265749
49 57 -2.0209414508051053
49 58 -1.6644699192908667
49 59 -1.3082084762734927
49 60 -0.95060794352038169
49 61 -0.58910382927151683
49 62 -0.24422270818179712
49 63 0
50 0 0
50 1 -17.292603281330528
50 2 -17.287145132661742
50 3 -17.265361024987605
50 4 -17.225067642812178
50 5 -17.167989289434026
50 6 -17.094299944287421
50 7 -17.004182933745405
50 8 -16.898140447778214
50 9 -16.776597651213905
50 10 -16.640055375850505
50 11 -16.488959834294874
50 12 -16.323863717426836
50 13 -16.145248486753403
50 14 -15.953697415863362
50 15 -15.74971154797926
50 16 -15.53389160444118
50 17 -15.306747182292154
50 18 -15.068884343422255
50 19 -14.820811378260011
50 20 -14.563129089528577
50 21 -14.296336026115371
50 22 -14.021018591835553
50 23 -13.737658517953466
50 24 -13.446820091807897
50 25 -13.148962442607633
50 26 -12.844621384014342
50 27 -12.534228865969164
50 28 -12.218287155313387
50 29 -11.897197558225505
50 30 -11.57142491918923
50 31 -11.241337448598607
50 32 -10.907359798056751
50 33 -10.569825540371587
50 34 -10.229117373297461
50 35 -9.8855334992021966
50 36 -9.5394138148827032
50 37 -9.1910211304091991
50 38 -8.8406525145123567
50 39 -8.4885359812340297
50 40 -8.1349264736800126
50 41 -7.7800183377337575
50 42 -7.4240257369793152
50 43 -7.0671109292559375
50 44 -6.7094492078467054
50 45 -6.3511727031800351
50 46 -5.9924202358481065
50 47 -5.6332960860910575
50 48 -5.2739054191676553
50 49 -4.9143272027541594
50 50 -4.5546361206592261
50 51 -4.1948885743273783
50 52 -3.8351322418594629
50 53 -3.4754039332829425
50 54 -3.1157281498586773
50 55 -2.7561242900070355
50 56 -2.396593870260141
50 57 -2.0371515236144111
50 58 -1.6778671197647848
50 59 -1.3187379361683971
50 60 -0.95829138297314398
50 61 -0.5938613750980668
50 62 -0.24622688615952262
50 63 0
51 0 0
51 1 -17.236791057570084
51 2 -17.23024827867032
51 3 -17.207456491706317
51 4 -17.166460087952736
51 5 -17.108841708582379
51 6 -17.034835241048153
51 7 -16.944575788076556
51 8 -16.838595789643634
51 9 -16.717274395971589
51 10 -16.581132092616819
51 11 -16.43058203063066
51 12 -16.266183170417996
51 13 -16.0883953535389
51 14 -15.897795921468662
51 15 -15.694875795971242
51 16 -15.480218439344343
51 17 -15.254334552310388
51 18 -15.017802511283497
51 19 -14.771142554200647
51 20 -14.51491827565434
51 21 -14.249650523808933
51 22 -13.975879871531404
51 23 -13.694120116014341
51 24 -13.404881978936231
51 25 -13.108665761231558
51 26 -12.805946844788068
51 27 -12.497206738581161
51 28 -12.18288125300832
51 29 -11.863428882737887
51 30 -11.539242798038261
51 31 -11.210755248012568
51 32 -10.878314757645272
51 33 -10.542325005288534
51 34 -10.203088827089932
51 35 -9.8609798263446748
51 36 -9.5162549670159766
51 37 -9.1692570105260582
51 38 -8.8201976268277438
51 39 -8.4693886260129148
51 40 -8.1169976294630732
51 41 -7.7633059679892131
51 42 -7.4084390385484866
51 43 -7.0526486753022795
51 44 -6.6960203716590136
51 45 -6.3387778926947513
51 46 -5.9809695710062449
51 47 -5.6227929148222939
51 48 -5.2642621930711897
51 49 -4.9055507991404133
51 50 -4.546642329131986
51 51 -4.1876884805664885
51 52 -3.8286458102962793
51 53 -3.4696470328606077
51 54 -3.1106255988662155
51 55 -2.7516972127353592
51 56 -2.3927724641841004
51 57 -2.0339625824738912
51 58 -1.6752466032802251
51 59 -1.3167181691266603
51 60 -0.95681587433985094
51 61 -0.59297651280186225
51 62 -0.2458503292712397
51 63 0
52 0 0
52 1 -17.001125070138421
52 2 -16.993663612293744
52 3 -16.970283936079571
52 4 -16.929126844884866
52 5 -16.871740764436247
52 6 -16.798304792758227
52 7 -16.708999517549657
52 8 -16.604298009149378
52 9 -16.484600796379603
52 10 -16.350383133876878
52 11 -16.202067776102396
52 12 -16.040178822183048
52 13 -15.865173135283978
52 14 -15.67760404644112
52 15 -15.477948023259017
52 16 -15.26677534374163
52 17 -15.044571695204892
52 18 -14.811912948605485
52 19 -14.56928470456902
52 20 -14.317258450427804
52 21 -14.05631169986729
52 22 -13.787002917225845
52 23 -13.509794779934529
52 24 -13.225225397700276
52 25 -12.933737056123404
52 26 -12.635841434559692
52 27 -12.331955991636834
52 28 -12.022561091239751
52 29 -11.70804596730555
52 30 -11.388855898802937
52 31 -11.065349445926451
52 32 -10.73793406802028
52 33 -10.406936060042712
52 34 -10.07272327772011
52 35 -9.7355889261057733
52 36 -9.3958603392698521
52 37 -9.0537974862929413
52 38 -8.7096870438479623
52 39 -8.3637561934733871
52 40 -8.0162515198458184
52 41 -7.6673683810706867
52 42 -7.317314458741083
52 43 -6.9662546945539514
52 44 -6.6143596060413614
52 45 -6.261765502167
52 46 -5.9086079567897292
52 47 -5.5549967468802635
52 48 -5.2010351405551436
52 49 -4.846808747693224
52 50 -4.4923915266329653
52 51 -4.1378474997433798
52 52 -3.7832246174021473
52 53 -3.4285681301778501
52 54 -3.0739036410053364
52 55 -2.7192596583318118
52 56 -2.3646395041670565
52 57 -2.0100674284089664
52 58 -1.6556146663246718
52 59 -1.3012878766217351
52 60 -0.94563588564503642
52 61 -0.58604256404915056
52 62 -0.24300381731986173
52 63 0
53 0 0
53 1 -16.576096530205241
53 2 -16.568026750989997
53 3 -16.544455144794348
53 4 -16.503782485672357
53 5 -16.447380722817904
53 6 -16.37549497358135
53 7 -16.288238293270418
53 8 -16.186118642365741
53 9 -16.069467016337899
53 10 -15.938783280525268
53 11 -15.794432231009152
53 12 -15.636948846473944
53 13 -15.466742388892458
53 14 -15.284364602801501
53 15 -15.090255310364245
53 16 -14.884971598708967
53 17 -14.668973666913162
53 18 -14.442813475991782
53 19 -14.206962344372553
53 20 -13.961958011504896
53 21 -13.708274804540379
53 22 -13.446428475570224
53 23 -13.176889357943262
53 24 -12.900144745462766
53 25 -12.616655042883517
53 26 -12.326873852289381
53 27 -12.031246727973629
53 28 -11.730189513247494
53 29 -11.424128939444257
53 30 -11.113440109574606
53 31 -10.798527839971115
53 32 -10.479724510492943
53 33 -10.157410739446739
53 34 -9.8318751096176555
53 35 -9.503472495495318
53 36 -9.1724474276800176
53 37 -8.8391281578211789
53 38 -8.503715639587428
53 39 -8.1665112215768527
53 40 -7.8276734009548754
53 41 -7.4874768772395033
53 42 -7.1460393759666543
53 43 -6.8036096749253083
53 44 -6.46026690192343
53 45 -6.1162350570231592
53 46 -5.7715572636772912
53 47 -5.4264342522781384
53 48 -5.0808760914115281
53 49 -4.7350620654071918
53 50 -4.3889724358759619
53 51 -4.0427671325998125
53 52 -3.6964001073130528
53 53 -3.350014314516407
53 54 -3.0035411975782709
53 55 -2.6571083941920479
53 56 -2.3106250808897015
53 57 -1.9642155515364506
53 58 -1.6178550547521018
53 59 -1.271650898396145
53 60 -0.92409029332951709
53 61 -0.5727199324095219
53 62 -0.23746605113923178
53 63 0
54 0 0
54 1 -15.952651571327875
54 2 -15.944150890576529
54 3 -15.920843469574757
54 4 -15.88123117012317
54 5 -15.82664203385473
54 6 -15.757247467798653
54 7 -15.673213246150823
54 8 -15.574965239015887
54 9 -15.462860883721531
54 10 -15.337330699977713
54 11 -15.198754123595812
54 12 -15.047605672002021
54 13 -14.884296392455441
54 14 -14.70932754141152
54 15 -14.523128989915076
54 16 -14.326217776599288
54 17 -14.119033307915437
54 18 -13.902098245146023
54 19 -13.675853180549476
54 20 -13.440817432974297
54 21 -13.197425565232676
54 22 -12.946185752724833
54 23 -12.687520405541287
54 24 -12.421919898537173
54 25 -12.149789412373384
54 26 -11.871595968085726
54 27 -11.587723426913897
54 28 -11.298610954470849
54 29 -11.004617920542133
54 30 -10.706152124523447
54 31 -10.403546116464728
54 32 -10.097173743066586
54 33 -9.7873391734033639
54 34 -9.47438056967904
54 35 -9.1585728489337512
54 36 -8.8402175409387134
54 37 -8.5195600546574237
54 38 -8.1968650529213622
54 39 -7.8723487235155121
54 40 -7.5462392723633158
54 41 -7.218724427934248
54 42 -6.8899969273260933
54 43 -6.5602172133256627
54 44 -6.229544056844758
54 45 -5.8981121423734111
54 46 -5.5660482317027391
54 47 -5.233463079501373
54 48 -4.9004537933992482
54 49 -4.5671092805385616
54 50 -4.233499693762889
54 51 -3.899694383792649
54 52 -3.5657395448487961
54 53 -3.2316874932659743
54 54 -2.8975638089511322
54 55 -2.5634055525646362
54 56 -2.2292176454761163
54 57 -1.8950336365329368
54 58 -1.5609228392927037
54 59 -1.2269019161597454
54 60 -0.89160507103089104
54 61 -0.55258091805463039
54 62 -0.22914262446608902
54 63 0
55 0 0
55 1 -15.121315559361234
55 2 -15.112717232730363
55 3 -15.090093435305784
55 4 -15.052229069071748
55 5 -15.000243695750525
55 6 -14.934381457520384
55 7 -14.854721495542877
55 8 -14.761729698292166
55 9 -14.655670723605981
55 10 -14.537005155353194
55 11 -14.406029654840186
55 12 -14.2632347836663
55 13 -14.108957918844288
55 14 -13.943703662785147
55 15 -13.76783845308657
55 16 -13.581870806527954
55 17 -13.386187608614705
55 18 -13.181291983661291
55 19 -12.967583399470845
55 20 -12.745551466395524
55 21 -12.51560130108507
55 22 -12.278202033695326
55 23 -12.033758400308415
55 24 -11.782713216687418
55 25 -11.525465682986846
55 26 -11.262427554783674
55 27 -10.993988173075472
55 28 -10.720524519574949
55 29 -10.442412535941283
55 30 -10.159991682982021
55 31 -9.8736216924426028
55 32 -9.5836026523608009
55 33 -9.2902759480780972
55 34 -8.9939012633863236
55 35 -8.6948001189403676
55 36 -8.3931915072729399
55 37 -8.0893761293098692
55 38 -7.7835326684875508
55 39 -7.4759405610267837
55 40 -7.1667391593690333
55 41 -6.8561866493117032
55 42 -6.5443845562392626
55 43 -6.2315702409435136
55 44 -5.9178093653581731
55 45 -5.6033192565149408
55 46 -5.2881320744758842
55 47 -4.9724462270720435
55 48 -4.6562630751854801
55 49 -4.3397635055346715
55 50 -4.0229210711518535
55 51 -3.7059007791217389
55 52 -3.3886516091276304
55 53 -3.0713245951607799
55 54 -2.7538476714087943
55 55 -2.4363591369229378
55 56 -2.118766148294839
55 57 -1.8012050639038664
55 58 -1.4836434194568822
55 59 -1.1662022168296047
55 60 -0.84748442769019716
55 61 -0.52526761897748286
55 62 -0.21780115344408196
55 63 0
56 0 0
56 1 -14.073074651001138
56 2 -14.064563986547089
56 3 -14.043110900581381
56 4 -14.007596566353701
56 5 -13.95908978280087
56 6 -13.897743107670783
56 7 -13.82369579700984
56 8 -13.737309596127062
56 9 -13.638881151988942
56 10 -13.528778035020583
56 11 -13.407317107307517
56 12 -13.274903161464884
56 13 -13.131880705912474
56 14 -12.978677492321777
56 15 -12.815655124954382
56 16 -12.643255135830548
56 17 -12.461848464699839
56 18 -12.271881878992335
56 19 -12.073728650845714
56 20 -11.867833206296851
56 21 -11.654565065209324
56 22 -11.43435968440849
56 23 -11.207577635934189
56 24 -10.974639717543273
56 25 -10.735893213973487
56 26 -10.491739484154081
56 27 -10.242508996862361
56 28 -9.9885797645247898
56 29 -9.7302626692284822
56 30 -9.4679092958667255
56 31 -9.2018088693474169
56 32 -8.9322842422489828
56 33 -8.6596015519554346
56 34 -8.3840533368061312
56 35 -8.1058817958556713
56 36 -7.8253482392995188
56 37 -7.5426705969667003
56 38 -7.2580786499373096
56 39 -6.9717661902978332
56 40 -6.683931727549095
56 41 -6.394745455282024
56 42 -6.1043753743570326
56 43 -5.8129689757346927
56 44 -5.5206649686524987
56 45 -5.2275893465776235
56 46 -4.9338531489649107
56 47 -4.6395623428008834
56 48 -4.3448022774291655
56 49 -4.0496605908530352
56 50 -3.7541992345944744
56 51 -3.4584894034075826
56 52 -3.16257221489851
56 53 -2.8665045159398415
56 54 -2.5703094719444328
56 55 -2.2740310130950117
56 56 -1.9776742297453791
56 57 -1.6812804986582994
56 58 -1.3849122901839883
56 59 -1.0885958480495082
56 60 -0.79112086472862275
56 61 -0.49032810587921788
56 62 -0.2033404534321617
56 63 0
57 0 0
57 1 -12.798483252407232
57 2 -12.790412197595622
57 3 -12.770567469003202
57 4 -12.738125294098358
57 5 -12.693917897666553
57 6 -12.638177922100546
57 7 -12.57093961810213
57 8 -12.49261031814498
57 9 -12.403371490909448
57 10 -12.303626682281932
57 11 -12.193585834840931
57 12 -12.073675500168466
57 13 -11.944140957413762
57 14 -11.805418841847494
57 15 -11.657780858918475
57 16 -11.501665322823833
57 17 -11.337363740839939
57 18 -11.165308359356409
57 19 -10.985804398074327
57 20 -10.799271246674996
57 21 -10.606022428724915
57 22 -10.406458630091389
57 23 -10.200896932162159
57 24 -9.9897143994196345
57 25 -9.7732275674884992
57 26 -9.5517858617541336
57 27 -9.3257017820166332
57 28 -9.0952939560134247
57 29 -8.8608679371124666
57 30 -8.622709207097067
57 31 -8.3811140046705077
57 32 -8.1363330730337484
57 33 -7.8886514719324365
57 34 -7.6382843109556076
57 35 -7.3855040719469214
57 36 -7.13048997363643
57 37 -6.8735009484580711
57 38 -6.6146806447323643
57 39 -6.3542738647188823
57 40 -6.0923895253062135
57 41 -5.8292580733862875
57 42 -5.5649549946120214
57 43 -5.2996964773609694
57 44 -5.0335262827324616
57 45 -4.766646727597494
57 46 -4.4990719100254841
57 47 -4.2309909221812338
57 48 -3.9623905672812882
57 49 -3.6934475904294062
57 50 -3.4241241297570482
57 51 -3.1545856615040684
57 52 -2.8847725103556923
57 53 -2.6148401845007796
57 54 -2.3447103098712421
57 55 -2.0745291477059218
57 56 -1.8041999685972105
57 57 -1.5338687224162144
57 58 -1.2634896179323998
57 59 -0.99319600576165679
57 60 -0.72178004136451035
57 61 -0.44738374236732664
57 62 -0.1855161988138703
57 63 0
58 0 0
58 1 -11.288833410531701
58 2 -11.281391583929773
58 3 -11.263667190646236
58 4 -11.234917442867022
58 5 -11.195920292353122
58 6 -11.146800619932042
58 7 -11.087660213078568
58 8 -11.018781422865038
58 9 -10.940383662303418
58 10 -10.852754818550251
58 11 -10.756131089448182
58 12 -10.650828846238925
58 13 -10.537106428788494
58 14 -10.415297978005498
58 15 -10.285676119249052
58 16 -10.148585761587759
58 17 -10.004307975003508
58 18 -9.8531918891856503
58 19 -9.6955217248975316
58 20 -9.5316449964008161
58 21 -9.3618444507959069
58 22 -9.1864608534105603
58 23 -9.005771504784688
58 24 -8.8201059867961362
58 25 -8.6297328105961881
58 26 -8.4349666226391289
58 27 -8.2360644011314985
58 28 -8.0333227634735316
58 29 -7.8269849739709203
58 30 -7.6173271557425242
58 31 -7.4045772004028896
58 32 -7.1889888660604493
58 33 -6.9707734925677958
58 34 -6.7501611603120013
58 35 -6.5273459149562267
58 36 -6.3025333664991638
58 37 -6.075899918002051
58 38 -5.8476263978158167
58 39 -5.6178715706356721
58 40 -5.386791614638069
58 41 -5.1545279735239697
58 42 -4.9212127112402344
58 43 -4.686970543749319
58 44 -4.4519103236531219
58 45 -4.216140873565756
58 46 -3.9797490679651388
58 47 -3.7428288795098168
58 48 -3.5054467325786436
58 49 -3.2676829728070875
58 50 -3.02958536244304
58 51 -2.7912219933874582
58 52 -2.5526239814101555
58 53 -2.3138487073750813
58 54 -2.0749129211160362
58 55 -1.8358642906999421
58 56 -1.5967050560514076
58 57 -1.3574814523186589
58 58 -1.1182421422599713
58 59 -0.8790211130291733
58 60 -0.63883972895177388
58 61 -0.39597125097305252
58 62 -0.16422708106137146
58 63 0
59 0 0
59 1 -9.5351845828644493
59 2 -9.5287377701183669
59 3 -9.5135831820576122
59 4 -9.4892731492838536
59 5 -9.4563258049950587
59 6 -9.4149542568397333
59 7 -9.3651378323055212
59 8 -9.3072105425321787
59 9 -9.2412553945759388
59 10 -9.1676027576764341
59 11 -9.086358826112594
59 12 -8.9978681693705926
59 13 -8.902265262605134
59 14 -8.7998994586829529
59 15 -8.6909277595157182
59 16 -8.5756979848888815
59 17 -8.4543853940603988
59 18 -8.3273304434189406
59 19 -8.1947226852340531
59 20 -8.0568900863717943
59 21 -7.9140329330935479
59 22 -7.7664622766550098
59 23 -7.6143859723599689
59 24 -7.4580944264542053
59 25 -7.2978002804449176
59 26 -7.1337702460674448
59 27 -6.9662193331292208
59 28 -6.7953881636424223
59 29 -6.6214920429072475
59 30 -6.444743729866719
59 31 -6.2653570764455502
59 32 -6.0835157896535748
59 33 -5.8994308216209577
59 34 -5.7132561822493546
59 35 -5.5251987587314044
59 36 -5.3353827194973809
59 37 -5.1440099824687309
59 38 -4.9511751872155125
59 39 -4.7570746192893978
59 40 -4.5617741151279629
59 41 -4.3654638873989304
59 42 -4.1681820651511634
59 43 -3.9701125524340859
59 44 -3.7712671949430798
59 45 -3.5718235400427036
59 46 -3.3717688625259683
59 47 -3.1712744760598777
59 48 -2.9703050477351454
59 49 -2.7690259352755522
59 50 -2.567381376383771
59 51 -2.365531187194049
59 52 -2.16340153755639
59 53 -1.9611472738438225
59 54 -1.7586790711213172
59 55 -1.5561469277043343
59 56 -1.353446523299515
59 57 -1.1507293523502349
59 58 -0.94792838366551324
59 59 -0.74518645412152762
59 60 -0.54156414428046407
59 61 -0.33571467483395462
59 62 -0.13922769950472189
59 63 0
60 0 0
60 1 -7.526378602715984
60 2 -7.5211183740236427
60 3 -7.509066161329625
60 4 -7.4898302408309441
60 5 -7.4638739679611463
60 6 -7.4312892293653672
60 7 -7.3921292892612156
60 8 -7.346584673531706
60 9 -7.2947819421151952
60 10 -7.2369154090975938
60 11 -7.1731234201591176
60 12 -7.1036180682083758
60 13 -7.028552813878699
60 14 -6.948150768100156
60 15 -6.862575717024697
60 16 -6.7720572893684716
60 17 -6.6767660188146234
60 18 -6.576933827267565
60 19 -6.4727347405990434
60 20 -6.3643991884423059
60 21 -6.2521018323591608
60 22 -6.1360682612966837
60 23 -6.0164713052614154
60 24 -5.8935288021884746
60 25 -5.7674096604954395
60 26 -5.6383214878484305
60 27 -5.5064275404624858
60 28 -5.371923135645341
60 29 -5.234964484793144
60 30 -5.0957329583367681
60 31 -4.9543766444673141
60 32 -4.8110616955327883
60 33 -4.6659272873114466
60 34 -4.5191234480492648
60 35 -4.3707799155801288
60 36 -4.2210300318320009
60 37 -4.0699938095372001
60 38 -3.9177876637141869
60 39 -3.7645218086009065
60 40 -3.6102957907078483
60 41 -3.4552101425895212
60 42 -3.2993478768060611
60 43 -3.1428001289791467
60 44 -2.9856339655618949
60 45 -2.8279315571139043
60 46 -2.6697448423176846
60 47 -2.5111475863573962
60 48 -2.3521776263464478
60 49 -2.192900991846868
60 50 -2.0333426297379553
60 51 -1.8735615959307372
60 52 -1.7135713220319722
60 53 -1.5534247593560584
60 54 -1.3931253872791074
60 55 -1.2327205435892883
60 56 -1.0722036946900309
60 57 -0.91162199831830693
60 58 -0.75099992282583161
60 59 -0.5903765476030246
60 60 -0.42908618680158894
60 61 -0.26598888008404642
60 62 -0.11034213180886789
60 63 0
61 0 0
61 1 -5.242900959412407
61 2 -5.2392078615790325
61 3 -5.2307294357316581
61 4 -5.2173535361380665
61 5 -5.1992671955359668
61 6 -5.1766568922565313
61 7 -5.1494390395118845
61 8 -5.1178604024344452
61 9 -5.0818935819505437
61 10 -5.0417806522287876
61 11 -4.997510429545768
61 12 -4.9493286212311292
61 13 -4.8972435578289186
61 14 -4.8414990225374765
61 15 -4.7821205668223943
61 16 -4.7193461268237149
61 17 -4.6532168516731831
61 18 -4.5839612268407777
61 19 -4.5116344453889416
61 20 -4.4364523772706184
61 21 -4.3584828223675594
61 22 -4.2779263127922684
61 23 -4.1948619270644487
61 24 -4.1094725819747264
61 25 -4.0218474090526426
61 26 -3.9321498708128697
61 27 -3.8404780213846763
61 28 -3.7469744560742981
61 29 -3.6517451092932003
61 30 -3.5549107046627166
61 31 -3.4565840962465995
61 32 -3.3568635184173727
61 33 -3.2558678605473346
61 34 -3.153672612557807
61 35 -3.0504018867645422
61 36 -2.9461085091120518
61 37 -2.8409210711987201
61 38 -2.7348701231193608
61 39 -2.6280880583890416
61 40 -2.5205838183757185
61 41 -2.4124929856515243
61 42 -2.3038038103081759
61 43 -2.1946545141702858
61 44 -2.08501379568626
61 45 -1.975022027767507
61 46 -1.8646296918515555
61 47 -1.7539788837381216
61 48 -1.6430033716223147
61 49 -1.531846603794929
61 50 -1.4204272836020426
61 51 -1.3088898952133448
61 52 -1.1971398480415545
61 53 -1.0853224163430364
61 54 -0.97333162055896039
61 55 -0.86131301471719002
61 56 -0.74914999963677376
61 57 -0.6369913620330564
61 58 -0.52473933056370925
61 59 -0.4125394965334116
61 60 -0.29981006835925345
61 61 -0.18587426971397913
61 62 -0.077077651887686685
61 63 0
62 0 0
62 1 -2.6867463495911186
62 2 -2.6847966594895989
62 3 -2.6804433463109754
62 4 -2.6735589826672466
62 5 -2.6643075565311518
62 6 -2.6527119123055911
62 7 -2.6387986485739172
62 8 -2.6226250689635524
62 9 -2.6042425702565026
62 10 -2.5837104194459339
62 11 -2.5610838946938816
62 12 -2.5364289480402205
62 13 -2.5098057443346371
62 14 -2.4812846686112224
62 15 -2.4509290612815708
62 16 -2.418812253997809
62 17 -2.3849994666546062
62 18 -2.3495655815774334
62 19 -2.3125765156707159
62 20 -2.2741074494934126
62 21 -2.2342239535593151
62 22 -2.1930003962131641
62 23 -2.1505010946387375
62 24 -2.1067986365363467
62 25 -2.0619553121131178
62 26 -2.0160410995124045
62 27 -1.969115616601919
62 28 -1.921245538525459
62 29 -1.8724872875076595
62 30 -1.8229036724813792
62 31 -1.7725475117271063
62 32 -1.7214773088869784
62 33 -1.6697419774280577
62 34 -1.6173953940545061
62 35 -1.5644823661500593
62 36 -1.5110519321693396
62 37 -1.4571446838408628
62 38 -1.4028047130562094
62 39 -1.3480683701911278
62 40 -1.2929747877970255
62 41 -1.237556125428724
62 42 -1.181846631557262
62 43 -1.125874394284351
62 44 -1.0696689338192897
62 45 -1.0132544479137233
62 46 -0.95665595747815779
62 47 -0.89989400596599145
62 48 -0.8429894097781554
62 49 -0.78595934261831868
62 50 -0.72882076968465614
62 51 -0.67158782128077266
62 52 -0.61427401642432067
62 53 -0.55689081509553107
62 54 -0.49944875666229654
62 55 -0.44195687599079514
62 56 -0.3844226141169037
62 57 -0.32685460757938123
62 58 -0.26927177820836362
62 59 -0.21167962187626976
62 60 -0.15385034796719255
62 61 -0.095366493046860165
62 62 -0.03955497635246448
62 63 0
63 0 0
63 1 0
63 2 0
63 3 0
63 4 0
63 5 0
63 6 0
63 7 0
63 8 0
63 9 0
63 10 0
63 11 0
63 12 0
63 13 0
63 14 0
63 15 0
63 16 0
63 17 0
63 18 0
63 19 0
63 20 0
63 21 0
63 22 0
63 23 0
63 24 0
63 25 0
63 26 0
63 27 0
63 28 0
63 29 0
63 30 0
63 31 0
63 32 0
63 33 0
63 34 0
63 35 0
63 36 0
63 37 0
63 38 0
63 39 0
63 40 0
63 41 0
63 42 0
63 43 0
63 44 0
63 45 0
63 46 0
63 47 0
63 48 0
63 49 0
63 50 0
63 51 0
63 52 0
63 53 0
63 54 0
63 55 0
63 56 0
63 57 0
63 58 0
63 59 0
63 60 0
63 61 0
63 62 0
63 63 0
