0 0 1000
0 1 0
0 2 0
0 3 0
0 4 0
0 5 0
0 6 0
0 7 0
0 8 0
0 9 0
0 10 0
0 11 0
0 12 0
0 13 0
0 14 0
0 15 0
0 16 0
0 17 0
0 18 0
0 19 0
0 20 0
0 21 0
0 22 0
0 23 0
0 24 0
0 25 0
0 26 0
0 27 0
0 28 0
0 29 0
0 30 0
0 31 0
0 32 0
0 33 0
0 34 0
0 35 0
0 36 0
0 37 0
0 38 0
0 39 0
0 40 0
0 41 0
0 42 0
0 43 0
0 44 0
0 45 0
0 46 0
0 47 0
0 48 0
0 49 0
0 50 0
0 51 0
0 52 0
0 53 0
0 54 0
0 55 0
0 56 0
0 57 0
0 58 0
0 59 0
0 60 0
0 61 0
0 62 0
0 63 0
1 0 1000
1 1 992.15976440490317
1 2 984.85117183560396
1 3 977.05964822198666
1 4 970.60059984407144
1 5 963.0203728519873
1 6 957.37517864720053
1 7 950.03492751425949
1 8 945.16172407995498
1 9 938.11557184527464
1 10 933.95563108872454
1 11 927.25553044760466
1 12 923.73584805049381
1 13 917.43003518015348
1 14 914.46971977404007
1 15 908.59946405994754
1 16 906.11534072655138
1 17 900.71229490651933
1 18 898.62381857469916
1 19 893.70815930342508
1 20 891.94127852963959
1 21 887.52081200050498
1 22 886.01062152024838
1 23 882.08088319088438
1 24 880.77305056013358
1 25 877.31830539560076
1 26 876.16938702516893
1 27 873.16434150552516
1 28 872.14119725219803
1 29 869.55317820463415
1 30 868.63174526741489
1 31 866.4230850392679
1 32 865.5867818995132
1 33 863.71716967810994
1 34 862.9551762137778
1 35 861.38378189240689
1 36 860.68939336353344
1 37 859.37663153050619
1 38 858.74582387768999
1 39 857.65468977838714
1 40 857.08497257844738
1 41 856.18193987151972
1 42 855.67151975705826
1 43 854.9270353171305
1 44 854.47427178971498
1 45 853.86291286978008
1 46 853.46602205858824
1 47 852.96639597948433
1 48 852.62334519630031
1 49 852.21781370796873
1 50 851.92634803784813
1 51 851.60065111799122
1 52 851.35839934449154
1 53 851.10124029366295
1 54 850.90585781205607
1 55 850.70849640402344
1 56 850.55781333374159
1 57 850.41369869697974
1 58 850.30586573775565
1 59 850.21036018409382
1 60 850.14386418142215
1 61 850.09343873391163
1 62 850.06739471584888
1 63 850.06739471584888
2 0 1000
2 1 992.87787740844681
2 2 986.27624287974243
2 3 979.19534127823863
2 4 973.41948230387538
2 5 966.53166779806918
2 6 961.53795915303533
2 7 954.86332479106727
2 8 950.60316434499236
2 9 944.18811424011358
2 10 940.59757616785134
2 11 934.48772538746482
2 12 931.49023256370913
2 13 925.7290117513304
2 14 923.24168838718947
2 15 917.86717374528655
2 16 915.80633849578851
2 17 910.84858778009402
2 18 909.1344949113975
2 19 904.61358914039488
2 20 903.17407894626797
2 21 899.09905924245982
2 22 897.87197621444852
2 23 894.24072404137235
2 24 893.17510625794432
2 25 889.97509462165647
2 26 889.03126456480027
2 27 886.24101225428012
2 28 885.38978926671848
2 29 882.9807917160723
2 30 882.20209394561516
2 31 880.14098501033004
2 32 879.42209504294613
2 33 877.672809725467
2 34 877.00655044634846
2 35 875.53230049481056
2 36 874.91531694163803
2 37 873.68024810840427
2 38 873.11152921365829
2 39 872.0819897012999
2 40 871.56170177966362
2 41 870.70710683728987
2 42 870.23575675452025
2 43 869.52907832045753
2 44 869.10698345450032
2 45 868.52492324651439
2 46 868.15193933173634
2 47 867.67485884079599
2 48 867.35030463507246
2 49 866.96198818460118
2 50 866.6847049328361
2 51 866.37202561472202
2 52 866.14051600715595
2 53 865.89306252897859
2 54 865.70566483503706
2 55 865.51537329392193
2 56 865.37043748337089
2 57 865.23125794589816
2 58 865.12731514840539
2 59 865.03496249741636
2 60 864.97076148647363
2 61 864.92194508576324
2 62 864.89675399323858
2 63 864.89675399323858
3 0 1000
3 1 993.55000408742592
3 2 987.60896529041247
3 3 981.18997659191268
3 4 976.04850892830223
3 5 969.80243655659024
3 6 965.41116079606707
3 7 959.35183350996124
3 8 955.65728931149295
3 9 949.82535564700026
3 10 946.76007103361303
3 11 941.19653854532669
3 12 938.68172246391441
3 13 933.42659121778797
3 14 931.378383605154
3 15 926.46749308226902
3 16 924.80232090644006
3 17 920.26464894293304
3 18 918.90380043669961
3 19 914.75942225052518
3 20 913.63251706916537
3 21 909.89142214188485
3 22 908.9386493916885
3 23 905.60047459434679
3 24 904.77361262092109
3 25 901.82822993280331
3 26 901.09058516639277
3 27 898.51938672793005
3 28 897.84487579005508
3 29 895.62253965562468
3 30 894.99418398206103
3 31 893.09068312428894
3 32 892.49878979059861
3 33 890.88142067645754
3 34 890.32169419136426
3 35 888.95694094034161
3 36 888.42871931537263
3 37 887.28382412074416
3 38 886.7885704122458
3 39 885.83273966494562
3 40 885.37285818458008
3 41 884.57808755238511
3 42 884.15608021665662
3 43 883.49762468915605
3 44 883.11556240282721
3 45 882.57210610979598
3 46 882.2313643051873
3 47 881.78495969450819
3 48 881.48615521632087
3 49 881.12200396338289
3 50 880.86506971078074
3 51 880.57121171943629
3 52 880.35555234932337
3 53 880.12251792396557
3 54 879.94720105842111
3 55 879.7676678726159
3 56 879.63161657839532
3 57 879.50009951312325
3 58 879.40227605005339
3 59 879.31489681064568
3 60 879.25435487206812
3 61 879.20811058564914
3 62 879.18429854197154
3 63 879.18429854197154
4 0 1000
4 1 994.22134677704787
4 2 988.9394490884041
4 3 983.17818918962348
4 4 978.66529667364512
4 5 973.05215606141235
4 6 969.25350770949478
4 7 963.79658773635799
4 8 960.65426926808232
4 9 955.38897585268921
4 10 952.83250770558118
4 11 947.79592589577396
4 12 945.7449688405045
4 13 940.97446054400984
4 14 939.34491278291648
4 15 934.87492529570977
4 16 933.58409252259582
4 17 929.44336439284052
4 18 928.41431952441633
4 19 924.62370589804198
4 20 923.78853674114976
4 21 920.35966416085387
4 22 919.66149728753771
4 23 916.5963191655793
4 24 915.99014624043843
4 25 913.28134940285292
4 26 912.73380117828026
4 27 910.3659167539081
4 28 909.85421267447111
4 29 907.80522312643791
4 30 907.31556600106921
4 31 905.55877686024439
4 32 905.08446384878346
4 33 903.59041998410669
4 34 903.12991053582118
4 35 901.8681741541518
4 36 901.42330327312845
4 37 900.36396352258851
4 38 899.93842653195713
4 39 899.05326781177723
4 40 898.6514412021088
4 41 897.91475007409622
4 42 897.54086000071277
4 43 896.92989282736926
4 44 896.58750305991123
4 45 896.08266519216897
4 46 895.77443133573956
4 47 895.35923368506735
4 48 895.08685924023291
4 49 894.74772131257805
4 50 894.51205089836992
4 51 894.23801393109034
4 52 894.03920627469358
4 53 893.82160944134944
4 54 893.65934413398224
4 55 893.49150389708677
4 56 893.3651874461583
4 57 893.24210710389252
4 58 893.15106753714394
4 59 893.06922170406312
4 60 893.01277415981929
4 61 892.96941801167225
4 62 892.94716484256014
4 63 892.94716484256014
5 0 1000
5 1 994.88087941955564
5 2 990.24576014866648
5 3 985.12766300128101
5 4 981.22752236389726
5 5 976.22935770828155
5 6 973.00491765860681
5 7 968.1300485692185
5 8 965.51975408112276
5 9 960.79917277209518
5 10 958.73033620309332
5 11 954.19803524515498
5 12 952.58953486523603
5 13 948.28100912191735
5 14 947.04918791637817
5 15 942.99816819717387
5 16 942.0617874778867
5 17 938.29732818074012
5 18 937.58169489790578
5 19 934.1258530599282
5 20 933.56583943039982
5 21 930.43216606199405
5 22 929.97402430244699
5 23 927.16695000132393
5 24 926.76895823022721
5 25 924.28403303859841
5 26 923.91612266019683
5 27 921.74097143831818
5 28 921.38356498659084
5 29 919.49935622142129
5 30 919.14168303492397
5 31 917.5248837379454
5 32 917.16304055195451
5 33 915.78723916325305
5 34 915.42223102202001
5 35 914.25984575205359
5 36 913.89579013721641
5 37 912.91953131169385
5 38 912.56214654070607
5 39 911.74615757672473
5 40 911.40159566860939
5 41 910.722249352164
5 42 910.39628142850381
5 43 909.83265004604311
5 44 909.53017346661693
5 45 909.06422004344211
5 46 908.78903228269314
5 47 908.40558546469879
5 48 908.16035911970039
5 49 907.84693792807866
5 50 907.63333147606966
5 51 907.37988126833977
5 52 907.19872779153945
5 53 906.99731863895943
5 54 906.84884632588671
5 55 906.69337264517924
5 56 906.57742257015695
5 57 906.46333027925721
5 58 906.379560053923
5 59 906.30364381886079
5 60 906.25160565742738
5 61 906.21136075506854
5 62 906.19079584229303
5 63 906.19079584229303
6 0 1000
6 1 995.52313679706117
6 2 991.51703624473237
6 3 987.02234113825216
6 4 983.71426526088271
6 5 979.30846588015856
6 6 976.63564410543654
6 7 972.31849605338778
6 8 970.21666301216874
6 9 966.01568828444897
6 10 964.41080843600878
6 11 960.35780299097314
6 12 959.16874203745454
6 13 955.29812208660098
6 14 954.44231155767432
6 15 950.78773948116611
6 16 950.18589452742378
6 17 946.7772290709346
6 18 946.35723674464839
6 19 943.21806094786132
6 20 942.91777671007901
6 21 940.06373344476879
6 22 939.83260074257396
6 23 937.27062585231113
6 24 937.07016185179702
6 25 934.79858118470213
6 26 934.60188127806941
6 27 932.61123765513344
6 28 932.40172624541776
6 29 930.67613752885438
6 30 930.44582832054618
6 31 928.96465104278639
6 32 928.7121782550322
6 33 927.45175921739826
6 34 927.18040893763657
6 35 926.11574155819721
6 36 925.83166021906857
6 37 924.93781261486936
6 38 924.64850852811583
6 39 923.90174570069928
6 40 923.61493978209342
6 41 922.99351390195204
6 42 922.71634469831145
6 43 922.2009692060517
6 44 921.93951947028268
6 45 921.5135714752746
6 46 921.27266015508724
6 47 920.92217113352842
6 48 920.70534461591137
6 49 920.41884345746087
6 50 920.22850052120521
6 51 919.99676848936929
6 52 919.83436122861815
6 53 919.65014869489835
6 54 919.51641335131569
6 55 919.37415617956106
6 56 919.26933957975621
6 57 919.16490083532187
6 58 919.08897041641762
6 59 919.01944768978296
6 60 918.97218059940042
6 61 918.93530223156029
6 62 918.9165710342686
6 63 918.9165710342686
7 0 1000
7 1 996.147201164129
7 2 992.751507937013
7 3 988.8598097006917
7 4 986.12256187184744
7 5 982.28625846304146
7 6 980.14222709576848
7 7 976.35857778165325
7 8 974.74170476792369
7 9 971.03565932565425
7 10 969.87138886211915
7 11 966.2733692703539
7 12 965.48127388783007
7 13 962.02531686180043
7 14 961.52449819628828
7 15 958.24475295303864
7 16 957.95831123605524
7 17 954.88584389912603
7 18 954.74452705426575
7 19 951.90470062531517
7 20 951.84948801245639
7 21 949.26015439151433
7 22 949.24369922884296
7 23 946.91429858022218
7 24 946.90127612761103
7 25 944.83281351973551
7 26 944.79932713626818
7 27 942.98509485233797
7 28 942.91736362351685
7 29 941.3442115712661
7 30 941.23679686891944
7 31 939.88672588204247
7 32 939.74055151770983
7 33 938.59241148924809
7 34 938.41279998657365
7 35 937.44390847212662
7 36 937.23880448983971
7 37 936.42635109183516
7 38 936.20484311047744
7 39 935.52699996381466
7 40 935.29819281455889
7 41 934.7349029144109
7 42 934.50714390813857
7 43 934.04060070210119
7 44 933.82102526621134
7 45 933.43588580223991
7 46 933.23022591870688
7 47 932.91361558284791
7 48 932.72620481013792
7 49 932.46757603213325
7 50 932.30148579406591
7 51 932.09238894608268
7 52 931.94963870060269
7 53 931.7834540371224
7 54 931.66524961257437
7 55 931.53691741723947
7 56 931.44388356650495
7 57 931.34965776300601
7 58 931.28205233011238
7 59 931.21931549543922
7 60 931.17712838453349
7 61 931.1438339148167
7 62 931.12706156299009
7 63 931.12706156299009
8 0 1000
8 1 996.75245371402627
8 2 993.94801008385605
8 3 990.63849435631153
8 4 988.45069581816006
8 5 985.16095082623247
8 6 983.5231321379207
8 7 980.24900919225263
8 8 979.09419050810777
8 9 975.85893143117153
8 10 975.11278982440513
8 11 971.9462115221155
8 12 971.52965235138697
8 13 968.4660436014999
8 14 968.30032018167776
8 15 965.37479767462321
8 16 965.3857313238334
8 17 962.63089691271534
8 18 962.75229560493494
8 19 960.19547771281543
8 20 960.37152313313209
8 21 958.03284248152067
8 22 958.21937578403652
8 23 956.1107330219528
8 24 956.27548775616799
8 25 954.4004437306495
8 26 954.52237541960312
8 27 952.87679249211067
8 28 952.94472320844034
8 29 951.51796957258694
8 30 951.52879804197278
8 31 950.30528906655047
8 32 950.26201373814831
8 33 949.22287128533446
8 34 949.13264213682919
8 35 948.25728629973571
8 36 948.12965067810524
8 37 947.39718786049832
8 38 947.24263705120416
8 39 946.6329631537476
8 40 946.46182918967895
8 41 945.9564179757665
8 42 945.77812159853613
8 43 945.36050996186862
8 44 945.18312478189284
8 45 944.83913556430684
8 46 944.66921155938178
8 47 944.38697045032029
8 48 944.22955087156163
8 49 943.99935846875974
8 50 943.85812533915566
8 51 943.67224153817153
8 52 943.54973290962005
8 53 943.40212166111007
8 54 943.29997541181763
8 55 943.18604644016034
8 56 943.10523711943188
8 57 943.02160953427972
8 58 942.96266506159998
8 59 942.90698835438184
8 60 942.87009807191123
8 61 942.84054161284666
8 62 942.8258175558492
8 63 942.8258175558492
9 0 1000
9 1 997.33802691613857
9 2 995.1048936242513
9 3 992.35619500997109
9 4 990.6960310318525
9 5 987.92977246922476
9 6 986.77549312921485
9 7 983.98716258859042
9 8 983.27171028180237
9 9 980.48364074184144
9 10 980.13363203664619
9 11 977.3757186365666
9 12 977.31395695616618
9 13 974.62127901880262
9 14 974.77158245912267
9 15 972.18061493484026
9 16 972.471792031522
9 17 970.01692261031258
9 18 970.38597493442933
9 19 968.09662160154949
9 20 968.49095469515157
9 21 966.38952466213948
9 22 966.76810071697139
9 23 964.86888802780834
9 24 965.20236746057185
9 25 963.51135870964299
9 26 963.78137544082483
9 27 962.29683043995556
9 28 962.49461254027381
9 29 961.20822037974381
9 30 961.33279911351372
9 31 960.23118231358421
9 32 960.28742967860398
9 33 959.35377622303304
9 34 959.35048027325956
9 35 958.56611689967701
9 36 958.5142549383537
9 37 957.86002454131881
9 38 957.77133707959604
9 39 957.22869786891908
9 40 957.11461042028429
9 41 956.66642571826878
9 42 956.53731805819052
9 43 956.16834722878104
9 44 956.03313476916708
9 45 955.73026471287835
9 46 955.59623533393119
9 47 955.34850794277349
9 48 955.22134889400195
9 49 955.01984454183605
9 50 954.90379527279561
9 51 954.74142867537694
9 52 954.63950342422686
9 53 954.5107792599041
9 54 954.4250147398019
9 55 954.32577916123341
9 56 954.25747434651919
9 57 954.18468705997964
9 58 954.13462125864987
9 59 954.0861811415474
9 60 954.0547306099719
9 61 954.02901354195365
9 62 954.01639809888979
9 63 954.01639809888979
10 0 1000
10 1 997.9030767257251
10 2 996.22055455657085
10 3 994.01069771740663
10 4 992.85602280544458
10 5 990.58992908244795
10 6 989.89657036812991
10 7 987.57036720158555
10 8 987.27196743157515
10 9 984.90783282141251
10 10 984.93257132054976
10 11 982.56110270404633
10 12 982.83415543952719
10 13 980.4916952356117
10 14 980.93977085770052
10 15 978.66447632342374
10 16 979.21956086266221
10 17 977.04779327404992
10 18 977.65015609774991
10 19 975.61349320740374
10 20 976.21374441503724
10 21 974.33685477112567
10 22 974.89698785877283
10 23 973.19646141358294
10 24 973.68992508666724
10 25 972.17402622111399
10 26 972.58496422459382
10 27 971.25417110293472
10 28 971.57603441448407
10 29 970.42416285569038
10 30 970.65792963038382
10 31 969.67361262445331
10 32 969.82584886088148
10 33 968.99415049944434
10 34 969.07511465667733
10 35 968.37909116400135
10 36 968.40103812830296
10 37 967.82310828884431
10 38 967.79889232721678
10 39 967.32193437274714
10 40 967.26395620108667
10 41 966.87209936529962
10 42 966.79159610333761
10 43 966.47071655561274
10 44 966.37735916300812
10 45 966.11531890657579
10 46 966.01706090445828
10 47 965.80374417900248
10 48 965.70685699740261
10 49 965.53406346541124
10 50 965.44329507869952
10 51 965.30454544195959
10 52 965.22334686352065
10 53 965.11364774937522
10 54 965.04442333199256
10 55 964.9600271770862
10 56 964.90437624568949
10 57 964.8425606356758
10 58 964.80149599416347
10 59 964.76039284199715
10 60 964.73446550747281
10 61 964.7126479115658
10 62 964.70217793515565
10 63 964.70217793515565
11 0 1000
11 1 998.44680820932456
11 2 997.29349519530024
11 3 995.60004075561631
11 4 994.92836708974858
11 5 993.13905704387173
11 6 992.88398372497113
11 7 990.99651290442466
11 8 991.0931145163222
11 9 989.13017824896497
11 10 989.50876135094973
11 11 987.50219313224295
11 12 988.09071533429608
11 13 986.07850634819988
11 14 986.80682689334913
11 15 984.82906526724651
11 16 985.63247678738946
11 17 983.72762595033601
11 18 984.54968696202764
11 19 982.75151365072645
11 20 983.5459774400382
11 21 981.88136299778489
11 22 982.61313448269982
11 23 981.10085915985042
11 24 981.74601850000909
11 25 980.39648035155142
11 26 980.94150519159234
11 27 979.75723389336008
11 28 980.19761690268467
11 29 979.17437817546772
11 30 979.51286778326198
11 31 978.64112805430318
11 32 978.88581870637654
11 33 978.15234802283055
11 34 978.31481778856335
11 35 977.70424335601376
11 36 977.79789028813286
11 37 977.29406278804618
11 38 977.33273705214197
11 39 976.91982663477665
11 40 976.91680212509038
11 41 976.58009198962338
11 42 976.54737575224829
11 43 976.2737625746546
11 44 976.22170686329559
11 45 975.9999460827338
11 46 975.93710749760032
11 47 975.75785736523756
11 48 975.69103925161551
11 49 975.54676229134191
11 50 975.48117791586878
11 51 975.36595487663249
11 52 975.30545671721973
11 53 975.21475938929586
11 54 975.16209109550528
11 55 975.09254937088167
11 56 975.04958844477346
11 57 974.99877589674281
11 58 974.966751958587
11 59 974.93301769481297
11 60 974.91264501897695
11 61 974.89474990024542
11 62 974.88644163311426
11 63 974.88644163311426
12 0 1000
12 1 998.968514929241
12 2 998.32239061988082
12 3 997.12243587014905
12 4 996.91108391563466
12 5 995.57506734120591
12 6 995.73580152782927
12 7 994.26384733489056
12 8 994.73382016307744
12 9 993.14975446686344
12 10 993.86187392730574
12 11 992.19923451449597
12 12 993.08456184279976
12 13 991.38330903033363
12 14 992.37503839681517
12 15 990.67737929372413
12 16 991.714179487362
12 17 990.06075610521418
12 18 991.08945451644274
12 19 989.51621015871501
12 20 990.49361750906428
12 21 989.02956760799907
12 22 989.92337086515124
12 23 988.58936155004471
12 24 989.37811763834873
12 25 988.1865280945168
12 26 988.85888293521998
12 27 987.81412786806663
12 28 988.36744985714506
12 29 987.46707527973842
12 30 987.90572405395858
12 31 987.14186484458753
12 32 987.47531561780806
12 33 986.83629257890925
12 34 987.0773091124795
12 35 986.54917811425059
12 36 986.71218232209719
12 37 986.28009804575458
12 38 986.37983113662722
12 39 986.02914258914382
12 40 986.07966045053377
12 41 985.79670622896094
12 42 985.810707216678
12 43 985.58331961315707
12 44 985.57177000387287
12 45 985.38952559682809
12 46 985.3615279277451
12 47 985.21579807648948
12 48 985.17863945748491
12 49 985.06249882278792
12 50 985.0218176306945
12 51 984.92986530299277
12 52 984.88988237180251
12 53 984.81802155622984
12 54 984.78179303129741
12 55 984.72700434959643
12 56 984.69666477665317
12 57 984.65679729452461
12 58 984.63377710809812
12 59 984.60738218855101
12 60 984.59254776033822
12 61 984.57856467563579
12 62 984.5724153642135
12 63 984.5724153642135
13 0 1000
13 1 999.46752984630064
13 2 999.3059993712302
13 3 998.57630347958604
13 4 998.80238064893524
13 5 997.89620711200826
13 6 998.45035932759367
13 7 997.37102544630693
13 8 998.19306760151392
13 9 996.96605395055838
13 10 997.99190406346349
13 11 996.65283313865302
13 12 997.81691273965941
13 13 996.4079580340449
13 14 997.64692044924527
13 15 996.21253598836756
13 16 997.46844402737497
13 17 996.05148447493025
13 18 997.27437279353137
13 19 995.91292028628573
13 20 997.06254108977896
13 21 995.78765575670127
13 22 996.83432940061755
13 23 995.66879951418855
13 24 996.59339562103889
13 25 995.55143756994789
13 26 996.34460371815362
13 27 995.43236417383366
13 28 996.09318408227603
13 29 995.30983540753539
13 30 995.84413107998182
13 31 995.18332765556545
13 32 995.60182050120818
13 33 995.0532938579413
13 34 995.36981385253159
13 35 994.92091981836347
13 36 995.15080797213568
13 37 994.78788907693468
13 38 994.94668652650887
13 39 994.65616742100497
13 40 994.75863322025202
13 41 994.52781740615353
13 42 994.58727327271902
13 43 994.40485026704789
13 44 994.43281811722773
13 45 994.28911848821599
13 46 994.29519682401076
13 47 994.18224814894336
13 48 994.17416530789069
13 49 994.08560673756404
13 50 994.06939029572959
13 51 994.00029987314304
13 52 993.98050907066897
13 53 993.92718937408597
13 54 993.90716831912948
13 55 993.86692519829717
13 56 993.84904592230635
13 57 993.81998428757697
13 58 993.80586309497403
13 59 993.78672220453655
13 60 993.77736700604476
13 61 993.76725515717976
13 62 993.7632450401419
13 63 993.7632450401419
14 0 1000
14 1 999.94326705090168
14 2 1000.2432371801825
14 3 999.9602159497598
14 4 1000.6007383723963
14 5 1000.1009505224275
14 6 1001.0263445489053
14 7 1000.3169802764222
14 8 1001.470211597602
14 9 1000.5788630039322
14 10 1001.8991789663251
14 11 1000.8638674064908
14 12 1002.2892287291426
14 13 1001.1545245174366
14 14 1002.625106539029
14 15 1001.4377868817493
14 16 1002.8990208215167
14 17 1001.7041458385833
14 18 1003.1091855418161
14 19 1001.9469081649792
14 20 1003.2583194150997
14 21 1002.1616353740854
14 22 1003.3522225196762
14 23 1002.3457283400345
14 24 1003.3985167002324
14 25 1002.4981199309426
14 26 1003.4056038997604
14 27 1002.6190342889306
14 28 1003.3818665080997
14 29 1002.7097775023078
14 30 1003.3351079249701
14 31 1002.7725359674887
14 32 1003.2722112983646
14 33 1002.8101715202891
14 34 1003.19898074733
14 35 1002.8260133647652
14 36 1003.1201224413998
14 37 1002.8236542141823
14 38 1003.0393220200109
14 39 1002.8067614049876
14 40 1002.9593787047169
14 41 1002.7789135312734
14 42 1002.8823634540187
14 43 1002.743470425222
14 44 1002.8097769671157
14 45 1002.7034803174241
14 46 1002.7426918113293
14 47 1002.6616238735654
14 48 1002.6818703675934
14 49 1002.6201913430664
14 50 1002.6278560462046
14 51 1002.581086723799
14 52 1002.581039123439
14 53 1002.5458517609469
14 54 1002.541700735379
14 55 1002.5157025956773
14 56 1002.510039079662
14 57 1002.4915724423971
14 58 1002.486184355517
14 59 1002.474162810365
14 60 1002.4701894399558
14 61 1002.4638810517671
14 62 1002.4619750225332
14 63 1002.4619750225332
15 0 1000
15 1 1000.395180809699
15 2 1001.133101200573
15 3 1001.2729374897555
15 4 1002.3048133287646
15 5 1002.1880609418005
15 6 1003.4626820455635
15 7 1003.1009712550647
15 8 1004.5648715512209
15 9 1003.9882726191966
15 10 1005.5842808006011
15 11 1004.8334482664985
15 12 1006.5031819042159
15 13 1005.625203511771
15 14 1007.3123707495938
15 15 1006.3563782410894
15 16 1008.0097116002629
15 17 1007.0229355694995
15 18 1008.5985894231798
15 19 1007.6231723006917
15 20 1009.0863779197557
15 21 1008.1571398591742
15 22 1009.4830252823152
15 23 1008.6262428284123
15 24 1009.7998289262745
15 25 1009.0329650715119
15 26 1010.0484411375212
15 27 1009.3806723669823
15 28 1010.2401208561332
15 29 1009.6734494509451
15 30 1010.3852239281529
15 31 1009.9159433177232
15 32 1010.4929063999
15 33 1010.1131992907317
15 34 1010.5710036489928
15 35 1010.2704886803745
15 36 1010.6260424942237
15 37 1010.3931351392112
15 38 1010.663343319277
15 39 1010.4863507255094
15 40 1010.6871735055387
15 41 1010.5550927711142
15 42 1010.700920580926
15 43 1010.6039500519307
15 44 1010.7072618890774
15 45 1010.637062782227
15 46 1010.7083159005201
15 47 1010.6580767671509
15 48 1010.7057675227895
15 49 1010.6701285046995
15 50 1010.700965344764
15 51 1010.6758556018943
15 52 1010.6949924953549
15 53 1010.6774256880383
15 54 1010.6887148566702
15 55 1010.6765769170619
15 56 1010.682810885184
15 57 1010.6746637704379
15 58 1010.6777887029494
15 59 1010.672707333455
15 60 1010.6739842557159
15 61 1010.671387236547
15 62 1010.6715364780727
15 63 1010.6715364780727
16 0 1000
16 1 1000.8228016687242
16 2 1001.9747361456614
16 3 1002.5133766976437
16 4 1003.9135018930986
16 5 1004.1565074215398
16 6 1005.7585842956448
16 7 1005.7224969202869
16 8 1007.4769462938536
16 9 1007.1946119010729
16 10 1009.0480132083304
16 11 1008.5628908683742
16 12 1010.4605707050421
16 13 1009.8223331664054
16 14 1011.7114964452102
16 15 1010.9716192583591
16 16 1012.804203293637
16 17 1012.0120214925324
16 18 1013.7470478137938
16 19 1012.9465913129364
16 20 1014.5518051220843
16 21 1013.7795957061944
16 22 1015.2322927195869
16 23 1014.5161546606688
16 24 1015.8032001256947
16 25 1015.1620179713088
16 26 1016.2791553855504
16 27 1015.7234220893204
16 28 1016.6740363578598
16 29 1016.2069796006845
16 30 1017.0005147485809
16 31 1016.6195701491955
16 32 1017.2698053706163
16 33 1016.9682179142228
16 34 1017.4915829279829
16 35 1017.2599541402816
16 36 1017.6740239801629
16 37 1017.5016721591045
16 38 1017.8239321755153
16 39 1017.6999865851266
16 40 1017.9469093025234
16 41 1017.8611085833363
16 42 1018.0475417955479
16 43 1017.9907465181901
16 44 1018.1295805781519
16 45 1018.0940372530862
16 46 1018.1961002380455
16 47 1018.1755090879823
16 48 1018.2496305499185
16 49 1018.2390736734104
16 50 1018.2922587494883
16 51 1018.2880417078794
16 52 1018.3257045515022
16 53 1018.3251559465125
16 54 1018.3513718416218
16 55 1018.3526348722521
16 56 1018.3703814877704
16 57 1018.3722210588779
16 58 1018.3835900738094
16 59 1018.3852301108567
16 60 1018.3915950357061
16 61 1018.392595578959
16 62 1018.3947388998954
16 63 1018.3947388998954
17 0 1000
17 1 1001.225699620046
17 2 1002.7673632757894
17 3 1003.6806104931277
17 4 1005.4258582054684
17 5 1006.005495162973
17 6 1007.9134665637818
17 7 1008.1813007195005
17 8 1010.2065473173349
17 9 1010.198412567442
17 10 1012.2913691799414
17 11 1012.0536319443062
17 12 1014.1633318693315
17 13 1013.748268316989
17 14 1015.8253341984781
17 15 1015.2867216969264
17 16 1017.2861674076945
17 17 1016.6753631312823
17 18 1018.5589226346916
17 19 1017.9217371219788
17 20 1019.6595056587265
17 21 1019.0340425400682
17 22 1020.6053225704169
17 23 1020.0208292977211
17 24 1021.4141800952807
17 25 1020.8908389279777
17 26 1022.10342246613
17 27 1021.6529231900613
17 28 1022.6893071304853
17 29 1022.3159895445511
17 30 1023.1866043779443
17 31 1022.888940610434
17 32 1023.6083924557374
17 33 1023.3805923533772
17 34 1023.9660108410746
17 35 1023.799569936709
17 36 1024.2691304236048
17 37 1024.1541895124826
17 38 1024.5259001002496
17 39 1024.4523386148862
17 40 1024.7431337810438
17 41 1024.7013680283476
17 42 1024.9265087604042
17 43 1024.9080053253329
17 44 1025.0807544388917
17 45 1025.0782961098364
17 46 1025.2098182516024
17 47 1025.2175745944292
17 48 1025.3170024551091
17 49 1025.3304613698763
17 50 1025.4050706190633
17 51 1025.4208835877223
17 52 1025.4763261066166
17 53 1025.4921114030108
17 54 1025.5326666482924
17 55 1025.5468042677412
17 56 1025.5756196357472
17 57 1025.5870614047983
17 58 1025.6063620951904
17 59 1025.6144691377765
17 60 1025.6257323420255
17 61 1025.6301970893926
17 62 1025.6342622160664
17 63 1025.6342622160664
18 0 1000
18 1 1001.6035124462732
18 2 1003.510335076116
18 3 1004.7738460544506
18 4 1006.8411348201171
18 5 1007.7344056530633
18 6 1009.9269622488378
18 7 1010.4773188793248
18 8 1012.7539744013924
18 9 1013.0003838415529
18 10 1015.3154609073453
18 11 1015.3072429448169
18 12 1017.6134270115372
18 13 1017.4054352285592
18 14 1019.6566540938286
18 15 1019.3048929939408
18 16 1021.4590908051217
18 17 1021.0168352851063
18 18 1023.0382973991824
18 19 1022.5530186814062
18 20 1024.4140282072281
18 21 1023.9252862479972
18 22 1025.6069980304135
18 23 1025.1453388306616
18 24 1026.6378647768822
18 25 1026.2246484465209
18 26 1027.5264428978865
18 27 1027.174443067792
18 28 1028.2911459723086
18 29 1028.0057094282756
18 30 1028.9486420276298
18 31 1028.7291804636207
18 32 1029.5136932938135
18 33 1029.3552926490604
18 34 1029.9991441471789
18 35 1029.8941131893323
18 36 1030.416017547213
18 37 1030.3552465377156
18 38 1030.7736811340014
18 39 1030.7477340868404
18 40 1031.0800485498207
18 41 1031.0799609664889
18 42 1031.3417882873548
18 43 1031.3595810521253
18 44 1031.5645201360221
18 45 1031.5934669725607
18 46 1031.7529869095999
18 47 1031.7876873545529
18 48 1031.9111957041982
18 49 1031.9475096498093
18 50 1032.0425279417798
18 51 1032.0774241466047
18 52 1032.1498207491552
18 53 1032.1811833066924
18 54 1032.2354239345493
18 55 1032.2618502380956
18 56 1032.3012373563859
18 57 1032.3218509166174
18 58 1032.3487318226541
18 59 1032.3630197223972
18 60 1032.3789668387401
18 61 1032.3867449657787
18 62 1032.3926496502656
18 63 1032.3926496502656
19 0 1000
19 1 1001.9559150273046
19 2 1004.2030729598631
19 3 1005.7924306893386
19 4 1008.1587198186708
19 5 1009.3428007787924
19 6 1011.7988685191355
19 7 1012.6106540398314
19 8 1015.1196860929964
19 9 1015.6013458270044
19 10 1018.1215259528834
19 11 1018.3253232427345
19 12 1020.8128882333469
19 13 1020.7961918853616
19 14 1023.2082281905713
19 15 1023.0291751261301
19 16 1025.3263878438952
19 17 1025.0400583995586
19 18 1027.1891093545532
19 19 1026.844515949055
19 20 1028.8197074067764
19 21 1028.457746281864
19 22 1030.2419301716368
19 23 1029.8943292232352
19 24 1031.4790317659899
19 25 1031.1682178193485
19 26 1032.5530653317203
19 27 1032.2927912831949
19 28 1033.4843927596178
19 29 1033.2809147951559
19 30 1034.2913943810543
19 31 1034.144973310172
19 32 1034.990351312953
19 33 1034.8968658663089
19 34 1035.5954658478404
19 35 1035.5479618245911
19 36 1036.1189820482034
19 37 1036.1090299713835
19 38 1036.5713695189093
19 39 1036.5901556260012
19 40 1036.9615375229398
19 41 1037.0006607863436
19 42 1037.2970530708017
19 43 1037.3490393118063
19 44 1037.5843440965489
19 45 1037.6429146483295
19 46 1037.8288761805438
19 47 1037.8890229003764
19 48 1038.0352976203376
19 49 1038.0932200407208
19 50 1038.207552478799
19 51 1038.2605092072097
19 52 1038.3489644002259
19 53 1038.3950824934645
19 54 1038.4622955980562
19 55 1038.5003712443015
19 56 1038.5497859650566
19 57 1038.5790997335321
19 58 1038.6131746507826
19 59 1038.6333288017986
19 60 1038.6537234962416
19 61 1038.6646485098283
19 62 1038.672301583307
19 63 1038.672301583307
20 0 1000
20 1 1002.2826395714776
20 2 1004.8451095355582
20 3 1006.7358240259765
20 4 1009.3781556340863
20 5 1010.8303855941506
20 6 1013.5291336815918
20 7 1014.5815535989166
20 8 1017.3042473767999
20 9 1018.0022371486242
20 10 1020.7108348874674
20 11 1021.1095427319736
20 12 1023.7636922575409
20 13 1023.9229044382058
20 14 1026.4826819710524
20 15 1026.4625489147172
20 16 1028.8912415844552
20 17 1028.7485219928265
20 18 1031.0149922835685
20 19 1030.8001129234165
20 20 1032.880517936816
20 21 1032.6355895386387
20 22 1034.5143300338736
20 23 1034.2721479709319
20 24 1035.9420340652664
20 25 1035.7259856098522
20 26 1037.1877028711501
20 27 1037.012422001344
20 28 1038.2734521124939
20 29 1038.1460139038543
20 30 1039.219201973292
20 31 1039.14063304054
20 32 1040.04259945781
20 33 1040.0094948095089
20 34 1040.7590687123673
20 35 1040.7651411602471
20 36 1041.3819535838154
20 37 1041.4193901651615
20 38 1041.9227172565909
20 39 1041.9832687719854
20 40 1042.391167719406
20 41 1042.4669448539776
20 42 1042.7956839665096
20 43 1042.8796714123014
20 44 1043.143425023339
20 45 1043.2297511027803
20 46 1043.4405109727845
20 47 1043.5245244110667
20 48 1043.6921712856679
20 49 1043.770380671062
20 50 1043.9028604210434
20 51 1043.9727881892545
20 52 1044.0763437021133
20 53 1044.136338122717
20 54 1044.2157579969382
20 55 1044.264796303411
20 56 1044.3236522987052
20 57 1044.3611581331165
20 58 1044.4020097897867
20 59 1044.4276902770578
20 60 1044.452276571096
20 61 1044.4661680128215
20 62 1044.4754703135409
20 63 1044.4754703135409
21 0 1000
21 1 1002.5834517158402
21 2 1005.4360368230605
21 3 1007.6035959075647
21 4 1010.4990949929712
21 5 1012.1969915604107
21 6 1015.1178289499292
21 7 1016.3903604953894
21 8 1019.3083289510483
21 9 1020.2040294653967
21 10 1023.0847238063307
21 11 1023.6615244435081
21 12 1026.4678256386501
21 13 1026.7878073099703
21 14 1029.4825869116485
21 15 1029.6077831364212
21 16 1032.1567155749551
21 17 1032.1454340667121
21 18 1034.5193984570162
21 19 1034.4233567999242
21 20 1036.6001981977968
21 21 1036.462605988356
21 22 1038.4281271682678
21 23 1038.282739999589
21 24 1040.0309086314992
21 25 1039.901974970966
21 26 1041.4344287709473
21 27 1041.3373717957181
21 28 1042.6623751192917
21 29 1042.6050036735855
21 30 1043.7360471188983
21 31 1043.7200748131129
21 32 1044.6743153546736
21 33 1044.6969806994634
21 34 1045.4936991758443
21 35 1045.5493151042313
21 36 1046.2085290556881
21 37 1046.2898380283334
21 38 1046.8311603853772
21 39 1046.9304223984223
21 40 1047.3722089763351
21 41 1047.481996673115
21 42 1047.8407843718362
21 43 1047.9544970104105
21 44 1048.2447039583112
21 45 1048.3568377775018
21 46 1048.5906777042196
21 47 1048.6969041943996
21 48 1048.8844592826449
21 49 1048.9815666672298
21 50 1049.1309638442353
21 51 1049.2167133537234
21 52 1049.3343556377768
21 53 1049.407295824238
21 54 1049.4981101188489
21 55 1049.5573821747914
21 56 1049.6250557735771
21 57 1049.6702129445296
21 58 1049.717396519221
21 59 1049.7482408719429
21 60 1049.7767453412482
21 61 1049.7934102957909
21 62 1049.8042555431559
21 63 1049.8042555431559
22 0 1000
22 1 1002.8581631462345
22 2 1005.9755363429854
22 3 1008.3954081233311
22 4 1011.5213018916628
22 5 1013.4425582877631
22 6 1016.565115744655
22 7 1018.0375146202297
22 8 1021.1326379555225
22 9 1022.2077571120417
22 10 1025.2444923217515
22 11 1025.9829037441875
22 12 1028.927158789628
22 13 1029.3930879854802
22 14 1032.2103216041376
22 15 1032.4675377641345
22 16 1035.1256131252876
22 17 1035.2338344668233
22 18 1037.7054654752465
22 19 1037.7175734925681
22 20 1039.9821315823219
22 21 1039.9423197880783
22 22 1041.9868693891615
22 23 1041.929749668876
22 24 1043.7492960760987
22 25 1043.6998837432329
22 26 1045.2969154927969
22 27 1045.2713367042743
22 28 1046.6548157317634
22 29 1046.6615338230313
22 30 1047.8455248310254
22 31 1047.8868672340161
22 32 1048.8890036606415
22 33 1048.9627848035391
22 34 1049.8027481282595
22 35 1049.9038188002967
22 36 1050.6019691934696
22 37 1050.7235702098301
22 38 1051.2998191767006
22 39 1051.4346677939375
22 40 1051.9076360678373
22 41 1052.0487200216605
22 42 1052.4351830359278
22 43 1052.5762742515174
22 44 1052.8908669468931
22 45 1053.0267924942159
22 46 1053.281926301084
22 47 1053.4086479638731
22 48 1053.6145847489652
22 49 1053.7291422942269
22 50 1053.8941707174017
22 51 1053.9945402110411
22 52 1054.1252065123542
22 53 1054.2101167163773
22 54 1054.3114716360074
22 55 1054.3802112882975
22 56 1054.4560456659656
22 57 1054.5082846578969
22 58 1054.5613308781762
22 59 1054.5969566753583
22 60 1054.6290904080277
22 61 1054.648324922583
22 62 1054.6606005046767
22 63 1054.6606005046767
23 0 1000
23 1 1003.1066143047746
23 2 1006.463338375291
23 3 1009.111003466518
23 4 1012.4446239714222
23 5 1014.5671027250818
23 6 1017.8712375996116
23 7 1019.523490758545
23 8 1022.7779367612673
23 9 1024.0144245246793
23 10 1027.1914509643721
23 11 1028.0752121753951
23 12 1031.1435186785386
23 13 1031.7407572073719
23 14 1034.6681632035409
23 15 1035.0442309537179
23 16 1037.8005796222992
23 17 1038.0164678038186
23 18 1040.5761217795971
23 19 1040.6857533299312
23 20 1043.0294487610565
23 21 1043.0778919478532
23 22 1045.1938171715174
23 23 1045.216442117309
23 24 1047.1005243441321
23 25 1047.1230241691248
23 26 1048.7785064478519
23 27 1048.8176285830762
23 28 1050.2540905899612
23 29 1050.3188773079262
23 30 1051.5508915719327
23 31 1051.6442140032887
23 32 1052.6898350357342
23 33 1052.810018470713
23 34 1053.6892815668957
23 35 1053.8316545289081
23 36 1054.5652223114143
23 37 1054.7234687625394
23 38 1055.3315162715787
23 39 1055.4987604428784
23 40 1056.0001423005938
23 41 1056.1697416328702
23 42 1056.5814439931303
23 43 1056.7475025089204
23 44 1057.0843520089729
23 45 1057.2419917132393
23 46 1057.5165747596329
23 47 1057.6620163104608
23 48 1057.8847539707854
23 49 1058.0152615059033
23 50 1058.1945858864731
23 51 1058.3083271351102
23 52 1058.4509116285767
23 53 1058.5467761501397
23 54 1058.6577815348624
23 55 1058.7351897370061
23 56 1058.8184989326148
23 57 1058.8772248167718
23 58 1058.9356428958786
23 59 1058.9756501041336
23 60 1059.0111105451072
23 61 1059.0327009142034
23 62 1059.0462886281307
23 63 1059.0462886281307
24 0 1000
24 1 1003.3286806753979
24 2 1006.8992413018349
24 3 1009.7501954250615
24 4 1013.2689809100785
24 5 1015.5707150611618
24 6 1019.0364760611351
24 7 1020.8488150469216
24 8 1024.24496747538
24 9 1025.6250476153123
24 10 1028.9268206017357
24 11 1029.9399421622325
24 12 1033.1185725842295
24 13 1033.8327316764203
24 14 1036.8581656707456
24 15 1037.3401326580654
24 16 1040.1839843524822
24 17 1040.4958808146566
24 18 1043.1339790296031
24 19 1043.3306460216795
24 20 1045.7449350688871
24 21 1045.8722083602277
24 22 1048.0518680836547
24 23 1048.1457815404219
24 24 1050.0875502347749
24 25 1050.1743901537077
24 26 1051.8821732129948
24 27 1051.9792312866978
24 28 1053.4631496807294
24 29 1053.5799761696474
24 30 1054.8550467308164
24 31 1054.9949906320878
24 32 1056.0796358190366
24 33 1056.2414720864813
24 34 1057.1560360944757
24 35 1057.3355142430623
24 36 1058.1009236265452
24 37 1058.2921184643171
24 38 1058.9287782336739
24 39 1059.1251731478787
24 40 1059.6521421174523
24 41 1059.8474209426699
24 42 1060.2818693839261
24 43 1060.4704294060743
24 44 1060.8273516314932
24 45 1061.0045753392224
24 46 1061.2967109875808
24 47 1061.4590476920714
24 48 1061.6969574150369
24 49 1061.8418694398167
24 50 1062.034111256389
24 51 1062.1599356307538
24 52 1062.3132946572173
24 53 1062.4190629798736
24 54 1062.5387967656152
24 55 1062.624045758007
24 56 1062.7141182629412
24 57 1062.7787139005802
24 58 1062.8419941901905
24 59 1062.8859673689221
24 60 1062.9244399985498
24 61 1062.9481639726637
24 62 1062.9629407041045
24 63 1062.9629407041045
25 0 1000
25 1 1003.5242612682007
25 2 1007.2830813739617
25 3 1010.3128520941885
25 4 1013.9943496951615
25 5 1016.4535210886398
25 6 1020.0611560289102
25 7 1022.0139996612168
25 8 1025.5344811874297
25 9 1027.0405643960912
25 10 1030.4517846408326
25 11 1031.5784414521038
25 12 1034.8538985983751
25 13 1035.670721598633
25 14 1038.7822420232339
25 15 1039.3572539854204
25 16 1042.2780076591232
25 17 1042.6743204318491
25 18 1045.3814181709665
25 19 1045.6546720218043
25 20 1048.1311109552796
25 21 1048.327806740449
25 22 1050.5636287331749
25 23 1050.7203740460825
25 24 1052.713021456711
25 25 1052.8566149456053
25 26 1054.6105674941073
25 27 1054.7587711990714
25 28 1056.2846188183357
25 29 1056.4474225293627
25 30 1057.7605666938719
25 31 1057.9417334671152
25 32 1059.0609149443892
25 33 1059.2596098912147
25 34 1060.2054399271406
25 35 1060.4177782751531
25 36 1061.211411481703
25 37 1061.4318078883816
25 38 1062.0938479350152
25 39 1062.316098310743
25 40 1062.8657804104578
25 41 1063.0838527576329
25 42 1063.5385062948178
25 43 1063.7470533205721
25 44 1064.1218175991985
25 45 1064.3164487228487
25 46 1064.6241959860665
25 47 1064.8015597533927
25 48 1065.0529715481196
25 49 1065.210702989199
25 50 1065.4144464805115
25 51 1065.5510301700003
25 52 1065.7139873971787
25 53 1065.8285787280001
25 54 1065.9560912511872
25 55 1066.0483283229537
25 56 1066.1444305015025
25 57 1066.2142594589179
25 58 1066.2818759598238
25 59 1066.3293862824655
25 60 1066.3705461997022
25 61 1066.3961740999184
25 62 1066.4120124641913
25 63 1066.4120124641913
26 0 1000
26 1 1003.6932803173738
26 2 1007.6147435309695
26 3 1010.798891728256
26 4 1014.620746169268
26 5 1017.2156870285231
26 6 1020.9455986580246
26 7 1023.0195665775576
26 8 1026.6471657226164
26 9 1028.261879069752
26 10 1031.767398794816
26 11 1032.9919744317665
26 12 1036.3508862167826
26 13 1037.2563037121561
26 14 1040.4420642615542
26 15 1041.0974257313781
26 16 1044.0845471575301
26 17 1044.5538121653935
26 18 1047.3205067487263
26 19 1047.6599963634626
26 20 1050.1901630043228
26 21 1050.4469430240838
26 22 1052.7313601977246
26 23 1052.942525148612
26 24 1054.9792357411727
26 25 1055.1720194103361
26 26 1056.9659922729575
26 27 1057.1585567712523
26 28 1058.7207807163597
26 29 1058.9234903449517
26 30 1060.2696936306445
26 31 1060.4866648198035
26 32 1061.6358583734072
26 33 1061.8665896414527
26 34 1062.8396111890945
26 35 1063.0805305815861
26 36 1063.898728056846
26 37 1064.1445411200489
26 38 1064.8286865789121
26 39 1065.0734568371299
26 40 1065.6429350557985
26 41 1065.8808739057406
26 42 1066.3531492606066
26 43 1066.5791282089326
26 44 1066.9694631204084
26 45 1067.1792859877646
26 46 1067.5006654060574
26 47 1067.6911514110054
26 48 1067.9543597389488
26 49 1068.1232918529051
26 50 1068.3370892020189
26 51 1068.4830783811501
26 52 1068.654429397727
26 53 1068.7767370671195
26 54 1068.9110549657314
26 55 1069.0094060547108
26 56 1069.1107852788832
26 57 1069.1851945968172
26 58 1069.2566072762229
26 59 1069.307214443161
26 60 1069.3507278340112
26 61 1069.3780236059813
26 62 1069.3947925464201
26 63 1069.3947925464201
27 0 1000
27 1 1003.8356803333716
27 2 1007.8941404260604
27 3 1011.2082652703805
27 4 1015.1482192082759
27 5 1017.8573819122272
27 6 1021.6901335966043
27 7 1023.8659874032643
27 8 1027.5836773294538
27 9 1029.2897841533031
27 10 1032.874639904891
27 11 1034.1816340259631
27 12 1037.6107974921708
27 13 1038.5908307781413
27 14 1041.8391311359753
27 15 1042.5622121595259
27 16 1045.6052867131693
27 17 1046.1360830171311
27 18 1048.9530647637951
27 19 1049.3484635270679
27 20 1051.9240037149464
27 21 1052.2315391926318
27 22 1054.5570301248199
27 23 1054.8142001493986
27 24 1056.8881847758587
27 25 1057.1225836279955
27 26 1058.9504378905763
27 27 1059.1805594985794
27 28 1060.7736040204679
27 29 1061.0101237784779
27 30 1062.3843584970041
27 31 1062.6316868263787
27 32 1063.8063471200414
27 33 1064.0642603004442
27 34 1065.060371923184
27 35 1065.3255589016846
27 36 1066.1646301855974
27 37 1066.4320393297644
27 38 1067.1349819832772
27 39 1067.398900350543
27 40 1067.9852231771927
27 41 1068.2400655553929
27 42 1068.7273448981418
27 43 1068.9681656833407
27 44 1069.3717661266005
27 45 1069.5945316607383
27 46 1069.9275317406266
27 47 1070.129203936634
27 48 1070.4024735238702
27 49 1070.58095904434
27 50 1070.8033355408616
27 51 1070.9573510054431
27 52 1071.1358677979438
27 53 1071.2647632789738
27 54 1071.4048932457667
27 55 1071.5084662638797
27 56 1071.6143539072352
27 57 1071.6926766768893
27 58 1071.7673336726016
27 59 1071.8205876985601
27 60 1071.8661132305115
27 61 1071.8948354334564
27 62 1071.9124007903615
27 63 1071.9124007903615
28 0 1000
28 1 1003.9514211099522
28 2 1008.1212172813628
28 3 1011.5409555422842
28 4 1015.5768309234234
28 5 1018.3787863688142
28 6 1022.2950562940431
28 7 1024.5537076972994
28 8 1028.3445794035049
28 9 1030.1250000158175
28 10 1033.7743327190237
28 11 1035.1483930249219
28 12 1038.6346891531218
28 13 1039.675489891911
28 14 1042.974692101232
28 15 1043.7529714285793
28 16 1046.8416271397034
28 17 1047.4226199389382
28 18 1050.2806051764892
28 19 1050.7216510243031
28 20 1053.3342231531012
28 21 1053.6832303068195
28 22 1056.0422755017746
28 23 1056.3370639993682
28 24 1058.4415271129121
28 25 1058.7099797453222
28 26 1060.5655635728938
28 27 1060.8264404126708
28 28 1062.4447317255385
28 29 1062.7089582179292
28 30 1064.1061746521455
28 31 1064.3783979429377
28 32 1065.5739545585066
28 33 1065.8541748857683
28 34 1066.8692478352834
28 35 1067.1543647118226
28 36 1068.0105905526707
28 37 1068.2957484435995
28 38 1069.0141505004337
28 39 1069.2938170524858
28 40 1069.8940032737678
28 41 1070.1627576231047
28 42 1070.6623939018746
28 43 1070.9154382349425
28 44 1071.3299709281985
28 45 1071.5634029132223
28 46 1071.9059855310272
28 47 1072.1168823747557
28 48 1072.398453321978
28 49 1072.5848216137172
28 50 1072.8142803244425
28 51 1072.9749220345323
28 52 1073.1593571101976
28 53 1073.2936939071531
28 54 1073.4386261840682
28 55 1073.5465142108524
28 56 1073.6561284548611
28 57 1073.7376862816927
28 58 1073.8150259772053
28 59 1073.8704688973767
28 60 1073.9176590362774
28 61 1073.9475617870964
28 62 1073.9657868375057
28 63 1073.9657868375057
29 0 1000
29 1 1004.0404760376867
29 2 1008.2959386109267
29 3 1011.7969617933909
29 4 1015.9066559268491
29 5 1018.7800608815922
29 6 1022.7606414524138
29 7 1025.0830986853305
29 8 1028.9303701503813
29 9 1030.7681146865507
29 10 1034.4671892169008
29 11 1035.8930380530489
29 12 1039.4234595390697
29 13 1040.5112364546492
29 14 1043.8497974990091
29 15 1044.6707942367868
29 16 1047.7947357977507
29 17 1048.4146162604191
29 18 1051.304380068967
29 19 1051.7808251761071
29 20 1054.4221299183018
29 21 1054.8033299148867
29 22 1057.1884376479672
29 23 1057.5124556914184
29 24 1059.6406171607023
29 25 1059.9355541460147
29 26 1061.8127208886913
29 27 1062.0975385748259
29 28 1063.7354998264823
29 29 1064.0213136212944
29 30 1065.4364525105477
29 31 1065.728089798286
29 32 1066.9399578484458
29 33 1067.2375896967269
29 34 1068.267477164374
29 35 1068.5681639253432
29 36 1069.4378045564181
29 37 1069.7368406359319
29 38 1070.4673422980584
29 39 1070.7593335217123
29 40 1071.3703792404624
29 41 1071.6500305507177
29 42 1072.1593540420472
29 43 1072.4219807821617
29 44 1072.8450903680773
29 45 1073.0868907639936
29 46 1073.4369968110375
29 47 1073.6551363470369
29 48 1073.9432292784477
29 49 1074.1357910461229
29 50 1074.3708174212372
29 51 1074.5366687237977
29 52 1074.7257591255768
29 53 1074.8643764267124
29 54 1075.0130881831249
29 55 1075.1243724851661
29 56 1075.2369210212344
29 57 1075.3210263639282
29 58 1075.4004793821675
29 59 1075.4576468762759
29 60 1075.5061491507552
29 61 1075.5369830252687
29 62 1075.5557290020461
29 63 1075.5557290020461
30 0 1000
30 1 1004.1028301594503
30 2 1008.4182895475208
30 3 1011.9763005301224
30 4 1016.1377648571059
30 5 1019.0613543909645
30 6 1023.0871106298412
30 7 1025.4544768440619
30 8 1029.3414380355434
30 9 1031.2196134907749
30 10 1034.9537569697193
30 11 1036.4162064219993
30 12 1039.977795037277
30 13 1041.0988347328321
30 14 1044.465247418907
30 15 1045.3165447730262
30 16 1048.4655009616522
30 17 1049.1130104207625
30 18 1052.0253422633282
30 19 1052.5269759074572
30 20 1055.1887205925384
30 21 1055.5928600469888
30 22 1057.9965391972626
30 23 1058.3414132776361
30 24 1060.4864888399266
30 25 1060.8003477856694
30 26 1062.6929429363379
30 27 1062.9948872906662
30 28 1064.6469308241565
30 29 1064.9482072763431
30 30 1066.3761962309895
30 31 1066.681757155148
30 32 1067.9053368268044
30 33 1068.2154720591709
30 34 1069.2560109844831
30 35 1069.5678929013961
30 36 1070.4471914142139
30 37 1070.7562189784539
30 38 1071.4954428272845
30 39 1071.7963182872804
30 40 1072.4152018953775
30 41 1072.7027180122077
30 42 1073.2190415551893
30 43 1073.4885926656507
30 44 1073.9179069593631
30 45 1074.165761477989
30 46 1074.5213159339978
30 47 1074.744700945346
30 48 1075.0375217629871
30 49 1075.2345737232476
30 50 1075.473639920066
30 51 1075.6432716881545
30 52 1075.8357428013608
30 53 1075.9774690344652
30 54 1076.1289275897566
30 55 1076.2426805482419
30 56 1076.3573631649747
30 57 1076.4433215985025
30 58 1076.524312715515
30 59 1076.5827356777418
30 60 1076.6321938951107
30 61 1076.6637067996332
30 62 1076.6828333921633
30 63 1076.6828333921633
31 0 1000
31 1 1004.1384785977737
31 2 1008.4882687884119
31 3 1012.0789947747605
31 4 1016.2702256102244
31 5 1019.2227828675726
31 6 1023.2746425545952
31 7 1025.6680723576333
31 8 1029.5780807505391
31 9 1031.4798407140495
31 10 1035.2344448292904
31 11 1036.7183449643621
31 12 1040.2981997976501
31 13 1041.4388174722501
31 14 1044.8216227116548
31 15 1045.6908238527687
31 16 1048.8545618564799
31 17 1049.5184543330263
31 18 1052.4441727843978
31 19 1052.9607910824036
31 20 1055.6347037280095
31 21 1056.0525315000148
31 22 1058.4673043004855
31 23 1058.8246595638318
31 24 1060.9798721181314
31 25 1061.3050864673767
31 26 1063.2069575876976
31 27 1063.519208035091
31 28 1065.1797441751257
31 29 1065.4903504702188
31 30 1066.92611188611
31 31 1067.2400965243298
31 32 1068.4707803662802
31 33 1068.7885002243274
31 34 1069.8355181462596
31 35 1070.1542091146032
31 36 1071.0393979993776
31 37 1071.3545185008602
31 38 1072.0990757918278
31 39 1072.4053830135977
31 40 1073.0290712558553
31 41 1073.3214080463024
31 42 1073.8420328546922
31 43 1074.1158386197601
31 44 1074.5489741245487
31 45 1074.8005573174203
31 46 1075.1594744121714
31 47 1075.3860972381638
31 48 1075.6818418671623
31 49 1075.8816711845473
31 50 1076.1232403349325
31 51 1076.2952149333146
31 52 1076.4897842184885
31 53 1076.6334404760387
31 54 1076.7866064481757
31 55 1076.9018943885196
31 56 1077.017905494575
31 57 1077.1050179021531
31 58 1077.1869679113697
31 59 1077.2461739731223
31 60 1077.2962294036672
31 61 1077.3281674217903
31 62 1077.3475332642618
31 63 1077.3475332642618
32 0 1000
32 1 1004.1474249829688
32 2 1008.5058882948855
32 3 1012.1050750368715
32 4 1016.3040935639177
32 5 1019.2644347705643
32 6 1023.3233550854443
32 7 1025.7240403563221
32 8 1029.6404811558798
32 9 1031.5490158749801
32 10 1035.3094956423922
32 11 1036.7997297103582
32 12 1040.3849679320133
32 13 1041.5315071018856
32 14 1044.9192588646758
32 15 1045.7939899579387
32 16 1048.9622856908691
32 17 1049.6313329867905
32 18 1052.5612618219157
32 19 1053.0826738814694
32 20 1055.7604849181432
32 21 1056.182758642261
32 22 1058.6011475579523
32 23 1058.9626143320727
32 24 1061.1211852977913
32 25 1061.450190692801
32 26 1063.3551825096345
32 27 1063.6709182567174
32 28 1065.3343534131973
32 29 1065.6481546054879
32 30 1067.0866061059946
32 31 1067.4035109314386
32 32 1068.6366860527671
32 33 1068.957067078087
32 34 1070.0063856004933
32 35 1070.3274940419424
32 36 1071.2147995187802
32 37 1071.5321084355044
32 38 1072.2786039707275
32 39 1072.5868842363407
32 40 1073.2123373646459
32 41 1073.5064443808044
32 42 1074.0286652703994
32 43 1074.3040497560469
32 44 1074.7386167966019
32 45 1074.9915972373622
32 46 1075.3517853545836
32 47 1075.5796327197313
32 48 1075.8764916729001
32 49 1076.0773803646543
32 50 1076.3199107107084
32 51 1076.4927859124068
32 52 1076.6881665392386
32 53 1076.8325699507991
32 54 1076.9864003298235
32 55 1077.1022863030139
32 56 1077.2188173939344
32 57 1077.3063821197263
32 58 1077.3887096568112
32 59 1077.4482246817283
32 60 1077.4985172189772
32 61 1077.5306254432041
32 62 1077.5500885937406
32 63 1077.5500885937406
33 0 1000
33 1 1004.1296812081996
33 2 1008.4711714046782
33 3 1012.0545750059612
33 4 1016.23941272769
33 5 1019.1863627003391
33 6 1023.2333096625654
33 7 1025.6224490199561
33 8 1029.5287147461772
33 9 1031.4272196081038
33 10 1035.1789959473119
33 11 1036.6604510138704
33 12 1040.2381944388619
33 13 1041.3770013769117
33 14 1044.7582571872545
33 15 1045.6261463230574
33 16 1048.788778327006
33 17 1049.4517535199359
33 18 1052.3767183653958
33 19 1052.8927340599614
33 20 1055.5661751270438
33 21 1055.9836527988764
33 22 1058.3981809762467
33 23 1058.7553896245568
33 24 1060.910540673985
33 25 1061.2357725283548
33 26 1063.1377296768055
33 27 1063.4501294862
33 28 1065.1108697036925
33 29 1065.4217302291052
33 30 1066.8577888588898
33 31 1067.1721095877606
33 32 1068.4031623566705
33 33 1068.7212802275212
33 34 1069.768720095022
33 35 1070.0878534911367
33 36 1070.9735008403404
33 37 1071.2890926608202
33 38 1072.0341302548725
33 39 1072.3409238329466
33 40 1072.965101092625
33 41 1073.2579268726206
33 42 1073.7790376588896
33 43 1074.0533239380943
33 44 1074.4869318672525
33 45 1074.7389771770315
33 46 1075.0983437766458
33 47 1075.3254015109453
33 48 1075.6215644424817
33 49 1075.8217937048476
33 50 1076.0637427101315
33 51 1076.2360755542059
33 52 1076.4309800066605
33 53 1076.5749470664234
33 54 1076.7283982601559
33 55 1076.8439447899955
33 56 1076.9601868912825
33 57 1077.0475018681152
33 58 1077.1296252177535
33 59 1077.1889747800401
33 60 1077.2391440895317
33 61 1077.2711674441084
33 62 1077.2905858593942
33 63 1077.2905858593942
34 0 1000
34 1 1004.0852669554424
34 2 1008.3841519676714
34 3 1011.9275318569507
34 4 1016.0762144506281
34 5 1018.9885841640166
34 6 1023.0045096980541
34 7 1025.3632806442597
34 8 1029.2427479314485
34 9 1031.1143948902259
34 10 1034.8428743153338
34 11 1036.3004148156674
34 12 1039.8577737208084
34 13 1040.9751745858941
34 14 1044.3384835676932
34 15 1045.1871420270138
34 16 1048.3338832985276
34 17 1048.9795461657573
34 18 1051.8903694731016
34 19 1052.390788744478
34 20 1055.0515901808806
34 21 1055.4550229072477
34 22 1057.8582136441287
34 23 1058.2027902757388
34 24 1060.3477443548861
34 25 1060.6616360348728
34 26 1062.5544052993821
34 27 1062.8566476836265
34 28 1064.5091018461455
34 29 1064.8108873150727
34 30 1066.2394735026785
34 31 1066.5457081223074
34 32 1067.7700287128985
34 33 1068.0809621930659
34 34 1069.1223482682653
34 35 1069.4351177607884
34 36 1070.3153365895027
34 37 1070.6253098349166
34 38 1071.3654977392641
34 39 1071.6673491335264
34 40 1072.2872142222898
34 41 1072.5757115987408
34 42 1073.0930104755746
34 43 1073.3635258546192
34 44 1073.7937882464428
34 45 1074.0425701167253
34 46 1074.3990266466888
34 47 1074.6232844016649
34 48 1074.9169446525782
34 49 1075.1147991822502
34 50 1075.3546276362458
34 51 1075.5249782807753
34 52 1075.7181219566603
34 53 1075.8604718466192
34 54 1076.0125027218537
34 55 1076.1267745485011
34 56 1076.2419206551715
34 57 1076.3282855293526
34 58 1076.4096244294867
34 59 1076.4683352902339
34 60 1076.5180219566998
34 61 1076.5497060193577
34 62 1076.5689380286449
34 63 1076.5689380286449
35 0 1000
35 1 1004.0142104821397
35 2 1008.2448772058531
35 3 1011.7239889837272
35 4 1015.8145177463848
35 5 1018.6710872565204
35 6 1022.6368982123666
35 7 1024.9464403523264
35 8 1028.7824330592323
35 9 1030.6103578792263
35 10 1034.3008943017833
35 11 1035.7193544516399
35 12 1039.243391262341
35 13 1040.3256892442807
35 14 1043.6595596988786
35 15 1044.4765827358037
35 16 1047.5971732745204
35 17 1048.2142735167365
35 18 1051.1017524620147
35 19 1051.5763699799968
35 20 1054.216243959911
35 21 1054.5963813409649
35 22 1056.9807460231254
35 23 1057.3043181643241
35 24 1059.4322916176291
35 25 1059.7272801865615
35 26 1061.6047061323115
35 27 1061.8899750949809
35 28 1063.528553389433
35 29 1063.8151363214502
35 30 1065.2311745534807
35 31 1065.5238290716775
35 32 1066.7368138043885
35 33 1067.0356505223297
35 34 1068.0668153318313
35 35 1068.3688415264373
35 36 1069.2398701397351
35 37 1069.5403331631198
35 38 1070.2722889527354
35 39 1070.565752646314
35 40 1071.178278866478
35 41 1071.459410590124
35 42 1071.9702053461392
35 43 1072.2342867928548
35 44 1072.6588265600642
35 45 1072.9020259076926
35 46 1073.253492690123
35 47 1073.4729487442514
35 48 1073.7623078890549
35 49 1073.9560802675583
35 50 1074.192256404471
35 51 1074.3591920255171
35 52 1074.5492968552676
35 53 1074.6888548028019
35 54 1074.8384297458842
35 55 1074.950496595163
35 56 1075.0637441282004
35 57 1075.1484624030206
35 58 1075.2284398620504
35 59 1075.2860414579354
35 60 1075.3348881407719
35 61 1075.3659799709651
35 62 1075.3848847533302
35 63 1075.3848847533302
36 0 1000
36 1 1003.9165492760964
36 2 1008.0534063493672
36 3 1011.4439956134664
36 4 1015.4543365341511
36 5 1018.2338266980942
36 6 1022.130372679177
36 7 1024.3717469679216
36 8 1028.1475290236167
36 9 1029.9147840987346
36 10 1033.5526783696087
36 11 1034.9168135348657
36 12 1038.3945483935724
36 13 1039.4279773606577
36 14 1042.7208866290202
36 15 1043.4938119178732
36 16 1046.5779709691431
36 17 1047.1552128953929
36 18 1050.010132393875
36 19 1050.4487090250107
36 20 1053.0593622303493
36 21 1053.4069304901775
36 22 1055.7649803001491
36 23 1056.0591611205887
36 24 1058.1633742087683
36 25 1058.4318899347074
36 26 1060.2878242703143
36 27 1060.5493031876852
36 28 1062.1684254884306
36 29 1062.4336826754122
36 30 1063.8321091272951
36 31 1064.1056976051389
36 32 1065.3027560341116
36 33 1065.5845944862481
36 34 1066.6013849286385
36 35 1066.8883012897538
36 36 1067.7463931258267
36 37 1068.0334684322402
36 38 1068.7538252197219
36 39 1069.0354705521759
36 40 1069.6376468102321
36 41 1069.9083906955402
36 42 1070.4100044725637
36 43 1070.6650038056189
36 44 1071.0814586691022
36 45 1071.3167706933405
36 46 1071.6611820456994
36 47 1071.8738480908139
36 48 1072.157120647124
36 49 1072.3451157468908
36 50 1072.5761194818842
36 51 1072.7382182119716
36 52 1072.9240163647389
36 53 1073.0596170441529
36 54 1073.2057090872722
36 55 1073.3146484807614
36 56 1073.4252017923006
36 57 1073.5075830048979
36 58 1073.5856271530238
36 59 1073.6416531086757
36 60 1073.6893057181628
36 61 1073.7195546982391
36 62 1073.7379927677209
36 63 1073.7379927677209
37 0 1000
37 1 1003.7923321117855
37 2 1007.8098185400851
37 3 1011.0876160235258
37 4 1014.9956797705457
37 5 1017.6767426423291
37 6 1021.4847767109912
37 7 1023.6389613698371
37 8 1027.3376847473598
37 9 1029.0272434259628
37 10 1032.5976848676216
37 11 1033.8921839274535
37 12 1037.3105352526632
37 13 1038.2812779888461
37 14 1041.5216162761844
37 15 1042.237945346265
37 16 1045.2753213813432
37 17 1045.8013861340385
37 18 1048.614476589426
37 19 1049.0067606447585
37 20 1051.5798603264539
37 21 1051.8855815329885
37 22 1054.2098015676659
37 23 1054.4662066427877
37 24 1056.5398649403694
37 25 1056.7743456207479
37 26 1058.6026348231442
37 27 1058.8335186198553
37 28 1060.4276072014666
37 29 1060.6654301408291
37 30 1062.0411893803603
37 31 1062.2902430395395
37 32 1063.4667976675819
37 33 1063.7267553616105
37 34 1064.7250346052772
37 35 1064.9924949131703
37 36 1065.8339219502238
37 37 1066.1037531563811
37 38 1066.8091639755928
37 39 1067.0755817143511
37 40 1067.6644174689841
37 41 1067.9217726233189
37 42 1068.4115491129833
37 43 1068.6548388889596
37 44 1069.0608665820866
37 45 1069.2860062799291
37 46 1069.6213155429939
37 47 1069.8252217812287
37 48 1070.1006399199182
37 49 1070.2811795289781
37 50 1070.5055067409928
37 51 1070.6613617670994
37 52 1070.8415994210766
37 53 1070.9720904742476
37 54 1071.1136844871801
37 55 1071.218584641312
37 56 1071.3256575771891
37 57 1071.4050195398222
37 58 1071.4805655245505
37 59 1071.5345552075319
37 60 1071.580664109342
37 61 1071.6098228080716
37 62 1071.6276565099165
37 63 1071.6276565099165
38 0 1000
38 1 1003.6416201711871
38 2 1007.5142100307942
38 3 1010.6549292207003
38 4 1014.4385655420876
38 5 1016.9997534580716
38 6 1020.6999293430562
38 7 1022.7477689475453
38 8 1026.3524802649451
38 9 1027.9471729147069
38 10 1031.4352561875587
38 11 1032.644671529478
38 12 1035.9904811089264
38 13 1036.8845992932895
38 14 1040.0606997393174
38 15 1040.7078326078451
38 16 1043.688035096593
38 17 1044.1515230477353
38 18 1046.9134911919361
38 19 1047.2491702243447
38 20 1049.7763723645166
38 21 1050.0309260484851
38 22 1052.3137999241235
38 23 1052.5240182082862
38 24 1054.5603334617156
38 25 1054.7532037253877
38 26 1056.5477064247634
38 27 1056.7411879047586
38 28 1058.3046818773466
38 29 1058.5089687705672
38 30 1059.8570258490288
38 31 1060.0760894563314
38 32 1061.2275860562695
38 33 1061.4607991577311
38 34 1062.4364556734968
38 35 1062.6801359968538
38 36 1063.5011968610199
38 37 1063.7499522438234
38 38 1064.437097482074
38 39 1064.6849043629516
38 40 1065.2574365317319
38 41 1065.4984284422712
38 42 1065.973738340645
38 43 1066.2027171515072
38 44 1066.5960014413361
38 45 1066.808708863711
38 46 1067.1328939723824
38 47 1067.326094142114
38 48 1067.5919127702953
38 49 1067.7633402454198
38 50 1067.9795073255668
38 51 1068.1277310613195
38 52 1068.3011723690531
38 53 1068.4254180143409
38 54 1068.5615140413399
38 55 1068.6614768505935
38 56 1068.7642954195912
38 57 1068.8399665306324
38 58 1068.9124584865606
38 59 1068.9639586121523
38 60 1069.0081798768142
38 61 1069.0360049402318
38 62 1069.053098964155
38 63 1069.053098964155
39 0 1000
39 1 1003.4644910988143
39 2 1007.166708071733
39 3 1010.1460429729123
39 4 1013.7830229346393
39 5 1016.2027849640468
39 6 1019.7756133927243
39 7 1021.6978247126769
39 8 1025.1914014084673
39 9 1026.6739335285749
39 10 1030.0645821201153
39 11 1031.1733588862235
39 12 1034.4333102287972
39 13 1035.2367814261449
39 14 1038.3368398555115
39 15 1038.9021157321199
39 16 1041.8146412342337
39 17 1042.2041127769724
39 18 1044.9055772767417
39 19 1045.1743162675828
39 20 1047.6472122395483
39 21 1047.8412693561268
39 22 1050.0752371364829
39 23 1050.2308600368926
39 24 1052.2230186372387
39 25 1052.3667141871877
39 26 1054.1212788956088
39 27 1054.2705686633769
39 28 1055.7979094148379
39 29 1055.9625814954877
39 30 1057.2779135361643
39 31 1057.4615589090674
39 32 1058.5834628120685
39 33 1058.7850975282754
39 34 1059.7340448283173
39 35 1059.949653359731
39 36 1060.7466754875102
39 37 1060.9705566998252
39 38 1061.6361478705085
39 39 1061.861994486841
39 40 1062.4152922030314
39 41 1062.6369799789366
39 42 1063.0952262553603
39 43 1063.3073254166388
39 44 1063.6855815333342
39 45 1063.8836279511531
39 46 1064.1946967644867
39 47 1064.375273776654
39 48 1064.6297755761136
39 49 1064.7904609191398
39 50 1064.9970093749662
39 51 1065.1362379361381
39 52 1065.3016690884199
39 53 1065.4185539521445
39 54 1065.5481706562725
39 55 1065.6423148402628
39 56 1065.7401199803226
39 57 1065.8114416525309
39 58 1065.8803347468931
39 59 1065.9289010598823
39 60 1065.9708977611458
39 61 1065.9971508435694
39 62 1066.0133727563064
39 63 1066.0133727563064
40 0 1000
40 1 1003.2610393260554
40 2 1006.7674648913355
40 3 1009.5610949948342
40 4 1013.0291097159609
40 5 1015.285762824422
40 6 1018.7116152050412
40 7 1020.4887308672925
40 8 1023.8538976268379
40 9 1025.2067730230788
40 10 1028.4847694370337
40 11 1029.4771565967492
40 12 1032.6378162207498
40 13 1033.3364410572656
40 14 1036.3485640263134
40 15 1036.8191715329021
40 16 1039.6534539826982
40 17 1039.9573478970219
40 18 1042.588888094868
40 19 1042.7802591012339
40 20 1045.190420236316
40 21 1045.3145854580687
40 22 1047.492082609431
40 23 1047.5846588921877
40 24 1049.5258547879641
40 25 1049.6127889258396
40 26 1051.321281199869
40 27 1051.4195842547686
40 28 1052.9052375846848
40 29 1053.0242240115581
40 30 1054.3018382188307
40 31 1054.4446556616322
40 32 1055.532466549336
40 33 1055.6977155147856
40 34 1056.615904530322
40 35 1056.79918156189
40 36 1057.5685318090016
40 37 1057.7637763397656
40 38 1058.4045654008062
40 39 1058.6051402808464
40 40 1059.1363132477611
40 41 1059.3357946535243
40 42 1059.7744201425098
40 43 1059.9671091886373
40 44 1060.328090762481
40 45 1060.5092842601168
40 46 1060.8052808853986
40 47 1060.97135224915
40 48 1061.2128533873981
40 49 1061.3611983090659
40 50 1061.5566998383968
40 51 1061.6855976033082
40 52 1061.8418312303702
40 53 1061.9502643001906
40 54 1062.0724426537165
40 55 1062.1599070279967
40 56 1062.2519575503536
40 57 1062.318286744742
40 58 1062.3830493453297
40 59 1062.4282483783516
40 60 1062.4676919650083
40 61 1062.4921407023785
40 62 1062.5073615078402
40 63 1062.5073615078402
41 0 1000
41 1 1003.0313832182001
41 2 1006.3166789363405
41 3 1008.9002691694475
41 4 1012.1769189437933
41 5 1014.2486478580249
41 6 1017.507713911957
41 7 1019.1200938795413
41 8 1022.3393524471093
41 9 1023.5449002653194
41 10 1026.6947957085447
41 11 1027.5548877151359
41 12 1030.6026038056941
41 13 1031.1820583148447
41 14 1034.0941594531726
41 15 1034.4571945967305
41 16 1037.2025065294386
41 17 1037.4091987391505
41 18 1039.9612659046654
41 19 1040.0648037662222
41 20 1042.4037056414161
41 21 1042.4485674953987
41 22 1044.5619633500798
41 23 1044.5830424624532
41 24 1046.4664294963525
41 25 1046.4890294178656
41 26 1048.1452967995558
41 27 1048.1858423054791
41 28 1049.6242741695696
41 29 1049.6915361734043
41 30 1050.9264543939494
41 31 1051.0230722718768
41 32 1052.0723156239762
41 33 1052.1964139214874
41 34 1053.0798296082694
41 35 1053.2265608837183
41 36 1053.9646458296543
41 37 1054.1275383896209
41 38 1054.7403205704811
41 39 1054.9123601138647
41 40 1055.4185630386871
41 41 1055.5929833333309
41 42 1056.0094760823195
41 43 1056.1802707272022
41 44 1056.5217755370227
41 45 1056.6839682134116
41 46 1056.9629787806728
41 47 1057.1127030953326
41 48 1057.3395587553293
41 49 1057.4740024646385
41 50 1057.6570640455316
41 51 1057.7743287233493
41 52 1057.9202084048852
41 53 1058.0191273469206
41 54 1058.1329344608387
41 55 1058.2128814698065
41 56 1058.2984571363902
41 57 1058.3591690804492
41 58 1058.4192850306438
41 59 1058.4606959820892
41 60 1058.4972677199353
41 61 1058.5196867649743
41 62 1058.533781492298
41 63 1058.533781492298
42 0 1000
42 1 1002.7756629223411
42 2 1005.8145833054627
42 3 1008.1638001787818
42 4 1011.226595698703
42 5 1013.0914320837225
42 6 1016.1637258732624
42 7 1017.5915023403815
42 8 1020.6471523602962
42 9 1021.6874434276799
42 10 1024.6935957712724
42 11 1025.405229210638
42 12 1028.326184362096
42 13 1028.771906815949
42 14 1031.5717695154549
42 15 1031.8141218794246
42 16 1034.4596415179117
42 17 1034.5573380324108
42 18 1037.0203218226268
42 19 1037.0254289738173
42 20 1039.2845134318816
42 21 1039.2405638316945
42 22 1041.2822167851868
42 23 1041.2232840056561
42 24 1043.0420232337315
42 25 1042.9926802226209
42 26 1044.590591668986
42 27 1044.566596656643
42 28 1045.9523053924693
42 29 1045.9618114455093
42 30 1047.1490962495168
42 31 1047.1941654357406
42 32 1048.2004136413141
42 33 1048.2786304329823
42 34 1049.1233090260318
42 35 1049.2293227018156
42 36 1049.9326029994729
42 37 1050.0594762611981
42 38 1050.6411022569484
42 39 1050.7813940115198
42 40 1051.2598371926163
42 41 1051.4063939833475
42 42 1051.7982966064212
42 43 1051.9447644525151
42 44 1052.2646427786976
42 45 1052.4057367814801
42 46 1052.6658969250193
42 47 1052.7974798556811
42 48 1053.0080909038829
42 49 1053.1271157507288
42 50 1053.2963855089808
42 51 1053.4007532544711
42 52 1053.5351585739784
42 53 1053.6235341818535
42 54 1053.7280675224554
42 55 1053.7996869258275
42 56 1053.8780918004072
42 57 1053.9325828448627
42 58 1053.9875539237642
42 59 1054.0247706388498
42 60 1054.0581631624143
42 61 1054.0783352776261
42 62 1054.091183610037
42 63 1054.091183610037
43 0 1000
43 1 1002.4940518647928
43 2 1005.2614758215905
43 3 1007.3519885886185
43 4 1010.1783521262538
43 5 1011.8141743705544
43 6 1014.6795003665964
43 7 1015.9025893841621
43 8 1018.7766593726708
43 9 1019.6335357954702
43 10 1022.4800120008472
43 11 1023.026813584295
43 12 1025.8069083952271
43 13 1026.1041621044039
43 14 1028.7793147668849
43 15 1028.8877395290158
43 16 1031.4224271981013
43 17 1031.3992394109796
43 18 1033.7633529429127
43 19 1033.659372836569
43 20 1035.8299467612064
43 21 1035.6876487744823
43 22 1037.6498214218807
43 23 1037.5023577140462
43 24 1039.2495495494436
43 25 1039.1206700283028
43 26 1040.6540642171046
43 27 1040.5587759911812
43 28 1041.8862549894595
43 29 1041.8320154111821
43 30 1042.9667448553873
43 31 1042.9549667260494
43 32 1043.91382355255
43 33 1043.9414847425894
43 34 1044.7435056804791
43 35 1044.8046908477893
43 36 1045.4696786284997
43 37 1045.5569286152058
43 38 1046.1043058319769
43 39 1046.209701538183
43 40 1046.6576546458812
43 41 1046.7736091634827
43 42 1047.1385241548314
43 43 1047.2582945908275
43 44 1047.5544553128298
43 45 1047.67241160393
43 46 1047.9119127975114
43 47 1048.0236148471679
43 48 1048.2164340146746
43 49 1048.3185723341792
43 50 1048.472745293268
43 51 1048.5629966429922
43 52 1048.6848483123292
43 53 1048.7616895288579
43 54 1048.8560812820131
43 55 1048.9185942433555
43 56 1048.9891602028943
43 57 1049.0368509551483
43 58 1049.0861994733827
43 59 1049.1188326017298
43 60 1049.1487515571512
43 61 1049.1664687979364
43 62 1049.1779557383936
43 63 1049.1779557383936
44 0 1000
44 1 1002.1867502791017
44 2 1004.6576994441957
44 3 1006.4652110870122
44 4 1009.0324778536356
44 5 1010.4170049644829
44 6 1013.0549614843094
44 7 1014.0530174138195
44 8 1016.7272833897345
44 9 1017.3822763761755
44 10 1020.0528911142492
44 11 1020.4181668433479
44 12 1023.0430776429268
44 13 1023.1768221401506
44 14 1025.7146105084389
44 15 1025.6755927357692
44 16 1028.0882716445178
44 17 1027.9320835667399
44 18 1030.1874464268722
44 19 1029.9635412780269
44 20 1032.0368565872955
44 21 1031.7865376492634
44 22 1033.661470023221
44 23 1033.4168631863845
44 24 1035.085611739094
44 25 1034.8695467560758
44 26 1036.3322867839054
44 27 1036.1589296368963
44 28 1037.4227127066592
44 29 1037.298741554855
44 30 1038.3760461928791
44 31 1038.3021471954473
44 32 1039.20927774914
44 33 1039.1817506530554
44 34 1039.9372608572828
44 35 1039.9495599082345
44 36 1040.5728386394146
44 37 1040.6169226960012
44 38 1041.1270317437766
44 39 1041.1944491835793
44 40 1041.6092552113187
44 41 1041.6919366709535
44 42 1042.0275384138017
44 43 1042.118308443984
44 44 1042.388729515126
44 45 1042.4815743946142
44 46 1042.6986731499869
44 47 1042.7888163172365
44 48 1042.9623562703175
44 49 1043.0461967761357
44 50 1043.1840218735636
44 51 1043.2589875963145
44 52 1043.3672534449038
44 53 1043.4316124774875
44 54 1043.5150345112252
44 55 1043.5676978473994
44 56 1043.629788505915
44 57 1043.6701271259244
44 58 1043.7133987946056
44 59 1043.7410780748467
44 60 1043.7672439222272
44 61 1043.7823088930281
44 62 1043.7923254883071
44 63 1043.7923254883071
45 0 1000
45 1 1001.8540022257313
45 2 1004.0036823706502
45 3 1005.503930751787
45 4 1007.7893673437027
45 5 1008.9001547879565
45 6 1011.2901166183743
45 7 1012.0425376512289
45 8 1014.498464669404
45 9 1014.9328190651305
45 10 1017.4110388804384
45 11 1017.577820599883
45 12 1020.0328752348024
45 13 1019.9878327050706
45 14 1022.3752787260191
45 15 1022.1751143335354
45 16 1024.4543241074957
45 17 1024.1528811790192
45 18 1026.2893777014806
45 19 1025.9346186529706
45 20 1027.9017429433618
45 21 1027.5336810346628
45 22 1029.3134784739784
45 23 1028.9631016113417
45 24 1030.546422052081
45 25 1030.2355359818025
45 26 1031.6214363749186
45 27 1031.3632698935867
45 28 1032.5578765482139
45 29 1032.3582399623615
45 30 1033.3732641035963
45 31 1033.2320352288009
45 32 1034.0831404606577
45 33 1033.9958658073203
45 34 1034.7010646678407
45 35 1034.6604992737541
45 36 1035.2387166666849
45 37 1035.2361747323034
45 38 1035.7060680446775
45 39 1035.7325087083534
45 40 1036.1115864907492
45 41 1036.1584070070573
45 42 1036.462446763278
45 43 1036.5219937924173
45 44 1036.7647286175416
45 45 1036.8305648025992
45 46 1037.0235896365637
45 47 1037.0905670590339
45 48 1037.243407381648
45 49 1037.3076035324766
45 50 1037.4278902140518
45 51 1037.4864584833833
45 52 1037.5801593855304
45 53 1037.6311377200939
45 54 1037.7028066557439
45 55 1037.744917700521
45 56 1037.7979324979287
45 57 1037.8303984065401
45 58 1037.8671653615224
45 59 1037.8895421639313
45 60 1037.9116920889951
45 61 1037.9239193290935
45 62 1037.9323634391787
45 63 1037.9323634391787
46 0 1000
46 1 1001.4960830947873
46 2 1003.2999082624842
46 3 1004.4687149408923
46 4 1006.4495183929373
46 5 1007.2639735471824
46 6 1009.3850876070269
46 7 1009.8709892717665
46 8 1012.0897404537626
46 9 1012.2843444545995
46 10 1014.5533185382242
46 11 1014.5042552362398
46 12 1016.774487404474
46 13 1016.5350057494982
46 14 1018.7588823778242
46 15 1018.3835252358742
46 16 1020.5176111560099
46 17 1020.0583635075895
46 18 1022.0657393287776
46 19 1021.5689562058006
46 20 1023.4208698781938
46 21 1022.9251574507855
46 22 1024.6018828594365
46 23 1024.1369772435382
46 24 1025.6278794793529
46 25 1025.2144539099579
46 26 1026.5173537257833
46 27 1026.1675976089523
46 28 1027.287595063746
46 29 1027.0063553811947
46 30 1027.9543085211731
46 31 1027.740566163003
46 32 1028.5314249226983
46 33 1028.379891505554
46 34 1029.0310650454105
46 35 1028.9337216398133
46 36 1029.4636174399698
46 37 1029.4110656509872
46 38 1029.8378902724121
46 39 1029.8204387529315
46 40 1030.16130188945
46 41 1030.16975976245
46 42 1030.4400816158277
46 43 1030.4662691403228
46 44 1030.6794601817094
46 45 1030.7164737810781
46 46 1030.8838369248986
46 47 1030.9261203158096
46 48 1031.0569176063552
46 49 1031.1001949195247
46 50 1031.2018217936622
46 51 1031.2429449714605
46 52 1031.3211621515206
46 53 1031.3579165289639
46 54 1031.4170997420724
46 55 1031.4480013307891
46 56 1031.4913802465055
46 57 1031.5154879982445
46 58 1031.5453522287619
46 59 1031.5621022398843
46 60 1031.5799922975182
46 61 1031.5892097523715
46 62 1031.5959869033086
46 63 1031.5959869033086
47 0 1000
47 1 1001.1133229580828
47 2 1002.5469668931318
47 3 1003.3602371315861
47 4 1005.013575238582
47 5 1005.5089456262514
47 6 1007.3401385395634
47 7 1007.5383467306423
47 8 1009.5007461370577
47 9 1009.4361423255118
47 10 1011.4786197563258
47 11 1011.1960133390667
47 12 1013.2660407586035
47 13 1012.8161546779647
47 14 1014.8628361337328
47 15 1014.2979804159029
47 16 1016.2749287748132
47 17 1015.6451281225036
47 18 1017.5128232221817
47 19 1016.8627083974357
47 20 1018.5901459651755
47 21 1017.9567937640248
47 22 1019.5223249170548
47 23 1018.9340982026824
47 24 1020.3254648556867
47 25 1019.8017874497709
47 26 1021.0154508189594
47 27 1020.5673624326431
47 28 1021.6072883723127
47 29 1021.2385699187641
47 30 1022.1146698332573
47 31 1021.8233104350536
47 32 1022.5497400782779
47 33 1022.3295295299035
47 34 1022.9230253400315
47 35 1022.7650915812566
47 36 1023.2434836736348
47 37 1023.1376440892791
47 38 1023.5186360804556
47 39 1023.4544844806308
47 40 1023.7547415915041
47 41 1023.7224415710156
47 42 1023.9569865462398
47 43 1023.9477811866952
47 44 1024.1296664001693
47 45 1024.1361413795785
47 46 1024.2763463725612
47 47 1024.292498377436
47 48 1024.3999941573556
47 49 1024.4211607556579
47 50 1024.5030832223499
47 51 1024.5257867792839
47 52 1024.5876687522143
47 53 1024.6094185678253
47 54 1024.6554401662777
47 55 1024.6745265699387
47 56 1024.7077549597022
47 57 1024.7230587380432
47 58 1024.745655668796
47 59 1024.7564819575196
47 60 1024.7698893342413
47 61 1024.7759400150944
47 62 1024.7809643037497
47 63 1024.7809643037497
48 0 1000
48 1 1000.7060867930632
48 2 1001.7455127779727
48 3 1002.1793040041343
48 4 1003.4823099931635
48 5 1003.6357264625597
48 6 1005.1556876973517
48 7 1005.0447411080048
48 8 1006.7312657010314
48 9 1006.3876046374271
48 10 1008.1859478863329
48 11 1007.6516588324176
48 12 1009.5057240195708
48 13 1008.829020689921
48 14 1010.6845501233619
48 15 1009.9154682509273
48 16 1011.7229960598823
48 17 1010.9095197090921
48 18 1012.6267728232607
48 19 1011.8117043790714
48 20 1013.4052655803338
48 21 1012.6240358167445
48 22 1014.0701758907293
48 23 1013.3496531002978
48 24 1014.6343437537781
48 25 1013.9925816366913
48 26 1015.1107919394369
48 27 1014.5575638086099
48 28 1015.5120085599714
48 29 1015.0499186563329
48 30 1015.849461166642
48 31 1015.4754035713941
48 32 1016.1333180077545
48 33 1015.8400654141059
48 34 1016.3723403275118
48 35 1016.1500805513624
48 36 1016.5739038845878
48 37 1016.4115914183371
48 38 1016.7441076592435
48 39 1016.6305509695289
48 40 1016.8879318397177
48 41 1016.8125863777527
48 42 1017.009414135588
48 43 1016.9628906892177
48 44 1017.1118217089098
48 45 1017.0861471395569
48 46 1017.1978041906303
48 47 1017.1864866370547
48 48 1017.2695203668632
48 49 1017.2674753688624
48 50 1017.3287366059538
48 51 1017.3321270511378
48 52 1017.3768987778037
48 53 1017.3829331425209
48 54 1017.4151814099835
48 55 1017.4219042595793
48 56 1017.4445186548936
48 57 1017.4506168884371
48 58 1017.4656195713081
48 59 1017.4702557912118
48 60 1017.4789814108065
48 61 1017.4817251449572
48 62 1017.4849202648743
48 63 1017.4849202648743
49 0 1000
49 1 1000.2748043563663
49 2 1000.896325866365
49 3 1000.9268457791118
49 4 1001.8566838461842
49 5 1001.6451383777733
49 6 1002.8323605130895
49 7 1002.3904854628406
49 8 1003.7812606199188
49 9 1003.1382898920893
49 10 1004.6744183035635
49 11 1003.869880265765
49 12 1005.4917441651222
49 13 1004.5714079603863
49 14 1006.221350379038
49 15 1005.2329664647959
49 16 1006.8583469118826
49 17 1005.84779424994
49 18 1007.4034554090739
49 19 1006.4116087000032
49 20 1007.8615717208473
49 21 1006.9220962382958
49 22 1008.2403988441116
49 23 1007.3785395551231
49 24 1008.5492354663435
49 25 1007.7815455624685
49 26 1008.7979743231604
49 27 1008.1328337578084
49 28 1008.99633486757
49 29 1008.4350508038112
49 30 1009.153329186421
49 31 1008.6915885856333
49 32 1009.2769400620863
49 33 1008.9063956265082
49 34 1009.3739765167852
49 35 1009.0837825149407
49 36 1009.4500652381848
49 37 1009.2282292272247
49 38 1009.5097353212165
49 39 1009.3442054558632
49 40 1009.5565575061535
49 41 1009.4360147612352
49 42 1009.5933059391585
49 43 1009.5076705955672
49 44 1009.6221187812769
49 45 1009.5628082334715
49 46 1009.6446423140131
49 47 1009.6046324947841
49 48 1009.6621504842296
49 49 1009.6358976764136
49 50 1009.6756374905341
49 51 1009.6589137683667
49 52 1009.6858848421348
49 53 1009.6755719209099
49 54 1009.6935064348345
49 55 1009.6873821363416
49 56 1009.6989760329458
49 57 1009.6955169684898
49 58 1009.7026403791971
49 59 1009.7008545457625
49 60 1009.7047257825794
49 61 1009.7040412421592
49 62 1009.7053415622421
49 63 1009.7053415622421
50 0 1000
50 1 999.81994262405533
50 2 1000.0002583188469
50 3 999.60395319470717
50 4 1000.1378075375554
50 5 999.53822878191602
50 6 1000.3709745944839
50 7 999.57612558616836
50 8 1000.6508933831424
50 9 999.68794773667707
50 10 1000.9433242805469
50 11 999.8494783927307
50 12 1001.2224362201163
50 13 1000.0411309323982
50 14 1001.4706218242521
50 15 1000.2473522748893
50 16 1001.6774938680032
50 17 1000.4559996563811
50 18 1001.8386334134573
50 19 1000.6577824104014
50 20 1001.9542226081196
50 21 1000.8458064297002
50 22 1002.0277009120491
50 23 1001.0152164288478
50 24 1002.0645445175966
50 25 1001.1629122961368
50 26 1002.0712358050857
50 27 1001.2873096312579
50 28 1002.0544571722025
50 29 1001.3881182163354
50 30 1002.0205152266203
50 31 1001.4661213194681
50 32 1001.9749788038841
50 33 1001.5229493971964
50 34 1001.9224986983771
50 35 1001.5608510080868
50 36 1001.8667685709256
50 37 1001.5824698670004
50 38 1001.8105845422016
50 39 1001.590639441428
50 40 1001.7559641485245
50 41 1001.5882057276006
50 42 1001.7042919171377
50 43 1001.5778858165316
50 44 1001.6564670645869
50 45 1001.5621657333601
50 46 1001.6130372177212
50 47 1001.5432368691124
50 48 1001.5743094863248
50 49 1001.5229668973095
50 50 1001.5404360264811
50 51 1001.5028987993747
50 52 1001.5114752012265
50 53 1001.4842705999068
50 54 1001.4874316770282
50 55 1001.4680485056881
50 56 1001.4682796527073
50 57 1001.4549669067048
50 58 1001.4539731731238
50 59 1001.4455715210282
50 60 1001.4444454282042
50 61 1001.4402322339074
50 62 1001.4395840548935
50 63 1001.4395840548935
51 0 1000
51 1 999.34204156365922
51 2 999.05830352052385
51 3 998.21185429497086
51 4 998.32702130639893
51 5 997.31624059489366
51 6 997.77262206603814
51 7 996.60243432047446
51 8 997.34059234874837
51 9 996.03655328833634
51 10 996.99216830332193
51 11 995.5894461269769
51 12 996.69625189945566
51 13 995.23613669463043
51 14 996.42975240507849
51 15 994.955557608714
51 16 996.17683210330028
51 17 994.73015072976659
51 18 995.92783700277994
51 19 994.54546388478639
51 20 995.67804372503781
51 21 994.3897907542148
51 22 995.42637593071777
51 23 994.25386169063836
51 24 995.1742038014653
51 25 994.13057416190543
51 26 994.9243062859598
51 27 994.01474393857666
51 28 994.68004117769419
51 29 993.90285980631324
51 30 994.44473727131549
51 31 993.79283161304625
51 32 994.22129788793245
51 33 993.68373014836914
51 34 994.01198736985543
51 35 993.57552491909007
51 36 993.81836204655349
51 37 993.46883068035675
51 38 993.64130401096429
51 39 993.36467508152566
51 40 993.48111842751075
51 41 993.26429835613715
51 42 993.33766123176997
51 43 993.16899253859538
51 44 993.2104721383887
51 45 993.07998333068485
51 46 993.09889624554239
51 47 992.99835347651197
51 48 993.00218502378027
51 49 992.92500306526892
51 50 992.91957339848716
51 51 992.8606399533204
51 52 992.85033371979807
51 53 992.80579254256008
51 54 992.79380975407264
51 55 992.76083732382801
51 56 992.74943469886523
51 57 992.72603431103562
51 58 992.71673790959983
51 59 992.70156963873444
51 60 992.69533623210884
51 61 992.68751748092745
51 62 992.68488033460164
51 63 992.68488033460164
52 0 1000
52 1 998.8416791163346
52 2 998.0715318929407
52 3 996.75196047145198
52 4 996.42583194215365
52 5 994.98069328701342
52 6 995.03862098007562
52 7 993.47049626844955
52 8 993.85103745716185
52 9 992.18437180840647
52 10 992.82069454229702
52 11 991.08899621523233
52 12 991.91184199980319
52 13 990.15448658994751
52 14 991.09626027237641
52 15 989.35450333559095
52 16 990.35280029306011
52 17 988.66612111756569
52 18 989.66654436572458
52 19 988.06962797202891
52 20 989.02771285511631
52 21 987.54830448777682
52 22 988.43048127726331
52 23 987.0882009217147
52 24 987.87183337402041
52 25 986.67791221473954
52 26 987.35054230100604
52 27 986.30834299213473
52 28 986.86633614951336
52 29 985.97245501246482
52 30 986.41927123966332
52 31 985.66499482652455
52 32 986.00930945784751
52 33 985.38220625544318
52 34 985.63607611841894
52 35 985.12153814816566
52 36 985.29876293903965
52 37 984.8813612103886
52 38 984.9961361664009
52 39 984.66070803466891
52 40 984.72661128811694
52 41 984.45904816838811
52 42 984.48836128000812
52 43 984.27610601210222
52 44 984.27943305186716
52 45 984.11172460230205
52 46 984.09785498483961
52 47 983.96577385686942
52 48 983.94172593904455
52 49 983.83809833173268
52 50 983.8092820864548
52 51 983.7284972991057
52 52 983.69894209064284
52 53 983.63672904121438
52 54 983.60933358313775
52 55 983.5625314881828
52 56 983.53930475279196
52 57 983.50565199142943
52 58 983.48792647625532
52 59 983.46588849454872
52 60 983.45447487903186
52 61 983.44299972902843
52 62 983.43834796631745
52 63 983.43834796631745
53 0 1000
53 1 998.31951092102702
53 2 997.04116441421888
53 3 995.22582783881217
53 4 994.43600831542608
53 5 992.53332267600899
53 6 992.17062622461424
53 7 990.18166103623741
53 8 990.18326384168972
53 9 988.13194821434456
53 10 988.42896375133228
53 11 986.34759957101073
53 12 986.86808707520811
53 13 984.79444581716768
53 14 985.46777245665464
53 15 983.44123403927154
53 16 984.20180723541057
53 17 982.25981121498455
53 18 983.05006261857284
53 19 981.22517203409143
53 20 981.99760590438541
53 21 980.31542284807358
53 22 981.03366126676258
53 23 979.51168620654767
53 24 980.15055408715352
53 25 978.79795523030816
53 26 979.34274205431518
53 27 978.16090011096458
53 28 978.60600012984185
53 29 977.58962903454426
53 30 977.93679246166118
53 31 977.07540997662898
53 32 977.33183538788273
53 33 976.61136512751659
53 34 976.78783396431675
53 35 976.19215392834474
53 36 976.30136077496957
53 37 975.81366250678514
53 38 975.86883973707188
53 39 975.47271633116713
53 40 975.48659786533494
53 41 975.16682956551813
53 42 975.15095266944911
53 43 974.89399978595702
53 44 974.85831006217484
53 45 974.65255144140781
53 46 974.60525560186193
53 47 974.44102662477815
53 48 974.38862925390004
53 49 974.25811800240297
53 50 974.20557980628814
53 51 974.10263643202552
53 52 974.05359926792448
53 53 973.97350487558356
53 54 973.93054005885165
53 55 973.86977048264782
53 56 973.83461864664991
53 57 973.79062731460795
53 58 973.76441179957931
53 59 973.73545493586312
53 60 973.71882940610965
53 61 973.70367635550838
53 62 973.69700076147387
53 63 973.69700076147387
54 0 1000
54 1 997.77622988466976
54 2 995.9685011740271
54 3 993.63521222652139
54 4 992.35949778659733
54 5 989.97618669213534
54 6 989.17054765880664
54 7 986.73766848024945
54 8 986.33860682394413
54 9 983.88022456703266
54 10 983.8173446959081
54 11 981.36507216049745
54 12 981.56414560697158
54 13 979.15452395242733
54 14 979.54213032760936
54 15 977.21290476647698
54 16 977.72038683875155
54 17 975.5070817876757
54 18 976.07371886427291
54 19 974.00680360860565
54 20 974.58200790776846
54 21 972.68489414997225
54 22 973.22936211969795
54 23 971.51732814503464
54 24 972.00319282282192
54 25 970.48320376202298
54 26 970.89333081619134
54 27 969.56462320083892
54 28 969.89125943381953
54 29 968.74649281201494
54 30 968.98950700193052
54 31 968.0162580863107
54 32 968.1812112458407
54 33 967.36359315394066
54 34 967.45984492778962
54 35 966.78006729531171
54 36 966.81907667990811
54 37 966.25881132455061
54 38 966.25273344078369
54 39 965.7942043725759
54 40 965.75482990378964
54 41 965.38159708101909
54 42 965.31963413699054
54 43 965.01708144913096
54 44 964.94174506297441
54 45 964.69731158850334
54 46 964.61616499740569
54 47 964.41937432980239
54 48 964.33835755199095
54 49 964.18070459376747
54 50 964.10428703094692
54 51 963.9790379466474
54 52 963.91043959497438
54 53 963.81239176095187
54 54 963.75382894676522
54 55 963.67906666147064
54 56 963.6319900813661
54 57 963.57766043697347
54 58 963.54296802483782
54 59 963.50710255920603
54 60 963.48527970893906
54 61 963.46645959962075
54 62 963.45776932372235
54 63 963.45776932372235
55 0 1000
55 1 997.21261376155917
55 2 994.85500792137066
55 3 991.98203511751308
55 4 990.19855863074747
55 5 987.31160582975599
55 6 986.04072559577605
55 7 983.1406007890273
55 8 982.31889698153634
55 9 979.43053222459105
55 10 978.98670288417327
55 11 976.14162684458972
55 12 975.99961388944166
55 13 973.23359551344834
55 14 973.31750493505683
55 15 970.66696888453873
55 16 970.90526145825584
55 17 968.40399901388844
55 18 968.73287198933815
55 19 966.40932668326593
55 20 966.77508008757377
55 21 964.65044870739575
55 22 965.01076515251111
55 23 963.09800905245163
55 24 963.42219437676988
55 25 961.72593182353353
55 26 961.99426369891148
55 27 960.51141297033007
55 28 960.7138126839825
55 29 959.43479017016307
55 30 959.56906467862314
55 31 958.4793147694586
55 32 958.54921317217509
55 33 957.63085364014421
55 34 957.64415103698343
55 35 956.8775507547349
55 36 956.8443226940517
55 37 956.20947741479131
55 38 956.14067032366472
55 39 955.61829641635461
55 40 955.52464298059215
55 41 955.09695967364462
55 42 954.98824016953529
55 43 954.63945197187979
55 44 954.52406714479423
55 45 954.24058666171061
55 46 954.12538611312959
55 47 953.89585314259045
55 48 953.78615422080918
55 49 953.60131149333665
55 50 953.5010447716827
55 51 953.35352682315806
55 52 953.2654521151012
55 53 953.14953475051334
55 54 953.07548304304566
55 55 952.98682959919131
55 56 952.92793821572161
55 57 952.8633672661739
55 58 952.82029131237016
55 59 952.77759375208996
55 60 952.75063846755131
55 61 952.72819800599655
55 62 952.71752213023922
55 63 952.71752213023922
56 0 1000
56 1 996.62948702531423
56 2 993.70225174308189
56 3 990.26845996225677
56 4 987.95567939290731
56 5 984.54231435744475
56 6 982.78384493445708
56 7 979.39307901920006
56 8 978.12639565543873
56 9 974.78480319191112
56 10 973.93838119477039
56 11 970.67806925706032
56 12 970.17456707476128
56 13 967.03105451327633
56 14 966.79250315260754
56 15 963.80127299366325
56 16 963.75350745584001
56 17 960.94686033388336
56 18 961.0231236519204
56 19 958.42759765055371
56 20 958.57109711855696
56 21 956.20569110636018
56 22 956.37102946527398
56 23 954.24632258912686
56 24 954.39985012755164
56 25 952.51798738884429
56 26 952.63722460187614
56 27 950.99263822934995
56 28 951.06498938780317
56 29 949.64566073090248
56 30 949.66667203822021
56 31 948.45571153189803
56 32 948.42712497453522
56 33 947.40445486728936
56 34 947.33227723772279
56 35 946.47623509901894
56 36 946.36899092505598
56 37 945.65772101987716
56 38 945.52499905795457
56 39 944.93755299605471
56 40 944.78889821894506
56 41 944.30601705017921
56 42 944.15017091726565
56 43 943.75476198586341
56 44 943.59921742844222
56 45 943.27656778887854
56 46 943.12738302739126
56 47 942.86516675513337
56 48 942.72697267398416
56 49 942.51511368354568
56 50 942.39125036864311
56 51 942.22169824514697
56 52 942.11442410483949
56 53 941.98089118427731
56 54 941.89161956138946
56 55 941.78931601793636
56 56 941.71884617158537
56 57 941.64423806657408
56 58 941.59296408433579
56 59 941.54358457416038
56 60 941.51161929928821
56 61 941.48564515511168
56 62 941.47303546475393
56 63 941.47303546475393
57 0 1000
57 1 996.02769612425232
57 2 992.51184187062518
57 3 988.49663473514318
57 4 985.63343448730154
57 5 981.67102056153578
57 6 979.40270962417605
57 7 975.49767899876292
57 8 973.76347002789782
57 9 969.94487782871113
57 10 968.67375229084416
57 11 964.97502959895235
57 12 964.08896762962297
57 13 960.54599557928736
57 14 959.96541827702333
57 15 956.61320428667227
57 16 956.26164486985499
57 17 953.13131727239067
57 18 952.93925603717059
57 19 950.05562722150694
57 20 949.96325334243011
57 21 947.34318210313131
57 22 947.30199609463625
57 23 944.95363665830212
57 24 944.92693555339429
57 25 942.84983967060282
57 26 942.81223501798922
57 27 940.99817455599157
57 28 940.93436724238063
57 29 939.36868079192652
57 30 939.27175201383716
57 31 937.93499275884506
57 32 937.80446876195185
57 33 936.67413877803904
57 34 936.51405529869407
57 35 935.56624542011014
57 36 935.38338630681153
57 37 934.59419028377442
57 38 934.3966146121445
57 39 933.74324095775432
57 40 933.53915400680683
57 41 933.0007098910221
57 42 932.79768304678589
57 43 932.35564577158641
57 44 932.16015309001125
57 45 931.79857306379665
57 46 931.61578916957831
57 47 931.32128361344223
57 48 931.15507772473632
57 49 930.91667833453903
57 50 930.76973980184925
57 51 930.578653163583
57 52 930.45269161041313
57 53 930.30202157865369
57 54 930.1979962170409
57 55 930.08246569984703
57 56 930.00081036530526
57 57 929.9165078711419
57 58 929.85733585334572
57 59 929.80151917960529
57 60 929.76473791528736
57 61 929.73536779544065
57 62 929.72090426629279
57 63 929.72090426629279
58 0 1000
58 1 995.40784593456021
58 2 991.28491755262598
58 3 986.66809949548417
58 4 983.23350541153775
58 5 978.6994752827145
58 6 975.89883117902434
58 7 971.45567258730932
58 8 969.23081723450764
58 9 964.91093747464402
58 10 963.19215968460549
58 11 959.03111163867027
58 12 957.74040895928658
58 13 953.77511401986794
58 14 952.83185964408653
58 15 949.09738802938216
58 16 948.42322969063434
58 17 944.94992818121955
58 18 944.47285399716304
58 19 941.28405544193913
58 20 940.94137139898248
58 21 938.05190797141984
58 22 937.79202914874452
58 23 935.20762902899185
58 24 934.99071979092287
58 25 932.70824752016131
58 26 932.5058585181124
58 27 930.51426184144464
58 28 930.30818923112724
58 29 928.58995280939178
58 30 928.37058299121225
58 31 926.90346449645619
58 32 926.66786746209709
58 33 925.42670076306786
58 34 925.17670395108428
58 35 924.13508917453828
58 36 923.8755120231724
58 37 923.00726275454622
58 38 922.74443121352624
58 39 922.0247044307805
58 40 921.76530473000844
58 41 921.17139042053941
58 42 920.92167002492079
58 43 920.43345876384717
58 44 920.19874414095625
58 45 919.79891922959109
58 46 919.58339621634036
58 47 919.25741206290229
58 48 919.06410415826974
58 49 918.80001623084729
58 50 918.63089636923314
58 51 918.41910322568867
58 52 918.27528207969465
58 53 918.10822998725632
58 54 917.99017525241629
58 55 917.86206376884763
58 56 917.76981679319317
58 57 917.67633123861492
58 58 917.60970561929207
58 59 917.54781094348857
58 60 917.50649680659876
58 61 917.47392964375308
58 62 917.45772678607022
58 63 917.45772678607022
59 0 1000
59 1 994.77082934878501
59 2 990.02320032680962
59 3 984.78520314818275
59 4 980.75877588063418
59 5 975.63081487445857
59 6 972.27557794235963
59 7 967.27032542836616
59 8 964.53164468342641
59 9 959.68577567796638
59 10 957.49608012904503
59 11 952.84813814416543
59 12 951.13018755016355
59 13 946.7188987253445
59 14 945.39164072799929
59 15 941.2527664341543
59 16 940.23644454488021
59 17 936.40002360557958
59 18 935.62046764584341
59 19 932.10866753259074
59 20 931.50049164569714
59 21 928.32628006952962
59 22 927.83487630617856
59 23 925.00158240263454
59 24 924.58393557524448
59 25 922.08565165242067
59 26 921.7101183387872
59 27 919.53279725620143
59 28 919.17807332951884
59 29 917.30111596767767
59 30 916.95465795896359
59 31 915.35276234110404
59 32 915.00892972445149
59 33 913.65398449355621
59 34 913.31213984901535
59 35 912.17498166660857
59 36 911.83773420180216
59 37 910.88964060839851
59 38 910.56135724904436
59 39 909.77520298237823
59 40 909.4608505755034
59 41 908.81190742177489
59 42 908.51623736737838
59 43 907.98263928266135
59 44 907.70968674499898
59 45 907.27261030032309
59 46 907.02545554520839
59 47 906.66908056759769
59 48 906.4498088972025
59 49 906.1611273903776
59 50 905.97092391872422
59 51 905.73945999909995
59 52 905.57878269505625
59 53 905.39627575175621
59 54 905.26506138945069
59 55 905.12515204119291
59 56 905.02302145416354
59 57 904.92096698168734
59 58 904.84741484643439
59 59 904.77987064386332
59 60 904.73435790188375
59 61 904.69882938062437
59 62 904.6810214056527
59 63 904.6810214056527
60 0 1000
60 1 994.12193938097926
60 2 988.7372099489354
60 3 982.86349569890126
60 4 978.22950530167509
60 5 972.48980528412665
60 6 968.56175351608317
60 7 962.97428708130951
60 8 959.70185453300303
60 9 954.30836918376076
60 10 951.62689929958231
60 11 946.46973442227898
60 12 944.30348998501347
60 13 939.42392438207366
60 14 937.69209136662766
60 15 933.12723283000298
60 16 931.74920808964509
60 17 927.52932574594331
60 18 926.42921480974007
60 19 922.57571978496151
60 20 921.68575010235986
60 21 918.21002410926349
60 22 917.47274590252823
60 23 914.37587448674913
60 24 913.74516292045541
60 25 911.01851265488165
60 26 910.45950651482258
60 27 908.08599100758829
60 28 907.57418862707277
60 29 905.53000964152432
60 30 905.04978716476762
60 31 903.30641660256674
60 32 902.84923802119329
60 33 901.37542007721459
60 34 900.93797997805996
60 35 899.70157189706435
60 36 899.28406116992812
60 37 898.2535849331374
60 38 897.85820850783955
60 39 897.00404371248737
60 40 896.63385833146242
60 41 895.92905959195525
60 42 895.58714671684686
60 43 895.00791108720318
60 44 894.69686008689018
60 45 894.22269841509979
60 46 893.94434981514348
60 47 893.55803053212219
60 48 893.31341737240109
60 49 893.00075398686863
60 50 892.79017858788973
60 51 892.53972625323229
60 52 892.362916499633
60 53 892.16563190708962
60 54 892.02193212037753
60 55 891.87083778672763
60 56 891.75940081872352
60 57 891.64928144029375
60 58 891.56924790140113
60 59 891.49641736706224
60 60 891.44699529330546
60 61 891.40871010040337
60 62 891.38941574536545
60 63 891.38941574536545
61 0 1000
61 1 993.47185829066382
61 2 987.44819648409043
61 3 980.93428521102976
61 4 975.68669627869724
61 5 969.32630908418764
61 6 964.81556508530855
61 7 958.63298899382687
61 8 954.81347709451279
61 9 948.8560310063358
61 10 945.66653075692443
61 11 939.98101481774461
61 12 937.34793616691229
61 13 931.97895043279993
61 14 929.82243588728636
61 15 924.80925335398933
61 16 923.04859810892412
61 17 918.42253292701275
61 18 916.98084406958628
61 19 912.76331229408027
61 20 911.57109646676315
61 21 907.77256085371823
61 22 906.7700994947844
61 23 903.38994524822954
61 24 902.52846100698775
61 25 899.55573131502479
61 26 898.7974739526062
61 27 896.2122998435417
61 28 895.52976847570017
61 29 893.30526981935714
61 30 892.67983521173721
61 31 890.78425062244128
61 32 890.20444746022645
61 33 888.60326632884744
61 34 888.06299810647522
61 35 886.72090923944734
61 36 886.21775838994233
61 37 885.10028575330091
61 38 884.63406069783639
61 39 883.70881661787428
61 40 883.28040631634508
61 41 882.51794712343815
61 42 882.12850061332745
61 43 881.50281302347582
61 44 881.15322124279805
61 45 880.64189686713166
61 46 880.33252845144307
61 47 879.91669868295321
61 48 879.64732948159269
61 49 879.31143569943993
61 50 879.08131082740442
61 51 878.81277862577815
61 52 878.62075251305566
61 53 878.40962706936125
61 54 878.25433778065678
61 55 878.09292374521067
61 56 877.97296921607153
61 57 877.85550454366
61 58 877.76960793773731
61 59 877.69201268828988
61 60 877.63908692728819
61 61 877.59833960358776
61 62 877.5777263784006
61 63 877.5777263784006
62 0 1000
62 1 992.7768707054081
62 2 986.06901414664571
62 3 978.86736573882422
62 4 972.95857646941988
62 5 965.9280732689864
62 6 960.78680801095027
62 7 953.96005271187914
62 8 949.54722551674547
62 9 942.97901082071007
62 10 939.23843587483111
62 11 932.98169870522361
62 12 929.8432476456469
62 13 923.94724128011171
62 14 921.33298017651032
62 15 915.84006947057219
62 16 913.66978570357003
62 17 908.6128290024177
62 18 906.80885712074837
62 19 902.20936274929556
62 20 900.70037868110569
62 21 896.5676132102509
62 22 895.29123645025038
62 23 891.62231301746078
62 24 890.52650280428304
62 25 887.30735783493174
62 26 886.35071718535789
62 27 883.55778987381007
62 28 882.70898362092635
62 29 880.311357059643
62 30 879.54790072311994
62 31 877.50964812943289
62 32 876.81633417939611
62 33 875.09883354415058
62 34 874.46603730275899
62 35 873.03006359164806
62 36 872.45212326009539
62 37 871.25958749662641
62 38 870.73339341913152
62 39 869.74866125132951
62 40 869.27252934273793
62 41 868.46330878573269
62 42 868.03616032714979
62 43 867.37399313187916
62 44 866.99482289824687
62 45 866.45524362981121
62 46 866.12283236128269
62 47 865.68527393495526
62 48 865.3980886867497
62 49 865.04561509500752
62 50 864.80183944651424
62 51 864.52077918121279
62 52 864.31842128607286
62 53 864.09796227369213
62 54 863.93499893525836
62 55 863.7667910239237
62 56 863.64131679926629
62 57 863.51911295719754
62 58 863.42948263897256
62 59 863.3488615719458
62 60 863.2937345253539
62 61 863.25144428769124
62 62 863.23001393057211
62 63 863.23001393057211
63 0 1000
63 1 0
63 2 0
63 3 0
63 4 0
63 5 0
63 6 0
63 7 0
63 8 0
63 9 0
63 10 0
63 11 0
63 12 0
63 13 0
63 14 0
63 15 0
63 16 0
63 17 0
63 18 0
63 19 0
63 20 0
63 21 0
63 22 0
63 23 0
63 24 0
63 25 0
63 26 0
63 27 0
63 28 0
63 29 0
63 30 0
63 31 0
63 32 0
63 33 0
63 34 0
63 35 0
63 36 0
63 37 0
63 38 0
63 39 0
63 40 0
63 41 0
63 42 0
63 43 0
63 44 0
63 45 0
63 46 0
63 47 0
63 48 0
63 49 0
63 50 0
63 51 0
63 52 0
63 53 0
63 54 0
63 55 0
63 56 0
63 57 0
63 58 0
63 59 0
63 60 0
63 61 0
63 62 0
63 63 0
