0 0 1000
0 1 0
0 2 0
0 3 0
0 4 0
0 5 0
0 6 0
0 7 0
0 8 0
0 9 0
0 10 0
0 11 0
0 12 0
0 13 0
0 14 0
0 15 0
0 16 0
0 17 0
0 18 0
0 19 0
0 20 0
0 21 0
0 22 0
0 23 0
0 24 0
0 25 0
0 26 0
0 27 0
0 28 0
0 29 0
0 30 0
0 31 0
0 32 0
0 33 0
0 34 0
0 35 0
0 36 0
0 37 0
0 38 0
0 39 0
0 40 0
0 41 0
0 42 0
0 43 0
0 44 0
0 45 0
0 46 0
0 47 0
0 48 0
0 49 0
0 50 0
0 51 0
0 52 0
0 53 0
0 54 0
0 55 0
0 56 0
0 57 0
0 58 0
0 59 0
0 60 0
0 61 0
0 62 0
0 63 0
1 0 1000
1 1 993.54968961310681
1 2 987.39958533932906
1 3 980.972736344959
1 4 975.30345034535412
1 5 968.99853294726722
1 6 963.8171293246121
1 7 957.66529086469427
1 8 952.9726920000985
1 9 947.01135227583154
1 10 942.79693155244354
1 11 937.06041200331367
1 12 933.30347970746834
1 13 927.82290615901195
1 14 924.49498567949593
1 15 919.29761069976053
1 16 916.36474249366393
1 17 911.47329712785006
1 18 908.89822632777862
1 19 904.33034919393742
1 20 902.07451768642113
1 21 897.84234581620603
1 22 895.86760954364786
1 23 891.97758063644687
1 24 890.24759964205907
1 25 886.70049138719003
1 26 885.18176741424099
1 27 881.97297409003761
1 28 880.63553721244978
1 29 877.75556159065695
1 30 876.57333080171406
1 31 874.00845203489041
1 32 872.95931298929327
1 33 870.69237977800606
1 34 869.75803490679664
1 35 867.76932816596525
1 36 866.93497993779101
1 37 865.20309001652527
1 38 864.45701771408926
1 39 862.95968699954699
1 40 862.29277208167969
1 41 861.00766318543026
1 42 860.41290950861662
1 43 859.31827068581788
1 44 858.7903550664364
1 45 857.86556659038024
1 46 857.40044381422729
1 47 856.62644046326909
1 48 856.22101607302375
1 49 855.58059073393019
1 50 855.23246561188967
1 51 854.71046666460904
1 52 854.41775009506296
1 53 854.0011904660048
1 54 853.76237327099034
1 55 853.44047181626377
1 56 853.25434724837203
1 57 853.01852286771759
1 58 852.88415458149416
1 59 852.72802747202218
1 60 852.64463317594164
1 61 852.56332859243071
1 62 852.53050166552589
1 63 852.53050166552589
2 0 1000
2 1 994.14069442702134
2 2 988.57537039287956
2 3 982.73558656677278
2 4 977.63794523589297
2 5 971.91010351254999
2 6 967.2822753876917
2 7 961.69232778409196
2 8 957.53080606422179
2 9 952.1113635547473
2 10 948.40176624579874
2 11 943.18291779288518
2 12 939.90152841213001
2 13 934.91082950175053
2 14 932.02690078472983
2 15 927.28875937544467
2 16 924.7668145183344
2 17 920.30187592160303
2 18 918.10386708512101
2 19 913.92844614519333
2 20 912.01569466415094
2 21 908.14134121938662
2 22 906.47618513204509
2 23 902.90943574926644
2 24 901.45653737031523
2 25 898.19888349420432
2 26 896.92617702808161
2 27 893.97425502735007
2 28 892.85354053971014
2 29 890.19952730055218
2 30 889.20674022486389
2 31 886.83892052313763
2 32 885.95412339605105
2 33 883.85758346188823
2 34 883.06473777238239
2 35 881.2221336545897
2 36 880.50871440249568
2 37 878.90106364706139
2 38 878.25757800492875
2 39 876.8650279091429
2 40 876.28449337374127
2 41 875.08702740840431
2 42 874.56445543604605
2 43 873.54250991426545
2 44 873.07442977215078
2 45 872.20940408092599
2 46 871.7934499297686
2 47 871.06810440994275
2 48 870.70267763475692
2 49 870.10142256330994
2 50 869.78543194028043
2 51 869.29451843601862
2 52 869.02719336561108
2 53 868.63482213600719
2 54 868.41558912904702
2 55 868.11195576911246
2 56 867.94036459559788
2 57 867.71766005240386
2 58 867.59335733323508
2 59 867.44577506113069
2 60 867.36839703600219
2 61 867.29146967228326
2 62 867.26086041885549
2 63 867.26086041885549
3 0 1000
3 1 994.69266676318159
3 2 989.67293143841493
3 3 984.37982036267033
3 4 979.81351436463069
3 5 974.62141115136137
3 6 970.50680596255131
3 7 965.43759831376065
3 8 961.76772352846206
3 9 956.85023674574609
3 10 953.60785444668068
3 11 948.86889832076145
3 12 946.02806173287172
3 13 941.49245417299289
3 14 939.02080694952667
3 15 934.71078853247866
3 16 932.57184135126568
3 17 928.50646996270211
3 18 926.66171880088405
3 19 922.8562940548577
3 20 921.26710753636178
3 21 917.73271202322746
3 22 916.36191732722273
3 23 913.10512975736049
3 24 911.9182534994585
3 25 908.9410664127854
3 26 907.90721382133177
3 27 905.20716420650604
3 28 904.29954572828933
3 29 901.87004521725407
3 30 901.06618196281022
3 31 898.89701583067995
3 32 898.17867219096172
3 33 896.25662439920563
3 34 895.60952679672607
3 35 893.91908220110997
3 36 893.33248715602087
3 37 891.85656149159001
3 38 891.32273457229951
3 39 890.04338708817545
3 40 889.55704798800048
3 41 888.45613941609543
3 42 888.01391876917
3 43 887.07368728100141
3 44 886.67362940632722
3 45 885.87716796999143
3 46 885.51830191395277
3 47 884.84993081505138
3 48 884.53192101027958
3 49 883.97745833173519
3 50 883.70033674323952
3 51 883.24727671926178
3 52 883.01125100027252
3 53 882.64886510212636
3 54 882.45419226611182
3 55 882.17357060691052
3 56 882.02048203978381
3 57 881.8145326524309
3 58 881.70320702081449
3 59 881.56666147030921
3 60 881.4971235064628
3 61 881.42591543596075
3 62 881.39824192029107
3 63 881.39824192029107
4 0 1000
4 1 995.24346414403226
4 2 990.76780247178442
4 3 986.01840291884832
4 4 981.9796228040932
4 5 977.31776682780492
4 6 973.71029231682542
4 7 969.15388541212917
4 8 965.96732743909001
4 9 961.54151429397689
4 10 958.75591045086094
4 11 954.48442592284039
4 12 952.0718141320217
4 13 947.97702440633384
4 14 945.90372357736044
4 15 942.00605151871343
4 16 940.23489623374542
4 17 936.55220549570981
4 18 935.0446054974077
4 19 931.59159603680803
4 20 930.30935170373368
4 21 927.09705600042821
4 22 926.00386426812122
4 23 923.03930262203119
4 24 922.1019144423052
4 25 919.38794557801964
4 26 918.57696239676989
4 27 916.1123413617122
4 28 915.402663181354
4 29 913.18229669809421
4 30 912.55325573328355
4 31 910.56862740225949
4 32 910.00385740608647
4 33 908.24358269469064
4 34 907.73068386083014
4 35 906.18114813740317
4 36 905.71121099947982
4 37 904.35724275569078
4 38 903.92429232597522
4 39 902.7498273855158
4 40 902.35024202520651
4 41 901.33894178071614
4 42 900.97089138801346
4 43 900.10668757996859
4 44 899.7696241095631
4 45 899.03717301029269
4 46 898.73139447846836
4 47 898.1164333883255
4 48 897.84273150635943
4 49 897.33233929454354
4 50 897.09173152314827
4 51 896.67450195651634
4 52 896.46804155579446
4 53 896.13418307608356
4 54 895.9628358505629
4 55 895.70421423651078
4 56 895.56878718830887
4 57 895.37892765625986
4 58 895.2800448650994
4 59 895.15413900592341
4 60 895.09214956971186
4 61 895.02647954968074
4 62 895.00165238858278
4 63 895.00165238858278
5 0 1000
5 1 995.78421979956852
5 2 991.84230719327729
5 3 987.62512431760456
5 4 984.10172563529898
5 5 979.95674833417354
5 6 976.84273480986803
5 7 972.78424543367248
5 8 970.06611345097554
5 9 966.1159086877343
5 10 963.77130369741838
5 11 959.95040554992943
5 12 957.94969859530556
5 13 954.27839124080958
5 14 952.58692322500747
5 15 949.08417158717225
5 16 947.66442964985879
5 17 944.34723778569344
5 18 943.16084283681471
5 19 940.04360875438522
5 20 939.0530493406186
5 21 936.14700789669462
5 22 935.31705993644255
5 23 932.62987543657505
5 24 931.92867342521606
5 25 929.46422143681173
5 26 928.86397238412701
5 27 926.62232596011052
5 28 926.09968153926138
5 29 924.07729498277979
5 30 923.61341790309427
5 31 921.80348307194049
5 32 921.38385888922073
5 33 919.77679611914709
5 34 919.39085076041192
5 35 917.97488929456301
5 36 917.61547546435918
5 37 916.37727662704503
5 38 916.04008961389525
5 39 914.96536910157727
5 40 914.64834543887002
5 41 913.72245786842211
5 42 913.42520022412225
5 43 912.63365813905079
5 44 912.35691817948441
5 45 911.68582773368485
5 46 911.431066880765
5 47 910.86747222072347
5 48 910.63650930646259
5 49 910.16864634375281
5 50 909.963391949364
5 51 909.58085915358458
5 52 909.40312935236398
5 53 909.09698811008764
5 54 908.94838560619849
5 55 908.71120552598165
5 56 908.59305288969529
5 57 908.41891770590189
5 58 908.33223685645135
5 59 908.2167533164843
5 60 908.16218324420288
5 61 908.1019521839811
5 62 908.07993242496684
5 63 908.07993242496684
6 0 1000
6 1 996.31062506255375
6 2 992.88785832489486
6 3 989.18721814936373
6 4 986.16303316900019
6 5 982.5176527788708
6 6 979.87975587682342
6 7 976.30073889561527
6 8 974.03289898927869
6 9 970.53910589090322
6 10 968.61697173371249
6 11 965.22713522991501
6 12 963.61979926611298
6 13 960.35253329255079
6 14 959.02472259778733
6 15 955.89791609280371
6 16 954.81209592380537
6 17 951.84223062198726
6 18 950.9605094027678
6 19 948.16196325875057
6 20 947.44773813085055
6 21 944.83216842830461
6 22 944.25145583549215
6 23 941.82732669699078
6 24 941.34974773581746
6 25 939.12204440060839
6 26 938.72145945075579
6 27 936.69160712523865
6 28 936.34641753204824
6 29 934.51240019639772
6 30 934.20555436622908
6 31 932.56221037937689
6 32 932.28096599732612
6 33 930.82042398536805
6 34 930.55592641775615
6 35 929.26813729765456
6 36 929.01487659061445
6 37 927.888195508374
6 38 927.64340137862598
6 39 926.66517608745255
6 40 926.42820303341659
6 41 925.58533166574944
6 42 925.35707618286131
6 43 924.63650615148197
6 44 924.41888645083725
6 45 923.80803601901493
6 46 923.60355294296994
6 47 923.09064665724497
6 48 922.9020337355264
6 49 922.47635150169833
6 50 922.30631305903842
6 51 921.9583595538237
6 52 921.80938889424476
6 53 921.53099494275193
6 54 921.40526007121423
6 55 921.18963051840547
6 56 921.08891176856105
6 57 920.93063479676835
6 58 920.8563074676274
6 59 920.75136477472392
6 60 920.70432656169078
6 61 920.64961313856566
6 62 920.6304548086548
6 63 920.6304548086548
7 0 1000
7 1 996.82212162430574
7 2 993.90336663270034
7 3 990.70315669537649
7 4 988.16161922872584
7 5 984.99828827382805
7 6 982.81890488498573
7 7 979.70082366109511
7 8 977.86502433541204
7 9 974.80852267335752
7 10 973.29035033765854
7 11 970.31227784251746
7 12 969.07992311137627
7 13 966.19760856872563
7 14 965.21553141700053
7 15 962.44613682533281
7 16 961.67708437918202
7 17 959.03687061872915
7 18 958.44369072695429
7 19 955.94726206623454
7 20 955.49445557101058
7 21 953.1540792482466
7 22 952.80904009664414
7 23 950.63410842643259
7 24 950.36802499575458
7 25 948.3647046989945
7 26 948.15311948610247
7 27 946.32420804502487
7 28 946.14725510866083
7 29 944.49224114146182
7 30 944.33459932917901
7 31 942.8499050436767
7 32 942.70051858000352
7 33 941.37988862401596
7 34 941.23151436428179
7 35 940.0665073959475
7 36 939.91514996576382
7 37 938.89568686706525
7 38 938.73997964275804
7 39 937.85490476077928
7 40 937.69548728969494
7 41 936.93310528163931
7 42 936.77203763717444
7 43 936.12059709133064
7 44 935.96084020539695
7 45 935.40894488264314
7 46 935.25392438219069
7 47 934.7908624951466
7 48 934.64412303408039
7 49 934.26011353412468
7 50 934.12506179434592
7 51 933.81142355605732
7 52 933.69115140269537
7 53 933.44040617391011
7 54 933.33758104991512
7 55 933.1435040028482
7 56 933.06031075228475
7 57 932.91794304522512
7 58 932.85606930331335
7 59 932.76172910429182
7 60 932.72230242621026
7 61 932.67315526789139
7 62 932.65689966251557
7 63 932.65689966251557
8 0 1000
8 1 997.31836734165392
8 2 994.88818001770744
8 3 992.17203916252174
8 4 990.09645631106821
8 5 987.39753397362847
8 6 985.65912268026989
8 7 982.98350056152117
8 8 981.56173398048202
8 9 978.92361189729638
8 10 977.79130029026555
8 11 975.20603836257408
8 12 974.33081929819787
8 13 971.8148266997888
8 14 971.16120414978195
8 15 968.73123982985499
8 16 968.26250662200937
8 17 965.93488314882586
8 18 965.61483763293393
8 19 963.40460123376772
8 20 963.19900436110424
8 21 961.11918920019559
8 22 960.99691532720851
8 23 959.0579417101427
8 24 958.99179951511655
8 25 957.20106240596408
8 26 957.1682850448193
8 27 955.52995399496081
8 28 955.51237886155479
8 29 954.02740725809019
8 30 954.01138347129495
8 31 952.67770573690746
8 32 952.65378030475688
8 33 951.46666164436442
8 34 951.42910245967244
8 35 950.38159750566297
8 36 950.32781291478921
8 37 949.41128701637035
8 38 949.34119828901271
8 39 948.54586748547035
8 40 948.46128315807516
8 41 947.77673493658892
8 42 947.6807660131376
8 43 947.0964314515179
8 44 946.99297518474907
8 45 946.49853268783863
8 46 946.39184137995528
8 47 945.97754175757416
8 48 945.87188272661672
8 49 945.52879390891792
8 50 945.4281981789436
8 51 945.14837480443703
8 52 945.05646559017339
8 53 944.83305372116922
8 54 944.75294153810148
8 55 944.58023178560791
8 56 944.51446030956333
8 57 944.38790336109787
8 58 944.3384372721298
8 59 944.25465532392286
8 60 944.22282709517128
8 61 944.17923585310791
8 62 944.1658872168216
8 63 944.1658872168216
9 0 1000
9 1 997.79879535232908
9 2 995.841203952098
9 3 993.59235042503326
9 4 991.96566083515609
9 5 989.71328571052902
9 6 988.39810203488082
9 7 986.14643767555197
9 8 985.120657191085
9 9 982.88216067639405
9 10 982.11772506414661
9 11 979.9066366610474
9 12 979.37096324864581
9 13 977.20310635046565
9 14 976.86103249958228
9 15 974.75305053824627
9 16 974.56865280072975
9 17 972.53714473843274
9 18 972.47535490370376
9 19 970.53598812100961
9 20 970.56395496689345
9 21 968.73065478564138
9 22 968.81880838559334
9 23 967.10309553253705
9 24 967.22589280063323
9 25 965.63641621538966
9 26 965.77276805868826
9 27 964.31505478955773
9 28 964.44845552479944
9 29 963.12487593788705
9 30 963.24327259002371
9 31 962.05319958376595
9 32 962.14865091016964
9 33 961.08877759474706
9 34 961.15695948555083
9 35 960.22173139768722
9 36 960.26134668579027
9 37 959.44346189718749
9 38 959.45560916056002
9 39 958.74654185648308
9 40 958.73409053460591
9 41 958.12459964712184
9 42 958.0916089914183
9 43 957.57220193755916
9 44 957.52341029595152
9 45 957.08474146218316
9 46 957.02514137526305
9 47 956.65833452710183
9 48 956.59283907532995
9 49 956.28973143210817
9 50 956.22292891428935
9 51 955.97624159547934
9 52 955.91222932278231
9 53 955.71567393070779
9 54 955.65795782568193
9 55 955.50629200812477
9 56 955.45773616403801
9 57 955.34678183749281
9 58 955.30959842306208
9 59 955.23625323750343
9 60 955.2119587575354
9 61 955.17387024835364
9 62 955.16341125924964
9 63 955.16341125924964
10 0 1000
10 1 998.26282265989482
10 2 996.76131209181028
10 3 994.96249039820793
10 4 993.76729453677171
10 5 991.94330525192197
10 6 991.03346671427562
10 7 989.18712524024897
10 8 988.53933262319663
10 9 986.68173151514611
10 10 986.26739852086246
10 11 984.41201201794161
10 12 984.19863767555466
10 13 982.36101620179875
10 14 982.31402541074465
10 15 980.51095967520803
10 16 980.59541417429216
10 17 978.84399745604981
10 18 979.0261102989291
10 19 977.34278315023084
10 20 977.59118721164077
10 21 975.99086428683086
10 22 976.27759444235721
10 23 974.77294566496425
10 24 975.07411487306558
10 25 973.67504863084605
10 26 973.97121885309321
10 27 972.68458892397143
10 28 972.96085725594378
10 29 971.79039140595603
10 30 972.0362280732744
10 31 970.9826565855642
10 32 971.19154320594726
10 33 970.25289129091823
10 34 970.42181432724692
10 35 969.59381394862976
10 36 969.72266955803661
10 37 968.99924350048207
10 38 969.09020657970348
10 39 968.46397981862719
10 40 968.52088294336613
10 41 967.98368240621619
10 42 968.01144079212531
10 43 967.55475308512098
10 44 967.55886094738605
10 45 967.17422722969548
10 46 967.16034017094967
10 47 966.83967691176497
10 48 966.81328518778275
10 49 966.54912812071746
10 50 966.51531749808817
10 51 966.30099307580065
10 52 966.264283881099
10 53 966.0940176191026
10 54 966.05826861593687
10 55 965.92724282956658
10 56 965.89560418500093
10 57 965.79997857104956
10 58 965.77488349244845
10 59 965.711806249966
10 60 965.69493651704818
10 61 965.6622707239319
10 62 965.65466617894936
10 63 965.65466617894936
11 0 1000
11 1 998.70988675619253
11 2 997.64742378563051
11 3 996.2809764061584
11 4 995.49952974051575
11 5 994.08556942998723
11 6 993.56301733882901
11 7 992.10335793456102
11 8 991.81553816090798
11 9 990.32026290738486
11 10 990.23838570558291
11 11 988.7205258206385
11 12 988.81245273595812
11 13 987.287563410188
11 14 987.51953641687976
11 15 986.00478213340614
11 16 986.34302316875028
11 17 984.85616464269162
11 18 985.26828913931172
11 19 983.82666096874607
11 20 984.2828566365788
11 21 982.90243500616543
11 22 983.37636746044234
11 23 982.07100028518732
11 24 982.54042649842347
11 25 981.32127331164963
11 26 981.76836368860631
11 27 980.64356636218292
11 28 981.05495494787874
11 29 980.0295364375778
11 30 980.39613451214666
11 31 979.47210310344337
11 32 979.78872282430405
11 33 978.96534507594208
11 34 979.23018619779145
11 35 978.50438343402993
11 36 978.71843742280942
11 37 978.08525799924303
11 38 978.25168058213148
11 39 977.70480246541638
11 40 977.82829877427571
11 41 977.36052307224406
11 42 977.44678023591905
11 43 977.050484850972
11 44 977.10567642680053
11 45 976.77320864981505
11 46 976.80358481399855
11 47 976.52758125463083
11 48 976.5391491390626
11 49 976.31277998606606
11 50 976.31107062186766
11 51 976.12821223261494
11 52 976.11812460833698
11 53 975.97346953143426
11 54 975.95917842316419
11 55 975.84829509783276
11 56 975.83320709543557
11 57 975.75256251720236
11 58 975.73930905882025
11 59 975.6862792642803
11 60 975.67669119242953
11 61 975.64933960898406
11 62 975.64454013342629
11 63 975.64454013342629
12 0 1000
12 1 999.13946392490891
12 2 998.49853510985781
12 3 997.54639894512877
12 4 997.1606921423637
12 5 996.13817863339239
12 6 995.98478610239169
12 7 994.8931057692314
12 8 994.94734797833451
12 9 993.79591360944528
12 10 994.02909097251313
12 11 992.83079235352557
12 12 993.21137467882556
12 13 991.98202487686035
12 14 992.47726454016879
12 15 991.23460204616617
12 16 991.81202152267053
12 17 990.57462122621075
12 18 991.20332841652089
12 19 989.98951469128326
12 20 990.64129695444831
12 21 989.46815693250778
12 22 990.1183165238441
12 23 989.00088534328279
12 24 989.62879724857316
12 25 988.57946150117436
12 26 989.16885373913408
12 27 988.19699301972958
12 28 988.73596762112948
12 29 987.84783018148619
12 30 988.32865840180409
12 31 987.52744728796176
12 32 987.94618380353597
12 33 987.23231572693601
12 34 987.58828288430789
12 35 986.95977390092037
12 36 987.25496845947146
12 37 986.70789806895073
12 38 986.94636978884148
12 39 986.47537752083508
12 40 986.66262231556516
12 41 986.26139707343748
12 42 986.40379842893935
12 43 986.06552947106172
12 44 986.16987165682406
12 45 985.88763978445752
12 46 985.96070618158444
12 47 985.72780330406897
12 48 985.77606387902347
12 49 985.58623773460874
12 50 985.61562195261274
12 51 985.46324977310235
12 52 985.47899543912467
12 53 985.35919545543504
12 54 985.36576021702047
12 55 985.27445305265917
12 56 985.27547319381654
12 57 985.20940632416739
12 58 985.20769092599619
12 59 985.16444826347276
12 60 985.16196252854343
12 61 985.13979414795494
12 62 985.13773570483045
12 63 985.13773570483045
13 0 1000
13 1 999.55104313701531
13 2 999.31367114581144
13 3 998.75744050261846
13 4 998.7491819071297
13 5 998.09939708250306
13 6 998.29692257543763
13 7 997.55456076545863
13 8 997.93299037055249
13 9 997.10710217982194
13 10 997.63809846193772
13 11 996.74169864131943
13 12 997.39456070775441
13 13 996.4439370414342
13 14 997.18709480384393
13 15 996.20072534067435
13 16 997.00311598560666
13 17 996.000505518502
13 18 996.83279465487294
13 19 995.83332713587936
13 20 996.66892410874618
13 21 995.69082693156611
13 22 996.50665721642315
13 23 995.56614783810801
13 24 996.34316277378832
13 25 995.45382225105732
13 26 996.1772448739506
13 27 995.34963659785433
13 28 996.00896006935341
13 29 995.25048821063842
13 30 995.83925843915017
13 31 995.1542411997375
13 32 995.66966637338328
13 33 995.05958525285814
13 34 995.50202137659721
13 35 994.96589972807078
13 36 995.33826279330196
13 37 994.87312469609515
13 38 995.18027725985689
13 39 994.78164036542569
13 40 995.02979396219496
13 41 994.69215629998644
13 42 994.88832238324562
13 43 994.6056118058433
13 44 994.75712402144256
13 45 994.52308870310844
13 46 994.63720934948105
13 47 994.44573737281041
13 48 994.529351821668
13 49 994.37471649698455
13 50 994.4341117835902
13 51 994.31114635030144
13 52 994.35186446166779
13 53 994.25607492363247
13 54 994.28282763820937
13 55 994.2104556347324
13 56 994.22708577490062
13 57 994.17513459481086
13 58 994.18461105650545
13 59 994.15085412453448
13 60 994.15526368259771
13 61 994.13812477273723
13 62 994.13873174912351
13 63 994.13873174912351
14 0 1000
14 1 999.94414962390965
14 2 1000.091927884882
14 3 999.91284525784363
14 4 1000.263532109404
14 5 999.96758749089497
14 6 1000.4977662410694
14 7 1000.0860481795424
14 8 1000.7709228891773
14 9 1000.2524060375317
14 10 1001.0642377293623
14 11 1000.4523030692327
14 12 1001.3614045576168
14 13 1000.6730050723012
14 14 1001.6491159792669
14 15 1000.9036086660756
14 16 1001.9171638443069
14 17 1001.1350744098418
14 18 1002.1583363070093
14 19 1001.3601557903594
14 20 1002.368157772219
14 21 1001.5732639898357
14 22 1002.5445269437893
14 23 1001.7702992011838
14 24 1002.6873003199664
14 25 1001.9484697540714
14 26 1002.7978605133453
14 27 1002.1061123271489
14 28 1002.8787001588589
14 29 1002.2425205072745
14 30 1002.9330436800753
14 31 1002.357784876488
14 32 1002.9645212393651
14 33 1002.4526454035804
14 34 1002.9769021620104
14 35 1002.5283558079117
14 36 1002.9738892499554
14 37 1002.5865593267421
14 38 1002.9589708290371
14 39 1002.6291755599623
14 40 1002.9353241361197
14 41 1002.658298467466
14 42 1002.9057616821034
14 43 1002.6761059304625
14 44 1002.872711374823
14 45 1002.6847814336263
14 46 1002.8382212474905
14 47 1002.6864483412326
14 48 1002.8039803797693
14 49 1002.683116952719
14 50 1002.7713487839865
14 51 1002.6766440956641
14 52 1002.741390442373
14 53 1002.6687045260321
14 54 1002.7149051554578
14 55 1002.660772933761
14 56 1002.6924561082817
14 57 1002.6541147311252
14 58 1002.6743928986373
14 59 1002.6497889682757
14 60 1002.6608587480102
14 61 1002.6485778568599
14 62 1002.651763229939
14 63 1002.651763229939
15 0 1000
15 1 1000.3183231085889
15 2 1000.8324326820193
15 3 1001.0114504194991
15 4 1001.7023515322792
15 5 1001.7412688843492
15 6 1002.5857696794977
15 7 1002.4860941820149
15 8 1003.4597446370195
15 9 1003.2306255109776
15 10 1004.3064959096723
15 11 1003.9618844752822
15 12 1005.111459116572
15 13 1004.66912862083
15 14 1005.8635627069913
15 15 1005.3438568692021
15 16 1006.5551411310536
15 17 1005.9796711300202
15 18 1007.1816817363573
15 19 1006.5720725862134
15 20 1007.7414498621966
15 21 1007.118225245619
15 22 1008.235042129472
15 23 1007.6167135221892
15 24 1008.6649106979559
15 25 1008.0673105232867
15 26 1009.0348930856079
15 27 1008.4707658767344
15 28 1009.3497738042167
15 29 1008.8286162402211
15 30 1009.6148960071658
15 31 1009.1430180190305
15 32 1009.8358339601242
15 33 1009.4165999565338
15 34 1010.0181307241098
15 35 1009.6523327177076
15 36 1010.1671001784185
15 37 1009.8534128938444
15 38 1010.287688507452
15 39 1010.0231595927883
15 40 1010.3843875350199
15 41 1010.1649226056891
15 42 1010.4611907308621
15 43 1010.2820018274349
15 44 1010.5215821855508
15 45 1010.3775780293831
15 46 1010.56854915187
15 47 1010.454655207091
15 48 1010.6046096597427
15 49 1010.5160145870465
15 50 1010.6318480048217
15 51 1010.5641800495816
15 52 1010.6519523856422
15 53 1010.6013942995381
15 54 1010.6662504617169
15 55 1010.6296046758091
15 56 1010.6757399211835
15 57 1010.650457016416
15 58 1010.6811131194154
15 59 1010.6652976755111
15 60 1010.6827707757819
15 61 1010.675158827864
15 62 1010.680826430654
15 63 1010.680826430654
16 0 1000
16 1 1000.673141174934
16 2 1001.5343865559418
16 3 1002.0521581744986
16 4 1003.0643793640609
16 5 1003.4190588013685
16 6 1004.5595619611086
16 7 1004.7533518168715
16 8 1005.99825685597
16 9 1006.040705406226
16 10 1007.3640646438802
16 11 1007.2698704464229
16 12 1008.6444612926859
16 13 1008.4323462717733
16 14 1009.8308131272569
16 15 1009.5221905555067
16 16 1010.9181112499854
16 17 1010.5357199960571
16 18 1011.9045802076938
16 19 1011.4711870077466
16 20 1012.7912018004073
16 21 1012.3284560417488
16 22 1013.5811973944146
16 23 1013.1087010768733
16 24 1014.2795059293506
16 25 1013.8141355399206
16 26 1014.8922867887684
16 27 1014.4477785610505
16 28 1015.426468944916
16 29 1015.0132563787657
16 30 1015.889360403469
16 31 1015.5146347624288
16 32 1016.288325318999
16 33 1015.956277141335
16 34 1016.6305304535363
16 35 1016.3427232332999
16 36 1016.9227580587213
16 37 1016.6785838554298
16 38 1017.1712788455054
16 39 1016.968448833376
16 40 1017.3817764529231
16 41 1017.2168061589355
16 42 1017.559313654168
16 43 1017.4279715508412
16 44 1017.7083302981962
16 45 1017.6060282340935
16 46 1017.8326634900826
16 47 1017.7547770479949
16 48 1017.9355815544438
16 49 1017.8776969694209
16 50 1018.0198246958016
16 51 1017.9779158825966
16 52 1018.0876467803146
16 53 1018.0581910401468
16 54 1018.140854164149
16 55 1018.1208982330588
16 56 1018.1808388630346
16 57 1018.1680283424191
16 58 1018.2086044798053
16 59 1018.2011882313624
16 60 1018.2247859736881
16 61 1018.2216398675831
16 62 1018.2296846136218
16 63 1018.2296846136218
17 0 1000
17 1 1001.0081974848243
17 2 1002.1970237166078
17 3 1003.0339623168931
17 4 1004.3484303559443
17 5 1004.9997201935997
17 6 1006.4178792595594
17 7 1006.8866511003419
17 8 1008.38538838946
17 9 1008.6817757088183
17 10 1010.2362706635702
17 11 1010.37585914543
17 12 1011.9602768513952
17 13 1011.9628324807817
17 14 1013.5513549036116
17 15 1013.4394156514384
17 16 1015.0072163942566
17 17 1014.8046693392466
17 18 1016.328820094468
17 19 1016.0595657463374
17 20 1017.519808364478
17 21 1017.2065915068409
17 22 1018.5859318769942
17 23 1018.249398029193
17 24 1019.5344934721594
17 25 1019.192504473772
17 26 1020.3738344375987
17 27 1020.0410520231702
17 28 1021.1128796123658
17 29 1020.800603856361
17 30 1021.7607512075191
17 31 1021.4769831329271
17 32 1022.326455445139
17 33 1022.0761409041314
17 34 1022.8186412159662
17 35 1022.6040466736804
17 36 1023.2454260614311
17 37 1023.0665958167167
17 38 1023.6142819506983
17 39 1023.4695297835106
17 40 1023.9319715326628
17 41 1023.8183666250349
17 42 1024.2045247180906
17 43 1024.118340663681
17 44 1024.4372454553557
17 45 1024.3743509924925
17 46 1024.6347392326879
17 47 1024.5909189149186
17 48 1024.8009529791357
17 49 1024.7721544963977
17 50 1024.939220454643
17 51 1024.9217321891906
17 52 1025.0523077443434
17 53 1025.0428751242318
17 54 1025.1424549606336
17 55 1025.1383472351629
17 56 1025.2114116656896
17 57 1025.2104521502115
17 58 1025.2604638205514
17 59 1025.2610327922241
17 60 1025.2904592345558
17 61 1025.2915621401744
17 62 1025.301871684753
17 63 1025.301871684753
18 0 1000
18 1 1001.323123541919
18 2 1002.8196517613602
18 3 1003.9559220836865
18 4 1005.5534422714959
18 5 1006.4821103852119
18 6 1008.1596151185505
18 7 1008.8849374748469
18 8 1010.6202378945322
18 9 1011.1530910848787
18 10 1012.9226007049149
18 11 1013.2795697069043
18 12 1015.0589018160172
18 13 1015.2608663444045
18 14 1017.0257602590143
18 15 1017.0964152406289
18 16 1018.8236265444407
18 17 1018.7880082569077
18 18 1020.4561548012813
18 19 1020.3392736458685
18 20 1021.9295653809589
18 21 1021.755218909464
18 22 1023.25202460506
18 23 1023.0418459824554
18 24 1024.433065461664
18 25 1024.2058374534063
18 26 1025.4830663897346
18 27 1025.254307081354
18 28 1026.4127995049864
18 29 1026.1946046718228
18 30 1027.2330541605977
18 31 1027.0341642451056
18 32 1027.9543369081105
18 33 1027.7803849008405
18 34 1028.5866448633346
18 35 1028.4405353148532
18 36 1029.1393062895922
18 37 1029.021674876725
18 38 1029.6208799350716
18 39 1029.5305866494127
18 40 1030.0391032957486
18 41 1029.973719280594
18 42 1030.4008794567887
18 43 1030.3571365204091
18 44 1030.7122923799748
18 45 1030.6864740201163
18 46 1030.9786413009449
18 47 1030.9669036137789
18 48 1031.2044861059967
18 49 1031.2031053989137
18 50 1031.3936970003501
18 51 1031.3992477454901
18 52 1031.5495033002746
18 53 1031.5589749977667
18 54 1031.674537645041
18 55 1031.6854021923089
18 56 1031.7708733628049
18 57 1031.7811159892949
18 58 1031.8400522170789
18 59 1031.8481728693635
18 60 1031.8831151578179
18 61 1031.888239155242
18 62 1031.9006941809166
18 63 1031.9006941809166
19 0 1000
19 1 1001.6175681414319
19 2 1003.4016125562039
19 3 1004.81718449507
19 4 1006.6784264792022
19 5 1007.8652182008136
19 6 1009.7837618694161
19 7 1010.7473071312442
19 8 1012.7020154233084
19 9 1013.4540532346913
19 10 1015.4226524758817
19 11 1015.9808441760325
19 12 1017.9404302005952
19 13 1018.3268093339374
19 14 1020.2546753045727
19 15 1020.4941026546934
19 16 1022.3685524909365
19 17 1022.4871973938017
19 18 1024.2883390506101
19 19 1024.3122865165772
19 20 1026.0227267895093
19 21 1025.9767780248669
19 22 1027.582168406075
19 23 1027.4888858103986
19 24 1028.9782847372271
19 25 1028.8573080000306
19 26 1030.2233437561763
19 27 1030.0909806394095
19 28 1031.3298177287149
19 29 1031.1988925824066
19 30 1032.3100206454019
19 31 1032.1899473924113
19 32 1033.1758242431522
19 33 1033.0728594335883
19 34 1033.938447724028
19 35 1033.8560735889241
19 36 1034.6083137700177
19 37 1034.5477006765725
19 38 1035.1949616996103
19 39 1035.1554632251953
19 40 1035.7070076267853
19 41 1035.686648511248
19 42 1036.1521412250488
19 43 1036.1480674822383
19 44 1036.5371490784944
19 45 1036.5460193312797
19 46 1036.8679554899743
19 47 1036.8862620830043
19 48 1037.1496728616369
19 49 1037.173989694182
19 50 1037.3866552088382
19 51 1037.4138159906856
19 52 1037.5825498706602
19 53 1037.6097653873717
19 54 1037.7403439100401
19 55 1037.7652698753684
19 56 1037.8624031556508
19 57 1037.8831717278754
19 58 1037.9505005629328
19 59 1037.965720228862
19 60 1038.0058519008876
19 61 1038.0147583956009
19 62 1038.0292338408869
19 63 1038.0292338408869
20 0 1000
20 1 1001.8912169297985
20 2 1003.9423192560079
20 3 1005.6169611855287
20 4 1007.7225077447821
20 5 1009.1481211099187
20 6 1011.2894485342945
20 7 1012.4729587756963
20 8 1014.6300687142526
20 9 1015.5841679163859
20 10 1017.7361419256926
20 11 1018.4796180403097
20 12 1020.6050381326357
20 13 1021.1610948517218
20 14 1023.2387801385146
20 15 1023.6334327454524
20 16 1025.6431838093297
20 17 1025.9037020236228
20 18 1027.8270486987019
20 19 1027.9805439941804
20 20 1029.8014115212479
20 21 1029.8736302279253
20 22 1031.578869548066
20 23 1031.5932385758472
20 24 1033.1729827584566
20 25 1033.1499310965703
20 26 1034.5977594178423
20 27 1034.5543164515568
20 28 1035.867226736586
20 29 1035.8168786792344
20 30 1036.9950852299753
20 31 1036.9478553226484
20 32 1037.9944426492032
20 33 1037.9571501672017
20 34 1038.8776209928401
20 35 1038.8542688087578
20 36 1039.6560282493867
20 37 1039.6482684300208
20 38 1040.3400852456787
20 39 1040.3477161222518
20 40 1040.9391973224469
20 41 1040.9606525792385
20 42 1041.4617605153062
20 43 1041.4945598658667
20 44 1041.9151924243329
20 45 1041.9563331914608
20 46 1042.3059789038189
20 47 1042.3522572524539
20 48 1042.639728964496
20 49 1042.6879878613493
20 50 1042.9212317131555
20 51 1042.9685393877687
20 52 1043.1545106276758
20 53 1043.1982781428735
20 54 1043.3428718551827
20 55 1043.3809213499801
20 56 1043.4889446950542
20 57 1043.5195413947627
20 58 1043.5947104247036
20 59 1043.6165610620662
20 60 1043.6615425641974
20 61 1043.6739842333066
20 62 1043.6903496031105
20 63 1043.6903496031105
21 0 1000
21 1 1002.1437738031631
21 2 1004.4412199497659
21 3 1006.3545462680992
21 4 1008.6848813837026
21 5 1010.3300128810158
21 6 1012.6758933951086
21 7 1014.0612157282493
21 8 1016.4038398827068
21 9 1017.5430520804942
21 10 1019.862871890401
21 11 1020.7759069569488
21 12 1023.0529700375091
21 13 1023.7641926761502
21 14 1025.9787955245627
21 15 1026.5153451623012
21 16 1028.6487164576461
21 17 1029.0389175109135
21 18 1031.073927554379
21 19 1031.3458619489634
21 20 1033.2676662985991
21 21 1033.4479632261446
21 22 1035.2445223686525
21 23 1035.3574078955101
21 24 1037.0198415919124
21 25 1037.0864679048532
21 26 1038.6092230676547
21 27 1038.6472759907313
21 28 1040.0281066464759
21 29 1040.0516711252542
21 30 1041.2914462157696
21 31 1041.3110944749662
21 32 1042.413462540085
21 33 1042.4365195081655
21 34 1043.4074678579054
21 35 1043.4384035190928
21 36 1044.2857531799427
21 37 1044.3266514710976
21 38 1045.0595283829502
21 39 1045.1105863411015
21 40 1045.7389048210973
21 41 1045.7989228399176
21 42 1046.3329103051738
21 43 1046.3997433740042
21 44 1046.84952689495
21 45 1046.9204763975893
21 46 1047.2957429320509
21 47 1047.3678779547834
21 48 1047.67761199804
21 49 1047.7480173561835
21 50 1048.0003128896453
21 51 1048.0662677228895
21 52 1048.2682061396933
21 53 1048.3273017101913
21 54 1048.4848839586286
21 55 1048.5350922049511
21 56 1048.6532119559995
21 57 1048.6929179173371
21 58 1048.7753583109875
21 59 1048.8033571365806
21 60 1048.8528382629966
21 61 1048.8685595277841
21 62 1048.8866798128215
21 63 1048.8866798128215
22 0 1000
22 1 1002.3749777917936
22 2 1004.8978305052552
22 3 1007.0292966386569
22 4 1009.5648452283906
22 5 1011.4101690889667
22 6 1013.942430613271
22 7 1015.5114900789544
22 8 1018.0228784381075
22 9 1019.3304059632235
22 10 1021.8027259325205
22 11 1022.8697933278586
22 12 1025.2845109843438
22 13 1026.1366137471064
22 14 1028.4754343641882
22 15 1029.1407884314913
22 16 1031.3862862806791
22 17 1031.8942115441866
22 18 1034.0305073213908
22 19 1034.4099900913163
22 20 1036.4233771386539
22 21 1036.7018602506148
22 22 1038.5813174940615
22 23 1038.7837565229975
22 24 1040.5213035025204
22 25 1040.669505640125
22 26 1042.2603759827762
22 27 1042.3726179720179
22 28 1043.8152479782411
22 29 1043.9061513668228
22 30 1045.2019980727612
22 31 1045.282625695753
22 32 1046.4358424461657
22 33 1046.513970409658
22 34 1047.5309768327211
22 35 1047.6114916633489
22 36 1048.5004788366898
22 37 1048.585849620003
22 38 1049.3562605785612
22 39 1049.4470400993657
22 40 1050.1090615066025
22 41 1050.204377585183
22 42 1050.768471467745
22 43 1050.8664786796294
22 44 1051.3429747861101
22 45 1051.4412464055099
22 46 1051.8400070907817
22 47 1051.9358564056438
22 48 1052.2660178735148
22 49 1052.3567462141125
22 50 1052.626533129855
22 51 1052.7096085346723
22 52 1052.9262138327356
22 53 1052.9993890109733
22 54 1053.1689072890852
22 55 1053.2302884238447
22 56 1053.3576899219597
22 57 1053.4057694465782
22 58 1053.4948966898335
22 59 1053.5285489600165
22 60 1053.5821694549272
22 61 1053.6009079358205
22 62 1053.6206439281411
22 63 1053.6206439281411
23 0 1000
23 1 1002.5845869259587
23 2 1005.3117021633282
23 3 1007.6406455563473
23 4 1010.3617639318827
23 5 1012.3879663172493
23 6 1015.0884735072656
23 7 1016.8232939916221
23 8 1019.4868111928847
23 9 1020.946008950711
23 10 1023.5556511883611
23 11 1024.7614030727225
23 12 1027.2999864002857
23 13 1028.2788674536432
23 14 1030.7294197198257
23 15 1031.5106598809341
23 16 1033.857004592639
23 17 1034.4708505157405
23 18 1036.6982583186195
23 19 1037.1745295124915
23 20 1039.2703317232842
23 21 1039.6372136430853
23 22 1041.591311895266
23 23 1041.8744204929569
23 24 1043.6796447564907
23 25 1043.9013760327782
23 26 1045.5536650329079
23 27 1045.7328239416793
23 28 1047.2312229583754
23 29 1047.382908659549
23 30 1048.7293978702114
23 31 1048.8651085771758
23 32 1050.0642891418836
23 33 1050.1922006082179
23 34 1051.250874819998
23 35 1051.3762421961339
23 36 1052.3029281100437
23 37 1052.4285612330068
23 38 1053.2329816902279
23 39 1053.3597481420904
23 40 1054.0523298813175
23 41 1054.1796473484474
23 42 1054.7710590556746
23 43 1054.897347486185
23 44 1055.3980973566847
23 45 1055.5211710123122
23 46 1055.9412757873106
23 47 1056.0586645296369
23 48 1056.4073939369796
23 49 1056.5165912180353
23 50 1056.8022849490624
23 51 1056.9009265015509
23 52 1057.1308756838682
23 53 1057.2168575961878
23 54 1057.3972392893215
23 55 1057.4687870027499
23 56 1057.604638889014
23 57 1057.6603402672838
23 58 1057.7555571748157
23 59 1057.7943569209497
23 60 1057.8517483063547
23 61 1057.8732353151865
23 62 1057.8944443087648
23 63 1057.8944443087648
24 0 1000
24 1 1002.7723921969609
24 2 1005.6824494986579
24 3 1008.1880866253716
24 4 1011.075093502847
24 5 1013.2628556440341
24 6 1016.1135316895422
24 7 1017.9962146384838
24 8 1020.7953453498553
24 9 1022.3897036663379
24 10 1025.1216434957162
24 11 1026.4509037760399
24 12 1029.099728327961
24 13 1030.1914760914565
24 14 1032.7414337897453
24 15 1033.6258363456602
24 16 1036.0618932297505
24 17 1036.7700446225213
24 18 1039.0785149720934
24 19 1039.6409891448609
24 20 1041.8101399915495
24 21 1042.255789051407
24 22 1044.2763489774306
24 23 1044.6313773518641
24 24 1046.4968989467025
24 25 1046.784224207744
24 26 1048.4912721008036
24 27 1048.7301649830013
24 28 1050.2783229442002
24 29 1050.484302465861
24 30 1051.8760117092309
24 31 1052.060958115932
24 32 1053.3012133139525
24 33 1053.473652757511
24 34 1054.5695916349127
24 35 1054.7351024438053
24 36 1055.6955290776075
24 37 1055.8572199528146
24 38 1056.6921015254877
24 39 1056.8511163296057
24 40 1057.5710889434874
24 41 1057.7270999495727
24 42 1058.3430123331939
24 43 1058.4946727294875
24 44 1059.0171884379843
24 45 1059.1625244274505
24 46 1059.6017945655062
24 47 1059.7385265795226
24 48 1060.1039370698738
24 49 1060.2297276843956
24 50 1060.5297183266216
24 51 1060.642350941177
24 52 1060.8842983432867
24 53 1060.9817953308361
24 54 1061.1719483634047
24 55 1061.252640221564
24 56 1061.3960953236453
24 57 1061.4586539928969
24 58 1061.5593515611015
24 59 1061.6027836863943
24 60 1061.6635698980822
24 61 1061.6875315475975
24 62 1061.7100676476491
24 63 1061.7100676476491
25 0 1000
25 1 1002.9382042157478
25 2 1006.0097228897978
25 3 1008.6711835490836
25 4 1011.7043528774896
25 5 1014.0343748750132
25 6 1017.0171840024841
25 7 1019.0299176042342
25 8 1021.9482491583689
25 9 1023.6613848160255
25 10 1026.5007405750077
25 11 1027.9384767791141
25 12 1030.6840836723063
25 13 1031.874930796236
25 14 1034.5121415801273
25 15 1035.4871165360107
25 16 1038.0019222254057
25 17 1038.7928804641997
25 18 1041.1725248345119
25 19 1041.8107128627928
25 20 1044.0442911766097
25 21 1044.5591511955911
25 22 1046.6381201455977
25 23 1047.0563742197871
25 24 1048.9749198320826
25 25 1049.3199418897505
25 26 1051.0751754381968
25 27 1051.3666420314098
25 28 1052.9586161751483
25 29 1053.2124109868939
25 30 1054.6439674158055
25 31 1054.8723018149901
25 32 1056.1487763632513
25 33 1056.3604798523509
25 34 1057.4893006076663
25 35 1057.6902311724718
25 36 1058.6804495049178
25 37 1058.8739744749539
25 38 1059.7357686225582
25 39 1059.9232710310537
25 40 1060.6674578050126
25 41 1060.8488304307086
25 42 1061.4864138725586
25 43 1061.6605120379268
25 44 1062.2022896682809
25 45 1062.3673233573113
25 46 1062.8235621097181
25 47 1062.9774170895112
25 48 1063.3576030384329
25 49 1063.4980886813273
25 50 1063.8107479091675
25 51 1063.9357758355141
25 52 1064.1883586292431
25 53 1064.2960609002052
25 54 1064.4948780346722
25 55 1064.5836764199898
25 56 1064.7338749952389
25 57 1064.8025144956869
25 58 1064.9080741914356
25 59 1064.9556152495263
25 60 1065.0194140378649
25 61 1065.0455717328307
25 62 1065.0692864030955
25 63 1065.0692864030955
26 0 1000
26 1 1003.0818641779824
26 2 1006.2932311330311
26 3 1009.0895577541633
26 4 1012.2491417724099
26 5 1014.7021292040265
26 6 1017.7990883317827
26 7 1019.9241305574067
26 8 1022.9453486287713
26 9 1024.7609919082711
26 10 1027.6930031162628
26 11 1029.2243224095134
26 12 1032.0533796954371
26 13 1033.3297104331543
26 14 1036.0421428382749
26 15 1037.0952528484474
26 16 1039.6779515032326
26 17 1040.5403636828155
26 18 1042.9813839625338
26 19 1043.6849300665756
26 20 1045.974086811015
26 21 1046.5487192295031
26 22 1048.6780989676033
26 23 1049.1509848888415
26 24 1051.1153195015236
26 25 1051.5102236051932
26 26 1053.3070938646133
26 27 1053.6440391119738
26 28 1055.2738992286913
26 29 1055.5690799843296
26 30 1057.0351137485816
26 31 1057.3010232250781
26 32 1058.6088572674412
26 33 1058.854583129546
26 34 1060.0118925689878
26 35 1060.2435308837714
26 36 1061.2595771414462
26 37 1061.4807155558865
26 38 1062.3658559004259
26 39 1062.5780813391705
26 40 1063.3432857048767
26 41 1063.546679061692
26 42 1064.203082986068
26 43 1064.3966721357551
26 44 1064.9551864970454
26 45 1065.1373383914279
26 46 1065.6083281017768
26 47 1065.7770697796859
26 48 1066.1701056208794
26 49 1066.3233719235336
26 50 1066.6470529590583
26 51 1066.7828651223131
26 52 1067.0447039709254
26 53 1067.1612878413057
26 54 1067.3676476625415
26 55 1067.4635030561415
26 56 1067.6195738355491
26 57 1067.6935082311363
26 58 1067.8033029000042
26 59 1067.8544227165364
26 60 1067.9208462888819
26 61 1067.9489175955521
26 62 1067.973659956858
26 63 1067.973659956858
27 0 1000
27 1 1003.2032334802977
27 2 1006.5327194665668
27 3 1009.4428949277775
27 4 1012.70911930258
27 5 1015.2657981652023
27 6 1018.4589628119554
27 7 1020.6786417464606
27 8 1023.786516260516
27 9 1025.6884952047262
27 10 1028.6985144655748
27 11 1030.3086322573879
27 12 1033.2079361437004
27 13 1034.5562412925003
27 14 1037.3319963346505
27 15 1038.4509010605893
27 16 1041.0907656766549
27 17 1042.0133620271979
27 18 1044.5060797435428
27 19 1045.2646956805245
27 20 1047.6006887191977
27 21 1048.2257069772456
27 22 1050.3975915009501
27 23 1050.9165530439468
27 24 1052.9195185237568
27 25 1053.3565149221836
27 26 1055.1885347217362
27 27 1055.5638778912817
27 28 1057.2257413222312
27 29 1057.5558842523646
27 30 1059.0510601402921
27 31 1059.3487303747524
27 32 1060.683087335698
27 33 1060.9575870638832
27 34 1062.1390055770148
27 35 1062.3966286969828
27 36 1063.4345446581121
27 37 1063.6790619427113
27 38 1064.5839812257309
27 39 1064.8171491560045
27 40 1065.6001687202863
27 41 1065.8222247161857
27 42 1066.4945891274972
27 43 1066.7047047230328
27 44 1067.2774188084179
27 45 1067.4740917089064
27 46 1067.9576015558396
27 47 1068.138976533196
27 48 1068.5429230863417
27 49 1068.7070395854601
27 50 1069.040082349374
27 51 1069.1850530212876
27 52 1069.4547562333339
27 53 1069.5788851571679
27 54 1069.7916553589439
27 55 1069.8935074668209
27 56 1070.0545701636152
27 57 1070.1330050697836
27 58 1070.2464007250308
27 59 1070.3005631902183
27 60 1070.3692193173235
27 61 1070.3989184451077
27 62 1070.4245357167774
27 63 1070.4245357167774
28 0 1000
28 1 1003.302201739363
28 2 1006.7279865749484
28 3 1009.7309360965373
28 4 1013.0840160737897
28 5 1015.7251224650785
28 6 1018.9965905251166
28 7 1021.2932902740738
28 8 1024.4716647713217
28 9 1026.4438938357948
28 10 1029.51736190631
28 11 1031.1915973977293
28 12 1034.1480346089061
28 13 1035.5549158532087
28 14 1038.3821793057464
28 15 1039.5546486484625
28 16 1042.2410264469015
28 17 1043.212641286548
28 18 1045.7474394396106
28 19 1046.5509312794477
28 20 1048.9250667710751
28 21 1049.5911667405273
28 22 1051.7976858841184
28 23 1052.3542364487294
28 24 1054.3886993955334
28 25 1054.8600551114212
28 26 1056.7207525323149
28 27 1057.1274573973064
28 28 1058.8154489039455
28 29 1059.1741634760851
28 30 1060.6931474002793
28 31 1061.0167872935688
28 32 1062.3728267826118
28 33 1062.6708664477312
28 34 1063.8720068309074
28 35 1064.1508991481569
28 36 1065.2067161970249
28 37 1065.4703792350438
28 38 1066.3914978235052
28 39 1066.641824561668
28 40 1067.4394432684203
28 41 1067.676797229961
28 42 1068.3622477730491
28 43 1068.5859163000073
28 44 1069.1702785595369
28 45 1069.3788648110169
28 46 1069.8726496968909
28 47 1070.06439342966
28 48 1070.4772979029435
28 49 1070.6503229734558
28 50 1070.9910547911356
28 51 1071.1435476297779
28 52 1071.4197122419766
28 53 1071.5500400727906
28 54 1071.7680786642482
28 55 1071.8748589793865
28 56 1072.0400254286003
28 57 1072.1221599263188
28 58 1072.2385166838785
28 59 1072.2951810489596
28 60 1072.3656737041692
28 61 1072.3967122111349
28 62 1072.4230499992327
28 63 1072.4230499992327
29 0 1000
29 1 1003.3786794168301
29 2 1006.8788686282198
29 3 1009.9534815890797
29 4 1013.3736194438046
29 5 1016.079907298208
29 6 1019.4118075291126
29 7 1021.76796243162
29 8 1025.0007413804703
29 9 1027.0272024831493
29 10 1030.1496394484275
29 11 1031.8733849740811
29 12 1034.8739305772303
29 13 1036.3260604245056
29 14 1039.1931082241802
29 15 1040.4069756524068
29 16 1043.1293006213839
29 17 1044.1388220183758
29 18 1046.7061634436559
29 19 1047.5443803479695
29 20 1049.9480351909756
29 21 1050.6459454722963
29 22 1052.8792896256143
29 23 1053.4649659363843
29 24 1055.523843044185
29 25 1056.0218402944772
29 26 1057.9047833582113
29 27 1058.3358221071485
29 28 1060.0440969427837
29 29 1060.4249955472467
29 30 1061.9624754171978
29 31 1062.3062924497435
29 32 1063.6791886638225
29 33 1063.9955295604664
29 34 1065.2120129186724
29 35 1065.5074515237866
29 36 1066.5772041884088
29 37 1066.8557707300006
29 38 1067.7895080250728
29 39 1068.0531995045762
29 40 1068.8621971935549
29 41 1069.1114733086015
29 42 1069.8071292593168
29 43 1070.0413657350784
29 44 1070.6348167560868
29 45 1070.8526972791835
29 46 1071.3545034199535
29 47 1071.5543403143006
29 48 1071.97424097971
29 49 1072.1542226146314
29 50 1072.5009621100598
29 51 1072.6593313185188
29 52 1072.9405463037992
29 53 1073.0757185924133
29 54 1073.2978764847762
29 55 1073.4085095408204
29 56 1073.5768857056175
29 57 1073.6619134155142
29 58 1073.7805869438196
29 59 1073.8392086200665
29 60 1073.9111388868826
29 61 1073.9432261530503
29 62 1073.9701288203544
29 63 1073.9701288203544
30 0 1000
30 1 1003.4326030047481
30 2 1006.9852505581003
30 3 1010.1103853208878
30 4 1013.5777807593701
30 5 1016.3300143629473
30 6 1019.7045044071562
30 7 1022.1025866586346
30 8 1025.3737214296723
30 9 1027.4384521268967
30 10 1030.5954327763391
30 11 1032.3541460542951
30 12 1035.3858303325815
30 13 1036.869950166129
30 14 1039.7651092481524
30 15 1041.0082759739626
30 16 1043.7560262238687
30 17 1044.7924056411423
30 18 1047.3827893017578
30 19 1048.2456374241656
30 20 1050.67021658303
30 21 1051.3907152331853
30 22 1053.6430953680531
30 23 1054.2494756401811
30 24 1056.3256976125926
30 25 1056.8426522220466
30 26 1058.7414174168016
30 27 1059.189788402203
30 28 1060.9125057547897
30 29 1061.3092201704767
30 30 1062.8598842165763
30 31 1063.2180992807125
30 32 1064.6030239194779
30 33 1064.9324356320406
30 34 1066.1598784253536
30 35 1066.467144433052
30 36 1067.5468610074875
30 37 1067.8360893825757
30 38 1068.7788574282179
30 39 1069.0521174806138
30 40 1069.86926590385
30 41 1070.1270842676818
30 42 1070.8300564203576
30 43 1071.0718703928017
30 44 1071.6718421811004
30 45 1071.8963915863271
30 46 1072.4039567762907
30 47 1072.6096045495826
30 48 1073.0345316487501
30 49 1073.2195111660922
30 50 1073.5705695299769
30 51 1073.7331629788712
30 52 1074.0180106549856
30 53 1074.1566672329768
30 54 1074.3817896163971
30 55 1074.4951950588481
30 56 1074.6658822455358
30 57 1074.7529929006516
30 58 1074.8733353792729
30 59 1074.9333670174306
30 60 1075.0063337291815
30 61 1075.0391775531866
30 62 1075.0664885013371
30 63 1075.0664885013371
31 0 1000
31 1 1003.4639306458482
31 2 1007.0470563943688
31 3 1010.2015567443165
31 4 1013.6964068301049
31 5 1016.4753629123826
31 6 1019.8746198660261
31 7 1022.2971299209031
31 8 1025.5906061713902
31 9 1027.6776802858067
31 10 1030.8548224732463
31 11 1032.633999647722
31 12 1035.6838999194051
31 13 1037.1867877615837
31 14 1040.0984324396059
31 15 1041.358832161319
31 16 1044.1215309414852
31 17 1045.1737470247278
31 18 1047.777713075071
31 19 1048.6551201553752
31 20 1051.0920648321624
31 21 1051.8259461537314
31 22 1054.0896040617358
31 23 1054.7082779776169
31 24 1056.7948008576011
31 25 1057.3230360328946
31 26 1059.2312199267888
31 27 1059.6899255072008
31 28 1061.4212597941032
31 29 1061.8274230894547
31 30 1063.385970442414
31 31 1063.7528035821863
31 32 1065.1449354931642
31 33 1065.4821851104934
31 34 1066.7162077842654
31 35 1067.0305785751805
31 36 1068.1162887498631
31 37 1068.4119326552052
31 38 1069.3601428412621
31 39 1069.6391700501674
31 40 1070.4612387469472
31 41 1070.7242138341264
31 42 1071.431609651652
31 43 1071.6780048850428
31 44 1072.2819253830628
31 45 1072.5105125195121
31 46 1073.0215700927054
31 47 1073.2307408880292
31 48 1073.6587200918652
31 49 1073.8467335698335
31 50 1074.200417553292
31 51 1074.3655783386305
31 52 1074.6526369156081
31 53 1074.7934134192853
31 54 1075.0203418716696
31 55 1075.1354358271601
31 56 1075.3075323550045
31 57 1075.3959129250991
31 58 1075.5172742707609
31 59 1075.5781665757779
31 60 1075.6517670934061
31 61 1075.6850741657577
31 62 1075.7126361590545
31 63 1075.7126361590545
32 0 1000
32 1 1003.4726446035982
32 2 1007.064254781892
32 3 1010.2269581125412
32 4 1013.7294630326406
32 5 1016.515926166662
32 6 1019.9221406133
32 7 1022.351595907879
32 8 1025.6514183752743
32 9 1027.7449323795661
32 10 1030.9278750998947
32 11 1032.7130378091983
32 12 1035.7682521350828
32 13 1037.2767121905677
32 14 1040.1932355819606
32 15 1041.4588273072959
32 16 1044.2260139163586
32 17 1045.2830686910277
32 18 1047.8911702906103
32 19 1048.7730848708468
32 20 1051.2138462872103
32 21 1051.9519224781352
32 22 1054.2191072482781
32 23 1054.8416793880617
32 24 1056.9314641551823
32 25 1057.463315083274
32 26 1059.3745172073204
32 27 1059.8365689997563
32 28 1061.5706959966619
32 29 1061.9799480441091
32 30 1063.5410779173731
32 31 1063.910753831718
32 32 1065.3052709509554
32 33 1065.6451283861816
32 34 1066.8813497153565
32 35 1067.198103977757
32 36 1068.285835209072
32 37 1068.5836484300542
32 38 1069.5337095116197
32 39 1069.8147016043979
32 40 1070.6384572164877
32 41 1070.9032019473239
32 42 1071.6121258513033
32 43 1071.8601040760411
32 44 1072.4653981457473
32 45 1072.6953895393426
32 46 1073.2076698033122
32 47 1073.4180733149467
32 48 1073.8471274052993
32 49 1074.0362084866351
32 50 1074.3908221636796
32 51 1074.5568910757841
32 52 1074.8447363642706
32 53 1074.9862663499746
32 54 1075.213840384361
32 55 1075.3295372025732
32 56 1075.5021397079017
32 57 1075.5909757489896
32 58 1075.7127046152871
32 59 1075.7739072866405
32 60 1075.8477381532962
32 61 1075.881214584449
32 62 1075.9088700332427
32 63 1075.9088700332427
33 0 1000
33 1 1003.4587498435312
33 2 1007.0368557553147
33 3 1010.1866048058949
33 4 1013.6769706665422
33 5 1016.4517310183595
33 6 1019.8470996674547
33 7 1022.2660228926314
33 8 1025.5562022718825
33 9 1027.6402573301577
33 10 1030.814645143668
33 11 1032.5913190450185
33 12 1035.6389505213353
33 13 1037.1397903237053
33 14 1040.0495899827729
33 15 1041.3083353972265
33 16 1044.0695529522693
33 17 1045.1204505394035
33 18 1047.7232440609555
33 19 1048.5996162771999
33 20 1051.0356482976608
33 21 1051.7687327289877
33 22 1054.0316955707167
33 23 1054.6497713406263
33 24 1056.7357806272466
33 25 1057.2635830383456
33 26 1059.1714041659427
33 27 1059.6298141017596
33 28 1061.3609104730053
33 29 1061.7668912748545
33 30 1063.3253034709271
33 31 1063.6920468406156
33 32 1065.0841274440302
33 33 1065.4213624741494
33 34 1066.6554013703703
33 35 1066.9698175636665
33 36 1068.0555972829147
33 37 1068.3513333050239
33 38 1069.2996538871212
33 39 1069.5788082392778
33 40 1070.4010171658006
33 41 1070.6641440739181
33 42 1071.3717001790928
33 43 1071.6182627196674
33 44 1072.2223548765858
33 45 1072.4511166424059
33 46 1072.9623495399733
33 47 1073.1716950594894
33 48 1073.5998464534632
33 49 1073.7880283981892
33 50 1074.1418754936126
33 51 1074.3071929706662
33 52 1074.5944004606752
33 53 1074.7353171724476
33 54 1074.9623760206086
33 55 1075.0775897866233
33 56 1075.2497946725075
33 57 1075.338271530077
33 58 1075.4597163920914
33 59 1075.5206789778806
33 60 1075.59433661704
33 61 1075.6276884252752
33 62 1075.6552796823623
33 63 1075.6552796823623
34 0 1000
34 1 1003.4222738683993
34 2 1006.9649105091826
34 3 1010.0805654340103
34 4 1013.5390063427318
34 5 1016.2828583911291
34 6 1019.6495753746677
34 7 1022.0404843711848
34 8 1025.3050222666986
34 9 1027.3637084577504
34 10 1030.5151735222173
34 11 1032.268869411969
34 12 1035.2960077575001
34 13 1036.7760181566653
34 14 1039.6674788508294
34 15 1040.9073226075029
34 16 1043.6521029550643
34 17 1044.6858311453202
34 18 1047.2738636482375
34 19 1048.1346287045885
34 20 1050.5573779410906
34 21 1051.2762708626215
34 22 1053.5272576852942
34 23 1054.1324313746272
34 24 1056.2076242426097
34 25 1056.7237047863739
34 26 1058.6217435812596
34 27 1059.0695164661354
34 28 1060.7917579566295
34 29 1061.1881021881693
34 30 1062.7384965323849
34 31 1063.0965283093576
34 32 1064.4813514232221
34 33 1064.8107314728902
34 34 1066.0382081458524
34 35 1066.3455635274313
34 36 1067.4254208634502
34 37 1067.7148329013837
34 38 1068.6578235640322
34 39 1068.9313380069475
34 40 1069.748768797923
34 41 1070.0068914136893
34 42 1070.7101860754833
34 43 1070.952335628881
34 44 1071.5526526444633
34 45 1071.7775525017066
34 46 1072.2854701812134
34 47 1072.4914687120265
34 48 1072.9167419234532
34 49 1073.1020597061681
34 50 1073.4534458807393
34 51 1073.6163539905515
34 52 1073.9015009015163
34 53 1074.0404390560973
34 54 1074.2658234330938
34 55 1074.3794694899907
34 56 1074.5503743635534
34 57 1074.6376783815667
34 58 1074.7581886127994
34 59 1074.8183613668293
34 60 1074.891442776207
34 61 1074.9243763767042
34 62 1074.9517460323173
34 63 1074.9517460323173
35 0 1000
35 1 1003.3632682352311
35 2 1006.848514638127
35 3 1009.9089606931158
35 4 1013.3157050749693
35 5 1016.0094419499719
35 6 1019.3296940954334
35 7 1021.6750889344054
35 8 1024.8979645356928
35 9 1026.915345090644
35 10 1030.0294876380854
35 11 1031.7456859975059
35 12 1034.739384014654
35 13 1036.1853259726674
35 14 1039.0467940408203
35 15 1040.2556537612761
35 16 1042.97349133898
35 17 1043.9790150257124
35 18 1046.5427989051973
35 19 1047.3778736902257
35 20 1049.7787559033552
35 21 1050.4742437327809
35 22 1052.7054739615107
35 23 1053.2893300954813
35 24 1055.3466436578274
35 25 1055.8433227238268
35 26 1057.7251603274253
35 27 1058.1552976111384
35 28 1059.8628465734917
35 29 1060.2431878899984
35 30 1061.7802545322645
35 31 1062.1237964808658
35 32 1063.496534697777
35 33 1063.8128294082342
35 34 1065.0293603791042
35 35 1065.3249354708064
35 36 1066.3948981196154
35 37 1066.6737434059119
35 38 1067.6078150888206
35 39 1067.8718919802641
35 40 1068.6813149125023
35 41 1068.9310515945574
35 42 1069.6271938806019
35 43 1069.8619380961275
35 44 1070.4559101033926
35 45 1070.6743206917918
35 46 1071.1766590212899
35 47 1071.377026317316
35 48 1071.797449689094
35 49 1071.9779427416984
35 50 1072.3251773850284
35 51 1072.4840222503549
35 52 1072.7656892564876
35 53 1072.9012871279051
35 54 1073.123840788086
35 55 1073.2348374574947
35 56 1073.4035424377055
35 57 1073.4888622937249
35 58 1073.6077891669186
35 59 1073.6666239800543
35 60 1073.7387273861914
35 61 1073.7709501146569
35 62 1073.7979412795703
35 63 1073.7979412795703
36 0 1000
36 1 1003.2818057738655
36 2 1006.6878021897929
36 3 1009.6719662860487
36 4 1013.0072559979737
36 5 1015.6316723654558
36 6 1018.8876284159062
36 7 1021.169983298255
36 8 1024.3351389010227
36 9 1026.295232942854
36 10 1029.3576073517311
36 11 1031.0217339688572
36 12 1033.9689967788847
36 13 1035.3675720059139
36 14 1038.187349000814
36 15 1039.3530830108587
36 16 1042.0334331088752
36 17 1042.9996610352543
36 18 1045.5296764296975
36 19 1046.3289269126174
36 20 1048.6993327155237
36 21 1049.3621573843877
36 22 1051.5658319792324
36 23 1052.1199175537067
36 24 1054.1522763671933
36 25 1054.6218437954426
36 26 1056.4810537931814
36 27 1056.886533027553
36 28 1058.5735483502569
36 29 1058.9315026024194
36 30 1060.4499314877269
36 31 1060.7731929679562
36 32 1062.1290212104407
36 33 1062.4269924629882
36 34 1063.6281985067421
36 35 1063.9072699489418
36 36 1064.9633712763209
36 37 1065.2274063009006
36 38 1066.1489766075604
36 39 1066.3998200116537
36 40 1067.1980126657922
36 41 1067.4359853013868
36 42 1068.1220919212781
36 43 1068.3464432415933
36 44 1068.9315080914632
36 45 1069.1408076214261
36 46 1069.6353100316994
36 47 1069.827767775068
36 48 1070.2413768523109
36 49 1070.4150905360027
36 50 1070.7564896970473
36 51 1070.9096230727509
36 52 1071.1863968043992
36 53 1071.3172977562722
36 54 1071.5358695687155
36 55 1071.643139522118
36 56 1071.8087488859564
36 57 1071.8912767144193
36 58 1072.0079746117026
36 59 1072.0649258246635
36 60 1072.1356514514098
36 61 1072.1668720357586
36 62 1072.1933286616968
36 63 1072.1933286616968
37 0 1000
37 1 1003.1779850347791
37 2 1006.4829552950856
37 3 1009.3698102088956
37 4 1012.6139112632035
37 5 1015.1497947699963
37 6 1018.3236044436507
37 7 1020.5253537615014
37 8 1023.6166824704726
37 9 1025.5034511804354
37 10 1028.4995436569268
37 11 1030.0969595130603
37 12 1032.9847141507275
37 13 1034.3225605635585
37 14 1037.0888670473723
37 15 1038.1992758579493
37 16 1040.8315150049516
37 17 1041.7473067351741
37 18 1044.2339607742992
37 19 1044.9872133553549
37 20 1047.3184683084003
37 21 1047.9393416402115
37 22 1050.1076056255527
37 23 1050.6234461731249
37 24 1052.6237283469507
37 25 1053.058460016148
37 26 1054.8885788313455
37 27 1055.2623698718182
37 28 1056.9229819703583
37 29 1057.2521623884425
37 30 1058.7466228324156
37 31 1059.0438145927292
37 32 1060.3778940156108
37 33 1060.6523081704017
37 34 1061.8338021220136
37 35 1062.0916533520319
37 36 1063.1299235862186
37 37 1063.3749133103404
37 38 1064.2804005338051
37 39 1064.5142241221745
37 40 1065.2979676956693
37 41 1065.52080846034
37 42 1066.1940018571784
37 43 1066.4049833024433
37 44 1066.9785859799165
37 45 1067.1761631865409
37 46 1067.6605810206804
37 47 1067.8428610633264
37 48 1068.2476995487839
37 49 1068.412688771873
37 50 1068.7465764528199
37 51 1068.892358781904
37 52 1069.1628332447037
37 53 1069.2876882643272
37 54 1069.5011335912948
37 55 1069.6036058850998
37 56 1069.7652292797318
37 57 1069.8441622192618
37 58 1069.957989586592
37 59 1070.0125150529793
37 60 1070.0814657576091
37 61 1070.1113949062376
37 62 1070.1371620662446
37 63 1070.1371620662446
38 0 1000
38 1 1003.0519248458352
38 2 1006.2341925488223
38 3 1009.0027785904733
38 4 1012.1359777581768
38 5 1014.5641172980305
38 6 1017.6378985102182
38 7 1019.7414323217423
38 8 1022.7427636613935
38 9 1024.5400932576495
38 10 1027.4553109205015
38 11 1028.9712839968865
38 12 1031.7863748487919
38 13 1033.0500293401019
38 14 1035.7510077195773
38 15 1036.7937903816921
38 16 1039.3672262514008
38 17 1040.2213448902978
38 18 1042.6549874669845
38 19 1043.3519807080233
38 20 1045.6353653079223
38 21 1046.204922056922
38 22 1048.3298869872212
38 23 1048.798942739508
38 24 1050.7600032883342
38 25 1051.1521216819999
38 26 1052.9466715211408
38 27 1053.2817022548952
38 28 1054.9100346663868
38 29 1055.2040230464502
38 30 1056.6691833834554
38 31 1056.9344941271602
38 32 1058.2419895246769
38 33 1058.4875990137991
38 34 1059.6450008753886
38 35 1059.8769082137344
38 36 1060.8933873583501
38 37 1061.1150951640391
38 38 1062.0009292109742
38 39 1062.2139494159439
38 40 1062.9800379096562
38 41 1063.184384984344
38 42 1063.8418010416494
38 43 1064.036443902527
38 44 1064.5960429918655
38 45 1064.7792962856247
38 46 1065.2513942259277
38 47 1065.4212387566547
38 48 1065.8153630625675
38 49 1065.9696930988828
38 50 1066.2944050555782
38 51 1066.4312066447289
38 52 1066.6939863570155
38 53 1066.8114553567361
38 54 1067.0186385875948
38 55 1067.1152499132891
38 56 1067.2720043239749
38 57 1067.3465455852813
38 58 1067.4568663559351
38 59 1067.5084282352609
38 60 1067.5752104003486
38 61 1067.6035612714502
38 62 1067.628485524054
38 63 1067.628485524054
39 0 1000
39 1 1002.9037716973382
39 2 1005.9417848450961
39 3 1008.5712110699332
39 4 1011.5738320642199
39 5 1013.8750064580432
39 6 1016.8308498350679
39 7 1018.8184983841815
39 8 1021.7135891231195
39 9 1023.405277734404
39 10 1026.2249257822621
39 11 1027.6446244890399
39 12 1030.3737782504213
39 13 1031.5496786563922
39 14 1034.1733483850112
39 15 1035.1361131939152
39 16 1037.6399330762167
39 17 1038.4210636491839
39 18 1040.7919323361989
39 19 1041.4223412189947
39 20 1043.6490352475878
39 21 1044.1578611511122
39 22 1046.2315514426052
39 23 1046.6452471470031
39 24 1048.5598682795451
39 25 1048.9015723169582
39 26 1050.6540167653134
39 27 1050.9432016029505
39 28 1052.5333326430223
39 29 1052.7857055734999
39 30 1054.2162011123596
39 31 1054.4438209303376
39 32 1055.7198748188619
39 33 1055.9314385864382
39 34 1057.0603552713476
39 35 1057.2616054176567
39 36 1058.2523280067858
39 37 1058.4465304614796
39 38 1059.3091418765828
39 39 1059.49759022889
39 40 1060.2428229810578
39 41 1060.425330800942
39 42 1061.0641141604808
39 43 1061.2394664885123
39 44 1061.7825316164817
39 45 1061.9488761118939
39 46 1062.4064311747684
39 47 1062.5615985359284
39 48 1062.9430778471135
39 49 1063.0848291395046
39 50 1063.398713616956
39 51 1063.5249185773268
39 52 1063.7786196625998
39 53 1063.8873746662582
39 54 1064.0871704220583
39 55 1064.1768676124907
39 56 1064.3278784949187
39 57 1064.3972392349622
39 58 1064.5034237562429
39 59 1064.5514897844214
39 60 1064.6157139505276
39 61 1064.6422028442275
39 62 1064.6661325185698
39 63 1064.6661325185698
40 0 1000
40 1 1002.7336915502339
40 2 1005.6060381670933
40 3 1008.0755097470037
40 4 1010.9279075365114
40 5 1013.0829006611388
40 6 1015.9028543471794
40 7 1017.7568893123822
40 8 1020.5294079243833
40 9 1022.0991514814443
40 10 1024.8084232945712
40 11 1026.1168873170534
40 12 1028.7467121021398
40 13 1029.8211548490278
40 14 1032.3554216808213
40 15 1033.2256335373552
40 16 1035.6489231657588
40 17 1036.3456131689443
40 18 1038.6438599250985
40 19 1039.1972331566662
40 20 1041.3583479874999
40 21 1041.7969171112049
40 22 1043.8113055342733
40 23 1044.1609705867832
40 24 1046.0218981578867
40 25 1046.3053081887451
40 26 1048.0090877847983
40 27 1048.2452788854148
40 28 1049.7912749866821
40 29 1049.99556201416
40 30 1051.3860252663121
40 31 1051.5701108949672
40 32 1052.8098701874544
40 33 1052.9821257580379
40 34 1054.0781741141186
40 35 1054.2440424416445
40 36 1055.2050570645415
40 37 1055.3675276749329
40 38 1056.2033639780755
40 39 1056.3634754716991
40 40 1057.0846706989532
40 41 1057.2420020765985
40 42 1057.8593172950928
40 43 1058.012438981058
40 44 1058.5364599799507
40 45 1058.6833248086484
40 46 1059.1241338583229
40 47 1059.2623974719106
40 48 1059.6293198965909
40 49 1059.7565880769669
40 50 1060.0580108238348
40 51 1060.1720177640407
40 52 1060.4152720001719
40 53 1060.513998176908
40 54 1060.7052945177454
40 55 1060.787035667187
40 56 1060.9314393979766
40 57 1060.9948397380256
40 58 1061.0962665201762
40 59 1061.1403107929684
40 60 1061.2015927410903
40 61 1061.22593957509
40 62 1061.2487252034493
40 63 1061.2487252034493
41 0 1000
41 1 1002.5418801486745
41 2 1005.2273153099225
41 3 1007.5161321339343
41 4 1010.1987156905391
41 5 1012.1883022200252
41 6 1014.8543838782316
41 7 1016.557000284636
41 8 1019.1905237011807
41 9 1020.6219015260422
41 10 1023.2058586042966
41 11 1024.3879931348174
41 12 1026.904942209296
41 13 1027.8640876057686
41 14 1030.2966934106316
41 15 1031.0616904620288
41 16 1033.3933732966811
41 17 1033.9940594108753
41 18 1036.2096832319792
41 19 1036.6754777899325
41 20 1038.7619863140553
41 21 1039.1207007612174
41 22 1041.0676391639843
41 23 1041.3445498205026
41 24 1043.1444277368016
41 25 1043.3616278992586
41 26 1045.0101003441446
41 27 1045.1861282447348
41 28 1046.6819913155748
41 29 1046.8317125138949
41 30 1048.1767283387614
41 31 1048.3114368622457
41 32 1049.5100158479056
41 33 1049.6377088081822
41 34 1050.6964860318858
41 35 1050.8222618484717
41 36 1051.7496082937439
41 37 1051.8761387933132
41 38 1052.6816474740544
41 39 1052.8096782772989
41 40 1053.5036609704737
41 41 1053.6325016960202
41 42 1054.225525103871
41 43 1054.3534998402051
41 44 1054.8559816961977
41 45 1054.9808197712077
41 46 1055.4026967818527
41 47 1055.521853098116
41 48 1055.8723245800215
41 49 1055.9832269176416
41 50 1056.2705711985559
41 51 1056.3707984207199
41 52 1056.6022539103733
41 53 1056.6896537052255
41 54 1056.8713531134304
41 55 1056.9441107774014
41 56 1057.0810556889639
41 57 1057.1377270763135
41 58 1057.2337836897827
41 59 1057.2732882457883
41 60 1057.3312496309668
41 61 1057.3531787901447
41 62 1057.3746734022011
41 63 1057.3746734022011
42 0 1000
42 1 1002.3285519927448
42 2 1004.8060132383528
42 3 1006.8936034363952
42 4 1009.3868278090604
42 5 1011.1917967880838
42 6 1013.6859752347137
42 7 1015.2193011048139
42 8 1017.6972962391947
42 9 1018.9737632834079
42 10 1021.4173236252899
42 11 1022.4578731276451
42 12 1024.8482442673351
42 13 1025.6780729498375
42 14 1027.996607640715
42 15 1028.6435432430219
42 16 1030.872404524476
42 17 1031.3653439765919
42 18 1033.4882252110574
42 19 1033.8557314123018
42 20 1035.8585099357194
42 21 1036.127622830069
42 22 1037.998888654379
42 23 1038.1941926412733
42 24 1039.9256111609097
42 25 1040.0685785961086
42 26 1041.6550664070749
42 27 1041.7636759738168
42 28 1043.2033885278317
42 29 1043.2919984824775
42 30 1044.5861454075452
42 31 1044.6655868232422
42 32 1045.8181039465976
42 33 1045.8959490281381
42 34 1046.9130646368644
42 35 1046.9940202655528
42 36 1047.8837567762748
42 37 1047.9701333824194
42 38 1048.7417847692075
42 39 1048.8339946710912
42 40 1049.4976155496581
42 41 1049.594661983386
42 42 1050.1605972523928
42 43 1050.2605242546108
42 44 1050.7389998126378
42 45 1050.8392827415614
42 46 1051.2400691188659
42 47 1051.3379348956028
42 48 1051.6700875653
42 49 1051.7627619110992
42 50 1052.0344352259908
42 51 1052.1193207587125
42 52 1052.3376472815435
42 53 1052.4124410773679
42 54 1052.5834646413498
42 55 1052.6462267722227
42 56 1052.7748763111099
42 57 1052.8240624640016
42 58 1052.914147769684
42 59 1052.9486033578075
42 60 1053.002873074947
42 61 1053.0221138948293
42 62 1053.042173552032
42 63 1053.042173552032
43 0 1000
43 1 1002.0939535112697
43 2 1004.3425902127768
43 3 1006.208506475166
43 4 1008.4929031102987
43 5 1010.0940404148397
43 6 1012.398257288111
43 7 1013.7443315573785
43 8 1016.0501612623042
43 9 1017.1550299112988
43 10 1019.4429547915009
43 11 1020.3264946055942
43 12 1022.5763970456635
43 13 1023.2627145760082
43 14 1025.4545649079248
43 15 1025.9704259979319
43 16 1028.0850467514999
43 17 1028.4583483572799
43 18 1030.4781722504863
43 19 1030.7365550918009
43 20 1032.6463010818716
43 21 1032.8159651646627
43 22 1034.6031778465167
43 23 1034.7079470189487
43 24 1036.3633616611207
43 25 1036.42402027249
43 26 1037.941735230163
43 27 1037.9756380447443
43 28 1039.3530953008499
43 29 1039.3740322584533
43 30 1040.6118234608307
43 31 1040.6301053576929
43 32 1041.7316335304224
43 33 1041.7543541566117
43 34 1042.7253894520586
43 35 1042.7568144600448
43 36 1043.6049857107123
43 37 1043.647018203262
43 38 1044.3812810193542
43 39 1044.4339577604787
43 40 1045.0640753176599
43 41 1045.1260545063562
43 42 1045.6621200522411
43 43 1045.7311305403771
43 44 1046.1831521728955
43 45 1046.2563836696127
43 46 1046.633943189403
43 47 1046.7083663456488
43 48 1047.0203558575179
43 49 1047.092969377213
43 50 1047.34740246161
43 51 1047.4154110287891
43 52 1047.6193001050374
43 53 1047.6802317048639
43 54 1047.8395197715536
43 55 1047.8912939220756
43 56 1048.0108275280409
43 57 1048.0517875085791
43 58 1048.135312499043
43 59 1048.164220619688
43 60 1048.214435429381
43 61 1048.2307232770731
43 62 1048.24920737669
43 63 1048.24920737669
44 0 1000
44 1 1001.8383491663996
44 2 1003.8375380035696
44 3 1005.4614974650799
44 4 1007.5176640159202
44 5 1008.8957858459911
44 6 1010.9919331734739
44 7 1012.1327265299544
44 8 1014.2496261272713
44 9 1015.1660687003288
44 10 1017.2829461402504
44 11 1017.9938638299791
44 12 1020.0892138190156
44 13 1020.6176108712823
44 14 1022.6699705122056
44 15 1023.0415189175278
44 16 1025.0303006537276
44 17 1025.2718511402156
44 18 1027.1781455185476
44 19 1027.3163607791309
44 20 1029.1236407507431
44 21 1029.1838192456944
44 22 1030.878494979353
44 23 1030.8836356102584
44 24 1032.4554254276388
44 25 1032.4255595597281
44 26 1033.867661441303
44 27 1033.8194559274091
44 28 1035.1285225078179
44 29 1035.0751370325593
44 30 1036.2510731608927
44 31 1036.2022390585691
44 32 1037.2478534218862
44 33 1037.2101300767781
44 34 1038.1306802527315
44 35 1038.1078395573741
44 36 1038.9105129900274
44 37 1038.9040018014582
44 38 1039.5973739638969
44 39 1039.6068082674906
44 40 1040.2003144952512
44 41 1040.223965956658
44 42 1040.7274161749476
44 43 1040.7626606955557
44 44 1041.1858176714572
44 45 1041.2295252548495
44 46 1041.5817581640574
44 47 1041.6306128035199
44 48 1041.920629706598
44 49 1041.971376314712
44 50 1042.207032237465
44 51 1042.2566543368584
44 52 1042.4448264224486
44 53 1042.4906631517924
44 54 1042.637180906735
44 55 1042.6769948699823
44 56 1042.7866121547545
44 57 1042.8186211809423
44 58 1042.8950119084154
44 59 1042.9178855374785
44 60 1042.9636918438025
44 61 1042.9767686016462
44 62 1042.9935405590018
44 63 1042.9935405590018
45 0 1000
45 1 1001.5620373140802
45 2 1003.2914137328037
45 3 1004.6532923247528
45 4 1006.4619312913716
45 5 1007.5978630067711
45 6 1009.4678166038917
45 7 1010.3852039639632
45 8 1012.2962998379443
45 9 1013.0073239218606
45 10 1014.9375668526037
45 11 1015.4600473838933
45 12 1017.3865435734249
45 13 1017.7423952476881
45 14 1019.6422179495625
45 15 1019.8560055381929
45 16 1021.70710403889
45 17 1021.8045985373425
45 18 1023.5866525772968
45 19 1023.5934905352492
45 20 1025.2886489509565
45 21 1025.2291693744185
45 22 1026.8226253998357
45 23 1026.7189385225724
45 24 1028.1993106099417
45 25 1028.0706284100154
45 26 1029.4301337680736
45 27 1029.2923684536063
45 28 1030.5267945014502
45 29 1030.3924101250236
45 30 1031.5009047946264
45 31 1031.3789903601671
45 32 1032.3637042295293
45 33 1032.2602251001597
45 34 1033.125845881013
45 35 1033.0440242763882
45 36 1033.7972470280147
45 37 1033.738021594058
45 38 1034.3869965646275
45 39 1034.3495146003531
45 40 1034.9033096148889
45 41 1034.8854124269551
45 42 1035.3535193109301
45 43 1035.3521900786002
45 44 1035.7440958764355
45 45 1035.7558491207099
45 46 1036.0806839177728
45 47 1036.1018851142435
45 48 1036.3681499943123
45 49 1036.395262233372
45 50 1036.6106339457108
45 51 1036.6403952943699
45 52 1036.8115989420303
45 53 1036.8411390418951
45 54 1036.9738766434095
45 55 1037.0007840877875
45 56 1037.0997054477089
45 57 1037.1220589871896
45 58 1037.1907572897471
45 59 1037.2071235800825
45 60 1037.2481780228161
45 61 1037.2577935028778
45 62 1037.2727210609839
45 63 1037.2727210609839
46 0 1000
46 1 1001.2653335206273
46 2 1002.7048074182608
46 3 1003.7846859793327
46 4 1005.3265922612698
46 5 1006.2012129319955
46 6 1007.8268051037104
46 7 1008.5026002644175
46 8 1010.1908793911836
46 9 1010.6793446420118
46 10 1012.4071661922798
46 11 1012.7251859896741
46 12 1014.4682968365672
46 13 1014.6367323060123
46 14 1016.3707350660009
46 15 1016.4130501718478
46 16 1018.114395524748
46 17 1018.0552641674057
46 18 1019.7021643200634
46 19 1019.5661613514004
46 20 1021.1393699301842
46 21 1020.949826197274
46 22 1022.4332400789865
46 23 1022.2113196080304
46 24 1023.5923745963754
46 25 1023.3564071377434
46 26 1024.6262573779609
46 27 1024.3913351409274
46 28 1025.5448238046395
46 29 1025.3226494672783
46 30 1026.3580936235874
46 31 1026.1570493000615
46 32 1027.0758736019993
46 33 1026.9012683860717
46 34 1027.7075294296862
46 35 1027.5619767165817
46 36 1028.2618224898665
46 37 1028.1456971870771
46 38 1028.7468042967607
46 39 1028.6587334508408
46 40 1029.1697596041652
46 41 1029.1071067555501
46 42 1029.5371883470509
46 43 1029.4965008008026
46 44 1029.8548165596576
46 45 1029.8322144800643
46 46 1030.1276270502829
46 47 1030.1191227691158
46 48 1030.359901716763
46 49 1030.3616460573999
46 50 1030.5552687690019
46 51 1030.5637279887405
46 52 1030.7167496164172
46 53 1030.7288214929106
46 54 1030.8468016218605
46 55 1030.8598822509528
46 56 1030.9473544962846
46 57 1030.9593688379125
46 58 1031.0198362644267
46 59 1031.0292371707985
46 60 1031.0652089933687
46 61 1031.0711214014179
46 62 1031.0840775246079
46 63 1031.0840775246079
47 0 1000
47 1 1000.948588787568
47 2 1002.0783776110829
47 3 1002.8565346162259
47 4 1004.1126427946359
47 5 1004.7068602369279
47 6 1006.0699265592838
47 7 1006.4858480252037
47 8 1007.9341924159535
47 9 1008.1827769153751
47 10 1009.6922045967366
47 11 1009.789506508654
47 12 1011.3344597730528
47 13 1011.3003514969458
47 14 1012.8549782669485
47 15 1012.7118521683268
47 16 1014.2510884340904
47 17 1014.022520678657
47 18 1015.5230701876744
47 19 1015.2325495162349
47 20 1016.6737118492255
47 21 1016.3435186014509
47 22 1017.7078237673102
47 23 1017.3581207356762
47 24 1018.6317449863906
47 25 1018.2799164843532
47 26 1019.4528718401925
47 27 1019.1131223596266
47 28 1020.1792297288245
47 29 1019.8624312272783
47 30 1020.8191021143476
47 31 1020.5328610154116
47 32 1021.3807242329755
47 33 1021.1296266781238
47 34 1021.8720434090254
47 35 1021.6580304924091
47 36 1022.3005433196306
47 37 1022.1233666531233
47 38 1022.673126172984
47 39 1022.5308373458674
47 40 1022.9960445196252
47 41 1022.885478684235
47 42 1023.2748732355034
47 43 1023.192095872924
47 44 1023.5145119556393
47 45 1023.4552075895117
47 46 1023.719208713942
47 47 1023.6789998461339
47 48 1023.892596552739
47 49 1023.8672895460468
47 50 1024.0377362001891
47 51 1024.0234976760858
47 52 1024.1571593910367
47 53 1024.1506316727377
47 54 1024.2529088605886
47 55 1024.2512760627021
47 56 1024.3265725847189
47 57 1024.3275903784763
47 58 1024.3793086975691
47 59 1024.3813046173864
47 60 1024.4118761765371
47 61 1024.4138540013691
47 62 1024.424717179734
47 63 1024.424717179734
48 0 1000
48 1 1000.6121703251489
48 2 1001.4128149706637
48 3 1001.8697783105058
48 4 1002.8211480883512
48 5 1003.1159550484772
48 6 1004.1983017305731
48 7 1004.3360232932403
48 8 1005.5271709060535
48 9 1005.5184060180752
48 10 1006.7932458659791
48 11 1006.6533511053282
48 12 1007.9851088606458
48 13 1007.7330578419806
48 14 1009.0944705488034
48 15 1008.7516355669084
48 16 1010.1161303469438
48 17 1009.7050082303252
48 18 1011.0477553993068
48 19 1010.5907398910925
48 20 1011.8895366264815
48 21 1011.4078272166129
48 22 1012.6437719224341
48 23 1012.156483791763
48 24 1013.3144182519263
48 25 1012.837932649297
48 26 1013.9066468376616
48 27 1013.4542157130186
48 28 1014.4264274251368
48 29 1014.0080233065878
48 30 1014.8801597240442
48 31 1014.5025433733949
48 32 1015.2743628733538
48 33 1014.9413282596862
48 34 1015.6154274589094
48 35 1015.3281764049019
48 36 1015.9094294241321
48 37 1015.6670266024162
48 38 1016.1620012577813
48 39 1015.9618632243667
48 40 1016.3782531255803
48 41 1016.2166316148796
48 42 1016.5627350574458
48 43 1016.4351635210327
48 44 1016.7194307619793
48 45 1016.6211128298817
48 46 1016.8517739193197
48 47 1016.7779019825148
48 48 1016.9626786829339
48 49 1016.9086792781872
48 50 1017.0545773808504
48 51 1017.0162869382704
48 52 1017.1294598490097
48 53 1017.1032393585427
48 54 1017.1889102794207
48 55 1017.1717105289218
48 56 1017.234138965719
48 57 1017.2235293837787
48 58 1017.2660059166794
48 59 1017.2601761231763
48 60 1017.2850460929421
48 61 1017.2828685145577
48 62 1017.2915239566166
48 63 1017.2915239566166
49 0 1000
49 1 1000.2564816351027
49 2 1000.7088805361296
49 3 1000.8254190358972
49 4 1001.4532909200772
49 5 1001.4297364607976
49 6 1002.2132014713998
49 7 1002.0543106917604
49 8 1002.9709083291081
49 9 1002.6871341287517
49 10 1003.7110051937943
49 11 1003.3171747438076
49 12 1004.4204426703017
49 13 1003.9347529400465
49 14 1005.0888123331596
49 15 1004.5316940465908
49 16 1005.70849094857
49 17 1005.1014011261436
49 18 1006.2745662269183
49 19 1005.6388100162179
49 20 1006.7846050476762
49 21 1006.1402806393071
49 22 1007.2383194640277
49 23 1006.603453288515
49 24 1007.6371767209139
49 25 1007.0270908141586
49 26 1007.9839921598266
49 27 1007.4109197494929
49 28 1008.2825353968926
49 29 1007.7554775476602
49 30 1008.5371718401448
49 31 1008.0619691360264
49 32 1008.7525538112985
49 33 1008.3321336688679
49 34 1008.9333686201056
49 35 1008.5681212992919
49 36 1009.0841451554966
49 37 1008.7723795800856
49 38 1009.2091160490789
49 39 1008.9475493534154
49 40 1009.3121292671411
49 41 1009.0963703864259
49 42 1009.3966010329175
49 43 1009.2215973346761
49 44 1009.4655011270529
49 45 1009.3259267465157
49 46 1009.5213616603957
49 47 1009.4119357224847
49 48 1009.5663011299748
49 49 1009.4820325414287
49 50 1009.602056724194
49 51 1009.5384191242291
49 52 1009.6300192255493
49 53 1009.5830647042637
49 54 1009.6512662856338
49 55 1009.617689594248
49 56 1009.6665912874573
49 57 1009.6437575909691
49 58 1009.6765253463496
49 59 1009.6624729524179
49 60 1009.6813566728683
49 61 1009.674816121685
49 62 1009.6811560345906
49 63 1009.6811560345906
50 0 1000
50 1 999.88194119772254
50 2 999.96736630684916
50 3 999.72454615050344
50 4 1000.0103251545804
50 5 999.64958230059096
50 6 1000.115997452853
50 7 999.64206344639672
50 8 1000.26661815178
50 9 999.69003937682226
50 10 1000.4463244863514
50 11 999.78159368839613
50 12 1000.6407800188526
50 13 999.90546565730119
50 14 1000.8377052222235
50 15 1000.0513992502604
50 16 1001.0272110700784
50 17 1000.2103919774158
50 18 1001.2018814466952
50 19 1000.374790811152
50 20 1001.3566659264869
50 21 1000.5382953690004
50 22 1001.4886419132156
50 23 1000.6958996166923
50 24 1001.5966956933488
50 25 1000.8437965346826
50 26 1001.6811651560758
50 27 1000.9792624762933
50 28 1001.7434784779003
50 29 1001.1005320405862
50 30 1001.7858145769147
50 31 1001.2066700887998
50 32 1001.8108029895367
50 33 1001.2974448462028
50 34 1001.8212734434742
50 35 1001.3732045336706
50 36 1001.8200591056236
50 37 1001.4347592982375
50 38 1001.8098524644289
50 39 1001.4832700102331
50 40 1001.7931091337448
50 41 1001.5201454786238
50 42 1001.7719924986278
50 43 1001.5469496026114
50 44 1001.7483509297572
50 45 1001.5653198117792
50 46 1001.7237190737255
50 47 1001.5768978128121
50 48 1001.699335246836
50 49 1001.5832731802603
50 50 1001.6761679791672
50 51 1001.5859397597218
50 52 1001.6549460508181
50 53 1001.586264263071
50 54 1001.6361877429904
50 55 1001.5854659044455
50 56 1001.6202263878374
50 57 1001.5846054257997
50 58 1001.6072303973592
50 59 1001.5845824545935
50 60 1001.5972163069046
50 61 1001.5861187577291
50 62 1001.5900439583578
50 63 1001.5900439583578
51 0 1000
51 1 999.48900371829802
51 2 999.18913477480919
51 3 998.56831033589526
51 4 998.49362917728797
51 5 997.77696326001171
51 6 997.90822972828983
51 7 997.10075437452315
51 8 997.41570641563305
51 9 996.52833594506944
51 10 997.00023997738367
51 11 996.04736392872712
51 12 996.64661376564948
51 13 995.64535471188174
51 14 996.34098525490197
51 15 995.31022993783085
51 16 996.07141132686843
51 17 995.030746703565
51 18 995.82809500783071
51 19 994.79674415920022
51 20 995.60341391531654
51 21 994.59927093336228
51 22 995.39179142281239
51 23 994.43062570664222
51 24 995.1894621115124
51 25 994.28433773676431
51 26 994.99417716456492
51 27 994.15510692946168
51 28 994.80488725139423
51 29 994.03871740492389
51 30 994.62143205793905
51 31 993.93193433978104
51 32 994.44425733726462
51 33 993.83239101452762
51 34 994.27417268298359
51 35 993.73847120560481
51 36 994.11215653873967
51 37 993.64919101689054
51 38 993.95920949887034
51 39 993.56408364408696
51 40 993.816252844215
51 41 993.48309015550547
51 42 993.684066484543
51 43 993.40645897588979
51 44 993.56325893243377
51 45 993.33465627686883
51 46 993.45426142357667
51 47 993.26828887916133
51 48 993.35733859219101
51 49 993.20804058082979
51 50 993.2726089618892
51 51 993.15462209698251
51 52 993.20006969084943
51 53 993.10873409214776
51 54 993.13962131949552
51 55 993.07104217983078
51 56 993.09108952817235
51 57 993.04216209020569
51 58 993.05424277170903
51 59 993.02265706297715
51 60 993.02879852872729
51 61 993.01296698749513
51 62 993.01438712383037
51 63 993.01438712383037
52 0 1000
52 1 999.07813730460077
52 2 998.3750775483046
52 3 997.35795087309316
52 4 996.904652506302
52 5 995.81349912429789
52 6 995.5915449046505
52 7 994.43204789745801
52 8 994.41971264423671
52 9 993.20345035261676
52 10 993.37393640912478
52 11 992.11545094458131
52 12 992.43858641096233
52 13 991.15476278130348
52 14 991.59862493497656
52 15 990.3078036959156
52 16 990.84032228290914
52 17 989.56130989658925
52 18 990.15167299954771
52 19 988.90274079072219
52 20 989.52256948517072
52 21 988.32054166522539
52 22 988.9447942910881
52 23 987.8042960589728
52 24 988.41188326247845
52 25 987.34479570312647
52 26 987.91890696027247
52 27 986.93404950158686
52 28 987.46221033514644
52 29 986.56524793115238
52 30 987.03914261547641
52 31 986.23269535793179
52 32 986.64780120254159
52 33 985.93171997504896
52 34 986.28680559646034
52 35 985.65856915738925
52 36 985.9551104392001
52 37 985.41029674216907
52 38 985.65186096355694
52 39 985.18464782621561
52 40 985.37628964630062
52 41 984.97994591237909
52 42 985.12764971170168
52 43 984.79498649322113
52 44 984.90517923406901
52 45 984.62894035406043
52 46 984.70808877304228
52 47 984.48126899484896
52 48 984.53556551801489
52 49 984.35165364143222
52 50 984.38678757326602
52 51 984.23993839722505
52 52 984.26094304780906
52 53 984.14608723642289
52 54 984.15724982440759
52 55 984.07015382964687
52 56 984.07497301415719
52 57 984.01226232062152
52 58 984.01343971958192
52 59 983.97260432616179
52 60 983.97203799171166
52 61 983.95131259538971
52 62 983.95014834257029
52 63 983.95014834257029
53 0 1000
53 1 998.64984467132592
53 2 997.52615393613439
53 3 996.09476509190313
53 4 995.24497143548751
53 5 993.76090245097521
53 6 993.16777079828523
53 7 991.63773415117885
53 8 991.28039504909952
53 9 989.71695910403798
53 10 989.56883235569262
53 11 987.98698188006904
53 12 988.0175652767233
53 13 986.43419132229917
53 14 986.61078951281399
53 15 985.04387918353973
53 16 985.33331545559497
53 17 983.80103587583778
53 18 984.17115581205837
53 19 982.69091846605386
53 20 983.11185151089501
53 21 981.6994578962815
53 22 982.14459576662784
53 23 980.81353519402853
53 24 981.26020758730317
53 25 980.02115422966097
53 26 980.45100268633257
53 27 979.31153324116804
53 28 979.71060321388893
53 29 978.67513307853699
53 30 979.03372035822531
53 31 978.1036367885697
53 32 978.41593605964511
53 33 977.58989266579908
53 34 977.85350242805566
53 35 977.12783106644986
53 36 977.34317044513341
53 37 976.71236390816159
53 38 976.8820535273735
53 39 976.33927465500415
53 40 976.4675267466863
53 41 976.00510555158974
53 42 976.09715902786229
53 43 975.70704781577683
53 44 975.76867341797333
53 45 975.44283938122965
53 46 975.47992940456891
53 47 975.21067360615086
53 48 975.22892103709432
53 49 975.00912117693895
53 50 975.01378504132356
53 51 974.83706629810956
53 52 974.83281397491669
53 53 974.69365723459339
53 54 974.68447055494914
53 55 974.57827042966721
53 56 974.56740026472255
53 57 974.49048632376014
53 58 974.48044270436401
53 59 974.43008545741839
53 60 974.42262272536527
53 61 974.39686559113341
53 62 974.39304881629778
53 63 974.39304881629778
54 0 1000
54 1 998.20464015975631
54 2 996.64335002768814
54 3 994.78013779029618
54 4 993.51623212427239
54 5 991.62104202453577
54 6 990.63884588090377
54 7 988.71981516779761
54 8 987.99965748810064
54 9 986.07068665595943
54 10 985.58651643084283
54 11 983.66334392551983
54 12 983.38459817765852
54 13 981.48438870390964
54 14 981.37781964499402
54 15 979.51842513989811
54 16 979.549917206754
54 17 977.7490322513919
54 18 977.88520412967148
54 19 976.15949670249813
54 20 976.36905319472487
54 21 974.7333713602452
54 22 974.98816132425577
54 23 973.45488580152596
54 24 973.73064513452653
54 25 972.30923457885274
54 26 972.58601456576048
54 27 971.28276497071033
54 28 971.54506632811876
54 29 970.3630827293548
54 30 970.59973242695492
54 31 969.5390918054627
54 32 969.74291183022103
54 33 968.80098207059893
54 34 968.9683060358858
54 35 968.14017752754273
54 36 968.27027241243832
54 37 967.54925622012206
54 38 967.64370313309394
54 39 967.0218518693265
54 40 967.08393257507885
54 41 966.5525460531029
54 42 966.58667233365941
54 43 966.13675844952616
54 44 966.1479704971091
54 45 965.77064126768505
54 46 965.76419042741259
54 47 965.45098253331469
54 48 965.43200380366022
54 49 965.17512144168006
54 50 965.14839288604787
54 51 964.94087761458968
54 52 964.91065761950574
54 53 964.74649487083661
54 54 964.71642412371398
54 55 964.59059911401607
54 56 964.56365190869735
54 57 964.47216858887032
54 58 964.45064122664746
54 59 964.39052849474615
54 60 964.37601583371179
54 61 964.34511084810879
54 62 964.33858760043222
54 63 964.33858760043222
55 0 1000
55 1 997.74307511504514
55 2 995.7277251449849
55 3 993.41552286203705
55 4 991.72022718826031
55 5 989.3959036171799
55 6 988.00693004287848
55 7 985.68045943161439
55 8 984.57968730355344
55 9 982.2666669121395
55 10 981.42890191174308
55 11 979.14616492054529
55 12 978.54107346198316
55 13 976.30635994174736
55 14 975.90038594756038
55 15 973.7316662045007
55 16 973.48994857908963
55 17 971.4046452241987
55 18 971.29271729894231
55 19 969.30690135627071
55 20 969.29213506302574
55 21 967.41979564444671
55 22 967.47254320558272
55 23 965.72499911922012
55 24 965.81940902505755
55 25 964.20490817023961
55 26 964.31941456613754
55 27 962.84294190071353
55 28 962.9604474349029
55 29 961.62373939358724
55 30 961.73152909474993
55 31 960.53327330404557
55 32 960.62270972110468
55 33 959.55889500564842
55 34 959.62495196251655
55 35 958.68932551140108
55 36 958.73001940958807
55 37 957.91460541242861
55 38 957.93037965946075
55 39 957.22601600109692
55 40 957.21912689656278
55 41 956.61598249537951
55 42 956.58992505889807
55 43 956.07796883522019
55 44 956.03696995514088
55 45 955.60637190947057
55 46 955.55496705987275
55 47 955.19642136307368
55 48 955.13912098111098
55 49 954.84408942008952
55 50 954.78513256057295
55 51 954.54601353472844
55 52 954.48920001637453
55 53 954.29943323180532
55 54 954.24802128693943
55 55 954.10214130277586
55 56 954.05879531505025
55 57 953.95244788714547
55 58 953.91922475948695
55 59 953.84917292787031
55 60 953.82748979721248
55 61 953.79134841669088
55 62 953.78207845670602
55 63 953.78207845670602
56 0 1000
56 1 997.26572004587524
56 2 994.78038152089061
56 3 992.00248619638546
56 4 989.85885405184172
56 5 987.08767874599619
56 6 985.27435141956971
56 7 982.52212706975479
56 8 981.02289992706869
56 9 978.30729419240981
56 10 977.09818005303953
56 11 974.4374773798188
56 12 973.48869224063367
56 13 970.90153026302778
56 14 970.17948814239787
56 15 967.68423312746188
56 16 967.15355619779109
56 17 964.76758537396177
56 18 964.39289721809757
56 19 962.13185758434383
56 20 961.87931953336033
56 21 959.75646100960319
56 22 959.5950003036038
56 23 957.62064941057827
56 24 957.52285304529585
56 25 955.70407133439596
56 26 955.64674280793258
56 27 953.98718957234405
56 28 953.95158763869142
56 29 952.45158390325435
56 30 952.42338081175001
56 31 951.08015289772015
56 32 951.04916295326177
56 33 949.85723035025308
56 34 949.81696725529207
56 35 948.76863164832139
56 36 948.71575498528
56 37 947.80164492593553
56 38 947.7353529283472
56 39 946.94498107948118
56 40 946.86639959368154
56 41 946.18869559870063
56 42 946.10030317984206
56 43 945.52409370131852
56 44 945.42921149783274
56 45 944.94362852412917
56 46 944.84599225002376
56 47 944.44080022196579
56 48 944.34422112720233
56 49 944.01006188206986
56 50 943.91817493476628
56 51 943.64673629621018
56 52 943.56282719382932
56 53 943.34694594771565
56 54 943.27384421682257
56 55 943.10755716222809
56 56 943.04758000048582
56 57 942.92613742353569
56 58 942.8810736580358
56 59 942.80094494084562
56 60 942.77201368680676
56 61 942.73057334438931
56 62 942.71853373815202
56 63 942.71853373815202
57 0 1000
57 1 996.77312926377306
57 2 993.80238949109207
57 3 990.5425096875299
57 4 987.93395514530505
57 5 984.69842656455
57 6 982.44336859235159
57 7 979.24710288186009
57 8 977.33161981055616
57 9 974.19474179971303
57 10 972.59641299810824
57 11 969.53903831232094
57 12 968.22896515565083
57 13 965.27098200330079
57 14 964.21584811130288
57 15 961.37633160099233
57 16 960.54049628839846
57 17 957.83704155364114
57 18 957.18442157158131
57 19 954.63245985949857
57 20 954.12815604156117
57 21 951.7403495818071
57 22 951.35196260323585
57 23 949.13774178530787
57 24 948.83634738085686
57 25 946.80163220420968
57 26 946.56241050987967
57 27 944.70953390470493
57 28 944.51207046457182
57 29 942.83989892275326
57 30 942.66819418791079
57 31 941.17242282541145
57 32 941.01466110451793
57 33 939.68824708625971
57 34 939.53638413777003
57 35 938.37007486231471
57 36 938.21930563549472
57 37 937.2022160350308
57 38 937.05038109834811
57 39 936.1705771255763
57 40 936.01755916091827
57 41 935.2626108847403
57 42 935.10976262988129
57 43 934.46723903374084
57 44 934.31687263850449
57 45 933.77475989623281
57 46 933.62971612073966
57 47 933.1767506555442
57 48 933.04005574278835
57 49 932.66597185203193
57 50 932.54058100320231
57 51 932.23627965494484
57 52 932.12489924896158
57 53 931.88254952730472
57 54 931.78752570928668
57 55 931.60061326771699
57 56 931.52387173895102
57 57 931.38720913447139
57 58 931.33023641506759
57 59 931.2399678261462
57 60 931.2037607816228
57 61 931.15700038468196
57 62 931.14218907906184
57 63 931.14218907906184
58 0 1000
58 1 996.26563880879883
58 2 992.79438965730969
58 3 989.03647865686321
58 4 985.94654172241769
58 5 982.22925159130818
58 6 979.51502873999607
58 7 975.85637810490402
58 8 973.50660402867288
58 9 969.92956661712151
58 10 967.92376395018766
58 11 964.45067877573229
58 12 962.76119727685523
58 13 959.41357516805579
58 14 958.00770214530871
58 15 954.80566437149798
58 16 953.64778887239765
58 17 950.60943983357174
58 18 949.6630142819638
58 19 946.80380754761268
58 20 946.03305989139471
58 21 943.36525113212201
58 22 942.73658692176116
58 23 940.26883425515757
58 24 939.75189500609815
58 25 937.48904595513602
58 26 937.0574153124229
58 27 935.00049544902834
58 28 934.63206847422305
58 29 932.77846500696126
58 30 932.45551610610437
58 31 930.79933175065253
58 32 930.50833171884244
58 33 929.04087142473168
58 34 928.77211300069757
58 35 927.48245900209042
58 36 927.22955316719947
58 37 926.10518219420737
58 38 925.86448483723973
58 39 924.89188441619444
58 40 924.66190602295649
58 41 923.82715347192163
58 42 923.60799456590382
58 43 922.89727123332807
58 44 922.69011483461793
58 45 922.09013801650337
58 46 921.89681873346683
58 47 921.39518337730919
58 48 921.21784199003525
58 49 920.80327285131568
58 50 920.64409616449768
58 51 920.30661792969136
58 52 920.16765670973848
58 53 919.89869444878275
58 54 919.78174758579166
58 55 919.57417271753877
58 56 919.48072277046845
58 57 919.32886009227445
58 58 919.26005147224225
58 59 919.1596825662275
58 60 919.1162618802997
58 61 919.06421744254817
58 62 919.04666825489494
58 63 919.04666825489494
59 0 1000
59 1 995.74379304808406
59 2 991.75744398486199
59 3 987.48588254357082
59 4 983.89849151706687
59 5 979.68229082974642
59 6 976.49172111524831
59 7 972.35243192544169
59 8 969.55044672758754
59 9 965.51428955540678
59 10 963.08273604399301
59 11 959.174682438594
59 12 957.0875330050543
59 13 953.33111437206935
59 14 951.55661107979256
59 15 947.97336409884508
59 16 946.47623950283173
59 17 943.08510392440269
59 18 941.82861234589711
59 19 938.64533658180812
59 20 937.59304526403071
59 21 934.62969108722359
59 22 933.74696572566575
59 23 931.01156944266256
59 24 930.26671608095523
59 25 927.76314219798928
59 26 927.12819334670905
59 27 924.8561926911093
59 28 924.307350167305
59 29 922.26281284750007
59 30 921.7805809108587
59 31 919.9559569352582
59 32 919.52501509240551
59 33 917.90986314794986
59 34 917.51873765466257
59 35 916.10035593906946
59 36 915.74095247700404
59 37 914.50504436480537
59 38 914.17210221115954
59 39 913.10343312881798
59 40 912.79395448012644
59 41 911.87696350471276
59 42 911.58966185226177
59 43 910.80900088739645
59 44 910.54380093830969
59 45 909.8847845279389
59 46 909.64239448160913
59 47 909.09135322923703
59 48 908.8729193710119
59 49 908.41745863850736
59 50 908.22430300261044
59 51 907.85347548062623
59 52 907.68691022641576
59 53 907.39131581858908
59 54 907.25252314702811
59 55 907.02435237412885
59 56 906.91431564281925
59 57 906.74735299030488
59 58 906.6668313869036
59 59 906.55645677196378
59 60 906.50591636500519
59 61 906.44865298507762
59 62 906.42841205742343
59 63 906.42841205742343
60 0 1000
60 1 995.21176599947933
60 2 990.6998711484614
60 3 985.9030879034874
60 4 981.8060674522859
60 5 977.0775966399392
60 6 973.39705611883153
60 7 968.76232334229746
60 8 965.49334646171928
60 9 960.98214040572248
60 10 958.10921918171096
60 11 953.74949366404769
60 12 951.24855888510012
60 13 947.06622323388865
60 14 944.90680598754102
60 15 940.92516015612921
60 16 939.07265335406589
60 17 935.31179605922102
60 18 933.72954260307017
60 19 930.20580500961444
60 20 928.85695852908691
60 21 925.58245265338019
60 22 924.43154048923918
60 23 921.41387647634326
60 24 920.42802236924388
60 25 917.6702272158268
60 26 916.82001753217457
60 27 914.32066368846256
60 28 913.58066635638465
60 29 911.33419720585846
60 30 910.68316441846912
60 31 908.6803863902054
60 32 908.10118875436308
60 33 906.32988795777396
60 34 905.80923820221108
60 35 904.2548734109298
60 36 903.78290189390259
60 37 902.42932517865518
60 38 901.99906782771222
60 39 900.82922832007512
60 40 900.43608138826585
60 41 899.43267534559675
60 42 899.07386187433542
60 43 898.21990203751773
60 44 897.893983657131
60 45 897.1732714947043
60 46 896.87972754953205
60 47 896.27722218649058
60 48 896.01610728459195
60 49 895.51819381935718
60 50 895.28987560345331
60 51 894.88454254007729
60 52 894.68951424275235
60 53 894.36645463973753
60 54 894.20521203214025
60 55 893.95586568823376
60 56 893.82883467528563
60 57 893.64638874470734
60 58 893.55389714457078
60 59 893.43328628192796
60 60 893.37548615102526
60 61 893.31289685989873
60 62 893.28992033940358
60 63 893.28992033940358
61 0 1000
61 1 994.67814826923154
61 2 989.63879674461668
61 3 984.31348770724128
61 4 979.70273722792967
61 5 974.45626791480277
61 6 970.27947327067125
61 7 965.14121892749836
61 8 961.39682551190219
61 9 956.40024413946605
61 10 953.07551467986264
61 11 948.25173934601992
61 12 945.32476966513968
61 13 940.70236381772429
61 14 938.14424793383876
61 15 933.74861291888601
61 16 931.52572851623017
61 17 927.37850235660244
61 18 925.4546378787735
61 19 921.57313654282336
61 20 919.91140311033848
61 21 916.30819243392295
61 22 914.8726465001796
61 23 911.55529689988145
61 24 910.31222753650559
61 25 907.28328163664753
61 26 906.20214305834338
61 27 903.45930189176647
61 28 902.51329766457684
61 29 900.04980952518872
61 30 899.21615735035857
61 31 897.02137614847652
61 32 896.28129931100477
61 33 894.34136758682087
61 34 893.6798701356978
61 35 891.97847612404291
61 36 891.38396345522858
61 37 889.90312147116776
61 38 889.36692677345138
61 39 888.08773484175481
61 40 887.60360592812572
61 41 886.50694277119862
61 42 886.07053455352207
61 43 885.13766837321293
61 44 884.74607513660044
61 45 883.95916769166456
61 46 883.61051777970692
61 47 882.95301786960022
61 48 882.64614255763729
61 49 882.1030722548586
61 50 881.83725130284472
61 51 881.39539553834538
61 52 881.17017467251731
61 53 880.818189802245
61 54 880.63326039449839
61 55 880.36172015567399
61 56 880.21684792322367
61 57 880.01824519909724
61 58 879.91324263357433
61 59 879.78199106381453
61 60 879.7166340291318
61 61 879.6485323187062
61 62 879.62272752368938
61 63 879.62272752368938
62 0 1000
62 1 994.10631348860795
62 2 988.50114358511814
62 3 982.60779248077108
62 4 977.44390176123557
62 5 971.63902996327135
62 6 966.92655781169958
62 7 961.24457947726671
62 8 956.98626478880726
62 9 951.46529669318443
62 10 947.65204177615215
62 11 942.32731784771534
62 12 938.9401525977861
62 13 933.84369555663307
62 14 930.8559155334782
62 15 926.01588288557969
62 16 923.3953374672011
62 17 918.8353882385627
62 18 916.54663588478888
62 19 912.28536894339038
62 20 910.29163933941209
62 21 906.34218993485365
62 22 904.6070742173082
62 23 900.97691765418494
62 24 899.46573557159036
62 25 896.15672379296063
62 26 894.83754338875201
62 27 891.84617502259812
62 28 890.69048659588725
62 29 888.00838909777235
62 30 886.99145821675449
62 31 884.60604358148612
62 32 883.70698584918637
62 33 881.60223009198842
62 34 880.80386214850319
62 35 878.96115370017287
62 36 878.24968036645544
62 37 876.64868330219497
62 38 876.01328033153345
62 39 874.63276400316033
62 40 874.06511065612824
62 41 872.88370649310309
62 42 872.37751346390746
62 43 871.3743709646177
62 44 870.9249385402627
62 45 870.08026434940609
62 46 869.68409446960106
62 47 868.97956969031213
62 48 868.63404495772863
62 49 868.05312554201635
62 50 867.75625905904724
62 51 867.28437166687229
62 52 867.03462435685151
62 53 866.65927521905087
62 54 866.45543226389498
62 55 866.16624934652066
62 56 866.00734379826395
62 57 865.79607241788108
62 58 865.68135217849431
62 59 865.54185088263307
62 60 865.47068652629957
62 61 865.39835979506358
62 62 865.37041521303559
62 63 865.37041521303559
63 0 1000
63 1 0
63 2 0
63 3 0
63 4 0
63 5 0
63 6 0
63 7 0
63 8 0
63 9 0
63 10 0
63 11 0
63 12 0
63 13 0
63 14 0
63 15 0
63 16 0
63 17 0
63 18 0
63 19 0
63 20 0
63 21 0
63 22 0
63 23 0
63 24 0
63 25 0
63 26 0
63 27 0
63 28 0
63 29 0
63 30 0
63 31 0
63 32 0
63 33 0
63 34 0
63 35 0
63 36 0
63 37 0
63 38 0
63 39 0
63 40 0
63 41 0
63 42 0
63 43 0
63 44 0
63 45 0
63 46 0
63 47 0
63 48 0
63 49 0
63 50 0
63 51 0
63 52 0
63 53 0
63 54 0
63 55 0
63 56 0
63 57 0
63 58 0
63 59 0
63 60 0
63 61 0
63 62 0
63 63 0
