0 0 1000
0 1 0
0 2 0
0 3 0
0 4 0
0 5 0
0 6 0
0 7 0
0 8 0
0 9 0
0 10 0
0 11 0
0 12 0
0 13 0
0 14 0
0 15 0
0 16 0
0 17 0
0 18 0
0 19 0
0 20 0
0 21 0
0 22 0
0 23 0
0 24 0
0 25 0
0 26 0
0 27 0
0 28 0
0 29 0
0 30 0
0 31 0
0 32 0
0 33 0
0 34 0
0 35 0
0 36 0
0 37 0
0 38 0
0 39 0
0 40 0
0 41 0
0 42 0
0 43 0
0 44 0
0 45 0
0 46 0
0 47 0
0 48 0
0 49 0
0 50 0
0 51 0
0 52 0
0 53 0
0 54 0
0 55 0
0 56 0
0 57 0
0 58 0
0 59 0
0 60 0
0 61 0
0 62 0
0 63 0
1 0 1000
1 1 993.56080790307772
1 2 986.94972553202069
1 3 980.92749912648492
1 4 974.42354539710334
1 5 968.92146288886875
1 6 962.56102692458126
1 7 957.57687042672512
1 8 951.39860699782059
1 9 946.92481163543846
1 10 940.96563978873564
1 11 936.98237660447876
1 12 931.27632233771408
1 13 927.75457295608453
1 14 922.33203912085219
1 15 919.23609991512103
1 16 914.12306378515143
1 17 911.4130283165357
1 18 906.63029384693391
1 19 904.26434321313491
1 20 899.8269589647773
1 21 897.76336879103542
1 22 893.68027920999009
1 23 891.87906881448089
1 24 888.1530380674177
1 25 886.57722196042585
1 26 883.20503888530322
1 27 881.8214734087943
1 28 878.79441818179055
1 29 877.5742657615699
1 30 874.87879630647888
1 31 873.7976535422647
1 32 871.41625414791008
1 33 870.45400624012211
1 34 868.3661329944706
1 35 867.50660529472805
1 36 865.6896625061305
1 37 864.9201407554699
1 38 863.35042843345195
1 39 862.6611137492896
1 40 861.3146968409319
1 41 860.69815143517724
1 42 859.5516149868613
1 43 859.00224182569889
1 44 858.03331071204298
1 45 857.54689666046761
1 46 856.73491238086297
1 47 856.30825132631605
1 48 855.6345103887661
1 49 855.26511151971158
1 50 854.71307933677269
1 51 854.39895683246084
1 52 853.95437750771305
1 53 853.69391163616353
1 54 853.34483762260004
1 55 853.13669352025101
1 56 852.87345917390337
1 57 852.71654728424448
1 58 852.531722001204
1 59 852.4252193357421
1 60 852.31344223099074
1 61 852.25614999686275
1 62 852.21429377749052
1 63 852.21429377749052
2 0 1000
2 1 994.16228176817049
2 2 988.15395262391553
2 3 982.72260292297051
2 4 976.81353399385682
2 5 971.88553744542287
2 6 966.10650781825416
2 7 961.67478108911689
2 8 956.05913164302183
2 9 952.11182460796272
2 10 946.69171474233428
2 11 943.20548450631975
2 12 938.01085849365768
2 13 934.95398465976064
2 14 930.01192711029762
2 15 927.34682609834431
2 16 922.68080964996727
2 17 920.36649456751491
2 18 915.99564779237471
2 19 913.98996876677074
2 20 909.92847646925043
2 21 908.19005552009355
2 22 904.44676247772725
2 23 902.93655450244455
2 24 899.51481668687018
2 25 898.19726279583404
2 26 895.09506052895745
2 27 893.93883228300592
2 28 891.14913237840369
2 29 890.12749449838486
2 30 887.63882590713126
2 31 886.72966791650572
2 32 884.52685941924642
2 33 883.71246197903918
2 34 881.77748181782954
2 35 881.04409080205517
2 36 879.35692665160741
2 37 878.69420783753276
2 38 877.23373021813336
2 39 876.6341711137859
2 40 875.37893274482838
2 41 874.83724728407992
2 42 873.76618319709758
2 43 873.27876169881358
2 44 872.37176839742654
2 45 871.93620110881329
2 46 871.17458611831933
2 47 870.78927534863601
2 48 870.15607993695187
2 49 869.81994433121781
2 50 869.30015122936118
2 51 869.01241678084682
2 52 868.59306102804283
2 53 868.35312722284039
2 54 868.02333187570935
2 55 867.83069775816546
2 56 867.58165641642427
2 57 867.43588926335667
2 58 867.26082888090377
2 59 867.16159234629993
2 60 867.05562063325488
2 61 867.00206387461731
2 62 866.96233384608729
2 63 866.96233384608729
3 0 1000
3 1 994.72406584094369
3 2 989.27823186305386
3 3 984.39719108918132
3 4 979.04116722141691
3 5 974.64599314565442
3 6 969.40612181176846
3 7 965.48601098462154
3 8 960.39146166069145
3 9 956.93128641839542
3 10 952.01053325211092
3 11 948.98435081550213
3 12 944.26421596873433
3 13 941.63838111676637
3 14 937.14343302891632
3 15 934.87909509040696
3 16 930.63091538882713
3 17 928.68643898352514
3 18 924.7028890551635
3 19 923.03603953382492
3 20 919.33064005717586
3 21 917.90045214162285
3 22 914.48194894749895
3 23 913.25021467474403
3 24 910.12237779874454
3 25 909.05472404993452
3 26 906.21639766761041
3 27 905.2829552808123
3 28 902.72834903462342
3 29 901.90404381582073
3 30 899.62323353675811
3 31 898.8877516524251
3 32 896.86734133721609
3 33 896.20483618614844
3 34 894.42872411045244
3 35 893.8273384579087
3 36 892.2775283457338
3 37 891.7288048296175
3 38 890.38620714292381
3 39 889.88445352108477
3 40 888.72963072424886
3 41 888.27129515656623
3 42 887.28511652211193
3 43 886.86821465557409
3 44 886.03239907601858
3 45 885.65602050739153
3 46 884.95355833394433
3 47 884.61746665021701
3 48 884.03292261216438
3 49 883.73725173347736
3 50 883.25695973880408
3 51 883.0020003486286
3 52 882.61416707269996
3 53 882.40023074701583
3 54 882.09496844109367
3 55 881.92231353596151
3 56 881.69162275262204
3 57 881.56042412379702
3 58 881.39815799583266
3 59 881.30853492620884
3 60 881.2102547029931
3 61 881.16170023462871
3 62 881.12483044482258
3 63 881.12483044482258
4 0 1000
4 1 995.28482792098578
4 2 990.39972423330232
4 3 986.06632358670629
4 4 981.25894498951425
4 5 977.39143360752712
4 6 972.68367765232938
4 7 969.26760657650175
4 8 964.6845576493879
4 9 961.70163155375076
4 10 957.26827065312375
4 11 954.69015583387102
4 12 950.43046882553347
4 13 948.22188346969324
4 14 944.15828372474891
4 15 942.27946021323612
4 16 938.43205309322627
4 17 936.84109958417218
4 18 933.2269244984584
4 19 931.88193454765701
4 20 928.51430040039611
4 21 927.37513475490459
4 22 924.26312597470223
4 23 923.29280840434592
4 24 920.4410125285217
4 25 919.60671504568347
4 26 917.01519377596571
4 27 916.28881746763182
4 28 913.95331580489005
4 29 913.3117008235788
4 30 911.22406603580191
4 31 910.64888543715733
4 32 908.79765095258801
4 33 908.27505670564597
4 34 906.64613640216692
4 35 906.16623172592847
4 36 904.74366742410803
4 37 904.29987823357703
4 38 903.06658663250289
4 39 902.65499761879016
4 40 901.59347103225105
4 41 901.21218048533001
4 42 900.30510685348645
4 43 899.95364062995907
4 44 899.18442069067589
4 45 898.86323148668998
4 46 898.21638317613633
4 47 897.92644794249452
4 48 897.38789887891392
4 49 897.13041585878148
4 50 896.68769337584229
4 51 896.46387146295444
4 52 896.10620573169444
4 53 895.91713284602781
4 54 895.63549219458491
4 55 895.48206599264938
4 56 895.26914396018856
4 57 895.15204642138121
4 58 895.00223044177426
4 59 894.92195820995471
4 60 894.83119577918683
4 61 894.78753368144646
4 62 894.7534781287527
4 63 894.7534781287527
5 0 1000
5 1 995.83550348760798
5 2 991.5004237424497
5 3 987.70318077378806
5 4 983.43162657382402
5 5 980.07846891417671
5 6 975.8882267578274
5 7 972.96142954086872
5 8 968.87385033336261
5 9 966.35229908193912
5 10 962.38926018201266
5 11 960.24261014859849
5 12 956.42566652563107
5 13 954.61738279147403
5 14 950.96719251873299
5 15 949.45695858430418
5 16 945.9925267393271
5 17 944.73853102741657
5 18 941.47641293753679
5 19 940.43737059991224
5 20 937.39095285951123
5 21 936.52779276173953
5 22 933.7067330687421
5 23 932.98389748562136
5 24 930.39377811960128
5 25 929.78011517861125
5 26 927.42233579864126
5 27 926.8915945448955
5 28 924.76350241631849
5 29 924.29446658986842
5 30 922.38969908658635
5 31 921.96601578345178
5 32 920.27501282971218
5 33 919.88478491505634
5 34 918.39541881840103
5 35 918.03063501555005
5 36 916.72890185818471
5 37 916.38477648629294
5 38 915.25549606414745
5 39 914.92978275034727
5 40 913.95726160430104
5 41 913.64959366636685
5 42 912.81821637918165
5 43 912.52951280034119
5 44 911.82423874738504
5 45 911.5562004656764
5 46 910.96295510227037
5 47 910.71766313288742
5 48 910.22362349913828
5 49 910.00323921515678
5 50 909.59702186266099
5 51 909.40358115902382
5 52 909.07534677190347
5 53 908.91063401717759
5 54 908.65212663024852
5 55 908.51761110005327
5 56 908.32215041158656
5 57 908.21896632252799
5 58 908.08142133674812
5 59 908.01040087287788
5 60 907.92706724002142
5 61 907.88825954620154
5 62 907.85699551408527
5 63 907.85699551408527
6 0 1000
6 1 996.37166258681157
6 2 992.57153641507534
6 3 989.2947092449931
6 4 985.54200810054181
6 5 982.68595543457457
6 6 978.99480619090707
6 7 976.53900103231433
6 8 972.92746545723389
6 9 970.84839894520655
6 10 967.33571255415927
6 11 965.60145952440018
6 12 962.20720380777732
6 13 960.78038572735693
6 14 957.52389378879684
6 15 956.36401608496726
6 16 953.26357768111211
6 17 952.32922787949462
6 18 949.40124048160783
6 19 948.65201353447651
6 20 945.91020040331466
6 21 945.30828655597475
6 22 942.76306662159504
6 23 942.27445463993229
6 24 939.93252243280767
6 25 939.52780232989301
6 26 937.39194673898203
6 27 937.04672481531941
6 28 935.11588746582709
6 29 934.81085153441302
6 30 933.08040183831361
6 31 932.80109353272394
6 32 931.26327977450569
6 33 930.99964265254744
6 34 929.64416774738606
6 35 929.38994428228182
6 36 928.2046110653788
6 37 927.9566592056816
6 38 926.92803247886491
6 39 926.6856245544144
6 40 925.79966427278168
6 41 925.56381931116243
6 42 924.80644959152357
6 43 924.57933638764439
6 44 923.93692678062564
6 45 923.72136100966088
6 46 923.18110819537924
6 47 922.98015385732833
6 48 922.53036242075109
6 49 922.34703693551887
6 50 921.97730636701635
6 51 921.81438025818397
6 52 921.5157114163793
6 53 921.37558789955665
6 54 921.14042586934841
6 55 921.02508261990818
6 56 920.84731365254459
6 57 920.75828764326491
6 58 920.63321689719601
6 59 920.57163922790494
6 60 920.49587888644908
6 61 920.46204114419061
6 62 920.43363489204273
6 63 920.43363489204273
7 0 1000
7 1 996.89272244534322
7 2 993.61193782730084
7 3 990.83929380267682
7 4 987.58810763590827
7 5 985.21156898880065
7 6 982.00091296681785
7 7 979.99763011237451
7 8 976.84272168404289
7 9 975.18721489547806
7 10 972.10509458882086
7 11 970.76427839147175
7 12 967.77298501368944
7 13 966.70902916200203
7 14 963.82696639218091
7 15 962.99954601502463
7 16 960.24463402739832
7 17 959.61302799351097
7 18 957.00179267176168
7 19 956.5267057665809
7 20 954.07342863471786
7 21 953.71847793332392
7 22 951.43449493279945
7 23 951.16731795469582
7 24 949.06052814875989
7 25 948.85350032950282
7 26 946.92811570664287
7 27 946.75869215476496
7 28 945.01523125821438
7 29 944.86595164824325
7 30 943.30145555165996
7 31 943.15966902732782
7 32 941.76810003552919
7 33 941.62547802606298
7 34 940.39825033341617
7 35 940.25015901653921
7 36 939.17674639634515
7 37 939.02154781120919
7 38 938.09011544466227
7 39 937.92845823582456
7 40 937.12647266882379
7 41 936.96062177256761
7 42 936.27540306992114
7 43 936.10864409108785
7 44 935.52783586086002
7 45 935.36397606544551
7 46 934.87592064674106
7 47 934.71889575402406
7 48 934.31291231527121
7 49 934.16649756378911
7 50 933.83306935374242
7 51 933.70068517149195
7 52 933.43156830224041
7 53 933.31616548902878
7 54 933.10443539757728
7 55 933.00844184614061
7 56 932.84849449208753
7 57 932.77380426684442
7 58 932.66133737480129
7 59 932.60934659145005
7 60 932.54125838483753
7 61 932.5124808024691
7 62 932.48698153713292
7 63 932.48698153713292
8 0 1000
8 1 997.3983043680139
8 2 994.62091480530887
8 3 992.33599035673899
8 4 989.56880379150471
8 5 987.65415862804298
8 6 984.90538280516409
8 7 983.33632339685005
8 8 980.61877668528325
8 9 979.36826311461277
8 10 976.69722767618816
8 11 975.7314072669684
8 12 973.12379089907495
8 13 972.40473662248303
8 14 969.87838307334584
8 15 969.3662444974093
8 16 966.93901916790401
8 17 966.59401356889987
8 18 964.2828234315283
8 19 964.06695177805875
8 20 961.88682421860597
8 21 961.76525671764205
8 22 959.72856819097512
8 23 959.67066101657394
8 24 957.78657869363315
8 25 957.76651204669395
8 26 956.04068120317208
8 27 956.03773506111133
8 28 954.47221604427887
8 29 954.47072273466586
8 30 953.06415672569335
8 31 953.05318657912687
8 32 951.80115087884519
8 33 951.77399758052752
8 34 950.66949971132067
8 35 950.62303537932712
8 36 949.65709090029816
8 37 949.59105798966402
8 38 948.75329876735486
8 39 948.66959786685845
8 40 947.9488642746353
8 41 947.85088532663542
8 42 947.23576581627776
8 43 947.12779695591246
8 44 946.60708997323957
8 45 946.49382464035159
8 46 946.05690943655395
8 47 945.94305996500987
8 48 945.58017330038467
8 49 945.47018875642073
8 50 945.17261300836935
8 51 945.07049114638278
8 52 944.83066551514878
8 53 944.73984349100976
8 54 944.55141382356771
8 55 944.47471957165885
8 56 944.33254337650249
8 57 944.27218851185012
8 58 944.17231914509978
8 59 944.12993535415558
8 60 944.06953116102125
8 61 944.04583623550377
8 62 944.02325804221346
8 63 944.02325804221346
9 0 1000
9 1 997.88782260495111
9 2 995.59733997835519
9 3 993.78319943407882
9 4 991.48216956609519
9 5 990.01150719365512
9 6 987.70588515573797
9 7 986.55263882941313
9 8 984.25327956006822
9 9 983.38925387661664
9 10 981.11009555098838
9 11 980.50104867213406
9 12 978.25824721497452
9 13 977.86648804077868
9 14 975.67765774170084
9 15 975.46408759069777
9 16 973.34731216754528
9 17 973.27330319824591
9 18 971.24608240799137
9 19 971.27508641336408
9 20 969.35334370869964
9 21 969.45217942838485
9 22 967.6494235678806
9 23 967.78920732510346
9 24 966.11591241260965
9 25 966.2726239607191
9 26 964.73586146499372
9 27 964.89056196968272
9 28 963.49388895741583
9 29 963.63262981149592
9 30 962.37621269363183
9 31 962.48969021710025
9 32 961.37062458815376
9 33 961.45364551767523
9 34 960.46642106758884
9 35 960.51724687636477
9 36 959.6543018430433
9 37 959.67393694099678
9 38 958.92624833592834
9 39 958.91772927136049
9 40 958.27539178583561
9 41 958.24312325321523
9 42 957.69587968673272
9 43 957.64505009973254
9 44 957.18274766090587
9 45 957.11884382134781
9 46 956.73180222789347
9 47 956.66023047908527
9 48 956.33951824076325
9 49 956.26532933513931
9 50 956.00295314619768
9 51 955.93066038194638
9 52 955.71967877284703
9 53 955.65315390101784
9 54 955.48773017509347
9 55 955.43015897060457
9 56 955.30556963164736
9 57 955.25944812049534
9 58 955.17206951738501
9 59 955.13924035028015
9 60 955.08646797711424
9 61 955.06783748292719
9 62 955.04816860833694
9 63 955.04816860833694
10 0 1000
10 1 998.36065535733837
10 2 996.54001839436307
10 3 995.17927274949625
10 4 993.32616525003402
10 5 992.28134244483624
10 6 990.39993717985396
10 7 989.64406848713588
10 8 987.7436861406203
10 9 987.24780431616273
10 10 985.34143884335265
10 11 985.0712595028948
10 12 983.17467266399876
10 13 983.09303559859359
10 14 981.22391638128681
10 15 981.29271163818055
10 16 979.46960599272825
10 17 979.65153755998688
10 18 977.89271963723718
10 19 978.15280880600017
10 20 976.47521912197828
10 21 976.78199814293828
10 22 975.20034275331352
10 23 975.52670588793785
10 24 974.05278147542481
10 25 974.37648623818939
10 26 973.01876464224426
10 27 973.32260002513976
10 28 972.0860761190927
10 29 972.35773549909152
10 30 971.24401720101969
10 31 971.47572937005566
10 32 970.48332976624829
10 33 970.67131100242113
10 34 969.79609094085549
10 35 969.93988402828973
10 36 969.17558904415421
10 37 969.27735219705346
10 38 968.61618942792484
10 39 968.67999032622322
10 40 968.11319778210702
10 41 968.14435688346055
10 42 967.66272739798569
10 43 967.6672419667749
10 44 967.26157568512269
10 45 967.24564308090646
10 46 966.90711393299114
10 47 966.87676086764327
10 48 966.59719294913521
10 49 966.55800753078086
10 50 966.3300658779616
10 51 966.28702179957691
10 52 966.10432829472563
10 53 966.06168563105598
10 54 965.91887468178913
10 55 965.88013925876385
10 56 965.77286918519405
10 57 965.74079171381993
10 58 965.66573337458385
10 59 965.64234538164146
10 60 965.59711133585552
10 61 965.58349343314876
10 62 965.56670509460218
10 63 965.56670509460218
11 0 1000
11 1 998.81622656576508
11 2 997.44784531981361
11 3 996.52265452781353
11 4 995.09893561680792
11 5 994.4615505481504
11 6 992.98533901762448
11 7 992.60833102499487
11 8 991.0878196468102
11 9 990.94181814324838
11 10 989.38942492866818
11 11 989.44042791282868
11 12 987.87184059392121
11 13 988.08348747847538
11 14 986.5167338396783
11 15 986.85211151113242
11 16 985.30640444981623
11 17 985.72969606351455
11 18 984.22423009461374
11 19 984.70211647077394
11 20 983.2549400235597
11 21 983.75770567358472
11 22 982.3847635625217
11 23 982.88707578449498
11 24 981.60148637164957
11 25 982.08284026340948
11 26 980.89444012338993
11 27 981.33928546191726
11 28 980.25444456459979
11 29 980.65203071837664
11 30 979.67371597827253
11 31 980.01770631238094
11 32 979.14575258931234
11 33 979.43366908744417
11 34 978.66520519601545
11 35 978.89776699746471
11 36 978.22773989993118
11 37 978.4081566404144
11 38 977.82989890034185
11 39 977.96317225044686
11 40 977.46896462060204
11 41 977.56124069035388
11 42 977.14283173421779
11 43 977.20083462872731
11 44 976.84989084727431
11 45 976.88045509068058
11 46 976.58892664554401
11 47 976.59863465356261
11 48 976.3590322688807
11 49 976.35395340639309
11 50 976.15954060916772
11 51 976.14506110063871
11 52 975.98997222662126
11 53 975.97070042866869
11 54 975.84999874477444
11 55 975.82972787829374
11 56 975.73941955940813
11 57 975.72112933882988
11 58 975.6581536882959
11 59 975.6440454377281
11 60 975.60621362145741
11 61 975.59752959261641
11 62 975.58357590828552
11 63 975.58357590828552
12 0 1000
12 1 999.25397843197038
12 2 998.31975651975711
12 3 997.81190238861643
12 4 996.79872560086176
12 5 996.55022199522887
12 6 995.46004998888463
12 7 995.44342763735972
12 8 994.28371567195836
12 9 994.46953804346344
12 10 993.25247453126531
12 11 993.60730942222176
12 12 992.3488019678781
12 13 992.83731724351128
12 14 991.55596785777152
12 15 992.14261632446255
12 16 990.85848030769273
12 17 991.50903613552714
12 18 990.24234612320697
12 19 990.9252096242941
12 20 989.69518700369383
12 21 990.38241013079187
12 22 989.20625758337792
12 23 989.87425903586666
12 24 988.76639750165111
12 25 989.39635961102306
12 26 988.36794107239302
12 27 988.94590303067821
12 28 988.00460070360259
12 29 988.52128240116724
12 30 987.67133486484909
12 31 988.12174060740972
12 32 987.36420782695177
12 33 987.74706837928898
12 34 987.08024626626764
12 35 987.39736072644337
12 36 986.81729670959953
12 37 987.07283311827825
12 38 986.57388727781301
12 39 986.77369366615551
12 40 986.34909691612575
12 41 986.50006410682192
12 42 986.14243502629824
12 43 986.2519404618622
12 44 985.95373399927621
12 45 986.02918362559365
12 46 985.7830565431592
12 47 985.83153051986403
12 48 985.63061894172824
12 49 985.65861753522699
12 50 985.49673053889683
12 51 985.51000945709791
12 52 985.38174891393487
12 53 985.38522870058819
12 54 985.28604949539067
12 55 985.28378126139864
12 56 985.21000748896802
12 57 985.20517669768435
12 58 985.15399312587749
12 59 985.1489536076316
12 60 985.11835367416995
12 61 985.1144975044208
12 62 985.10331847830787
12 63 985.10331847830787
13 0 1000
13 1 999.6733920534723
13 2 999.15476375837954
13 3 999.04564130069718
13 4 998.42392640422668
13 5 998.54555747701238
13 6 997.8222428973271
13 7 998.14751149064534
13 8 997.32967226349353
13 9 997.82939086818021
13 10 996.92929423127305
13 11 997.57086123924182
13 12 996.60488848340913
13 13 997.35420033876699
13 14 996.3417240300555
13 15 997.16473944710606
13 16 996.12679723858685
13 17 996.99096532554734
13 18 995.94891564223428
13 19 996.82439068633903
13 20 995.79866927407511
13 21 996.65926377600215
13 22 995.66833338319441
13 23 996.49217776988132
13 24 995.55173233682103
13 25 996.3216321292025
13 26 995.44408494171182
13 27 996.14758804067401
13 28 995.34184364301643
13 29 995.9710497772827
13 30 995.24253463191428
13 31 995.79369389236854
13 32 995.14460249875913
13 33 995.61755910832619
13 34 995.04726128733762
13 35 995.44480199174234
13 36 994.95035314100357
13 37 995.27751727911652
13 38 994.85421570460392
13 39 995.11761714185877
13 40 994.75955965968933
13 41 994.96676072320395
13 42 994.66735794176918
13 43 994.82632378853339
13 44 994.57874815682055
13 45 994.69739806084272
13 46 994.49494942839465
13 47 994.58081047045869
13 48 994.41719439717872
13 49 994.47715382587035
13 50 994.34667644251806
13 51 994.3868220249517
13 52 994.28451149824832
13 53 994.31004463352463
13 54 994.23171320230199
13 55 994.24691728442315
13 56 994.18917937053641
13 57 994.19742541387075
13 58 994.15769004012316
13 59 994.16146936036046
13 60 994.13789709199216
13 61 994.13874094910261
13 62 994.13026288844674
13 63 994.13026288844674
14 0 1000
14 1 1000.0739635682226
14 2 999.95191177982258
14 3 1000.2225961845287
14 4 999.97301071656671
14 5 1000.4459291280994
14 6 1000.070214696066
14 7 1000.7189597790398
14 8 1000.2241451573331
14 9 1001.0200554949544
14 10 1000.4187681282909
14 11 1001.3302929794455
14 12 1000.639612715196
14 13 1001.6340378156785
14 14 1000.8742749740139
14 15 1001.9191691804314
14 16 1001.1124559076474
14 17 1002.1769968897222
14 18 1001.3458797816623
14 19 1002.4019864173555
14 20 1001.568135096693
14 21 1002.591356357984
14 22 1001.7744779243998
14 23 1002.7446054582849
14 24 1001.961623581223
14 25 1002.8630168189432
14 26 1002.1275424939862
14 27 1002.9491767096661
14 28 1002.2712683594832
14 29 1003.0065353300276
14 30 1002.3927215210117
14 31 1003.0390273319761
14 32 1002.49254752072
14 33 1003.0507614305835
14 34 1002.5719695381481
14 35 1003.0457812905784
14 36 1002.6326533295212
14 37 1003.02789428084
14 38 1002.6765838099482
14 39 1003.0005606986839
14 40 1002.7059531392813
14 41 1002.9668336167588
14 42 1002.7230607790241
14 43 1002.9293384286093
14 44 1002.7302263135916
14 45 1002.8902812189875
14 46 1002.7297158235149
14 47 1002.8514759745674
14 48 1002.7236822980178
14 49 1002.814382085554
14 50 1002.7141200702307
14 51 1002.7801452978173
14 52 1002.7028326595752
14 53 1002.749637034058
14 54 1002.6914128278606
14 55 1002.7234886456905
14 56 1002.681233006071
14 57 1002.7021183555627
14 58 1002.6734456225694
14 59 1002.6857555596248
14 60 1002.6689798361309
14 61 1002.6743747221973
14 62 1002.6685127986792
14 63 1002.6685127986792
15 0 1000
15 1 1000.4552296589809
15 2 1000.7103242137338
15 3 1001.3415619977205
15 4 1001.4445939574526
15 5 1002.249817551095
15 6 1002.2024591083756
15 7 1003.1562918107123
15 8 1002.9658190390151
15 9 1004.0403749015785
15 10 1003.7200154230586
15 11 1004.8849852675655
15 12 1004.4527022536976
15 13 1005.6768923769229
15 14 1005.1540648025929
15 15 1006.4067305085049
15 16 1005.8166664123594
15 17 1007.0687422696219
15 18 1006.4352145426459
15 19 1007.6603727967723
15 20 1007.0062868901369
15 21 1008.181771008082
15 22 1007.5280514087608
15 23 1008.6352499903952
15 24 1008.000001120252
15 25 1009.024748554968
15 26 1008.4227143579171
15 27 1009.3553261089647
15 28 1008.797643724692
15 29 1009.632713383107
15 30 1009.1269324076874
15 31 1009.8629326991617
15 32 1009.4132541731188
15 33 1010.0519937062924
15 34 1009.6596727929864
15 35 1010.2056641116005
15 36 1009.8695172097598
15 37 1010.329310016802
15 38 1010.0462698604219
15 39 1010.4277970763238
15 40 1010.1934668025604
15 41 1010.5054417312031
15 42 1010.3146093018141
15 43 1010.5660010757291
15 44 1010.4130871851704
15 45 1010.6126902415134
15 46 1010.4921144959833
15 47 1010.6482172627996
15 48 1010.5546778533763
15 49 1010.6748269396356
15 50 1010.6034975245938
15 51 1010.6943469880441
15 52 1010.6410006864498
15 53 1010.7082315496002
15 54 1010.6693058034899
15 55 1010.7175987724485
15 56 1010.6902164795922
15 57 1010.7232604915315
15 58 1010.7052236370135
15 59 1010.7257454109648
15 60 1010.7155088959087
15 61 1010.7252886485272
15 62 1010.7219473693174
15 63 1010.7219473693174
16 0 1000
16 1 1000.8167440607198
16 2 1001.4291603234053
16 3 1002.4014335327981
16 4 1002.837374407503
16 5 1003.955864895555
16 6 1004.2175896158441
16 7 1005.4582268214156
16 8 1005.5535235957562
16 9 1006.8894046424759
16 10 1006.8323110697307
16 11 1008.2345180450959
16 12 1008.0440354837219
16 13 1009.4829894651861
16 14 1009.1816682293129
16 15 1010.6283558866797
16 16 1010.2407358757804
16 17 1011.6678522011672
16 18 1011.2189488182858
16 19 1012.6018901277336
16 20 1012.1158286459539
16 21 1013.43347918111
16 22 1012.9323606472021
16 23 1014.1676354753241
16 24 1013.6706862256822
16 25 1014.8108140275743
16 26 1014.3338400514941
16 27 1015.3703909976706
16 28 1014.9255301456161
16 29 1015.8542134914388
16 30 1015.4499552533797
16 31 1016.2702265710938
16 32 1015.9116523632392
16 33 1016.6261802287229
16 34 1016.3153674313519
16 35 1016.9294134796303
16 36 1016.6659436218733
16 37 1017.1867085210502
16 38 1016.9682230777499
16 39 1017.4042050852397
16 40 1017.2269599360219
16 41 1017.5873636091004
16 42 1017.4467436882899
16 43 1017.7409654804384
16 44 1017.6319329055655
16 45 1017.8691391803285
16 46 1017.7865997697952
16 47 1017.975402366666
16 48 1017.9144858471897
16 49 1018.0627115775802
16 50 1018.0189692200381
16 51 1018.1335130391666
16 52 1018.1030426003073
16 53 1018.1897898466902
16 54 1018.1693015088086
16 55 1018.2331024077888
16 56 1018.2199410950084
16 57 1018.2646204545277
16 58 1018.2567598070704
16 59 1018.2851448645201
16 60 1018.2811689874313
16 61 1018.2951509527242
16 62 1018.2942260015892
16 63 1018.2942260015892
17 0 1000
17 1 1001.1581013219341
17 2 1002.1076585788632
17 3 1003.4011765203464
17 4 1004.1501856633597
17 5 1005.5628177815355
17 6 1006.1143959183586
17 7 1007.6236141974261
17 8 1007.9862818573655
17 9 1009.5663431842396
17 10 1009.7551154860089
17 11 1011.3786122153493
17 12 1011.4136454427075
17 13 1013.0526789245147
17 14 1012.9577651249439
17 15 1014.5850725471557
17 16 1014.3860138828793
17 17 1015.976032061283
17 18 1015.6990839445239
17 19 1017.2288858430953
17 20 1016.8993650373502
17 21 1018.3494079130808
17 22 1017.9905444271783
17 23 1019.3451892414658
17 24 1018.9772702253586
17 25 1020.2250528392061
17 26 1019.8648765677611
17 27 1020.9985331445395
17 28 1020.6591636836866
17 29 1021.6754324651638
17 30 1021.3662230410097
17 31 1022.265460288147
17 32 1021.9922972043257
17 33 1022.7779553405377
17 34 1022.5436650886298
17 35 1023.221685519911
17 36 1023.0265452499282
17 37 1023.604717295529
17 38 1023.4470121302669
17 39 1023.934343909844
17 40 1023.810922313399
17 41 1024.2170606102031
17 42 1024.1238495566104
17 43 1024.4585750637225
17 44 1024.3910285075681
17 45 1024.6638418520208
17 46 1024.6173075849993
17 47 1024.837111273758
17 48 1024.8071115825855
17 49 1024.9819843643397
17 50 1024.9644142818975
17 51 1025.1014678561389
17 52 1025.0927208824839
17 53 1025.1980245707109
17 54 1025.1950595101787
17 55 1025.2736163214825
17 56 1025.2739806046254
17 57 1025.3297379145481
17 58 1025.3315617799869
17 59 1025.3674374391223
17 60 1025.3694232300388
17 61 1025.3874111807011
17 62 1025.3887898884846
17 63 1025.3887898884846
18 0 1000
18 1 1001.4789142583022
18 2 1002.745094041402
18 3 1004.3398523421855
18 4 1005.3819418643432
18 5 1007.0695687922048
18 6 1007.8917780962909
18 7 1009.651473503709
18 8 1010.2632436339006
18 9 1012.0705579511316
18 10 1012.4880177009676
18 11 1014.3171332094929
18 12 1014.5616811990802
18 13 1016.3864116580231
18 14 1016.4831258413794
18 15 1018.2779516200239
18 16 1018.253904373663
18 17 1019.9949660081595
18 18 1019.8776318750334
18 19 1021.5436185496422
18 20 1021.3594631853888
18 21 1022.9323300303666
18 22 1022.7056544711527
18 23 1024.1711249308833
18 24 1023.9232092949699
18 25 1025.2710398850822
18 26 1025.0196013767099
18 27 1026.2436084994208
18 28 1026.0025619490013
18 29 1027.100430587135
18 30 1026.8799179544633
18 31 1027.8528280836681
18 32 1027.6594678189672
18 33 1028.5115849911579
18 34 1028.3488834496109
18 35 1029.0867647748328
18 36 1028.9556297606794
18 37 1029.587595779037
18 38 1029.4868958398547
18 39 1030.0224134584776
18 40 1029.9495343952065
18 41 1030.3986474743119
18 42 1030.3500081031082
18 43 1030.7228418612415
18 44 1030.6943427966282
18 45 1031.0006973540992
18 46 1030.9880881089393
18 47 1031.2371263617222
18 48 1031.236286320983
18 49 1031.4363127761999
18 50 1031.4434499084557
18 51 1031.6017706068158
18 52 1031.6135478028584
18 53 1031.7363971653776
18 54 1031.74999981458
18 55 1031.8425180754132
18 56 1031.8556782443859
18 57 1031.9219229679052
18 58 1031.9329136891822
18 59 1031.9758841319835
18 60 1031.98351586989
18 61 1032.0053007196191
18 62 1032.0088634269614
18 63 1032.0088634269614
19 0 1000
19 1 1001.7788354646123
19 2 1003.3408188353537
19 3 1005.2165922318976
19 4 1006.5316816565714
19 5 1008.475108353083
19 6 1009.5487888592036
19 7 1011.540939769883
19 8 1012.3837151695457
19 9 1014.4015359338441
19 10 1015.0307440186865
19 11 1017.050056320522
19 12 1017.4883907828627
19 13 1019.4847260884361
19 14 1019.7585673387733
19 15 1021.7081189435324
19 16 1021.8457970709986
19 17 1023.726352392933
19 18 1023.756526389908
19 19 1025.5483158327415
19 20 1025.4985495811488
19 21 1027.1849403705507
19 22 1027.0805445533388
19 23 1028.6485321374337
19 24 1028.5117120224695
19 25 1029.9521830828612
19 26 1029.8015038792164
19 27 1031.1092679333187
19 28 1030.9594237095582
19 29 1032.1330309361485
19 30 1031.9948820775462
19 31 1033.0362614574085
19 32 1032.9170907516918
19 33 1033.8310536100703
19 34 1033.7349828383394
19 35 1034.5286419775409
19 36 1034.4571491031486
19 37 1035.1393032580122
19 38 1035.0917840544832
19 39 1035.6723123248296
19 40 1035.6466382256731
19 41 1036.1359407491657
19 42 1036.1289752903315
19 43 1036.5374861704317
19 44 1036.5455340940698
19 45 1036.8833218787511
19 46 1036.9024964280586
19 47 1037.1789574087586
19 48 1037.205461529453
19 49 1037.4291026396786
19 50 1037.4594280376753
19 51 1037.637729669266
19 52 1037.6687836381302
19 53 1037.8081284260177
19 54 1037.8373020294807
19 55 1037.9429534831929
19 56 1037.9681464594573
19 57 1038.0442612016277
19 58 1038.0638762740011
19 59 1038.1135266840918
19 60 1038.1264727949285
19 61 1038.1518347516126
19 62 1038.1574552648115
19 63 1038.1574552648115
20 0 1000
20 1 1002.0575366828807
20 2 1003.8942220131778
20 3 1006.0306169149305
20 4 1007.5985203955684
20 5 1009.7785552983481
20 6 1011.0845802084923
20 7 1013.2912879487352
20 8 1014.3471100259108
20 9 1016.5588915003129
20 10 1017.3831220144771
20 11 1019.5774517310373
20 12 1020.1941047125013
20 13 1022.3482082849204
20 14 1022.7849597033211
20 15 1024.876691569111
20 16 1025.163097564405
20 17 1027.171820475807
20 18 1027.337674877788
20 19 1029.2450766250656
20 20 1029.3189799102306
20 21 1031.1097499342884
20 22 1031.1179536488173
20 23 1032.780268369218
20 24 1032.7458307886354
20 25 1034.2716184693677
20 26 1034.2138801197659
20 27 1035.5988597053095
20 28 1035.5332226422374
20 29 1036.77673219658
20 30 1036.7147067397393
20 31 1037.8193540377181
20 32 1037.7688224108128
20 33 1038.740001600049
20 34 1038.7056401767456
20 35 1039.550963835899
20 36 1039.5347642160805
20 37 1040.2634599305457
20 38 1040.2652929937581
20 39 1040.8876086981566
20 40 1040.9057837936537
20 41 1041.432437910084
20 42 1041.4642199272953
20 43 1041.9059222180481
20 44 1041.9479809285574
20 45 1042.3150393726805
20 46 1042.3638168210405
20 47 1042.6658358807731
20 48 1042.7178277057558
20 49 1042.9634949166434
20 50 1043.0154496428345
20 51 1043.2124010350783
20 52 1043.2614472762875
20 53 1043.4161978828117
20 54 1043.4599130211254
20 55 1043.5778365550966
20 56 1043.6142722656964
20 57 1043.6996139739053
20 58 1043.727290500949
20 59 1043.7831881334268
20 60 1043.8011038845921
20 61 1043.8298131564791
20 62 1043.8373597672723
20 63 1043.8373597672723
21 0 1000
21 1 1002.3147274851026
21 2 1004.4047657793815
21 3 1006.7812145420345
21 4 1008.5816853140715
21 5 1010.9791181062812
21 6 1012.4984325077866
21 7 1014.9018924805683
21 8 1016.1529628224667
21 9 1018.5423347682749
21 10 1019.5450727112242
21 11 1021.8994691305691
21 12 1022.6792040558749
21 13 1024.977497090214
21 14 1025.5631708759083
21 15 1027.7848046536408
21 16 1028.2071520873392
21 17 1030.332977793548
21 18 1030.6228682395013
21 19 1032.6359358746283
21 20 1032.8229399525717
21 21 1034.7091635255492
21 22 1034.8204036986533
21 23 1036.5690448721455
21 24 1036.6283616554265
21 25 1038.232299536294
21 26 1038.2597390456272
21 27 1039.715518178635
21 28 1039.7271230066219
21 29 1041.0347934183953
21 30 1041.0426594270548
21 31 1042.2054399490885
21 32 1042.2179879312127
21 33 1043.2417957601037
21 34 1043.2641996040886
21 35 1044.1570947433868
21 36 1044.1918065345772
21 37 1044.9633997754136
21 38 1045.0107163370553
21 39 1045.6715847347989
21 40 1045.7302081744435
21 41 1046.2913538956875
21 42 1046.3589092899067
21 43 1046.8312877038145
21 44 1046.9047726424767
21 45 1047.2989050076449
21 46 1047.3750570263483
21 47 1047.7007332460994
21 48 1047.7763111970248
21 49 1048.0423797291198
21 50 1048.1143632235219
21 51 1048.3285988310672
21 52 1048.3943157268227
21 53 1048.5633515157242
21 54 1048.6205469974964
21 55 1048.7498550111425
21 56 1048.7967176393136
21 57 1048.8906222434618
21 58 1048.9257781465496
21 59 1048.9874753979909
21 60 1049.0100037978398
21 61 1049.0418222049623
21 62 1049.0511581195481
21 63 1049.0511581195481
22 0 1000
22 1 1002.5501371755062
22 2 1004.8719491875062
22 3 1007.4677554037665
22 4 1009.4804754563169
22 5 1012.0761155518918
22 6 1013.7897132741947
22 7 1016.3722387380001
22 8 1017.8008955524693
22 9 1020.351665438614
22 10 1021.5165915718959
22 11 1024.0163099464448
22 12 1024.9441205461642
22 13 1027.3732344599839
22 14 1028.0940874970731
22 15 1030.4335424724036
22 16 1030.9792881886005
22 17 1033.2113263171395
22 18 1033.6138385718809
22 19 1035.7227712898648
22 20 1036.0125162549916
22 21 1037.9853826794492
22 22 1038.1902787207021
22 23 1040.0173308520332
22 24 1040.1619274168042
22 25 1041.8369069490807
22 26 1041.941885480144
22 27 1043.4620821113037
22 28 1043.5440592691948
22 29 1044.9101627856594
22 30 1044.9817576465011
22 31 1046.1975338891359
22 32 1046.2676477231346
22 33 1047.3394806057474
22 34 1047.4137309176258
22 35 1048.3500786037735
22 36 1048.4313281535256
22 37 1049.2421416964087
22 38 1049.3310674058341
22 39 1050.0272155989148
22 40 1050.1228703395284
22 41 1050.7156065544223
22 42 1050.8159373465865
22 43 1051.3164342231094
22 44 1051.4187318968598
22 45 1051.8376992966007
22 46 1051.9389658892546
22 47 1052.2863576979364
22 48 1052.3835878021232
22 49 1052.6683948150944
22 50 1052.7587750999619
22 51 1052.9888948468858
22 52 1053.0699317563156
22 53 1053.2521018869199
22 54 1053.3216910469775
22 55 1053.4614707217004
22 56 1053.5179234388324
22 57 1053.6197071656811
22 58 1053.6617445090735
22 59 1053.7287799938304
22 60 1053.7555538150586
22 61 1053.7902354638425
22 62 1053.8012195807664
22 63 1053.8012195807664
23 0 1000
23 1 1002.7635303411784
23 2 1005.2953393199474
23 3 1008.0896738782766
23 4 1010.2942884572569
23 5 1013.0689469569866
23 6 1014.9578950476464
23 7 1017.7018951509746
23 8 1019.2906191280939
23 9 1021.9867555359614
23 10 1023.297729467653
23 11 1025.9282262277284
23 12 1026.9892961600067
23 13 1029.5360829629967
23 14 1030.3785551261508
23 15 1032.823974353302
23 16 1033.4807396150547
23 17 1035.8083145944763
23 18 1036.3121738269883
23 19 1038.5073681305944
23 20 1038.8896059548822
23 21 1040.9404788996039
23 22 1041.2297348129355
23 23 1043.1274309078397
23 24 1043.3488919798835
23 25 1045.0879263219183
23 26 1045.2628420223627
23 27 1046.8411695974053
23 28 1046.9866675413923
23 29 1048.4055473583462
23 30 1048.5347108749136
23 31 1049.7983941225386
23 32 1049.920550019368
23 33 1051.0358338045376
23 34 1051.1569921296334
23 35 1052.1326865045921
23 36 1052.256073347957
23 37 1053.1024296856522
23 38 1053.2290583439224
23 39 1053.9572026751127
23 40 1054.0864366043149
23 41 1054.7078436442405
23 42 1054.8379151192769
23 43 1055.3639488667952
23 44 1055.4924087165871
23 45 1055.9339451076746
23 46 1056.0580300377515
23 47 1056.4251673490148
23 48 1056.5420812216705
23 49 1056.8439355963287
23 50 1056.9510489772761
23 51 1057.1956260838269
23 52 1057.2906040895257
23 53 1057.48473369409
23 54 1057.5656056593846
23 55 1057.7149237110061
23 56 1057.7801100647891
23 57 1057.8890729228924
23 58 1057.9373791370804
23 59 1058.0092800079151
23 60 1058.0399226550555
23 61 1058.077215169428
23 62 1058.0897024774151
23 63 1058.0897024774151
24 0 1000
24 1 1002.954691676797
24 2 1005.6745398754405
24 3 1008.6464787512524
24 4 1011.0225883836166
24 5 1013.9571046228906
24 6 1016.0025251700451
24 7 1018.8905149383614
24 8 1020.6219123633359
24 9 1023.4475341086898
24 10 1024.8885862903248
24 11 1027.6354860824374
24 12 1028.8151941376443
24 13 1031.4666729270332
24 14 1032.4174069180883
24 15 1034.9570867617444
24 16 1035.7126908498708
24 17 1038.1252593196425
24 18 1038.7193750221179
24 19 1040.9913352744429
24 20 1041.4559827476733
24 21 1043.576309021797
24 22 1043.9407708296244
24 23 1045.9014038033324
24 24 1046.191432020081
24 25 1047.9875735465364
24 26 1048.2249185663325
24 27 1049.8551120481686
24 28 1050.0573506093283
24 29 1051.5233567944274
24 30 1051.7039795284743
24 31 1053.0104761683683
24 32 1053.1791829296171
24 33 1054.3333293807132
24 34 1054.4964743459177
24 35 1055.5073885253712
24 36 1055.668516464945
24 37 1056.5467120493502
24 38 1056.7071315187814
24 39 1057.463958916936
24 40 1057.6233062150479
24 41 1058.2704330261365
24 42 1058.4271912113077
24 43 1058.9761480864199
24 44 1059.1280967196153
24 45 1059.5899041841471
24 46 1059.734486530408
24 47 1060.1193685696658
24 48 1060.2539727717372
24 49 1060.5711546804698
24 50 1060.6933132913741
24 51 1060.9508949379206
24 52 1061.0584128731357
24 53 1061.2633043027256
24 54 1061.3543287190087
24 55 1061.512232834991
24 56 1061.5852803285939
24 57 1061.7007074493822
24 58 1061.7546578650088
24 59 1061.8309408568032
24 60 1061.865067920671
24 61 1061.9047130749218
24 62 1061.9185552611282
24 63 1061.9185552611282
25 0 1000
25 1 1003.1234383305123
25 2 1006.0092168170455
25 3 1009.1377391456467
25 4 1011.6649250343951
25 5 1014.7401521780383
25 6 1016.923234986887
25 7 1019.9378184474745
25 8 1021.7946154568972
25 9 1024.7339804655314
25 10 1026.2892861071139
25 11 1029.138381653891
25 12 1030.4222561941046
25 13 1033.1656262797646
25 14 1034.2114055573256
25 15 1036.8338219383368
25 16 1037.6762078617221
25 17 1040.1633961606747
25 18 1040.8367805028283
25 19 1043.1761647627775
25 20 1043.7132192854704
25 21 1045.8945797430208
25 22 1046.3251529658728
25 23 1048.3411284525639
25 24 1048.6914669330561
25 25 1050.5378592332318
25 26 1050.830149814205
25 27 1052.5060147812171
25 28 1052.7582242366195
25 29 1054.2657585153925
25 30 1054.491730439172
25 31 1055.8359816544555
25 32 1056.045738805353
25 33 1057.2341799471264
25 34 1057.4343742587967
25 35 1058.4763894772325
25 36 1058.6708414949139
25 37 1059.5771710897809
25 38 1059.7674449910396
25 39 1060.5496330881242
25 40 1060.7356015305488
25 41 1061.4054821645532
25 42 1061.5858455971031
25 43 1062.1550931635759
25 44 1062.3278295463147
25 45 1062.8075892542627
25 46 1062.9703211192127
25 47 1063.3709253439797
25 48 1063.5212008416383
25 49 1063.8519689925481
25 50 1063.9874613818656
25 51 1064.256574558525
25 52 1064.3752102254114
25 53 1064.5896477125762
25 54 1064.6896762131207
25 55 1064.8551986746616
25 56 1064.9352202009632
25 57 1065.0563845187401
25 58 1065.1153435619567
25 59 1065.1955167912745
25 60 1065.2327368705635
25 61 1065.2744715557089
25 62 1065.2895173730183
25 63 1065.2895173730183
26 0 1000
26 1 1003.2696078330879
26 2 1006.2990726083792
26 3 1009.5630912081375
26 4 1012.2209093979845
26 5 1015.4177308331492
26 6 1017.7197189561475
26 7 1020.8435887305641
26 8 1022.8086184829193
26 9 1025.8461045937956
26 10 1027.4999788990197
26 11 1030.4371934341605
26 12 1031.8109190116236
26 13 1034.6335064065258
26 14 1035.761273918087
26 15 1038.4550166289707
26 16 1039.3722807860361
26 17 1041.9238115190151
26 18 1042.6656175540497
26 19 1045.0631608649499
26 20 1045.6627442638171
26 21 1047.8967778573694
26 22 1048.3844739750566
26 23 1050.4482384536659
26 24 1050.8507172772509
26 25 1052.7405297747273
26 26 1053.0803506636203
26 27 1054.7957059436339
26 28 1055.0911679026271
26 29 1056.6346350082511
26 30 1056.8998820026402
26 31 1058.2768238627914
26 32 1058.5221534145062
26 33 1059.7403098815953
26 34 1059.9726274003187
26 35 1061.0416087956994
26 36 1061.2649697599365
26 37 1062.1957086510417
26 38 1062.4118951813009
26 39 1063.2160998703632
26 40 1063.4251863008546
26 41 1064.1148317662278
26 42 1064.3157041635138
26 43 1064.9025864644884
26 44 1065.0933922833729
26 45 1065.5887621304539
26 46 1065.7672771168286
26 47 1066.1815585949546
26 48 1066.3454676939307
26 49 1066.688059853685
26 50 1066.835156641539
26 51 1067.1143093399003
26 52 1067.2426240847831
26 53 1067.4653752342103
26 54 1067.5732450709866
26 55 1067.7454042628428
26 56 1067.8315008840818
26 57 1067.9576644605472
26 58 1068.0209876398005
26 59 1068.1045516015056
26 60 1068.1444675331791
26 61 1068.1880243479334
26 62 1068.2041201055342
26 63 1068.2041201055342
27 0 1000
27 1 1003.3930673341985
27 2 1006.5438660935009
27 3 1009.9222277692364
27 4 1012.690226665021
27 5 1015.9895445811105
27 6 1018.3917379035956
27 7 1021.607661506546
27 8 1023.6638509026138
27 9 1026.7839470056151
27 10 1028.5208149431608
27 11 1031.53220246923
27 12 1032.9815745211522
27 13 1035.8708429612097
27 14 1037.0676439835313
27 15 1039.8214380623178
27 16 1040.801765167344
27 17 1043.4074871528874
27 18 1044.2069399161016
27 19 1046.6534903220474
27 20 1047.3057798972102
27 21 1049.5842230703433
27 22 1050.1200936734315
27 23 1052.2241747474575
27 24 1052.6706505800669
27 25 1054.5971176552043
27 26 1054.977068752675
27 27 1056.7257828947465
27 28 1057.0577847546813
27 29 1058.6316253111768
27 30 1058.9300715687691
27 31 1060.3346638772452
27 32 1060.6100803251502
27 33 1061.8533861162321
27 34 1062.1128887599045
27 35 1063.204706252154
27 36 1063.4525458380156
27 37 1064.4039672226477
27 38 1064.6421071235104
27 39 1065.4649769251953
27 40 1065.6936593086364
27 41 1066.4000693919193
27 42 1066.6183348915192
27 43 1067.2201821699948
27 44 1067.4263194623834
27 45 1067.934942074148
27 46 1068.1268546241452
27 47 1068.5527526354863
27 48 1068.7282394654858
27 49 1069.0808779020213
27 50 1069.2378329561659
27 51 1069.5255186327779
27 52 1069.6620588578455
27 53 1069.8918782570008
27 54 1070.0064138760201
27 55 1070.1842171286719
27 56 1070.2754795133174
27 57 1070.4058956644683
27 58 1070.4729307243601
27 59 1070.5593797338674
27 60 1070.6015893691633
27 61 1070.6466974045968
27 62 1070.6636873090345
27 63 1070.6636873090345
28 0 1000
28 1 1003.4937046670468
28 2 1006.7433928808188
28 3 1010.2149022473955
28 4 1013.0726187364182
28 5 1016.4553623715709
28 6 1018.9391056213852
28 7 1022.2299179995216
28 8 1024.3602764422315
28 9 1027.5475593053816
28 10 1029.3519505240054
28 11 1032.4236585044841
28 12 1033.9345870994209
28 13 1036.8780893806002
28 14 1038.1310845914252
28 15 1040.9337337809186
28 16 1041.96541821292
28 17 1044.6152457408716
28 18 1045.4616699190833
28 19 1047.9481269817109
28 20 1048.643387176942
28 21 1050.958014589665
28 22 1051.5331847810955
28 23 1053.6701363821549
28 24 1054.1525256602829
28 25 1056.108897867744
28 26 1056.5216257052259
28 27 1058.297575050304
28 28 1058.6594387705547
28 29 1060.2580944570434
28 30 1060.5836880123009
28 31 1062.0108863362907
28 32 1062.3109187781245
28 33 1063.5747995927143
28 34 1063.8565561485507
28 35 1064.9670683233167
28 36 1065.2349568006798
28 37 1066.2033203650551
28 38 1066.4594500614646
28 39 1067.2976185318594
28 40 1067.5423668451963
28 41 1068.2625255341193
28 42 1068.4950577193733
28 43 1069.109184124806
28 44 1069.3279027753572
28 45 1069.8474048661078
28 46 1070.0503165063215
28 47 1070.4857550271433
28 48 1070.6707507513377
28 49 1071.0316434161737
28 50 1071.1966981857026
28 51 1071.4913973038192
28 52 1071.6346980367455
28 53 1071.8703288953905
28 54 1071.990344815913
28 55 1072.1727899456216
28 56 1072.2683006026314
28 57 1072.4022151953827
28 58 1072.472303731661
28 59 1072.5611268774908
28 60 1072.6052240924439
28 61 1072.6516094879812
28 62 1072.6693360536922
28 63 1072.6693360536922
29 0 1000
29 1 1003.571434663674
29 2 1006.8974993963523
29 3 1010.4409216811504
29 4 1013.3678921914238
29 5 1016.8150088506558
29 6 1019.3616887356454
29 7 1022.7102800559552
29 8 1024.8978822795284
29 9 1028.1370071617391
29 10 1029.993525852761
29 11 1033.1117922548938
29 12 1034.6702613922339
29 13 1037.6556442542283
29 14 1038.9520615005358
29 15 1041.7924607335651
29 16 1042.863854012458
29 17 1045.5477856249584
29 18 1046.4305518297856
29 19 1048.947889862884
29 20 1049.6764200107848
29 21 1052.0190702709338
29 22 1052.6246899836635
29 23 1054.7871188208223
29 24 1055.2973541068359
29 25 1057.2769239107006
29 26 1057.7150838926802
29 27 1059.5121765743172
29 28 1059.8972271151006
29 29 1061.515162313445
29 30 1061.8618495563105
29 31 1063.306624246349
29 32 1063.6257965367852
29 33 1064.9056861550646
29 34 1065.2047574430076
29 35 1066.3298254585843
29 36 1066.6133231319561
29 37 1067.5948867545646
29 38 1067.8650313152145
29 39 1068.7151268561229
29 40 1068.9723988450482
29 41 1069.7032825532194
29 42 1069.9469423481273
29 43 1070.570652851977
29 44 1070.7991900521088
29 45 1071.3271882621716
29 46 1071.5386881440195
29 47 1071.9815807868806
29 48 1072.1740048269526
29 49 1072.5413495310431
29 50 1072.7127346390632
29 51 1073.0129181727384
29 52 1073.1615047790765
29 53 1073.4016818210055
29 54 1073.5259842781261
29 55 1073.712061901261
29 56 1073.8108966117727
29 57 1073.9475498190611
29 58 1074.0200283981053
29 59 1074.1107107449357
29 60 1074.1562861812843
29 61 1074.2036727878656
29 62 1074.221977158855
29 63 1074.221977158855
30 0 1000
30 1 1003.626193298628
30 2 1007.0060697096758
30 3 1010.6001486494098
30 4 1013.5759072006507
30 5 1017.0683643251521
30 6 1019.6593990853695
30 7 1023.0487031627033
30 8 1025.2766776017177
30 9 1028.5523546748261
30 10 1030.4456713069562
30 11 1033.5967913320826
30 12 1035.1888564092662
30 13 1038.2038203026907
30 14 1039.5309584521865
30 15 1042.3980495055687
30 16 1043.497569984673
30 17 1046.205642719332
30 18 1047.114181778818
30 19 1049.6534050295309
30 20 1050.4055567154862
30 21 1052.7680903634193
30 22 1053.3953532893854
30 23 1055.5758809658289
30 24 1056.1059301467201
30 25 1058.1019989718523
30 26 1058.5582738562316
30 27 1060.3704221224243
30 28 1060.7720045455349
30 29 1062.4036838889276
30 30 1062.7654249213601
30 31 1064.2227435621519
30 32 1064.5555877993822
30 33 1065.8469149262032
30 34 1066.1583654612705
30 35 1067.2938436766899
30 36 1067.5885108760917
30 37 1068.5795243984601
30 38 1068.8597060609275
30 39 1069.718348209102
30 40 1069.9845966653547
30 41 1070.7231724654414
30 42 1070.9748143670147
30 43 1071.6054044330758
30 44 1071.8409900407844
30 45 1072.3750916118447
30 46 1072.5927611345239
30 47 1073.0410124703565
30 48 1073.2387764916925
30 49 1073.6107625842574
30 50 1073.7867012420031
30 51 1074.090832481884
30 52 1074.2432235485626
30 53 1074.4866747659767
30 54 1074.6140640844446
30 55 1074.8027591850864
30 56 1074.9039888743753
30 57 1075.0426164563719
30 58 1075.1168179852505
30 59 1075.2088414983371
30 60 1075.2554834299469
30 61 1075.3035933431472
30 62 1075.3223156511774
30 63 1075.3223156511774
31 0 1000
31 1 1003.6579412901602
31 2 1007.0690338009535
31 3 1010.6924973195039
31 4 1013.6965815293233
31 5 1017.2153598993501
31 6 1019.8321922890365
31 7 1023.2451746969099
31 8 1025.4966853338717
31 9 1028.7936677279124
31 10 1030.7084921742751
31 11 1033.8788094034715
31 12 1035.4905642000749
31 13 1038.5228590456481
31 14 1039.8680513660374
31 15 1042.7508235054413
31 16 1043.8669184704111
31 17 1046.5892128472981
31 18 1047.5129786067548
31 19 1050.0651296040303
31 20 1050.8312717307783
31 21 1053.2055818276619
31 22 1053.8456938598508
31 23 1056.0369686422537
31 24 1056.5788074314364
31 25 1058.5846977360902
31 26 1059.0517744960237
31 27 1060.8729064365723
31 28 1061.2843671157282
31 29 1062.9242664504684
31 30 1063.2950204002784
31 31 1064.7598577830997
31 32 1065.1009033243647
31 33 1066.3991004991487
31 34 1066.7179907180473
31 35 1067.8597345697071
31 36 1068.1611265642096
31 37 1069.1578387226471
31 38 1069.4440739773167
31 39 1070.3078795046113
31 40 1070.5795510391388
31 41 1071.3227820453337
31 42 1071.5792541564265
31 43 1072.2140145051671
31 44 1072.4538719666332
31 45 1072.9916789658032
31 46 1073.213093275077
31 47 1073.6646025713158
31 48 1073.8656123031242
31 49 1074.2404239565365
31 50 1074.4191338988855
31 51 1074.7256712988262
31 52 1074.8803805223342
31 53 1075.1258295861571
31 54 1075.2551018951704
31 55 1075.4453957928101
31 56 1075.5480879764318
31 57 1075.6879227952509
31 58 1075.7631776297007
31 59 1075.8560222250144
31 60 1075.9033172819193
31 61 1075.9518714280489
31 62 1075.9708511038195
31 63 1075.9708511038195
32 0 1000
32 1 1003.6666612394386
32 2 1007.0863609755817
32 3 1010.7179340042183
32 4 1013.7298853011324
32 5 1017.2559766351471
32 6 1019.8800645875003
32 7 1023.2997092532436
32 8 1025.557942381251
32 9 1028.8610047524078
32 10 1030.782072959003
32 11 1033.9579526431492
32 12 1035.575518200043
32 13 1038.612913818178
32 14 1039.9635201694477
32 15 1042.8509797534505
32 16 1043.9721211599729
32 17 1046.6987315853767
32 18 1047.6271998698555
32 19 1050.1833318431209
32 20 1050.9538522088023
32 21 1053.3318395980705
32 22 1053.9760223233
32 23 1056.1706977279528
32 24 1056.7163144095969
32 25 1058.7253517863412
32 26 1059.1959270516547
32 27 1061.0199721730658
32 28 1061.4346645132032
32 29 1063.0772597371852
32 30 1063.4509904678202
32 31 1064.9183203696543
32 32 1065.2620993553994
32 33 1066.5625972856526
32 34 1066.8839887928557
32 35 1068.027851272353
32 36 1068.3315232015054
32 37 1069.330179844831
32 38 1069.6184840471124
32 39 1070.4840665392599
32 40 1070.7576058844543
32 41 1071.5024518509542
32 42 1071.7605998832596
32 43 1072.3968178116427
32 44 1072.6381678701928
32 45 1073.1772789767174
32 46 1073.4000103765154
32 47 1073.8526736380509
32 48 1074.0548319755908
32 49 1074.4306503059497
32 50 1074.6103465652143
32 51 1074.9177458013332
32 52 1075.0732844094598
32 53 1075.3194525547035
32 54 1075.4494018321502
32 55 1075.6402738060492
32 56 1075.7434942319148
32 57 1075.8837675490311
32 58 1075.9594047115058
32 59 1076.0525491783162
32 60 1076.1000831251911
32 61 1076.1488017878573
32 62 1076.1678778877526
32 63 1076.1678778877526
33 0 1000
33 1 1003.6523586788396
33 2 1007.0580624150174
33 3 1010.676475962742
33 4 1013.6758417800788
33 5 1017.1902443018329
33 6 1019.803051485295
33 7 1023.2123486908121
33 8 1025.4604957410925
33 9 1028.7544186940495
33 10 1030.6664710152456
33 11 1033.8342837855721
33 12 1035.4437847926922
33 13 1038.4740557360306
33 14 1039.8174389077444
33 15 1042.6985963559907
33 16 1043.8132584459695
33 17 1046.5342827311588
33 18 1047.4569310988745
33 19 1050.0081000657938
33 20 1050.7733877390212
33 21 1053.1469554891667
33 22 1053.7864313845675
33 23 1055.9771626503152
33 24 1056.5185460899945
33 25 1058.5240574143193
33 26 1058.9908281466996
33 27 1060.8117168605563
33 28 1061.2229943974505
33 29 1062.8627619944198
33 30 1063.2334333386109
33 31 1064.6982298572841
33 32 1065.0392742680538
33 33 1066.337503766342
33 34 1066.6564579042943
33 35 1067.7982919365684
33 36 1068.099798598965
33 37 1069.096645376648
33 38 1069.3830334824993
33 39 1070.2470062274826
33 40 1070.5188576761859
33 41 1071.2622779909811
33 42 1071.5189471933645
33 43 1072.153909589721
33 44 1072.3939725180546
33 45 1072.9319859826503
33 46 1073.1536063127071
33 47 1073.6053191154019
33 48 1073.8065285091679
33 49 1074.1815342196392
33 50 1074.3604314144989
33 51 1074.6671477801431
33 52 1074.8220266285125
33 53 1075.0676347493354
33 54 1075.1970546513037
33 55 1075.3874836913844
33 56 1075.4902978433522
33 57 1075.630240689984
33 58 1075.7055890025497
33 59 1075.7985119648058
33 60 1075.8458704331747
33 61 1075.8944737959657
33 62 1075.9134853134915
33 63 1075.9134853134915
34 0 1000
34 1 1003.615062143284
34 2 1006.9841912258164
34 3 1010.5681909439312
34 4 1013.5345276518462
34 5 1017.0182405038416
34 6 1019.6012283229094
34 7 1022.9831609113005
34 8 1025.2044033511233
34 9 1028.4739555408469
34 10 1030.3617176210607
34 11 1033.5078205133386
34 12 1035.0953645389309
34 13 1038.1062720481013
34 14 1039.4297770529172
34 15 1042.29363091195
34 16 1043.3902707413615
34 17 1046.0957968315538
34 18 1047.0020870686592
34 19 1049.5393413486793
34 20 1050.2897715269971
34 21 1052.6508170821057
34 22 1053.2767968863284
34 23 1055.456235469984
34 24 1055.985364972584
34 25 1057.9806748937895
34 26 1058.4363305879267
34 27 1060.2479923457954
34 28 1060.649203073993
34 29 1062.2806195694484
34 30 1062.6421915277892
34 31 1064.0994295773778
34 32 1064.4322690313531
34 33 1065.7236623122672
34 34 1066.0352392875186
34 35 1067.1708996309601
34 36 1067.4657956810981
34 37 1068.4570803810686
34 38 1068.7375679759939
34 39 1069.5965466001835
34 40 1069.8631556511216
34 41 1070.6021121511362
34 42 1070.8541493799767
34 43 1071.4851456142021
34 44 1071.7211435420645
34 45 1072.2556600603573
34 46 1072.4737431364217
34 47 1072.9224034020847
34 48 1073.1205682868638
34 49 1073.4929442714836
34 50 1073.6692589205068
34 51 1073.9737496947075
34 52 1074.1264813778964
34 53 1074.3702521050018
34 54 1074.4979378035309
34 55 1074.6869043496447
34 56 1074.7883789554824
34 57 1074.9272234955265
34 58 1075.0016127148788
34 59 1075.0937935881439
34 60 1075.1405628094628
34 61 1075.1887714965098
34 62 1075.2075576738973
34 63 1075.2075576738973
35 0 1000
35 1 1003.5548217380568
35 2 1006.8648393259987
35 3 1010.393198630646
35 4 1013.3060708778137
35 5 1016.7400927393392
35 6 1019.2747095062629
35 7 1022.612241205846
35 8 1024.7897352504369
35 9 1028.0196542656604
35 10 1029.8678212283376
35 11 1032.9785337018766
35 12 1034.5301973235898
35 13 1037.5094627100352
35 14 1038.8004061226852
35 15 1041.6359156696831
35 16 1042.7029660342459
35 17 1045.3830453091985
35 18 1046.26241973895
35 19 1048.7767750539592
35 20 1049.5027082305303
35 21 1051.8431010658578
35 22 1052.446785151722
35 23 1054.6075593831758
35 24 1055.1164076277641
35 25 1057.094822406013
35 26 1057.5320490279303
35 27 1059.3283993139335
35 28 1059.7128901880953
35 29 1061.3304221161145
35 30 1061.676855602301
35 31 1063.1215035685605
35 32 1063.4406700978438
35 33 1064.7206557760082
35 34 1065.0199193365734
35 35 1066.1452595529311
35 36 1066.4291040077019
35 37 1067.4110751297692
35 38 1067.6816827284356
35 39 1068.5322850260475
35 40 1068.7901024591204
35 41 1069.5215602005521
35 42 1069.7658177596877
35 43 1070.3901411172412
35 44 1070.6193016240718
35 45 1071.1479261963443
35 46 1071.3600511390991
35 47 1071.8035612209255
35 48 1071.9965910592771
35 49 1072.3645245488003
35 50 1072.5364778024152
35 51 1072.8372043218033
35 52 1072.9863055652563
35 53 1073.2269651565391
35 54 1073.3517153626622
35 55 1073.5382029299926
35 56 1073.6374075886504
35 57 1073.7743884151687
35 58 1073.8471504408471
35 59 1073.9380703534414
35 60 1073.9838379318389
35 61 1074.0313735332663
35 62 1074.0497741861384
35 63 1074.0497741861384
36 0 1000
36 1 1003.4717121252162
36 2 1006.700144100402
36 3 1010.1516691976678
36 4 1012.9906564513653
36 5 1016.355977543192
36 6 1018.8236527542704
36 7 1022.0997145356829
36 8 1024.2165749778621
36 9 1027.3915531613086
36 10 1029.1847652548095
36 11 1032.2463577733092
36 12 1033.7481564312627
36 13 1036.6834540831455
36 14 1037.9290904486334
36 15 1040.7251735422813
36 16 1041.7510080944917
36 17 1044.3956576489325
36 18 1045.2375048021777
36 19 1047.7199501051057
36 20 1048.4116997556262
36 21 1050.723289699971
36 22 1051.2958388311442
36 23 1053.430563707306
36 24 1053.9110712292131
36 25 1055.8658891334749
36 26 1056.2773476288073
36 27 1058.0522983030355
36 28 1058.4133977809547
36 29 1060.0115115286294
36 30 1060.3367547347291
36 31 1061.7637835644084
36 32 1062.063801439637
36 33 1063.3278127549881
36 34 1063.6098230242085
36 35 1064.7207028334797
36 36 1064.9890544299253
36 37 1065.9579677257386
36 38 1066.2147181720954
36 39 1067.0535699146349
36 40 1067.2990507823972
36 41 1068.0199832093415
36 42 1068.2533190283282
36 43 1068.8682713180576
36 44 1069.0878284471867
36 45 1069.6081744880066
36 46 1069.8119272772467
36 47 1070.2481976140718
36 48 1070.4340087465146
36 49 1070.7956945315439
36 50 1070.9615141211193
36 51 1071.256944580869
36 52 1071.4009381325729
36 53 1071.6372188496625
36 54 1071.7578375261814
36 55 1071.9408346482683
36 56 1072.0368432716559
36 57 1072.1711989041823
36 58 1072.2416688819637
36 59 1072.3308117138488
36 60 1072.3751673467043
36 61 1072.4217529989494
36 62 1072.4396088259136
36 63 1072.4396088259136
37 0 1000
37 1 1003.3658285785978
37 2 1006.4902796374785
37 3 1009.8438274653207
37 4 1012.5885211272812
37 5 1015.8661260729896
37 6 1018.2482585157802
37 7 1021.4457385721478
37 8 1023.4850252223297
37 9 1026.5896882958341
37 10 1028.3125203048412
37 11 1031.3111837522251
37 12 1032.7490666251424
37 13 1035.6279867510852
37 14 1036.8155097163981
37 15 1039.5610015323371
37 16 1040.5339417576133
37 17 1043.1331016693243
37 18 1043.9267679752461
37 19 1046.3682234733919
37 20 1047.0160710194343
37 21 1049.2906488117667
37 22 1049.8232009268197
37 23 1051.9244424796268
37 24 1052.3685350078983
37 25 1054.2930152794363
37 26 1054.6713584807815
37 27 1056.4187916802616
37 28 1056.7498255258399
37 29 1058.3229661517603
37 30 1058.6209688572349
37 31 1060.0253355040866
37 32 1060.300733891994
37 33 1061.5441963138983
37 34 1061.8040208080224
37 35 1062.8962972820045
37 36 1063.1447239741551
37 37 1064.0968366269838
37 38 1064.3357632453594
37 39 1065.1594947576143
37 40 1065.3891053818452
37 41 1066.0964927532571
37 42 1066.3157764100665
37 43 1066.9186677595194
37 44 1067.1258672215808
37 45 1067.6355573106991
37 46 1067.828535291309
37 47 1068.2554857709256
37 48 1068.4320053132135
37 49 1068.7856474414234
37 50 1068.943571026984
37 51 1069.2321822907022
37 52 1069.369599754453
37 53 1069.6002416131246
37 54 1069.715540310712
37 55 1069.8940420994531
37 56 1069.9859347567767
37 57 1070.1169089143534
37 58 1070.1844265872458
37 59 1070.2712798877228
37 60 1070.313816220659
37 61 1070.3591771355032
37 62 1070.3763300720582
37 63 1070.3763300720582
38 0 1000
38 1 1003.2372929159268
38 2 1006.2354698915756
38 3 1009.4699501781963
38 4 1012.0999649034667
38 5 1015.2708225896318
38 6 1017.548778520335
38 7 1020.6505084418365
38 8 1022.5952107364564
38 9 1025.6141063805787
38 10 1027.2510398766531
38 11 1030.1728802353584
38 12 1031.5326923596854
38 13 1034.3427432936783
38 14 1035.4592404362945
38 15 1038.1429032853821
38 16 1039.0511690993612
38 17 1041.5947185732609
38 18 1042.3294576623889
38 19 1044.7207955445301
38 20 1045.3149409206972
38 21 1047.5442616377211
38 22 1048.0278857036187
38 23 1050.0881853967853
38 24 1050.4877324162323
38 25 1052.3751192250861
38 26 1052.7129559588527
38 27 1054.4267465953653
38 28 1054.7210078498617
38 29 1056.2636194905449
38 30 1056.5283088022086
38 31 1057.9049742424088
38 32 1058.1502683163253
38 33 1059.3686151256804
38 34 1059.6013146427833
38 35 1060.6708554881961
38 36 1060.8949244222674
38 37 1061.8265062688204
38 38 1062.0436462073978
38 39 1062.8489018096077
38 40 1063.0591158024429
38 41 1063.7499531371552
38 42 1063.952063927703
38 43 1064.5402194867054
38 44 1064.73231822768
38 45 1065.2289897864555
38 46 1065.40880227043
38 47 1065.8243670469562
38 48 1065.9895341445913
38 49 1066.3333500028402
38 50 1066.4816267744027
38 51 1066.7619078063319
38 52 1066.891291350441
38 53 1067.1150449574363
38 54 1067.2238444473358
38 55 1067.3968548660853
38 56 1067.4837192038194
38 57 1067.6105625304049
38 58 1067.6744733475809
38 59 1067.7585295188405
38 60 1067.7988428791759
38 61 1067.8427069967595
38 62 1067.8590005337182
38 63 1067.8590005337182
39 0 1000
39 1 1003.0862469172146
39 2 1005.9359742618469
39 3 1009.0303730900515
39 4 1011.5253419749022
39 5 1014.5704142724377
39 6 1016.7255141179347
39 7 1019.7142626923131
39 8 1021.5472867431537
39 9 1024.4648633985112
39 10 1026.000279576903
39 11 1028.8312831626081
39 12 1030.0987668140335
39 13 1032.8273292832091
39 14 1033.8597926382947
39 15 1036.4702625567729
39 16 1037.3019910446305
39 17 1039.7796908284743
39 18 1040.4446886351573
39 19 1042.7766746292441
39 20 1043.3072655194746
39 21 1045.4829921160956
39 22 1045.908719296446
39 23 1047.9205417463322
39 24 1048.2673876918097
39 25 1050.110863536022
39 26 1050.4007883734457
39 27 1052.0747640408886
39 28 1052.3255403358196
39 29 1053.8320328741099
39 30 1054.0573375460651
39 31 1055.4012400070426
39 32 1055.6109520820735
39 33 1056.799603638545
39 34 1057.0002502856469
39 35 1058.042918429991
39 36 1058.2382111148042
39 37 1059.1455337367443
39 38 1059.3369406257298
39 39 1060.1203714052842
39 40 1060.3076801890386
39 41 1060.9789729360614
39 42 1061.1608086145388
39 43 1061.7315664210416
39 44 1061.905839899832
39 45 1062.3871446451678
39 46 1062.5514189881153
39 47 1062.9535470162082
39 48 1063.1053179239398
39 49 1063.4375394400502
39 50 1063.574434350774
39 51 1063.8448877580122
39 52 1063.9647936072856
39 53 1064.1804217897825
39 54 1064.2815548837525
39 55 1064.4480882729554
39 56 1064.5290217051595
39 57 1064.6509930518002
39 58 1064.7106497529928
39 59 1064.7914069911349
39 60 1064.8290983799484
39 61 1064.8711969178607
39 62 1064.8864765049434
39 63 1064.8864765049434
40 0 1000
40 1 1002.9128612571628
40 2 1005.5921070683524
40 3 1008.5254863947612
40 4 1010.8650784192386
40 5 1013.7653077218654
40 6 1015.7788303473302
40 7 1018.6372884767254
40 8 1020.3414452471408
40 9 1023.1420415050839
40 10 1024.5601930967766
40 11 1027.2862247356238
40 12 1028.4469767987653
40 13 1031.0813126025046
40 14 1032.0165845316581
40 15 1034.5423901521392
40 16 1035.2855736929266
40 17 1037.6870934662236
40 18 1038.2714025274774
40 19 1040.5347294029298
40 20 1040.9917953517117
40 21 1043.1055356693435
40 22 1043.4642963001763
40 23 1045.4200673654939
40 24 1045.705973765221
40 25 1047.4986966385563
40 26 1047.7332387198371
40 27 1049.3612144661884
40 28 1049.5617443051867
40 29 1051.026524809799
40 30 1051.2063391376626
40 31 1052.5124217453522
40 32 1052.6810524613077
40 33 1053.8354399779519
40 34 1053.9990949894188
40 35 1055.0107686729625
40 36 1055.1728645867822
40 37 1056.0522180770624
40 38 1056.2139504955396
40 39 1056.9722281847871
40 40 1057.133133393874
40 41 1057.7819088731467
40 42 1057.9403811253546
40 43 1058.4911015304981
40 44 1058.6448414954896
40 45 1059.1084532147609
40 46 1059.2548342383916
40 47 1059.6414956968947
40 48 1059.7778443026202
40 49 1060.0967232495539
40 50 1060.220518202455
40 51 1060.4796645907411
40 52 1060.5886645316846
40 53 1060.7949458648209
40 54 1060.8872589753028
40 55 1061.0463428318076
40 56 1061.1204539593318
40 57 1061.2368224655734
40 58 1061.2915862191089
40 59 1061.368549926432
40 60 1061.4032257834033
40 61 1061.4432940057452
40 62 1061.4574073877448
40 63 1061.4574073877448
41 0 1000
41 1 1002.7173261122351
41 2 1005.2042174848182
41 3 1007.9557450628288
41 4 1010.1196583793535
41 5 1012.8559840702364
41 6 1014.7091512186558
41 7 1017.4199323672398
41 8 1018.977923441975
41 9 1021.6457504666683
41 10 1022.9307552319528
41 11 1025.5375229779759
41 12 1026.5769995069979
41 13 1029.1042007986559
41 14 1029.9289904142327
41 15 1032.3584904013132
41 16 1033.0010038633382
41 17 1035.3158520720508
41 18 1035.8084272103097
41 19 1037.9936413188668
41 20 1038.367135063454
41 21 1040.4103689851743
41 22 1040.6930366759998
41 23 1042.5850744339291
41 24 1042.8017642145344
41 25 1044.5368047600834
41 26 1044.7084702616421
41 27 1046.2841934077205
41 28 1046.4277053552321
41 29 1047.8451312604632
41 30 1047.9733501324181
41 31 1049.2365224919918
41 32 1049.3585813674517
41 33 1050.4741164392024
41 34 1050.595856260855
41 35 1051.5724057290302
41 36 1051.6969042270225
41 37 1052.544580077106
41 38 1052.6727197335479
41 39 1053.4025247555778
41 40 1053.5335532061895
41 41 1054.1568527969673
41 42 1054.2888995152007
41 43 1054.8169605768121
41 44 1054.9474851183304
41 45 1055.3910974420355
41 46 1055.5172556689188
41 47 1055.8864414117747
41 48 1056.0053659818534
41 49 1056.3091745307577
41 50 1056.4181738881132
41 51 1056.6645530566102
41 52 1056.7612388978819
41 53 1056.9569691830436
41 54 1057.0393258663314
41 55 1057.1900023340943
41 56 1057.2564136588292
41 57 1057.3664600576142
41 58 1057.4157024016254
41 59 1057.4883861673775
41 60 1057.519659573695
41 61 1057.5574373724487
41 62 1057.5702350695035
41 63 1057.5702350695035
42 0 1000
42 1 1002.4998631271508
42 2 1004.7727149992793
42 3 1007.321661671797
42 4 1009.2896485348994
42 5 1011.8429917209987
42 6 1013.5169809155092
42 7 1016.0626031662464
42 8 1017.4570160154924
42 9 1019.9761450504276
42 10 1021.1119614565267
42 11 1023.5850147467171
42 12 1024.4884878158739
42 13 1026.8954882069518
42 14 1027.5963122045448
42 15 1029.9177192255138
42 16 1030.4472488917772
42 17 1032.6648077964624
42 18 1033.054427821718
42 19 1035.151972426931
42 20 1035.4316890086031
42 21 1037.3958168887903
42 22 1037.5931291575198
42 23 1039.4136943530823
42 24 1039.5527773025854
42 25 1041.2231686302932
42 26 1041.3243734209068
42 27 1042.8415706999942
42 28 1042.9212246607153
42 29 1044.2856468377752
42 30 1044.3561162322137
42 31 1045.5712926540375
42 32 1045.6412577179096
42 33 1046.7133654386612
42 34 1046.7882499080356
42 35 1047.7255655437425
42 36 1047.8080616750319
42 37 1048.6203763059109
42 38 1048.7110104062419
42 39 1049.4090513332003
42 40 1049.5067428048678
42 41 1050.1016379132514
42 42 1050.2042152910997
42 43 1050.7070258193166
42 44 1050.8116747725287
42 45 1051.2330118114933
42 46 1051.336641297702
42 47 1051.6863715186175
42 48 1051.7858942202636
42 49 1052.0729319839925
42 50 1052.1654631754045
42 51 1052.397639809531
42 52 1052.4806245965149
42 53 1052.6646214026823
42 54 1052.7359038104885
42 55 1052.8772332108454
42 56 1052.9350825481331
42 57 1053.0381017793654
42 58 1053.0812057969049
42 59 1053.149133153149
42 60 1053.1766246385494
42 61 1053.2118574772603
42 62 1053.2231931456668
42 63 1053.2231931456668
43 0 1000
43 1 1002.2607130465231
43 2 1004.2980437977089
43 3 1006.6238203247549
43 4 1008.3756783415257
43 5 1010.7269680016967
43 6 1012.2028935607728
43 7 1014.5657899392236
43 8 1015.7790800242492
43 9 1018.1334326442837
43 10 1019.103850551032
43 11 1021.4285491291585
43 12 1022.1811103814168
43 13 1024.4546339659116
43 14 1025.0178344761466
43 15 1027.2191477558574
43 16 1027.6232226697568
43 17 1029.7326690714667
43 18 1030.0079792678457
43 19 1032.0081085362274
43 20 1032.183735729699
43 21 1034.0599905664035
43 22 1034.1626037732024
43 23 1035.9038144515946
43 24 1035.9568434393429
43 25 1037.5555015851378
43 26 1037.5786260334962
43 27 1039.030932225339
43 28 1039.0398708105299
43 29 1040.3455717333065
43 30 1040.3521353113629
43 31 1041.5141829951951
43 32 1041.5265419079931
43 33 1042.5506188635572
43 34 1042.5737266836975
43 35 1043.467686094988
43 36 1043.5038006383611
43 37 1044.2770705484761
43 38 1044.3263168545889
43 39 1044.9893124197577
43 40 1045.0502403317716
43 41 1045.6138200345913
43 42 1045.6839194979291
43 43 1046.15891115217
43 44 1046.2350598950245
43 45 1046.6318717226861
43 46 1046.7107012697222
43 47 1047.0390234431907
43 48 1047.1171994315241
43 49 1047.3857930886963
43 50 1047.4602139433321
43 51 1047.6767782926745
43 52 1047.7447021689443
43 53 1047.9158060690172
43 54 1047.9749195480742
43 55 1048.1059817960941
43 56 1048.1544257595694
43 57 1048.249728287924
43 58 1048.2860910752636
43 59 1048.3487965210652
43 60 1048.3721355788048
43 61 1048.4045751133378
43 62 1048.4143061390844
43 63 1048.4143061390844
44 0 1000
44 1 1002.0001506701756
44 2 1003.7807136903832
44 3 1005.8628660659739
44 4 1007.3784718063836
44 5 1009.5086261171965
44 6 1010.7675633133441
44 7 1012.9300591368392
44 8 1013.9445562079017
44 9 1016.1178868197795
44 10 1016.9065118058245
44 11 1019.0680197055706
44 12 1019.6545419777085
44 13 1021.7811121021452
44 14 1022.1927976450245
44 15 1024.2618271470064
44 16 1024.5277433888059
44 17 1026.5180867646004
44 18 1026.6675115979215
44 19 1028.5603398533731
44 20 1028.6213647500829
44 21 1030.4008690278006
44 22 1030.3992639802659
44 23 1032.0531562743233
44 24 1032.0115362780145
44 25 1033.5313216134141
44 26 1033.4686264347911
44 27 1034.8496436697656
44 28 1034.78091717404
44 29 1036.0221661112882
44 30 1035.9586005957788
44 31 1037.0623894323801
44 32 1037.0115856409213
44 33 1037.9830436925829
44 34 1037.9494290271991
44 35 1038.7959347112669
44 36 1038.781280370436
44 37 1039.5118539613293
44 38 1039.5158354332293
44 39 1040.1405410436525
44 40 1040.1612942419868
44 41 1040.690687136334
44 42 1040.7253229519124
44 43 1041.1699681087662
44 44 1041.2150197387148
44 45 1041.5850969250921
44 46 1041.6368856974773
44 47 1041.9418863529443
44 48 1041.9968018573034
44 49 1042.2453146480939
44 50 1042.3000131406434
44 51 1042.4995886213005
44 52 1042.551119582093
44 53 1042.7082001564768
44 54 1042.7540745000315
44 55 1042.8739737255601
44 56 1042.9121890919639
44 57 1042.9991042969457
44 58 1043.0281381635766
44 59 1043.0851694233857
44 60 1043.1039953603215
44 61 1043.1334006377904
44 62 1043.1413885263732
44 63 1043.1413885263732
45 0 1000
45 1 1001.7184694289296
45 2 1003.2212692043339
45 3 1005.0395226153727
45 4 1006.2988206460967
45 5 1008.1887845393958
45 6 1009.2117459816212
45 7 1011.156082355405
45 8 1011.9539663509136
45 9 1013.929864908369
45 10 1014.5201023396257
45 11 1016.5033665177075
45 12 1016.9085016203697
45 13 1018.8743954450164
45 14 1019.1204549663188
45 15 1021.0447545806272
45 16 1021.1596055297788
45 17 1023.0196044074769
45 18 1023.0313920351215
45 19 1024.8067988763348
45 20 1024.7425634194331
45 21 1026.4162287351646
45 22 1026.3007734536457
45 23 1027.8592010680136
45 24 1027.7142553649712
45 25 1029.1478764400908
45 26 1028.9915689119418
45 27 1030.2947782886044
45 28 1030.141408183315
45 29 1031.312382857092
45 30 1031.1724568190887
45 31 1032.2127922752143
45 32 1032.0932778605727
45 33 1033.0074885189747
45 34 1032.9122273334431
45 35 1033.7071620820773
45 36 1033.6373832806592
45 37 1034.3216063316279
45 38 1034.276484717285
45 39 1034.8596667299514
45 40 1034.8368774506248
45 41 1035.3292333272857
45 42 1035.3254656348486
45 43 1035.7372650481702
45 44 1035.748669201465
45 45 1036.089835134276
45 46 1036.1123879429122
45 47 1036.3921884624176
45 48 1036.4219731302765
45 49 1036.6488031148181
45 50 1036.682207268118
45 51 1036.8634503412802
45 52 1036.8972920919332
45 53 1037.0392487542304
45 54 1037.0708443194544
45 55 1037.1787101187904
45 56 1037.2058984259093
45 57 1037.2837758916276
45 58 1037.3049115923332
45 59 1037.3558306702132
45 60 1037.3697945743966
45 61 1037.3959326935039
45 62 1037.4020438271539
45 63 1037.4020438271539
46 0 1000
46 1 1001.4159991427279
46 2 1002.6203252146876
46 3 1004.154577633677
46 4 1005.1376236309709
46 5 1006.7683461913438
46 6 1007.5363196140325
46 7 1009.2446243045234
46 8 1009.8079466716116
46 9 1011.5698130041897
46 10 1011.9448663042765
46 11 1013.7346020446097
46 12 1013.9427532354306
46 13 1015.7340028980939
46 14 1015.8000530809935
46 15 1017.5669393688713
46 16 1017.5175411430047
46 17 1019.2357388063181
46 18 1019.0978697071627
46 19 1020.7455502360341
46 20 1020.5451489906466
46 21 1022.103737246124
46 22 1021.8645799199281
46 23 1023.3192822619654
46 24 1023.0621460936288
46 25 1024.4022307603468
46 26 1024.1443636762126
46 27 1025.3631959022416
46 28 1025.1180825001588
46 29 1026.2129364761408
46 30 1025.9903289263389
46 31 1026.9620142128672
46 32 1026.7681805053387
46 33 1027.6205306791962
46 34 1027.4586635300941
46 35 1028.1979392363501
46 36 1028.0686665036442
46 37 1028.7029240464854
46 38 1028.6048647808959
46 39 1029.1433358339632
46 40 1029.0736537346729
46 41 1029.5261729872145
46 42 1029.4810894584955
46 43 1029.8575964780596
46 44 1029.8328371191164
46 45 1030.1429677802403
46 46 1030.1341276053834
46 47 1030.3869002582514
46 48 1030.389723171071
46 49 1030.5933161368655
46 50 1030.6038924724674
46 51 1030.7655029360114
46 52 1030.7803949067272
46 53 1030.9061649860103
46 54 1030.9224735811224
46 55 1031.0174671990972
46 56 1031.0328559754878
46 57 1031.101069996804
46 58 1031.1137579167705
46 59 1031.1581440786604
46 60 1031.1669096994542
46 61 1031.1895573767556
46 62 1031.1936634340616
46 63 1031.1936634340616
47 0 1000
47 1 1001.0930876166165
47 2 1001.9785312365348
47 3 1003.2089043002594
47 4 1003.8958517827598
47 5 1005.2483364602941
47 6 1005.7422554933875
47 7 1007.1965825751837
47 8 1007.507233639816
47 9 1009.0382972655873
47 10 1009.1811416278955
47 11 1010.761826783066
47 12 1010.7571358387142
47 13 1012.3594951324372
47 14 1012.2308848931129
47 15 1013.8273775229867
47 16 1013.6002921546543
47 17 1015.1649347239892
47 18 1014.8651624603835
47 19 1016.3745285627593
47 20 1016.0268642477113
47 21 1017.4608784576603
47 22 1017.0880139032309
47 23 1018.4305027313735
47 24 1018.0521964638091
47 25 1019.2911800516655
47 26 1018.9237275103086
47 27 1020.0514572642581
47 28 1019.7074545927882
47 29 1020.720221255047
47 30 1020.4085928056824
47 31 1021.3063446329883
47 32 1021.0325876944376
47 33 1021.8184082375284
47 34 1021.5849989008547
47 35 1022.2644979400691
47 36 1022.0713991958917
47 37 1022.6520690329188
47 38 1022.4972852272119
47 39 1022.9878686931178
47 40 1022.8679979722093
47 41 1023.2779054924679
47 42 1023.1886522354292
47 43 1023.5274545392587
47 44 1023.464075411259
47 45 1023.7410873628833
47 46 1023.6987561235969
47 47 1023.9227168388971
47 48 1023.8968033201023
47 49 1024.075649044451
47 50 1024.0619160583185
47 51 1024.2026356997148
47 52 1024.1973637111291
47 53 1024.3059225966294
47 54 1024.3059757498904
47 55 1024.3872910084704
47 56 1024.3901399586136
47 57 1024.4480907193688
47 58 1024.451805199303
47 59 1024.4892560200506
47 60 1024.4925023843205
47 61 1024.511446644593
47 62 1024.5134255914816
47 63 1024.5134255914816
48 0 1000
48 1 1000.7501208204508
48 2 1001.2966107186429
48 3 1002.2034419083436
48 4 1002.5745951116478
48 5 1003.6298729578716
48 6 1003.8306703299597
48 7 1005.0129632290761
48 8 1005.0527121340306
48 9 1006.3359956276718
48 10 1006.2293954842311
48 11 1007.5852430759903
48 12 1007.3515800723387
48 13 1008.7505126081584
48 14 1008.412283803368
48 15 1009.8251127390727
48 16 1009.4065817304236
48 17 1010.8056451173661
48 18 1010.3314071588721
48 19 1011.6916326988104
48 20 1011.1853102816119
48 21 1012.485054847602
48 22 1011.9682085498869
48 23 1013.1898392202991
48 24 1012.6811488918627
48 25 1013.8113520128289
48 26 1013.3260923131181
48 27 1014.3559184053856
48 28 1013.9057241779724
48 29 1014.8303956241047
48 30 1014.4232889667755
48 31 1015.2418123402837
48 32 1014.8824460660542
48 33 1015.5970804949436
48 34 1015.287142616117
48 35 1015.9027793202799
48 36 1015.6415000056465
48 37 1016.1650064718142
48 38 1015.9497117073588
48 39 1016.3892878161392
48 40 1016.2159513475219
48 41 1016.5805354626928
48 42 1016.4442908907143
48 43 1016.7430429167953
48 44 1016.6386294376423
48 45 1016.8805065320428
48 46 1016.8026333386334
48 47 1016.9960634841058
48 48 1016.9396881691254
48 49 1017.0923380015589
48 50 1017.0528626999001
48 51 1017.1714893222888
48 52 1017.144884447391
48 53 1017.2352565877655
48 54 1017.218125810959
48 55 1017.2849974990942
48 56 1017.274599448396
48 57 1017.3217191145387
48 58 1017.3159595437479
48 59 1017.3460949218206
48 60 1017.3435172120992
48 61 1017.3585574783823
48 62 1017.3582940135037
48 63 1017.3582940135037
49 0 1000
49 1 1000.387501799205
49 2 1000.5753213142605
49 3 1001.1392210139189
49 4 1001.17501945086
49 5 1001.9142124926309
49 6 1001.802784699362
49 7 1002.6949342520792
49 8 1002.4453860797521
49 9 1003.4637461404932
49 10 1003.0902153053077
49 11 1004.2051891927497
49 12 1003.726124208031
49 13 1004.9067891749049
49 14 1004.3436657481404
49 15 1005.5592263849459
49 16 1004.9351803114583
49 17 1006.1562972615217
49 18 1005.4947453720118
49 19 1006.6946700977747
49 20 1006.0180460753656
49 21 1007.1735140016456
49 22 1006.5022068252385
49 23 1007.5940558400317
49 24 1006.9456089549468
49 25 1007.9591121940113
49 26 1007.3477101139558
49 27 1008.2726333187759
49 28 1007.7088733678261
49 29 1008.5392861877342
49 30 1008.0302089730976
49 31 1008.7640943559151
49 32 1008.3134289181629
49 33 1008.9521440294963
49 34 1008.5607131296057
49 35 1009.1083586976919
49 36 1008.7745861749401
49 37 1009.2373391638693
49 38 1008.9578038259913
49 39 1009.3432618681878
49 40 1009.1132495574276
49 41 1009.4298259644522
49 42 1009.2438416454517
49 43 1009.5002385348971
49 44 1009.3524518382924
49 45 1009.5572273581087
49 46 1009.4418365450157
49 47 1009.6030715052108
49 48 1009.5145811710998
49 49 1009.6396414382663
49 50 1009.5730577091231
49 51 1009.6684419559109
49 52 1009.619395081436
49 53 1009.6906530507796
49 54 1009.6554611242364
49 55 1009.7071653582914
49 56 1009.6828546796174
49 57 1009.718608327405
49 58 1009.702905020052
49 59 1009.7253681490589
49 60 1009.7166812423003
49 61 1009.7276300340349
49 62 1009.72501691139
49 63 1009.72501691139
50 0 1000
50 1 1000.0056726728285
50 2 999.81549651931141
50 3 1000.0173392085004
50 4 999.69841985631695
50 5 1000.102710405222
50 6 999.65998720977382
50 7 1000.2437862585639
50 8 999.68644334445128
50 9 1000.4225212292239
50 10 999.76436427272529
50 11 1000.6221354066635
50 12 999.88095196607651
50 13 1000.8281742692681
50 14 1000.0245438022454
50 15 1001.0288864278066
50 16 1000.1848944564393
50 17 1001.2153659279708
50 18 1000.353286734216
50 19 1001.3814495155965
50 20 1000.5225289884703
50 21 1001.5234547461904
50 22 1000.6868833849865
50 23 1001.6398171285178
50 24 1000.8419538409972
50 25 1001.7306777779754
50 26 1000.9845535483818
50 27 1001.7974631274889
50 28 1001.1125643226661
50 29 1001.8424881536573
50 30 1001.2247947345244
50 31 1001.8686048296653
50 32 1001.3208406876636
50 33 1001.8789086215068
50 34 1001.400950395855
50 35 1001.876508201397
50 36 1001.4658950896749
50 37 1001.8643574197658
50 38 1001.5168467780255
50 39 1001.8451440656346
50 40 1001.5552646094281
50 41 1001.8212270242432
50 42 1001.5827915460949
50 43 1001.7946119602365
50 44 1001.6011630237418
50 45 1001.766955376194
50 46 1001.6121289734241
50 47 1001.7395875309199
50 48 1001.6173900608422
50 49 1001.7135459481892
50 50 1001.6185483350126
50 51 1001.6896128235919
50 52 1001.6170717715902
50 53 1001.6683513065673
50 54 1001.6142715350511
50 55 1001.6501372332166
50 56 1001.6112902732316
50 57 1001.6351842143432
50 58 1001.6090992809508
50 59 1001.6235621223198
50 60 1001.6085014065459
50 61 1001.6151871694797
50 62 1001.6101256578976
50 63 1001.6101256578976
51 0 1000
51 1 999.60509141934222
51 2 999.01800303256471
51 3 998.83898922685057
51 4 998.14616935848721
51 5 998.19687612245616
51 6 997.40377935513493
51 7 997.66100040779827
51 8 996.7772084740127
51 9 997.2134955230166
51 10 996.25275214347641
51 11 996.83674086928829
51 12 995.81638843401038
51 13 996.51467039041904
51 14 995.45455253127147
51 15 996.23336005602539
51 16 995.15461944620733
51 17 995.98135883045757
51 18 994.905186661024
51 19 995.749739844587
51 20 994.69621230501855
51 21 995.53196228442698
51 22 994.51905545913667
51 23 995.32360405066595
51 24 994.36644974196292
51 25 995.12201991138397
51 26 994.23243335204438
51 27 994.92597043310161
51 28 994.11225140296699
51 29 994.73525704727365
51 30 994.00224116793856
51 31 994.55038873649858
51 32 993.8997073807235
51 33 994.37229659060949
51 34 993.80279268598656
51 35 994.20210437071012
51 36 993.7103472706109
51 37 994.04095655931064
51 38 993.62180122507118
51 39 993.88990033574987
51 40 993.53704293438909
51 41 993.7498145090309
51 42 993.45630653556748
51 43 993.62137654000435
51 44 993.38007106498128
51 45 993.50505816455234
51 46 993.30897331454923
51 47 993.40114050097111
51 48 993.24373565239671
51 49 993.30974058009951
51 50 993.18510921864163
51 51 993.23084268420791
51 52 993.13383207134098
51 53 993.16432946967211
51 54 993.09060111475299
51 55 993.11000940572717
51 56 993.05605601948241
51 57 993.06763824698851
51 58 993.03077363398211
51 59 993.03693768792277
51 60 993.01526389136893
51 61 993.01753165570994
51 62 993.00993332431995
51 63 993.00993332431995
52 0 1000
52 1 999.18625475881947
52 2 998.18378295022194
52 3 997.6054298739009
52 4 996.51977721151798
52 5 996.19832140506287
52 6 995.03585038836957
52 7 994.9481920453444
52 8 993.71922429027506
52 9 993.83799856217718
52 10 992.55651238525638
52 11 992.84982589175968
52 12 991.53296253876226
52 13 991.96643178699105
52 14 990.63348785756057
52 15 991.17204175170184
52 16 989.84335154640974
52 17 990.45287347506246
52 18 989.14862913273339
52 19 989.79735217406574
52 20 988.53649953980971
52 21 989.19610980514574
52 22 987.99541201521151
52 23 988.64182834734538
52 24 987.51516083079127
52 25 988.12898374268116
52 26 987.08689297765568
52 27 987.65353850155248
52 28 986.7030674303403
52 29 987.2126215597317
52 30 986.35737972279821
52 31 986.80422427246594
52 32 986.04466220464474
52 33 986.42693209822517
52 34 985.76076816360217
52 35 986.07970312166924
52 36 985.50244665373327
52 37 985.76169749849748
52 38 985.26721400923316
52 39 985.47215640843035
52 40 985.05322735787752
52 41 985.21032523902147
52 42 984.85916477191734
52 43 984.97541340310443
52 44 984.68411589831658
52 45 984.76658221082425
52 46 984.5274859717324
52 47 984.58295229458918
52 48 984.38891507344727
52 49 984.42362291392283
52 50 984.26821343513484
52 51 984.28769674945261
52 52 984.16531258534997
52 53 984.1743052711322
52 54 984.08023127951708
52 55 984.0826312536783
52 56 984.01305439131477
52 57 984.01192602993694
52 58 983.96392399047681
52 59 983.96152782443744
52 60 983.93302768913748
52 61 983.93074294756343
52 62 983.92053012596193
52 63 983.92053012596193
53 0 1000
53 1 998.74967329391802
53 2 997.31380895354539
53 3 996.31801508214551
53 4 994.82082925506904
53 5 994.10882153554292
53 6 992.55800667154767
53 7 992.10719026725917
53 8 990.51418258980368
53 9 990.29760019237108
53 10 988.67694616795268
53 11 988.66245101219033
53 12 987.03137378713109
53 13 987.18382662310535
53 14 985.56130257009875
53 15 985.84449055477114
53 16 984.25021456974423
53 17 984.6286046604564
53 18 983.0818830852204
53 19 983.52211591094772
53 20 982.04082655861293
53 21 982.51290456378581
53 22 981.11261550921415
53 23 981.59075229395341
53 24 980.28406350616774
53 25 980.74718721310614
53 26 979.54332806658908
53 27 979.97525530448354
53 28 978.87994174079302
53 29 979.26925921127088
53 30 978.28478952731177
53 31 978.62449609137764
53 32 977.75004577388017
53 33 978.03701708419783
53 34 977.26908165334419
53 35 977.50342245506204
53 36 976.83635286148683
53 37 977.02069916929929
53 38 976.44727608116557
53 39 976.58610180268886
53 40 976.09810176015833
53 41 976.19707343864843
53 42 975.78578970326009
53 43 975.85120048997476
53 44 975.50789281163873
53 45 975.54619403930496
53 46 975.26245301810548
53 47 975.27989005692916
53 48 975.04791212324574
53 49 975.05026142694373
53 50 974.8630389199833
53 51 974.8554357953883
53 52 974.70687279177605
53 53 974.69371458208252
53 54 974.57868296397533
53 55 974.56358988418469
53 56 974.47794165355663
53 57 974.46375682160567
53 58 974.40431114682099
53 59 974.39313094580268
53 60 974.35762397894121
53 61 974.35067332461028
53 62 974.33778158521079
53 63 974.33778158521079
54 0 1000
54 1 998.29589471606232
54 2 996.40912622068549
54 3 994.97816218585706
54 4 993.05105084421416
54 5 991.93025576479727
54 6 989.97225838310237
54 7 989.13996789504529
54 8 987.16402578640486
54 9 986.59404463018859
54 10 984.61562744969535
54 11 984.27586769667823
54 12 982.31258912622491
54 13 982.16741385451667
54 14 980.23818474863924
54 15 980.250438965478
54 16 978.37451222453706
54 17 978.5073873807944
54 18 976.70332420847012
54 19 976.92195407811789
54 20 975.20665161944055
54 21 975.47939107148773
54 22 973.86726192036633
54 23 974.16661328612747
54 24 972.66898052609326
54 25 972.97215954098408
54 26 971.59690037836651
54 27 971.88605832140297
54 28 970.63750040373759
54 29 970.89964056341194
54 30 969.77869046342369
54 31 970.00533322286958
54 32 969.00979809831972
54 33 969.19645868034661
54 34 968.32151068540736
54 35 968.46705671722475
54 36 967.70578530712555
54 37 967.81173843171177
54 38 967.15573746394955
54 39 967.22557541343292
54 40 966.66551855663636
54 41 966.70402294238102
54 42 966.2301907261151
54 43 966.24287292802671
54 44 965.84560614005636
54 45 965.83823062093563
54 46 965.50829619478725
54 47 965.48650857813482
54 48 965.21537444205251
54 49 965.18443166027998
54 50 964.96445545372092
54 51 964.92904769277504
54 52 964.75359040048454
54 53 964.71773957011737
54 54 964.58121893073894
54 55 964.54823583397308
54 56 964.44613579582733
54 57 964.41861735204247
54 58 964.34747315765458
54 59 964.32733308262402
54 60 964.28467193193308
54 61 964.27296836704113
54 62 964.25734693342383
54 63 964.25734693342383
55 0 1000
55 1 997.82548369882454
55 2 995.47081776317418
55 3 993.58739656596128
55 4 991.21226196053465
55 5 989.66469859327424
55 6 987.28076671358338
55 7 986.04876805873243
55 8 983.67089823239451
55 9 982.72940051502314
55 10 980.37437135585458
55 11 979.69167890343658
55 12 977.37783981498785
55 13 976.91810166960261
55 14 974.66459161060095
55 15 974.38993829618323
55 16 972.21580363180715
55 17 972.08832077846853
55 18 970.01155281319382
55 19 969.99498073851748
55 20 968.03161255857151
55 21 968.09272009820734
55 22 966.25607122540669
55 23 966.36566542747721
55 24 964.66579668912163
55 25 964.79935867845927
55 26 963.24276957704819
55 27 963.38073266402671
55 28 961.97030495772708
55 29 962.09801354068316
55 30 960.83318044016733
55 31 960.9405851529682
55 32 959.81768729595478
55 33 959.89884209479555
55 34 958.91162018605871
55 35 958.9640504512347
55 36 958.10422013453547
55 37 958.12822799048922
55 38 957.38608435826723
55 39 957.38404950435915
55 40 956.74905531164268
55 41 956.72477828377589
55 42 956.18609978854704
55 43 956.14422142191427
55 44 955.69118716455387
55 45 955.63670466827762
55 46 955.25917394069336
55 47 955.19706171247662
55 48 954.88569978230225
55 49 954.82063279532736
55 50 954.56709835766299
55 51 954.50326815126493
55 52 954.30032458310768
55 53 954.24133272294898
55 54 954.08289847405433
55 55 954.03170967089522
55 56 953.91286442111402
55 57 953.87180053967222
55 58 953.7887678635002
55 59 953.7595385191479
55 60 953.70961706664809
55 61 953.69309960388944
55 62 953.67471424303744
55 63 953.67471424303744
56 0 1000
56 1 997.33904859225572
56 2 994.50005278484025
56 3 992.14733133379502
56 4 989.3064590221278
56 5 987.31437516372546
56 6 984.48596389497823
56 7 982.83604988553452
56 8 980.03729646700083
56 9 978.70601008966071
56 10 975.95540222131626
56 11 974.91180408654429
56 12 972.22879298558348
56 13 971.43713841938643
56 14 968.84141037359177
56 15 968.26338223463699
56 16 965.77404087882621
56 17 965.37082700998508
56 18 963.00549819477305
56 19 962.73959374000003
56 20 960.51359144250205
56 21 960.35027024910016
56 22 958.27590931971986
56 23 958.18432212825098
56 24 956.27043824530301
56 25 956.22432544838648
56 26 954.47603303397875
56 27 954.45406673192201
56 28 952.87275746664602
56 29 952.85855109120394
56 30 951.44211176192437
56 31 951.4239533133258
56 32 950.16716382346976
56 33 950.13753965065757
56 34 949.03260103002992
56 35 948.98758087410295
56 36 948.02471903325761
56 37 947.96327037413084
56 38 947.1313633714949
56 39 947.05465521765177
56 40 946.34183861142219
56 41 946.25258337252933
56 42 945.6467981911245
56 43 945.54866690309791
56 44 945.0381262293148
56 45 944.93525877233913
56 46 944.50882041221541
56 47 944.4054397974686
56 48 944.05288282668323
56 49 943.95301206511749
56 50 943.66522343234124
56 51 943.57249546596768
56 52 943.34157889125584
56 53 943.25912471409492
56 54 943.07844782044413
56 55 943.00884509766956
56 56 942.87304187729387
56 57 942.81830525634086
56 58 942.72325584953342
56 59 942.68486697312926
56 60 942.62761908457003
56 61 942.60625927395643
56 62 942.58509223448459
56 63 942.58509223448459
57 0 1000
57 1 996.83716215487402
57 2 993.49793370441046
57 3 990.65953059668641
57 4 987.33552704335875
57 5 984.88145475684325
57 6 981.59013175794428
57 7 979.50420560913119
57 8 976.26552647247854
57 9 974.52612186784597
57 10 971.36070523361889
57 11 969.93801784620189
57 12 966.86681447679223
57 13 965.7255478728755
57 14 962.76914849390982
57 15 961.87083133857084
57 16 959.04870113037271
57 17 958.35386120930787
57 18 955.68350475345267
57 19 955.15357108386183
57 20 952.64976445180901
57 21 952.2486369067534
57 22 949.92280942142679
57 23 949.61804895165187
57 24 947.47787224451588
57 25 947.2414961930557
57 26 945.29070898719851
57 27 945.09960413760609
57 28 943.33807352134204
57 29 943.17406419848533
57 30 941.59806070587376
57 31 941.44768799235453
57 32 940.05033434056645
57 33 939.90441411635334
57 34 938.67625686648989
57 35 938.5292887004764
57 36 937.45893838572067
57 37 937.30843493783118
57 38 936.38322254741024
57 39 936.2290213550699
57 40 935.43562613380402
57 41 935.27923411599443
57 42 934.60424781067286
57 43 934.4482553002573
57 44 933.87865959607927
57 45 933.72624686114716
57 46 933.24979232041539
57 47 933.10433871960879
57 48 932.70982389659173
57 49 932.57461900032251
57 50 932.25207678621007
57 51 932.13012453420959
57 52 931.87092880002854
57 53 931.76483021932791
57 54 931.56173945474268
57 55 931.47363648944633
57 56 931.3207921503398
57 57 931.25235386937254
57 58 931.14525673496291
57 59 931.09770825100247
57 60 931.03312983202864
57 61 931.00693865528717
57 62 930.98299720006605
57 63 930.98299720006605
58 0 1000
58 1 996.32019602972377
58 2 992.46516068890151
58 3 989.12492204070031
58 4 985.3005687891274
58 5 982.36707160838716
58 6 978.59441996429757
58 7 976.05422151812138
58 8 972.35643011421189
58 9 970.19023211952765
58 10 966.59048246010343
58 11 964.77002070957246
58 12 961.29117947071029
58 13 959.78198362536318
58 14 956.4459284000053
58 15 955.2097081490856
58 16 952.03659996373801
58 17 951.03350456572025
58 18 948.04100350590875
58 19 947.23161724049464
58 20 944.43417564486992
58 21 943.78118336804789
58 22 941.18949546847227
58 23 940.65896622444109
58 24 938.27962853407269
58 25 937.84189775062634
58 26 935.67730562782731
58 27 935.30746568594577
58 28 933.35594423905195
58 29 933.03397900785387
58 30 931.29012352214522
58 31 931.00074221336445
58 32 929.45592630894328
58 33 929.18816450375027
58 34 927.83116414766641
58 35 927.57782482416314
58 36 926.39550307640127
58 37 926.15250854174678
58 38 925.13050869951041
58 39 924.89622679542447
58 40 924.01962905681899
58 41 923.79422554806558
58 42 923.04813280653491
58 43 922.83298828974341
58 44 922.20301852794682
58 45 922.00023420714251
58 46 921.4729086979487
58 47 921.28491236283469
58 48 920.84793934446907
58 49 920.67719185870044
58 50 920.31965376330504
58 51 920.16844789633103
58 52 919.88090620177104
58 53 919.75124390000849
58 54 919.52577924083573
58 55 919.41931029758337
58 56 919.2495163347179
58 57 919.16751994868389
58 58 919.0484757310029
58 59 918.99188761312587
58 60 918.92005877906115
58 61 918.88911277589477
58 62 918.86243817197067
58 63 918.86243817197067
59 0 1000
59 1 995.78871836558631
59 2 991.40282993838366
59 3 987.54508014701275
59 4 983.20351630726736
59 5 979.77349124814043
59 6 975.50126884707572
59 7 972.48872132231259
59 8 968.31262287836159
59 9 965.70099096254421
59 10 961.6472073699332
59 11 959.41018233686907
59 12 955.50393842883
59 13 953.60827101511074
59 14 949.87314743627155
59 15 948.28108595369213
59 16 944.73831191824161
59 17 943.40993444963749
59 18 940.07764106113575
59 19 938.97293587455476
59 20 935.86550215009822
59 21 934.94612502094003
59 22 932.07369174054065
59 23 931.30434264011717
59 24 928.67254458976072
59 25 928.02193972880457
59 26 925.63187811929049
59 27 925.07332360062571
59 28 922.9217734350633
59 29 922.4333736391095
59 30 920.51319821658865
59 31 920.07775283256251
59 32 918.37848110838513
59 33 917.98313813373443
59 34 916.49165114514096
59 35 916.12738889919012
59 36 914.82865882343003
59 37 914.4896686593587
59 38 913.36749744623978
59 39 913.05053168714142
59 40 912.08824420991982
59 41 911.79198258351755
59 42 910.97304021465152
59 43 910.69751455601465
59 44 910.00602731286449
59 45 909.75213027284485
59 46 909.17325769805541
59 47 908.94234807033888
59 48 908.46258965059712
59 49 908.25619574375787
59 50 907.86358016836982
59 51 907.68319399993948
59 52 907.3673825551507
59 53 907.21433173231242
59 54 906.966654634615
59 55 906.84203548637765
59 56 906.65548066198323
59 57 906.56013452414618
59 58 906.42931514628424
59 59 906.36385281392518
59 60 906.28489787340675
59 61 906.24929811904281
59 62 906.21994814205902
59 63 906.21994814205902
60 0 1000
60 1 995.24702062451684
60 2 990.31946030114307
60 3 985.93264925294568
60 4 981.06103344718008
60 5 977.12119252124933
60 6 972.33485530135272
60 7 968.83528583222562
60 8 964.1649725412899
60 9 961.09218531801798
60 10 956.56747290595524
60 11 953.89748103085037
60 12 949.54634448044987
60 13 947.24748966668506
60 14 943.09559937455742
60 15 941.13102358944764
60 16 937.20104069782326
60 17 935.53107559932118
60 18 931.84192913052948
60 19 930.42624984281474
60 20 926.99252550385029
60 21 925.79199200670473
60 22 922.62350406166797
60 23 921.60162706727817
60 24 918.70321986256829
60 25 917.82722225882071
60 26 915.19881908773391
60 27 914.44029510835594
60 28 912.07718521738047
60 29 911.41238732914871
60 30 909.3057196207385
60 31 908.71552490189526
60 32 906.85296092658007
60 33 906.32258306524966
60 34 904.68905300546226
60 35 904.20757260103767
60 36 902.78607598872179
60 37 902.34586115282934
60 38 901.11825812780546
60 39 900.71434072524835
60 40 899.66208829386449
60 41 899.29155024337774
60 42 898.39634953460086
60 43 898.05776025990235
60 44 897.30209348797018
60 45 896.99502562584178
60 46 896.36257384642147
60 47 896.08721114476066
60 48 895.56315477092164
60 49 895.31999480868092
60 50 894.89120748024993
60 51 894.68085303978819
60 52 894.33600546639605
60 53 894.15903230994138
60 54 893.88862617121981
60 55 893.74551150665332
60 56 893.54186404209679
60 57 893.43295809655672
60 58 893.2901653597753
60 59 893.21571345184407
60 60 893.12953073338167
60 61 893.08922972869982
60 62 893.05717604754841
60 63 893.05717604754841
61 0 1000
61 1 994.70388497917156
61 2 989.23249677122112
61 3 984.3136130239626
61 4 978.90726199850974
61 5 974.4522117878488
61 6 969.14453819335165
61 7 965.1502389621628
61 8 959.97603317394567
61 9 956.43217383071294
61 10 951.42458447391573
61 11 948.30970088460981
61 12 943.49972935850963
61 13 940.78403194792372
61 14 936.19978770443822
61 15 933.84764982359513
61 16 929.51362723548232
61 17 927.48601245237785
61 18 923.42236928745785
61 19 921.67903827513953
61 20 917.90100467225625
61 21 916.40242071652892
61 22 912.91990780279014
61 23 911.62877340968373
61 24 908.44622540350599
61 25 907.3286171681641
61 26 904.44512151815286
61 27 903.47122207566792
61 28 900.88086508590777
61 29 900.02531947314299
61 30 897.71775259531239
61 31 896.95969883588918
61 32 894.92086500706932
61 33 894.24370374860655
61 34 892.4566645856213
61 35 891.84763975706187
61 36 890.29344290991276
61 37 889.74310516460912
61 38 888.40163573789789
61 39 887.90325416890119
61 40 886.75402335952197
61 41 886.30300032800187
61 42 885.32583655382018
61 43 884.91916732845527
61 44 884.09478838647226
61 45 883.73059342210342
61 46 883.04105107576174
61 47 882.71819564491545
61 48 882.14719531231242
61 49 881.86499992097674
61 50 881.3981070530308
61 51 881.1561432604376
61 52 880.78089420917843
61 53 880.57885436124184
61 54 880.28479308789349
61 55 880.12241895718535
61 56 879.90108142946303
61 57 879.77813477657389
61 58 879.62301078811777
61 59 879.53929561287248
61 60 879.44570143328917
61 61 879.40058201408249
61 62 879.36577373952491
61 63 879.36577373952491
62 0 1000
62 1 994.12190279440892
62 2 988.06729132250427
62 3 982.57666014816107
62 4 976.59467278986858
62 5 971.58409631931011
62 6 965.71381163412082
62 7 961.18492665175017
62 8 955.46628410485619
62 9 951.41293174347379
62 10 945.88369088124227
62 11 942.28781275806023
62 12 936.98292943334013
62 13 933.81735526436569
62 14 928.7681536987584
62 15 925.99907980871228
62 16 921.2324810079607
62 17 918.82191945744478
62 18 914.35970456071561
62 19 912.26773844849777
62 20 908.12597480928696
62 21 906.3127336108862
62 22 902.5014294856436
62 23 900.92871105541667
62 24 897.45173805907541
62 25 896.08423857191849
62 26 892.93953073917135
62 27 891.74567582620159
62 28 888.92568648285283
62 29 887.87808595192041
62 30 885.37046128860425
62 31 884.44603313796142
62 32 882.23444598103879
62 33 881.41427137579012
62 34 879.47935084902554
62 35 878.7483298366484
62 36 877.06862212147735
62 37 876.41500058153451
62 38 874.96790175164563
62 39 874.38273461806
62 40 873.14534695153247
62 41 872.6219527915747
62 42 871.57182920748687
62 43 871.10527864311723
62 44 870.22103414496814
62 45 869.80770112898074
62 46 869.06948377614469
62 47 868.70667587802734
62 48 868.09650164037475
62 49 867.7821743484742
62 50 867.28413946371313
62 51 867.01669072908157
62 52 866.61708154517191
62 53 866.39521663042444
62 54 866.08254045372735
62 55 865.9051935182689
62 56 865.67015432293647
62 57 865.53645100886854
62 58 865.37190188107365
62 59 865.2811748815152
62 60 865.18197840344544
62 61 865.13325527248912
62 62 865.09639609757346
62 63 865.09639609757346
63 0 1000
63 1 0
63 2 0
63 3 0
63 4 0
63 5 0
63 6 0
63 7 0
63 8 0
63 9 0
63 10 0
63 11 0
63 12 0
63 13 0
63 14 0
63 15 0
63 16 0
63 17 0
63 18 0
63 19 0
63 20 0
63 21 0
63 22 0
63 23 0
63 24 0
63 25 0
63 26 0
63 27 0
63 28 0
63 29 0
63 30 0
63 31 0
63 32 0
63 33 0
63 34 0
63 35 0
63 36 0
63 37 0
63 38 0
63 39 0
63 40 0
63 41 0
63 42 0
63 43 0
63 44 0
63 45 0
63 46 0
63 47 0
63 48 0
63 49 0
63 50 0
63 51 0
63 52 0
63 53 0
63 54 0
63 55 0
63 56 0
63 57 0
63 58 0
63 59 0
63 60 0
63 61 0
63 62 0
63 63 0
