0 0 1000
0 1 0
0 2 0
0 3 0
0 4 0
0 5 0
0 6 0
0 7 0
0 8 0
0 9 0
0 10 0
0 11 0
0 12 0
0 13 0
0 14 0
0 15 0
0 16 0
0 17 0
0 18 0
0 19 0
0 20 0
0 21 0
0 22 0
0 23 0
0 24 0
0 25 0
0 26 0
0 27 0
0 28 0
0 29 0
0 30 0
0 31 0
0 32 0
0 33 0
0 34 0
0 35 0
0 36 0
0 37 0
0 38 0
0 39 0
0 40 0
0 41 0
0 42 0
0 43 0
0 44 0
0 45 0
0 46 0
0 47 0
0 48 0
0 49 0
0 50 0
0 51 0
0 52 0
0 53 0
0 54 0
0 55 0
0 56 0
0 57 0
0 58 0
0 59 0
0 60 0
0 61 0
0 62 0
0 63 0
1 0 1000
1 1 996.99444441383832
1 2 993.96225053183184
1 3 990.99315998848954
1 4 987.95264594766581
1 5 985.03190742073207
1 6 981.99403075864188
1 7 979.13103456590534
1 8 976.1064526681555
1 9 973.30987597321086
1 10 970.30902841285308
1 11 967.58678176180547
1 12 964.61983814950872
1 13 961.97904319568295
1 14 959.05584505535421
1 15 956.50281923842647
1 16 953.63283086106298
1 17 951.17308741753357
1 18 948.36535577624852
1 19 946.00361702211819
1 20 943.26674024592899
1 21 941.00696268046329
1 22 938.34906640650559
1 23 936.19447595294071
1 24 933.62319689490073
1 25 931.57633263826449
1 26 929.09880872832866
1 27 927.16157354157201
1 28 924.78444001674075
1 29 922.95815652727458
1 30 920.68754734401057
1 31 918.97301777398968
1 32 916.81457174516936
1 33 915.21214025671111
1 34 913.17101131149343
1 35 911.68062759821771
1 36 909.76149856886298
1 37 908.38278155363139
1 38 906.58988089426941
1 39 905.32218151599272
1 40 903.65930235806866
1 41 902.50176455442488
1 42 900.97228550358261
1 43 899.92390461829086
1 44 898.53081169945619
1 45 897.59048965961222
1 46 896.3363988227228
1 47 895.50299554124331
1 48 894.39017515100306
1 49 893.66255570955263
1 50 892.69294846013076
1 51 892.07002571727446
1 52 891.24526943668354
1 53 890.72604178630604
1 54 890.04748865585145
1 55 889.63107271894478
1 56 889.09980590791019
1 57 888.78546310934428
1 58 888.40231902866321
1 59 888.18950818090741
1 60 887.95500258213792
1 61 887.84267607284937
1 62 887.75722178492128
1 63 887.75722178492128
2 0 1000
2 1 997.29043564184724
2 2 994.55445492015315
2 3 991.88020295714227
2 4 989.13516109472891
2 5 986.50727001202392
2 6 983.76323322528913
2 7 981.19022091504917
2 8 978.45695903385695
2 9 975.94665379274625
2 10 973.2337346177078
2 11 970.79322475656443
2 12 968.10996706133562
2 13 965.74558327509988
2 14 963.1010034640392
2 15 960.81830726593614
2 16 958.22107441812716
2 17 956.02486128615487
2 18 953.48326073435953
2 19 951.3775759241172
2 20 948.89948085020092
2 21 946.88764642304
2 22 944.48049677240328
2 23 942.56514816033757
2 24 940.23593620325505
2 25 938.41906668450099
2 26 936.17432858079894
2 27 934.45734007961687
2 28 932.30315282637082
2 29 930.68691152031045
2 30 928.62889468511742
2 31 927.11378999196745
2 32 925.15711165387415
2 33 923.74311727566408
2 34 921.89250361151221
2 35 920.57923942940988
2 36 918.83898739510869
2 37 917.6257811328511
2 38 915.99977369748592
2 39 914.88572139817131
2 40 913.37744479492324
2 41 912.36146928302878
2 42 910.9740317460197
2 43 910.05493837018025
2 44 908.79108983209119
2 45 907.96761890170035
2 46 906.82977113497384
2 47 906.10064657268322
2 48 905.09089326880803
2 49 904.45486709962324
2 50 903.57500339775879
2 51 903.03089578204299
2 52 902.28243677991611
2 53 901.82917137371953
2 54 901.21336920782301
2 55 900.8500036893372
2 56 900.36786229944869
2 57 900.0936131435551
2 58 899.74590813571433
2 59 899.56019874879144
2 60 899.3474105194091
2 61 899.24923610276664
2 62 899.17174755159954
2 63 899.17174755159954
3 0 1000
3 1 997.56127626333
3 2 995.09634318072381
3 3 992.69187430973318
3 4 990.21720893852398
3 5 987.85728440444939
3 6 985.38215259192839
3 7 983.07450898193133
3 8 980.60788801384797
3 9 978.3595956101716
3 10 975.91027547567273
3 11 973.72768865421415
3 12 971.30422908829655
3 13 969.19297252708975
3 14 966.80365343279288
3 15 964.76861338160404
3 16 962.42139300426129
3 17 960.46672267542181
3 18 958.16920383761055
3 19 956.29834094323496
3 20 954.05774485372694
3 21 952.27343987076551
3 22 950.0965868251352
3 23 948.4009403382413
3 24 946.29423665374475
3 25 944.68874417967049
3 26 942.65817473796608
3 27 941.14377747786966
3 28 939.19490327576898
3 29 937.77204331412509
3 30 935.91000344897668
3 31 934.57868200955045
3 32 932.80819954882554
3 33 931.56803702533966
3 34 929.89342822891354
3 35 928.74372482616582
3 36 927.16891120445621
3 37 926.10870715055864
3 38 924.63722985261938
3 39 923.66536427080041
3 40 922.30040030460952
3 41 921.41556796011719
3 42 920.15994775397041
3 43 919.36075301481605
3 44 918.21697883542174
3 45 917.50198630224202
3 46 916.47225105338248
3 47 915.84003242123288
3 48 914.92623835819097
3 49 914.37541516976569
3 50 913.57919208044439
3 51 913.10847411453676
3 52 912.43119653840949
3 53 912.03941565033392
3 54 911.48221875436946
3 55 911.16835804125265
3 56 910.73215137705654
3 57 910.49536887899956
3 58 910.18085436540764
3 59 910.02052671865977
3 60 909.82814146104681
3 61 909.74330939608944
3 62 909.67339811520594
3 63 909.67339811520594
4 0 1000
4 1 997.82948680318577
4 2 995.63293809222
4 3 993.49560536716456
4 4 991.28857857233288
4 5 989.19390529979046
4 6 986.98482467153156
4 7 984.93972956758921
4 8 982.73674690746054
4 9 980.7475113332589
4 10 978.55861141754281
4 11 976.63083020448119
4 12 974.46379219551989
4 13 972.60236423391734
4 14 970.46471641032758
4 15 968.67383925491686
4 16 966.57282071109944
4 17 964.85599853875578
4 18 962.79852829103584
4 19 961.15859131676018
4 20 959.15124437495137
4 21 957.59037835030279
4 22 955.63936809758729
4 23 954.15915228009203
4 24 952.27031852931282
4 25 950.87177056712892
4 26 949.0505726959625
4 27 947.73419891871185
4 28 945.98571351735495
4 29 944.75156320032056
4 30 943.08048569634207
4 31 941.92820796055605
4 32 940.33885771290466
4 33 939.26775983377695
4 34 937.76408821081361
4 35 936.77319422836104
4 36 935.35879520291155
4 37 934.4469038531189
4 38 933.12502666130388
4 39 932.29076777676016
4 40 931.06433119765813
4 41 930.30621985279322
4 42 929.17782767406425
4 43 928.49431547287531
4 44 927.46627271475245
4 45 926.85579573409439
4 46 925.93012521218009
4 47 925.39114821918315
4 48 924.56960703672723
4 49 924.1006636929053
4 50 923.38475926705064
4 51 922.9844881127807
4 52 922.37549335695599
4 53 922.04266943882135
4 54 921.54163676495648
4 55 921.27519882391152
4 56 920.88297229741454
4 57 920.68204485555259
4 58 920.3992759514291
4 59 920.26320851547973
4 60 920.09030671873052
4 61 920.01818931628679
4 62 919.95547185250803
4 63 919.95547185250803
5 0 1000
5 1 998.09072843718843
5 2 996.15557505510708
5 3 994.27841252846918
5 4 992.3320094285906
5 5 990.49561724503326
5 6 988.54554619286932
5 7 986.75602525159036
5 8 984.80961533753407
5 9 983.07246147054502
5 10 981.13689835734908
5 11 979.45695318319895
5 12 977.53924453031073
5 13 975.92069024907266
5 14 974.02762466425645
5 15 972.4739819511193
5 16 970.61209412999233
5 17 969.12623255186804
5 18 967.30177509712428
5 19 965.88593423067857
5 20 964.10485576480573
5 21 962.76067569472696
5 22 961.02860464723688
5 23 959.75716428490898
5 24 958.07939776039677
5 25 956.88125948000595
5 26 955.26275665007483
5 27 954.13801578866958
5 28 952.58339528528052
5 29 951.53173313235504
5 30 950.04527395452067
5 31 949.06601295428925
5 32 947.65165843045827
5 33 946.74381843178583
5 34 945.40518280582103
5 35 944.56753731618551
5 36 943.30791454516839
5 37 942.53904607183381
5 38 941.36142043936218
5 39 940.65977412922939
5 40 939.56683228923544
5 41 938.9307672050553
5 42 937.92491127966457
5 43 937.35274877126847
5 44 936.43611013324585
5 45 935.9261788754543
5 46 935.10063225283977
5 47 934.65130962446551
5 48 933.91848717355651
5 49 933.52823674267654
5 50 932.88954174693117
5 51 932.55694670510684
5 52 932.01356657236761
5 53 931.73735902501869
5 54 931.29027729078007
5 55 931.0693633645343
5 56 930.71937013150762
5 57 930.55285035251813
5 58 930.3005558322277
5 59 930.18776007233066
5 60 930.03355187271382
5 61 929.97361908576579
5 62 929.91779146310569
5 63 929.91779146310569
6 0 1000
6 1 998.34265206944929
6 2 996.65955917839142
6 3 995.03325907301769
6 4 993.33812771593125
6 5 991.75072314634861
6 6 990.0503024120452
6 7 988.50708676534998
6 8 986.80789483965918
6 9 985.31359091261936
6 10 983.62202897344582
6 11 982.18074008982444
6 12 980.50306155993997
6 13 979.11827036610862
6 14 977.46054390381641
6 15 976.13511341552066
6 16 974.50319132707
6 17 973.23937763997333
6 18 971.63887019317315
6 19 970.43834508905297
6 20 968.87460039876237
6 21 967.73848258817884
6 22 966.21657150401427
6 23 965.14546500885046
6 24 963.67017046213402
6 25 962.66420869911599
6 26 961.24001900437895
6 27 960.29891318202704
6 28 958.93001882506633
6 29 958.05310934703471
6 30 956.74340282783078
6 31 955.92971249409527
6 32 954.68279082493677
6 33 953.93107873433848
6 34 952.75024822024693
6 35 952.05906339892158
6 36 950.9473463485341
6 37 950.31508025456321
6 38 949.27522328530983
6 39 948.70016046664705
6 40 947.73464407917413
6 41 947.21501038600991
6 42 946.32605949051333
6 43 945.86006736162335
6 44 945.04966244446678
6 45 944.63555289704641
6 46 943.90544152122868
6 47 943.5415225730394
6 48 942.89323091221274
6 49 942.57791225183837
6 50 942.01275636606488
6 51 941.74458016055155
6 52 941.26367673352445
6 53 941.04134452268079
6 54 940.64562080910923
6 55 940.46801648660607
6 56 940.15821898918773
6 57 940.02442743060294
6 58 939.80113322375166
6 59 939.71047106028175
6 60 939.57405131838289
6 61 939.52570784969021
6 62 939.47643775537915
6 63 939.47643775537915
7 0 1000
7 1 998.58519342525608
7 2 997.1447632505068
7 3 995.75995338419682
7 4 994.30668195804333
7 5 992.9589077416656
7 6 991.49872299253013
7 7 990.19248181589433
7 8 988.73110432717226
7 9 987.47035924519832
7 10 986.01342134603783
7 11 984.80155291397045
7 12 983.35457179227251
7 13 982.19438075344533
7 14 980.76272532986673
7 15 979.65643667468498
7 16 978.24529911947934
7 17 977.19457691764296
7 18 975.80894924846052
7 19 974.814920528534
7 20 973.45957601685279
7 21 972.52286250110058
7 22 971.20234137564387
7 23 970.32309764700665
7 24 969.0416966126528
7 25 968.21965334961362
7 26 966.98141847973432
7 27 966.21592944720919
7 28 965.02465204516341
7 29 964.31474361035271
7 30 963.17395867286473
7 31 962.51838071309055
7 32 961.43136766053658
7 33 960.82864484102834
7 34 959.79843020623457
7 35 959.24691272512302
7 36 958.27627451275305
7 37 957.77418753404368
7 38 956.86566097733828
7 39 956.41115209657232
7 40 955.56703654791295
7 41 955.1582207561305
7 42 954.38058745380567
7 43 954.01558918023863
7 44 953.3062896372893
7 45 952.98328155730098
7 46 952.34395632090059
7 47 952.0611947108905
7 48 951.49328224383771
7 49 951.24913874748813
7 50 950.75388418848775
7 51 950.5468739277901
7 52 950.12533749510555
7 53 949.9541435147421
7 54 949.60720834012
7 55 949.47070242109919
7 56 949.19908141579901
7 57 949.09634091550038
7 58 948.90058587029444
7 59 948.83092042753151
7 60 948.71139139862726
7 61 948.67404200170336
7 62 948.63099885605322
7 63 948.63099885605322
8 0 1000
8 1 998.81850961959685
8 2 997.6115023647493
8 3 996.45897113823241
8 4 995.2383068495551
8 5 994.12097167395041
8 6 992.89177029069799
8 7 991.81334628914249
8 8 990.58054562710288
8 9 989.54425114527567
8 10 988.31273152399729
8 11 987.32124115324882
8 12 986.09580246398605
8 13 985.15125356395436
8 14 983.93658588606547
8 15 983.04058551536446
8 16 981.84124355207473
8 17 980.99488524487219
8 18 979.81526698029745
8 19 979.01915568892605
8 20 977.8634850562421
8 21 977.11776914029849
8 22 975.99008225588284
8 23 975.29449117710226
8 24 974.19862573082742
8 25 973.55251217334433
8 26 972.49209960539815
8 27 971.8944847937023
8 28 970.87294492619799
8 29 970.32256599303992
8 30 969.34310382107844
8 31 968.83846217398002
8 32 967.90406655199899
8 33 967.44347629555398
8 34 966.55692027981127
8 35 966.13855586724685
8 36 965.30239849380916
8 37 964.92434090129643
8 38 964.14093019129996
8 39 963.80121102854821
8 40 963.07268801961925
8 41 962.7693311069994
8 42 962.09763471276642
8 43 961.82869476559972
8 44 961.21556726559731
8 45 960.97916542774851
8 46 960.42615838922586
8 47 960.22051444865485
8 48 959.72899488132009
8 49 959.55245607816653
8 50 959.12361262416323
8 51 958.9746790262684
8 52 958.60952799162112
8 53 958.48687446244526
8 54 958.18626551170405
8 55 958.08876033878607
8 56 957.85338153008286
8 57 957.78010146143174
8 58 957.61048615204345
8 59 957.56073917053232
8 60 957.45724087350197
8 61 957.43032032849851
8 62 957.3931868903486
8 63 957.3931868903486
9 0 1000
9 1 999.04261112819177
9 2 998.05979852715041
9 3 997.1303453920317
9 4 996.13305198276794
9 5 995.23697817096058
9 6 994.2295312788624
9 7 993.36978509142375
9 8 992.35635672177136
9 9 991.5354284238847
9 10 990.52016545527181
9 11 989.74004181493513
9 12 988.7270470870169
9 13 987.98922167922558
9 14 986.98252822390577
9 15 986.28801108855953
9 16 985.29155930141133
9 17 984.64089547555523
9 18 983.65851361261252
9 19 983.05180891821408
9 20 982.08719678048317
9 21 981.52414982854191
9 22 980.58086526380896
9 23 980.06080442529912
9 24 979.1422523180654
9 25 978.66417647393303
9 26 977.77359993478285
9 27 977.33622186944808
9 28 976.47669537214711
9 29 976.07848675291541
9 30 975.25291100210143
9 31 974.89214798030775
9 32 974.10324632139304
9 33 973.77805489590594
9 34 973.02837110094617
9 35 972.73677149664081
9 36 972.02866877524582
9 37 971.76861820434783
9 38 971.10427929765183
9 39 970.87371258688029
9 40 970.25514080606229
9 41 970.05200848401103
9 42 969.48102955410639
9 43 969.30333309839978
9 44 968.78159766461249
9 45 968.62742170456806
9 46 968.15640835348631
9 47 968.02394970928447
9 48 967.60496835284516
9 49 967.49256186497155
9 50 967.12675733210449
9 51 967.03289849415319
9 52 966.7212541747781
9 53 966.64461862750431
9 54 966.38796002223489
9 55 966.32742000561552
9 56 966.12641792769443
9 57 966.08105552314396
9 58 965.93623085526588
9 59 965.90535698293547
9 60 965.81706063253762
9 61 965.8000212615475
9 62 965.7684919097469
9 63 965.7684919097469
10 0 1000
10 1 999.25746185269043
10 2 998.48958026258867
10 3 997.77397220323473
10 4 996.99077961440139
10 5 996.30676306817929
10 6 995.51181145942462
10 7 994.86158559867874
10 8 994.0582997690442
10 9 993.44364527890639
10 10 992.63545868047584
10 11 992.0576941250913
10 12 991.24803399267671
10 13 990.7080298344415
10 14 989.90029489809103
10 15 989.39848574538451
10 16 988.59602594848127
10 17 988.13243066412667
10 18 987.33852927547491
10 19 986.91277740694409
10 20 986.13063547559034
10 21 985.74199905724868
10 22 984.97472192355053
10 23 984.62215150073359
10 24 983.87273712386991
10 25 983.55490091107004
10 26 982.82622981321822
10 27 982.54155494957661
10 28 981.83638161204044
10 29 981.58309655221262
10 30 980.90404213029831
10 31 980.68021929801216
10 32 980.02976554648194
10 33 979.83336347798297
10 34 979.21384779688788
10 35 979.04275210798619
10 36 978.45636362954338
10 37 978.30842624946683
10 38 977.75720289096773
10 39 977.63027911525967
10 40 977.1161055217699
10 41 977.00808854192292
10 42 976.53269483707174
10 43 976.44154750367306
10 44 976.00650875860651
10 45 975.93029242508635
10 46 975.53702874623298
10 47 975.47392911987708
10 48 975.12370624705818
10 49 975.07205624125993
10 50 974.76598654027589
10 51 974.72428617613809
10 52 974.46332990532494
10 53 974.43026335023796
10 54 974.21523008254997
10 55 974.18967994802483
10 56 974.02122995871389
10 57 974.00228876957692
10 58 973.88093570531748
10 59 973.86792127402123
10 60 973.79401686237713
10 61 973.78632771074649
10 62 973.76010399018855
10 63 973.76010399018855
11 0 1000
11 1 999.46303000084424
11 2 998.90078485185961
11 3 998.38975763148437
11 4 997.81136999988701
11 5 997.33017813544325
11 6 996.73844407357512
11 7 996.28855693460912
11 8 995.68617460312169
11 9 995.26868330455761
11 10 994.65839435674513
11 11 994.2739701710907
11 12 993.65854889868899
11 13 993.30746089363868
11 14 992.68969528206378
11 15 992.3718250108069
11 16 991.75449882272869
11 17 991.46936182434888
11 18 990.85523811758571
11 19 990.60201078611146
11 20 989.99381691467408
11 21 989.77136788667485
11 22 989.17178179121902
11 23 988.97870680912695
11 24 988.39034445391769
11 25 988.22500372442732
11 26 987.65040757655595
11 27 987.51096469210199
11 28 986.95259317080013
11 29 986.8370547327811
11 30 986.29727258399942
11 31 986.20352775033007
11 32 985.68459732190206
11 33 985.61045659523768
11 34 985.11453000059703
11 35 985.05776267349154
11 36 984.58687483724088
11 37 984.54524461311826
11 38 984.10130719044594
11 39 984.07260560134716
11 40 983.65740175648159
11 41 983.63947909709998
11 42 983.25465911504728
11 43 983.24545270493911
11 44 982.89253039721461
11 45 982.89009006693425
11 46 982.5704399174632
11 47 982.57295068783299
11 48 982.2878056711744
11 49 982.29360765648119
11 50 982.04405764842966
11 51 982.05166326314907
11 52 981.83865395467694
11 53 981.84676253762279
11 54 981.67109475887105
11 55 981.67860475931559
11 56 981.54093408199071
11 57 981.54695279445434
11 58 981.4477901794296
11 59 981.45164565650066
11 60 981.39134658779449
11 61 981.39248949769046
11 62 981.3712815654153
11 63 981.3712815654153
12 0 1000
12 1 999.65928782844276
12 2 999.29335752120608
12 3 998.97762284940904
12 4 998.59471894608134
12 5 998.3071012067536
12 6 997.90928513851884
12 7 997.65054537777814
12 8 997.23981080976966
12 9 997.01037231766384
12 10 996.58879210128941
12 11 996.3887011237739
12 12 995.95842040211676
12 13 995.78736728076854
12 14 995.35058773052162
12 15 995.20792389065446
12 16 994.76688798282157
12 17 994.65164865503618
12 18 994.20862436783921
12 19 994.11955571358556
12 20 993.67682185919273
12 21 993.61241175890052
12 22 993.17224383178598
12 23 993.13075540712964
12 24 992.69541191528197
12 25 992.67491891765167
12 26 992.24662819394928
12 27 992.24505143654437
12 28 991.82599895567853
12 29 991.84114303208059
12 30 991.4334592804322
12 31 991.46304889003875
12 32 991.06879785002104
12 33 991.11051313734731
12 34 990.73168145394902
12 35 990.78319186114686
12 36 990.42167875712835
12 37 990.48067498394698
12 38 990.13828298225724
12 39 990.2025067420052
12 40 989.88093324072167
12 41 989.94820459178686
12 42 989.6490343197263
12 43 989.71727643731822
12 44 989.44197479901538
12 45 989.50923612879274
12 46 989.25914342743158
12 47 989.32361722973781
12 48 989.09994373737459
12 49 989.15998508648727
12 50 988.96380691394052
12 51 989.01794726017476
12 52 988.85020296537107
12 53 988.89716239708957
12 54 988.75865026044175
12 55 988.79734762989312
12 56 988.68872351781908
12 57 988.71828448672125
12 58 988.64006055616494
12 59 988.65982620810291
12 60 988.61236415981443
12 61 988.6218366139766
12 62 988.60536148906453
12 63 988.60536148906453
13 0 1000
13 1 999.84620836419901
13 2 999.66724510029883
13 3 999.53748831217752
13 4 999.34072583236502
13 5 999.23740806510352
13 6 999.02419654512562
13 7 998.94739357484332
13 8 998.71904616251754
13 9 998.66853662508504
13 10 998.42648184296672
13 11 998.40171043199518
13 12 998.14748915378038
13 13 998.14759111894546
13 14 997.88284383667519
13 15 997.90666411233076
13 16 997.63311719478679
13 17 997.67923416837959
13 18 997.39868557761997
13 19 997.46543829198674
13 20 997.17974304215966
13 21 997.26526120698611
13 22 996.97631658204955
13 23 997.07855258693189
13 24 996.7882831883295
13 25 996.90504536730327
13 26 996.6153880950543
13 27 996.74437453342671
13 28 996.45726362710627
13 29 996.59609586061038
13 30 996.31344814240776
13 31 996.4597041688138
13 32 996.18340463795789
13 33 996.33465073977288
13 34 996.06653866646104
13 35 996.22035962719337
13 36 995.96221528541332
13 37 996.1162426681484
13 38 995.86977483151725
13 39 996.02171307440312
13 40 995.78854737876429
13 41 995.93619754480198
13 42 995.71786579737977
13 43 995.85914689324966
13 44 995.65707738235415
13 45 995.79004523075025
13 46 995.60555406400658
13 47 995.72841777435372
13 48 995.56270124876198
13 49 995.67383738083458
13 50 995.52796536604478
13 51 995.62592991905535
13 52 995.5008402172208
13 53 995.58437860125048
13 54 995.48087223097639
13 55 995.54892740087269
13 56 995.46766477392987
13 57 995.51938364503337
13 58 995.46088140835991
13 59 995.49562033648897
13 60 995.4602484523914
13 61 995.47756000564209
13 62 995.46554258654373
13 63 995.46554258654373
14 0 1000
14 1 1000.0237637103098
14 2 1000.0223925161351
14 3 1000.0692747180278
14 4 1000.0492858748754
14 5 1000.1209756682135
14 6 1000.0830332896616
14 7 1000.1789462688629
14 8 1000.1237084615507
14 9 1000.2430033791334
14 10 1000.1712800921272
14 11 1000.3128247825135
14 12 1000.2255785474797
14 13 1000.3879776292681
14 14 1000.2863136767986
14 15 1000.4679296695662
14 16 1000.3530839995308
14 17 1000.5520619813913
14 18 1000.4253878927776
14 19 1000.639682624942
14 20 1000.5026361197632
14 21 1000.7300411360145
14 22 1000.5841653291354
14 23 1000.8223433083042
14 24 1000.6692520291232
14 25 1000.915765821714
14 26 1000.7571266212119
14 27 1001.0094703369363
14 28 1000.8469871305678
14 29 1001.1026167455552
14 30 1000.9380123309044
14 31 1001.1943753352288
14 32 1001.0293740225035
14 33 1001.2839376982332
14 34 1001.1202482822587
14 35 1001.3705262768649
14 36 1001.2098255621977
14 37 1001.4534024991714
14 38 1001.297319566583
14 39 1001.5318735119317
14 40 1001.3819748863584
14 41 1001.6052975638067
14 42 1001.463073412616
14 43 1001.6730881295417
14 44 1001.5399395873839
14 45 1001.73471689578
14 46 1001.6119445800819
14 47 1001.7897157504293
14 48 1001.678509501325
14 49 1001.8376779308296
14 50 1001.7391077823917
14 51 1001.8782584917785
14 52 1001.7932668590225
14 53 1001.9111742516471
14 54 1001.84056929665
14 55 1001.9362033734755
14 56 1001.8806535614825
14 57 1001.9531847693256
14 58 1001.9132139389334
14 59 1001.9620156842425
14 60 1001.9380036843559
14 61 1001.9626777483186
14 62 1001.9548491261089
14 63 1001.9548491261089
15 0 1000
15 1 1000.1919265902911
15 2 1000.3587459187418
15 3 1000.5729015521376
15 4 1000.7202970070396
15 5 1000.9576780392996
15 6 1001.0856548019129
15 7 1001.3450432290457
15 8 1001.4536315404669
15 9 1001.7335923388275
15 10 1001.823010670038
15 11 1002.1218606274709
15 12 1002.1925200528009
15 13 1002.5083584987043
15 14 1002.5608554851542
15 15 1002.8915872331628
15 16 1002.9266933490279
15 17 1003.2700540844322
15 18 1003.2887031746992
15 19 1003.6422863517773
15 20 1003.6455597302784
15 21 1004.0068446045854
15 22 1003.9959545143154
15 23 1004.3623347575228
15 24 1004.3386064032086
15 25 1004.7074187956545
15 26 1004.672271274436
15 27 1005.0408239998648
15 28 1004.9957504660165
15 29 1005.3613505769856
15 30 1005.3078979769884
15 31 1005.6678776522359
15 32 1005.6076263569902
15 33 1005.9593676319712
15 34 1005.8939112745941
15 35 1006.2348689911187
15 36 1006.1657947928254
15 37 1006.4935175809103
15 38 1006.4223874154778
15 39 1006.7345365878081
15 40 1006.6628689987501
15 41 1006.9572353032473
15 42 1006.8864886489388
15 43 1007.161006885716
15 44 1007.0925637480912
15 45 1007.3453253116339
15 46 1007.2804782655164
15 47 1007.5097417196257
15 48 1007.4496805238285
15 49 1007.653880354345
15 50 1007.5996805937606
15 51 1007.7774343116024
15 52 1007.7300474928624
15 53 1007.8801612749517
15 54 1007.840406352125
15 55 1007.9618794242092
15 56 1007.9304358027821
15 57 1008.022463794128
15 58 1007.9998647198742
15 59 1008.0618393828173
15 60 1008.0484758747625
15 61 1008.0800466959392
15 62 1008.0761448681759
15 63 1008.0761448681759
16 0 1000
16 1 1000.3506695929748
16 2 1000.6762512106301
16 3 1001.0482908826699
16 4 1001.3536562962352
16 5 1001.7473941617894
16 6 1002.0319184854648
16 7 1002.4455314170422
16 8 1002.7086456056751
16 9 1003.1401323686151
16 10 1003.3814916966435
16 11 1003.8286449297634
16 12 1004.0481368549819
16 13 1004.5085766475373
16 14 1004.7063160867372
16 15 1005.177514593823
16 16 1005.3538350922015
16 17 1005.83314251226
16 18 1005.9885838998144
16 19 1006.4732550231391
16 20 1006.6085482469389
16 21 1007.095769329641
16 22 1007.2118188362064
16 23 1007.6987343786413
16 24 1007.7965984710622
16 25 1008.2803375208865
16 26 1008.361207130427
16 27 1008.8389087527331
16 28 1008.904085067059
16 29 1009.3729226593628
16 30 1009.4237940411376
16 31 1009.8809982141689
16 32 1009.9190168249003
16 33 1010.3618966198899
16 34 1010.3885551360107
16 35 1010.8145174035411
16 36 1010.831326176324
16 37 1011.2378929987897
16 38 1011.2463579685814
16 39 1011.6311820657459
16 40 1011.6327836960438
16 41 1011.9936618090202
16 42 1011.9898352590657
16 43 1012.3247195602684
16 44 1012.3168362679737
16 45 1012.6238438913925
16 46 1012.6131946933865
16 47 1012.8906155193297
16 48 1012.878395393283
16 49 1013.1246982532298
16 50 1013.1119927307856
16 51 1013.3258302204074
16 52 1013.3136034882733
16 53 1013.4938155874169
16 54 1013.4829002634042
16 55 1013.6285169750407
16 56 1013.6196056398431
16 57 1013.7298489255879
16 58 1013.723485929063
16 59 1013.7977668032722
16 60 1013.7943552515293
16 61 1013.8323692114467
16 62 1013.8321376959127
16 63 1013.8321376959127
17 0 1000
17 1 1000.4999664487525
17 2 1000.9748564951724
17 3 1001.4953651596388
17 4 1001.9492653859752
17 5 1002.4900026956445
17 6 1002.9216887982244
17 7 1003.4802563679215
17 8 1003.8885901414042
17 9 1004.4624493216548
17 10 1004.8465523230331
17 11 1005.4329995201238
17 12 1005.7922642619949
17 13 1006.3884671635431
17 14 1006.7225546939283
17 15 1007.3255783970126
17 16 1007.6344107672699
17 17 1008.2412442069601
17 18 1008.5249924694498
17 19 1009.1325745037424
17 20 1009.3916430679064
17 21 1009.9968881039596
17 22 1010.2318959490318
17 23 1010.8317188219742
17 24 1011.0434781119893
17 25 1011.6348179616081
17 26 1011.8243106162192
17 27 1012.4041535214545
17 28 1012.5725062902123
17 29 1013.1379064474531
17 30 1013.286365017535
17 31 1013.8344642817477
17 32 1013.9643669204789
17 33 1014.4924125673194
17 34 1014.6051637630036
17 35 1015.110524373714
17 36 1015.2075688931436
17 37 1015.6877483104955
17 38 1015.7705460410277
17 39 1016.2231953919452
17 40 1016.2931972822913
17 41 1016.7161251091972
17 42 1016.7747504681283
17 43 1017.1659310546216
17 44 1017.2145464126509
17 45 1017.5721264281541
17 46 1017.6120261157349
17 47 1017.9343297366979
17 48 1017.966718285236
17 49 1018.2522509760876
17 50 1018.2782274064069
17 51 1018.5256785609431
17 52 1018.5462225891284
17 53 1018.7544672396739
17 54 1018.7704273950829
17 55 1018.9385272069046
17 56 1018.9506109714517
17 57 1019.0778148427587
17 58 1019.0865789713101
17 59 1019.1723176750816
17 60 1019.1781780011438
17 61 1019.2221911126838
17 62 1019.2253794261511
17 63 1019.2253794261511
18 0 1000
18 1 1000.6397910940213
18 2 1001.2545103565471
18 3 1001.9140503151009
18 4 1002.5070264968737
18 5 1003.1853886319344
18 6 1003.7548302701513
18 7 1004.4490725271646
18 8 1004.9933036702855
18 9 1005.7003800854535
18 10 1006.2180191282858
18 11 1006.9347587406357
18 12 1007.4247327777662
18 13 1008.1478783047247
18 14 1008.6094228251895
18 15 1009.3356581558282
18 16 1009.768310645959
18 17 1010.4942876031353
18 18 1010.8978757508094
18 19 1011.6202396269924
18 20 1011.9948650953362
18 21 1012.7102789763865
18 22 1013.0562973692847
18 23 1013.7614650886381
18 24 1014.0794627743229
18 25 1014.7711503664161
18 26 1015.0619188254694
18 27 1015.736974353778
18 28 1016.0014827033363
18 29 1016.6568543548555
18 30 1016.8962206734404
18 31 1017.528973034068
18 32 1017.7444350726852
18 33 1018.3517635262461
18 34 1018.5446493433378
18 35 1019.1238925697805
18 36 1019.2955915724596
18 37 1019.8442421566018
18 38 1019.9961769705527
18 39 1020.5118901700361
18 40 1020.64548969781
18 41 1021.1260904559113
18 42 1021.242764420243
18 43 1021.6862527441851
18 44 1021.7873679514944
18 45 1022.1919228082536
18 46 1022.2787813095548
18 47 1022.6427632174174
18 48 1022.716582491065
18 49 1023.0385350050867
18 50 1023.1004302394756
18 51 1023.3790805417751
18 52 1023.4300490576098
18 53 1023.6643078662385
18 54 1023.70521567884
18 55 1023.8941766961824
18 56 1023.9257473510964
18 57 1024.0686866105398
18 58 1024.0914901211561
18 59 1024.1878583455652
18 60 1024.2023235976667
18 61 1024.2519023612138
18 62 1024.2582648753653
18 63 1024.2582648753653
19 0 1000
19 1 1000.7701189137956
19 2 1001.5151641488036
19 3 1002.3042736981007
19 4 1003.026847471478
19 5 1003.8334383375084
19 6 1004.5312158926976
19 7 1005.3518352036583
19 8 1006.0226356356526
19 9 1006.8537613236372
19 10 1007.495731469783
19 11 1008.3337549803343
19 12 1008.9453867509269
19 13 1009.7866539559094
19 14 1010.3667859619885
19 15 1011.2076258661517
19 16 1011.755438010984
19 17 1012.59218973293
19 18 1013.1071915140526
19 19 1013.9362291955825
19 20 1014.4182428220056
19 21 1015.2359986072681
19 22 1015.6851376764632
19 23 1016.4881227324463
19 24 1016.9047672517171
19 25 1017.6895908199566
19 26 1018.0743593488121
19 27 1018.8377458163485
19 28 1019.1914654830131
19 29 1019.930269467245
19 30 1020.2539445752162
19 31 1020.9651640293137
19 32 1021.2599439208387
19 33 1021.9407312837128
19 34 1022.2078780687052
19 35 1022.8555495053887
19 36 1023.0964061991082
19 37 1023.7084490026211
19 38 1023.9244085458726
19 39 1024.4984867988619
19 40 1024.6909623629419
19 41 1025.2249209850463
19 42 1025.3953178925071
19 43 1025.8871852259219
19 44 1026.0368747495622
19 45 1026.484863859125
19 46 1026.6151590974027
19 47 1027.0176679812666
19 48 1027.1298019501637
19 49 1027.4854128715283
19 50 1027.5805189021248
19 51 1027.8879970607945
19 52 1027.9670915497306
19 53 1028.2253833114839
19 54 1028.2893508286354
19 55 1028.4975817348675
19 56 1028.547162642112
19 57 1028.7046355926211
19 58 1028.7404136984926
19 59 1028.8465991987177
19 60 1028.8690165460487
19 61 1028.9237358854409
19 62 1028.9330321052489
19 63 1028.9330321052489
20 0 1000
20 1 1000.8909258311716
20 2 1001.7567703976855
20 3 1002.6659669331265
20 4 1003.5086380989362
20 5 1004.4340456947488
20 6 1005.2507207286189
20 7 1006.1884100786167
20 8 1006.9764370675538
20 9 1007.9224423508499
20 10 1008.6795291331027
20 11 1009.6298347874661
20 12 1010.3540690716463
20 13 1011.3046527337121
20 14 1011.9945054733851
20 15 1012.9413677609898
20 16 1013.5956885891651
20 17 1014.5348802088686
20 18 1015.1528857353532
20 19 1016.0805317170624
20 20 1016.66178792586
20 21 1017.5741092489807
20 22 1018.118508859823
20 23 1019.0118415676302
20 24 1019.5195772613889
20 25 1020.3903891703778
20 26 1020.8619235619353
20 27 1021.7068286626142
20 28 1022.1428618722156
20 29 1022.9586325145593
20 30 1023.3600681415104
20 31 1024.1436450997614
20 32 1024.5115553430123
20 33 1025.26005586101
20 34 1025.595646462539
20 35 1026.3063703918403
20 36 1026.61094600357
20 37 1027.2813801614279
20 38 1027.5563106573945
20 39 1028.1841315490326
20 40 1028.4308197242576
20 41 1029.0138947924722
20 42 1029.2337458109071
20 43 1029.7701333943285
20 44 1029.9645262725724
20 45 1030.4524744705473
20 46 1030.6227358137128
20 47 1031.0606804692657
20 48 1031.2080606120671
20 49 1031.5946226335882
20 50 1031.7202742846923
20 51 1032.0542565310604
20 52 1032.1592159733245
20 53 1032.4395999230924
20 54 1032.5247707760716
20 55 1032.7507132032176
20 56 1032.8168529190143
20 57 1032.9876829985496
20 58 1033.0353893381669
20 59 1033.1505969494019
20 60 1033.1803249507145
20 61 1033.2397687025191
20 62 1033.251762328433
20 63 1033.251762328433
21 0 1000
21 1 1001.0021894785342
21 2 1001.9792848922283
21 3 1002.9990640344214
21 4 1003.9523146894031
21 5 1004.9871075766108
21 6 1005.9132294940069
21 7 1006.9586658844999
21 8 1007.8545712863602
21 9 1008.9062749312036
21 10 1009.7692661121134
21 11 1010.822845816219
21 12 1011.6506378520336
21 13 1012.7017322205152
21 14 1013.4924579127832
21 15 1014.5367660693529
21 16 1015.2889720951965
21 17 1016.322280827887
21 18 1017.0349159557633
21 19 1018.0531232373799
21 20 1018.7255199722234
21 21 1019.724655237735
21 22 1020.3565058743576
21 23 1021.3327472721925
21 24 1021.9240753669615
21 25 1022.8737642028852
21 26 1023.4248924493776
21 27 1024.3445450229058
21 28 1024.8560604757256
21 29 1025.7423774960153
21 30 1026.2150950300229
21 31 1027.0649687892487
21 32 1027.4998936120564
21 33 1028.3104130901511
21 34 1028.7087030470766
21 35 1029.4771571222468
21 36 1029.8400854480324
21 37 1030.5639643921329
21 38 1030.8928834755659
21 39 1031.5698789212311
21 40 1031.8661855600856
21 41 1032.4941891363303
21 42 1032.7592916733506
21 43 1033.3363925167878
21 44 1033.5716801650287
21 45 1034.0961615235256
21 46 1034.302976113248
21 47 1034.7733112664357
21 48 1034.9529215775599
21 49 1035.3677693028612
21 50 1035.5213480879752
21 51 1035.8795479009466
21 52 1036.0081516553234
21 53 1036.3087190459796
21 54 1036.4132705317827
21 55 1036.6553924180612
21 56 1036.7366661281167
21 57 1036.919696976554
21 58 1036.9783045330541
21 59 1037.101752887558
21 60 1037.1381619898054
21 61 1037.2019212106088
21 62 1037.2163802544001
21 63 1037.2163802544001
22 0 1000
22 1 1001.1038883341711
22 2 1002.182665218183
22 3 1003.3035039395596
22 4 1004.3577967396496
22 5 1005.4925293056438
22 6 1006.5186307933377
22 7 1007.6624828447581
22 8 1008.6569055203681
22 9 1009.805124674736
22 10 1010.7647995646125
22 11 1011.9126510443452
22 12 1012.8349527968351
22 13 1013.9777657652753
22 14 1014.8605189853629
22 15 1015.9937180763183
22 16 1016.8351940652452
22 17 1017.9543265005551
22 18 1018.7532313199811
22 19 1019.8539897039796
22 20 1020.6094450471809
22 21 1021.6876863310657
22 22 1022.3992042893142
22 23 1023.4509652361105
22 24 1024.1184180748153
22 25 1025.1399275490428
22 26 1025.7635135759285
22 27 1026.751201955175
22 28 1027.3314085124939
22 29 1028.2819144956266
22 30 1028.8194790419454
22 31 1029.7296541097535
22 32 1030.2255242776928
22 33 1031.0924350473995
22 34 1031.5477284753281
22 35 1032.3686571808937
22 36 1032.7846218223503
22 37 1033.55706514746
22 38 1033.9350406650776
22 39 1034.6567071544703
22 40 1034.9980879083955
22 41 1035.666894184674
22 42 1035.9730942314804
22 43 1036.5871602475404
22 44 1036.8595806768549
22 45 1037.4172242372374
22 46 1037.6572230916861
22 47 1038.1569538781971
22 48 1038.3658188295135
22 49 1038.8063321661359
22 50 1038.9852560575566
22 51 1039.3654266461685
22 52 1039.5154859598656
22 53 1039.8343618083995
22 54 1039.9564980646694
22 55 1040.2132948266183
22 56 1040.3082991118017
22 57 1040.5023953107852
22 58 1040.5708927025355
22 59 1040.7018146510845
22 60 1040.7442849558422
22 61 1040.8119581137876
22 62 1040.8286541313194
22 63 1040.8286541313194
23 0 1000
23 1 1001.196002784112
23 2 1002.3668726095152
23 3 1003.5792288336833
23 4 1004.7250109551499
23 5 1005.9502206380419
23 6 1007.0668237665882
23 7 1008.2997461995036
23 8 1009.3833202623674
23 9 1010.6188620489725
23 10 1011.6660018214556
23 11 1012.8991173144544
23 12 1013.9068896932015
23 13 1015.1326286949128
23 14 1016.0985802531196
23 15 1017.3121202305139
23 16 1018.2342744390907
23 17 1019.430947551391
23 18 1020.3077926453963
23 19 1021.4831078094344
23 20 1022.3135768918987
23 21 1023.4632374810975
23 22 1024.2466820544444
23 23 1025.366599668447
23 24 1026.102757805437
23 25 1027.1890625327012
23 26 1027.8780228588648
23 27 1028.9270704197982
23 28 1029.5692330207021
23 29 1030.5776091473929
23 30 1031.1736444385926
23 31 1032.1381668187123
23 32 1032.6889733278158
23 33 1033.6066914162247
23 34 1034.1133533289646
23 35 1034.981546311488
23 36 1035.4452915306474
23 37 1036.2614647103283
23 38 1036.6836240710993
23 39 1037.4455039374566
23 40 1037.8274721184564
23 41 1038.5330003539593
23 42 1038.8761989223262
23 43 1039.5235255963391
23 44 1039.8293685306189
23 45 1040.4168447281702
23 46 1040.6867066759967
23 47 1041.2128768056443
23 48 1041.448064256248
23 49 1041.9116582767765
23 50 1042.1133837622363
23 51 1042.5133095611131
23 52 1042.6826689463105
23 53 1043.0180050904667
23 54 1043.1559579572627
23 55 1043.4259470320308
23 56 1043.5333003639792
23 57 1043.7373433944783
23 58 1043.8147351286659
23 59 1043.952375054547
23 60 1044.0002964197561
23 61 1044.071488007457
23 62 1044.0901960855863
23 63 1044.0901960855863
24 0 1000
24 1 1001.2785143411456
24 2 1002.5318706532655
24 3 1003.8261863279089
24 4 1005.0538883342546
24 5 1006.360100466943
24 6 1007.5577130720692
24 7 1008.8703534636327
24 8 1010.0337020030562
24 9 1011.3473721550582
24 10 1012.4727508471816
24 11 1013.7821274955774
24 12 1014.8663286804631
24 13 1016.166212641341
24 14 1017.2065353855841
24 15 1018.4918843441819
24 16 1019.4861320380755
24 17 1020.7520874447722
24 18 1021.6985554316799
24 19 1022.9404638599224
24 20 1023.8379187892897
24 21 1025.0513484447024
24 22 1025.8990006330323
24 23 1027.0797535482063
24 24 1027.8772236493228
24 25 1029.0213440762939
24 26 1029.7686253150512
24 27 1030.8724047854057
24 28 1031.5698219425324
24 29 1032.6298014251454
24 30 1033.2779676769428
24 31 1034.2909372259928
24 32 1034.8907098455334
24 33 1035.8537060984363
24 34 1036.4061419188256
24 35 1037.3164437758312
24 36 1037.8227552048459
24 37 1038.6778779994729
24 38 1039.1393902619543
24 39 1039.9370787138023
24 40 1040.3551888867896
24 41 1041.0934091148001
24 42 1041.4695474133507
24 43 1042.1464782772671
24 44 1042.4820719487025
24 45 1043.0960959780562
24 46 1043.3925360710425
24 47 1043.9422302332512
24 48 1044.2008414272962
24 49 1044.6849679781285
24 50 1044.9069815899156
24 51 1045.3244792397893
24 52 1045.5110094665094
24 53 1045.8609850815553
24 54 1046.0130084848486
24 55 1046.2947295350968
24 56 1046.4130679791654
24 57 1046.625956246098
24 58 1046.7112596786501
24 59 1046.8548734471842
24 60 1046.9076436575128
24 61 1046.9819641472691
24 62 1047.0024622740832
24 63 1047.0024622740832
25 0 1000
25 1 1001.3514065662125
25 2 1002.6776268677143
25 3 1004.0443280291506
25 4 1005.3443675745194
25 5 1006.7220933993124
25 6 1007.9912144997451
25 7 1009.3742089255917
25 8 1010.6079511108696
25 9 1011.9905471149353
25 10 1013.1849403254382
25 11 1014.5615708094683
25 12 1015.7131663832938
25 13 1017.0784139388206
25 14 1018.1842941049568
25 15 1019.5329242649635
25 16 1020.5907000266301
25 17 1021.9176879928449
25 18 1022.9254865013951
25 19 1024.2260378244046
25 20 1025.1824810224803
25 21 1026.4520470069779
25 22 1027.356222909985
25 23 1028.590511367566
25 24 1029.4419393649796
25 25 1030.6369213070279
25 26 1031.4355128112513
25 27 1032.5874256257014
25 28 1033.3334413225903
25 29 1034.4387889306561
25 30 1035.1327937941248
25 31 1036.1883442376638
25 32 1036.8311613658532
25 33 1037.8339422348033
25 34 1038.4266064514738
25 35 1039.3738985249056
25 36 1039.9176105710326
25 37 1040.8069400151367
25 38 1041.3030220358266
25 39 1042.1321514774052
25 40 1042.5820043915442
25 41 1043.3489231656554
25 42 1043.7539863930165
25 43 1044.4569002473613
25 44 1044.8186141628044
25 45 1045.4559346880753
25 46 1045.775706076982
25 47 1046.3460401204857
25 48 1046.6252108253375
25 49 1047.1273501335033
25 50 1047.3671690096494
25 51 1047.8000803326292
25 52 1048.0016785730008
25 53 1048.3644944481493
25 54 1048.5288642783464
25 55 1048.8208747011336
25 56 1048.9488516640001
25 57 1049.1694971740224
25 58 1049.2617422382625
25 59 1049.410594990602
25 60 1049.4676195482566
25 61 1049.5446842507938
25 62 1049.5667532027339
25 63 1049.5667532027339
26 0 1000
26 1 1001.4146643994336
26 2 1002.8041116115627
26 3 1004.2336113329479
26 4 1005.5963926393954
26 5 1007.0361336317195
26 6 1008.3672508028377
26 7 1009.8112296174183
26 8 1011.1059758161122
26 9 1012.5482940934421
26 10 1013.8024717872981
26 11 1015.2373527841418
26 12 1016.4473062628686
26 13 1017.8691453171714
26 14 1019.0317709123818
26 15 1020.4351690586413
26 16 1021.5479132263398
26 17 1022.9277037342977
26 18 1023.9885501609783
26 19 1025.3398185883054
26 20 1026.3472661737821
26 21 1027.6653647765743
26 22 1028.6183979373736
26 23 1029.8989551380168
26 24 1030.7970078832082
26 25 1032.0359334585021
26 26 1032.8788486301398
26 27 1034.0723352278453
26 28 1034.8603202181846
26 29 1036.00484175564
26 30 1036.7384219147027
26 31 1037.8307293605287
26 32 1038.5107001956746
26 33 1039.5478151871532
26 34 1040.1751943355905
26 35 1041.1544010413197
26 36 1041.7303808712363
26 37 1042.6492164717226
26 38 1043.1751180417264
26 39 1044.0313621695759
26 40 1044.5085911528315
26 41 1045.300254608625
26 42 1045.7302596704506
26 43 1046.4555727093134
26 44 1046.8398067175856
26 45 1047.4972071837785
26 46 1047.8370915323942
26 47 1048.4252131037233
26 48 1048.7221053421488
26 49 1049.2397661313719
26 50 1049.4949310191264
26 51 1049.9411227648775
26 52 1050.1557068097782
26 53 1050.5295848715136
26 54 1050.704594350683
26 55 1051.005468712443
26 56 1051.1417513991912
26 57 1051.369079223055
26 58 1051.4673059234392
26 59 1051.6206716583733
26 60 1051.6813622738096
26 61 1051.7607911093203
26 62 1051.7842139294005
26 63 1051.7842139294005
27 0 1000
27 1 1001.4682749140907
27 2 1002.9112993590891
27 3 1004.3939982683646
27 4 1005.8099154921224
27 5 1007.3021621898476
27 6 1008.6857561895391
27 7 1010.181340891649
27 8 1011.5276984993842
27 9 1013.0205291957166
27 10 1014.3252626384252
27 11 1015.8093875220773
27 12 1017.0686682476269
27 13 1018.538326655632
27 14 1019.7488961257511
27 15 1021.1985524198781
27 16 1022.3577203177252
27 17 1023.7820902186966
27 18 1024.8877212917159
27 19 1026.2817913614404
27 20 1027.3322828128528
27 21 1028.6913239877829
27 22 1029.6855749242022
27 23 1031.0051508652029
27 24 1031.9425253118131
27 25 1033.2184962930728
27 26 1034.0987812230032
27 27 1035.3273042226908
27 28 1036.150663961716
27 29 1037.3281895566488
27 30 1038.09511781987
27 31 1039.2183844276635
27 32 1039.9296551269128
27 33 1040.9956810844212
27 34 1041.6522989185321
27 35 1042.6583728363587
27 36 1043.2615245455897
27 37 1044.205194335731
27 38 1044.7562013704112
27 39 1045.6352623077728
27 40 1046.135535533203
27 41 1046.9480176813181
27 42 1047.3990146191341
27 43 1048.1431699250845
27 44 1048.5463549182339
27 45 1049.2206442604297
27 46 1049.5774518467556
27 47 1050.1805323006411
27 48 1050.4923339903632
27 49 1051.02304656005
27 50 1051.2911211362837
27 51 1051.7484791835786
27 52 1051.9739865835966
27 53 1052.3571651665666
27 54 1052.5411239404632
27 55 1052.8494502626668
27 56 1052.9927188353081
27 57 1053.2256643576709
27 58 1053.3289220901208
27 59 1053.4860818358404
27 60 1053.5498559787056
27 61 1053.6312725293676
27 62 1053.6558343385079
27 63 1053.6558343385079
28 0 1000
28 1 1001.5122267842528
28 2 1002.9991678412232
28 3 1004.5254568794791
28 4 1005.984894198507
28 5 1007.5201299164477
28 6 1008.9466730876942
28 7 1010.4844810143063
28 8 1011.8730510386587
28 9 1013.4071836240353
28 10 1014.7532400899013
28 11 1016.2776053199689
28 12 1017.5771813161764
28 13 1019.0858939106242
28 14 1020.3356072392359
28 15 1021.8230227092469
28 16 1023.0200741466389
28 17 1024.4808149220023
28 18 1025.622974807879
28 19 1027.0519492215194
28 20 1028.1375343346799
28 21 1029.5299494138574
28 22 1030.5577916943023
28 23 1031.909160577485
28 24 1032.8785692546098
28 25 1034.1847140047291
28 26 1035.0954326223375
28 27 1036.3524831431446
28 28 1037.2046428819838
28 29 1038.4090325789475
28 30 1039.2031031681406
28 31 1040.3515619314805
28 32 1041.0883013173857
28 33 1042.1778463451164
28 34 1042.8582501547414
28 35 1043.886175079612
28 36 1044.5114267802483
28 37 1045.4752895170764
28 38 1046.046712038341
28 39 1046.9443217275802
28 40 1047.4633311801579
28 41 1048.2927345692149
28 42 1048.7607965693292
28 43 1049.5202641443695
28 44 1049.9388531370387
28 45 1050.6268652937215
28 46 1050.9974271631936
28 47 1051.612660683727
28 48 1051.9365788478035
28 49 1052.4778939326852
28 50 1052.7564590399309
28 51 1053.2228871246934
28 52 1053.4572704109555
28 53 1053.8480029779064
28 54 1054.0392332766139
28 55 1054.3536118594068
28 56 1054.5025564931573
28 57 1054.740064435397
28 58 1054.8474099002267
28 59 1055.0076510118752
28 60 1055.0739306513419
28 61 1055.156961789831
28 62 1055.1824493480751
28 63 1055.1824493480751
29 0 1000
29 1 1001.5465108496217
29 2 1003.0676989935305
29 3 1004.6279603694339
29 4 1006.1212949423092
29 5 1007.6899954300919
29 6 1009.14995544382
29 7 1010.7205979048391
29 8 1012.1419794138789
29 9 1013.7081991938273
29 10 1015.0863470191827
29 11 1016.6419470046329
29 12 1017.9727905093206
29 13 1019.5117923622068
29 14 1020.7918569369192
29 15 1022.308535241484
29 16 1023.5349405570241
29 17 1025.0238487402821
29 18 1026.194295104149
29 19 1027.6502840002449
29 20 1028.7630288059622
29 21 1030.1812588462412
29 22 1031.2350847147657
29 23 1032.6110326035828
29 24 1033.6052088129372
29 25 1034.9346694962715
29 26 1035.868908223272
29 27 1037.1479928900942
29 28 1038.0224016945754
29 29 1039.247532481889
29 30 1040.0625643507778
29 31 1041.2304663555533
29 32 1041.98686849757
29 33 1043.0945596351633
29 34 1043.7933220818527
29 35 1044.8381012727527
29 36 1045.4804062025953
29 37 1046.4598403183732
29 38 1047.0470128820323
29 39 1047.9589228373977
29 40 1048.4923841273264
29 41 1049.3348304679173
29 42 1049.8160531477276
29 43 1050.5873214518492
29 44 1051.0177884426323
29 45 1051.7163748286423
29 46 1052.0975413429403
29 47 1052.7221383510775
29 48 1053.0553974720001
29 49 1053.6048805689475
29 50 1053.8915324930833
29 51 1054.3649474284032
29 52 1054.6061724277565
29 53 1055.0027236502856
29 54 1055.1995587458709
29 55 1055.518599075034
29 56 1055.6719186503633
29 57 1055.9129407710147
29 58 1056.023436974725
29 59 1056.1860516006948
29 60 1056.2542625711278
29 61 1056.3385376641936
29 62 1056.3647391245402
29 63 1056.3647391245402
30 0 1000
30 1 1001.5711197387965
30 2 1003.1168783507045
30 3 1004.7014880503191
30 4 1006.2190907058238
30 5 1007.8117271782027
30 6 1009.2955664862887
30 7 1010.8896522828654
30 8 1012.3344405037509
30 9 1013.9235325391297
30 10 1015.3245378072596
30 11 1016.9023691220497
30 12 1018.2554518599776
30 13 1019.8159826755061
30 14 1021.1176072058259
30 15 1022.6550590790953
30 16 1023.9022918079281
30 17 1025.4111733544721
30 18 1026.6016689202631
30 19 1028.0767940459141
30 20 1029.2087714358868
30 21 1030.645271077678
30 22 1031.7174813384149
30 23 1033.1108096025303
30 24 1034.1224967650207
30 25 1035.4684322929379
30 26 1036.4192890579257
30 27 1037.7139323827223
30 28 1038.6040520163724
30 29 1039.8438195996014
30 30 1040.6736453739352
30 31 1041.8552609431499
30 32 1042.6255343265882
30 33 1043.746018067362
30 34 1044.4577267331417
30 35 1045.5143828291241
30 36 1046.1687094080812
30 37 1047.1591123692588
30 38 1047.7573847325802
30 39 1048.6793649057474
30 40 1049.2230086265179
30 41 1050.0746372426668
30 42 1050.5651307554961
30 43 1051.3447048357118
30 44 1051.7835376940407
30 45 1052.4895651074619
30 46 1052.8781996304278
30 47 1053.5093845737258
30 48 1053.8492210803026
30 49 1054.4044502266486
30 50 1054.6967959751573
30 51 1055.1751255207741
30 52 1055.4211674079404
30 53 1055.8218112228374
30 54 1056.0225922335865
30 55 1056.3449113091572
30 56 1056.5013109452534
30 57 1056.7448047130827
30 58 1056.857519210173
30 59 1057.0218033663314
30 60 1057.0913743014594
30 61 1057.1765247261658
30 62 1057.2032292589931
30 63 1057.2032292589931
31 0 1000
31 1 1001.5860482289427
31 2 1003.1466956493615
31 3 1004.7460248042166
31 4 1006.2782625325349
31 5 1007.8853021568286
31 6 1009.3834807790774
31 7 1010.9916156335548
31 8 1012.4504049384456
31 9 1014.0531523265794
31 10 1015.4677819542654
31 11 1017.0588404327051
31 12 1018.4251367016283
31 13 1019.9984367384978
31 14 1021.3128342407061
31 15 1022.8625722980274
31 16 1024.1221119587221
31 17 1025.642776028551
31 18 1026.8450910782765
31 19 1028.3314786721164
31 20 1029.4747705312025
31 21 1030.9220001269687
31 22 1032.0050058428171
31 23 1033.4085226918046
31 24 1034.4304755610103
31 25 1035.786052697641
31 26 1036.7466376292673
31 27 1038.0503728562703
31 28 1038.9496779356061
31 29 1040.1979874843942
31 30 1041.0364530796721
31 31 1042.2260625740194
31 32 1043.004429198164
31 33 1044.1323624817185
31 34 1044.8516184824116
31 35 1045.9151848089818
31 36 1046.5765148178614
31 37 1047.5732948488346
31 38 1048.1780297786995
31 39 1049.1058607846735
31 40 1049.6554300258342
31 41 1050.512390649259
31 42 1051.0082769857872
31 43 1051.7926718874367
31 44 1052.2363695336867
31 45 1052.9467142170147
31 46 1053.339690266497
31 47 1053.9746963492489
31 48 1054.3183558333005
31 49 1054.8769170138057
31 50 1055.1725716875678
31 51 1055.653750632923
31 52 1055.9025915419709
31 53 1056.3056079036867
31 54 1056.508681721587
31 55 1056.8329014696985
31 56 1056.991090833742
31 57 1057.2360174878422
31 58 1057.3500211251703
31 59 1057.5152733930788
31 60 1057.5856349433889
31 61 1057.6712934095542
31 62 1057.6982909111732
31 63 1057.6982909111732
32 0 1000
32 1 1001.5912930378104
32 2 1003.15714449089
32 3 1004.7615615874302
32 4 1006.2987988143019
32 5 1007.9107069962996
32 6 1009.4136830284103
32 7 1011.0264718606862
32 8 1012.4898554054765
32 9 1014.0970414507198
32 10 1015.5160618936869
32 11 1017.1113446041451
32 12 1018.481829023365
32 13 1020.0591407890762
32 14 1021.377525391557
32 15 1022.9310654725142
32 16 1024.1943934758049
32 17 1025.718653365748
32 18 1026.9245608260721
32 19 1028.4143420936537
32 20 1029.5610336608938
32 21 1031.011459262003
32 22 1032.0976755031297
32 23 1033.5041954678454
32 24 1034.5291733898009
32 25 1035.8875657257795
32 26 1036.8509940530816
32 27 1038.1573616372316
32 28 1039.0593323025516
32 29 1040.3100964599078
32 30 1041.1510536490014
32 31 1042.3429450460064
32 32 1043.1236330079682
32 33 1044.2536804197869
32 34 1044.9750911148076
32 35 1046.040608564686
32 36 1046.7039300790566
32 37 1047.7025027931693
32 38 1048.309069309372
32 39 1049.2385388833241
32 40 1049.7897828553516
32 41 1050.6482319882614
32 42 1051.1456390420028
32 43 1051.931376160117
32 44 1052.3764431183092
32 45 1053.0879871814175
32 46 1053.4821835044556
32 47 1054.1182492636974
32 48 1054.4629821030344
32 49 1055.0224660568288
32 50 1055.3190490378372
32 51 1055.8010163124861
32 52 1056.0506420995557
32 53 1056.4543144595757
32 54 1056.658031093338
32 55 1056.9827762715254
32 56 1057.1414675038898
32 57 1057.3867904320946
32 58 1057.5011558562251
32 59 1057.6666762712132
32 60 1057.7372601927227
32 61 1057.8230601651401
32 62 1057.8501409313658
32 63 1057.8501409313658
33 0 1000
33 1 1001.5868529682434
33 2 1003.1482225877445
33 3 1004.7480952196698
33 4 1006.2806957799821
33 5 1007.8879374679506
33 6 1009.3861688587351
33 7 1010.9942165159914
33 8 1012.4527877086903
33 9 1014.0551959946926
33 10 1015.4693743143225
33 11 1017.0598789217274
33 12 1018.4255270233659
33 13 1019.9980939040055
33 14 1021.3116809087506
33 15 1022.8605399782218
33 16 1024.1191391237817
33 17 1025.6388094677177
33 18 1026.8400838258051
33 19 1028.3253914872671
33 20 1029.4675696923052
33 21 1030.9136590090832
33 22 1031.9955026277103
33 23 1033.3978420104895
33 24 1034.418606169264
33 25 1035.7729891488916
33 26 1036.7323779628607
33 27 1038.034920266301
33 28 1038.933038515255
33 29 1040.1801718580707
33 30 1041.0174742416477
33 31 1042.2059374544185
33 32 1042.9831766280874
33 33 1044.1100046678714
33 34 1044.828179124283
33 35 1045.8906904619059
33 36 1046.5509931808876
33 37 1047.5467760014708
33 38 1048.1505446511724
33 39 1049.0774422591817
33 40 1049.6261115942507
33 41 1050.4822073751402
33 42 1050.9772643484355
33 43 1051.7608666059173
33 44 1052.2038085907825
33 45 1052.9134355508663
33 46 1053.3057319634897
33 47 1053.9400972124645
33 48 1054.2831547298906
33 49 1054.8411533321071
33 50 1055.1362848221029
33 51 1055.6169803436903
33 52 1055.8653775589328
33 53 1056.2679902025052
33 54 1056.4707002291309
33 55 1056.7945962691583
33 56 1056.9525019531047
33 57 1057.1971850538696
33 58 1057.3109852292521
33 59 1057.4760741706057
33 60 1057.5463124126809
33 61 1057.6318875316983
33 62 1057.6588419270288
33 63 1057.6588419270288
34 0 1000
34 1 1001.572728875866
34 2 1003.119931702636
34 3 1004.7056284352927
34 4 1006.2239574043757
34 5 1007.8169985855951
34 6 1009.3009446862475
34 7 1010.8948569341678
34 8 1012.3392106138828
34 9 1013.9276253855066
34 10 1015.3277299877288
34 11 1016.9044544515995
34 12 1018.2562429286529
34 13 1019.815308157863
34 14 1021.1153137656164
34 15 1022.6510081364856
34 16 1023.8963618008978
34 17 1025.4032560547739
34 18 1026.5916720112955
34 19 1028.0646370801776
34 20 1029.1943886783713
34 21 1030.6286072038617
34 22 1031.6984944815831
34 23 1033.0894668922679
34 24 1034.0987775106864
34 25 1035.4423234601688
34 26 1036.3907885182182
34 27 1037.6830444198195
34 28 1038.5707905731795
34 29 1039.808203897958
34 30 1040.6357030944671
34 31 1041.8150240313623
34 32 1042.5830420481502
34 33 1043.7013130613175
34 34 1044.4108578939163
34 35 1045.4654016545244
34 36 1046.1176726693873
34 37 1047.1060787881897
34 38 1047.7024174115359
34 39 1048.6225283546351
34 40 1049.1643709359519
34 41 1050.014267468993
34 42 1050.5031008300041
34 43 1051.281087304812
34 44 1051.7184073668293
34 45 1052.4229971381685
34 46 1052.8102709146121
34 47 1053.4401721520976
34 48 1053.7788033001411
34 49 1054.3329054400911
34 50 1054.6242034869081
34 51 1055.1015645500306
34 52 1055.346717846073
34 53 1055.7465528265041
34 54 1055.9466052165174
34 55 1056.2682757321938
34 56 1056.4241071644465
34 57 1056.667112950031
34 58 1056.7794198973395
34 59 1056.9433768030215
34 60 1057.0127007301739
34 61 1057.0976841458223
34 62 1057.1243023182058
34 63 1057.1243023182058
35 0 1000
35 1 1001.5489235947368
35 2 1003.0722775340549
35 3 1004.6341700047723
35 4 1006.128595115106
35 5 1007.6979049086245
35 6 1009.1580272056125
35 7 1010.7284127399238
35 8 1012.1491450996447
35 9 1013.714353118472
35 10 1015.0911527802707
35 11 1016.6450969860308
35 12 1017.9740017768059
35 13 1019.5108097831614
35 14 1020.7884482279583
35 15 1022.3024945743945
35 16 1023.526082922392
35 17 1025.0120140036424
35 18 1026.1793418172797
35 19 1027.6320938372603
35 20 1028.7414999689149
35 21 1030.1563107953627
35 22 1031.2066513181385
35 23 1032.5790670640515
35 24 1033.5696767096588
35 25 1034.8955538054965
35 26 1035.826202392587
35 27 1037.1017058504872
35 28 1037.9725510967808
35 29 1039.1941496023121
35 30 1040.0056876043056
35 31 1041.17014600722
35 32 1041.9231605483965
35 33 1043.0275302639766
35 34 1043.7230419810821
35 35 1044.7646497596375
35 36 1045.4038660613032
35 37 1046.3803015359831
35 38 1046.9645680327615
35 39 1047.8736704152973
35 40 1048.4044244886161
35 41 1049.2442687484331
35 42 1049.7229957611257
35 43 1050.491878594725
35 44 1050.9200711302681
35 45 1051.6164970037439
35 46 1051.9956174171734
35 47 1052.6182849440356
35 48 1052.9497314163325
35 49 1053.497520314128
35 50 1053.78259652468
35 51 1054.2545553762309
35 52 1054.494443845909
35 53 1054.8897788715819
35 54 1055.0855179682185
35 55 1055.4035830001444
35 56 1055.5560478231321
35 57 1055.7963360602078
35 58 1055.9062191493672
35 59 1056.0683415820124
35 60 1056.1361809323237
35 61 1056.2202048143374
35 62 1056.2462763245019
35 63 1056.2462763245019
36 0 1000
36 1 1001.515442081293
36 2 1003.0052699326419
36 3 1004.5337343325975
36 4 1005.9946283244549
36 5 1007.5306796586552
36 6 1008.9574443316973
36 7 1010.4949144643653
36 8 1011.8826257439808
36 9 1013.4154148722073
36 10 1014.7596814947402
36 11 1016.2818446771984
36 12 1017.5788437007903
36 13 1019.0846363623655
36 14 1020.3311225512716
36 15 1021.8150330306006
36 16 1023.008335483276
36 17 1024.4651098349912
36 18 1025.6031175482319
36 19 1027.027777706616
36 20 1028.1089158168372
36 21 1029.4967719303747
36 22 1030.5199701484614
36 23 1031.8666278597666
36 24 1032.8312826022604
36 25 1034.1326459873087
36 26 1035.0385776411704
36 27 1036.2908484635752
36 28 1037.1382551362549
36 29 1038.3379290113344
36 30 1039.1273380131461
36 31 1040.2711980174652
36 32 1041.0034162053128
36 33 1042.0885244125552
36 34 1042.7645883975458
36 35 1043.7882757724446
36 36 1044.4094028632824
36 37 1045.3692579026633
36 38 1045.9367985258366
36 39 1046.830654999605
36 40 1047.3460472097888
36 41 1048.1719713244911
36 42 1048.6366978972608
36 43 1049.3929751798059
36 44 1049.8085236663017
36 45 1050.493645844427
36 46 1050.861471866061
36 47 1051.4741240039705
36 48 1051.7956179762243
36 49 1052.3346661072194
36 50 1052.6111235060955
36 51 1053.0756029879374
36 52 1053.3081982118181
36 53 1053.6973030124216
36 54 1053.8870668326083
36 55 1054.2001399383585
36 56 1054.347940750393
36 57 1054.5844662717243
36 58 1054.6909911865637
36 59 1054.8505733632542
36 60 1054.9163555999271
36 61 1054.999050377382
36 62 1055.0243639531575
36 63 1055.0243639531575
37 0 1000
37 1 1001.4722911238133
37 2 1002.9189224288315
37 3 1004.4043419080479
37 4 1005.8220833605969
37 5 1007.3153558117002
37 6 1008.6992334069006
37 7 1010.1944053183984
37 8 1011.5396981803384
37 9 1013.0308609818467
37 10 1014.3333665886743
37 11 1015.8147511991439
37 12 1017.0708199570865
37 13 1018.5368406390711
37 14 1019.7433843938217
37 15 1021.1886707510401
37 16 1022.3431589529612
37 17 1023.7625806083308
37 18 1024.8630258663538
37 19 1026.251710912712
37 20 1027.2966455803294
37 21 1028.6499935336865
37 22 1029.6384387817448
37 23 1030.9521287477178
37 24 1031.8835575653547
37 25 1033.1535522712438
37 26 1034.027847775759
37 27 1035.250394068031
37 28 1036.0678044244787
37 29 1037.2394307762411
37 30 1038.0005219286684
37 31 1039.1180334487879
37 32 1039.8236407530756
37 33 1040.8841121399439
37 34 1041.535291867604
37 35 1042.5360587074981
37 36 1043.1340402647936
37 37 1044.0726890378439
37 38 1044.6188286190252
37 39 1045.4931857449571
37 40 1045.9889220156258
37 41 1046.7970422461017
37 42 1047.2438545357156
37 43 1047.9840089793618
37 44 1048.3833783531841
37 45 1049.0540424021303
37 46 1049.4074158845681
37 47 1050.0072572962927
37 48 1050.3160154311461
37 49 1050.8438828053618
37 50 1051.1093106651097
37 51 1051.5642225413053
37 52 1051.7874842383067
37 53 1052.1686190229734
37 54 1052.3507357175006
37 55 1052.6574226351274
37 56 1052.7992542466664
37 57 1053.030965883059
37 58 1053.1331926602893
37 59 1053.2895247025763
37 60 1053.3526738248049
37 61 1053.4336677892113
37 62 1053.4580109082094
37 63 1053.4580109082094
38 0 1000
38 1 1001.4194796568745
38 2 1002.813252720077
38 3 1004.2460184563936
38 4 1005.61099460942
38 5 1007.0519742455156
38 6 1008.3834431903186
38 7 1009.826938313682
38 8 1011.1204219971113
38 9 1012.5607525431989
38 10 1013.8122739958585
38 11 1015.2438808861775
38 12 1016.4499976367853
38 13 1017.8674847791947
38 14 1019.0252963471662
38 15 1020.4234619924301
38 16 1021.5306055237064
38 17 1022.9044668106735
38 18 1023.9591026320533
38 19 1025.3039143883545
38 20 1026.3047030123464
38 21 1027.6159714488799
38 22 1028.5620434109233
38 23 1029.8355353455981
38 24 1030.7264552428046
38 25 1031.9582034339096
38 26 1032.7939294797297
38 27 1033.9802346029132
38 28 1034.7610749385735
38 29 1035.8985046930154
38 30 1036.6250716045558
38 31 1037.7104573881256
38 32 1038.3836204729093
38 33 1039.4140520246624
38 34 1040.0348912375518
38 35 1041.0077096099083
38 36 1041.5774690009498
38 37 1042.4902581937204
38 38 1043.010301029801
38 39 1043.8608785936308
38 40 1044.332644439472
38 41 1045.1190513366239
38 42 1045.5440155585402
38 43 1046.2645055532739
38 44 1046.644141604816
38 45 1047.2971704427234
38 46 1047.6329151967329
38 47 1048.2171298210585
38 48 1048.510352129317
38 49 1049.0245801712315
38 50 1049.2765527619579
38 51 1049.7197925299688
38 52 1049.9316672960099
38 53 1050.3030784749412
38 54 1050.4758651493619
38 55 1050.7747604049307
38 56 1050.9093088236189
38 57 1051.1351468729531
38 58 1051.2321291186729
38 59 1051.3844953619734
38 60 1051.444431401492
38 61 1051.5233498334894
38 62 1051.5465085217268
38 63 1051.5465085217268
39 0 1000
39 1 1001.3570182635819
39 2 1002.6882818505889
39 3 1004.0587957089706
39 4 1005.3614026898308
39 5 1006.7405855970236
39 6 1008.0101308165807
39 7 1009.3925792662551
39 8 1010.6248664395521
39 9 1012.0051655881039
39 10 1013.1964795990824
39 11 1014.5693140567602
39 12 1015.7164529928133
39 13 1017.0766467733577
39 14 1018.1769282466678
39 15 1019.5194753918962
39 16 1020.5707315681216
39 17 1021.8908205484037
39 18 1022.8913836966348
39 19 1024.184416618572
39 20 1025.1330965909344
39 21 1026.3947037476944
39 22 1027.2907586875604
39 23 1028.5168090013794
39 24 1029.3599105673807
39 25 1030.5465184223465
39 26 1031.3367127671502
39 27 1032.480241691118
39 28 1033.21790736757
39 29 1034.3149709813072
39 30 1035.0007748642474
39 31 1036.0482354781952
39 32 1036.6830876931651
39 33 1037.6780528989366
39 34 1038.263061643115
39 35 1039.2028792188682
39 36 1039.7393062486888
39 37 1040.621557674981
39 38 1041.110775122515
39 39 1041.9332679877766
39 40 1042.3767170572737
39 41 1043.1374766188926
39 42 1043.5366286086601
39 43 1044.2338887657681
39 44 1044.5902087612717
39 45 1045.2224026874435
39 46 1045.5373161811785
39 47 1046.1030668581345
39 48 1046.3779294720096
39 49 1046.8760403578171
39 50 1047.1121107756717
39 51 1047.541556831836
39 52 1047.7399729944423
39 53 1048.0998922836309
39 54 1048.2616508444939
39 55 1048.5513368969753
39 56 1048.6772761302732
39 57 1048.896171628993
39 58 1048.9869542459057
39 59 1049.1346327060965
39 60 1049.1907703546749
39 61 1049.2672352361189
39 62 1049.2889935911453
39 63 1049.2889935911453
40 0 1000
40 1 1001.2849196485827
40 2 1002.5440349560749
40 3 1003.8427101210704
40 4 1005.0733561789525
40 5 1006.3812474715612
40 6 1007.5793647901047
40 7 1008.8914024683512
40 8 1010.0531147653314
40 9 1011.364185236018
40 10 1012.4860749627757
40 11 1013.7911397229568
40 12 1014.8702785000971
40 13 1016.1644118374794
40 14 1017.1983654537778
40 15 1018.4767842375586
40 16 1019.463606991869
40 17 1020.7216949010127
40 18 1021.659915137691
40 19 1022.8932423131101
40 20 1023.7818404243163
40 21 1024.9861789676509
40 22 1025.8245590691884
40 23 1026.9958948421458
40 24 1027.7838513189013
40 25 1028.9183924499423
40 26 1029.6560725258948
40 27 1030.7502549995199
40 28 1031.4381184288536
40 29 1032.4886091003602
40 30 1033.1273860003805
40 31 1034.1310833501134
40 32 1034.7217311082741
40 33 1035.6757640250923
40 34 1036.2194241151428
40 35 1037.1211489796633
40 36 1037.6191044193092
40 37 1038.4661007433783
40 38 1038.9197348212317
40 39 1039.7097996904886
40 40 1040.1205564864799
40 41 1040.851698046906
40 42 1041.22104517049
40 43 1041.8914753963279
40 44 1042.2208692730817
40 45 1042.828996251211
40 46 1043.1198502028365
40 47 1043.6642701662784
40 48 1043.9179254531618
40 49 1044.3974147926624
40 50 1044.6151147231869
40 51 1045.0286221997433
40 52 1045.2114893576847
40 53 1045.5581287286384
40 54 1045.7071453183232
40 55 1045.9861885769028
40 56 1046.1021800676442
40 57 1046.3130518329071
40 58 1046.3966705439609
40 59 1046.5389309483321
40 60 1046.5906792328014
40 61 1046.664308230623
40 62 1046.6844482754773
40 63 1046.6844482754773
41 0 1000
41 1 1001.2031979481067
41 2 1002.3805401123229
41 3 1003.59780394457
41 4 1004.746909064224
41 5 1005.974027025827
41 6 1007.091220746469
41 7 1008.3234948622064
41 8 1009.4052582592969
41 9 1010.6379114942807
41 10 1011.6811596391494
41 11 1012.9094629859048
41 12 1013.9115735678773
41 13 1015.1308813078343
41 14 1016.0896981514975
41 15 1017.2954767107958
41 16 1018.2093033373459
41 17 1019.3971553116296
41 18 1020.2647404300112
41 19 1021.4304247113394
41 20 1022.2509407679487
41 21 1023.3903890746842
41 22 1024.1634049679903
41 23 1025.2727351271983
41 24 1025.9981841843207
41 25 1027.0737104736772
41 26 1027.7518547524751
41 27 1028.7900955854332
41 28 1029.4214875156472
41 29 1030.4191707302264
41 30 1031.0046130404619
41 31 1031.9586790327219
41 32 1032.4991838309425
41 33 1033.4067867596102
41 34 1033.903534546753
41 35 1034.7620418258491
41 36 1035.2163411284164
41 37 1036.0233314197665
41 38 1036.4365796309926
41 39 1037.1898395474821
41 40 1037.563485470715
41 41 1038.2610052029995
41 42 1038.5965136979869
41 43 1039.2364817808434
41 44 1039.5353008259196
41 45 1040.1160982642307
41 46 1040.3796286669863
41 47 1040.8998226441088
41 48 1041.1293905615848
41 49 1041.587727953392
41 50 1041.7845603213723
41 51 1042.1799612365483
41 52 1042.3451641573249
41 53 1042.6767157168972
41 54 1042.8112558059265
41 55 1043.0782063634158
41 56 1043.1828952245999
41 57 1043.3846495481102
41 58 1043.460128227304
41 59 1043.5962317539406
41 60 1043.6429924279573
41 61 1043.7133987431307
41 62 1043.7316998712945
41 63 1043.7316998712945
42 0 1000
42 1 1001.1118693436184
42 2 1002.1978293174511
42 3 1003.3241235321751
42 4 1004.3821230123575
42 5 1005.518997284959
42 6 1006.5457853888691
42 7 1007.6889503308063
42 8 1008.6814019608336
42 9 1009.8264515427109
42 10 1010.781848710165
42 11 1011.9243954137388
42 12 1012.8404538347527
42 13 1013.9761612838741
42 14 1014.8510322579195
42 15 1015.9756430253193
42 16 1016.8079061204123
42 17 1017.9172654989849
42 18 1018.7059139626684
42 19 1019.795990573749
42 20 1020.5404104454989
42 21 1021.6073138556842
42 22 1022.307257779534
42 23 1023.3472533637104
42 24 1024.0028100919428
42 25 1025.0123313426004
42 26 1025.6238918958436
42 27 1026.599550364122
42 28 1027.1677717720524
42 29 1028.1063648120253
42 30 1028.6321323016625
42 31 1029.530648780101
42 32 1030.0150372094156
42 33 1030.8706613388911
42 34 1031.3148965951286
42 35 1032.1250100487955
42 36 1032.5304310466183
42 37 1033.2926135177347
42 38 1033.6606353448765
42 39 1034.3726637221912
42 40 1034.7047423925596
42 41 1035.3645887328717
42 42 1035.6621879214131
42 43 1036.2680164115634
42 44 1036.5325764640072
42 45 1037.0827395748993
42 46 1037.3156490106401
42 47 1037.8086830542359
42 48 1038.0112527137451
42 49 1038.4458730191343
42 50 1038.6193129496071
42 51 1038.9944088752202
42 52 1039.1398080008969
42 53 1039.4544379952747
42 54 1039.5727465729037
42 55 1039.8261334861581
42 56 1039.9181485014681
42 57 1040.1096756500774
42 58 1040.1760262371183
42 59 1040.305223188514
42 60 1040.3463906370841
42 61 1040.4131818052167
42 62 1040.4294207069902
42 63 1040.4294207069902
43 0 1000
43 1 1001.0109512004298
43 2 1001.995937032328
43 3 1003.0217206895618
43 4 1003.9790641429062
43 5 1005.0162403963537
43 6 1005.9431511216585
43 7 1006.9878749593104
43 8 1007.8816570828153
43 9 1008.9299270525903
43 10 1009.7882630347484
43 11 1010.836064384419
43 12 1011.6570393833679
43 13 1012.7003738803979
43 14 1013.4824758259822
43 15 1014.5173884026268
43 16 1015.2594996938499
43 17 1016.2821019110546
43 18 1016.9834846883672
43 19 1017.9899758239419
43 20 1018.6502516324823
43 21 1019.6369374293088
43 22 1020.2560621587222
43 23 1021.2193713521966
43 24 1021.7976063320405
43 25 1022.7341050435076
43 26 1023.2719851559031
43 27 1024.1783892330725
43 28 1024.676688872207
43 29 1025.5498742533923
43 30 1026.0095719141048
43 31 1026.846583094281
43 32 1027.2688253128354
43 33 1028.0668819958075
43 34 1028.4529472977524
43 35 1029.2094493297407
43 36 1029.5607127652288
43 37 1030.2732434600864
43 38 1030.5911422288539
43 39 1031.2574702127361
43 40 1031.5434708017131
43 41 1032.1615505240095
43 42 1032.4171177025962
43 43 1032.9850887787829
43 44 1033.2116567224477
43 45 1033.7278422918023
43 46 1033.9267880356751
43 47 1034.3896923311033
43 48 1034.5623116933273
43 49 1034.9706170306631
43 50 1035.1181030916425
43 51 1035.4706664907137
43 52 1035.5940906703122
43 53 1035.8899403186274
43 54 1035.9902360506742
43 55 1036.2285678118146
43 56 1036.3065169553761
43 57 1036.4866914028992
43 58 1036.5429107285895
43 59 1036.6644406225032
43 60 1036.6993999507065
43 61 1036.7621778671344
43 62 1036.7761278725955
43 63 1036.7761278725955
44 0 1000
44 1 1000.9004627984878
44 2 1001.7749013741679
44 3 1002.6906505912041
44 4 1003.5378057893934
44 5 1004.4658431137914
44 6 1005.2834208471425
44 7 1006.2203800326332
44 8 1007.0061480010505
44 9 1007.9484647149029
44 10 1008.7005384674147
44 11 1009.6446012582089
44 12 1010.3614661213297
44 13 1011.3036432458377
44 14 1011.9841524307553
44 15 1012.9208172111512
44 16 1013.5641824106026
44 17 1014.4917363163788
44 18 1015.0975127734218
44 19 1016.0124069614662
44 20 1016.5804736614581
44 21 1017.4792288695797
44 22 1018.0097646230851
44 23 1018.8889894127989
44 24 1019.3824455917646
44 25 1020.2388529088767
44 26 1020.6959235893115
44 27 1021.5263456139984
44 28 1021.9479358555509
44 29 1022.7493371193759
44 30 1023.1365300748463
44 31 1023.9060188339101
44 32 1024.2600423329754
44 33 1024.9948802035733
44 34 1025.3170733971622
44 35 1026.0146832821431
44 36 1026.3064638694234
44 37 1026.9644362287879
44 38 1027.2272687200996
44 39 1027.8433662668467
44 40 1028.0787316654732
44 41 1028.6508925957733
44 42 1028.8602598115308
44 43 1029.3865997053788
44 44 1029.5713989456883
44 45 1030.050211498716
44 46 1030.2118098200172
44 47 1030.6415665877098
44 48 1030.7812457333766
44 49 1031.1605950842932
44 50 1031.2795316859015
44 51 1031.6072971696701
44 52 1031.7065453477844
44 53 1031.9817236856738
44 54 1032.0622000472126
44 55 1032.2839589460443
44 56 1032.3464300985802
44 57 1032.5141063432939
44 58 1032.5591765458348
44 59 1032.6722653342379
44 60 1032.7003925686874
44 61 1032.7587520560353
44 62 1032.7701831566017
44 63 1032.7701831566017
45 0 1000
45 1 1000.7804243256112
45 2 1001.5347623774153
45 3 1002.3309733834872
45 4 1003.0584246497564
45 5 1003.8679006542011
45 6 1004.5667015577329
45 7 1005.3865882817159
45 8 1006.0550031910066
45 9 1006.882204945661
45 10 1007.518814180709
45 11 1008.3501525127339
45 12 1008.9538716447144
45 13 1009.7861090018991
45 14 1010.3561848229317
45 15 1011.1860484999315
45 16 1011.7220483897864
45 17 1012.5462531501583
45 18 1013.0480498522003
45 19 1013.8633198841243
45 20 1014.3310721740813
45 21 1015.1341621310195
45 22 1015.5682920254931
45 23 1016.3560070202112
45 24 1016.7571741674807
45 25 1017.5263885656884
45 26 1017.8954624603742
45 27 1018.6431373322563
45 28 1018.9811679816801
45 29 1019.7043670852358
45 30 1020.012554727914
45 31 1020.7084589204615
45 32 1020.9881233587744
45 33 1021.6540433611551
45 34 1021.9065934227808
45 35 1022.5399808935974
45 36 1022.7668844819541
45 37 1023.3653413951639
45 38 1023.5680965300749
45 39 1024.1293828868211
45 40 1024.3094900751321
45 41 1024.8315300181032
45 42 1024.9904662321858
45 43 1025.4713526663375
45 44 1025.6105471483615
45 45 1026.0485450038846
45 46 1026.1693570572736
45 47 1026.5629053577677
45 48 1026.6666042359648
45 49 1027.0143171556424
45 50 1027.1020641135349
45 51 1027.4027312209364
45 52 1027.4755637572114
45 53 1027.7281496486653
45 54 1027.7869679321577
45 55 1027.9906114530995
45 56 1028.0361670311765
45 57 1028.1901805114035
45 58 1028.2230652264236
45 59 1028.3269258371956
45 60 1028.3475856315272
45 61 1028.4011146906405
45 62 1028.4097927517159
45 63 1028.4097927517159
46 0 1000
46 1 1000.6508576968315
46 2 1001.2755633670695
46 3 1001.9427517420883
46 4 1002.5410039775262
46 5 1003.2225114196556
46 6 1003.7931098944258
46 7 1004.4866256933736
46 8 1005.0283633469228
46 9 1005.7312907908534
46 10 1006.2432434000432
46 11 1006.9528658620994
46 12 1007.4344085242086
46 13 1008.1479097985717
46 14 1008.5987105982828
46 15 1009.313197297764
46 16 1009.7332053140965
46 17 1010.4457289329799
46 18 1010.8351586273064
46 19 1011.5427378483201
46 20 1011.9020501476415
46 21 1012.6016929986677
46 22 1012.9315735983002
46 23 1013.6202991976969
46 24 1013.9216346039206
46 25 1014.596494216024
46 26 1014.8703460561239
46 27 1015.5284431990865
46 28 1015.7760213214001
46 29 1016.4145306948559
46 30 1016.6371655638453
46 31 1017.2533505968424
46 32 1017.4524654600767
46 33 1018.0436943187956
46 34 1018.2207775856112
46 35 1018.7845375241022
46 36 1018.9411157514738
46 37 1019.4750257352746
46 38 1019.6126375670422
46 39 1020.1144591472174
46 40 1020.2346305003165
46 41 1020.7022769622831
46 42 1020.8064977000647
46 43 1021.2380415557005
46 44 1021.3277438357376
46 45 1021.7214227669805
46 46 1021.7979612007726
46 47 1022.1521825966918
46 48 1022.2168163129896
46 49 1022.5301605688721
46 50 1022.5840372322438
46 51 1022.8552599976157
46 52 1022.8994018006284
46 53 1023.1274353728321
46 54 1023.1627269891965
46 55 1023.3466810461417
46 56 1023.3738596172157
46 57 1023.5130216818794
46 58 1023.5326670951301
46 59 1023.6264960836726
46 60 1023.6390422992143
46 61 1023.6873203861558
46 62 1023.6930072917947
46 63 1023.6930072917947
47 0 1000
47 1 1000.5117854324936
47 2 1000.9973489724141
47 3 1001.5260526912884
47 4 1001.9856291715552
47 5 1002.5297813750703
47 6 1002.9627647953104
47 7 1003.5206286173752
47 8 1003.9263709650909
47 9 1004.4958778580102
47 10 1004.873979953749
47 11 1005.4529029958638
47 12 1005.8032279839418
47 13 1006.3891987341841
47 14 1006.7118632748102
47 15 1007.3023924899337
47 16 1007.5977532605231
47 17 1008.1902522973367
47 18 1008.4588898725417
47 19 1009.0506932740202
47 20 1009.2933935300638
47 21 1009.8817822549067
47 22 1010.0995156996427
47 23 1010.6817406034397
47 24 1010.8756400302955
47 25 1011.4489451936431
47 26 1011.6202820719025
47 27 1012.18192759958
47 28 1012.3320876171032
47 29 1012.8793715671122
47 30 1013.0098297334221
47 31 1013.5401088778987
47 32 1013.6524045773477
47 33 1014.1631137471386
47 34 1014.2588261048053
47 35 1014.7474959240006
47 36 1014.8282198125891
47 37 1015.2924926864905
47 38 1015.3598156625826
47 39 1015.7974599403525
47 40 1015.852940354724
47 41 1016.2618626442296
47 42 1016.3070091255244
47 43 1016.6852647906679
47 44 1016.7215172563904
47 45 1017.0673191746985
47 46 1017.0960314800152
47 47 1017.4077571788659
47 48 1017.4301814736833
47 49 1017.7063787959934
47 50 1017.7236516255159
47 51 1017.9630430989854
47 52 1017.9761732536894
47 53 1018.177659351585
47 54 1018.1875174460074
47 55 1018.3501789267548
47 56 1018.357488749945
47 57 1018.4805884302489
47 58 1018.4859186856173
47 59 1018.5688973450018
47 60 1018.5726702825118
47 61 1018.6152688442724
47 62 1018.6177215475561
47 63 1018.6177215475561
48 0 1000
48 1 1000.3632315318971
48 2 1000.7001666414034
48 3 1001.0809448330007
48 4 1001.3923913214142
48 5 1001.7898180824378
48 6 1002.0757936955832
48 7 1002.4887345003647
48 8 1002.7491794311369
48 9 1003.1761217394314
48 10 1003.4111903276189
48 11 1003.8504238065559
48 12 1004.060494870047
48 13 1004.5101246180571
48 14 1004.6957900056949
48 15 1005.1537554456261
48 16 1005.3158048888762
48 17 1005.7799003874511
48 18 1005.9193047477825
48 19 1006.3872023803912
48 20 1006.5050952715141
48 21 1006.9743690475603
48 22 1007.0720271122542
48 23 1007.5401781392783
48 24 1007.6190002571238
48 25 1008.0834823130267
48 26 1008.1449680364826
48 27 1008.603213055508
48 28 1008.6489405833282
48 29 1009.0983836049593
48 30 1009.1299876027323
48 31 1009.5680907856375
48 32 1009.5872403545068
48 33 1010.0115157177294
48 34 1010.0198927949712
48 35 1010.4279234134724
48 36 1010.4272018637942
48 37 1010.8166613129081
48 38 1010.8084869386088
48 39 1011.1771568495893
48 40 1011.1631285127571
48 41 1011.5089141671422
48 42 1011.4905661796689
48 43 1011.8115101315219
48 44 1011.7902960306664
48 45 1012.0845898009829
48 46 1012.0618675912557
48 47 1012.3278615262992
48 48 1012.304880434135
48 49 1012.5410918578873
48 50 1012.518980615258
48 51 1012.7241004345093
48 52 1012.7038570824801
48 53 1012.8767550213485
48 54 1012.8592382028331
48 55 1012.9989668452611
48 56 1012.9848885962863
48 57 1013.0906865484754
48 58 1013.0806055924238
48 59 1013.1518959132596
48 60 1013.1462233677715
48 61 1013.1827037652105
48 62 1013.1816745883457
48 63 1013.1816745883457
49 0 1000
49 1 1000.2052202733638
49 2 1000.3840644490194
49 3 1000.6075003522011
49 4 1000.7613823171158
49 5 1001.002735521988
49 6 1001.1323243584287
49 7 1001.3910897344467
49 8 1001.496941416652
49 9 1001.7721890151505
49 10 1001.8550386419797
49 11 1002.1456005504797
49 12 1002.2063693662845
49 13 1002.5108491717453
49 14 1002.5506303116161
49 15 1002.8674200327846
49 16 1002.8874615661317
49 17 1003.2147613677637
49 18 1003.216448764325
49 19 1003.552289793718
49 20 1003.5371276294923
49 21 1003.8793971492075
49 22 1003.8489902135113
49 23 1004.1954583803664
49 24 1004.1514923409073
49 25 1004.4998399756314
49 26 1004.4440617856236
49 27 1004.7919085207091
49 28 1004.7261067708006
49 29 1005.0710390157722
49 30 1004.9970244425648
49 31 1005.33662266806
49 32 1005.25620903115
49 33 1005.5880739430453
49 34 1005.5030594741997
49 35 1005.8248367239116
49 36 1005.7369863362219
49 37 1006.0463894906547
49 38 1005.9574179135085
49 39 1006.2522494853121
49 40 1006.1638054643631
49 41 1006.4419758777697
49 42 1006.3556275493975
49 43 1006.6151719866565
49 44 1006.532393505435
49 45 1006.7714866417766
49 46 1006.6936461088947
49 47 1006.9106147982993
49 48 1006.8389635102527
49 49 1007.0322975287804
49 50 1006.9679605403237
49 51 1007.1363215272776
49 52 1007.0802895017292
49 53 1007.2225182617866
49 54 1007.1756405650976
49 55 1007.2907628989128
49 56 1007.253741908724
49 57 1007.3409732362514
49 58 1007.3143592853829
49 59 1007.3731057672394
49 60 1007.3572996882255
49 61 1007.3872140832168
49 62 1007.382449571084
49 63 1007.382449571084
50 0 1000
50 1 1000.0377771204313
50 2 1000.0490927428991
50 3 1000.1057919990774
50 4 1000.0926987309094
50 5 1000.1686476014625
50 6 1000.1324916823817
50 7 1000.2278395520377
50 8 1000.1698188868243
50 9 1000.2842434970244
50 10 1000.2056999707185
50 11 1000.338600541309
50 12 1000.2410235911187
50 13 1000.3915263997176
50 14 1000.276535795191
50 15 1000.4435090035009
50 16 1000.3128359277906
50 17 1000.494908249306
50 18 1000.3503768322237
50 19 1000.5459603063664
50 20 1000.3894692714391
50 21 1000.5967851818973
50 22 1000.4302896542717
50 23 1000.6473968172239
50 24 1000.4728903332027
50 25 1000.6977149776785
50 26 1000.5172117688804
50 27 1000.7475782805584
50 28 1000.5630959307772
50 29 1000.7967577895537
50 30 1000.6103003788944
50 31 1000.8449706911613
50 32 1000.6585125503045
50 33 1000.8918936557646
50 34 1000.7073638533344
50 35 1000.9371755704074
50 36 1000.7564432490557
50 37 1000.9804494095782
50 38 1000.8053100726358
50 39 1001.0213430828229
50 40 1000.8535059145436
50 41 1001.059489162446
50 42 1000.9005654425557
50 43 1001.0945334501157
50 44 1000.9460260992269
50 45 1001.1261423874076
50 46 1000.9894366554965
50 47 1001.1540093520863
50 48 1001.0303646392175
50 49 1001.1778599094171
50 50 1001.0684026875688
50 51 1001.1974561062601
50 52 1001.1031738945612
50 53 1001.2125999067803
50 54 1001.1343362411488
50 55 1001.223135864435
50 56 1001.1615861901867
50 57 1001.2289531698559
50 58 1001.1846615211937
50 59 1001.2299863107336
50 60 1001.2033444377411
50 61 1001.2262332958655
50 62 1001.2174747081235
50 63 1001.2174747081235
51 0 1000
51 1 999.86092748098827
51 2 999.69530178404568
51 3 999.57589523794161
51 4 999.38643651955147
51 5 999.28767332018981
51 6 999.07642883023254
51 7 998.99913646408788
51 8 998.76797046570232
51 9 998.71245810726271
51 10 998.46334393290067
51 11 998.42960150251622
51 12 998.16462155996931
51 13 998.15232131897687
51 14 997.87364674928756
51 15 997.88215588516221
51 16 997.59202551583223
51 17 997.62042362396494
51 18 997.32112439548257
51 19 997.36822605210375
51 20 997.06207443403991
51 21 997.12645576861075
51 22 996.8157801040237
51 23 996.89580847704826
51 24 996.58293218495862
51 25 996.67679807488855
51 26 996.36402367675589
51 27 996.4697739336317
51 28 996.15936790021215
51 29 996.27493958918978
51 30 995.96911802719751
51 31 996.09237216331155
51 32 995.79328737680009
51 33 995.92204193947805
51 34 995.63176990852673
51 35 995.76383161720912
51 36 995.48436043676566
51 37 995.61755486430741
51 38 995.35077417975276
51 39 995.48297387508546
51 40 995.23066533949248
51 41 995.3598157224983
51 42 995.12364448508481
51 43 995.2477873622737
51 44 995.0292945798036
51 45 995.14658920698878
51 46 994.94718555143481
51 47 995.05592723735595
51 48 994.87688735555605
51 49 994.97552365688659
51 50 994.81798152254373
51 51 994.90512612484156
51 52 994.7700712110784
51 53 994.84451562279298
51 54 994.73278981782437
51 55 994.79351301457473
51 56 994.70580816135362
51 57 994.75198433290359
51 58 994.68884073145705
51 59 994.71984628351936
51 60 994.6816481361418
51 61 994.69704153987368
51 62 994.68402347280357
51 63 994.68402347280357
52 0 1000
52 1 999.67469744746074
52 2 999.32274316343364
52 3 999.01788454401742
52 4 998.6426945251045
52 5 998.35992905370904
52 6 997.96427356201525
52 7 997.7051283503688
52 8 997.2915609235389
52 9 997.05699870695378
52 10 996.62814748634571
52 11 996.41877121263894
52 12 995.97733528466551
52 13 995.79338563737315
52 14 995.34211142683114
52 15 995.18347702932692
52 16 994.7251349653917
52 17 994.591368521238
52 18 994.12873218308357
52 19 994.01907268414323
52 20 993.55489980765878
52 21 993.46829959768013
52 22 993.00531478102425
52 23 992.94047046727485
52 24 992.48134939976103
52 25 992.43673560294508
52 26 991.9840906807716
52 27 991.95799567128756
52 28 991.51436289843218
52 29 991.50492523799528
52 30 991.07275233919972
52 31 991.07799773165164
52 32 990.65963342617397
52 33 990.67751107576919
52 34 990.27519547488225
52 35 990.30361335087116
52 36 989.91946944910637
52 37 989.95632795860035
52 38 989.59235418918036
52 39 989.63557786287492
52 40 989.29364168272207
52 41 989.34120857711184
52 42 989.02304103764425
52 43 989.07300965026263
52 44 988.78020089838992
52 45 988.83073447705522
52 46 988.56473011795492
52 47 988.61411831911039
52 48 988.37621655999885
52 49 988.42289447358746
52 50 988.21424395716735
52 51 988.25680856489282
52 52 988.07840679347805
52 53 988.11563096495456
52 54 987.96832321659804
52 55 987.9991673611388
52 56 987.88364592599544
52 57 987.90726738805779
52 58 987.8240719704678
52 59 987.83983521695563
52 60 987.78934441321064
52 61 987.79675906797763
52 62 987.77921017221547
52 63 987.77921017221547
53 0 1000
53 1 999.4791122852763
53 2 998.93146677451955
53 3 998.43183484172175
53 4 997.86156776389282
53 5 997.38553260342485
53 6 996.79615715817351
53 7 996.34596543044734
53 8 995.74074550220837
53 9 995.31803419605342
53 10 994.70027460765505
53 11 994.30628080124609
53 12 993.67931992206684
53 13 993.31487417476876
53 14 992.68205691254161
53 15 992.34759096070434
53 16 991.71224297254969
53 17 991.40780437665137
53 18 990.77320974038753
53 19 990.4984835623967
53 20 989.86786516899735
53 21 989.62220135691769
53 22 988.99870376948786
53 23 988.78114913516526
53 24 988.16782364091284
53 25 987.97715731361393
53 26 987.37694893601906
53 27 987.21172023494614
53 28 986.6274565114428
53 29 986.48602425575461
53 30 985.92040561930094
53 31 985.80097798457291
53 32 985.25656961436187
53 33 985.15724374517708
53 34 984.63646877156248
53 35 984.55526946720215
53 36 984.06040342865037
53 37 983.99532032897503
53 38 983.5284867850537
53 39 983.47750959327777
53 40 983.04067679832986
53 41 983.00182818337782
53 42 982.59680672190336
53 43 982.56817264264828
53 44 982.19661392098135
53 45 982.176371205544
53 46 981.83976668671289
53 47 981.82620778017485
53 48 981.52588884136401
53 49 981.51744370327162
53 50 981.25458198945148
53 51 981.24983717716225
53 52 981.02544532117963
53 53 981.02316033794557
53 54 980.83809292399303
53 55 980.83721392733446
53 56 980.69216846818358
53 57 980.69183935675312
53 58 980.58735867036307
53 59 980.58693461399866
53 60 980.52339403583642
53 61 980.52233504862352
53 62 980.49997636266676
53 63 980.49997636266676
54 0 1000
54 1 999.27419809335129
54 2 998.52152421162987
54 3 997.81782053559562
54 4 997.04315496601771
54 5 996.36459997911936
54 6 995.57221688715845
54 7 994.92179455586881
54 8 994.11568766630148
54 9 993.49572818846696
54 10 992.67989950145079
54 11 992.09229382654121
54 12 991.27074245389372
54 13 990.71693150448186
54 14 989.89362314046878
54 15 989.37460286998316
54 16 988.55344138700445
54 17 988.06977576867507
54 18 987.25457922234898
54 19 986.80642120897642
54 20 986.00090140808925
54 21 985.58802043978494
54 22 984.79576574278065
54 23 984.41758059025028
54 24 983.64204156431288
54 25 983.29765728955374
54 26 982.5421349098342
54 27 982.23038278862123
54 28 981.49801889557125
54 29 981.2174982248597
54 30 980.5112679940114
54 31 980.26038880214742
54 32 979.58309501154383
54 33 979.36012079505804
54 34 978.71438969974201
54 35 978.51747942338295
54 36 977.90575806372738
54 37 977.7330067764367
54 38 977.15756155806821
54 39 977.00703909327012
54 40 976.46995548179495
54 41 976.33974282245174
54 42 975.84292599735772
54 43 975.73114899188045
54 44 975.27632530229243
54 45 975.18118551413272
54 46 974.76990457604825
54 47 974.6897071356309
54 48 974.32334440734496
54 49 974.25652280841462
54 50 973.93628247944719
54 51 973.88142032169094
54 52 973.60833835158553
54 53 973.56418807948853
54 54 973.33913523606043
54 55 973.30463394426033
54 56 973.12831854885155
54 57 973.10260079696582
54 58 972.97557313836751
54 59 972.95798798144574
54 60 972.88062294118572
54 61 972.87058030217634
54 62 972.84312626204792
54 63 972.84312626204792
55 0 1000
55 1 999.05998495562608
55 2 998.0929748987387
55 3 997.17593087636999
55 4 996.18757010707725
55 5 995.29727271281126
55 6 994.29261223723006
55 7 993.43279885583161
55 8 992.41657977462057
55 9 991.59029125972745
55 10 990.56723163399681
55 11 989.77703124968434
55 12 988.75181117242278
55 13 987.99976963614017
55 14 986.97699706749506
55 15 986.26469485002588
55 16 985.24887442965939
55 17 984.57741292588673
55 18 983.57292010512026
55 19 982.94294169031821
55 20 981.95400124967205
55 21 981.36571670873855
55 22 980.39638524791417
55 23 979.84960727459293
55 24 978.90375922928592
55 25 978.39794068413289
55 26 977.47925746562612
55 27 977.01353314496953
55 28 976.12549504010656
55 29 975.69872578926595
55 30 974.84460629691557
55 31 974.45542439893529
55 32 973.63828671259921
55 33 973.28514159356826
55 34 972.50783696709925
55 35 972.18904037647792
55 36 971.45420813064868
55 37 971.16797807591115
55 38 970.47804701816392
55 39 970.22254985383677
55 40 969.57974089276456
55 41 969.353131081274
55 42 968.75946082243604
55 43 968.559917995109
55 44 968.01720310705809
55 45 967.84296615565904
55 46 967.35282829602716
55 47 967.20222631624711
55 48 966.76609740891502
55 49 966.63757739574885
55 50 966.25670505286564
55 51 966.14885631251684
55 52 965.82430920034187
55 53 965.7358844966044
55 54 965.4685574640971
55 55 965.39849094127021
55 56 965.18910955071385
55 57 965.13653129592115
55 58 964.98565833192492
55 59 964.94991505635153
55 60 964.85792822818837
55 61 964.83837961119673
55 62 964.80553632493422
55 63 964.80553632493422
56 0 1000
56 1 998.83650721761217
56 2 997.64588689873858
56 3 996.50626498026941
56 4 995.29494486541194
56 5 994.18370796456259
56 6 992.95752988258096
56 7 991.87918266928148
56 8 990.64365099233839
56 9 989.6019605635073
56 10 988.36252685443151
56 11 987.3607457575265
56 12 986.12279012490455
56 13 985.16363722810115
56 14 983.9324304177652
56 15 983.01809032538858
56 16 981.79875958741729
56 17 980.93089182337053
56 18 979.72839296966174
56 19 978.90815092933281
56 20 977.72724556953847
56 21 976.9553036467031
56 22 975.80054112316202
56 23 975.07712862712617
56 24 973.95283213056177
56 25 973.27777259799666
56 26 972.18802898686658
56 27 971.56078355646741
56 28 970.5094364447616
56 29 969.92915004500503
56 30 968.91979576269512
56 31 968.38534496290868
56 32 967.42133102819503
56 33 966.9313725155929
56 34 966.01579828721469
56 35 965.56881705308354
56 36 964.70453625390223
56 37 964.29889269664102
56 38 963.48851751674204
56 39 963.12249279421872
56 40 962.36839929372968
56 41 962.04023837898967
56 42 961.34457291883052
56 43 961.05252492858358
56 44 960.41721136281433
56 45 960.15956683472871
56 46 959.58631420254619
56 47 959.36143909307407
56 48 958.85174955327682
56 49 958.65811581092748
56 50 958.21329256821718
56 51 958.04950520655245
56 52 957.67066018815376
56 53 957.53548084112742
56 54 957.22354190890769
56 55 957.11590887891725
56 56 956.87162614227077
56 57 956.79067071817735
56 58 956.61462518091264
56 59 956.55969611993248
56 60 956.45227209717041
56 61 956.42267899899321
56 62 956.38414566975234
56 63 956.38414566975234
57 0 1000
57 1 998.60375420191963
57 2 997.18023791277778
57 3 995.80878956015545
57 4 994.3652297511137
57 5 993.02384306462977
57 6 991.56688417971804
57 7 990.26084326972136
57 8 988.79676674713312
57 9 987.53057895704501
57 10 986.06558558720394
57 11 984.84320838514293
57 12 983.38339602624308
57 13 982.20821370573356
57 14 980.75953551017233
57 15 979.63435559857385
57 16 978.20258277025255
57 17 977.12964306701997
57 18 975.72033463704997
57 19 974.70132086781666
57 20 973.31979940587826
57 21 972.35587182457016
57 22 971.00720454855104
57 23 970.09903202983412
57 24 968.7880167331482
57 25 967.93581688465736
57 26 966.66697214092483
57 27 965.87055602781311
57 28 964.64811517372436
57 29 963.90693533020021
57 30 962.73484376640852
57 31 962.04804426955013
57 32 960.92995965440491
57 33 960.29642714930617
57 34 959.23572208978578
57 35 958.65413677753622
57 36 957.6539036454825
57 37 957.12278937244196
57 38 956.18584689242175
57 39 955.70361960688513
57 40 954.83252087550591
57 41 954.39753484270216
57 42 953.59457644913732
57 43 953.20516773449435
57 44 952.4723996597121
57 45 952.12692650078645
57 46 951.46616248001044
57 47 951.16304226726504
57 48 950.5758703079764
57 49 950.31361298204445
57 50 949.80140573974893
57 51 949.57864348650776
57 52 949.14256821318077
57 53 948.95808140111922
57 54 948.59910921450239
57 55 948.45184854973274
57 56 948.17076250804394
57 57 948.05986709180343
57 58 947.85727300540532
57 59 947.78209875127095
57 60 947.65839193718978
57 61 947.61819893017332
57 62 947.57366351565599
57 63 947.57366351565599
58 0 1000
58 1 998.36157329150365
58 2 996.695721924591
58 3 995.08304279162189
58 4 993.39780883717515
58 5 991.81690129614356
58 6 990.11974195392168
58 7 988.57667951041481
58 8 986.87466555917229
58 9 985.37470808528394
58 10 983.67480406946572
58 11 982.22262832043828
58 12 980.53166664207652
58 13 979.13133874215077
58 14 977.45597388720603
58 15 976.11094260792686
58 16 974.45761064644148
58 17 973.17071214654368
58 18 971.54559803371762
58 19 970.31907201724755
58 20 968.72808354450228
58 21 967.56359910136894
58 22 966.0123469106893
58 23 964.91103651917376
58 24 963.40481954859263
58 25 962.36731970486562
58 26 960.91111547193987
58 27 959.93761247330872
58 28 958.53607164275934
58 29 957.62635113231499
58 30 956.28379585137793
58 31 955.43729483169136
58 32 954.15772035037321
58 33 953.37358048764565
58 34 952.16065960969183
58 35 951.43778077278864
58 36 950.29487070641505
58 37 949.63196381331602
58 38 948.56211500892096
58 39 947.95775338245471
58 40 946.96371995843072
58 41 946.41638852017923
58 42 945.50063988877389
58 43 945.00878164165749
58 44 944.17351495596245
58 45 943.73557431953316
58 46 942.98272737162699
58 47 942.59719003729299
58 48 941.92845424776726
58 49 941.59388331235903
58 50 941.01071646427749
58 51 940.72578467800838
58 52 940.22942306427194
58 53 939.99294109676077
58 54 939.58441078936289
58 55 939.39535145067032
58 56 939.0754780892878
58 57 938.9329960893009
58 58 938.70241785051235
58 59 938.60588225307583
58 60 938.4650105695049
58 61 938.41363315981926
58 62 938.36277073068618
58 63 938.36277073068618
59 0 1000
59 1 998.11002610252876
59 2 996.19246092927267
59 3 994.32920859968681
59 4 992.39292362286994
59 5 990.56318572208295
59 6 988.61645934581497
59 7 986.82710752270646
59 8 984.87781065984927
59 9 983.13486879521997
59 10 981.1907432667806
59 11 979.49962115273388
59 12 977.56824996243586
59 13 975.93371143484831
59 14 974.02246883433043
59 15 972.44862180419591
59 16 970.56462938965149
59 17 969.05492813882506
59 18 967.20501947613786
59 19 965.76227912246111
59 20 963.95297168586308
59 21 962.57939302240231
59 22 960.8168668217063
59 23 959.5140699583452
59 24 957.80415218359224
59 25 956.57321740300358
59 26 954.92137245226684
59 27 953.76288675149533
59 28 952.17421104387779
59 29 951.08831891124328
59 30 949.56753992144058
59 31 948.55399699644181
59 32 947.10547597810228
59 33 946.16370435432339
59 34 944.79144224564038
59 35 943.92058629889425
59 36 942.62823232514177
59 37 941.8272140770182
59 38 940.61807658144301
59 39 939.88564973820667
59 40 938.76270878570313
59 41 938.09751072057031
59 42 937.06343202909079
59 43 936.46403309917184
59 44 935.52118286331654
59 45 934.98613256822216
59 46 934.13659274941335
59 47 933.66446234444322
59 48 932.91004601399959
59 49 932.49946728520649
59 50 931.84173362182173
59 51 931.49143361143194
59 52 930.93170217330942
59 53 930.64053371580758
59 54 930.17989765326797
59 55 929.94686561732135
59 56 929.58620312845926
59 57 929.41048583653276
59 58 929.15047528917307
59 59 929.03146109178135
59 60 928.87253527268388
59 61 928.80938894483165
59 62 928.75187288273287
59 63 928.75187288273287
60 0 1000
60 1 997.85138693787565
60 2 995.67500034343641
60 3 993.55409967812511
60 4 991.35964956092675
60 5 989.27402114137647
60 6 987.0706051850126
60 7 985.02791760710056
60 8 982.82420889231435
60 9 980.83125269685183
60 10 978.63577557085023
60 11 976.69869901051004
60 12 974.51979518612586
60 13 972.64406789657858
60 14 970.48984228836355
60 15 968.68024204004166
60 16 966.55851539080606
60 17 964.81912784961514
60 18 962.73739853732684
60 19 961.07162987543177
60 20 959.03704363303223
60 21 957.44764414791143
60 22 955.46697104562509
60 23 953.95606817728697
60 24 952.03568617000758
60 25 950.60482528758803
60 26 948.75070966366582
60 27 947.40090104823628
60 28 945.61861914805957
60 29 944.35038967324704
60 30 942.64510027605002
60 31 941.45854838275704
60 32 939.8350051868681
60 33 938.72985785798505
60 34 937.19241650224274
60 35 936.16808706340021
60 36 934.72071515553478
60 37 933.77636085449012
60 38 932.42265048634658
60 39 931.55722893266852
60 40 930.30041117317899
60 41 929.51273484798878
60 42 928.3556957140637
60 43 927.64448388353946
60 44 926.58978129804211
60 45 925.95370878148924
60 46 925.00359003771518
60 47 924.44133238895472
60 48 923.59775165405733
60 49 923.10802641190674
60 50 922.37266181880796
60 51 921.95426556674158
60 52 921.32853546527815
60 53 920.98037651620814
60 54 920.46545450619863
60 55 920.18658106371015
60 56 919.78340900675664
60 57 919.57303215269781
60 58 919.28233745679097
60 59 919.13987203291219
60 60 918.96211437021861
60 61 918.88667769871233
60 62 918.82220879688145
60 63 918.82220879688145
61 0 1000
61 1 997.5898593071729
61 2 995.15173456609898
61 3 992.77029479172984
61 4 990.31470903014804
61 5 987.97025226716971
61 6 985.50708143750603
61 7 983.20803654975532
61 8 980.74672333137767
61 9 978.50061694324722
61 10 976.05044100477926
61 11 973.86413430853293
61 12 971.43417453422614
61 13 969.31382308552202
61 14 966.91289972412881
61 15 964.86393741252016
61 16 962.50056163156989
61 17 960.52769823227459
61 18 958.21003132531985
61 19 956.31726341494129
61 20 954.05308435750578
61 21 952.24371771673941
61 22 950.04039840515691
61 23 948.3170802700032
61 24 946.18156773033422
61 25 944.54632723303155
61 26 942.4851321187607
61 27 940.93942731266031
61 28 938.95861803879507
61 29 937.50338797350003
61 30 935.60858986143114
61 31 934.2443102668268
61 32 932.44070909786046
61 33 931.16745034332439
61 34 929.45979973828094
61 35 928.27728585202522
61 36 926.66991790963289
61 37 925.57758556868828
61 38 924.07442420720906
61 39 923.07148073714018
61 40 921.67605719276401
61 41 920.76153674430543
61 42 919.47700668768823
61 43 918.64982388195938
61 44 917.47898562241232
61 45 916.73798607445963
61 46 915.68329933130406
61 47 915.02730657114216
61 48 914.09091130514571
61 49 913.51876971440493
61 50 912.7025045303418
61 51 912.21311799918408
61 52 911.51853765320664
61 53 911.11090374116577
61 54 910.53929534457484
61 55 910.2125347634601
61 56 909.76493177352893
61 57 909.51831241792422
61 58 909.19551374844684
61 59 909.02849591671225
61 60 908.83100326852036
61 61 908.74266039437896
61 62 908.6708625259671
61 63 908.6708625259671
62 0 1000
62 1 997.3036390942359
62 2 994.57907352328357
62 3 991.91250967447684
62 4 989.17117389351529
62 5 986.54349399284922
62 6 983.79612888323254
62 7 981.21660867793526
62 8 978.47351761002176
62 9 975.95050691626102
62 10 973.22181497211932
62 11 970.76297248668709
62 12 968.05858371171155
62 13 965.67083222187568
62 14 963.00036711907887
62 15 960.68987381488239
62 16 958.06261481702529
62 17 955.83478578474308
62 18 953.25963289686763
62 19 951.11912156913354
62 20 948.60455688921547
62 21 946.55528457269281
62 22 944.10934504076818
62 23 942.15453187704281
62 24 939.78478954891625
62 25 937.92699423593263
62 26 935.64054340040809
62 27 933.88171004636229
62 28 931.68516052454083
62 29 930.0266710700497
62 30 927.92614705259223
62 31 926.36887778162338
62 32 924.37002157426809
62 33 922.91440233506319
62 34 921.02238239348389
62 35 919.6684572633302
62 36 917.88797990573914
62 37 916.63546815391476
62 38 914.97079234437842
62 39 913.81914867215698
62 40 912.27410327059715
62 41 911.22257643236503
62 42 909.8005793101546
62 43 908.84826834239095
62 44 907.55234676699547
62 45 906.69825416933816
62 46 905.53106586929016
62 47 904.77414719186675
62 48 903.73800152604963
62 49 903.07721091785857
62 50 902.17408959197314
62 51 901.60842095433691
62 52 900.8399977521716
62 53 900.36852122435732
62 54 899.73618028574037
62 55 899.3580738268638
62 56 898.86292545151537
62 57 898.57750061831518
62 58 898.22040269449042
62 59 898.02715417089348
62 60 897.80864270221412
62 61 897.70660257069574
62 62 897.62709533819611
62 63 897.62709533819611
63 0 1000
63 1 0
63 2 0
63 3 0
63 4 0
63 5 0
63 6 0
63 7 0
63 8 0
63 9 0
63 10 0
63 11 0
63 12 0
63 13 0
63 14 0
63 15 0
63 16 0
63 17 0
63 18 0
63 19 0
63 20 0
63 21 0
63 22 0
63 23 0
63 24 0
63 25 0
63 26 0
63 27 0
63 28 0
63 29 0
63 30 0
63 31 0
63 32 0
63 33 0
63 34 0
63 35 0
63 36 0
63 37 0
63 38 0
63 39 0
63 40 0
63 41 0
63 42 0
63 43 0
63 44 0
63 45 0
63 46 0
63 47 0
63 48 0
63 49 0
63 50 0
63 51 0
63 52 0
63 53 0
63 54 0
63 55 0
63 56 0
63 57 0
63 58 0
63 59 0
63 60 0
63 61 0
63 62 0
63 63 0
