0 0 1000
0 1 0
0 2 0
0 3 0
0 4 0
0 5 0
0 6 0
0 7 0
0 8 0
0 9 0
0 10 0
0 11 0
0 12 0
0 13 0
0 14 0
0 15 0
0 16 0
0 17 0
0 18 0
0 19 0
0 20 0
0 21 0
0 22 0
0 23 0
0 24 0
0 25 0
0 26 0
0 27 0
0 28 0
0 29 0
0 30 0
0 31 0
0 32 0
0 33 0
0 34 0
0 35 0
0 36 0
0 37 0
0 38 0
0 39 0
0 40 0
0 41 0
0 42 0
0 43 0
0 44 0
0 45 0
0 46 0
0 47 0
0 48 0
0 49 0
0 50 0
0 51 0
0 52 0
0 53 0
0 54 0
0 55 0
0 56 0
0 57 0
0 58 0
0 59 0
0 60 0
0 61 0
0 62 0
0 63 0
1 0 1000
1 1 997.14244320813759
1 2 994.2617429261976
1 3 991.43588785581267
1 4 988.54795860429397
1 5 985.76430571011599
1 6 982.87895731782248
1 7 980.14601823837233
1 8 977.27284985322297
1 9 974.59857146356308
1 10 971.74704036156163
1 11 969.13876347190569
1 12 966.31814241105542
1 13 963.78257785460266
1 14 961.00190209511231
1 15 958.54511185204774
1 16 955.81313384898328
1 17 953.44052421460594
1 18 950.76567511277085
1 19 948.48200046496049
1 20 945.87235835868296
1 21 943.6817346433844
1 22 941.14499916087016
1 23 939.05092594145231
1 24 936.59439871379527
1 25 934.5997886304109
1 26 932.2303591883923
1 27 930.33757365789722
1 28 928.06171028668621
1 29 926.27260028514058
1 30 924.09634535960606
1 31 922.41229615969974
1 32 920.3412654789272
1 33 918.76324426115775
1 34 916.80262989905998
1 35 915.33123521488824
1 36 913.48581140382692
1 37 912.12132353823552
1 38 910.39545510411472
1 39 909.13788646108799
1 40 907.53553933153432
1 41 906.38468404627554
1 42 904.9094373586762
1 43 903.86491942246914
1 44 902.51997876633914
1 45 901.58129803170618
1 46 900.36950937072857
1 47 899.53608488410828
1 48 898.45994871788207
1 49 897.73115890293764
1 50 896.79284424752313
1 51 896.1680635328936
1 52 895.36942132183481
1 53 894.84805287482425
1 54 894.19062843745371
1 55 893.77213271516484
1 56 893.25717647642546
1 57 892.94109451437407
1 58 892.56957891291893
1 59 892.35558121792474
1 60 892.12812590801605
1 61 892.01533058103098
1 62 891.93240965637119
1 63 891.93240965637119
2 0 1000
2 1 997.42489951899233
2 2 994.82683927927735
2 3 992.28240675806467
2 4 989.67642947451588
2 5 987.17240024866499
2 6 984.56750084761836
2 7 982.11158643622127
2 8 979.51655065745831
2 9 977.11591651973424
2 10 974.53940022002655
2 11 972.20062685215316
2 12 969.65111755380076
2 13 967.38018043958959
2 14 964.86594831712523
2 15 962.66820222000592
2 16 960.197258304608
2 17 958.07743313773028
2 18 955.65749393745045
2 19 953.61970077960621
2 20 951.2581592649002
2 21 949.30590563923988
2 22 947.00980814006914
2 23 945.14602140394425
2 24 942.92204997014437
2 25 941.14910767066965
2 26 939.00356743695363
2 27 937.32333347798033
2 28 935.26214456903017
2 29 933.6760100531568
2 30 931.70470356396038
2 31 930.21363120957017
2 32 928.33734879895064
2 33 926.94191988423381
2 34 925.16541652433455
2 35 923.86587937446507
2 36 922.19352880497809
2 37 920.98984791188502
2 38 919.42565035469363
2 39 918.31755529822249
2 40 916.86514699583597
2 41 915.85218041781343
2 42 914.51484456780088
2 43 913.59640853413168
2 44 912.37708720215289
2 45 911.55248737046384
2 46 910.45379397703243
2 47 909.72228106668558
2 48 908.74651305807072
2 49 908.10732119411261
2 50 907.25647252632564
2 51 906.70885409771176
2 52 905.98462718367989
2 53 905.52788392068965
2 54 904.93170074048385
2 55 904.56521076479407
2 56 904.09822237929018
2 57 903.82146226251461
2 58 903.48456394449386
2 59 903.29715369959956
2 60 903.09091740242468
2 61 902.99200585409926
2 62 902.91686817900381
2 63 902.91686817900381
3 0 1000
3 1 997.68259788493492
3 2 995.34240578101162
3 3 993.05472649686078
3 4 990.70599521401061
3 5 988.45708286691024
3 6 986.10807510954396
3 7 983.90492382208492
3 8 981.56369776874089
3 9 979.41277386090837
3 10 977.08726875051161
3 11 974.994472434611
3 12 972.69247349317266
3 13 970.6631221191717
3 14 968.39221478557283
3 15 966.43102963571312
3 16 964.19856050188889
3 17 962.30966470885949
3 18 960.12270852177153
3 19 958.30963473726479
3 20 956.17496743393008
3 21 954.44067438669197
3 22 952.3647517189072
3 23 950.71164853012863
3 24 948.70058984029265
3 25 947.13056697155548
3 26 945.19014367268915
3 27 943.70460937530027
3 28 941.84023768515499
3 29 940.4401588401206
3 30 938.65689632170415
3 31 937.34284259816559
3 32 935.64538806438384
3 33 934.41757837811849
3 34 932.81027472539677
3 35 931.668625044583
3 36 930.15546458841857
3 37 929.09963620810083
3 38 927.68426810210804
3 39 926.71371558868725
3 40 925.39945491777667
3 41 924.51347300767611
3 42 923.30331115580748
3 43 922.50107997578743
3 44 921.39769587967078
3 45 920.67832393794936
3 46 919.6840958507114
3 47 919.04666032627506
3 48 918.16367773001616
3 49 917.60726166082418
3 50 916.83733698473065
3 51 916.36106302260998
3 52 915.70574284340694
3 53 915.30880330551634
3 54 914.76937875148349
3 55 914.45106174821285
3 56 914.02857744378684
3 57 913.78828823746289
3 58 913.48355595779651
3 59 913.32085789135931
3 60 913.13439868272724
3 61 913.04847683479568
3 62 912.98068468861197
3 63 912.98068468861197
4 0 1000
4 1 997.93791613011297
4 2 995.85318484363631
4 3 993.81986946727386
4 4 991.72591940009193
4 5 989.72968495203463
4 6 987.63401463194009
4 7 985.68110972793761
4 8 983.59102439892217
4 9 981.68719230896113
4 10 979.60989337429771
4 11 977.76033406842168
4 12 975.70288767267016
4 13 973.91224481838867
4 14 971.88153979294168
4 15 970.15389050123679
4 16 968.15660240557406
4 17 966.49545750472703
4 18 964.53801823302467
4 19 962.94633176301568
4 20 961.03490471749421
4 21 959.51509181241659
4 22 957.65555221686373
4 23 956.20951426917429
4 24 954.40743420083197
4 25 953.0365902105483
4 26 951.29722792339692
4 27 950.00255093266833
4 28 948.33084404585372
4 29 947.11290158341637
4 30 945.5134637148833
4 31 944.37246121673502
4 32 942.84958165109811
4 33 941.78540788024065
4 34 940.34305387026836
4 35 939.35532742610462
4 36 937.99714873800747
4 37 937.08526482175353
4 38 935.81460014527238
4 39 934.97777682855417
4 40 933.79766168357639
4 41 933.03498501052843
4 42 931.94816079279622
4 43 931.25862812901266
4 44 930.26755194886641
4 45 929.65011307136865
4 46 928.75696805189568
4 47 928.21056355107953
4 48 927.41726926611136
4 49 926.94086590199424
4 50 926.24908865067846
4 51 925.84171137049032
4 52 925.25287400344223
4 53 924.91363438650274
4 54 924.42892543742391
4 55 924.15704638333239
4 56 923.77742793858943
4 57 923.57226386875743
4 58 923.29848346870278
4 59 923.15955727796552
4 60 922.99209788403141
4 61 922.91863274352465
4 62 922.85785469600069
4 63 922.85785469600069
5 0 1000
5 1 998.18662179827857
5 2 996.35072296016199
5 3 994.56516588109571
5 4 992.71935259848033
5 5 990.96919465934661
5 6 989.12020363278839
5 7 987.41095090387739
5 8 985.56533945556805
5 9 983.90201744535307
5 10 982.06625656055098
5 11 980.45337238465959
5 12 978.63381867547503
5 13 977.07535168182801
5 14 975.27820901961923
5 15 973.77760349007178
5 16 972.0088901222656
5 17 970.56905785994968
5 18 968.83457853821233
5 19 967.45791008955939
5 20 965.76323324513146
5 21 964.45161695962338
5 22 962.80205652475684
5 23 961.55690438125021
5 24 959.95750586067311
5 25 958.77978500000916
5 26 957.2353153938742
5 27 956.12558429800026
5 28 954.64052548182974
5 29 953.59897376674826
5 30 952.1775189433846
5 31 951.20400977760892
5 32 949.85006262798686
5 33 948.94417684663631
5 34 947.66135301893644
5 35 946.82243407267413
5 36 945.61406466214316
5 37 944.84126361664937
5 38 943.71040030059589
5 39 943.00272018321994
5 40 941.95214168730718
5 41 941.30848056024047
5 42 940.34070014338545
5 43 939.75989236476107
5 44 938.87716602111243
5 45 938.35802123474946
5 46 937.5623563228811
5 47 937.1036957922164
5 48 936.39685981441448
5 49 935.99754978510691
5 50 935.38107905405866
5 51 935.04006089172879
5 52 934.51526883801409
5 53 934.23158574312072
5 54 933.79957065053986
5 55 933.57239080145052
5 56 933.23404248815825
5 57 933.06267798906413
5 58 932.8186879626702
5 59 932.70262799734724
5 60 932.55344622344433
5 61 932.49195146589011
5 62 932.43790872762463
5 63 932.43790872762463
6 0 1000
6 1 998.42635375246823
6 2 996.83030038969991
6 3 995.28354082615147
6 4 993.67686858646516
6 5 992.16384644346806
6 6 990.55254172735965
6 7 989.07803232617744
6 8 987.46791732671045
6 9 986.03624163732286
6 10 984.43307176387179
6 11 983.04805901107113
6 12 981.45749811947462
6 13 980.1224798962279
6 14 978.55006550517442
6 15 977.26787136812345
6 16 975.71898476584261
6 17 974.49194705178945
6 18 972.97178781867376
6 19 971.80175446825467
6 20 970.31531948308088
6 21 969.20367411356131
6 22 967.75574067480568
6 23 966.70342887358231
6 24 965.29854157407101
6 25 964.30610239717271
6 26 962.9485633903812
6 27 962.01616505357276
6 28 960.71002735671095
6 29 959.83750613624522
6 30 958.58656962720727
6 31 957.77347103338866
6 32 956.58128081242842
6 33 955.82690215870707
6 34 954.69674895992966
6 35 954.00018251978133
6 36 952.93510487125775
6 37 952.29528089145242
6 38 951.29806873547045
6 39 950.71379765458835
6 40 949.78699715117557
6 41 949.25701045371204
6 42 948.40292970126995
6 43 947.92591891804364
6 44 947.14663433513442
6 45 946.72128777790499
6 46 946.01865090047261
6 47 945.6436877909872
6 48 945.01933225015136
6 49 944.69353396991983
6 50 944.14888242760662
6 51 943.87112067358714
6 52 943.4073915067944
6 53 943.17665319007801
6 54 942.79486674275086
6 55 942.61027551447353
6 56 942.31125951430352
6 57 942.17209339394378
6 58 941.9564913323411
6 59 941.86221212746739
6 60 941.73044637055364
6 61 941.68035370792165
6 62 941.63272934044642
6 63 941.63272934044642
7 0 1000
7 1 998.6570508109279
7 2 997.29179598988696
7 3 995.97481180008424
7 4 994.59822731251256
7 5 993.3133391396475
7 6 991.9306740364259
7 7 990.68193921781858
7 8 989.29829463093972
7 9 988.08934345317755
7 10 986.70977493540295
7 11 985.54377418501417
7 12 984.17327028090142
7 13 983.05292079200706
7 14 981.69637175560138
7 15 980.62390683053991
7 16 979.28607763088849
7 17 978.26326999282094
7 18 976.94877710642152
7 19 975.97695319522848
7 20 974.69024528114699
7 21 973.77030617488799
7 22 972.51564830172151
7 23 971.6480962846606
7 24 970.42955738922478
7 25 969.61452720268653
7 26 968.43597046304137
7 27 967.67326428127308
7 28 966.53834009585387
7 29 965.82746530027623
7 30 964.73960657860766
7 31 964.07981545098221
7 32 963.04223493643462
7 33 962.43256545132135
7 34 961.44825481126566
7 35 960.88757177730599
7 36 959.95930220987793
7 37 959.44633808481842
7 38 958.57666220389126
7 39 958.11005698700058
7 40 957.30131175780218
7 41 956.8796514428542
7 42 956.13396195017549
7 43 955.75581510015672
7 44 955.07509893969245
7 45 954.73905101885123
7 46 954.12502311046421
7 47 953.82970827859663
7 48 953.28388590880093
7 49 953.02801604546153
7 50 952.55172395585009
7 51 952.3341147375927
7 52 951.92849008657345
7 53 951.74808398828077
7 54 951.41408103588969
7 55 951.26996717167196
7 56 951.00836135903728
7 57 950.89979172895812
7 58 950.71118625562474
7 59 950.6376015138444
7 60 950.52239639058917
7 61 950.48313649104398
7 62 950.44161482131153
7 63 950.44161482131153
8 0 1000
8 1 998.87888630943894
8 2 997.73555695864934
8 3 996.63950197633528
8 4 995.48412627740993
8 5 994.4185503185937
8 6 993.25565408032503
8 7 992.22391096630486
8 8 991.05788941933224
8 9 990.06293395495743
8 10 988.89815935883621
8 11 987.94251233018349
8 12 986.7833160096875
8 13 985.86906515374119
8 14 984.71970964698176
8 15 983.84851082538796
8 16 982.7131656808175
8 17 981.88625186681611
8 18 980.76897256603684
8 19 979.98716948209153
8 20 978.89187961310415
8 21 978.15562734385105
8 22 977.0861037366144
8 23 976.39548339329303
8 24 975.3553439460286
8 25 974.71010847710602
8 26 973.70280240733541
8 27 973.10241065833691
8 28 972.13121092369659
8 29 971.57486408166505
8 30 970.64286173031076
8 31 970.12954133575852
8 32 969.23964156155
8 33 968.76814833010894
8 34 967.92306802244275
8 35 967.49206078639997
8 36 966.69432737768432
8 37 966.30236153118483
8 38 965.55431295614949
8 39 965.19987786433444
8 40 964.50366345461089
8 41 964.18521836380125
8 42 963.54280050877014
8 43 963.25880856978574
8 44 962.67196498101384
8 45 962.42092506890663
8 46 961.89125149117751
8 47 961.67172757044091
8 48 961.20064078806581
8 49 961.01128863152553
8 50 960.60002962496833
8 51 960.43962074622709
8 52 960.08925786149905
8 53 959.95670056453457
8 54 959.66813257423371
8 55 959.56249006485496
8 56 959.33644886135278
8 57 959.25695407246417
8 58 959.09400944550805
8 59 959.0400872679985
8 60 958.94062149425736
8 61 958.91165298141209
8 62 958.87593050440273
8 63 958.87593050440273
9 0 1000
9 1 999.09188324128866
9 2 998.16163021706313
9 3 997.27768155323713
9 4 996.33466346349326
9 5 995.47960288620777
9 6 994.52763811276463
9 7 993.70413165502418
9 8 992.74692637170369
9 9 991.95726974929175
9 10 990.99853087021859
9 11 990.24461630836879
9 12 989.28803708999135
9 13 988.57135770820491
9 14 987.62059326583972
9 15 986.94224692848479
9 16 986.00089271545642
9 17 985.36159293972958
9 18 984.43316566098179
9 19 983.83325845699403
9 20 982.92117957628579
9 21 982.36066559048106
9 22 981.46824719086669
9 23 980.94680828986986
9 24 980.07724107054401
9 25 979.59427052473222
9 26 978.75061372574623
9 27 978.30524916230308
9 28 977.49042222115736
9 29 977.0815805493886
9 30 976.29835630867092
9 31 975.92476986734573
9 32 975.17576916756616
9 33 974.83602240207983
9 34 974.12370990749776
9 35 973.81627595059501
9 36 973.14295706741291
9 37 972.86623366822653
9 38 972.23405242373394
9 39 971.98639674332617
9 40 971.39733450150459
9 41 971.1770963665557
9 42 970.63297126058762
9 43 970.43852453821694
9 44 969.94099150382374
9 45 969.77076332788431
9 46 969.32131462403891
9 47 969.17381226508178
9 48 968.77377837109668
9 49 968.64761359732802
9 50 968.29816437828788
9 51 968.19207520248438
9 52 967.89422123893905
9 53 967.80709098560033
9 54 967.56168497383396
9 55 967.49255863836311
9 56 967.30029666607504
9 57 967.24839429943859
9 58 967.10981884256103
9 59 967.07455437104022
9 60 966.99003403278618
9 61 966.97083007690196
9 62 966.94061357419787
9 63 966.94061357419787
10 0 1000
10 1 999.29601609582573
10 2 998.56996515676053
10 3 997.88927717698391
10 4 997.14974138842058
10 5 996.4963813367043
10 6 995.7464888809892
10 7 995.12245251427407
10 8 994.36523859776821
10 9 993.77218045948632
10 10 993.01070571369041
10 11 992.44990813636548
10 12 991.68724784324445
10 13 991.15962872624016
10 14 990.39885163431757
10 15 989.90497089627877
10 16 989.14912026536979
10 17 988.68919256236791
10 18 987.94126892125871
10 19 987.51518155705969
10 20 986.77812737671024
10 21 986.38546282870345
10 22 985.66214892455548
10 23 985.30221118875772
10 24 984.59542469587166
10 25 984.26726868014225
10 26 983.5797024559738
10 27 983.28216566287529
10 28 982.61640898596693
10 29 982.34814475974667
10 30 981.70667520746042
10 31 981.46618686546913
10 32 980.85136326769111
10 33 980.63703849250965
10 34 980.05109487004438
10 35 979.86123980175512
10 36 979.30628020731797
10 37 979.13915274304861
10 38 978.61714692920589
10 39 978.47098880677981
10 40 977.9837686490406
10 41 977.85683596102183
10 42 977.40609256593461
10 43 977.29668441751323
10 44 976.88396584566328
10 45 976.79045093290574
10 46 976.41716046579393
10 47 976.33800140833409
10 48 976.00539628695321
10 49 975.93917160004821
10 50 975.64836216227513
10 51 975.59378579656391
10 52 975.34573494075391
10 53 975.30167335287638
10 54 975.09719625954301
10 55 975.06268301069656
10 56 974.90244698713605
10 57 974.87669468078263
10 58 974.76122040860901
10 59 974.74363622703754
10 60 974.67328228858833
10 61 974.66333059639499
10 62 974.63833264322534
10 63 974.63833264322534
11 0 1000
11 1 999.49126339613076
11 2 998.96051958546116
11 3 998.47422548037503
11 4 997.92927994117963
11 5 997.46878622103679
11 6 996.9120958727151
11 7 996.47874676400102
11 8 995.91269553215261
11 9 995.50752348652247
11 10 994.93454611964671
11 11 994.55824325847607
11 12 993.98081819249785
11 13 993.63374742966073
11 14 993.0543788255726
11 15 992.7365828357963
11 16 992.15778407437699
11 17 991.86899970348225
11 18 991.29327784674422
11 19 991.03295495556927
11 20 990.46279643018636
11 21 990.23012065481635
11 22 989.66797803103725
11 23 989.46189673465801
11 24 988.91017651032598
11 25 988.72942723068331
11 26 988.19047854330984
11 27 988.03361925342199
11 28 987.50972345713421
11 29 987.37516398936248
11 30 986.86852504745093
11 31 986.75455907499963
11 32 986.26729473068849
11 33 986.1721317537465
11 34 985.70626545099401
11 35 985.62806229435387
11 36 985.18551582657597
11 37 985.12240721920216
11 38 984.70499408678927
11 39 984.65512195911197
11 40 984.2645414167589
11 41 984.22608261630273
11 42 983.86391438898204
11 43 983.83510657737895
11 44 983.5028062199126
11 45 983.48197177271129
11 46 983.18086664304462
11 47 983.16643442662212
11 48 982.8977202378386
11 49 982.88824518402703
11 50 982.65298309555396
11 51 982.64716353363133
11 52 982.44627773857246
11 53 982.44297047457894
11 54 982.27724623890811
11 55 982.27547940268244
11 56 982.14556147717087
11 57 982.14454502182252
11 58 982.05093717879902
11 59 982.05007526784755
11 60 981.99312927047845
11 61 981.99192792830684
11 62 981.97186872257146
11 63 981.97186872257146
12 0 1000
12 1 999.67760778319666
12 2 999.33325920122149
12 3 999.03247760080649
12 4 998.67321435841643
12 5 998.3967429484602
12 6 998.02437105432784
12 7 997.77292299225348
12 8 997.38919597392953
12 9 997.16320212450091
12 10 996.76995031155263
12 11 996.56953340640666
12 12 996.16866041677952
12 13 995.99364945226921
12 14 995.58711735544284
12 15 995.43705898678297
12 16 995.0268741233748
12 17 994.90104865365845
12 18 994.48924765538868
12 19 994.38668868774039
12 20 993.97532501429203
12 21 993.894842315083
12 22 993.48597324748937
12 23 993.42617817275345
12 24 993.02185224393281
12 25 992.98118511188193
12 26 992.58342996986403
12 27 992.56018877687666
12 28 992.17099948996088
12 29 992.16336939867494
12 30 991.7846972240286
12 31 991.79078029363563
12 32 991.42452194012071
12 33 991.44236661860873
12 34 991.09035404046722
12 35 991.11798399399743
12 36 990.78197475428624
12 37 990.81741666785615
12 38 990.49908490935854
12 39 990.5403949532398
12 40 990.24132301040027
12 41 990.28661172656291
12 42 990.00828240541216
12 43 990.05573782544559
12 44 989.79952737022495
12 45 989.84743622957012
12 46 989.61460798560904
12 47 989.66137494689713
12 48 989.4530737200356
12 49 989.49723855993125
12 50 989.31448566413394
12 51 989.35473841263843
12 52 989.19842739007436
12 53 989.23362143712563
12 54 989.10451442832903
12 55 989.13367763958979
12 56 989.03240237631337
12 57 989.05474617195478
12 58 988.98179385222022
12 59 988.99672257992495
12 60 988.95244095841838
12 61 988.95950194849786
12 62 988.94410737781993
12 63 988.94410737781993
13 0 1000
13 1 999.85503207571242
13 2 999.68815030669407
13 3 999.56398298013141
13 4 999.38148151654286
13 5 999.28017341049565
13 6 999.08322934087801
13 7 999.00488419673604
13 8 998.79464303295117
13 9 998.73911173723843
13 10 998.51682208837724
13 11 998.48367975964402
13 12 998.25069339350341
13 13 998.23925696131278
13 14 997.99701698644674
13 15 998.00635890702017
13 16 997.75638779286965
13 17 997.78535349663491
13 18 997.52924051596892
13 19 997.57646874042439
13 20 997.31585721842873
13 21 997.37980284517187
13 22 997.11637722614762
13 23 997.19533605566471
13 24 996.93080884307301
13 25 997.02294377282374
13 26 996.75904241423018
13 27 996.86241050020703
13 28 996.6008643015839
13 29 996.71344421295578
13 30 996.45597137683194
13 31 996.57569079160169
13 32 996.32398567956773
13 33 996.44874821467772
13 34 996.2044689366486
13 35 996.33218025659153
13 36 996.09693668705893
13 37 996.22552948874556
13 38 996.00087180439255
13 39 996.12832943085562
13 40 995.91573725490719
13 41 996.04011574454694
13 42 995.84098797183105
13 43 995.96043640166511
13 44 995.77608176536285
13 45 995.88886079466818
13 46 995.72048922199974
13 47 995.82498778556408
13 48 995.67370257600942
13 49 995.76845271295633
13 50 995.6352435598078
13 51 995.71893339399162
13 52 995.6046702587787
13 53 995.67615516827573
13 54 995.58158300576008
13 55 995.63989504273388
13 56 995.56562939668675
13 57 995.60998497572712
13 58 995.55650824600673
13 59 995.58631464418841
13 60 995.553972992544
13 61 995.56881825089988
13 62 995.55782128478745
13 63 995.55782128478745
14 0 1000
14 1 1000.0235179767512
14 2 1000.0251567413821
14 3 1000.0686899317619
14 4 1000.0540129388802
14 5 1000.1189982379896
14 6 1000.0885770253943
14 7 1000.1745320402762
14 8 1000.128927631582
14 9 1000.2351462044529
14 10 1000.1750491928403
14 11 1000.3005816489464
14 12 1000.2268157635668
14 13 1000.3704895616893
14 14 1000.2840027455113
14 15 1000.444438407745
14 16 1000.3462929043061
14 17 1000.52192280835
14 18 1000.4132838870117
14 19 1000.6023731660219
14 20 1000.4844969430957
14 21 1000.6851661869772
14 22 1000.5593866296576
14 23 1000.7696359063438
14 24 1000.6373511539838
14 25 1000.8550849014766
14 26 1000.7177430547329
14 27 1000.940795408865
14 28 1000.7998799487324
14 29 1001.026040098649
14 30 1000.8830551045719
14 31 1001.1100923025433
14 32 1000.9665476409504
14 33 1001.1922355339599
14 34 1001.0496321858944
14 35 1001.2717721817381
14 36 1001.1315878711008
14 37 1001.3480312997023
14 38 1001.2117065725223
14 39 1001.4203754520682
14 40 1001.2893003429369
14 41 1001.4882066086234
14 42 1001.3637080137931
14 43 1001.5509711129092
14 44 1001.4343009714989
14 45 1001.6081637709004
14 46 1001.5004881370903
14 47 1001.659331126658
14 48 1001.561720197556
14 49 1001.7040740050588
14 50 1001.6174931518726
14 51 1001.7420494101694
14 52 1001.667351245207
14 53 1001.7729718700075
14 54 1001.7108893652235
14 55 1001.7966143221346
14 56 1001.7477550427352
14 57 1001.8128086813778
14 58 1001.7776495078487
14 59 1001.821444330741
14 60 1001.8003318954032
14 61 1001.8224958312812
14 62 1001.8156346246147
14 63 1001.8156346246147
15 0 1000
15 1 1000.1830472129369
15 2 1000.3442425524624
15 3 1000.5465445663139
15 4 1000.6907409163109
15 5 1000.9131336596662
15 6 1001.0403219223266
15 7 1001.2817612872199
15 8 1001.3919429238298
15 9 1001.6511896853364
15 10 1001.7445221119815
15 11 1002.0201255161769
15 12 1002.0969290819586
15 13 1002.3872504386344
15 14 1002.448002269381
15 15 1002.7512329759234
15 16 1002.7965589962812
15 17 1003.110740555023
15 18 1003.1414053680897
15 19 1003.4644507388819
15 20 1003.4813458969667
15 21 1003.8110619570425
15 22 1003.8151927896678
15 23 1004.1493035071645
15 24 1004.1417747220855
15 25 1004.477944681328
15 26 1004.4599449698767
15 27 1004.7958028996474
15 28 1004.7685887872117
15 29 1005.1017507673203
15 30 1005.0666299535746
15 31 1005.3947220053998
15 32 1005.3530364366928
15 33 1005.6737162390326
15 34 1005.6268251476381
15 35 1005.9378026586829
15 36 1005.8870657910335
15 37 1006.1861225990808
15 38 1006.1328838383876
15 39 1006.4178911065111
15 40 1006.3634626752635
15 41 1006.6323975870716
15 42 1006.5780449927736
15 43 1006.8290056462465
15 44 1006.7759335104099
15 45 1007.0071522433484
15 46 1006.956491130223
15 47 1007.1663462929829
15 48 1007.1191406316728
15 49 1007.3061668497096
15 50 1007.2633640220246
15 51 1007.4262610118052
15 52 1007.3887016592678
15 53 1007.5263416742713
15 54 1007.4947512561819
15 55 1007.6061852570081
15 56 1007.5811669623766
15 57 1007.66562964372
15 58 1007.6476576339843
15 59 1007.7045686094019
15 60 1007.6939917139924
15 61 1007.7230177574882
15 62 1007.7200367518479
15 63 1007.7200367518479
16 0 1000
16 1 1000.3336011716518
16 2 1000.6453709625148
16 3 1000.9974941868945
16 4 1001.2915956674556
16 5 1001.6624984267049
16 6 1001.9383680927547
16 7 1002.3264705034768
16 8 1002.583576259428
16 9 1002.9871312248091
16 10 1003.2251230870512
16 11 1003.6422034307816
16 12 1003.8609238060714
16 13 1004.2894486671745
16 14 1004.4889288188526
16 15 1004.926683649467
16 16 1005.1071375156985
16 17 1005.5517952122404
16 18 1005.7136103093586
16 19 1006.1627529191093
16 20 1006.3064789420714
16 21 1006.7576197971204
16 22 1006.8839551648546
16 23 1007.3345611390665
16 24 1007.4443377835629
16 25 1007.8918513988626
16 26 1007.9860181113495
16 27 1008.4278792311419
16 28 1008.5074838856975
16 29 1008.9411507539146
16 30 1009.0073217287858
16 31 1009.4302911387606
16 32 1009.4842182486351
16 33 1009.8940446561057
16 34 1009.9369598954196
16 35 1010.3312733233108
16 36 1010.3644317022505
16 37 1010.7409543202222
16 38 1010.7656150524017
16 39 1011.1221763502163
16 40 1011.1395846251601
16 41 1011.4741351343818
16 42 1011.4855046800619
16 43 1011.7961282322507
16 44 1011.8026248441255
16 45 1012.0875493843688
16 46 1012.0902755687248
16 47 1012.3478825700646
16 48 1012.3478634219574
16 49 1012.5766959681806
16 50 1012.574866378706
16 51 1012.7736359995972
16 52 1012.7708292645714
16 53 1012.9384216169049
16 54 1012.9353594930212
16 55 1013.0708389947279
16 56 1013.0681233412519
16 57 1013.1707369421164
16 58 1013.1688415578881
16 59 1013.2380174867284
16 60 1013.2372948112393
16 61 1013.2727374535557
16 62 1013.2733857554111
16 63 1013.2733857554111
17 0 1000
17 1 1000.4751617613269
17 2 1000.9285063215174
17 3 1001.4214853996086
17 4 1001.8565099348376
17 5 1002.3670093652563
17 6 1002.7826236220998
17 7 1003.308554747977
17 8 1003.7037203599449
17 9 1004.2428543751745
17 10 1004.6167407612139
17 11 1005.166699545641
17 12 1005.5186973579508
17 13 1006.0769825175619
17 14 1006.4067025834748
17 15 1006.9707172915284
17 16 1007.2779860936222
17 17 1007.845057220081
17 18 1008.1299087054044
17 19 1008.6973087796315
17 20 1008.959973188959
17 21 1009.5249421282881
17 22 1009.765832175841
17 23 1010.3255985657827
17 24 1010.5452933518569
17 25 1011.0970950926617
17 26 1011.296322144583
17 27 1011.8374262883639
17 28 1012.017042129276
17 29 1012.5447637487307
17 30 1012.7057333894167
17 31 1013.2174533398645
17 32 1013.3608290766175
17 33 1013.8540105372764
17 34 1013.980910419923
17 35 1014.4531141272697
17 36 1014.5647004369475
17 37 1015.0135985516368
17 38 1015.1110565990734
17 39 1015.5344451772121
17 40 1015.6189627003116
17 41 1016.0147727687378
17 42 1016.087520174529
17 43 1016.4538274370892
17 44 1016.5159390987584
17 45 1016.8509723253455
17 46 1016.9035291113107
17 47 1017.2056772827131
17 48 1017.2496904625215
17 49 1017.5175087611602
17 50 1017.5539054032548
17 51 1017.7861201522135
17 52 1017.815730102322
17 53 1018.0112427604222
17 54 1018.0347872590702
17 55 1018.1926775908395
17 56 1018.210759699648
17 57 1018.3302883497508
17 58 1018.3433834575219
17 59 1018.4239884112487
17 60 1018.4324536970213
17 61 1018.4738755213831
17 62 1018.4779077635694
17 63 1018.4779077635694
18 0 1000
18 1 1000.6077108491563
18 2 1001.1936128144816
18 3 1001.8184668198268
18 4 1002.3854157139974
18 5 1003.0265870912251
18 6 1003.5729947908075
18 7 1004.2279145007051
18 8 1004.7522646497132
18 9 1005.4182494378272
18 10 1005.9192585177999
18 11 1006.5935056350045
18 12 1007.0701394363632
18 13 1007.7497581603837
18 14 1008.2012330423172
18 15 1008.8832682340096
18 16 1009.3090481261962
18 17 1009.9905032517984
18 18 1010.3902922508662
18 19 1011.0681515195233
18 20 1011.4418828497672
18 21 1012.1131324790429
18 22 1012.4609542308193
18 23 1013.1226027154612
18 24 1013.4448608271358
18 25 1014.093958113223
18 26 1014.3911770736353
18 27 1015.0248325473314
18 28 1015.2976942965487
18 29 1015.9130935093893
18 30 1016.1624150066525
18 31 1016.7568350747021
18 32 1016.9835449848484
18 33 1017.554368617198
18 34 1017.7594835419392
18 35 1018.3042116743551
18 36 1018.4888123240053
18 37 1019.0050753553793
18 38 1019.1702830214269
18 39 1019.6558506731884
18 40 1019.8028043239509
18 41 1020.2555941648477
18 42 1020.3854284467484
18 43 1020.80351314645
18 44 1020.9173375335538
18 45 1021.2989509274482
18 46 1021.3978302230138
18 47 1021.7413722865265
18 48 1021.8263086435403
18 49 1022.1303494865655
18 50 1022.2022660804018
18 51 1022.4655490805903
18 52 1022.5252755371312
18 53 1022.7467197325017
18 54 1022.7949793808167
18 55 1022.9736812502622
18 56 1023.0110803974751
18 57 1023.1463153009519
18 58 1023.1733324886976
18 59 1023.2645489904214
18 60 1023.2815469919253
18 61 1023.3285202526616
18 62 1023.3356952046593
18 63 1023.3356952046593
19 0 1000
19 1 1000.7312311166023
19 2 1001.4406562813009
19 3 1002.1883873221693
19 4 1002.8782484992828
19 5 1003.6411518750532
19 6 1004.3093932396101
19 7 1005.0844488880581
19 8 1005.7291055236744
19 9 1006.5132038798482
19 10 1007.1325678980935
19 11 1007.9225086375558
19 12 1008.515148510926
19 13 1009.3076743744277
19 14 1009.8724383555621
19 15 1010.6642602840312
19 16 1011.2002747954352
19 17 1011.9880957368756
19 18 1012.4947586497869
19 19 1013.2752957922493
19 20 1013.7522654408746
19 21 1014.5222709630139
19 22 1014.969451389473
19 23 1015.725731692182
19 24 1016.1432546700057
19 25 1016.8826880770229
19 26 1017.2708924699813
19 27 1017.9904453898027
19 28 1018.3498544001349
19 29 1019.0465959498868
19 30 1019.3778927963893
19 31 1020.0490078982747
19 32 1020.353010441525
19 33 1020.9958114143785
19 34 1021.2734462153705
19 35 1021.8853828975241
19 36 1022.1376591588818
19 37 1022.7163276135338
19 38 1022.9443114109082
19 39 1023.4874612808818
19 40 1023.6922504477799
19 41 1024.1977910422079
19 42 1024.3804910259043
19 43 1024.8464962361891
19 44 1025.0081971969714
19 45 1025.4329093525223
19 46 1025.5746647346284
19 47 1025.9564975196233
19 48 1026.0793042809375
19 49 1026.4168448409873
19 50 1026.5216254908048
19 51 1026.8136358625613
19 52 1026.9012224235501
19 53 1027.1466404185628
19 54 1027.2177603911075
19 55 1027.4157000705013
19 56 1027.470964621785
19 57 1027.6207166717602
19 58 1027.6606087238285
19 59 1027.7616327944427
19 60 1027.7865213348341
19 61 1027.8386254206875
19 62 1027.8487066333378
19 63 1027.8487066333378
20 0 1000
20 1 1000.8457054948722
20 2 1001.6696030239759
20 3 1002.5311985231159
20 4 1003.3349443004666
20 5 1004.2106288953054
20 6 1004.9917306688184
20 7 1005.8780638717966
20 8 1006.634138488413
20 9 1007.5276135296755
20 10 1008.2565580633325
20 11 1009.1536048224114
20 12 1009.8536185943717
20 13 1010.7506395452325
20 14 1011.4202295353311
20 15 1012.313626327726
20 16 1012.951606814207
20 17 1013.8378047680898
20 18 1014.4432911843973
20 19 1015.3187615558088
20 20 1015.8911594846929
20 21 1016.7524396708366
20 22 1017.2914295513183
20 23 1018.1351412839628
20 24 1018.6406594588872
20 25 1019.4635250569148
20 26 1019.9357417953842
20 27 1020.7345985488998
20 28 1021.173893671478
20 29 1021.945706433747
20 30 1022.3526431498376
20 31 1023.094515217786
20 32 1023.4698127557564
20 33 1024.1789951254802
20 34 1024.5235006989874
20 35 1025.1973997897776
20 36 1025.5120604002909
20 37 1026.148244348926
20 38 1026.4340788765537
20 39 1027.0302825126062
20 40 1027.2883544968386
20 41 1027.8424831189607
20 42 1028.0738745795206
20 43 1028.5840066614094
20 44 1028.7897932586159
20 45 1029.2541822209535
20 46 1029.4354100062169
20 47 1029.8524851965865
20 48 1030.0101491580299
20 49 1030.3785161840312
20 50 1030.513540750673
20 51 1030.8319813118205
20 52 1030.9452029434051
20 53 1031.2126743024191
20 54 1031.3048262505815
20 55 1031.5204604872506
20 56 1031.592159971924
20 57 1031.755263364131
20 58 1031.806998579681
20 59 1031.9170421085071
20 60 1031.9491886405269
20 61 1032.0060112468757
20 62 1032.0187658720386
20 63 1032.0187658720386
21 0 1000
21 1 1000.9511179820305
21 2 1001.8804214614173
21 3 1002.8468531931603
21 4 1003.7554434724888
21 5 1004.7349444781499
21 6 1005.6199252850026
21 7 1006.6086661063624
21 8 1007.4672673765695
21 9 1008.4613739176169
21 10 1009.2911278029245
21 11 1010.286688572873
21 12 1011.0854539610731
21 13 1012.0785579451551
21 14 1012.8445276967851
21 15 1013.8312922452251
21 16 1014.5629939532545
21 17 1015.5395898646249
21 18 1016.2358801986649
21 19 1017.1985539588081
21 20 1017.8586075842773
21 21 1018.8037010014622
21 22 1019.4269947264648
21 23 1020.3509620943395
21 24 1020.9372549485623
21 25 1021.8366778872074
21 26 1022.3859878412204
21 27 1023.2575879652592
21 28 1023.7701659884656
21 29 1024.6108155505231
21 30 1025.0871176826486
21 31 1025.8938483394309
21 32 1026.3345064160342
21 33 1027.1045162638798
21 34 1027.5103078932311
21 35 1028.2409669205456
21 36 1028.6127852595719
21 37 1029.3016393651922
21 38 1029.6404631881373
21 39 1030.285236917148
21 40 1030.5921014141481
21 41 1031.1906995656404
21 42 1031.4666682513739
21 43 1032.017176515523
21 44 1032.2633145721377
21 45 1032.7639993561929
21 46 1032.9813486812384
21 47 1033.4306562849431
21 48 1033.6202124652809
21 49 1034.0167677652535
21 50 1034.1794591527985
21 51 1034.522063952192
21 52 1034.658732977972
21 53 1034.9463641697598
21 54 1035.0577509882467
21 55 1035.2895586804821
21 56 1035.3762874068625
21 57 1035.5515933855102
21 58 1035.6141581054235
21 59 1035.7324446592095
21 60 1035.7712277497965
21 61 1035.832362730725
21 62 1035.8475619764117
21 63 1035.8475619764117
22 0 1000
22 1 1001.0474530913898
22 2 1002.0730810347707
22 3 1003.1353074434277
22 4 1004.1396880169372
22 5 1005.21403074635
22 6 1006.1938970325402
22 7 1007.2761701787531
22 8 1008.2283973068037
22 9 1009.3143901542783
22 10 1010.236176130429
22 11 1011.3216648553645
22 12 1012.210557385432
22 13 1013.2913446551647
22 14 1014.1452500333814
22 15 1015.217194069297
22 16 1016.0343789246951
22 17 1017.093419087122
22 18 1017.8725051258253
22 19 1018.9146840823082
22 20 1019.6546368815459
22 21 1020.6761196676836
22 22 1021.3762322479222
22 23 1022.3733224303581
22 24 1023.0331943825533
22 25 1024.0023475493604
22 26 1024.6218604958676
22 27 1025.5596952952908
22 28 1026.1389854490819
22 29 1027.0422923924957
22 30 1027.5817209511899
22 31 1028.4474691897738
22 32 1028.9475912611156
22 33 1029.7729335394151
22 34 1030.2344662458395
22 35 1031.0167422296977
22 36 1031.4405325839818
22 37 1032.1772707556249
22 38 1032.564263839628
22 39 1033.2531821489642
22 40 1033.6043900652792
22 41 1034.2433955234908
22 42 1034.5598675274239
22 43 1035.1470549262663
22 44 1035.429849084647
22 45 1035.9634990220472
22 46 1036.2136556874718
22 47 1036.6922320764104
22 48 1036.9107494118646
22 49 1037.3328966446347
22 50 1037.5207083849643
22 51 1037.8852483183609
22 52 1038.0432039129407
22 53 1038.3491328291914
22 54 1038.4779800627205
22 55 1038.7244657586027
22 56 1038.8248361287297
22 57 1039.011215536216
22 58 1039.0836093565247
22 59 1039.2093758383348
22 60 1039.254182272507
22 61 1039.3192304556967
22 62 1039.3366485914769
22 63 1039.3366485914769
23 0 1000
23 1 1001.13469659969
23 2 1002.2475536666511
23 3 1003.3965193218837
23 4 1004.4876249351628
23 5 1005.6478222926685
23 6 1006.7135732250033
23 7 1007.880493190907
23 8 1008.917442714298
23 9 1010.0865693179561
23 10 1011.0916127231757
23 11 1012.25843939109
23 12 1013.2288429044404
23 13 1014.3889135815062
23 14 1015.3223247342946
23 15 1016.471263982154
23 16 1017.3657142184576
23 17 1018.4992532140238
23 18 1019.3531529550145
23 19 1020.4671515474308
23 20 1021.279278827414
23 21 1022.3697440261207
23 22 1023.1392274956172
23 23 1024.2023286721499
23 24 1024.9286258127386
23 25 1025.9607069113854
23 26 1026.6435783060572
23 27 1027.6411673513223
23 28 1028.2806478365885
23 29 1029.2404640160016
23 30 1029.8368315092516
23 31 1030.7557900985971
23 32 1031.3095328491318
23 33 1032.1847482351607
23 34 1032.6965311927838
23 35 1033.5253182368647
23 36 1033.9959491705918
23 37 1034.7758231460527
23 38 1035.2062190799163
23 39 1035.9348944062331
23 40 1036.3260488715975
23 41 1037.0014368600114
23 42 1037.3543883963705
23 43 1037.9745942136549
23 44 1038.2903964843558
23 45 1038.8537155338963
23 46 1039.1334093612202
23 47 1039.638323272779
23 48 1039.8829108395234
23 49 1040.3280832505345
23 50 1040.5385046637034
23 51 1040.9227769653512
23 52 1041.0998893328845
23 53 1041.4222765409811
23 54 1041.5668356624767
23 55 1041.8265225685736
23 56 1041.9391675323593
23 57 1042.1355055629701
23 58 1042.2167430305476
23 59 1042.3492361663623
23 60 1042.399461932431
23 61 1042.4680293164693
23 62 1042.4874439635669
23 63 1042.4874439635669
24 0 1000
24 1 1001.2128350374319
24 2 1002.4038127944175
24 3 1003.63045068421
24 4 1004.7992038745132
24 5 1006.0362601708455
24 6 1007.1788844052219
24 7 1008.421560967651
24 8 1009.534321260739
24 9 1010.7778289084303
24 10 1011.8573498140034
24 11 1013.0969293024042
24 12 1014.1402257086005
24 13 1015.3711901648165
24 14 1016.3756789676564
24 15 1017.593444891092
24 16 1018.5569483365152
24 17 1019.7570619336296
24 18 1020.6778029294167
24 19 1021.8559620333893
24 20 1022.7325525988996
24 21 1023.8846246043012
24 22 1024.7160483170458
24 23 1025.8380844791764
24 24 1026.6236738251916
24 25 1027.7119202830602
24 26 1028.4513298146485
24 27 1029.5022356866532
24 28 1030.1954118700899
24 29 1031.205634758003
24 30 1031.8527833567164
24 31 1032.819192577316
24 32 1033.4207443660805
24 33 1034.3404222125157
24 34 1034.8969977584466
24 35 1035.7672390762889
24 36 1036.2796132558231
24 37 1037.0979236025269
24 38 1037.5669904527608
24 39 1038.3310830942398
24 40 1038.7578215244569
24 41 1039.4656135087737
24 42 1039.8510543258751
24 43 1040.5006618614091
24 44 1040.8458564931925
24 45 1041.4355898467684
24 46 1041.7415810811835
24 47 1042.2699392000407
24 48 1042.537734197979
24 49 1043.0033992476322
24 50 1043.2339450324578
24 51 1043.6357770301665
24 52 1043.8299386102426
24 53 1044.1669703183131
24 54 1044.3255115465199
24 55 1044.5969437830756
24 56 1044.720511257033
24 57 1044.9257090737656
24 58 1045.0148156930695
24 59 1045.1532930685858
24 60 1045.2083409420636
24 61 1045.2800391989458
24 62 1045.301230498937
24 63 1045.301230498937
25 0 1000
25 1 1001.2818563433119
25 2 1002.5418346107272
25 3 1003.8370660005878
25 4 1005.0743799590736
25 5 1006.3792890671303
25 6 1007.5897690878904
25 7 1008.8993034626852
25 8 1010.0789605820592
25 9 1011.3880904101785
25 10 1012.533310942904
25 11 1013.8370548263276
25 12 1014.944632815135
25 13 1016.2381013056041
25 14 1017.3052513245227
25 15 1018.5836786898413
25 16 1019.6080398007525
25 17 1020.8668106184981
25 18 1021.8464418680335
25 19 1023.0811127849522
25 20 1024.0144814547234
25 21 1025.2207985927653
25 22 1026.1067621194306
25 23 1027.280674538616
25 24 1028.1184570665996
25 25 1029.2561267010683
25 26 1030.0452912250801
25 27 1031.1430996962208
25 28 1031.8835167265684
25 29 1032.9380694199049
25 30 1033.6298830625178
25 31 1034.6380108343824
25 32 1035.2816031230261
25 33 1036.2403619809536
25 34 1036.8363162346393
25 35 1037.7429853132726
25 36 1038.2920492204501
25 37 1039.1441273534513
25 38 1039.6471764090556
25 39 1040.4423775776011
25 40 1040.9003794219657
25 41 1041.6366273420269
25 42 1042.0506074743644
25 43 1042.7260295680439
25 44 1043.0970388336082
25 45 1043.7099598140167
25 46 1044.0390439948499
25 47 1044.5879792789931
25 48 1044.876151054634
25 49 1045.3598002040032
25 50 1045.6080136917185
25 51 1046.0252540654949
25 52 1046.2343821005877
25 53 1046.5842628889375
25 54 1046.755077151488
25 55 1047.0368139479726
25 56 1047.1699682490696
25 57 1047.3829386304658
25 58 1047.4789518319594
25 59 1047.622678977642
25 60 1047.6819590706746
25 61 1047.7564040479187
25 62 1047.7791548095286
25 63 1047.7791548095286
26 0 1000
26 1 1001.3417494205829
26 2 1002.6615972487398
26 3 1004.0163338897058
26 4 1005.3131118287376
26 5 1006.6768605803861
26 6 1007.9461703256917
26 7 1009.3136598540127
26 8 1010.5512932539217
26 9 1011.9172862177875
26 10 1013.1194242741144
26 11 1014.4787480173412
26 12 1015.641994759671
26 13 1016.9895857293764
26 14 1018.1109819702577
26 15 1019.4419181172244
26 16 1020.5189459025065
26 17 1021.8284734657062
26 18 1022.8590516955245
26 19 1024.1426067906893
26 20 1025.1250792609835
26 21 1026.3783047976196
26 22 1027.3114216295437
26 23 1028.5301800197622
26 24 1029.4130734888424
26 25 1030.593455614493
26 26 1031.4256113836561
26 27 1032.563942273503
26 28 1033.3451670070606
26 29 1034.4380086551901
26 30 1035.168394946206
26 31 1036.2125466782825
26 32 1036.8924361633253
26 33 1037.884932930951
26 34 1038.5148783975321
26 35 1039.4529873543761
26 36 1040.033714570691
26 37 1040.9149302583098
26 38 1041.4473001751903
26 39 1042.2693386222272
26 40 1042.7543105161706
26 41 1043.515102532147
26 42 1043.9536985782649
26 43 1044.651382502474
26 44 1045.0446541892579
26 45 1045.6775683360936
26 46 1046.0265650616964
26 47 1046.5932400857316
26 48 1046.8989802093779
26 49 1047.3981315961998
26 50 1047.6615761593387
26 51 1048.0920970312229
26 52 1048.3141263123077
26 53 1048.6750807187209
26 54 1048.8564737296167
26 55 1049.1470905824415
26 56 1049.2885078269353
26 57 1049.5081759648615
26 58 1049.6101418129283
26 59 1049.758392696524
26 60 1049.8213204647811
26 61 1049.8981324144697
26 62 1049.9222274252124
26 63 1049.9222274252124
27 0 1000
27 1 1001.3925046762264
27 2 1002.76308178318
27 3 1004.1682261578234
27 4 1005.5153639064335
27 5 1006.9289309448476
27 6 1008.2480394975494
27 7 1009.6645748550112
27 8 1010.9512621689718
27 9 1012.3653544813332
27 10 1013.6156295542742
27 11 1015.0219461291593
27 12 1016.2322540625744
27 13 1017.6255859614721
27 14 1018.7928224921905
27 15 1020.1681174309587
27 16 1021.2896337608142
27 17 1022.64202301734
27 18 1023.7156215070213
27 19 1025.0404413310707
27 20 1026.0643633358709
27 21 1027.3571714211494
27 22 1028.3300782794345
27 23 1029.5866658066839
27 24 1030.5076140344452
27 25 1031.7240137945844
27 26 1032.5924255299103
27 27 1033.7649166195238
27 28 1034.5805463313004
27 29 1035.7056558893089
27 30 1036.4685543167195
27 31 1037.5430567431126
27 32 1038.2535329706552
27 33 1039.2744470381269
27 34 1039.9330295385594
27 35 1040.8976137774619
27 36 1041.5050111757487
27 37 1042.4107578832361
27 38 1042.9678201112997
27 39 1043.8124483075821
27 40 1044.3201287352183
27 41 1045.1015763638793
27 42 1045.5608954080349
27 43 1046.2773110534574
27 44 1046.6893216882665
27 45 1047.3390560611233
27 46 1047.7048115763857
27 47 1048.2864089976233
27 48 1048.6069332851512
27 49 1049.119123379415
27 50 1049.395383965862
27 51 1049.8370737566204
27 52 1050.0699577492148
27 53 1050.4402243273503
27 54 1050.6305173817125
27 55 1050.9286013078249
27 56 1051.0769699440505
27 57 1051.3022698824871
27 58 1051.4092434044164
27 59 1051.5612980446417
27 60 1051.6272944546281
27 61 1051.7060968046071
27 62 1051.7313228525243
27 63 1051.7313228525243
28 0 1000
28 1 1001.4341136633174
28 2 1002.846271587592
28 3 1004.2927189780528
28 4 1005.6811048703174
28 5 1007.1354635550634
28 6 1008.4953336455595
28 7 1009.9520026301495
28 8 1011.2788166456061
28 9 1012.7322444173129
28 10 1014.0218729623435
28 11 1015.4665982740255
28 12 1016.7153588438385
28 13 1018.146056240385
28 14 1019.3507283508329
28 15 1020.7622414400852
28 16 1021.9200717218317
28 17 1023.3074401448908
28 18 1024.4161380604623
28 19 1025.7746187244491
28 20 1026.832344204357
28 21 1028.1574273648298
28 22 1029.1627714093224
28 23 1030.4501921482722
28 24 1031.4021514817557
28 25 1032.6478971245224
28 26 1033.5458439786607
28 27 1034.746157974839
28 28 1035.5898060447464
28 29 1036.7411888122604
28 30 1037.5305563799197
28 31 1038.629763580735
28 32 1039.3651347350833
28 33 1040.4091734179599
28 34 1041.091058225818
28 35 1042.0771812379764
28 36 1042.7062756376611
28 37 1043.6319746745651
28 38 1044.209120777829
28 39 1045.0721184093354
28 40 1045.5982658100643
28 41 1046.3965067923946
28 42 1046.8726753947662
28 43 1047.6043175512102
28 44 1048.0315623478934
28 45 1048.6949672767607
28 46 1049.074345430982
28 47 1049.6680692767291
28 48 1050.0006097920282
28 49 1050.5233942942746
28 50 1050.8100704934945
28 51 1051.260834508535
28 52 1051.502539490232
28 53 1051.8803711580558
28 54 1052.0778963402233
28 55 1052.3820460573038
28 56 1052.5360631386611
28 57 1052.7659378457033
28 58 1052.8769803619814
28 59 1053.0321248403854
28 60 1053.1006147505072
28 61 1053.1810340917227
28 62 1053.2071794025219
28 63 1053.2071794025219
29 0 1000
29 1 1001.4665694876275
29 2 1002.9111530789579
29 3 1004.3897921794066
29 4 1005.8103093240621
29 5 1007.2964272829255
29 6 1008.6880182558498
29 7 1010.1759040769596
29 8 1011.5339163640865
29 9 1013.0179125217869
29 10 1014.3381121896824
29 11 1015.8126605741173
29 12 1017.0912689887956
29 13 1018.550956654197
29 14 1019.7846660338126
29 15 1021.2242587087914
29 16 1022.4102373722114
29 17 1023.8247064328009
29 18 1024.9605944971747
29 19 1026.3451380261772
29 20 1027.4290348581917
29 21 1028.7790933965068
29 22 1029.8095378913681
29 23 1031.1208054556778
29 24 1032.0967502562053
29 25 1033.365181192288
29 26 1034.2859619483236
29 27 1035.5077741697978
29 28 1036.37307490494
29 29 1037.5447500394869
29 30 1038.3545656399438
29 31 1039.472846572216
29 32 1040.2274433457019
29 33 1041.2893296107459
29 34 1041.9892047858377
29 35 1042.9919462309208
29 36 1043.6377871826633
29 37 1044.5788762803697
29 38 1045.1715201795125
29 39 1046.0486833417042
29 40 1046.5890778356427
29 41 1047.4002660469232
29 42 1047.8894314927427
29 43 1048.6328105535511
29 44 1049.071804239705
29 45 1049.7457448829848
29 46 1050.1356275978569
29 47 1050.7386957191163
29 48 1051.0805009533869
29 49 1051.6114481714612
29 50 1051.906154177844
29 51 1052.3639089224785
29 52 1052.6124138021596
29 53 1052.9960731021531
29 54 1053.1991730282302
29 55 1053.5079951601003
29 56 1053.6663660708568
29 57 1053.8997645860197
29 58 1054.0139434690411
29 59 1054.1714680147302
29 60 1054.2418800026476
29 61 1054.3235450998757
29 62 1054.3503992478211
29 63 1054.3503992478211
30 0 1000
30 1 1001.4898665514455
30 2 1002.9577152627019
30 3 1004.4594300572799
30 4 1005.90295673351
30 5 1007.4117982128409
30 6 1008.8260654165133
30 7 1010.3362495097786
30 8 1011.7165286864165
30 9 1013.2223262001532
30 10 1014.56431290554
30 11 1016.0601007002969
30 12 1017.3599517801025
30 13 1018.8402585193813
30 14 1020.0946079074424
30 15 1021.5541476793049
30 16 1022.76011169054
30 17 1024.1938109282787
30 18 1025.348983895276
30 19 1026.7520022731887
30 20 1027.8544438295035
30 21 1029.2221897488421
30 22 1030.2704048520752
30 23 1031.5985461109747
30 24 1032.5914589348608
30 25 1033.8759291686795
30 26 1034.8128519804036
30 27 1036.0498534386718
30 28 1036.9304515433903
30 29 1038.1164547405465
30 30 1038.9407085215096
30 31 1040.0724492643033
30 32 1040.8406142786564
30 33 1041.9150885361571
30 34 1042.6276545474386
30 35 1043.6421115920468
30 36 1044.2997613342416
30 37 1045.2516955454591
30 38 1045.8552639235697
30 39 1046.7424056114794
30 40 1047.2928399528469
30 41 1048.1131455258462
30 42 1048.6114674074838
30 43 1049.3631091789819
30 44 1049.810378271158
30 45 1050.4917341725836
30 46 1050.889014459578
30 47 1051.4986579018962
30 48 1051.8469865686698
30 49 1052.3836766712343
30 50 1052.6840358806787
30 51 1053.1467082643551
30 52 1053.3999999949999
30 53 1053.7877583136244
30 54 1053.9947823681896
30 55 1054.306890737812
30 56 1054.4683262566004
30 57 1054.7042031070782
30 58 1054.8205896715863
30 59 1054.9797882400965
30 60 1055.0515533193641
30 61 1055.1340948805143
30 62 1055.1614483372002
30 63 1055.1614483372002
31 0 1000
31 1 1001.5040008148377
31 2 1002.9859502082014
31 3 1004.5016209255996
31 4 1005.9590324751707
31 5 1007.4815585847768
31 6 1008.909455551825
31 7 1010.4330169609907
31 8 1011.8266310992594
31 9 1013.3454614107404
31 10 1014.7004518970003
31 11 1016.2088948671091
31 12 1017.5213856943921
31 13 1019.0139407603767
31 14 1020.2805366062184
31 15 1021.7518924906938
31 16 1022.9696839471987
31 17 1024.4147454718704
31 18 1025.5813045837431
31 19 1026.9952134127
31 20 1028.1085808141913
31 21 1029.4867307420043
31 22 1030.5453954961667
31 23 1031.8834428848816
31 24 1032.8863161624033
31 25 1034.1801861221211
31 26 1035.1265698436316
31 27 1036.3724587308254
31 28 1037.2620102617434
31 29 1038.4563850397785
31 30 1039.2890789725145
31 31 1040.4286739437944
31 32 1041.2047619330642
31 33 1042.286573314467
31 34 1043.0065428516277
31 35 1044.0278216265535
31 36 1044.6923545519546
31 37 1045.6505979948342
31 38 1046.2605294565342
31 39 1047.1534716900787
31 40 1047.7097501658491
31 41 1048.5353520781912
31 42 1049.0390009881364
31 43 1049.7954398065024
31 44 1050.247521158024
31 45 1050.933179947657
31 46 1051.3347603746952
31 47 1051.9482177060916
31 48 1052.3003371919854
31 49 1052.8403571957144
31 50 1053.1440007046197
31 51 1053.6095237107875
31 52 1053.8655958975385
31 53 1054.2557298338834
31 54 1054.4650329425644
31 55 1054.7790456499386
31 56 1054.9422609349692
31 57 1055.1795739290949
31 58 1055.2972426692731
31 59 1055.4574114552147
31 60 1055.5299625922121
31 61 1055.6130124963556
31 62 1055.6406564405647
31 63 1055.6406564405647
32 0 1000
32 1 1001.5089696515599
32 2 1002.995852792446
32 3 1004.5163575487279
32 4 1005.9785272589749
32 5 1007.5056977157953
32 6 1008.9381764356796
32 7 1010.4661935969276
32 8 1011.8642097913539
32 9 1013.387304567876
32 10 1014.7465152064502
32 11 1016.2590301986236
32 12 1017.575558115072
32 13 1019.0719926979835
32 14 1020.3424423525912
32 15 1021.81748613635
32 16 1023.0389486763302
32 17 1024.4875081604098
32 18 1025.6575568224621
32 19 1027.0747760001113
32 20 1028.1914531235852
32 21 1029.5727286423885
32 22 1030.6345253979582
32 23 1031.97551688162
32 24 1032.9813468519833
32 25 1034.2779829772805
32 26 1035.227150712979
32 27 1036.4756316154444
32 28 1037.3677972540954
32 29 1038.5645938062587
32 30 1039.3997347891916
32 31 1040.5415852601266
32 32 1041.3199561113358
32 33 1042.4038606785025
32 34 1043.125951730997
32 35 1044.149165276986
32 36 1044.8156611446968
32 37 1045.7756847340247
32 38 1046.3874232368007
32 39 1047.2819946323355
32 40 1047.8399267901684
32 41 1048.667010335638
32 42 1049.172161958686
32 43 1049.9299381232493
32 44 1050.3833734386744
32 45 1051.0702282916216
32 46 1051.4730159685143
32 47 1052.0875308265449
32 48 1052.4407126876604
32 49 1052.9816541534458
32 50 1053.2862167981282
32 51 1053.7525273866745
32 52 1054.0093768943575
32 53 1054.4001664207324
32 54 1054.6101062449322
32 55 1054.9246441312748
32 56 1055.0883565163567
32 57 1055.3260655491786
32 58 1055.4440925460028
32 59 1055.6045291594605
32 60 1055.677300298692
32 61 1055.7604911623318
32 62 1055.7882171306489
32 63 1055.7882171306489
33 0 1000
33 1 1001.5047719570167
33 2 1002.9874208984724
33 3 1004.5036369649134
33 4 1005.9614375394906
33 5 1007.4842115888333
33 6 1008.9122238548704
33 7 1010.435775068271
33 8 1011.8292605712102
33 9 1013.3478516544768
33 10 1014.7024992934527
33 11 1016.2105036122592
33 12 1017.5224667183626
33 13 1019.014412721642
33 14 1020.2803245394615
33 15 1021.7509289490428
33 16 1022.9679074213046
33 17 1024.4121016748509
33 18 1025.5777446732682
33 19 1026.9906954037526
33 20 1028.1030676415533
33 21 1029.4801917808979
33 22 1030.5378045046577
33 23 1031.8747796082937
33 24 1032.8765641959901
33 25 1034.1693345725328
33 26 1035.1146111517016
33 27 1036.3593903621759
33 28 1037.2478325277821
33 29 1038.4411027896585
33 30 1039.2726994476193
33 31 1040.4112084445439
33 32 1041.1862237384883
33 33 1042.2669792995789
33 34 1042.9859114993483
33 35 1044.0061745743556
33 36 1044.6697147186301
33 37 1045.6269910386013
33 38 1046.2359820341699
33 39 1047.1280128124652
33 40 1047.683409602022
33 41 1048.5081615981594
33 42 1049.0109929196406
33 43 1049.766648158663
33 44 1050.2179803342276
33 45 1050.9029257470124
33 46 1051.303828860609
33 47 1051.9166460854849
33 48 1052.2681628359082
33 49 1052.807618398683
33 50 1053.1107358511226
33 51 1053.5757719188666
33 52 1053.8313963233043
33 53 1054.2211222046578
33 54 1054.4300569904829
33 55 1054.7437415394425
33 56 1054.9066688157218
33 57 1055.1437342698298
33 58 1055.2611959335327
33 59 1055.4211983136936
33 60 1055.4936236005133
33 61 1055.576588208861
33 62 1055.6041878096803
33 63 1055.6041878096803
34 0 1000
34 1 1001.4914081218947
34 2 1002.9606553635148
34 3 1004.4634605345054
34 4 1005.9077654361873
34 5 1007.4171029482121
34 6 1008.8316014960477
34 7 1010.3417656396515
34 8 1011.7217887261069
34 9 1013.2271083751807
34 10 1014.568410873163
34 11 1016.0633219852814
34 12 1017.3621192993462
34 13 1018.8412084595464
34 14 1020.094191552344
34 15 1021.5522287655447
34 16 1022.7565685613179
34 17 1024.1885334312008
34 18 1025.341875838775
34 19 1026.7429779350321
34 20 1027.8434306825634
34 21 1029.2091246565174
34 22 1030.2552370196063
34 23 1031.5812330474982
34 24 1032.5719695792154
34 25 1033.8542396987048
34 26 1034.7889490578439
34 27 1036.0237299445971
34 28 1036.90210988524
34 29 1038.0859025884861
34 30 1038.9079621215874
34 31 1040.0375292445237
34 32 1040.8035489153081
34 33 1041.8759096907725
34 34 1042.586400838185
34 35 1043.5988245140099
34 36 1044.2544882939021
34 37 1045.2044862073071
34 38 1045.8061730726986
34 39 1046.6914897598388
34 40 1047.2401600024209
34 41 1048.0587636583091
34 42 1048.555449527862
34 43 1049.305522103456
34 44 1049.7512919381784
34 45 1050.4312191353877
34 46 1050.8271438580994
34 47 1051.4355052594888
34 48 1051.782627523585
34 49 1052.3181870712463
34 50 1052.6174932772046
34 51 1053.0791902942615
34 52 1053.3315856435233
34 53 1053.7185265698852
34 54 1053.9248132647153
34 55 1054.2362642628805
34 56 1054.3971231774676
34 57 1054.6325041369869
34 58 1054.7484761088529
34 59 1054.9073413106353
34 60 1054.9788544110656
34 61 1055.0612250872605
34 62 1055.0884897479002
34 63 1055.0884897479002
35 0 1000
35 1 1001.468879983837
35 2 1002.9155598973371
35 3 1004.3958340377611
35 4 1005.8175185017285
35 5 1007.3043815413616
35 6 1008.696320529421
35 7 1010.1841785999511
35 8 1011.5418084034287
35 9 1013.0250907515326
35 10 1014.344266087244
35 11 1015.8175029431023
35 12 1017.0945327336576
35 13 1018.5523977604068
35 14 1019.7840595312608
35 15 1021.2214020948509
35 16 1022.404945889995
35 17 1023.8168169216431
35 18 1024.9499600800061
35 19 1026.3316323433628
35 20 1027.4125462750915
35 21 1028.7595295615351
35 22 1029.7868195812698
35 23 1031.094871386116
35 24 1032.0675506849361
35 25 1033.3326829027135
35 26 1034.2501417293477
35 27 1035.4686238891359
35 28 1036.3305949793744
35 29 1037.4989545149733
35 30 1038.3054757577406
35 31 1039.420495776528
35 32 1040.1718710403018
35 33 1041.2305860214444
35 34 1041.9273449894131
35 35 1042.9270348084738
35 36 1043.5698925885517
35 37 1044.5080752328402
35 38 1045.0978924225842
35 39 1045.9723157306705
35 40 1046.5100595301092
35 41 1047.3186922602031
35 42 1047.8053991401027
35 43 1048.5464216455987
35 44 1048.9831619968545
35 45 1049.6549567631155
35 46 1050.0428018765292
35 47 1050.6439441506304
35 48 1050.9839358066724
35 49 1051.5131845308745
35 50 1051.8063074171505
35 51 1052.2625966570229
35 52 1052.5097537781446
35 53 1052.8921848154084
35 54 1053.0941760028154
35 55 1053.4020102473785
35 56 1053.5595140888161
35 57 1053.7921673340413
35 58 1053.9057227391168
35 59 1054.0627462381615
35 60 1054.1327792700279
35 61 1054.214187504371
35 62 1054.240908089683
35 63 1054.240908089683
36 0 1000
36 1 1001.4371909193212
36 2 1002.8521412355149
36 3 1004.3007673391135
36 4 1005.6907101406537
36 5 1007.1460633877748
36 6 1008.5064003703629
36 7 1009.9630351050627
36 8 1011.2893437523923
36 9 1012.7418235248662
36 10 1014.0300920441944
36 11 1015.473072826553
36 12 1016.7197349173648
36 13 1018.148006246006
36 14 1019.3499546953192
36 15 1020.7584712914246
36 16 1021.9130612959262
36 17 1023.2969685557918
36 18 1024.4020122124766
36 19 1025.7566663818318
36 20 1026.8104194236294
36 21 1028.1314029341941
36 22 1029.1325447349252
36 23 1030.4156772208478
36 24 1031.3632851159932
36 25 1032.604630612512
36 26 1033.4981495727122
36 27 1034.6940203841748
36 28 1035.5332290487722
36 29 1036.6801867492095
36 30 1037.4651607791702
36 31 1038.5600147804573
36 32 1039.2910884280509
36 33 1040.330892520461
36 34 1041.0086192407498
36 35 1041.9906664801986
36 36 1042.6157793301263
36 37 1043.5375956168009
36 38 1044.1109681045593
36 39 1044.9703047697303
36 40 1045.4929127328746
36 41 1046.2877384248204
36 42 1046.7606234327504
36 43 1047.4891155689697
36 44 1047.9133502659547
36 45 1048.573886297007
36 46 1048.9505420276289
36 47 1049.5416907376787
36 48 1049.8718077287704
36 49 1050.3923207787791
36 50 1050.6768810915921
36 51 1051.1256849927411
36 52 1051.3655884073494
36 53 1051.7417770927157
36 54 1051.9378200308497
36 55 1052.2406481782066
36 56 1052.3935059772452
36 57 1052.6223836000856
36 58 1052.732592442733
36 59 1052.8870665270829
36 60 1052.9550496735976
36 61 1053.0351252926687
36 62 1053.0610919479636
36 63 1053.0610919479636
37 0 1000
37 1 1001.3963456411095
37 2 1002.7704087796611
37 3 1004.1782747571822
37 4 1005.5273587391126
37 5 1006.9421716682292
37 6 1008.261867190794
37 7 1009.6783656394672
37 8 1010.9644267790776
37 9 1012.3773422224959
37 10 1013.6259240118026
37 11 1015.0300693704819
37 12 1016.2377613187192
37 13 1017.6280705862142
37 14 1018.791909299654
37 15 1020.1634683889508
37 16 1021.2809401905581
37 17 1022.629011996814
37 18 1023.6980470862807
37 19 1025.0180915741516
37 20 1026.0370507332048
37 21 1027.3247404736142
37 22 1028.2923953003963
37 23 1029.5436269308427
37 24 1030.4591346068469
37 25 1031.6700366736497
37 26 1032.5329102589269
37 27 1033.6998478868898
37 28 1034.5099231121376
37 29 1035.6294999260135
37 30 1036.386899405225
37 31 1037.4559571025397
37 32 1038.1610528313383
37 33 1039.176668779573
37 34 1039.8300437156572
37 35 1040.789526920066
37 36 1041.3919363665977
37 37 1042.2928221291763
37 38 1042.8451555624322
37 39 1043.6851991283384
37 40 1044.1884430301918
37 41 1044.9656124955923
37 42 1045.4208146717458
37 43 1046.1332834065481
37 44 1046.5415191949226
37 45 1047.1876580149544
37 46 1047.5499987169489
37 47 1048.128368022469
37 48 1048.4458518242614
37 49 1048.9551939047783
37 50 1049.228799497412
37 51 1049.6680311862699
37 52 1049.8986542430912
37 53 1050.2668600873042
37 54 1050.4552927031746
37 55 1050.7517187994747
37 56 1050.8986321959399
37 57 1051.1226812008094
37 58 1051.2286081106979
37 59 1051.379821585361
37 60 1051.4451817238678
37 61 1051.5235527214377
37 62 1051.5485543914867
37 63 1051.5485543914867
38 0 1000
38 1 1001.3463504037721
38 2 1002.6703749512656
38 3 1004.0283743496871
38 4 1005.327488572365
38 5 1006.6927351785114
38 6 1007.9627555396559
38 7 1009.3302075895414
38 8 1010.5670997491309
38 9 1011.9316898329427
38 10 1013.131808632354
38 11 1014.4885374984395
38 12 1015.6486590006244
38 13 1016.9926334632622
38 14 1018.1099664283097
38 15 1019.4364293125337
38 16 1020.5086170072304
38 17 1021.8129717227395
38 18 1022.838085704304
38 19 1024.1159162433439
38 20 1025.0924430421856
38 21 1026.3395297652637
38 22 1027.2663514025689
38 23 1028.4786830348032
38 24 1029.3550523279182
38 25 1030.5288345728898
38 26 1031.3543461757997
38 27 1032.486007343487
38 28 1033.2605654454658
38 29 1034.34675947302
38 30 1035.0705430371447
38 31 1036.1081502603245
38 32 1036.7815766289971
38 33 1037.7677026397632
38 34 1038.3913902699012
38 35 1039.3233631734067
38 36 1039.8980941926698
38 37 1040.7734605555329
38 38 1041.3001437556782
38 39 1042.116663517578
38 40 1042.5962983243062
38 41 1043.3519389267042
38 42 1043.7855808095035
38 43 1044.4785107785874
38 44 1044.8672384909933
38 45 1045.495820696495
38 46 1045.8407056685564
38 47 1046.4034904654427
38 48 1046.7055686073036
38 49 1047.2012870530616
38 50 1047.4615331723949
38 51 1047.8890904982816
38 52 1048.1083954859719
38 53 1048.46686498449
38 54 1048.6460158707794
38 55 1048.9346333479755
38 56 1049.0742965230802
38 57 1049.2924558115235
38 58 1049.3931599543275
38 59 1049.5403961154823
38 60 1049.60255673762
38 61 1049.6788482318357
38 62 1049.7026726036386
38 63 1049.7026726036386
39 0 1000
39 1 1001.287212653968
39 2 1002.5520545607776
39 3 1003.8510885483535
39 4 1005.0911283101914
39 5 1006.3977898481623
39 6 1007.6091058049136
39 7 1008.9186077286128
39 8 1010.0974115474359
39 9 1011.404920306593
39 10 1012.5477991741552
39 11 1013.8485338478488
39 12 1014.9524808046224
39 13 1016.2417490910577
39 14 1017.3041731907769
39 15 1018.5774003260935
39 16 1019.5961275228073
39 17 1020.8488803052287
39 18 1021.8221468066351
39 19 1023.0501535004345
39 20 1023.976592424807
39 21 1025.1757588398275
39 22 1026.0543810576512
39 23 1027.2208031684959
39 24 1028.0509732244834
39 25 1029.1809466775046
39 26 1029.9623546852924
39 27 1031.052381534128
39 28 1031.7850119149446
39 29 1032.8318049111924
39 30 1033.5159028103758
39 31 1034.5163875594735
39 32 1035.1524237246326
39 33 1036.1037389994838
39 34 1036.6923738443695
39 35 1037.5918703320071
39 36 1038.1339178437004
39 37 1038.9791555840047
39 38 1039.4755476605017
39 39 1040.2642924210402
39 40 1040.7160441541637
39 41 1041.4462629716822
39 42 1041.8544393186314
39 43 1042.5242954253524
39 44 1042.8899796430239
39 45 1043.4978269843853
39 46 1043.8220911354344
39 47 1044.3664686747315
39 48 1044.6503464544908
39 49 1045.1299724486
39 50 1045.3744345283803
39 51 1045.7882009468867
39 52 1045.9941329829433
39 53 1046.3411002290425
39 54 1046.5092836365554
39 55 1046.7886757154627
39 56 1046.9197714895586
39 57 1047.1309721057673
39 58 1047.2255043846267
39 59 1047.3680411497521
39 60 1047.426420664189
39 61 1047.5002549428914
39 62 1047.5226878563997
39 63 1047.5226878563997
40 0 1000
40 1 1001.2189413399943
40 2 1002.4154653523284
40 3 1003.6464430737705
40 4 1004.8183123933353
40 5 1006.0573764018285
40 6 1007.2009666605991
40 7 1008.4436185556563
40 8 1009.5554212976421
40 9 1010.7970935482027
40 10 1011.8739603671717
40 11 1013.1101204446555
40 12 1014.1492913934883
40 13 1015.3754756484026
40 14 1016.3745879155285
40 15 1017.5864293421647
40 16 1018.5435171055516
40 17 1019.7367687476492
40 18 1020.6502560425762
40 19 1021.8208107876388
40 20 1022.6894981311129
40 21 1023.8334051147303
40 22 1024.6564507066935
40 23 1025.7699286257621
40 24 1026.5468249590976
40 25 1027.6262725768968
40 26 1028.3568192873427
40 27 1029.3988234091307
40 28 1030.0830971786988
40 29 1031.0844383663703
40 30 1031.7227606607951
40 31 1032.680416943356
40 32 1033.2733203189273
40 33 1034.184469143308
40 34 1034.7326628039384
40 35 1035.5946814589088
40 36 1036.0990166831573
40 37 1036.9094814183773
40 38 1037.3709174108828
40 39 1038.1276014636146
40 40 1038.5471721182862
40 41 1039.2480428518909
40 42 1039.6268248473143
40 43 1040.2700401981053
40 44 1040.6091227807583
40 45 1041.1930272025984
40 46 1041.4934839521734
40 47 1042.0166040409094
40 48 1042.2794668555664
40 49 1042.7405068274381
40 50 1042.9667423160972
40 51 1043.3645795052241
40 52 1043.5550679301311
40 53 1043.8887484586155
40 54 1044.0442653240204
40 55 1044.3130000868414
40 56 1044.4342006419381
40 57 1044.6373620705765
40 58 1044.7247655949907
40 59 1044.8618730207929
40 60 1044.915885006106
40 61 1044.9868802520245
40 62 1045.0077057514118
40 63 1045.0077057514118
41 0 1000
41 1 1001.1415464267816
41 2 1002.2606271133826
41 3 1003.4144678229092
41 4 1004.5090789382634
41 5 1005.6715424774605
41 6 1006.7383915173956
41 7 1007.9053017574955
41 8 1008.9411932775038
41 9 1010.1082802913193
41 10 1011.1103617752793
41 11 1012.2733710026414
41 12 1013.2391591364767
41 13 1014.3938829617797
41 14 1015.3212706587229
41 15 1016.4635748975364
41 16 1017.3508300025246
41 17 1018.4766766206449
41 18 1019.3224342267379
41 19 1020.427901006726
41 20 1021.2311500262502
41 21 1022.3124473227198
41 22 1023.0725120670108
41 23 1024.1259968782836
41 24 1024.842514408911
41 25 1025.8647019768414
41 26 1026.5375959928874
41 27 1027.5251691416211
41 28 1028.1546211537379
41 29 1029.1044375723186
41 30 1029.6908560858315
41 31 1030.5999537529085
41 32 1031.1439421422758
41 33 1032.0095430845977
41 34 1032.5118667926388
41 35 1033.331379363203
41 36 1033.7929330030668
41 37 1034.563952860075
41 38 1034.9857277383169
41 39 1035.7060377024623
41 40 1036.0890902199155
41 41 1036.7566591847387
41 42 1037.1020805100741
41 43 1037.7150615777998
41 44 1038.0239489284832
41 45 1038.5806769413266
41 46 1038.8541067495762
41 47 1039.3530953834415
41 48 1039.5920985719995
41 49 1040.0320371552139
41 50 1040.2375767001902
41 51 1040.6173269139661
41 52 1040.7902778307405
41 53 1041.1088704391759
41 54 1041.2500022827705
41 55 1041.506634030264
41 56 1041.6165961622999
41 57 1041.810627282026
41 58 1041.8899339678414
41 59 1042.0208748491148
41 60 1042.069925995128
41 61 1042.1376965670104
41 62 1042.1566961903491
41 63 1042.1566961903491
42 0 1000
42 1 1001.0550392950141
42 2 1002.087562395803
42 3 1003.1551954275835
42 4 1004.1634715528849
42 5 1005.2403395289709
42 6 1006.2214417481604
42 7 1007.3037233641898
42 8 1008.2548016896101
42 9 1009.3385554741568
42 10 1010.2570841715185
42 11 1011.3383625552424
42 12 1012.2221640794461
42 13 1013.2970424914549
42 14 1014.1442926982129
42 15 1015.208894646524
42 16 1016.0181202332384
42 17 1017.0686392598235
42 18 1017.8387094638679
42 19 1018.8714286516745
42 20 1019.601541743584
42 21 1020.6128508320685
42 22 1021.3025160864246
42 23 1022.2889263469043
42 24 1022.9379421797452
42 25 1023.8960991861942
42 26 1024.5045281520859
42 27 1025.4312225852789
42 28 1025.9993639171512
42 29 1026.8915405386297
42 30 1027.4199008898336
42 31 1028.2746658208625
42 32 1028.7639288344612
42 33 1029.5785552745033
42 34 1030.0295505617837
42 35 1030.8014830814723
42 36 1031.2151551422967
42 37 1031.9420126874975
42 38 1032.319390251489
42 39 1032.9989679976638
42 40 1033.341134209315
42 41 1033.971404408557
42 42 1034.279468223016
42 43 1034.8585801893803
42 44 1035.1336492904666
42 45 1035.6599286718749
42 46 1035.9030841712865
42 47 1036.3750316577687
42 48 1036.5873047856123
42 49 1037.0035944033143
42 50 1037.1859453559503
42 51 1037.5454224937662
42 52 1037.698721566519
42 53 1038.0004008762044
42 54 1038.1254119670311
42 55 1038.3684752693864
42 56 1038.4658419873494
42 57 1038.6496366046056
42 58 1038.7198682646774
42 59 1038.843895142556
42 60 1038.8873858746986
42 61 1038.9515407730878
42 62 1038.9684937251848
42 63 1038.9684937251848
43 0 1000
43 1 1000.959432137289
43 2 1001.8962953821589
43 3 1002.8686623776545
43 4 1003.7815366730125
43 5 1004.763825502433
43 6 1005.6501821789584
43 7 1006.6389581245419
43 8 1007.4963242021003
43 9 1008.4880044041514
43 10 1009.3142111152958
43 11 1010.305183429219
43 12 1011.0983876256385
43 13 1012.0850370663534
43 14 1012.8437244535321
43 15 1013.8224567471154
43 16 1014.5454379411934
43 17 1015.512700639689
43 18 1016.1991021686108
43 19 1017.1514039633407
43 20 1017.8006546409894
43 21 1018.7345828421775
43 22 1019.3463961235144
43 23 1020.2586323767646
43 24 1020.832985304897
43 25 1021.7203195994787
43 26 1022.2574289624597
43 27 1023.1167719919639
43 28 1023.6170683009295
43 29 1024.4454622399448
43 30 1024.9095621214426
43 31 1025.7041898861182
43 32 1026.1328674526656
43 33 1026.8910605185436
43 34 1027.2852182445049
43 35 1028.0044631019757
43 36 1028.3651026887153
43 37 1029.0430460247028
43 38 1029.3712396915673
43 39 1030.0056923951904
43 40 1030.3025549829838
43 41 1030.8914950823919
43 42 1031.1581573053327
43 43 1031.6997319520269
43 44 1031.9373150842277
43 45 1032.4298417092293
43 46 1032.6394339438796
43 47 1033.0814007164117
43 48 1033.2640353912122
43 49 1033.6541011144616
43 50 1033.8107369563427
43 51 1034.1477305358926
43 52 1034.2792340426697
43 53 1034.5621536603462
43 54 1034.6692836988673
43 55 1034.8972958182819
43 56 1034.9806906520923
43 57 1035.1531292492632
43 58 1035.2132935183138
43 59 1035.3296498070079
43 60 1035.366971820582
43 61 1035.4271152342499
43 62 1035.4417975389031
43 63 1035.4417975389031
44 0 1000
44 1 1000.8547384277867
44 2 1001.6868527640735
44 3 1002.5549072405984
44 4 1003.363325778632
44 5 1004.242061023505
44 6 1005.0246850303153
44 7 1005.9110835444895
44 8 1006.6658477849519
44 9 1007.5567146027454
44 10 1008.28183676173
44 11 1009.1739229336732
44 12 1009.8679223123183
44 13 1010.7579485319287
44 14 1011.4196471492771
44 15 1012.3043256492543
44 16 1012.9328427982101
44 17 1013.8088975387171
44 18 1014.4036400104752
44 19 1015.2678257493376
44 20 1015.8284740432805
44 21 1016.6775941643918
44 22 1017.2040852136158
44 23 1018.0350083000394
44 24 1018.5275152422494
44 25 1019.3371903649145
44 26 1019.7960998977943
44 27 1020.5815705995155
44 28 1021.0074584572807
44 29 1021.7658754194199
44 30 1022.1594804934268
44 31 1022.8881128822717
44 32 1023.2503104854666
44 33 1023.9465559871512
44 34 1024.278330731368
44 35 1024.9397242977836
44 36 1025.2421430161746
44 37 1025.8663643593445
44 38 1026.140549465209
44 39 1026.7254293534504
44 40 1026.9725329830421
44 41 1027.5160584081655
44 42 1027.7372376502612
44 43 1028.2375559502304
44 44 1028.4339494207368
44 45 1028.8893714558906
44 46 1029.0620774328529
44 47 1029.4710799251079
44 48 1029.6211362192416
44 49 1029.982363372065
44 50 1030.1107290712707
44 51 1030.4229935930323
44 52 1030.5305327871827
44 53 1030.7928164410243
44 54 1030.8802839988837
44 55 1031.0917377977687
44 56 1031.1597673856249
44 57 1031.3197117955963
44 58 1031.3688039249437
44 59 1031.4767203445535
44 60 1031.5072576508692
44 61 1031.5629871295034
44 62 1031.5751719409971
44 63 1031.5751719409971
45 0 1000
45 1 1000.7409722203016
45 2 1001.4592623852483
45 3 1002.2139719993975
45 4 1002.9088922022662
45 5 1003.6751125800084
45 6 1004.3450245132196
45 7 1005.1201850963103
45 8 1005.7634609629208
45 9 1006.5447831556643
45 10 1007.1600557489162
45 11 1007.9446808833205
45 12 1008.5308594049883
45 13 1009.3158693976379
45 14 1009.8721382706555
45 15 1010.6545757437352
45 16 1011.180387543842
45 17 1011.9572750026326
45 18 1012.4523398134742
45 19 1013.2206984218886
45 20 1013.6849698175403
45 21 1014.4418375543831
45 22 1014.875495659772
45 23 1015.6179447555136
45 24 1016.0213768312329
45 25 1016.7465303693407
45 26 1017.1203093790218
45 27 1017.8253569577929
45 28 1018.1702185774247
45 29 1018.852430940264
45 30 1019.169249459841
45 31 1019.8259920171988
45 32 1020.115755567626
45 33 1020.7445007518315
45 34 1021.0082862654006
45 35 1021.6066246799511
45 36 1021.8455729623818
45 37 1022.4112233091645
45 38 1022.6265145666077
45 39 1023.1573323572258
45 40 1023.3501624842045
45 41 1023.8441475641071
45 42 1024.0157054595265
45 43 1024.4710083950972
45 44 1024.6224545345071
45 45 1025.037381932689
45 46 1025.1698283871228
45 47 1025.5428472337385
45 48 1025.6573392897737
45 49 1025.987080405687
45 50 1026.0845799086712
45 51 1026.3698406317885
45 52 1026.4512111454253
45 53 1026.6909573506039
45 54 1026.7569511955621
45 55 1026.9503187621856
45 56 1027.0015660968843
45 57 1027.1478621531598
45 58 1027.1848601732004
45 59 1027.2835564777179
45 60 1027.3066824772282
45 61 1027.3575897798776
45 62 1027.3670463784997
45 63 1027.3670463784997
46 0 1000
46 1 1000.6181486652802
46 2 1001.2135542540609
46 3 1001.8458999540787
46 4 1002.4182936991189
46 5 1003.0630480462809
46 6 1003.6112814104165
46 7 1004.2663492198475
46 8 1004.789260613952
46 9 1005.4523071298478
46 10 1005.9489723137171
46 11 1006.6175554657567
46 12 1007.087300333861
46 13 1007.7588882787644
46 14 1008.2012852369403
46 15 1008.8732745814276
46 16 1009.2881337357264
46 17 1009.9578676088876
46 18 1010.3452251588916
46 19 1011.0100116255317
46 20 1011.3701155525499
46 21 1012.0272460558074
46 22 1012.3605394755355
46 23 1013.0073071205146
46 24 1013.3144096619886
46 25 1013.9481271360037
46 26 1014.2298147223834
46 27 1014.8478316621099
46 28 1015.1050150734801
46 29 1015.7047347055063
46 30 1015.938437299517
46 31 1016.5173322013975
46 32 1016.7286671556396
46 33 1017.284294008724
46 34 1017.4744414302028
46 35 1018.0044546624529
46 36 1018.1746388855573
46 37 1018.6768031313326
46 38 1018.8282704975205
46 39 1019.3004718308247
46 40 1019.4344692121007
46 41 1019.8747251389697
46 42 1019.992479434392
46 43 1020.3989476578499
46 44 1020.5016464589748
46 45 1020.8726324552835
46 46 1020.9614060437694
46 47 1021.2953695106162
46 48 1021.3712743201644
46 49 1021.6668345752048
46 50 1021.7308382214662
46 51 1021.9867786426456
46 52 1022.0397465994923
46 53 1022.2550182063935
46 54 1022.2977021805857
46 55 1022.4714264560278
46 56 1022.504454593983
46 57 1022.6359258369666
46 58 1022.6597931544952
46 59 1022.7484739138706
46 60 1022.7635529244018
46 61 1022.8092218605807
46 62 1022.8157161233949
46 63 1022.8157161233949
47 0 1000
47 1 1000.4862832337986
47 2 1000.9497589858123
47 3 1001.4507372484164
47 4 1001.8915887723701
47 5 1002.405940309329
47 6 1002.8235368500611
47 7 1003.3496692687078
47 8 1003.7433430325411
47 9 1004.2793919824827
47 10 1004.6486886082296
47 11 1005.1926541622219
47 12 1005.5373423353356
47 13 1006.08710328568
47 14 1006.4071685337108
47 15 1006.9604986029082
47 16 1007.2561326173324
47 17 1007.8107173342197
47 18 1008.0823052965169
47 19 1008.6357599784351
47 20 1008.8838658683862
47 21 1009.4337543032996
47 22 1009.6591044783836
47 23 1010.2029580299641
47 24 1010.4064233528906
47 25 1010.9417601947549
47 26 1011.1243370015642
47 27 1011.6486812040064
47 28 1011.8114714128818
47 29 1012.3223716255641
47 30 1012.4665622864944
47 31 1012.9616097862912
47 32 1013.0884523650381
47 33 1013.565298268365
47 34 1013.6760879455163
47 35 1014.1324594179131
47 36 1014.2285146659982
47 37 1014.6622299972454
47 38 1014.7448726769616
47 39 1015.1538551263177
47 40 1015.2243913179374
47 41 1015.6066816698855
47 42 1015.6663834289976
47 43 1016.020151233973
47 44 1016.0702394329685
47 45 1016.3937929387557
47 46 1016.435421327941
47 47 1016.7272161347757
47 48 1016.7614567306611
47 49 1017.0201032257402
47 50 1017.0479331096984
47 51 1017.2722027541025
47 52 1017.2944923430307
47 53 1017.4833228958014
47 54 1017.5008257244308
47 55 1017.653325490936
47 56 1017.666669606637
47 57 1017.7821209603534
47 58 1017.79180066161
47 59 1017.86965767636
47 60 1017.876041484975
47 61 1017.9160491078876
47 62 1017.9193423260206
47 63 1017.9193423260206
48 0 1000
48 1 1000.3453922538231
48 2 1000.6679089206207
48 3 1001.0285304731588
48 4 1001.3288395387028
48 5 1001.703862183197
48 6 1001.9818774327038
48 7 1002.3702375568448
48 8 1002.6258115614061
48 9 1003.0261406574075
48 10 1003.2593149625438
48 11 1003.6700799190654
48 12 1003.8810913640074
48 13 1004.30060539674
48 14 1004.4898771944936
48 15 1004.9163139286354
48 16 1005.0844430030929
48 17 1005.5158520528395
48 18 1005.6635951934126
48 19 1006.0979196280784
48 20 1006.226178329375
48 21 1006.6612735271025
48 22 1006.7710777226814
48 23 1007.2047312467156
48 24 1007.2972221296964
48 25 1007.7271742442975
48 26 1007.8035863842447
48 27 1008.2275508464722
48 28 1008.2891938223638
48 29 1008.7048786096066
48 30 1008.7531183826759
48 31 1009.1582460463006
48 32 1009.1944862948155
48 33 1009.5868136660843
48 34 1009.6124772970135
48 35 1009.9898143110728
48 36 1010.006325351716
48 37 1010.3665527974831
48 38 1010.3753188542662
48 39 1010.7164049009208
48 40 1010.7188003535846
48 41 1011.0388157466633
48 42 1011.036165824965
48 43 1011.3332976853658
48 44 1011.3268635531813
48 45 1011.5994277494664
48 46 1011.5903926987993
48 47 1011.8368447959698
48 48 1011.8263016317488
48 49 1012.0452464472585
48 50 1012.0341861237273
48 51 1012.2243859432087
48 52 1012.2136874948981
48 53 1012.3740690158529
48 54 1012.3644908087517
48 55 1012.4941508853746
48 56 1012.486323252861
48 57 1012.5845336447716
48 58 1012.5789520068317
48 59 1012.645159357687
48 60 1012.6421892993387
48 61 1012.6761033736963
48 62 1012.6759529058379
48 63 1012.6759529058379
49 0 1000
49 1 1000.195492089916
49 2 1000.3680363948115
49 3 1000.5793283599609
49 4 1000.7301076302791
49 5 1000.9568904203132
49 6 1001.0863882782551
49 7 1001.3281519497817
49 8 1001.436766594652
49 9 1001.6926629311447
49 10 1001.7809567885085
49 11 1002.0499433198258
49 12 1002.1186459612239
49 13 1002.3994934255848
49 14 1002.4494898029458
49 15 1002.7407939960298
49 16 1002.7731096721718
49 17 1003.0733056342557
49 18 1003.0890916496857
49 19 1003.3964705304331
49 20 1003.3969876673117
49 21 1003.709715678486
49 22 1003.6963182532508
49 23 1004.0124572576937
49 24 1003.9865765527346
49 25 1004.304105818467
49 26 1004.2672332805597
49 27 1004.5840719495233
49 28 1004.5377422952939
49 29 1004.8517721429671
49 30 1004.7975465191573
49 31 1005.1066346161405
49 32 1005.0460839652105
49 33 1005.3481048929435
49 34 1005.2827936725853
49 35 1005.5756509908988
49 36 1005.5071213896965
49 37 1005.7887681021471
49 38 1005.7185248834514
49 39 1005.9869826956322
49 40 1005.9164787884453
49 41 1006.1698560030452
49 42 1006.1004789431701
49 43 1006.3369868819601
49 44 1006.2700461897671
49 45 1006.4880140755687
49 46 1006.4247296393609
49 47 1006.622617909232
49 48 1006.5641094262285
49 49 1006.7405214796614
49 50 1006.6877989908091
49 51 1006.8414914029094
49 52 1006.7954469437321
49 53 1006.9253381932974
49 54 1006.8867385704486
49 55 1006.9919163403941
49 56 1006.9613970583882
49 57 1007.0411242605704
49 58 1007.019184092446
49 59 1007.0729013360734
49 60 1007.0599042606556
49 61 1007.0872848481054
49 62 1007.0834427368382
49 63 1007.0834427368382
50 0 1000
50 1 1000.0365996838505
50 2 1000.0501749652519
50 3 1000.1031791571116
50 4 1000.0954573573225
50 5 1000.1651001564337
50 6 1000.1371586934717
50 7 1000.2235071626216
50 8 1000.1763140316275
50 9 1000.2790634551893
50 10 1000.213725976099
50 11 1000.3323473805683
50 12 1000.250111632519
50 13 1000.3838556894143
50 14 1000.2860917828773
50 15 1000.4339983199234
50 16 1000.3221834070363
50 17 1000.4830940994209
50 18 1000.3587958391538
50 19 1000.5313703727278
50 20 1000.396230509921
50 21 1000.5789655397393
50 22 1000.4346836550135
50 23 1000.6259340236837
50 24 1000.474251484693
50 25 1000.672253143306
50 26 1000.5149373051859
50 27 1000.7178314011713
50 28 1000.5566601182219
50 29 1000.7625177437101
50 30 1000.5992642648673
50 31 1000.8061113978509
50 32 1000.6425297252829
50 33 1000.8483719417301
50 34 1000.6861827346182
50 35 1000.8890293206434
50 36 1000.7299064249895
50 37 1000.9277935722461
50 38 1000.7733512526952
50 39 1000.9643640753685
50 40 1000.8161450171443
50 41 1000.9984381834807
50 42 1000.8579023222829
50 43 1001.0297191458435
50 44 1000.8982333717574
50 45 1001.0579232560583
50 46 1000.936752025037
50 47 1001.0827861987048
50 48 1000.9730830727791
50 49 1001.1040685898214
50 50 1001.0068687156468
50 51 1001.1215607260976
50 52 1001.0377742512975
50 53 1001.1350865717413
50 54 1001.0654929910079
50 55 1001.1445070146756
50 56 1001.0897504262678
50 57 1001.1497224693256
50 58 1001.110307660132
50 59 1001.1506740637546
50 60 1001.1269650405455
50 61 1001.1473615521764
50 62 1001.1395753863129
50 63 1001.1395753863129
51 0 1000
51 1 999.86873172294349
51 2 999.71435754231527
51 3 999.6001324681082
51 4 999.42495125176345
51 5 999.32856924526868
51 6 999.13427459740137
51 7 999.05640189897929
51 8 998.84455436391124
51 9 998.78545191085129
51 10 998.55772656293459
51 11 998.51740082044068
51 12 998.27558314962653
51 13 998.25378638481925
51 14 997.99975449688725
51 15 997.99599186040575
51 16 997.73169715145229
51 17 997.74523777552156
51 18 997.47268687096357
51 19 997.50257923160234
51 20 997.22381675382792
51 21 997.26890753850137
51 22 996.98599969012241
51 23 997.04495555480605
51 24 996.75997447178224
51 25 996.83130604678763
51 26 996.54631489242195
51 27 996.62840241818719
51 28 996.34544120419707
51 29 996.43656120944627
51 30 996.15763334325106
51 31 996.25598581996428
51 32 995.98304538751586
51 33 996.0867809672535
51 34 995.82172076757547
51 35 995.92896745959672
51 36 995.67360781051036
51 37 995.7824969215277
51 38 995.53857525600745
51 39 995.64726617219856
51 40 995.41642744180604
51 41 995.52313101390359
51 42 995.30691891038839
51 43 995.40991924047626
51 44 995.20976823962621
51 45 995.30744272213508
51 46 995.12467094607052
51 47 995.21550846407422
51 48 995.05131135018655
51 49 995.13392857040935
51 50 994.98937332776086
51 51 995.062529072855
51 52 994.93854990057343
51 53 995.00115760585993
51 54 994.89855164581127
51 55 994.94968992061479
51 56 994.86911387712075
51 57 994.90803520726854
51 58 994.8500030066856
51 59 994.87614162884904
51 60 994.84101926748269
51 61 994.85397249372738
51 62 994.84198380173893
51 63 994.84198380173893
52 0 1000
52 1 999.69190499367789
52 2 999.36061737187094
52 3 999.0702359502568
52 4 998.71865282990643
52 5 998.44737151125162
52 6 998.07782367853076
52 7 997.82692840348955
52 8 997.44159055090813
52 9 997.21192872506936
52 10 996.81306552195292
52 11 996.60519993059199
52 12 996.19515831994772
52 13 996.00936372011722
52 14 995.59055195389271
52 15 995.42681963812038
52 16 995.00168551004595
52 17 994.85973270786815
52 18 994.43074384566876
52 19 994.31002817210447
52 20 993.87965386656754
52 21 993.77939198302715
52 22 993.35008647586426
52 23 993.26927627148802
52 24 992.8434633841955
52 25 992.78090895732385
52 26 992.3609679586574
52 27 992.31530669960796
52 28 991.90355932490786
52 29 991.87329043381931
52 30 991.471988984174
52 31 991.45550280237035
52 32 991.06681926459498
52 33 991.06242685166376
52 34 990.68844299039279
52 35 990.69440543936287
52 36 990.33710381983246
52 37 990.35166086699394
52 38 990.01291677131246
52 39 990.03431432304319
52 40 989.71588852416278
52 41 989.7424047884715
52 42 989.44593714518714
52 43 989.47590711866155
52 44 989.20291095238372
52 45 989.2347490721595
52 46 988.98660628266271
52 47 989.0188271065407
52 48 988.79678398009867
52 49 988.82802080493764
52 50 988.63318446493747
52 51 988.66220583302754
52 52 988.4955412807077
52 53 988.52126535691866
52 54 988.38359305312156
52 55 988.40509987141581
52 56 988.29709374036679
52 57 988.31363529139321
52 58 988.23582200589306
52 59 988.24683302158178
52 60 988.19958287004215
52 61 988.20462156863778
52 62 988.18816691207269
52 63 988.18816691207269
53 0 1000
53 1 999.50613527378118
53 2 998.9889854625585
53 3 998.51353637279306
53 4 997.97662064264148
53 5 997.52157983873019
53 6 996.96788550393683
53 7 996.53517793918661
53 8 995.9675139339837
53 9 995.55859318674015
53 10 994.97983437153391
53 11 994.59583946144517
53 12 994.00891531948741
53 13 993.650663589283
53 14 993.05853401440675
53 15 992.72652310166018
53 16 992.13215408324925
53 17 991.82656952922173
53 18 991.23291166813067
53 19 990.95364034209524
53 20 990.36360959874958
53 21 990.11025803440918
53 22 989.52671857201562
53 23 989.29863545284866
53 24 988.72438439099221
53 25 988.52068638870219
53 26 987.95844029607122
53 27 987.77804048685823
53 28 987.23042345728447
53 29 987.07206157401868
53 30 986.54159474592223
53 31 986.40386857102544
53 32 985.89296096543433
53 33 985.77435822599534
53 34 985.2852987913941
53 35 985.18422898189397
53 36 984.71917974468317
53 37 984.63400537101313
53 38 984.19499559816802
53 39 984.12406240692508
53 40 983.71298369265617
53 41 983.65464951971376
53 42 983.2732517109647
53 43 983.22591365103301
53 44 982.87580152804276
53 45 982.83792119059501
53 46 982.52055181916489
53 47 982.49067849425978
53 48 982.20735916651358
53 49 982.18415077555471
53 50 981.93603745652297
53 51 981.91827920692299
53 52 981.70637540561142
53 53 981.69299610591395
53 54 981.51815209846529
53 55 981.5082381092767
53 56 981.37115033947657
53 57 981.36395706263386
53 58 981.26516909920144
53 59 981.26013480477025
53 60 981.200023914447
53 61 981.19666730207518
53 62 981.17547640479586
53 63 981.17547640479586
54 0 1000
54 1 999.31143859225972
54 2 998.59949354691935
54 3 997.93007904430351
54 4 997.19891507426303
54 5 996.55126392446641
54 6 995.80454279509422
54 7 995.1812365521514
54 8 994.42242033518221
54 9 993.82553702911002
54 10 993.05813030190075
54 11 992.48940395375791
54 12 991.71693891734628
54 13 991.17774870498238
54 14 990.4037576597691
54 15 989.89512722791892
54 16 989.12311561430522
54 17 988.64571879008167
54 18 987.87914180376038
54 19 987.43331487560113
54 20 986.67555699352135
54 21 986.2613165888265
54 22 985.51567381562415
54 23 985.13273954823831
54 24 984.40240413679066
54 25 984.05022515804399
54 26 983.33827256888378
54 27 983.01605717504196
54 28 982.32543505411502
54 29 982.03218253660862
54 30 981.36570150726504
54 31 981.10023548014146
54 32 980.46056156170948
54 33 980.22156405969019
54 34 979.61121254009527
54 35 979.39725824738912
54 36 978.81858885034478
54 37 978.62817889210714
54 38 978.0833920901058
54 39 977.91498689253513
54 40 977.40612122526079
54 41 977.25817202439782
54 42 976.78710228857528
54 43 976.65808093980218
54 44 976.22651712138247
54 45 976.11494392956672
54 46 975.72443075314209
54 47 975.62890010581589
54 48 975.28081707992226
54 49 975.20002072166142
54 50 974.89558256284442
54 51 974.82833039710852
54 52 974.56858772059536
54 53 974.51382606736922
54 54 974.29966624704116
54 55 974.25649350654294
54 56 974.08864146994631
54 57 974.05632102124889
54 58 973.9353419151339
54 59 973.91331911620068
54 60 973.83960025073554
54 61 973.82735412009515
54 62 973.8011512421192
54 63 973.8011512421192
55 0 1000
55 1 999.10783503408459
55 2 998.19218114058742
55 3 997.31992352444388
55 4 996.38561157653646
55 5 995.53651781741132
55 6 994.5879002459576
55 7 993.76522484477107
55 8 992.80643416231317
55 9 992.01289671671429
55 10 991.04808540726663
55 11 990.2860326893715
55 12 989.31935480970344
55 13 988.59074623621439
55 14 987.62632652393302
55 15 986.93273074594538
55 16 985.97463491861288
55 17 985.31723355055124
55 18 984.36944288974757
55 19 983.74904152612044
55 20 982.81543102817557
55 21 982.23247652856321
55 22 981.31679638452965
55 23 980.77139953758751
55 24 979.87725964053311
55 25 979.36922227558807
55 26 978.50007946178232
55 27 978.02892509397896
55 28 977.18807283809474
55 29 976.75307996615209
55 30 975.9436402668357
55 31 975.54387749119667
55 32 974.76879470040399
55 33 974.40315688998703
55 34 973.66519325581771
55 35 973.33243806050405
55 36 972.6341707680383
55 37 972.33295484848259
55 38 971.67677435594067
55 39 971.40568877951625
55 40 970.79379825789567
55 41 970.55140258711356
55 42 969.98581828054614
55 43 969.77067295589279
55 44 969.25322528777303
55 45 969.06392197869479
55 46 968.59625723570844
55 47 968.43144689984979
55 48 968.01502933304221
55 49 967.87344778359784
55 50 967.50956197321295
55 51 967.39005280633069
55 52 967.07980614555845
55 53 966.98134092620592
55 54 966.7256660998197
55 55 966.64736172961443
55 56 966.447018889687
55 57 966.38815190816183
55 58 966.24373307714995
55 59 966.20375995972086
55 60 966.11566599378841
55 61 966.09402616823604
55 62 966.0625282013558
55 63 966.0625282013558
56 0 1000
56 1 998.89534867591226
56 2 997.76709605872588
56 3 996.68313923139192
56 4 995.53680268755852
56 5 994.47745134029788
56 6 993.31808876886817
56 7 992.28728491457923
56 8 991.11971533395717
56 9 990.12083573941106
56 10 988.9498766172502
56 11 987.98589732975461
56 12 986.8163427715815
56 13 985.8898209297364
56 14 984.7264073710744
56 15 983.83947501455589
56 16 982.68684868882337
56 17 981.84121440520232
56 18 980.70390377324441
56 19 979.90086232882607
56 20 978.78325470519212
56 21 978.02370359062058
56 22 976.93002568696772
56 23 976.21448763370836
56 24 975.14878966799438
56 25 974.47744014534237
56 26 973.44358317140848
56 27 972.81628188902744
56 28 971.81792801306347
56 29 971.23425348616638
56 30 970.27485865193853
56 31 969.73414493484552
56 32 968.81695397642909
56 33 968.31832873133294
56 34 967.446372408824
56 35 966.98879554686221
56 36 966.1648892962146
56 37 965.74719150428484
56 38 964.97393564656375
56 39 964.59485619290649
56 40 963.87463736079269
56 41 963.53286065262409
56 42 962.8678542031347
56 43 962.56204464826726
56 44 961.95421784079224
56 45 961.68305264025696
56 46 961.13416836870272
56 47 960.8963679372406
56 48 960.40798881491548
56 49 960.20234458959396
56 50 959.77583719613403
56 51 959.60123664912169
56 52 959.23777576035059
56 53 959.09322448255455
56 54 958.79379713094954
56 55 958.67843788124389
56 56 958.44384688134164
56 57 958.35697527124262
56 58 958.18784537730642
56 59 958.12893358997201
56 60 958.02568310222739
56 61 957.99413134794065
56 62 957.95704961144088
56 63 957.95704961144088
57 0 1000
57 1 998.67395670628241
57 2 997.32419184190417
57 3 996.01965682697914
57 4 994.65239192453248
57 5 993.37394380994078
57 6 991.99495534220205
57 7 990.74723695984824
57 8 989.36204484698953
57 9 988.14910455172344
57 10 986.7632069476191
57 11 985.58866558643297
57 12 984.20751378174725
57 13 983.07454287729706
57 14 981.70350351874856
57 15 980.61481624402427
57 16 979.25913588338528
57 17 978.21698654240026
57 18 976.8817617881798
57 19 975.88795394596559
57 20 974.5781064094399
57 21 973.63400855543739
57 22 972.35426427415518
57 23 971.46083202614579
57 24 970.21570497113885
57 25 969.3735087769644
57 26 968.16728805340335
57 27 967.37654536083858
57 28 966.2132857216767
57 29 965.47389661735804
57 30 964.35741192334456
57 31 963.66899728945566
57 32 962.60285656476867
57 33 961.9647978631665
57 34 960.95232361217984
57 35 960.36380347643831
57 36 959.4080719428315
57 37 958.86811483611552
57 38 957.97195790015974
57 39 957.47947017804074
57 40 956.64547860133098
57 41 956.19928740095054
57 42 955.42981514027986
57 43 955.02870559835469
57 44 954.32587492224161
57 45 953.96862530222586
57 46 953.33433245531785
57 47 953.0197468369289
57 48 952.45566800972961
57 49 952.18260626069332
57 50 951.6902036354046
57 51 951.45760844446545
57 52 951.03813610219959
57 53 950.84505690704111
57 54 950.49956641415338
57 55 950.34518008828275
57 56 950.07452532327125
57 57 949.95815320469455
57 58 949.76299827193282
57 59 949.68413341479231
57 60 949.56491850019461
57 61 949.5229225652771
57 62 949.47995842498051
57 63 949.47995842498051
58 0 1000
58 1 998.44349078671269
58 2 996.86313135035596
58 3 995.32896843133392
58 4 993.73170241709795
58 5 992.22514384393457
58 6 990.6174782478281
58 7 989.14387928620761
58 8 987.53204824318095
58 9 986.09614192014976
58 10 984.48633912919684
58 11 983.09240563359936
58 12 981.49075605480584
58 13 980.14259728616162
58 14 978.55511581926703
58 15 977.25604347539695
58 16 975.68859651845537
58 17 974.44142933445596
58 18 972.89970254904608
58 19 971.70677281235544
58 20 970.1962442423029
58 21 969.05941242383028
58 22 967.58533061836454
58 23 966.50600708446621
58 24 965.07337379699993
58 25 964.05254651460905
58 26 962.66610354950024
58 27 961.70437070734988
58 28 960.3685904942763
58 29 959.46619699154542
58 30 958.18527647873645
58 31 957.34215327869094
58 32 956.12001075036335
58 33 955.33581615662263
58 34 954.17609059494021
58 35 953.45025257848613
58 36 952.35630520524671
58 37 951.6880639879995
58 38 950.66298163553824
58 39 950.05143181831465
58 40 949.09803179267226
58 41 948.54216339894015
58 42 947.66299951135295
58 43 947.16173740100612
58 44 946.3591068566177
58 45 945.9113480439762
58 46 945.18729888985888
58 47 944.79194737549551
58 48 944.1482862241902
58 49 943.80428501966549
58 50 943.24258478009267
58 51 942.94894486693568
58 52 942.47055223152768
58 53 942.22637825398044
58 54 941.83242072876374
58 55 941.63693325187842
58 56 941.32832521328987
58 57 941.18087903481455
58 58 940.95833137142301
58 59 940.85844638675121
58 60 940.72242621527982
58 61 940.66942678772864
58 62 940.62026985877867
58 63 940.62026985877867
59 0 1000
59 1 998.20400953607952
59 2 996.38403069132312
59 3 994.61124909976411
59 4 992.77496453296897
59 5 991.03134072363389
59 6 989.18599849528186
59 7 987.47761081962221
59 8 985.63017133025744
59 9 983.96244993919152
59 10 982.11981641827754
59 11 980.49771489010004
59 12 978.66670178270567
59 13 977.09466794779723
59 14 975.28195596500677
59 15 973.76391706170125
59 16 971.97601168266408
59 17 970.51536928769315
59 18 968.75856602719273
59 19 967.35820084538352
59 20 965.63855638915913
59 21 964.30084170255157
59 22 962.62415053604059
59 23 961.35097324247738
59 24 959.72274931773154
59 25 958.5155374343143
59 26 956.94100041854108
59 27 955.80075593306844
59 28 954.28482158638894
59 29 953.21215756548247
59 30 951.75943180414924
59 31 950.7546127106732
59 32 949.36938892347302
59 33 948.43237315415797
59 34 947.1186323524953
59 35 946.24911607598779
59 36 945.0105294712954
59 37 944.20799092397851
59 38 943.04792453913126
59 39 942.31166801803113
59 40 941.23318895223917
59 41 940.56238782844105
59 42 939.56827180787707
59 43 938.9620099677303
59 44 938.05474982726253
59 45 937.51206103014226
59 46 936.6938757855645
59 47 936.21378050434589
59 48 935.4866246899561
59 49 935.06816407222379
59 50 934.43373703610644
59 51 934.07600368908322
59 52 933.53575855759527
59 53 933.23792392127427
59 54 932.79307598730031
59 55 932.55441409315745
59 56 932.20594802845369
59 57 932.02585502975046
59 58 931.77453622520761
59 59 931.6525649378691
59 60 931.4988926343085
59 61 931.43433144936932
59 62 931.37867011281025
59 63 931.37867011281025
60 0 1000
60 1 997.95779887981666
60 2 995.89145926936033
60 3 993.8733484054577
60 4 991.79130434247543
60 5 989.80392535757744
60 6 987.7141676120325
60 7 985.76432402560704
60 8 983.67454377412412
60 9 981.76836761637662
60 10 979.68618440593309
60 11 977.82930934595004
60 12 975.7622359142772
60 13 973.95976428564279
60 14 971.91515796413807
60 15 970.17164300823754
60 16 968.15666115986699
60 17 966.47609962177546
60 18 964.4976623428297
60 19 962.88349745191192
60 20 960.94825660178651
60 21 959.4033902055611
60 22 957.51770437351445
60 23 956.0445171290412
60 24 954.21443206524646
60 25 952.81481053526352
60 26 951.04604456919878
60 27 949.72141407452011
60 28 948.01934804419318
60 29 946.77071014600926
60 30 945.14038136648992
60 31 943.96835489305545
60 32 942.41445470088979
60 33 941.31931928882864
60 34 939.84619370869711
60 35 938.82793489649441
60 36 937.43958798707877
60 37 936.49794297405094
60 38 935.19804242106363
60 39 934.33254568624818
60 40 933.1244302218729
60 41 932.33445828116407
60 42 931.22114652098287
60 43 930.50596118503074
60 44 929.49016148628914
60 45 928.84895106407726
60 46 927.93307202340566
60 47 927.36498999523815
60 48 926.55115122027894
60 49 926.05535197772303
60 50 925.34539478606291
60 51 924.92106610367989
60 52 924.31656382345454
60 53 923.96295579178877
60 54 923.46522338683531
60 55 923.18167356879655
60 56 922.79177589567917
60 57 922.57772998096186
60 58 922.29649483303376
60 59 922.15154502927953
60 60 921.97950866889687
60 61 921.9029067464769
60 62 921.84046630507544
60 63 921.84046630507544
61 0 1000
61 1 997.70895927183824
61 2 995.39360696234212
61 3 993.12754105428758
61 4 990.79704587662172
61 5 988.5632544847449
61 6 986.22631832334923
61 7 984.03230211172104
61 8 981.69732198560246
61 9 979.54989133222682
61 10 977.22518214923048
61 11 975.13063102267211
61 12 972.82438710910367
61 13 970.78845678406014
61 14 968.50870011789016
61 15 966.53655895562781
61 16 964.29109191069153
61 17 962.38732593308737
61 18 960.18369164269848
61 19 958.35230588289824
61 20 956.19775525953833
61 21 954.44218463333709
61 22 952.34364964300573
61 23 950.6667782258404
61 24 948.63085093413065
61 25 947.03503847010552
61 26 945.06795537089886
61 27 943.55506984221859
61 28 941.66270097778818
61 29 940.23415608275513
61 30 938.42199846647065
61 31 937.07879489297522
61 32 935.35196975146812
61 33 934.09473918697165
61 34 932.45799254620181
61 35 931.28704343126446
61 36 929.74474957961127
61 37 928.66011368687168
61 38 927.21628105773755
61 39 926.21776005894787
61 40 924.87603908539791
61 41 923.96325035294149
61 42 922.726942857842
61 43 921.89936383169356
61 44 920.77143352910218
61 45 920.0284440633061
61 46 919.01152776108279
61 47 918.35244994371897
61 48 917.44886905403735
61 49 916.87300406987993
61 50 916.08477605407825
61 51 915.59143772808193
61 52 914.92028712428873
61 53 914.50883185113128
61 54 913.95620058681538
61 55 913.62605338290132
61 56 913.19310958567974
61 57 912.94378542388131
61 58 912.63143789997127
61 59 912.46258403485285
61 60 912.27141845347137
61 61 912.1822517369427
61 62 912.1127065553984
61 63 912.1127065553984
62 0 1000
62 1 997.43582512421131
62 2 994.84715581159367
62 3 992.30893952571398
62 4 989.7057706043837
62 5 987.20154717199318
62 6 984.59337079755267
62 7 982.13141704966722
62 8 979.52741865932171
62 9 977.11530243433197
62 10 974.52457382058469
62 11 972.1693262363317
62 12 969.60082299760825
62 13 967.30889836050403
62 14 964.77138427430361
62 15 962.54863676818627
62 16 960.05063310836624
62 17 957.90230472905762
62 18 955.45204758408784
62 19 953.38276729491633
62 20 950.98817193285697
62 21 949.00196478523003
62 22 946.670596676797
62 23 944.77090177805519
62 24 942.50995380248446
62 25 940.69964994877921
62 26 938.51592529463358
62 27 936.79736308212989
62 28 934.69726334625273
62 29 933.0723025875086
62 30 931.06182057087858
62 31 929.53187187620654
62 32 927.61658857447344
62 33 926.1826580068921
62 34 924.36774329467653
62 35 923.03047906848542
62 36 921.32069557943544
62 37 920.08043584339703
62 38 918.48014555223585
62 39 917.33696637591584
62 40 915.85013939436453
62 41 914.80390215770001
62 42 913.43412726357803
62 43 912.48452473281566
62 44 911.23502116133261
62 45 910.3816216170103
62 46 909.25525165589056
62 47 908.49754051869866
62 48 907.49682246495138
62 49 906.83424094167242
62 50 905.96136199809507
62 51 905.3933423406387
62 52 904.65017105354025
62 53 904.17616809420372
62 54 903.56426599276824
62 55 903.18378465140484
62 56 902.70441620868939
62 57 902.4170340201623
62 58 902.07118286473894
62 59 901.87659608271872
62 60 901.66489414400178
62 61 901.5622899710803
62 62 901.48521205553334
62 63 901.48521205553334
63 0 1000
63 1 0
63 2 0
63 3 0
63 4 0
63 5 0
63 6 0
63 7 0
63 8 0
63 9 0
63 10 0
63 11 0
63 12 0
63 13 0
63 14 0
63 15 0
63 16 0
63 17 0
63 18 0
63 19 0
63 20 0
63 21 0
63 22 0
63 23 0
63 24 0
63 25 0
63 26 0
63 27 0
63 28 0
63 29 0
63 30 0
63 31 0
63 32 0
63 33 0
63 34 0
63 35 0
63 36 0
63 37 0
63 38 0
63 39 0
63 40 0
63 41 0
63 42 0
63 43 0
63 44 0
63 45 0
63 46 0
63 47 0
63 48 0
63 49 0
63 50 0
63 51 0
63 52 0
63 53 0
63 54 0
63 55 0
63 56 0
63 57 0
63 58 0
63 59 0
63 60 0
63 61 0
63 62 0
63 63 0
