0 0 1000
0 1 0
0 2 0
0 3 0
0 4 0
0 5 0
0 6 0
0 7 0
0 8 0
0 9 0
0 10 0
0 11 0
0 12 0
0 13 0
0 14 0
0 15 0
0 16 0
0 17 0
0 18 0
0 19 0
0 20 0
0 21 0
0 22 0
0 23 0
0 24 0
0 25 0
0 26 0
0 27 0
0 28 0
0 29 0
0 30 0
0 31 0
0 32 0
0 33 0
0 34 0
0 35 0
0 36 0
0 37 0
0 38 0
0 39 0
0 40 0
0 41 0
0 42 0
0 43 0
0 44 0
0 45 0
0 46 0
0 47 0
0 48 0
0 49 0
0 50 0
0 51 0
0 52 0
0 53 0
0 54 0
0 55 0
0 56 0
0 57 0
0 58 0
0 59 0
0 60 0
0 61 0
0 62 0
0 63 0
1 0 1000
1 1 997.23353857647999
1 2 994.49457310372748
1 3 991.71814246959093
1 4 989.01361495859544
1 5 986.23553719775794
1 6 983.57325880766734
1 7 980.80234958025756
1 8 978.19000713955541
1 9 975.43512858401198
1 10 972.87993220353076
1 11 970.14983521393128
1 12 967.65847415336532
1 13 964.96174660976385
1 14 962.54036320983403
1 15 959.88538476113763
1 16 957.53956063241662
1 17 954.93446372315782
1 18 952.66921480273095
1 19 950.12185106793038
1 20 947.94163124520981
1 21 945.45954324480829
1 22 943.36825576926537
1 23 940.9586537817554
1 24 938.95966962138903
1 25 936.62941319853371
1 26 934.72559546603873
1 27 932.48117941145961
1 28 930.67491294826129
1 29 928.52245735864517
1 30 926.81568256145113
1 31 924.76092655243974
1 32 923.15517653863481
1 33 921.20347526664011
1 34 919.69991550082068
1 35 917.85624008571278
1 36 916.45570962715885
1 37 914.72464957813816
1 38 913.42770315555777
1 39 911.81347090306963
1 40 910.62042107621801
1 41 909.1268582162545
1 42 908.03781694193617
1 43 906.66840180548809
1 44 905.68332078613935
1 45 904.44117695602517
1 46 903.55988621092035
1 47 902.44779162093266
1 48 901.67003578170738
1 49 900.69043204924162
1 50 900.01590394180414
1 51 899.17090560488828
1 52 898.59927673712571
1 53 897.89068009377297
1 54 897.4216277509679
1 55 896.85091901991302
1 56 896.48414919785046
1 57 896.05251095257461
1 58 895.78778499521343
1 59 895.49613088228273
1 60 895.33320104649113
1 61 895.18150349893199
1 62 895.12032046741456
1 63 895.12032046741456
2 0 1000
2 1 997.50641356071674
2 2 995.03968560542489
2 3 992.53581719000385
2 4 990.10223466846992
2 5 987.59568794765789
2 6 985.20230328675473
2 7 982.70111994285458
2 8 980.35487271861791
2 9 977.86715319420921
2 10 975.57452400251225
2 11 973.10826956916185
2 12 970.87523808704532
2 13 968.4383024075305
2 14 966.27032418499732
2 15 963.87037126006203
2 16 961.77236646839049
2 17 959.41683458059367
2 18 957.3931852971383
2 19 955.08925603063938
2 20 953.14381173734284
2 21 950.89838402124826
2 22 949.03447452257274
2 23 946.85414340428497
2 24 945.0745983343528
2 25 942.96563817842571
2 26 941.27281222180727
2 27 939.24116399696197
2 28 937.63696692655515
2 29 935.6882292253872
2 30 934.17415986057949
2 31 932.31358328545195
2 32 930.89076649021069
2 33 929.12325103333114
2 34 927.79247690405691
2 35 926.12257194836559
2 36 924.88433638249296
2 37 923.31624295180018
2 38 922.17078883767783
2 39 920.7083637288913
2 40 919.65572205308479
2 41 918.30248349006899
2 42 917.34251371778191
2 43 916.10164817528698
2 44 915.23407732122507
2 45 914.10844717849091
2 46 913.33290704754529
2 47 912.32505874477908
2 48 911.64112088304535
2 49 910.75329327022462
2 50 910.1605012260336
2 51 909.39463381243365
2 52 908.89253236258207
2 53 908.25027320031029
2 54 907.83843427368481
2 55 907.32114722846734
2 56 906.99919183789643
2 57 906.6079623021003
2 58 906.37558556316299
2 59 906.11125169786328
2 60 905.96816540509406
2 61 905.83071116559609
2 62 905.77683072327079
2 63 905.77683072327079
3 0 1000
3 1 997.75478446829709
3 2 995.53583008104965
3 3 993.28002936167047
3 4 991.09304040706206
3 5 988.83363229944769
3 6 986.68498463916114
3 7 984.42931675729596
3 8 982.32527963901794
3 9 980.08077004514837
3 10 978.02717031397617
3 11 975.80114898715954
3 12 973.80333051968091
3 13 971.60299345912483
3 14 969.66579615869182
3 15 967.49816579733226
3 16 965.62591632124929
3 17 963.49780774637384
3 18 961.69431849871137
3 19 959.61231051206801
3 20 957.88088655840568
3 21 955.85129751000818
3 22 954.19475062240588
3 23 952.22361872394674
3 24 950.64428773607335
3 25 948.73735555404426
3 26 947.23713216550482
3 27 945.39983496496359
3 28 943.98019411607743
3 29 942.21765171078141
3 30 940.87968565131212
3 31 939.19669740736947
3 32 937.94115260112221
3 33 936.34219523794354
3 34 935.16951127685786
3 35 933.65873910964081
3 36 932.56908885325458
3 37 931.15033612455761
3 38 930.14366633098768
3 39 928.82045128455604
3 40 927.89652305509128
3 41 926.672053412683
3 42 925.83048183162373
3 43 924.70766134302175
3 44 923.94795375566412
3 45 922.9293895034333
3 46 922.25098193646159
3 47 921.33899209043284
3 48 920.74128337910543
3 49 919.937905111296
3 50 919.42028835564065
3 51 918.72728564438114
3 52 918.28917667060159
3 53 917.70804774553108
3 54 917.34891031974394
3 55 916.88089451987173
3 56 916.60026170970025
3 57 916.24634490993981
3 58 916.0438426233876
3 59 915.80478474868801
3 60 915.68008343848965
3 61 915.55588741811198
3 62 915.50886514066156
3 63 915.50886514066156
4 0 1000
4 1 998.00099039829047
4 2 996.02766072697773
4 3 994.0177286001524
4 4 992.07515410330564
4 5 990.06062173754594
4 6 988.15448116817367
4 7 986.1419820670119
4 8 984.27785386130176
4 9 982.27410468558446
4 10 980.45714381489677
4 11 978.46878755679938
4 12 976.70368736801879
4 13 974.73725052640975
4 14 973.02822435720191
4 15 971.09008017228814
4 16 969.44085437128035
4 17 967.53719157372359
4 18 965.95100641521788
4 19 964.08780247371556
4 20 962.56742059913267
4 21 960.75041938573645
4 22 959.29814098329575
4 23 957.53283456426743
4 24 956.15051848032431
4 25 954.44213274181038
4 26 953.13122268272639
4 27 951.4847064767747
4 28 950.2462614471292
4 29 948.66627893264263
4 30 947.50100706158537
4 31 945.9919329098941
4 32 944.90022783888105
4 33 943.46614497334497
4 34 942.44812401260538
4 35 941.09282355473954
4 36 940.14836685988666
4 37 938.87534995995168
4 38 938.00414003165622
4 39 936.81662126891797
4 40 936.01818213522188
4 41 934.9190941817991
4 42 934.19282968234461
4 43 933.18482893463568
4 44 932.53005958699543
4 45 931.61553248013615
4 46 931.03153046893124
4 47 930.21260020272143
4 48 929.69862209098619
4 49 928.97715551046019
4 50 928.5324723286858
4 51 927.91008671904956
4 52 927.53401113909865
4 53 927.01208071491965
4 54 926.70399108052845
4 55 926.28365296852905
4 56 926.04301365938784
4 57 925.72517262560746
4 58 925.55155590143966
4 59 925.33690827458145
4 60 925.22995354955913
4 61 925.11852283901737
4 62 925.07807933124695
4 63 925.07807933124695
5 0 1000
5 1 998.24085553464454
5 2 996.50682642603533
5 3 994.7364130277258
5 4 993.03193301572458
5 5 991.25591541030167
5 6 989.58597175804425
5 7 987.81027679089902
5 8 986.17976369026394
5 9 984.41041431069948
5 10 982.82382221881528
5 11 981.06678347280308
5 12 979.52816397980598
5 13 977.78930351292047
5 14 976.30225369891207
5 15 974.58730785641762
5 16 973.15496561734642
5 17 971.4695106935801
5 18 970.09455753569671
5 19 968.44398513306135
5 20 967.12865605506875
5 21 965.51815246386809
5 22 964.26425214783342
5 23 962.69878146296287
5 24 961.50770598713893
5 25 959.99199668635367
5 26 958.8647599448442
5 27 957.4032946348874
5 28 956.34055864056165
5 29 954.9375666705613
5 30 953.93967492704655
5 31 952.59912756692199
5 32 951.66614071953109
5 33 950.3917486035449
5 34 949.52348161499276
5 35 948.31869415573954
5 36 947.5147542978267
5 37 946.38276078300134
5 38 945.6425857876236
5 39 944.58631788024718
5 40 943.90921364987707
5 41 942.93134902197903
5 42 942.31652635908529
5 43 941.41949319900982
5 44 940.86610307391356
5 45 940.05208521849852
5 46 939.55925215434013
5 47 938.83019460933201
5 48 938.39704781981595
5 49 937.75466244524864
5 50 937.38036441460599
5 51 936.82613556657213
5 52 936.50990781037262
5 53 936.04509774791336
5 54 935.78624355184968
5 55 935.41189743519465
5 56 935.20982112205445
5 57 934.92677094508304
5 58 934.78099805749514
5 59 934.58988320817446
5 60 934.50002649875069
5 61 934.40089092444168
5 62 934.36677447856709
5 63 934.36677447856709
6 0 1000
6 1 998.47200218895819
6 2 996.96857169184341
6 3 995.42895326994346
6 4 993.95388181862324
6 5 992.40765597054724
6 6 990.96525168308085
6 7 989.41765244986436
6 8 988.01213917310326
6 9 986.46851051113549
6 10 985.10372884621836
6 11 983.56937377607517
6 12 982.2487492938825
6 13 980.7288939227733
6 14 979.45542437235304
6 15 977.95518688867787
6 16 976.73143982456554
6 17 975.25580419409334
6 18 974.0839215891757
6 19 972.63771492319574
6 20 971.51942439005325
6 21 970.1072978991931
6 22 969.04392975850226
6 23 967.67034302388186
6 24 966.66285245922336
6 25 965.33206076779243
6 26 964.38105428389622
6 27 963.09709876134934
6 28 962.20286415848216
6 29 960.96956442993599
6 30 960.13210351956684
6 31 958.95305262930754
6 32 958.17211594231867
6 33 957.05067726841105
6 34 956.32580004446186
6 35 955.26510595066577
6 36 954.59564474331705
6 37 953.59859671875529
6 38 952.98376600324184
6 39 952.05303604905362
6 40 951.4919442759267
6 41 950.62997730743257
6 42 950.12166190368498
6 43 949.330678946278
6 44 948.8741398242222
6 45 948.15614179136253
6 46 947.7503729829167
6 47 947.10714483536742
6 48 946.75116392423104
6 49 946.18427902126382
6 50 945.87715409670966
6 51 945.38797856253541
6 52 945.1288524649342
6 53 944.71854940789319
6 54 944.50666108869848
6 55 944.17619452632107
6 56 944.01089714388331
6 57 943.76103506907953
6 58 943.64181450154581
6 59 943.47314617293534
6 60 943.3995933155486
6 61 943.31218497877887
6 62 943.28410206618082
6 63 943.28410206618082
7 0 1000
7 1 998.6943710487576
7 2 997.41277715988758
7 3 996.09517225426873
7 4 994.84076381846762
7 5 993.51555225320226
7 6 992.29197096010489
7 7 990.96370851215397
7 8 989.7745220593248
7 9 988.44788923177509
7 10 987.29630349134789
7 11 985.97595794494168
7 12 984.86478864366029
7 13 983.55533283502837
7 14 982.48699569428697
7 15 981.19294879017696
7 16 980.16945945007319
7 17 978.89523342168525
7 18 977.91821381055013
7 19 976.66809271518491
7 20 975.73878350828375
7 21 974.51690588578924
7 22 973.63618431810471
7 23 972.44652845699818
7 24 971.61493076232512
7 25 970.4613026108924
7 26 969.67905034238072
7 27 968.56507383111614
7 28 967.83210331783926
7 29 966.7612128596071
7 30 966.07720706872112
7 31 965.05264200646491
7 32 964.41706410826896
7 33 963.44186488615139
7 34 962.85399285749349
7 35 961.93099869894331
7 36 961.38996034653292
7 37 960.52180823105437
7 38 960.02661606803235
7 39 959.21574080730568
7 40 958.76532627174754
7 41 958.01396149427171
7 42 957.60720805522328
7 43 956.91738791744717
7 44 956.55316267087187
7 45 955.92672412153127
7 46 955.6039075337045
7 47 955.04249296708929
7 48 954.760006475257
7 49 954.26506661860105
7 50 954.02189784712152
7 51 953.59469473740182
7 52 953.38992013098016
7 53 953.03153004758462
7 54 952.86433477014089
7 55 952.57565100381919
7 56 952.44534579407764
7 57 952.22708077843424
7 58 952.13311877772458
7 59 951.98581818808361
7 60 951.92777312795192
7 61 951.85152709932686
7 62 951.82918260191025
7 63 951.82918260191025
8 0 1000
8 1 998.9081456337251
8 2 997.8398102848447
8 3 996.73562089054133
8 4 995.6933169250982
8 5 994.58052654414951
8 6 993.56724314009182
8 7 992.44974440212434
8 8 991.46840829331256
8 9 990.35023434834727
8 10 989.40343267587878
8 11 988.28861300946062
8 12 987.37856848969329
8 13 986.27110018832298
8 14 985.39966421193208
8 15 984.30348679035569
8 16 983.47214162304681
8 17 982.39111545379103
8 18 981.60098229641255
8 19 980.53886970013116
8 20 979.7907222849675
8 21 978.75117123322298
8 22 978.04545425609842
8 23 977.03198447232273
8 24 976.36883617197861
8 25 975.38482744072576
8 26 974.76410562421995
8 27 973.81278811376535
8 28 973.23409892930317
8 29 972.31854533536477
8 30 971.78127411101821
8 31 970.90439343460264
8 32 970.40773693018389
8 33 969.57226970960721
8 34 969.11526916735158
8 35 968.32378399240918
8 36 967.90535841778399
8 37 967.16024956218644
8 38 966.77922871688429
8 39 966.08271473303091
8 40 965.73787137598868
8 41 965.09199450371375
8 42 964.78207547095406
8 43 964.18870171905269
8 44 963.91245748759866
8 45 963.37327725383784
8 46 963.12948968748879
8 47 962.64601878964459
8 48 962.43352681380429
8 49 962.00710781128089
8 50 961.82483080935253
8 51 961.45663450235656
8 52 961.30359326646192
8 53 960.99462026771891
8 54 960.8699553779993
8 55 960.62103766444284
8 56 960.52402505491932
8 57 960.33582711278711
8 58 960.26589321456595
8 59 960.13892303775913
8 60 960.09562842403557
8 61 960.03000116574606
8 62 960.01311372435521
8 63 960.01311372435521
9 0 1000
9 1 999.11335596465449
9 2 998.24973097036207
9 3 997.3503912837233
9 4 996.51166376135211
9 5 995.60273765833574
9 6 994.79125931579779
9 7 993.87599281101438
9 8 993.09406545873674
9 9 992.17586162719442
9 10 991.42547047094456
9 11 990.50774880275526
9 12 989.79054109232459
9 13 988.87671234826564
9 14 988.19399342037195
9 15 987.28743733884573
9 16 986.64017505327774
9 17 985.74422104383552
9 18 985.13305545704736
9 19 984.2509653952992
9 20 983.6762233885313
9 21 982.81117649580835
9 22 982.27289069950382
9 23 981.42797033071008
9 24 980.92590170205824
9 25 980.10408389234624
9 26 979.63774729363502
9 27 978.84189091271321
9 28 978.41058304346882
9 29 977.6434214112171
9 30 977.24625046564881
9 31 976.51038428917298
9 32 976.14630073975661
9 33 975.44419223947932
9 34 975.11202018556014
9 35 974.44598828561607
9 36 974.14445685051965
9 37 973.51667331605881
9 38 973.24444762531948
9 39 972.65693403598539
9 40 972.41264536098288
9 41 971.86727081572383
9 42 971.64954551948472
9 43 971.14802497302287
9 44 970.95551194662278
9 45 970.49940508251007
9 46 970.3308014100287
9 47 969.92151195952965
9 48 969.77558659571582
9 49 969.41436201604483
9 50 969.28997730285755
9 51 968.9779087328435
9 52 968.87403961799248
9 53 968.6120620340713
9 54 968.52781289091831
9 55 968.31670539710478
9 56 968.25132426689129
9 57 968.09171021442944
9 58 968.04460227556524
9 59 967.93695725611997
9 60 967.90767352349769
9 61 967.85213854062215
9 62 967.84043380041032
9 63 967.84043380041032
10 0 1000
10 1 999.30998261877642
10 2 998.64250088678762
10 3 997.93942579879956
10 4 997.29573110671311
10 5 996.58209443449141
10 6 995.9639175528755
10 7 995.2423362086131
10 8 994.65137140586103
10 9 993.92463656397183
10 10 993.36228503773464
10 11 992.63322518127302
10 12 992.10057717425184
10 13 991.37203648163859
10 14 990.86987022881931
10 15 990.14468910205187
10 16 989.67347744771098
10 17 988.95447538437395
10 18 988.51439699017476
10 19 987.80435697132646
10 20 987.39531187600539
10 21 986.69696629035298
10 22 986.31859521057356
10 23 985.63461318215457
10 24 985.28631996191825
10 25 984.61929597780306
10 26 984.30027258758116
10 27 983.65271632294264
10 28 983.36196981705064
10 29 982.73629706138877
10 30 982.47267792162188
10 31 981.87120251703197
10 32 981.63343383985762
10 33 981.05836054953477
10 34 980.84506757128065
10 35 980.29848580327211
10 36 980.10822530078292
10 37 979.5921036179252
10 38 979.42339276912139
10 39 978.93957412091311
10 40 978.79091845877883
10 41 978.34111607462307
10 42 978.21103621769612
10 43 977.79683010361964
10 44 977.68388699455761
10 45 977.30672097741342
10 46 977.2095394073815
10 47 976.87071867197915
10 48 976.78800891136086
10 49 976.48869797724922
10 50 976.41927537168476
10 51 976.16049645781811
10 52 976.10329888214153
10 53 975.885930609208
10 54 975.84003370290964
10 55 975.66481009185918
10 56 975.62944015589608
10 57 975.49694969531492
10 58 975.47149550590632
10 59 975.38218624203171
10 60 975.36619243234395
10 61 975.32023186721653
10 62 975.31344247764321
10 63 975.31344247764321
11 0 1000
11 1 999.49800997451769
11 2 999.01808883174942
11 3 998.50267986546248
11 4 998.04545952597323
11 5 997.51852808686306
11 6 997.08513608392525
11 7 996.54868896491382
11 8 996.14023036316337
11 9 995.59646623729839
11 10 995.21377701141773
11 11 994.66495334621709
11 12 994.30858593978644
11 13 993.75700084181017
11 14 993.42722595999749
11 15 992.87520145176154
11 16 992.57201678774334
11 17 992.02188376738968
11 18 991.7450266559664
11 19 991.19911076961068
11 20 990.94807457360366
11 21 990.40868306119592
11 22 990.18273673253577
11 23 989.65214616298579
11 24 989.4503564410561
11 25 988.93080128346651
11 26 988.75205698951561
11 27 988.24571897033638
11 28 988.08875686566728
11 29 987.59775506908477
11 30 987.46118676463993
11 31 986.98756844072784
11 32 986.86990787436275
11 33 986.41563992611577
11 34 986.31533095955535
11 35 985.88229208535211
11 36 985.79773581371057
11 37 985.3877092857532
11 38 985.31729069678488
11 39 984.93195775852189
11 40 984.8740714247856
11 41 984.51500529135058
11 42 984.46807982463895
11 43 984.13674027011052
11 44 984.09926131244845
11 45 983.79698982659056
11 46 983.76752139459916
11 47 983.49553689002028
11 48 983.47274092850841
11 49 983.2321359772468
11 50 983.21479001270689
11 51 983.00652758956869
11 52 982.99354040432388
11 53 982.81845111250368
11 54 982.80887638614399
11 55 982.66765614706617
11 56 982.66070399956402
11 57 982.55391205164688
11 58 982.54895923045444
11 59 982.4770204234627
11 60 982.47360802216167
11 61 982.43671674876668
11 62 982.43458020349931
11 63 982.43458020349931
12 0 1000
12 1 999.67742687882992
12 2 999.37647302988569
12 3 999.04012071024704
12 4 998.76080893086055
12 5 998.41198891555086
12 6 998.15486262900788
12 7 997.79499154980465
12 8 997.56058626363324
12 9 997.19129059078853
12 10 996.97989692708677
12 11 996.60288389195432
12 12 996.41453655349699
12 13 996.03157936505033
12 14 995.86606170391008
12 15 995.47898548587295
12 16 995.33584026077585
12 17 994.94650899635735
12 18 994.82505238349029
12 19 994.43535615732083
12 20 994.33469486621777
12 21 993.94653750735949
12 22 993.86558849930964
12 23 993.4808755937031
12 24 993.4183879239373
12 25 993.03901519738054
12 26 992.99359350071938
12 27 992.6214355782123
12 28 992.59156472785628
12 29 992.2284642831853
12 30 992.21253477215146
12 31 991.86029208839636
12 32 991.85662571068326
12 33 991.51698867766152
12 34 991.5238641199926
12 35 991.19851869815409
12 36 991.2141966914138
12 37 990.90475787324056
12 38 990.92750559388901
12 39 990.63550889348028
12 40 990.66362334774919
12 41 990.39051684717163
12 42 990.42234701329585
12 43 990.16948399076932
12 44 990.20345153558469
12 45 989.97208369603277
12 46 990.00670212086197
12 47 989.79797344421104
12 48 989.83186555013015
12 49 989.64680676740193
12 50 989.67872036100027
12 51 989.51824406323749
12 52 989.54706585045687
12 53 989.41196223029544
12 54 989.43672986673153
12 55 989.32766309624742
12 56 989.34757537884718
12 57 989.2650805357348
12 58 989.27950599970222
12 59 989.22398868041978
12 60 989.23246732987877
12 61 989.2041490108013
12 62 989.20640956061618
12 63 989.20640956061618
13 0 1000
13 1 999.84822168994765
13 2 999.71763034219612
13 3 999.55171580621845
13 4 999.44173603442903
13 5 999.26242817034233
13 6 999.17303954837303
13 7 998.98118619296542
13 8 998.91237525416079
13 9 998.70905213999174
13 10 998.6605848569543
13 11 998.44697069566598
13 12 998.4183848005506
13 13 998.1957497734561
13 14 998.18636201941638
13 15 997.95605627960481
13 16 997.96497513864074
13 17 997.72841763723363
13 18 997.75455857217207
13 19 997.51322556069772
13 20 997.55532877026519
13 21 997.31074212798114
13 22 997.36739232067532
13 23 997.12110773078518
13 24 997.19075551046319
13 25 996.9443505435014
13 26 997.02533499002425
13 27 996.78039715886507
13 28 996.8709691978147
13 29 996.62908405693236
13 30 996.72743023169346
13 31 996.49016959922312
13 32 996.59443588472504
13 33 996.36334626948303
13 34 996.47166159822962
13 35 996.24825291496609
13 36 996.3587521211681
13 37 996.14448677597136
13 38 996.25533270120263
13 39 996.05161512535676
13 40 996.16101966778967
13 41 995.9691863728126
13 42 996.07543030045201
13 43 995.89674051992927
13 44 995.99819190518781
13 45 995.83381888083329
13 46 995.92895004823413
13 47 995.77997300883465
13 48 995.86737591873998
13 49 995.73477279176598
13 50 995.81317281014003
13 51 995.69781369737757
13 52 995.76608172440717
13 53 995.66872316427509
13 54 995.72588611044375
13 55 995.64716615072336
13 56 995.69241579185814
13 57 995.63284984799077
13 58 995.66554987788595
13 59 995.62552778237819
13 60 995.64521925203951
13 61 995.62498952989563
13 62 995.63139611571455
13 63 995.63139611571455
14 0 1000
14 1 1000.0103819414343
14 2 1000.0415363418042
14 3 1000.0374284397625
14 4 1000.0881954067875
14 5 1000.0697895304944
14 6 1000.1396064008213
14 7 1000.10720389983
14 8 1000.1955300548119
14 9 1000.1496782598524
14 10 1000.2557767459509
14 11 1000.197148321864
14 12 1000.3200814555964
14 13 1000.2494660541738
14 14 1000.38810528572
14 15 1000.3064005052535
14 16 1000.4594409639237
14 17 1000.3676429448146
14 18 1000.5336198800865
14 19 1000.4328129541176
14 20 1000.6101200195156
14 21 1000.501465608429
14 22 1000.6883746040844
14 23 1000.5730994495228
14 24 1000.7677811699608
14 25 1000.6471650126629
14 26 1000.8477108485971
14 27 1000.7230736821057
14 28 1000.9275176360543
14 29 1000.8002066680832
14 30 1001.0065474619548
14 31 1000.8779239211573
14 32 1001.0841468979673
14 33 1000.9555728252861
14 34 1001.1596713756711
14 35 1001.0324965377245
14 36 1001.2324928136578
14 37 1001.1080418709505
14 38 1001.3020065827652
14 39 1001.1815666382597
14 40 1001.3676377655236
14 41 1001.2524464097147
14 42 1001.4288466905393
14 43 1001.3200806481617
14 44 1001.4851337440811
14 45 1001.3838982155055
14 46 1001.5360434792054
14 47 1001.4433622570126
14 48 1001.5811680571418
14 49 1001.4979744858094
14 50 1001.6201500662539
14 51 1001.547278900979
14 52 1001.6526847711092
14 53 1001.590864979634
14 54 1001.6785218429194
14 55 1001.6283703924523
14 56 1001.6974666879152
14 57 1001.6594833511605
14 58 1001.7093808130356
14 59 1001.6839427766224
14 60 1001.714185295063
14 61 1001.7015679116835
14 62 1001.7118755785299
14 63 1001.7118755785299
15 0 1000
15 1 1000.1638944512367
15 2 1000.3481648746857
15 3 1000.4972214894044
15 4 1000.7001377125308
15 5 1000.8340164866072
15 6 1001.0544963119447
15 7 1001.1729757462839
15 8 1001.4099741250236
15 9 1001.5130965778681
15 10 1001.7653961497924
15 11 1001.8533515800628
15 12 1002.1195614751584
15 13 1002.1926821342009
15 14 1002.4712503352463
15 15 1002.5300040724935
15 16 1002.8192337059683
15 17 1002.8642162240046
15 18 1003.1622830726374
15 19 1003.1942086179765
15 20 1003.4991798516146
15 21 1003.5188705849293
15 22 1003.828724387336
15 23 1003.8370985749206
15 24 1004.1497443782047
15 25 1004.1478035836445
15 26 1004.461102625889
15 27 1004.4499180892183
15 28 1004.7617040219513
15 29 1004.7424024208533
15 30 1005.0505017100213
15 31 1005.0242505005446
15 32 1005.3265023862816
15 33 1005.2944949194349
15 34 1005.5887707252375
15 35 1005.5522113309192
15 36 1005.8364329407443
15 37 1005.7965221621726
15 38 1006.0686795134623
15 39 1006.0265996640852
15 40 1006.2847671346859
15 41 1006.2416683361014
15 42 1006.4840199325065
15 43 1006.4410067768008
15 44 1006.6658300591461
15 45 1006.6239490229533
15 46 1006.8296577279033
15 47 1006.7898854490065
15 48 1006.9750307943772
15 49 1006.9382633053907
15 50 1007.1015439795
15 51 1007.0685869777562
15 52 1007.2088578319483
15 53 1007.180418049122
15 54 1007.2966975180796
15 55 1007.2733752484695
15 56 1007.3648516120878
15 57 1007.3471344884548
15 58 1007.4131699977954
15 59 1007.4014252829705
15 60 1007.4415681738733
15 61 1007.4360976282418
15 62 1007.4500656815543
15 63 1007.4500656815543
16 0 1000
16 1 1000.3087460353154
16 2 1000.6374900425017
16 3 1000.93105607383
16 4 1001.2775144854701
16 5 1001.5550489718838
16 6 1001.9176440201297
16 7 1002.1784271441804
16 8 1002.555633223796
16 9 1002.7992266240149
16 10 1003.1893694281906
16 11 1003.4155044095094
16 12 1003.8167628234589
16 13 1004.0253379504044
16 14 1004.4357588036216
16 15 1004.6268354299838
16 16 1005.0443514304538
16 17 1005.2181474973393
16 18 1005.6405957242781
16 19 1005.79747738436
16 20 1006.222618385914
16 21 1006.3630897468142
16 22 1006.7886269829082
16 23 1006.9133181724739
16 24 1007.3369175802517
16 25 1007.4465713748052
16 26 1007.8658808393956
16 27 1007.9613381050495
16 28 1008.3740066292489
16 29 1008.4561908327194
16 30 1008.8598872145866
16 31 1008.9297882608403
16 32 1009.3222191071651
16 33 1009.380876757237
16 34 1009.7598036826749
16 35 1009.8082907965918
16 36 1010.1715466821179
16 37 1010.210952519624
16 38 1010.5564567289852
16 39 1010.5878705254149
16 40 1010.9136430035857
16 41 1010.9381380204662
16 42 1011.2423122228564
16 43 1011.2609304534346
16 44 1011.5417650779498
16 45 1011.5555027675492
16 46 1011.8113922828203
16 47 1011.8211864034574
16 48 1012.0506703850039
16 49 1012.0573861836417
16 50 1012.2591574849018
16 51 1012.2635772058044
16 52 1012.4364890027855
16 53 1012.4393018654768
16 54 1012.5823736154537
16 55 1012.5841671223666
16 56 1012.6965895863395
16 57 1012.6978422998964
16 58 1012.778980297697
16 59 1012.7800519436396
16 60 1012.8294592650167
16 61 1012.8306774200458
16 62 1012.8480706088525
16 63 1012.8480706088525
17 0 1000
17 1 1000.4449232187364
17 2 1000.909485145581
17 3 1001.338894149662
17 4 1001.820275219386
17 5 1002.2328287357785
17 6 1002.728980600658
17 7 1003.1234862557072
17 8 1003.6324274710241
17 9 1004.0079914390492
17 10 1004.5276149532961
17 11 1004.8835347238357
17 12 1005.4116127424719
17 13 1005.7473774674698
17 14 1006.2815784740876
17 15 1006.5968665974481
17 16 1007.1347748214521
17 17 1007.4294493078519
17 18 1007.9685841023136
17 19 1008.2426848966592
17 20 1008.7805201226146
17 21 1009.0342541826253
17 22 1009.5682374031128
17 23 1009.8019665691228
17 24 1010.3295378963248
17 25 1010.5437649015684
17 26 1011.0623753469129
17 27 1011.2577282810506
17 28 1011.7648574684985
17 29 1011.9420730123144
17 30 1012.4352461285836
17 31 1012.5951518764017
17 32 1013.0719557479082
17 33 1013.2154519271725
17 34 1013.6735501315652
17 35 1013.8015910168911
17 36 1014.2387379566333
17 37 1014.3523132592931
17 38 1014.7663671451398
17 39 1014.8664836392397
17 40 1015.2554183519749
17 41 1015.343081976417
17 42 1015.704997795133
17 43 1015.7811964466958
17 44 1016.1143296505244
17 45 1016.1800168588858
17 46 1016.4827482257807
17 47 1016.5388278768175
17 48 1016.8096901171799
17 49 1016.8570023670896
17 50 1017.0946865412568
17 51 1017.1339950416715
17 52 1017.3373560185622
17 53 1017.3693365506135
17 54 1017.5373975622198
17 55 1017.5626281673445
17 56 1017.6945846413379
17 57 1017.7135374356167
17 58 1017.8087584491658
17 59 1017.8217876672401
17 60 1017.879833516217
17 61 1017.8872917892913
17 62 1017.9078786945502
17 63 1017.9078786945502
18 0 1000
18 1 1000.5724128253546
18 2 1001.1641242598746
18 3 1001.7206968339478
18 4 1002.3283712429401
18 5 1002.8672954874168
18 6 1003.4884400855253
18 7 1004.008077657264
18 8 1004.6402809253079
18 9 1005.139308549632
18 10 1005.7800557418177
18 11 1006.2573625836546
18 12 1006.9040434242603
18 13 1007.358734028692
18 14 1008.0086618767218
18 15 1008.4400557648578
18 16 1009.0904885069846
18 17 1009.4981167182
18 18 1010.1462769442759
18 19 1010.5298752312891
18 20 1011.1729698376278
18 21 1011.5324689064463
18 22 1012.1677079929062
18 23 1012.503221113016
18 24 1013.1278360824172
18 25 1013.4396444323354
18 26 1014.0509052082066
18 27 1014.339441331247
18 28 1014.934672619581
18 29 1015.2005023684587
18 30 1015.7770989005998
18 31 1016.0209022456174
18 32 1016.5763429523315
18 33 1016.7988940174515
18 34 1017.3307550984451
18 35 1017.5329017735169
18 36 1018.0388686418552
18 37 1018.2215120986286
18 38 1018.6993901951846
18 39 1018.8634646105792
18 40 1019.3111890993091
18 41 1019.4576418627271
18 42 1019.8732862326435
18 43 1020.0030588859348
18 44 1020.3848424995714
18 45 1020.4988526294948
18 46 1020.845147269862
18 47 1020.9442715444017
18 48 1021.2536070224411
18 49 1021.338665534843
18 50 1021.6097344267778
18 51 1021.681476485418
18 52 1021.9131380742277
18 53 1021.9722295510827
18 54 1022.1635130397052
18 55 1022.21052537735
18 56 1022.360632585336
18 57 1022.3960336924825
18 58 1022.5043392802841
18 59 1022.5284796487878
18 60 1022.5945511162183
18 61 1022.6078075155405
18 62 1022.6313615032991
18 63 1022.6313615032991
19 0 1000
19 1 1000.691201646943
19 2 1001.4013812396261
19 3 1002.0764267791036
19 4 1002.8017530210981
19 5 1003.4583918358995
19 6 1004.1959545893955
19 7 1004.8321300681058
19 8 1005.5791142753151
19 9 1006.1931006085516
19 10 1006.9466095539636
19 11 1007.5369137700975
19 12 1008.2939794577461
19 13 1008.8593467881012
19 14 1009.6169511142209
19 15 1010.1563664211028
19 16 1010.9114633777908
19 17 1011.4241488982349
19 18 1012.1736854566423
19 19 1012.6590946440978
19 20 1013.4000305099948
19 21 1013.8578384146531
19 22 1014.5871645843878
19 23 1015.0172551578669
19 24 1015.7320112472603
19 25 1016.1344619973546
19 26 1016.8317523242753
19 27 1017.2068167552666
19 28 1017.8838251654184
19 29 1018.231913441654
19 30 1018.8859168763095
19 31 1019.2075751402332
19 32 1019.835955954314
19 33 1020.1318447162681
19 34 1020.7321017654122
19 35 1021.0029737624947
19 36 1021.5727322884458
19 37 1021.8194101847596
19 38 1022.3564305393367
19 39 1022.5797848113042
19 40 1023.0819700700015
19 41 1023.2828973892468
19 42 1023.7482999157644
19 43 1023.9277023094893
19 44 1024.3545293417426
19 45 1024.5132943775704
19 46 1024.8999127135266
19 47 1025.0388949233852
19 48 1025.3838347909868
19 49 1025.503838517496
19 50 1025.8057967165937
19 51 1025.9075605364196
19 52 1026.1654029421754
19 53 1026.2495857924848
19 54 1026.462349299296
19 55 1026.5295184180334
19 56 1026.69641256206
19 57 1026.7470335116925
19 58 1026.8674395429698
19 59 1026.9018605326519
19 60 1026.9753536276944
19 61 1026.9939745056936
19 62 1027.0202723285026
19 63 1027.0202723285026
20 0 1000
20 1 1000.8012770426983
20 2 1001.6212311877154
20 3 1002.4060466764914
20 4 1003.2403737264159
20 5 1004.0060598112013
20 6 1004.8514603878692
20 7 1005.5955706325635
20 8 1006.4488536061929
20 9 1007.1692872635624
20 10 1008.0272004206411
20 11 1008.7221091531562
20 12 1009.5813520883479
20 13 1010.2491475775927
20 14 1011.106394735668
20 15 1011.7457518002966
20 16 1012.5976758786788
20 17 1013.2075313038597
20 18 1014.0508247617934
20 19 1014.6303716981099
20 20 1015.4617666106075
20 21 1016.0104450305398
20 22 1016.8267312754439
20 23 1017.3442149320964
20 24 1018.1422567447484
20 25 1018.6284371174499
20 26 1019.4051880561709
20 27 1019.860155777238
20 28 1020.6126721505919
20 29 1021.0366964080349
20 30 1021.7621492217097
20 31 1022.1556556234027
20 32 1022.8513411109132
20 33 1023.2148884783651
20 34 1023.8782372860252
20 35 1024.2124938218303
20 36 1024.8410789246936
20 37 1025.1467981684448
20 38 1025.7383416001255
20 39 1026.0163385544347
20 40 1026.5687170397359
20 41 1026.8198448123765
20 42 1027.331094397184
20 43 1027.5562216684555
20 44 1028.0245414460589
20 45 1028.2245310334222
20 46 1028.6482860699562
20 47 1028.8239748257613
20 48 1029.201698389435
20 49 1029.3538786329732
20 50 1029.6842738318633
20 51 1029.813676484855
20 52 1030.0956174164162
20 53 1030.2028969799003
20 54 1030.4354294814646
20 55 1030.5211509741769
20 56 1030.7034932360609
20 57 1030.7681213999936
20 58 1030.899661963922
20 59 1030.9435439266827
20 60 1031.0238659056663
20 61 1031.0474233988957
20 62 1031.0762459396019
20 63 1031.0762459396019
21 0 1000
21 1 1000.902626588978
21 2 1001.8236495317061
21 3 1002.7095213728714
21 4 1003.6441867802278
21 5 1004.5102452906831
21 6 1005.4548934970916
21 7 1006.2983318404971
21 8 1007.2494237952192
21 9 1008.0677946681203
21 10 1009.0217497265304
21 11 1009.8128767979375
21 12 1010.7660879492785
21 13 1011.5280755276395
21 14 1012.4769341589558
21 15 1013.2081718583264
21 16 1014.149092238974
21 17 1014.8482547843458
21 18 1015.7776961178733
21 19 1016.4437382225452
21 20 1017.3582245466571
21 21 1017.9903713950608
21 22 1018.8865093762677
21 23 1019.4842432135941
21 24 1020.3587379305048
21 25 1020.9217813001444
21 26 1021.7714501183988
21 27 1022.2997462976002
21 28 1023.1215309460474
21 29 1023.6152221288997
21 30 1024.4061990910955
21 31 1024.865602855924
21 32 1025.6229921940653
21 33 1026.0485767714626
21 34 1026.7697495021653
21 35 1027.162108331845
21 36 1027.8445924750251
21 37 1028.2044185061477
21 38 1028.8459039298716
21 39 1029.173964081991
21 40 1029.7723062675091
21 41 1030.0694164293279
21 42 1030.6226392814481
21 43 1030.8896401834818
21 44 1031.3959380117642
21 45 1031.6336722680073
21 46 1032.0914110636832
21 47 1032.3007016374963
21 48 1032.7084197692216
21 49 1032.8900500807558
21 50 1033.2464585290409
21 51 1033.4011543864401
21 52 1033.7051366320302
21 53 1033.8335501348877
21 54 1034.0841617992403
21 55 1034.1868573425729
21 56 1034.3833258627967
21 57 1034.4607685799199
21 58 1034.6024902165821
21 59 1034.6550271157614
21 60 1034.7415929847255
21 61 1034.7696663677862
21 62 1034.80079743891
21 63 1034.80079743891
22 0 1000
22 1 1000.9952386476372
22 2 1002.008613334901
22 3 1002.9868165309834
22 4 1004.0131490138978
22 5 1004.9708948782617
22 6 1006.006195044732
22 7 1006.9403464120045
22 8 1007.9807562433353
22 9 1008.8885482293066
22 10 1009.930186355036
22 11 1010.8091425117037
22 12 1011.8481215828542
22 13 1012.6960654262926
22 14 1013.7285184520094
22 15 1014.5435795283835
22 16 1015.5656853288398
22 17 1016.3462998829269
22 18 1017.3543056089471
22 19 1018.0992118615163
22 20 1019.0894529004597
22 21 1019.7976815106598
22 22 1020.7665988804897
22 23 1021.4374591485938
22 24 1022.3816145302253
22 25 1023.0146769351991
22 26 1023.930765502431
22 27 1024.5258411777888
22 28 1025.4107023895176
22 29 1025.967820137799
22 30 1026.8184466592891
22 31 1027.33782809072
22 32 1028.1513730105264
22 33 1028.6334063671286
22 34 1029.4071888747042
22 35 1029.8524020692221
22 36 1030.5839117558796
22 37 1030.9929451172086
22 38 1031.6798450603033
22 39 1032.0534242354022
22 40 1032.6935530224785
22 41 1033.032462440626
22 42 1033.623835286875
22 43 1033.9288925470235
22 44 1034.4697016555569
22 45 1034.7417331527804
22 46 1035.2303474627815
22 47 1035.4701655264578
22 48 1035.9051299889406
22 49 1036.1135117642978
22 50 1036.493546278773
22 51 1036.6712145455924
22 52 1036.9952126836315
22 53 1037.1428187696965
22 54 1037.4098463913244
22 55 1037.527955315808
22 56 1037.7372493792877
22 57 1037.8263275938202
22 58 1037.9772922562784
22 59 1038.0376873923485
22 60 1038.12992166461
22 61 1038.1620951645648
22 62 1038.1953220616329
22 63 1038.1953220616329
23 0 1000
23 1 1001.0791020197884
23 2 1002.1761004645809
23 3 1003.2379004632229
23 4 1004.3472184890065
23 5 1005.3879597577802
23 6 1006.5053073693527
23 7 1007.5215533182345
23 8 1008.6427830677973
23 9 1009.6314808690373
23 10 1010.7524388721964
23 11 1011.7108403389828
23 12 1012.8273855926234
23 13 1013.7530603666897
23 14 1014.8610925020284
23 15 1015.7519353724097
23 16 1016.8474209588015
23 17 1017.7016532869203
23 18 1018.7806487434148
23 19 1019.5968140720711
23 20 1020.6554855409738
23 21 1021.4324400027978
23 22 1022.4670803391729
23 23 1023.203978470384
23 24 1024.2110215500129
23 25 1024.9072981536997
23 26 1025.8833307112666
23 27 1026.5386794229228
23 28 1027.4804506363221
23 29 1028.0947998394442
23 30 1028.9992288758458
23 31 1029.5727155979566
23 32 1030.4368973339526
23 33 1030.9698397258637
23 34 1031.7910488487869
23 35 1032.2839178143074
23 36 1033.059611505415
23 37 1033.5130020071495
23 38 1034.2408214003674
23 39 1034.6554239215657
23 40 1035.333194524163
23 41 1035.7097671185365
23 42 1036.3354983725944
23 43 1036.6748396851779
23 44 1037.246723840974
23 45 1037.5496474348231
23 46 1038.0660578991854
23 47 1038.3333681761367
23 48 1038.7928574902144
23 49 1039.0253274500224
23 50 1039.4266250415581
23 51 1039.6249760833505
23 52 1039.9669859287094
23 53 1040.1318698602895
23 54 1040.4136681688008
23 55 1040.5456515648884
23 56 1040.7664848017625
23 57 1040.8660361051668
23 58 1041.0253162720228
23 59 1041.0927842870351
23 60 1041.1901180202512
23 61 1041.2259818058405
23 62 1041.2610942889808
23 63 1041.2610942889808
24 0 1000
24 1 1001.1542064613883
24 2 1002.3260907266775
24 3 1003.4627429739494
24 4 1004.6463572133896
24 5 1005.7613929901419
24 6 1006.9521786257118
24 7 1008.041893361246
24 8 1009.235443718543
24 9 1010.2965267741181
24 10 1011.4884441905729
24 11 1012.517904436747
24 12 1013.7038213138197
24 13 1014.6990017684742
24 14 1015.8746095837637
24 15 1016.8331958312217
24 16 1017.9942721792484
24 17 1018.9142944432825
24 18 1020.0567262709287
24 19 1020.9365552876471
24 20 1022.0563587082488
24 21 1022.8946960501114
24 22 1023.988032938037
24 23 1024.7838964414702
24 24 1025.8470880576683
24 25 1026.5997930441656
24 26 1027.6293309523546
24 27 1028.3384679409623
24 28 1029.331022477025
24 29 1029.9964320794138
24 30 1030.9488586340749
24 31 1031.5706043034272
24 32 1032.479947672058
24 33 1033.0582869463553
24 34 1033.921783991068
24 35 1034.4571388322986
24 36 1035.2722196913858
24 37 1035.7651464769756
24 38 1036.5294345458508
24 39 1036.9805942192384
24 40 1037.691905115845
24 41 1038.1020339514398
24 42 1038.7583736678005
24 43 1039.1282550532494
24 44 1039.7278174835217
24 45 1040.0582550706888
24 46 1040.5994190947033
24 47 1040.8912116212334
24 48 1041.3725379109055
24 49 1041.6264559476977
24 50 1042.0466836516739
24 51 1042.263448488907
24 52 1042.6214919387155
24 53 1042.801756782671
24 54 1043.0967023385836
24 55 1043.2410359651924
24 56 1043.4721393315119
24 57 1043.5810126137803
24 58 1043.747693386232
24 59 1043.8214566706845
24 60 1043.9233287035443
24 61 1043.9624770456051
24 62 1043.9992677198175
24 63 1043.9992677198175
25 0 1000
25 1 1001.2205423636198
25 2 1002.4585651470118
25 3 1003.6613168942185
25 4 1004.9105292832476
25 5 1006.0911527499476
25 6 1007.3467594743589
25 7 1008.501314226917
25 8 1009.7586800652726
25 9 1010.8836283182399
25 10 1012.1381409757454
25 11 1013.2302778516624
25 12 1014.4773705282003
25 13 1015.5338399337289
25 14 1016.7690214322034
25 15 1017.7873254269001
25 16 1019.0062078141963
25 17 1019.9842092284371
25 18 1021.1825313263773
25 19 1022.1184498393436
25 20 1023.2920969540642
25 21 1024.1844993143513
25 22 1025.3295194494037
25 23 1026.1773045327575
25 24 1027.2899213795879
25 25 1028.0923008146008
25 26 1029.1689238231158
25 27 1029.9253989232154
25 28 1030.9626307568356
25 29 1031.6729664885338
25 30 1032.6676081635801
25 31 1033.3318048586718
25 32 1034.280858858973
25 33 1034.8991223448752
25 34 1035.7997939906711
25 35 1036.3725047709002
25 36 1037.2222021075743
25 37 1037.7498841758106
25 38 1038.5462166335653
25 39 1039.0295064520312
25 40 1039.7702825128861
25 41 1040.2098986308022
25 42 1040.8931227245912
25 43 1041.2898364570244
25 44 1041.9137052935223
25 45 1042.2683128265091
25 46 1042.8312113564568
25 47 1043.144507592111
25 48 1043.6450047756236
25 49 1043.9177591820276
25 50 1044.3546037284877
25 51 1044.5875384144292
25 52 1044.9596546438502
25 53 1045.1534248363305
25 54 1045.4599087850577
25 55 1045.6150858594713
25 56 1045.8552019711619
25 57 1045.9722594715663
25 58 1046.145434501196
25 59 1046.2247245355957
25 60 1046.3305790181473
25 61 1046.3726109456329
25 62 1046.4108744096841
25 63 1046.4108744096841
26 0 1000
26 1 1001.2781011958552
26 2 1002.5735069122435
26 3 1003.8335971242938
26 4 1005.1397031185161
26 5 1006.377200087353
26 6 1007.6890068633991
26 7 1008.8997668330547
26 8 1010.2124418197158
26 9 1011.3927309111717
26 10 1012.701476732308
26 11 1013.8479058406974
26 12 1015.147984173369
26 13 1016.2575258636776
26 14 1017.5442884795275
26 15 1018.6142871503735
26 16 1019.8832040833631
26 17 1020.9113790255358
26 18 1022.1580622567827
26 19 1023.1425038783939
26 20 1024.3627269649508
26 21 1025.3018868923602
26 22 1026.4916008236285
26 23 1027.3842766097953
26 24 1028.5396222229754
26 25 1029.384937429985
26 26 1030.50225472486
26 27 1031.2996351543773
26 28 1032.3754698483222
26 29 1033.1246166838514
26 30 1034.1557243415348
26 31 1034.8565849419699
26 32 1035.8399330028451
26 33 1036.492670050766
26 34 1037.4254380628468
26 35 1038.0303977260023
26 36 1038.909976077847
26 37 1039.4676557907776
26 38 1040.2916432160735
26 39 1040.8026596331079
26 40 1041.5688597444152
26 41 1042.0339173574241
26 42 1042.7403344479092
26 43 1043.1601953039794
26 44 1043.8050296386191
26 45 1044.1804845358095
26 46 1044.7621273365592
26 47 1045.0939688214137
26 48 1045.6109971342182
26 49 1045.8999945737269
26 50 1046.3511661888122
26 51 1046.5980431430048
26 52 1046.9822917240153
26 53 1047.1877058017249
26 54 1047.5041363504249
26 55 1047.6686617012097
26 56 1047.9165467078885
26 57 1048.0406596049397
26 58 1048.2194323983933
26 59 1048.3034867897572
26 60 1048.412773943737
26 61 1048.4572917237683
26 62 1048.4968247926688
26 63 1048.4968247926688
27 0 1000
27 1 1001.3268752315066
27 2 1002.6709007813375
27 3 1003.9795618543519
27 4 1005.333849962404
27 5 1006.6195015087908
27 6 1007.9788813665431
27 7 1009.2372093536178
27 8 1010.5966825974324
27 9 1011.8237885021082
27 10 1013.1784025329091
27 11 1014.3707428363603
27 12 1015.715615736236
27 13 1016.8700196189463
27 14 1018.2003719584086
27 15 1019.3140521060542
27 16 1020.6252355032186
27 17 1021.6957915063234
27 18 1022.9833124440146
27 19 1024.0087271196171
27 20 1025.2682664593938
27 21 1026.24689582527
27 22 1027.474324335099
27 23 1028.4048819998779
27 24 1029.5962722589306
27 25 1030.4778090252223
27 26 1031.6294440779816
27 27 1032.4613235621987
27 28 1033.5697026936828
27 29 1034.351573755044
27 30 1035.4134157508827
27 31 1036.1451824958767
27 32 1037.1574267375208
27 33 1037.8392168278895
27 34 1038.7990225562123
27 35 1039.4311545010919
27 36 1040.335898562472
27 37 1040.9188486213261
27 38 1041.7661219900881
27 39 1042.3004912548076
27 40 1043.0880946053981
27 41 1043.5745767696133
27 42 1044.3005153516092
27 43 1044.7398656147025
27 44 1045.4023436639609
27 45 1045.7953491580872
27 46 1046.3927640581664
27 47 1046.7402161301422
27 48 1047.2711525195082
27 49 1047.5738211467094
27 50 1048.0370451490724
27 51 1048.2956557204716
27 52 1048.6901094582604
27 53 1048.9053221068482
27 54 1049.2301186275383
27 55 1049.4025102694816
27 56 1049.6569292421377
27 57 1049.786978792192
27 58 1049.9704593947986
27 59 1050.0585226094286
27 60 1050.1706967149219
27 61 1050.2173062026284
27 62 1050.2579072104641
27 63 1050.2579072104641
28 0 1000
28 1 1001.3668579019097
28 2 1002.7507338182747
28 3 1004.0991918228159
28 4 1005.4929456064976
28 5 1006.8180272427389
28 6 1008.2163500932196
28 7 1009.5136043960682
28 8 1010.9113640806056
28 9 1012.1767596086268
28 10 1013.5688784464885
28 11 1014.7987473098522
28 12 1016.180227910702
28 13 1017.3712840411107
28 14 1018.7372417110523
28 15 1019.88659215417
28 16 1021.2322837339417
28 17 1022.3374322899523
28 18 1023.6582800479841
28 19 1024.7171236399761
28 20 1026.0087346646899
28 21 1027.0195531813349
28 22 1028.277734616609
28 23 1029.2391750184629
28 24 1030.4599455316679
28 25 1031.3710010428101
28 26 1032.550598923367
28 27 1033.4105841363044
28 28 1034.5454724215142
28 29 1035.3539951309592
28 30 1036.4408641464386
28 31 1037.1977946998488
28 32 1038.2335623867189
28 33 1038.9390012994677
28 34 1039.9208116814534
28 35 1040.5750562150981
28 36 1041.5002763374
28 37 1042.1037866834195
28 38 1042.9700023328232
28 39 1043.5233679838823
28 40 1044.3283784769108
28 41 1044.8322853053387
28 42 1045.5740976088773
28 43 1046.0292961095811
28 44 1046.7061185366781
28 45 1047.1133936307713
28 46 1047.7236293333283
28 47 1048.0837720707002
28 48 1048.626012530558
28 49 1048.9397939755038
28 50 1049.4128126758708
28 51 1049.68096021067
28 52 1050.0837066513066
28 53 1050.306882886784
28 54 1050.6384770749617
28 55 1050.8172615250151
28 56 1051.0769893049981
28 57 1051.2118633066043
28 58 1051.399168875233
28 59 1051.4904898602911
28 60 1051.605009576725
28 61 1051.653318992059
28 62 1051.6947878692838
28 63 1051.6947878692838
29 0 1000
29 1 1001.3980435828079
29 2 1002.812994947785
29 3 1004.192471210778
29 4 1005.6169692765758
29 5 1006.9727531328846
29 6 1008.4013847222062
29 7 1009.7289219480098
29 8 1011.1564531192993
29 9 1012.4516113377246
29 10 1013.8728696701537
29 11 1015.1318868491554
29 12 1016.5417877624901
29 13 1017.761290834629
29 14 1019.1548704244492
29 15 1020.3318869118692
29 16 1021.7043309532739
29 17 1022.8362927525759
29 18 1024.182960613095
29 19 1025.2677003659253
29 20 1026.5841442704823
29 21 1027.6198850763942
29 22 1028.901865089412
29 23 1029.887204370252
29 24 1031.1306995039108
29 25 1032.0645878599089
29 26 1033.2658037259778
29 27 1034.1475196296869
29 28 1035.3028930505036
29 29 1036.1320142115455
29 30 1037.2382151952384
29 31 1038.0145873999345
29 32 1039.0685188684813
29 33 1039.7922230570448
29 34 1040.7910186952379
29 35 1041.4623369882866
29 36 1042.4033575587539
29 37 1043.0227388872461
29 38 1043.9035673326061
29 39 1044.4715932633865
29 40 1045.2900288923081
29 41 1045.8073801775734
29 42 1046.5614322075382
29 43 1047.0288565226051
29 44 1047.7167372289621
29 45 1048.1350185004501
29 46 1048.755136199002
29 47 1049.1250658662946
29 48 1049.6760179352461
29 49 1049.9983684329341
29 50 1050.4789345594058
29 51 1050.7544352582886
29 52 1051.1635710752082
29 53 1051.3928868728472
29 54 1051.7297181198087
29 55 1051.9134308386385
29 56 1052.1772484130645
29 57 1052.3158414969942
29 58 1052.5060936901614
29 59 1052.5999260410711
29 60 1052.7162528194983
29 61 1052.7658728125039
29 62 1052.8080105315503
29 63 1052.8080105315503
30 0 1000
30 1 1001.4204278463948
30 2 1002.8576754684308
30 3 1004.259387128326
30 4 1005.7059048243218
30 5 1007.0836594382037
30 6 1008.5339635026545
30 7 1009.8831374309385
30 8 1011.3319245841031
30 9 1012.6483166566658
30 10 1014.0903502380035
30 11 1015.3701346392921
30 12 1016.8002712656199
30 13 1018.040016277019
30 14 1019.4532389376384
30 15 1020.6499187395741
30 16 1022.0413658541232
30 17 1023.1923643584407
30 18 1024.5573536571205
30 19 1025.6604608360569
30 20 1026.9945084963144
30 21 1028.0479099687689
30 22 1029.3467453883709
30 23 1030.3490060864124
30 24 1031.6085827149111
30 25 1032.5586254829041
30 26 1033.7751281418243
30 27 1034.6722081263902
30 28 1035.8420572461775
30 29 1036.6857329214051
30 30 1037.8055861119728
30 31 1038.5956877546234
30 32 1039.6624391089267
30 33 1040.3990354960306
30 34 1041.4098130045465
30 35 1042.093177053843
30 36 1043.045338483814
30 37 1043.675912498762
30 38 1044.5670400668675
30 39 1045.1454011849803
30 40 1045.9732953266689
30 41 1046.5001217050121
30 42 1047.2627942187173
30 43 1047.7388324255123
30 44 1048.43449924574
30 45 1048.8605332638665
30 46 1049.4876070939206
30 47 1049.8644292820618
30 48 1050.4215122949367
30 49 1050.7498965962498
30 50 1051.2357733909246
30 51 1051.5164510284162
30 52 1051.9300820087828
30 53 1052.1637198595299
30 54 1052.504235170509
30 55 1052.6914169771171
30 56 1052.9581113661709
30 57 1053.0993222832674
30 58 1053.2916471486556
30 59 1053.3872472804444
30 60 1053.5048452735307
30 61 1053.5553879797233
30 62 1053.5979964966516
30 63 1053.5979964966516
31 0 1000
31 1 1001.4340073196016
31 2 1002.8847687630288
31 3 1004.2999301735372
31 4 1005.7597400207364
31 5 1007.1507320151406
31 6 1008.6140700179928
31 7 1009.9762335332513
31 8 1011.4377595543378
31 9 1012.7668568849707
31 10 1014.2213006145297
31 11 1015.5134725983399
31 12 1016.955660306149
31 13 1018.2074449623331
31 14 1019.6323326823722
31 15 1020.8406770365175
31 16 1022.2433795673171
31 17 1023.4056434366839
31 18 1024.7814581366376
31 19 1025.8954103767032
31 20 1027.2398361724022
31 21 1028.3036441433744
31 22 1029.6123961393055
31 23 1030.6246092228114
31 24 1031.8936293407166
31 25 1032.8531573647988
31 26 1034.0786214492905
31 27 1034.9847088856848
31 28 1036.1630307101725
31 29 1037.0152274937088
31 30 1038.1430600891299
31 31 1038.941189879017
31 32 1040.0154245899687
31 33 1040.7595512498931
31 34 1041.7773149006937
31 35 1042.4677079222101
31 36 1043.4263584508221
31 37 1044.0634579852433
31 38 1044.9605788772421
31 39 1045.5449609777374
31 40 1046.3783548065114
31 41 1046.9106974167046
31 42 1047.6783787705233
31 43 1048.1594289305103
31 44 1048.8596169823868
31 45 1049.2901596595102
31 46 1049.9212706120966
31 47 1050.3020995033853
31 48 1050.8627391185328
31 49 1051.1946297155359
31 50 1051.6835861165102
31 51 1051.967271272259
31 52 1052.3835081863342
31 53 1052.6196563769581
31 54 1052.9623069532524
31 55 1053.1515033924886
31 56 1053.4198649634477
31 57 1053.5625960721682
31 58 1053.7561221064429
31 59 1053.8527488871337
31 60 1053.9710837641094
31 61 1054.0221626006721
31 62 1054.0650444351329
31 63 1054.0650444351329
32 0 1000
32 1 1001.4387798254967
32 2 1002.8942705841781
32 3 1004.3140941552193
32 4 1005.7784671984696
32 5 1007.173961672926
32 6 1008.6416942521283
32 7 1010.0081991727261
32 8 1011.4739468258736
32 9 1012.807220249578
32 10 1014.2657096420268
32 11 1015.5618895254971
32 12 1017.007945050286
32 13 1018.2635675566806
32 14 1019.6921444388397
32 15 1020.9041556312447
32 16 1022.310368760211
32 17 1023.4761282454218
32 18 1024.8552758348292
32 19 1025.9725528871145
32 20 1027.3201353566517
32 21 1028.3870982720491
32 22 1029.6988327416029
32 23 1030.7140322537421
32 24 1031.9858630776148
32 25 1032.9482106924613
32 26 1034.1763164697843
32 27 1035.0850585826754
32 28 1036.2658560775942
32 29 1037.1205447217681
32 30 1038.2506901153638
32 31 1039.0511511610755
32 32 1040.1275390390842
32 33 1040.873838619571
32 34 1041.8935990778675
32 35 1042.5860089659539
32 36 1043.5465031911697
32 37 1044.1854657910446
32 38 1045.084280447928
32 39 1045.6703740031444
32 40 1046.5053147342796
32 41 1047.0392192876141
32 42 1047.80830360558
32 43 1048.2907681810591
32 44 1048.9922180084027
32 45 1049.4240294222398
32 46 1050.0562635109891
32 47 1050.4382171577899
32 48 1050.9998435976338
32 49 1051.3327165020871
32 50 1051.8225255047532
32 51 1052.1070518780687
32 52 1052.5240090051905
32 53 1052.7608584984366
32 54 1053.1040984674785
32 55 1053.2938572793332
32 56 1053.5626787145372
32 57 1053.7058340574181
32 58 1053.8996914394402
32 59 1053.9966048868682
32 60 1054.1151433513069
32 61 1054.1663723384008
32 62 1054.2093303858314
32 63 1054.2093303858314
33 0 1000
33 1 1001.434744320347
33 2 1002.8861789259387
33 3 1004.3018763107683
33 4 1005.7620829661444
33 5 1007.1533446302501
33 6 1008.6168321051491
33 7 1009.9790301936846
33 8 1011.4404822155974
33 9 1012.7694028191448
33 10 1014.2235736315558
33 11 1015.5153822615764
33 12 1016.9571228282798
33 13 1018.208382166883
33 14 1019.6326730263314
33 15 1020.840354334379
33 16 1022.242334154198
33 17 1023.4038206798556
33 18 1024.7788097308567
33 19 1025.8918926708111
33 20 1027.2354115845592
33 21 1028.2982793341407
33 22 1029.6060635296328
33 23 1030.6172850471501
33 24 1031.8852952470932
33 25 1032.843798382539
33 26 1034.06822764814
33 27 1034.9732732926907
33 28 1036.1505510035406
33 29 1037.001703902336
33 30 1038.1284970966713
33 31 1038.9255941376375
33 32 1039.9988066107878
33 33 1040.7419233598755
33 34 1041.7586928971066
33 35 1042.4481090983725
33 36 1043.4058031942789
33 37 1044.0419678945063
33 38 1044.9381782859064
33 39 1045.5216751805428
33 40 1046.3542114944073
33 41 1046.8857250267213
33 42 1047.6526078196737
33 43 1048.1328905002272
33 44 1048.832343941983
33 45 1049.2621852924503
33 46 1049.8926297223861
33 47 1050.2728271878148
33 48 1050.8328717517159
33 49 1051.1642038695873
33 50 1051.6526394224156
33 51 1051.9358414862697
33 52 1052.3516339268926
33 53 1052.5873763355396
33 54 1052.9296605071029
33 55 1053.1185299556596
33 56 1053.3866044754689
33 57 1053.5290884915203
33 58 1053.7224077895244
33 59 1053.8188681891852
33 60 1053.9370771825627
33 61 1053.9880704794266
33 62 1054.0309077200682
33 63 1054.0309077200682
34 0 1000
34 1 1001.4219009197197
34 2 1002.860494077569
34 3 1004.2632772697773
34 4 1005.7105882929252
34 5 1007.0888824367838
34 6 1008.5394855113492
34 7 1009.8887292550098
34 8 1011.337368706582
34 9 1012.6534083654076
34 10 1014.0948965275647
34 11 1015.3739555308247
34 12 1016.8031983104305
34 13 1018.0418941701134
34 14 1019.4539234826747
34 15 1020.6492787634684
34 16 1022.0392807000173
34 17 1023.1887260994841
34 18 1024.5520641641676
34 19 1025.6534342718423
34 20 1026.9856680165267
34 21 1028.0371904677882
34 22 1029.334089898133
34 23 1030.3343687360396
34 24 1031.5919248955138
34 25 1032.5399189770835
34 26 1033.7543511240081
34 27 1034.6493484141079
34 28 1035.8171082048668
34 29 1036.6586967874625
34 30 1037.7764698684059
34 31 1038.5645064759644
34 32 1039.6292118699098
34 33 1040.3637886902677
34 34 1041.372576342899
34 35 1042.0539868119945
34 36 1043.0042336404983
34 37 1043.632937871703
34 38 1044.5222426338817
34 39 1045.0988330728408
34 40 1045.9250103506454
34 41 1046.4501781807257
34 42 1047.211251748244
34 43 1047.6857545079063
34 44 1048.379950330683
34 45 1048.804581141972
34 46 1049.4303202323199
34 47 1049.8058789806055
34 48 1050.3617703122677
34 49 1050.689037062403
34 50 1051.173870727484
34 51 1051.4535816116233
34 52 1051.8663223834392
34 53 1052.099148149653
34 54 1052.43892958367
34 55 1052.6254569597766
34 56 1052.8915763917555
34 57 1053.0322927644861
34 58 1053.2242035298264
34 59 1053.3194706451468
34 60 1053.4368164812304
34 61 1053.4871879669847
34 62 1053.5297071513114
34 63 1053.5297071513114
35 0 1000
35 1 1001.4002509169686
35 2 1002.8172186590127
35 3 1004.1983009287005
35 4 1005.6239886487328
35 5 1006.9805816991637
35 6 1008.4096627146049
35 7 1009.7373053836792
35 8 1011.1646168793334
35 9 1012.4592477299628
35 10 1013.8796905091049
35 11 1015.1376211146739
35 12 1016.5461842853636
35 13 1017.764115195865
35 14 1019.155908019954
35 15 1020.3309391412531
35 16 1021.7012187051035
35 17 1022.8308519567207
35 18 1024.17504612211
35 19 1025.2571809527797
35 20 1026.5709068696267
35 21 1027.603829320235
35 22 1028.8829078581343
35 23 1029.865273966863
35 24 1031.1057404512967
35 25 1032.03655481752
35 26 1033.2346664654356
35 27 1034.1132567961399
35 28 1035.265497244266
35 29 1036.0914856941406
35 30 1037.1945670037903
35 31 1037.9678390922957
35 32 1039.0187015990753
35 33 1039.7393734476927
35 34 1040.7351838054301
35 35 1041.4035683888721
35 36 1042.3417161357165
35 37 1042.9582891848147
35 38 1043.8363821370392
35 39 1044.4017482707941
35 40 1045.2176070271871
35 41 1045.7324666292288
35 42 1046.4841184466593
35 43 1046.9492357390768
35 44 1047.6349080181878
35 45 1048.0510807249611
35 46 1048.6691943241103
35 47 1049.0372252585785
35 48 1049.586387834124
35 49 1049.9070586910964
35 50 1050.3860582427794
35 51 1050.6601058269405
35 52 1051.0679046088007
35 53 1051.2959996858631
35 54 1051.6317286127251
35 55 1051.8144575353319
35 56 1052.0774114375643
35 57 1052.215261040317
35 58 1052.4048911553382
35 59 1052.4982228351878
35 60 1052.6141707878078
35 61 1052.6635333397287
35 62 1052.7055368246129
35 63 1052.7055368246129
36 0 1000
36 1 1001.3697966936187
36 2 1002.7563574424378
36 3 1004.1069546556907
36 4 1005.502293530522
36 5 1006.8284545694551
36 6 1008.2273774376374
36 7 1009.5247747892324
36 8 1010.9222436938236
36 9 1012.1869399927331
36 10 1013.5779743714363
36 11 1014.8063993880379
36 12 1016.1860996441339
36 13 1017.3750650300803
36 14 1018.738643628413
36 15 1019.8853525547322
36 16 1021.2281610870208
36 17 1022.3302103864764
36 18 1023.647762182929
36 19 1024.7031375805711
36 20 1025.9911260982135
36 21 1026.9981911877799
36 22 1028.2525045089546
36 23 1029.2099842454938
36 24 1030.4267160454756
36 25 1031.3336755446901
36 26 1032.5091328964284
36 27 1033.3649523391039
36 28 1034.4956607225922
36 29 1035.3000071509027
36 30 1036.3827130263444
36 31 1037.1355097924654
36 32 1038.1671810827706
36 33 1038.8685756719124
36 34 1039.8464004829002
36 35 1040.4967313854361
36 36 1041.4181152728638
36 37 1042.0178785262533
36 38 1042.880440598555
36 39 1043.4302565616213
36 40 1044.2318246867599
36 41 1044.7324055487236
36 42 1045.4710109133719
36 43 1045.9231293797034
36 44 1046.5970006293107
36 45 1047.0014601675748
36 46 1047.6090173368857
36 47 1047.9666243096085
36 48 1048.5064727348176
36 49 1048.818010694059
36 50 1049.288935079903
36 51 1049.5551414505517
36 52 1049.9561002485557
36 53 1050.1776455833103
36 54 1050.5077658084026
36 55 1050.6852357634484
36 56 1050.9438085934842
36 57 1051.0776891109065
36 58 1051.2641627417281
36 59 1051.3548146451628
36 60 1051.468827697958
36 61 1051.5167930319351
36 62 1051.5580823384682
36 63 1051.5580823384682
37 0 1000
37 1 1001.3305418175654
37 2 1002.6779175500033
37 3 1003.9892488237366
37 4 1005.3455170249177
37 5 1006.632517744756
37 6 1007.9926499111089
37 7 1009.2511592805308
37 8 1010.6102740390293
37 9 1011.8365102804451
37 10 1013.1897756266112
37 11 1014.3803165175812
37 12 1015.7229720398934
37 13 1016.8747682233002
37 14 1018.2021552825506
37 15 1019.3125390128782
37 16 1020.6201270948035
37 17 1021.6868137697273
37 18 1022.9702227051881
37 19 1023.9913057654979
37 20 1025.2463239911438
37 21 1026.2202638094188
37 22 1027.442862972875
37 23 1028.3684704711109
37 24 1029.5548167065765
37 25 1030.4312324614527
37 26 1031.577694670942
37 27 1032.4043642740269
37 28 1033.5075197499314
37 29 1034.2841661797959
37 30 1035.3408038977134
37 31 1036.0673976363692
37 32 1037.0745195355762
37 33 1037.7512471254954
37 34 1038.7060676796643
37 35 1039.333299372626
37 36 1040.2332437367299
37 37 1040.811500834285
37 38 1041.6542018360722
37 39 1042.1841242658516
37 40 1042.9674184924615
37 41 1043.4497331069056
37 42 1044.1716563195855
37 43 1044.6071463457263
37 44 1045.2659284384085
37 45 1045.6554044506809
37 46 1046.2494641514324
37 47 1046.5937368853781
37 48 1047.1216763833847
37 49 1047.4215316575771
37 50 1047.8821313222356
37 51 1048.1383072896456
37 52 1048.5305206327794
37 53 1048.7436875402002
37 54 1049.0666365450945
37 55 1049.2373791459149
37 56 1049.4903502978038
37 57 1049.6191533931797
37 58 1049.8015909878707
37 59 1049.8888146734269
37 60 1050.0003534974692
37 61 1050.0465311841024
37 62 1050.0869069625151
37 63 1050.0869069625151
38 0 1000
38 1 1001.2824908415616
38 2 1002.5819080466275
38 3 1003.8451972529868
38 4 1005.1536767835527
38 5 1006.3927935131079
38 6 1007.7055051063111
38 7 1008.9164879916931
38 8 1010.2287381686718
38 9 1011.4079922221335
38 10 1012.715127122981
38 11 1013.8594076680066
38 12 1015.1568337041982
38 13 1016.2632580412844
38 14 1017.5464709957073
38 15 1018.6125261095126
38 16 1019.8771366676206
38 17 1020.9006800538882
38 18 1022.1424355761719
38 19 1023.1216897651838
38 20 1024.3364924107561
38 21 1025.2700337654787
38 22 1026.4539552359822
38 23 1027.3406977294369
38 24 1028.4899909204369
38 25 1029.3291656136582
38 26 1030.4402734702951
38 27 1031.2314044216328
38 28 1032.3009662968379
38 29 1033.0438436244981
38 30 1034.0686994331927
38 31 1034.7633502304325
38 32 1035.7405426839314
38 33 1036.38720045272
38 34 1037.3139756455766
38 35 1037.913048872321
38 36 1038.7868554801994
38 37 1039.3388959286599
38 38 1040.1573832613756
38 39 1040.6630545053397
38 40 1041.4240696445138
38 41 1041.8841163080792
38 42 1042.5857005442733
38 43 1043.0009186624759
38 44 1043.6413034323139
38 45 1044.0125122907887
38 46 1044.590114800478
38 47 1044.9181305611276
38 48 1045.4315492688236
38 49 1045.717160640057
38 50 1046.1651707555404
38 51 1046.4091169213953
38 52 1046.7906660677556
38 53 1046.9936170492776
38 54 1047.30782120601
38 55 1047.4703607958029
38 56 1047.7165008461063
38 57 1047.8391125773919
38 58 1048.0166281605373
38 59 1048.0996713396955
38 60 1048.2081926476292
38 61 1048.2521902191959
38 62 1048.2914516748276
38 63 1048.2914516748276
39 0 1000
39 1 1001.2256494750922
39 2 1002.4683402944664
39 3 1003.6748164077013
39 4 1004.9267949962808
39 5 1006.1093080403876
39 6 1007.3659744983413
39 7 1008.5207946833799
39 8 1009.7776743417395
39 9 1010.9014242273448
39 10 1012.154070610904
39 11 1013.2437122583153
39 12 1014.4877259480903
39 13 1015.5405707366606
39 14 1016.7716272323732
39 15 1017.7853423798184
39 16 1018.9992167035631
39 17 1019.9718252907663
39 18 1021.1644132561354
39 19 1022.0942883220883
39 20 1023.2616245101322
39 21 1024.1474777484418
39 22 1025.2857504196888
39 23 1026.1266161405915
39 24 1027.2321793261638
39 25 1028.027394363073
39 26 1029.0967773877903
39 27 1029.8459576376147
39 28 1030.8758723307124
39 29 1031.5788866099249
39 30 1032.5662324561624
39 31 1033.2231743344526
39 32 1034.1650418118984
39 33 1034.7762000544544
39 34 1035.6698723963866
39 35 1036.2357006068071
39 36 1037.0786542149192
39 37 1037.5997402256214
39 38 1038.3896439508292
39 39 1038.8666794586338
39 40 1039.6013929546193
39 41 1040.0351438478124
39 42 1040.7127151912939
39 43 1041.1039929625142
39 44 1041.7226557231418
39 45 1042.072290311369
39 46 1042.6304602430521
39 47 1042.9392745989637
39 48 1043.4355461132125
39 49 1043.7043327361953
39 50 1044.1374753064729
39 51 1044.3669749594376
39 52 1044.7359295938413
39 53 1044.9268123629608
39 54 1045.2306882595312
39 55 1045.3835370946092
39 56 1045.6216087883272
39 57 1045.736905968557
39 58 1045.9086078155422
39 59 1045.9867119035525
39 60 1046.0916688326934
39 61 1046.1330905264647
39 62 1046.1710355185494
39 63 1046.1710355185494
40 0 1000
40 1 1001.1600242789401
40 2 1002.3372273240685
40 3 1003.4781260683186
40 4 1004.6648968305838
40 5 1005.7820929541682
40 6 1006.9740933868551
40 7 1008.0641203496602
40 8 1009.257124945695
40 9 1010.3168531880558
40 10 1011.5066516417304
40 11 1012.5332787888539
40 12 1013.7156928581283
40 13 1014.7067514901447
40 14 1015.8776614646496
40 15 1016.831024306784
40 16 1017.9863925758923
40 17 1018.9002716257025
40 18 1020.0361633830403
40 19 1020.9091035245423
40 20 1022.0217045774064
40 21 1022.8525721626773
40 22 1023.9382040310777
40 23 1024.7261710480625
40 24 1025.7813035475267
40 25 1026.5258280060314
40 26 1027.5470895183314
40 27 1028.2478926972269
40 28 1029.2320783371854
40 29 1029.8891195303099
40 30 1030.8331974161922
40 31 1031.4466467968282
40 32 1032.3477626282697
40 33 1032.9179728243839
40 34 1033.773452966356
40 35 1034.300929903234
40 36 1035.1082831680721
40 37 1035.5936566934979
40 38 1036.3505750059803
40 39 1036.7945697676869
40 40 1037.4989278908963
40 41 1037.9023348882877
40 42 1038.5521893806363
40 43 1038.9158385643686
40 44 1039.509426130671
40 45 1039.8341603758879
40 46 1040.3698957676236
40 47 1040.6565465006584
40 48 1041.1330201123599
40 49 1041.3823848274405
40 50 1041.7983601272711
40 51 1042.0111819899876
40 52 1042.3655929131912
40 53 1042.5425426106085
40 54 1042.8344910241035
40 55 1042.9761509912075
40 56 1043.2049045225242
40 57 1043.3117559703092
40 58 1043.4767432118194
40 59 1043.5491441370611
40 60 1043.6499841879731
40 61 1043.6884313330831
40 62 1043.7248556614661
40 63 1043.7248556614661
41 0 1000
41 1 1001.0856229004818
41 2 1002.188584336098
41 3 1003.2551482010424
41 4 1004.3680117954486
41 5 1005.4111829405396
41 6 1006.529903360438
41 7 1007.5465094390181
41 8 1008.6671401824278
41 9 1009.6543292727745
41 10 1010.7729245417071
41 11 1011.7281582105262
41 12 1012.8407875726234
41 13 1013.7618464067441
41 14 1014.8646197178016
41 15 1015.7496070406123
41 16 1016.8386968726259
41 17 1017.6860368738268
41 18 1018.7576985945682
41 19 1019.5661294032789
41 20 1020.6167187989081
41 21 1021.3852809264811
41 22 1022.4112695032226
41 23 1023.1392902253451
41 24 1024.137278331016
41 25 1024.8243525900043
41 26 1025.7910805063052
41 27 1026.4370489263142
41 28 1027.3694060880757
41 29 1027.9743306922032
41 30 1028.8693631914634
41 31 1029.4335013947782
41 32 1030.2884179271341
41 33 1030.8121953552672
41 34 1031.6243717641967
41 35 1032.1083544152712
41 36 1032.8753369876501
41 37 1033.320203217799
41 38 1034.0397108810205
41 39 1034.4462236523063
41 40 1035.1161492203776
41 41 1035.4851290061672
41 42 1036.1035396189257
41 43 1036.4358383171509
41 44 1037.0009752131759
41 45 1037.2974513736947
41 46 1037.8077291333855
41 47 1038.0692247629452
41 48 1038.5232301533681
41 49 1038.7505493213412
41 50 1039.1470398685206
41 51 1039.3409292994174
41 52 1039.6788317069356
41 53 1039.839963511165
41 54 1040.1183720263839
41 55 1040.247328691948
41 56 1040.4655036950801
41 57 1040.5627657429693
41 58 1040.7201297566933
41 59 1040.7860549416275
41 60 1040.8822207918781
41 61 1040.9172902636344
41 62 1040.9519879098902
41 63 1040.9519879098902
42 0 1000
42 1 1001.002453676298
42 2 1002.0224278615541
42 3 1003.0059078481094
42 4 1004.0361716670686
42 5 1004.9966178368614
42 6 1006.0334487418429
42 7 1006.9680132966915
42 8 1008.0077729287517
42 9 1008.9139108144849
42 10 1009.9529456517023
42 11 1010.8284102994925
42 12 1011.8630639273099
42 13 1012.7059103646568
42 14 1013.7325467037994
42 15 1014.5411336594542
42 16 1015.5561581471577
42 17 1016.3291450861367
42 18 1017.3290240637225
42 19 1018.0653636590822
42 20 1019.0466417773437
42 21 1019.7455681878328
42 22 1020.7048839141407
42 23 1021.3658973846146
42 24 1022.2999966954948
42 25 1022.9228450062426
42 26 1023.8285933592663
42 27 1024.4132506629278
42 28 1025.2876433482984
42 29 1025.8342869311282
42 30 1026.6744579074168
42 31 1027.1834433994795
42 32 1027.9866727207793
42 33 1028.4585082587178
42 34 1029.2222282025882
42 35 1029.6575480206538
42 36 1030.379348027988
42 37 1030.7788859196548
42 38 1031.4565164592238
42 39 1031.8210795145244
42 40 1032.45245498638
42 41 1032.7828979705507
42 42 1033.3660987636169
42 43 1033.6632994620707
42 44 1034.1965732818669
42 45 1034.4614090961059
42 46 1034.943171678334
42 47 1035.1764977182249
42 48 1035.6053330426523
42 49 1035.8079619233354
42 50 1036.1826220396738
42 51 1036.3553055570051
42 52 1036.6747101304443
42 53 1036.8181229569241
42 54 1037.0813586265861
42 55 1037.1960841424984
42 56 1037.4024039476944
42 57 1037.4889225845798
42 58 1037.6377428650426
42 59 1037.6964126307382
42 60 1037.7873396300918
42 61 1037.8186245362604
42 62 1037.851386800992
42 63 1037.851386800992
43 0 1000
43 1 1000.9105259166068
43 2 1001.8387763975852
43 3 1002.7304316820037
43 4 1003.6694122158563
43 5 1004.5384395694698
43 6 1005.4847797081563
43 7 1006.3286853535536
43 8 1007.2790834049255
43 9 1008.095657683809
43 10 1009.0467796307584
43 11 1009.8340952145207
43 12 1010.7825844153045
43 13 1011.5389968195558
43 14 1012.4814953994022
43 15 1013.2056433394084
43 16 1014.1388120227992
43 17 1014.8296132515112
43 18 1015.7501499921131
43 19 1016.4067931011664
43 20 1017.3114502382368
43 21 1017.9333827316341
43 22 1018.8189827016438
43 23 1019.4058958035696
43 24 1020.2693454304522
43 25 1020.8211560957109
43 26 1021.6594594930657
43 27 1022.1762901017651
43 28 1022.9865602280825
43 29 1023.4687164460501
43 30 1024.2481853605282
43 31 1024.6961326375629
43 32 1025.4421605102275
43 33 1025.856499670881
43 34 1026.5665826068112
43 35 1026.9480249644337
43 36 1027.6198017080712
43 37 1027.9691441037894
43 38 1028.6004016955496
43 39 1028.9185018310582
43 40 1029.5071802945827
43 41 1029.7949326924588
43 42 1030.339128836601
43 43 1030.5974417254995
43 44 1031.0954121501425
43 45 1031.3251855358349
43 46 1031.7753489345841
43 47 1031.977454082298
43 48 1032.3783929375561
43 49 1032.5536534572977
43 50 1032.904115223922
43 51 1033.0532899190823
43 52 1033.3521877917533
43 53 1033.4759554021034
43 54 1033.7223687505725
43 55 1033.8213146952487
43 56 1034.0144893996246
43 57 1034.0890948682591
43 58 1034.2284411914168
43 59 1034.2790651277901
43 60 1034.3641825765526
43 61 1034.3912704016759
43 62 1034.4218862995183
43 63 1034.4218862995183
44 0 1000
44 1 1000.8098494316172
44 2 1001.6376493706549
44 3 1002.4287490988744
44 4 1003.2677706472375
44 5 1004.0366947173849
44 6 1004.883947907725
44 7 1005.6285853445459
44 8 1006.4811328370473
44 9 1007.1996372840399
44 10 1008.0544911160566
44 11 1008.7452813236941
44 12 1009.5994098732277
44 13 1010.2611674525763
44 14 1011.111514854574
44 15 1011.743182752474
44 16 1012.5866872777661
44 17 1013.1874643191062
44 18 1014.0210761736749
44 19 1014.5904081224147
44 20 1015.4111063116529
44 21 1015.948673699174
44 22 1016.7534819285294
44 23 1017.2591850530074
44 24 1018.0451866256245
44 25 1018.519128130751
44 26 1019.2834798122797
44 27 1019.7259452672686
44 28 1020.4658900968462
44 29 1020.8773270012483
44 30 1021.5902060365293
44 31 1021.9712016667834
44 32 1022.6544646603625
44 33 1023.0057231611588
44 34 1023.6569381758512
44 35 1023.9792572795016
44 36 1024.5961192605896
44 37 1024.8903669929202
44 38 1025.4707053264415
44 39 1025.7377970294647
44 40 1026.2795821265524
44 41 1026.5204580975012
44 42 1027.0218070552642
44 43 1027.2374110696117
44 44 1027.6965924686278
44 45 1027.8878514224673
44 46 1028.3032893291802
44 47 1028.471094204695
44 48 1028.8413714534452
44 49 1028.9865597809651
44 50 1029.3104206146577
44 51 1029.4337605765593
44 52 1029.7101127270548
44 53 1029.8122890225243
44 54 1030.0402053045609
44 55 1030.1218068705764
44 56 1030.3005264960357
44 57 1030.3620364004228
44 58 1030.4909639038983
44 59 1030.5327429194683
44 60 1030.6114710860911
44 61 1030.6339447021728
44 62 1030.6621999372453
44 63 1030.6621999372453
45 0 1000
45 1 1000.7004348470938
45 2 1001.4190678900173
45 3 1002.1008904722587
45 4 1002.8312876574926
45 5 1003.4914308294885
45 6 1004.2310101794723
45 7 1004.8677735255528
45 8 1005.6139890296156
45 9 1006.225916582349
45 10 1006.9761522578544
45 11 1007.5620350440778
45 12 1008.3136090103367
45 13 1008.8724798875212
45 14 1009.622661676697
45 15 1010.1537917975159
45 16 1010.8998191815743
45 17 1011.4027111365939
45 18 1012.1418070249759
45 19 1012.6161850846985
45 20 1013.345574052209
45 21 1013.7913716950887
45 22 1014.508296052252
45 23 1014.9256411231665
45 24 1015.627376424824
45 25 1016.0165742705418
45 26 1016.7004441674615
45 27 1017.0619591095319
45 28 1017.7253494576089
45 29 1018.0597849662886
45 30 1018.7001571190718
45 31 1019.0082350479987
45 32 1019.6231382710508
45 33 1019.90567750202
45 34 1020.4927604617529
45 35 1020.7506552931007
45 36 1021.3076765878965
45 37 1021.5418751797062
45 38 1022.0667128968856
45 39 1022.2781960625008
45 40 1022.7688563605336
45 41 1022.95861696775
45 42 1023.4132416984256
45 43 1023.5822649162025
45 44 1023.99913831576
45 45 1024.1483829142778
45 46 1024.525937405137
45 47 1024.6563182893592
45 48 1024.9931394446485
45 49 1025.1055115749364
45 50 1025.4003423060262
45 51 1025.4954861344308
45 52 1025.7472301670832
45 53 1025.8258386947657
45 54 1026.033563396169
45 55 1026.0962309357544
45 56 1026.2591696712657
45 57 1026.3063825940903
45 58 1026.4239347823711
45 59 1026.4560568157274
45 60 1026.5278087212532
45 61 1026.545244197466
45 62 1026.5709217265089
45 63 1026.5709217265089
46 0 1000
46 1 1000.582293073609
46 2 1001.1830535306356
46 3 1001.7468884316644
46 4 1002.3600044244348
46 5 1002.9026994135648
46 6 1003.5260233986145
46 7 1004.0463155963256
46 8 1004.6777189081015
46 9 1005.1745691165069
46 10 1005.8118328962124
46 11 1006.2844300046091
46 12 1006.925246245636
46 13 1007.3729990061448
46 14 1008.014985633293
46 15 1008.4375169930034
46 16 1009.0782330370232
46 17 1009.4753717817051
46 18 1010.1123332969772
46 19 1010.4841033959825
46 20 1011.1147995957709
46 21 1011.4614073723967
46 22 1012.0833168339092
46 23 1012.405136245473
46 24 1013.0157430145231
46 25 1013.3132993256863
46 26 1013.9101087589775
46 27 1014.1840609058272
46 28 1014.7646150994592
46 29 1015.0157370465001
46 30 1015.5776297125908
46 31 1015.8067911034664
46 32 1016.3476817727193
46 33 1016.5558281685129
46 34 1017.0734556146176
46 35 1017.2615886017184
46 36 1017.7537834030758
46 37 1017.9229408366299
46 38 1018.3876370113966
46 39 1018.5388736411743
46 40 1018.9741193123273
46 41 1019.1084880162678
46 42 1019.5124550835887
46 43 1019.6309889112393
46 44 1020.0019817261176
46 45 1020.1056769304545
46 46 1020.442139986554
46 47 1020.5319401990482
46 48 1020.8324648666326
46 49 1020.9092465475543
46 50 1021.1725768911365
46 51 1021.237136165562
46 52 1021.4621738933879
46 53 1021.5152148634496
46 54 1021.7010234581578
46 55 1021.7431480625205
46 56 1021.8889562409065
46 57 1021.920655901968
46 58 1022.025858874809
46 59 1022.0475016486544
46 60 1022.1116795679991
46 61 1022.123647535321
46 62 1022.1465263672522
46 63 1022.1465263672522
47 0 1000
47 1 1000.4554356314534
47 2 1000.9296291842221
47 3 1001.3667758318938
47 4 1001.853964950249
47 5 1002.2705516761381
47 6 1002.7690487261601
47 7 1003.1642760131726
47 8 1003.6723948998412
47 9 1004.0456657735762
47 10 1004.5616092072925
47 11 1004.9125352749676
47 12 1005.4343926658124
47 13 1005.7627826974563
47 14 1006.2885428868021
47 15 1006.5943948945288
47 16 1007.1219595836849
47 17 1007.4054508624172
47 18 1007.9326494748939
47 19 1008.1941249621217
47 20 1008.7187303295048
47 21 1008.9586893465051
47 22 1009.4784340096331
47 23 1009.6975156080538
47 24 1010.2101084966022
47 25 1010.4090756306392
47 26 1010.9122188914333
47 27 1011.0919416496738
47 28 1011.5833474052242
47 29 1011.7447855420994
47 30 1012.2221923760953
47 31 1012.3663773839116
47 32 1012.8275663693546
47 33 1012.955583328099
47 34 1013.3983934355988
47 35 1013.5113628696425
47 36 1013.933705617341
47 37 1014.032765576393
47 38 1014.4326388081541
47 39 1014.5189273750138
47 40 1014.8944280790688
47 41 1014.969066489645
47 42 1015.3184025949265
47 43 1015.3824791373426
47 44 1015.7039802484893
47 45 1015.758535088641
47 46 1016.0506621423414
47 47 1016.0966732036929
47 48 1016.3580270480488
47 49 1016.3963970543613
47 50 1016.6257259687757
47 51 1016.6572707404027
47 52 1016.853476925885
47 53 1016.8789150036998
47 54 1017.0410600787245
47 55 1017.0610037323808
47 56 1017.188313348434
47 57 1017.203261166174
47 58 1017.295127541835
47 59 1017.3054535630399
47 60 1017.3614513630931
47 61 1017.367514462499
47 62 1017.3873704061019
47 63 1017.3873704061019
48 0 1000
48 1 1000.3198740837399
48 2 1000.6588176786591
48 3 1000.960587192578
48 4 1001.3132126368787
48 5 1001.5950418783214
48 6 1001.9601457414418
48 7 1002.221723525316
48 8 1002.5980864368852
48 9 1002.8392826871143
48 10 1003.2255524958355
48 11 1003.4464257170688
48 12 1003.8411121265904
48 13 1004.0418946714118
48 14 1004.4433795134693
48 15 1004.6244672982085
48 16 1005.0310161210252
48 17 1005.1929569650463
48 18 1005.6027327578174
48 19 1005.7462136718589
48 20 1006.1572920325356
48 21 1006.28312545757
48 22 1006.6935109354748
48 23 1006.8026200959184
48 24 1007.2102634058142
48 25 1007.3036669341334
48 26 1007.7064827443579
48 27 1007.7852787476111
48 28 1008.1811637564075
48 29 1008.2465135021273
48 30 1008.6333645332264
48 31 1008.686475935193
48 32 1009.0622078054058
48 33 1009.1043188890573
48 34 1009.4668818260199
48 35 1009.4992443487603
48 36 1009.8466407650358
48 37 1009.8705041589329
48 38 1010.2008046183406
48 39 1010.2174004121611
48 40 1010.5287586544363
48 41 1010.5392855192251
48 42 1010.8299524389035
48 43 1010.8355619870098
48 44 1011.1038984908411
48 45 1011.1056819430454
48 46 1011.3501706364419
48 47 1011.3491464562954
48 48 1011.5684021325959
48 49 1011.5655047117885
48 50 1011.758283637921
48 51 1011.7543531019502
48 52 1011.9195611100978
48 53 1011.915334300384
48 54 1012.0520337051065
48 55 1012.0481363786258
48 56 1012.1555517966138
48 57 1012.1524921931809
48 58 1012.230014418869
48 59 1012.2281745025067
48 60 1012.2753735859253
48 61 1012.2750882198928
48 62 1012.2916924925157
48 63 1012.2916924925157
49 0 1000
49 1 1000.1756203479304
49 2 1000.3706427082561
49 3 1000.5283564072117
49 4 1000.7377928772983
49 5 1000.8762225571126
49 6 1001.0993771566051
49 7 1001.2187236741291
49 8 1001.454867053548
49 9 1001.5554908826982
49 10 1001.8037388371175
49 11 1001.8861687465213
49 12 1002.1454735039439
49 13 1002.2103884020215
49 14 1002.4795463388747
49 15 1002.5277625182096
49 16 1002.8054238213516
49 17 1002.8378814945053
49 18 1003.1225626697054
49 19 1003.1403120906978
49 20 1003.4304105440604
49 21 1003.4345976576958
49 22 1003.728408022062
49 23 1003.7202597460321
49 24 1004.0159915831164
49 25 1003.9968008178154
49 26 1004.2925973314016
49 27 1004.2637078052821
49 28 1004.557665212409
49 29 1004.5204562782709
49 30 1004.8106435036797
49 31 1004.7665150062232
49 32 1005.0509933895028
49 33 1005.0013507263126
49 34 1005.2781934598438
49 35 1005.2244329567562
49 36 1005.4917440044985
49 37 1005.4352387222543
49 38 1005.6911710033586
49 39 1005.6332570858868
49 40 1005.8760297418735
49 41 1005.8179934079437
49 42 1006.0459080065724
49 43 1005.9889732763966
49 44 1006.2004288383444
49 45 1006.1457460755483
49 46 1006.3392528406574
49 47 1006.2878881784353
49 48 1006.4620800558172
49 49 1006.415005764542
49 50 1006.5686514346324
49 51 1006.5267372771706
49 52 1006.6587499335102
49 53 1006.6227555448609
49 54 1006.7322012780319
49 55 1006.7027695931698
49 56 1006.7888744539709
49 57 1006.7665262829239
49 58 1006.8286815601734
49 59 1006.8138090640123
49 60 1006.8515813127241
49 61 1006.8444947042947
49 62 1006.8576148820709
49 63 1006.8576148820709
50 0 1000
50 1 1000.0226861326846
50 2 1000.0651273410534
50 3 1000.0701183665213
50 4 1000.1277493196941
50 5 1000.114148265572
50 6 1000.1868023983382
50 7 1000.1553449564773
50 8 1000.2428050687465
50 9 1000.1943650771714
50 10 1000.2962367574872
50 11 1000.2318358857916
50 12 1000.3475353797194
50 13 1000.2683214588653
50 14 1000.3970807340544
50 15 1000.304312432427
50 16 1000.445186828623
50 17 1000.3402182892751
50 18 1000.4920977268702
50 19 1000.3763634296789
50 20 1000.5379863253796
50 21 1000.4129860588845
50 22 1000.5829555625171
50 23 1000.4502395530188
50 24 1000.6270416719207
50 25 1000.4881959041677
50 26 1000.6702190845884
50 27 1000.5268508604313
50 28 1000.7124066067463
50 29 1000.5661303960921
50 30 1000.753474528031
50 31 1000.6058981728081
50 32 1000.7932523471524
50 33 1000.6459636831123
50 34 1000.8315368378998
50 35 1000.6860908008147
50 36 1000.8681002155478
50 37 1000.7260064977044
50 38 1000.9026982009783
50 39 1000.7654095210303
50 40 1000.9350778159749
50 41 1000.8039788604923
50 42 1000.9649847771859
50 43 1000.8413818660329
50 44 1000.9921703874173
50 45 1000.8772819078619
50 46 1001.0163978506471
50 47 1000.911345497325
50 48 1001.0374479610574
50 49 1000.9432488110726
50 50 1001.0551241363089
50 51 1000.9726835812102
50 52 1001.0692567810842
50 53 1000.9993623313669
50 54 1001.0797069804604
50 55 1001.02302294785
50 56 1001.0863695219293
50 57 1001.0434326233997
50 58 1001.089175236447
50 59 1001.0603904262523
50 60 1001.0880935478649
50 61 1001.0737459149132
50 62 1001.0831443361637
50 63 1001.0831443361637
51 0 1000
51 1 999.86108321394011
51 2 999.74229501469483
51 3 999.5859064424526
51 4 999.48312667805578
51 5 999.30887035504486
51 6 999.22248273550326
51 7 999.03165063157508
51 8 998.96197132580312
51 9 998.75597235073815
51 10 998.70311777796633
51 11 998.48348825257801
51 12 998.447359477541
51 13 998.21573786770546
51 14 998.19602293516925
51 15 997.95413186690382
51 16 997.95031136379021
51 17 997.6999402650298
51 18 997.71129715084055
51 19 997.45428575410892
51 20 997.47991853317683
51 21 997.21814106901058
51 22 997.25697986230296
51 23 996.99232993609371
51 24 997.04315495671017
51 25 996.77753108517038
51 26 996.83899302287728
51 27 996.57428481727322
51 28 996.6449266482623
51 29 996.38300163950316
51 30 996.46128139763027
51 31 996.20397250568737
51 32 996.28828657939016
51 33 996.03738023548692
51 34 996.12608678868958
51 35 995.88331172292226
51 36 995.97475387686461
51 37 995.74177058625389
51 38 995.8342990407192
51 39 995.61268995317425
51 40 995.70468476851647
51 41 995.49594511701684
51 42 995.58583642126121
51 43 995.39136584001301
51 44 995.47765326686158
51 45 995.29874811763955
51 46 995.38001882032415
51 47 995.21786525308835
51 48 995.29281037475903
51 49 995.14847812235223
51 50 995.21590763535937
51 51 995.09034453796892
51 52 995.14920039138053
51 53 995.043227643872
51 54 995.0925951832711
51 55 995.00690329041208
51 56 995.04602089662637
51 57 994.98116632084111
51 58 995.00943365543003
51 59 994.96583712486336
51 60 994.98281825787092
51 61 994.96073945814976
51 62 994.96617439589556
51 63 994.96617439589556
52 0 1000
52 1 999.69082274631376
52 2 999.4021676423946
52 3 999.07575380420769
52 4 998.80396610921116
52 5 998.46044026039567
52 6 998.20647345576469
52 7 997.84770432779339
52 8 997.61242792368421
52 9 997.24038032640522
52 10 997.0244415770776
52 11 996.64118746335964
52 12 996.44499225225059
52 13 996.05268179045072
52 14 995.87639416172453
52 15 995.47723500965731
52 16 995.32078056936746
52 17 994.91701843260807
52 18 994.78009271924282
52 19 994.37399339879266
52 20 994.25607422492044
52 21 993.84990693177281
52 22 993.75027020078721
52 23 993.34629207804164
52 24 993.26403052084459
52 25 992.86447229440739
52 26 992.79851657009817
52 27 992.4055692585315
52 28 992.35471087308429
52 29 991.97051349467768
52 30 991.93342901187043
52 31 991.56005723495127
52 32 991.5353332829701
52 33 991.17478897282638
52 34 991.16094758612405
52 35 990.81514920817597
52 36 990.81067308549984
52 37 990.48144692925496
52 38 990.48480423349315
52 39 990.17387642523511
52 40 990.18354479719937
52 41 989.89253407136925
52 42 989.90702357627288
52 43 989.63743477630373
52 44 989.65530954714336
52 45 989.40852782639786
52 46 989.42842621147804
52 47 989.20571190426688
52 48 989.22636496573921
52 49 989.02884909753982
52 50 989.0490973432851
52 51 988.87777774848507
52 52 988.89658601021688
52 53 988.75232402659151
52 54 988.76879442691256
52 55 988.65231213013806
52 56 988.66569503457265
52 57 988.57757293384998
52 58 988.58727674866748
52 59 988.52795468555371
52 60 988.5335451012254
52 61 988.50325725831271
52 62 988.50448110012724
52 63 988.50448110012724
53 0 1000
53 1 999.51191515871005
53 2 999.0447660180032
53 3 998.53968975031387
53 4 998.09030692732392
53 5 997.56890232023761
53 6 997.13882742337091
53 7 996.60355903523282
53 8 996.19423394820615
53 9 995.64764214535728
53 10 995.26026412095598
53 11 994.70497652109805
53 12 994.34047553723053
53 13 993.77917436741257
53 14 993.43820979693442
53 15 992.87360835323159
53 16 992.55657014328779
53 17 991.99139117882908
53 18 991.69840668765778
53 19 991.13536290433024
53 20 990.86630832841661
53 21 990.3080847007908
53 22 990.06260054569123
53 23 989.51183836976008
53 24 989.28934835366465
53 25 988.74863089024689
53 26 988.54836366633856
53 27 988.02020325668707
53 28 987.84121634889004
53 29 987.32804288665488
53 30 987.16924825338174
53 31 986.67339890505582
53 32 986.53358957545345
53 33 986.05729964962757
53 34 985.93517691454861
53 35 985.48057178809063
53 36 985.3747724715812
53 37 984.9438604877912
53 38 984.85298387238277
53 39 984.44765013203107
53 40 984.37028416072917
53 41 983.99228513164007
53 42 983.92703155956303
53 43 983.5779904341548
53 44 983.52348865180306
53 45 983.20489138498533
53 46 983.15984068183479
53 47 982.87303264417756
53 48 982.83621272461608
53 49 982.58239590806556
53 50 982.55268551082008
53 51 982.33291622662637
53 52 982.30930973284978
53 53 982.1244967456397
53 54 982.10611869585807
53 55 981.95702173382983
53 56 981.94313909540006
53 57 981.83036758947287
53 58 981.82040114140773
53 59 981.744417826578
53 60 981.73793720339563
53 61 981.6989508816896
53 62 981.69571152509729
53 63 981.69571152509729
54 0 1000
54 1 999.32437047687029
54 2 998.67010976061147
54 3 997.97774401477227
54 4 997.34218556702126
54 5 996.63430206512658
54 6 996.01959254681969
54 7 995.29926975435649
54 8 994.70744114649824
54 9 993.97781374048884
54 10 993.41063136795321
54 11 992.67490186866507
54 12 992.13383821994159
54 13 991.39524059471194
54 14 990.8814690818034
54 15 990.14324233326079
54 16 989.65763619550046
54 17 988.92300050440269
54 18 988.46613803714729
54 19 987.73827360369626
54 20 987.31044857972449
54 21 986.59247684696948
54 22 986.1937135375523
54 23 985.48868064609098
54 24 985.11875277967567
54 25 984.42961507677239
54 26 984.08806806751124
54 27 983.41767949912639
54 28 983.10385528412849
54 29 982.45495650353848
54 30 982.16802034694331
54 31 981.54322938111068
54 32 981.2821980331554
54 33 980.68400235653633
54 34 980.44777299452801
54 35 979.87852286876534
54 36 979.66590229213102
54 37 979.12780523854656
54 38 978.93753883986585
54 39 978.43265511947118
54 40 978.26345520565383
54 41 977.79369418844544
54 42 977.64426727924933
54 43 977.21138459085466
54 44 977.0804573741683
54 45 976.68605271365311
54 46 976.57239638703368
54 47 976.21791191509249
54 48 976.12036468983456
54 49 975.80708389196411
54 50 975.72457147857187
54 51 975.45361841325723
54 52 975.38517234459073
54 53 975.15751119409015
54 54 975.10228488266978
54 55 974.91871972168929
54 56 974.87600203440718
54 57 974.73717659636452
54 58 974.70640485342324
54 59 974.612808939258
54 60 974.59355942330251
54 61 974.54537676942732
54 62 974.53741558670527
54 63 974.53741558670527
55 0 1000
55 1 999.1282031289262
55 2 998.27822774915671
55 3 997.38995793442371
55 4 996.55965743402442
55 5 995.65670373049488
55 6 994.84884558094848
55 7 993.93491696995716
55 8 993.15214001860977
55 9 992.23098301969947
55 10 991.47563787695287
55 11 990.55104814479444
55 12 989.82516747159912
55 13 988.90094962091973
55 14 988.20623894978849
55 15 987.28617722893057
55 16 986.62401155544728
55 17 985.71184367444448
55 18 985.08327101356736
55 19 984.18266523769205
55 20 983.58841595287902
55 21 982.70295110634163
55 22 982.14345237756129
55 23 981.27660056913351
55 24 980.75199529177996
55 25 979.90710714412785
55 26 979.41727654180738
55 27 978.59756870877982
55 28 978.1421579471513
55 29 977.35070270647418
55 30 976.92914881320667
55 31 976.1688655284587
55 32 975.78042695409124
55 33 975.05407520809263
55 34 974.69786240179224
55 35 974.00803661269879
55 36 973.68304303333764
55 37 973.03216837412401
55 38 972.73730140853934
55 39 972.12763085975996
55 40 971.86174217449309
55 41 971.29535454900793
55 42 971.05726945738445
55 43 970.53606824411872
55 44 970.32461372556872
55 45 969.85032660745014
55 46 969.6643576690733
55 47 969.23853657826169
55 48 969.07696069860185
55 49 968.7009822802421
55 50 968.56278172115356
55 51 968.23784808516427
55 52 968.12209989827807
55 53 967.84923954946373
55 54 967.7551331492424
55 55 967.53520198508147
55 56 967.46205400944245
55 57 967.29573608684666
55 58 967.24300502718404
55 59 967.13082187829605
55 60 967.09809369324364
55 61 967.04020455284831
55 62 967.02725826888388
55 63 967.02725826888388
56 0 1000
56 1 998.92343129582991
56 2 997.86915591435957
56 3 996.77638570756756
56 4 995.7427915076986
56 5 994.63619351240527
56 6 993.62668305032389
56 7 992.51061238982652
56 8 991.52844681428576
56 9 990.40727848855636
56 10 989.45540978056613
56 11 988.33355000074278
56 12 987.41458773900195
56 13 986.29642997077383
56 14 985.41262920855615
56 15 984.302521912614
56 16 983.45577743331569
56 17 982.35799552338574
56 18 981.54984366203541
56 19 980.46856376083372
56 20 979.70019054904446
56 21 978.63946965615651
56 22 977.91172462285704
56 23 976.87548197555611
56 24 976.18889685572708
56 25 975.18089872891289
56 26 974.53571031937884
56 27 973.55955750972987
56 28 972.95573391224343
56 29 972.01485165233782
56 30 971.45212116020025
56 31 970.54975121319239
56 32 970.02763312644754
56 33 969.16682781930547
56 34 968.68466451265635
56 35 967.86828247493952
56 36 967.42527208951935
56 37 966.65597547443701
56 38 966.25120465715679
56 39 965.53145763167527
56 40 965.16393380191982
56 41 964.49600210273411
56 42 964.16468478376157
56 43 963.55063614592166
56 44 963.25446695572259
56 45 962.69617223069997
56 46 962.43410318280462
56 47 961.93323797295398
56 48 961.70425779051891
56 49 961.26230443747215
56 50 961.06546263293967
56 51 960.68371240841395
56 52 960.51814092478821
56 53 960.19769628621737
56 54 960.06262854687077
56 55 959.8044053205906
56 56 959.699192342674
56 57 959.50392145263334
56 58 959.42804811759106
56 59 959.29628790112679
56 60 959.24935328227389
56 61 959.18123921455219
56 62 959.16303778256599
56 63 959.16303778256599
57 0 1000
57 1 998.71002537099889
57 2 997.44283522457908
57 3 996.13693674981744
57 4 994.8914674195612
57 5 993.57261582830438
57 6 992.35291810951071
57 7 991.02612888254134
57 8 989.8361008103318
57 9 988.50639289541368
57 10 987.34960311022849
57 11 986.0220097052927
57 12 984.90166073721264
57 13 983.58118159730998
57 14 982.50009483523843
57 15 981.19166108753427
57 16 980.15226869613207
57 17 978.86071188068615
57 18 977.86505683571829
57 19 976.59508223334979
57 20 975.64482519665808
57 21 974.40098903814328
57 22 973.49742137896692
57 23 972.28411169334765
57 24 971.42817387477623
57 25 970.24959469373027
57 26 969.44189922494968
57 27 968.30205785490318
57 28 967.54291600752401
57 29 966.4456130787953
57 30 965.73506457916471
57 31 964.68388658412323
57 32 964.02173152088039
57 33 963.02004555910844
57 34 962.40587778368433
57 35 961.45682824031928
57 36 960.8900695850798
57 37 959.99657647801916
57 38 959.47651116992051
57 39 958.64126991183491
57 40 958.16707861660177
57 41 957.3925609484063
57 42 956.96335393934987
57 43 956.25180980282937
57 44 955.86665880772921
57 45 955.22011893644526
57 46 954.87808727390302
57 47 954.29836629346539
57 48 953.99853696551861
57 49 953.48723680701653
57 50 953.22873826658076
57 51 952.78725171033557
57 52 952.56928106875603
57 53 952.19879525258341
57 54 952.02063874906571
57 55 951.72213847691876
57 56 951.58318879641229
57 57 951.35745917821714
57 58 951.25723336188457
57 59 951.10487521802327
57 60 951.04298928506125
57 61 950.96411536137032
57 62 950.94038198847147
57 63 950.94038198847147
58 0 1000
58 1 998.48780715047508
58 2 996.99890892539031
58 3 995.47107632802397
58 4 994.00496910686161
58 5 992.46507596511219
58 6 991.02647074229094
58 7 989.48020652577065
58 8 988.07365182026626
58 9 986.526694328708
58 10 985.1563898595565
58 11 983.61441518414233
58 12 982.28417180502606
58 13 980.75280302691567
58 14 979.46602487517453
58 15 977.95079399395729
58 16 976.71046808124538
58 17 975.21678260552324
58 18 974.02547701980006
58 19 972.5585912856194
58 20 971.41846070822794
58 21 969.98345151176238
58 22 968.89624933924267
58 23 967.49799562566068
58 24 966.46509188834455
58 25 965.10825819096215
58 26 964.13066243664377
58 27 962.81968575050075
58 28 961.89807405511556
58 29 960.63715382325097
58 30 959.77189910127856
58 31 958.56498999206394
58 32 957.75619480478315
58 33 956.60700196274843
58 34 955.85453305971578
58 35 954.76650951915178
58 36 954.07003339470862
58 37 953.04637935401558
58 38 952.40539815381578
58 39 951.44906181849262
58 40 950.86294898870108
58 41 949.97662870169631
58 42 949.44466383361237
58 43 948.63081122335814
58 44 948.15221360693738
58 45 947.41303749578981
58 46 946.98699795532195
58 47 946.32446878447286
58 48 945.95017942722302
58 49 945.36603396863995
58 50 945.04271553154354
58 51 944.53846167302504
58 52 944.26538820199971
58 53 943.84230961145215
58 54 943.61883027017643
58 55 943.27799074860741
58 56 943.10354827359345
58 57 942.84579523897196
58 58 942.71994547415602
58 59 942.54592853130976
58 60 942.46830894009429
58 61 942.37811958324733
58 62 942.34856415902038
58 63 942.34856415902038
59 0 1000
59 1 998.25683346094422
59 2 996.53749141841911
59 3 994.77897423067952
59 4 993.08352370748878
59 5 991.31385345155945
59 6 989.64767722055547
59 7 987.87323029265235
59 8 986.24154065261916
59 9 984.46866779181323
59 10 982.87630948944707
59 11 981.11134484548222
59 12 979.56275198961191
59 13 977.8119584341232
59 14 976.31113394115403
59 15 974.58066215227939
59 16 973.13116502379614
59 17 971.42701758895839
59 18 970.03195923391786
59 19 968.3599598710183
59 20 967.02200817761502
59 21 965.38777566433293
59 22 964.10916610181437
59 23 962.51809264642861
59 24 961.30064556866876
59 25 959.75787930036381
59 26 958.60302259318917
59 27 957.11345383481671
59 28 956.02225003838771
59 29 954.59050101493767
59 30 953.56367806001515
59 31 952.19409569304207
59 32 951.23208041296164
59 33 949.92873185281815
59 34 949.03168546847928
59 35 947.79835602111007
59 36 946.96621084159483
59 37 945.80640395387968
59 38 945.0389005879241
59 39 943.9558395645164
59 40 943.25256399567138
59 41 942.24919513060922
59 42 941.60961506947115
59 43 940.68861188740482
59 44 940.11211187592949
59 45 939.27588019065172
59 46 938.76179499470095
59 47 938.012478506918
59 48 937.56012439250196
59 49 936.89961056464767
59 50 936.50831410980334
59 51 935.93824007306921
59 52 935.60736421929812
59 53 935.12912249090687
59 54 934.8580896063246
59 55 934.47283340022068
59 56 934.2611447996286
59 57 933.96979228420037
59 58 933.81704937841118
59 59 933.62030550221596
59 60 933.52617180437971
59 61 933.42410854926004
59 62 933.38844252268723
59 63 933.38844252268723
60 0 1000
60 1 998.01940623303165
60 2 996.06318669029861
60 3 994.06753274458868
60 4 992.1363241170435
60 5 990.13042805961095
60 6 988.23028995472703
60 7 986.22122184509431
60 8 984.3580365252551
60 9 982.35282731757968
60 10 980.53209142804315
60 11 978.53774182728148
60 12 976.76452091108217
60 13 974.78794357967126
60 14 973.06684894760326
60 15 971.11482480424797
60 16 969.44999852909973
60 17 967.52913835096592
60 18 965.92424768197179
60 19 964.04095916651693
60 20 962.49919908359868
60 21 960.65965897067122
60 22 959.18376215554713
60 23 957.39389314089033
60 24 955.98614652289962
60 25 954.25159863120007
60 26 952.91386562979369
60 27 951.24000169528472
60 28 949.97374926592204
60 29 948.3656341547271
60 30 947.17196374887067
60 31 945.63435695079227
60 32 944.51403852081717
60 33 943.05138973693772
60 34 942.00489795000385
60 35 940.62134530489232
60 36 939.64889717344397
60 37 938.34826768600328
60 38 937.44986087402788
60 39 936.23567282844215
60 40 935.41112394961749
60 41 934.28659081714943
60 42 933.53557310144913
60 43 932.5036086748562
60 44 931.82568844221601
60 45 930.88891285736179
60 46 930.28358429902187
60 47 929.44433063297606
60 48 928.9110484617903
60 49 928.17136961358358
60 50 927.70957920288356
60 51 927.07125478195042
60 52 926.68041946673861
60 53 926.14496243962458
60 54 925.82458772833991
60 55 925.39325058033057
60 56 925.14290464295948
60 57 924.81668431640253
60 58 924.63602077977669
60 59 924.41568397677156
60 60 924.30439659739238
60 61 924.18999558785163
60 62 924.14797086336341
60 63 924.14797086336341
61 0 1000
61 1 997.77957103957169
61 2 995.58408538397691
61 3 993.3488638294549
61 4 991.17949406443688
61 5 988.93489384287875
61 6 986.79835611488738
61 7 984.5521210370274
61 8 982.45494755125446
61 9 980.21477018092446
61 10 978.1630916661627
61 11 975.93662379493855
61 12 973.93612263907232
61 13 971.73091493833738
61 14 969.786799896763
61 15 967.61025578842975
61 16 965.72724501655989
61 17 963.58658003264918
61 18 961.76889381270837
61 19 959.67110065149268
61 20 957.92246254703264
61 21 955.87428143681689
61 22 954.19792714945265
61 23 952.20582125132432
61 24 950.60451432706452
61 25 948.67464983962145
61 26 947.15070333200379
61 27 945.28893393744966
61 28 943.84423711639602
61 29 942.05609239078387
61 30 940.69214158767898
61 31 938.98281898925688
61 32 937.70075168700748
61 33 936.07511173326623
61 34 934.87574304191696
61 35 933.33830728665964
61 36 932.22216798772854
61 37 930.77711941329676
61 38 929.74449480681733
61 39 928.39568025291953
61 40 927.44664909788662
61 41 926.19758335695099
61 42 925.3320562563631
61 43 924.18592747587377
61 44 923.40368411998463
61 45 922.3633601649077
61 46 921.66408490902029
61 47 920.73212035233814
61 48 920.11543566715511
61 49 919.29407909394365
61 50 918.75957648611291
61 51 918.05077781634145
61 52 917.59804587250767
61 53 917.00346343525894
61 54 916.63211272335445
61 55 916.15311982059643
61 56 915.86280393171808
61 57 915.50049405650145
61 58 915.29093383695886
61 59 915.0461495864447
61 60 914.91707896779735
61 61 914.78985439343228
61 62 914.74119612364507
61 63 914.74119612364507
62 0 1000
62 1 997.51570004941379
62 2 995.05695544994228
62 3 992.55815107951969
62 4 990.12675277071287
62 5 987.61954784836223
62 6 985.2229474659066
62 7 982.71583620650426
62 8 980.36129003490203
62 9 977.86270307903999
62 10 975.55704887071545
62 11 973.07536451964427
62 12 970.8249724712739
62 13 968.36845306093926
62 14 966.17919773642529
62 15 963.75594042104183
62 16 961.63318127867797
62 17 959.25107454324871
62 18 957.19964648480834
62 19 954.86633264167142
62 20 952.89054533655155
62 21 950.61338863872788
62 22 948.71703390444407
62 23 946.50309401969855
62 24 944.68946040480432
62 25 942.54547091923155
62 26 940.8173645882855
62 27 938.74971617858819
62 28 937.10948717490783
62 29 935.12421506622024
62 30 933.57378802465894
62 31 931.67656333649848
62 32 930.21747173214771
62 33 928.41359630659224
62 34 927.04701935305422
62 35 925.34142365521552
62 36 924.06822500518388
62 37 922.46546868559255
62 38 921.28623613440664
62 39 919.79051084551929
62 40 918.70559629282604
62 41 917.32073035726285
62 42 916.33028934084007
62 43 915.05975387711283
62 44 914.16378405444709
62 45 913.01070017696679
62 46 912.2090781927144
62 47 911.17622491693794
62 48 910.46874115659227
62 49 909.5585636575837
62 50 908.9449544484894
62 51 908.15957234170605
62 52 907.63954922001506
62 53 906.98076456271906
62 54 906.55404031066394
62 55 906.02334502889516
62 56 905.68965568718261
62 57 905.28823749351466
62 58 905.04736816324919
62 59 904.77614283679077
62 60 904.62786671655363
62 61 904.48685723603887
62 62 904.43113128895368
62 63 904.43113128895368
63 0 1000
63 1 0
63 2 0
63 3 0
63 4 0
63 5 0
63 6 0
63 7 0
63 8 0
63 9 0
63 10 0
63 11 0
63 12 0
63 13 0
63 14 0
63 15 0
63 16 0
63 17 0
63 18 0
63 19 0
63 20 0
63 21 0
63 22 0
63 23 0
63 24 0
63 25 0
63 26 0
63 27 0
63 28 0
63 29 0
63 30 0
63 31 0
63 32 0
63 33 0
63 34 0
63 35 0
63 36 0
63 37 0
63 38 0
63 39 0
63 40 0
63 41 0
63 42 0
63 43 0
63 44 0
63 45 0
63 46 0
63 47 0
63 48 0
63 49 0
63 50 0
63 51 0
63 52 0
63 53 0
63 54 0
63 55 0
63 56 0
63 57 0
63 58 0
63 59 0
63 60 0
63 61 0
63 62 0
63 63 0
