0 0 0.000000
0 1 0.000000
0 2 0.000000
0 3 0.000000
0 4 0.000000
0 5 0.000000
0 6 0.000000
0 7 0.000000
0 8 0.000000
0 9 0.000000
0 10 0.000000
0 11 0.000000
0 12 0.000000
0 13 0.000000
0 14 0.000000
0 15 0.000000
0 16 0.000000
0 17 0.000000
0 18 0.000000
0 19 0.000000
0 20 0.000000
0 21 0.000000
0 22 0.000000
0 23 0.000000
0 24 0.000000
0 25 0.000000
0 26 0.000000
0 27 0.000000
0 28 0.000000
0 29 0.000000
0 30 0.000000
0 31 0.000000
0 32 0.000000
0 33 0.000000
0 34 0.000000
0 35 0.000000
0 36 0.000000
0 37 0.000000
0 38 0.000000
0 39 0.000000
0 40 0.000000
0 41 0.000000
0 42 0.000000
0 43 0.000000
0 44 0.000000
0 45 0.000000
0 46 0.000000
0 47 0.000000
0 48 0.000000
0 49 0.000000
0 50 0.000000
0 51 0.000000
0 52 0.000000
0 53 0.000000
0 54 0.000000
0 55 0.000000
0 56 0.000000
0 57 0.000000
0 58 0.000000
0 59 0.000000
0 60 0.000000
0 61 0.000000
0 62 0.000000
0 63 0.000000
1 0 0.000000
1 1 -3846.967082
1 2 873.078088
1 3 342.066908
1 4 -51.550977
1 5 -29.142777
1 6 2.610141
1 7 2.394709
1 8 -0.088547
1 9 -0.191258
1 10 -0.002833
1 11 0.014298
1 12 0.000528
1 13 -0.001410
1 14 -0.000385
1 15 -0.000143
1 16 -0.000176
1 17 -0.000166
1 18 -0.000138
1 19 -0.000116
1 20 -0.000100
1 21 -0.000086
1 22 -0.000074
1 23 -0.000064
1 24 -0.000056
1 25 -0.000049
1 26 -0.000043
1 27 -0.000038
1 28 -0.000033
1 29 -0.000030
1 30 -0.000026
1 31 -0.000024
1 32 -0.000021
1 33 -0.000019
1 34 -0.000017
1 35 -0.000015
1 36 -0.000014
1 37 -0.000013
1 38 -0.000011
1 39 -0.000010
1 40 -0.000009
1 41 -0.000008
1 42 -0.000008
1 43 -0.000007
1 44 -0.000006
1 45 -0.000006
1 46 -0.000005
1 47 -0.000005
1 48 -0.000004
1 49 -0.000004
1 50 -0.000003
1 51 -0.000003
1 52 -0.000003
1 53 -0.000002
1 54 -0.000002
1 55 -0.000002
1 56 -0.000002
1 57 -0.000001
1 58 -0.000001
1 59 -0.000001
1 60 -0.000001
1 61 0.000000
1 62 0.000004
1 63 0.000000
2 0 0.000000
2 1 -3846.952084
2 2 873.075802
2 3 342.067333
2 4 -51.549874
2 5 -29.141881
2 6 2.610897
2 7 2.395368
2 8 -0.087980
2 9 -0.190776
2 10 -0.002427
2 11 0.014636
2 12 0.000808
2 13 -0.001181
2 14 -0.000197
2 15 0.000009
2 16 -0.000053
2 17 -0.000067
2 18 -0.000058
2 19 -0.000051
2 20 -0.000047
2 21 -0.000043
2 22 -0.000038
2 23 -0.000034
2 24 -0.000031
2 25 -0.000028
2 26 -0.000025
2 27 -0.000022
2 28 -0.000020
2 29 -0.000018
2 30 -0.000016
2 31 -0.000014
2 32 -0.000013
2 33 -0.000011
2 34 -0.000010
2 35 -0.000009
2 36 -0.000008
2 37 -0.000007
2 38 -0.000007
2 39 -0.000006
2 40 -0.000005
2 41 -0.000005
2 42 -0.000004
2 43 -0.000004
2 44 -0.000004
2 45 -0.000003
2 46 -0.000003
2 47 -0.000003
2 48 -0.000002
2 49 -0.000002
2 50 -0.000002
2 51 -0.000002
2 52 -0.000002
2 53 -0.000001
2 54 -0.000001
2 55 -0.000001
2 56 -0.000001
2 57 -0.000001
2 58 -0.000001
2 59 -0.000001
2 60 -0.000001
2 61 0.000000
2 62 0.000004
2 63 0.000000
3 0 0.000000
3 1 -3846.941903
3 2 873.072357
3 3 342.066934
3 4 -51.549571
3 5 -29.141707
3 6 2.611027
3 7 2.395493
3 8 -0.087862
3 9 -0.190667
3 10 -0.002327
3 11 0.014726
3 12 0.000889
3 13 -0.001108
3 14 -0.000132
3 15 0.000066
3 16 -0.000002
3 17 -0.000023
3 18 -0.000019
3 19 -0.000018
3 20 -0.000018
3 21 -0.000018
3 22 -0.000017
3 23 -0.000016
3 24 -0.000015
3 25 -0.000014
3 26 -0.000013
3 27 -0.000012
3 28 -0.000011
3 29 -0.000010
3 30 -0.000009
3 31 -0.000008
3 32 -0.000008
3 33 -0.000007
3 34 -0.000006
3 35 -0.000006
3 36 -0.000005
3 37 -0.000005
3 38 -0.000004
3 39 -0.000004
3 40 -0.000003
3 41 -0.000003
3 42 -0.000003
3 43 -0.000002
3 44 -0.000002
3 45 -0.000002
3 46 -0.000002
3 47 -0.000002
3 48 -0.000001
3 49 -0.000001
3 50 -0.000001
3 51 -0.000001
3 52 -0.000001
3 53 -0.000001
3 54 -0.000001
3 55 -0.000001
3 56 -0.000001
3 57 -0.000000
3 58 -0.000000
3 59 -0.000000
3 60 -0.000000
3 61 0.000000
3 62 0.000004
3 63 0.000000
4 0 0.000000
4 1 -3846.932572
4 2 873.068728
4 3 342.066323
4 4 -51.549497
4 5 -29.141748
4 6 2.610960
4 7 2.395438
4 8 -0.087908
4 9 -0.190707
4 10 -0.002361
4 11 0.014699
4 12 0.000867
4 13 -0.001125
4 14 -0.000146
4 15 0.000056
4 16 -0.000009
4 17 -0.000028
4 18 -0.000023
4 19 -0.000020
4 20 -0.000019
4 21 -0.000018
4 22 -0.000017
4 23 -0.000016
4 24 -0.000015
4 25 -0.000014
4 26 -0.000012
4 27 -0.000011
4 28 -0.000010
4 29 -0.000010
4 30 -0.000009
4 31 -0.000008
4 32 -0.000007
4 33 -0.000007
4 34 -0.000006
4 35 -0.000005
4 36 -0.000005
4 37 -0.000004
4 38 -0.000004
4 39 -0.000004
4 40 -0.000003
4 41 -0.000003
4 42 -0.000003
4 43 -0.000002
4 44 -0.000002
4 45 -0.000002
4 46 -0.000002
4 47 -0.000002
4 48 -0.000001
4 49 -0.000001
4 50 -0.000001
4 51 -0.000001
4 52 -0.000001
4 53 -0.000001
4 54 -0.000001
4 55 -0.000001
4 56 -0.000001
4 57 -0.000000
4 58 -0.000000
4 59 -0.000000
4 60 -0.000000
4 61 0.000000
4 62 0.000004
4 63 0.000000
5 0 0.000000
5 1 -3846.922962
5 2 873.065216
5 3 342.065752
5 4 -51.549349
5 5 -29.141722
5 6 2.610948
5 7 2.395433
5 8 -0.087911
5 9 -0.190709
5 10 -0.002362
5 11 0.014698
5 12 0.000867
5 13 -0.001125
5 14 -0.000145
5 15 0.000057
5 16 -0.000008
5 17 -0.000026
5 18 -0.000021
5 19 -0.000019
5 20 -0.000018
5 21 -0.000017
5 22 -0.000016
5 23 -0.000015
5 24 -0.000014
5 25 -0.000013
5 26 -0.000012
5 27 -0.000011
5 28 -0.000010
5 29 -0.000009
5 30 -0.000008
5 31 -0.000008
5 32 -0.000007
5 33 -0.000006
5 34 -0.000006
5 35 -0.000005
5 36 -0.000005
5 37 -0.000004
5 38 -0.000004
5 39 -0.000004
5 40 -0.000003
5 41 -0.000003
5 42 -0.000003
5 43 -0.000002
5 44 -0.000002
5 45 -0.000002
5 46 -0.000002
5 47 -0.000002
5 48 -0.000001
5 49 -0.000001
5 50 -0.000001
5 51 -0.000001
5 52 -0.000001
5 53 -0.000001
5 54 -0.000001
5 55 -0.000001
5 56 -0.000001
5 57 -0.000000
5 58 -0.000000
5 59 -0.000000
5 60 -0.000000
5 61 0.000000
5 62 0.000004
5 63 0.000000
6 0 0.000000
6 1 -3846.913173
6 2 873.061748
6 3 342.065166
6 4 -51.549173
6 5 -29.141674
6 6 2.610954
6 7 2.395444
6 8 -0.087898
6 9 -0.190697
6 10 -0.002351
6 11 0.014709
6 12 0.000877
6 13 -0.001116
6 14 -0.000137
6 15 0.000065
6 16 -0.000002
6 17 -0.000020
6 18 -0.000016
6 19 -0.000014
6 20 -0.000013
6 21 -0.000013
6 22 -0.000012
6 23 -0.000012
6 24 -0.000011
6 25 -0.000010
6 26 -0.000010
6 27 -0.000009
6 28 -0.000008
6 29 -0.000008
6 30 -0.000007
6 31 -0.000007
6 32 -0.000006
6 33 -0.000005
6 34 -0.000005
6 35 -0.000005
6 36 -0.000004
6 37 -0.000004
6 38 -0.000004
6 39 -0.000003
6 40 -0.000003
6 41 -0.000003
6 42 -0.000002
6 43 -0.000002
6 44 -0.000002
6 45 -0.000002
6 46 -0.000002
6 47 -0.000001
6 48 -0.000001
6 49 -0.000001
6 50 -0.000001
6 51 -0.000001
6 52 -0.000001
6 53 -0.000001
6 54 -0.000001
6 55 -0.000001
6 56 -0.000000
6 57 -0.000000
6 58 -0.000000
6 59 -0.000000
6 60 -0.000000
6 61 0.000000
6 62 0.000004
6 63 0.000000
7 0 0.000000
7 1 -3846.903260
7 2 873.058299
7 3 342.064543
7 4 -51.548994
7 5 -29.141627
7 6 2.610956
7 7 2.395451
7 8 -0.087890
7 9 -0.190689
7 10 -0.002343
7 11 0.014716
7 12 0.000883
7 13 -0.001109
7 14 -0.000131
7 15 0.000071
7 16 0.000004
7 17 -0.000015
7 18 -0.000011
7 19 -0.000010
7 20 -0.000010
7 21 -0.000010
7 22 -0.000009
7 23 -0.000009
7 24 -0.000009
7 25 -0.000008
7 26 -0.000008
7 27 -0.000007
7 28 -0.000007
7 29 -0.000006
7 30 -0.000006
7 31 -0.000005
7 32 -0.000005
7 33 -0.000005
7 34 -0.000004
7 35 -0.000004
7 36 -0.000004
7 37 -0.000003
7 38 -0.000003
7 39 -0.000003
7 40 -0.000003
7 41 -0.000002
7 42 -0.000002
7 43 -0.000002
7 44 -0.000002
7 45 -0.000002
7 46 -0.000001
7 47 -0.000001
7 48 -0.000001
7 49 -0.000001
7 50 -0.000001
7 51 -0.000001
7 52 -0.000001
7 53 -0.000001
7 54 -0.000001
7 55 -0.000001
7 56 -0.000000
7 57 -0.000000
7 58 -0.000000
7 59 -0.000000
7 60 -0.000000
7 61 0.000000
7 62 0.000003
7 63 0.000000
8 0 0.000000
8 1 -3846.893235
8 2 873.054880
8 3 342.063888
8 4 -51.548812
8 5 -29.141578
8 6 2.610956
8 7 2.395456
8 8 -0.087883
8 9 -0.190683
8 10 -0.002338
8 11 0.014721
8 12 0.000889
8 13 -0.001104
8 14 -0.000126
8 15 0.000075
8 16 0.000008
8 17 -0.000012
8 18 -0.000008
8 19 -0.000006
8 20 -0.000007
8 21 -0.000007
8 22 -0.000007
8 23 -0.000007
8 24 -0.000006
8 25 -0.000006
8 26 -0.000006
8 27 -0.000006
8 28 -0.000005
8 29 -0.000005
8 30 -0.000005
8 31 -0.000004
8 32 -0.000004
8 33 -0.000004
8 34 -0.000004
8 35 -0.000003
8 36 -0.000003
8 37 -0.000003
8 38 -0.000003
8 39 -0.000002
8 40 -0.000002
8 41 -0.000002
8 42 -0.000002
8 43 -0.000002
8 44 -0.000002
8 45 -0.000001
8 46 -0.000001
8 47 -0.000001
8 48 -0.000001
8 49 -0.000001
8 50 -0.000001
8 51 -0.000001
8 52 -0.000001
8 53 -0.000001
8 54 -0.000001
8 55 -0.000000
8 56 -0.000000
8 57 -0.000000
8 58 -0.000000
8 59 -0.000000
8 60 -0.000000
8 61 0.000000
8 62 0.000003
8 63 0.000000
9 0 0.000000
9 1 -3846.883122
9 2 873.051502
9 3 342.063203
9 4 -51.548626
9 5 -29.141526
9 6 2.610954
9 7 2.395460
9 8 -0.087876
9 9 -0.190677
9 10 -0.002333
9 11 0.014726
9 12 0.000893
9 13 -0.001100
9 14 -0.000122
9 15 0.000079
9 16 0.000011
9 17 -0.000008
9 18 -0.000005
9 19 -0.000004
9 20 -0.000004
9 21 -0.000005
9 22 -0.000005
9 23 -0.000005
9 24 -0.000005
9 25 -0.000005
9 26 -0.000004
9 27 -0.000004
9 28 -0.000004
9 29 -0.000004
9 30 -0.000004
9 31 -0.000004
9 32 -0.000003
9 33 -0.000003
9 34 -0.000003
9 35 -0.000003
9 36 -0.000003
9 37 -0.000002
9 38 -0.000002
9 39 -0.000002
9 40 -0.000002
9 41 -0.000002
9 42 -0.000002
9 43 -0.000001
9 44 -0.000001
9 45 -0.000001
9 46 -0.000001
9 47 -0.000001
9 48 -0.000001
9 49 -0.000001
9 50 -0.000001
9 51 -0.000001
9 52 -0.000001
9 53 -0.000001
9 54 -0.000000
9 55 -0.000000
9 56 -0.000000
9 57 -0.000000
9 58 -0.000000
9 59 -0.000000
9 60 -0.000000
9 61 0.000000
9 62 0.000003
9 63 0.000000
10 0 0.000000
10 1 -3846.872961
10 2 873.048177
10 3 342.062490
10 4 -51.548437
10 5 -29.141471
10 6 2.610951
10 7 2.395463
10 8 -0.087871
10 9 -0.190672
10 10 -0.002328
10 11 0.014730
10 12 0.000897
10 13 -0.001097
10 14 -0.000119
10 15 0.000082
10 16 0.000014
10 17 -0.000006
10 18 -0.000002
10 19 -0.000001
10 20 -0.000002
10 21 -0.000002
10 22 -0.000003
10 23 -0.000003
10 24 -0.000003
10 25 -0.000003
10 26 -0.000003
10 27 -0.000003
10 28 -0.000003
10 29 -0.000003
10 30 -0.000003
10 31 -0.000003
10 32 -0.000003
10 33 -0.000002
10 34 -0.000002
10 35 -0.000002
10 36 -0.000002
10 37 -0.000002
10 38 -0.000002
10 39 -0.000002
10 40 -0.000002
10 41 -0.000001
10 42 -0.000001
10 43 -0.000001
10 44 -0.000001
10 45 -0.000001
10 46 -0.000001
10 47 -0.000001
10 48 -0.000001
10 49 -0.000001
10 50 -0.000001
10 51 -0.000001
10 52 -0.000001
10 53 -0.000000
10 54 -0.000000
10 55 -0.000000
10 56 -0.000000
10 57 -0.000000
10 58 -0.000000
10 59 -0.000000
10 60 -0.000000
10 61 0.000000
10 62 0.000002
10 63 0.000000
11 0 0.000000
11 1 -3846.862797
11 2 873.044918
11 3 342.061754
11 4 -51.548248
11 5 -29.141415
11 6 2.610947
11 7 2.395464
11 8 -0.087866
11 9 -0.190668
11 10 -0.002324
11 11 0.014734
11 12 0.000900
11 13 -0.001093
11 14 -0.000116
11 15 0.000085
11 16 0.000017
11 17 -0.000003
11 18 0.000000
11 19 0.000001
11 20 0.000000
11 21 -0.000000
11 22 -0.000001
11 23 -0.000001
11 24 -0.000001
11 25 -0.000002
11 26 -0.000002
11 27 -0.000002
11 28 -0.000002
11 29 -0.000002
11 30 -0.000002
11 31 -0.000002
11 32 -0.000002
11 33 -0.000002
11 34 -0.000002
11 35 -0.000002
11 36 -0.000002
11 37 -0.000001
11 38 -0.000001
11 39 -0.000001
11 40 -0.000001
11 41 -0.000001
11 42 -0.000001
11 43 -0.000001
11 44 -0.000001
11 45 -0.000001
11 46 -0.000001
11 47 -0.000001
11 48 -0.000001
11 49 -0.000001
11 50 -0.000001
11 51 -0.000000
11 52 -0.000000
11 53 -0.000000
11 54 -0.000000
11 55 -0.000000
11 56 -0.000000
11 57 -0.000000
11 58 -0.000000
11 59 -0.000000
11 60 -0.000000
11 61 0.000000
11 62 0.000002
11 63 0.000000
12 0 0.000000
12 1 -3846.852681
12 2 873.041739
12 3 342.061000
12 4 -51.548060
12 5 -29.141357
12 6 2.610942
12 7 2.395465
12 8 -0.087861
12 9 -0.190665
12 10 -0.002321
12 11 0.014737
12 12 0.000903
12 13 -0.001091
12 14 -0.000113
12 15 0.000087
12 16 0.000019
12 17 -0.000001
12 18 0.000002
12 19 0.000003
12 20 0.000002
12 21 0.000001
12 22 0.000001
12 23 0.000000
12 24 0.000000
12 25 -0.000000
12 26 -0.000000
12 27 -0.000001
12 28 -0.000001
12 29 -0.000001
12 30 -0.000001
12 31 -0.000001
12 32 -0.000001
12 33 -0.000001
12 34 -0.000001
12 35 -0.000001
12 36 -0.000001
12 37 -0.000001
12 38 -0.000001
12 39 -0.000001
12 40 -0.000001
12 41 -0.000001
12 42 -0.000001
12 43 -0.000001
12 44 -0.000001
12 45 -0.000001
12 46 -0.000001
12 47 -0.000001
12 48 -0.000000
12 49 -0.000000
12 50 -0.000000
12 51 -0.000000
12 52 -0.000000
12 53 -0.000000
12 54 -0.000000
12 55 -0.000000
12 56 -0.000000
12 57 -0.000000
12 58 -0.000000
12 59 -0.000000
12 60 -0.000000
12 61 0.000000
12 62 0.000002
12 63 0.000000
13 0 0.000000
13 1 -3846.842666
13 2 873.038653
13 3 342.060233
13 4 -51.547876
13 5 -29.141298
13 6 2.610936
13 7 2.395465
13 8 -0.087858
13 9 -0.190662
13 10 -0.002319
13 11 0.014739
13 12 0.000906
13 13 -0.001088
13 14 -0.000111
13 15 0.000089
13 16 0.000021
13 17 0.000001
13 18 0.000004
13 19 0.000005
13 20 0.000004
13 21 0.000003
13 22 0.000002
13 23 0.000002
13 24 0.000001
13 25 0.000001
13 26 0.000001
13 27 0.000000
13 28 0.000000
13 29 0.000000
13 30 -0.000000
13 31 -0.000000
13 32 -0.000000
13 33 -0.000000
13 34 -0.000000
13 35 -0.000000
13 36 -0.000000
13 37 -0.000001
13 38 -0.000001
13 39 -0.000000
13 40 -0.000000
13 41 -0.000000
13 42 -0.000000
13 43 -0.000000
13 44 -0.000000
13 45 -0.000000
13 46 -0.000000
13 47 -0.000000
13 48 -0.000000
13 49 -0.000000
13 50 -0.000000
13 51 -0.000000
13 52 -0.000000
13 53 -0.000000
13 54 -0.000000
13 55 -0.000000
13 56 -0.000000
13 57 -0.000000
13 58 -0.000000
13 59 -0.000000
13 60 -0.000000
13 61 0.000000
13 62 0.000001
13 63 0.000000
14 0 0.000000
14 1 -3846.832808
14 2 873.035672
14 3 342.059460
14 4 -51.547695
14 5 -29.141238
14 6 2.610929
14 7 2.395463
14 8 -0.087855
14 9 -0.190659
14 10 -0.002316
14 11 0.014741
14 12 0.000908
14 13 -0.001086
14 14 -0.000109
14 15 0.000091
14 16 0.000023
14 17 0.000003
14 18 0.000006
14 19 0.000006
14 20 0.000005
14 21 0.000004
14 22 0.000004
14 23 0.000003
14 24 0.000003
14 25 0.000002
14 26 0.000002
14 27 0.000001
14 28 0.000001
14 29 0.000001
14 30 0.000001
14 31 0.000000
14 32 0.000000
14 33 0.000000
14 34 0.000000
14 35 0.000000
14 36 -0.000000
14 37 -0.000000
14 38 -0.000000
14 39 -0.000000
14 40 -0.000000
14 41 -0.000000
14 42 -0.000000
14 43 -0.000000
14 44 -0.000000
14 45 -0.000000
14 46 -0.000000
14 47 -0.000000
14 48 -0.000000
14 49 -0.000000
14 50 -0.000000
14 51 -0.000000
14 52 -0.000000
14 53 -0.000000
14 54 -0.000000
14 55 -0.000000
14 56 -0.000000
14 57 -0.000000
14 58 -0.000000
14 59 -0.000000
14 60 -0.000000
14 61 0.000000
14 62 0.000001
14 63 0.000000
15 0 0.000000
15 1 -3846.823162
15 2 873.032806
15 3 342.058686
15 4 -51.547520
15 5 -29.141179
15 6 2.610921
15 7 2.395461
15 8 -0.087853
15 9 -0.190657
15 10 -0.002315
15 11 0.014743
15 12 0.000909
15 13 -0.001085
15 14 -0.000107
15 15 0.000093
15 16 0.000025
15 17 0.000004
15 18 0.000007
15 19 0.000008
15 20 0.000007
15 21 0.000006
15 22 0.000005
15 23 0.000004
15 24 0.000004
15 25 0.000003
15 26 0.000003
15 27 0.000002
15 28 0.000002
15 29 0.000002
15 30 0.000001
15 31 0.000001
15 32 0.000001
15 33 0.000001
15 34 0.000001
15 35 0.000001
15 36 0.000000
15 37 0.000000
15 38 0.000000
15 39 0.000000
15 40 0.000000
15 41 0.000000
15 42 0.000000
15 43 0.000000
15 44 0.000000
15 45 0.000000
15 46 0.000000
15 47 -0.000000
15 48 -0.000000
15 49 -0.000000
15 50 -0.000000
15 51 -0.000000
15 52 -0.000000
15 53 -0.000000
15 54 -0.000000
15 55 -0.000000
15 56 -0.000000
15 57 -0.000000
15 58 -0.000000
15 59 -0.000000
15 60 -0.000000
15 61 0.000000
15 62 0.000001
15 63 0.000000
16 0 0.000000
16 1 -3846.813779
16 2 873.030067
16 3 342.057919
16 4 -51.547351
16 5 -29.141119
16 6 2.610913
16 7 2.395458
16 8 -0.087851
16 9 -0.190656
16 10 -0.002314
16 11 0.014744
16 12 0.000911
16 13 -0.001083
16 14 -0.000106
16 15 0.000094
16 16 0.000026
16 17 0.000006
16 18 0.000009
16 19 0.000009
16 20 0.000008
16 21 0.000007
16 22 0.000006
16 23 0.000005
16 24 0.000005
16 25 0.000004
16 26 0.000004
16 27 0.000003
16 28 0.000003
16 29 0.000002
16 30 0.000002
16 31 0.000002
16 32 0.000002
16 33 0.000001
16 34 0.000001
16 35 0.000001
16 36 0.000001
16 37 0.000001
16 38 0.000001
16 39 0.000001
16 40 0.000000
16 41 0.000000
16 42 0.000000
16 43 0.000000
16 44 0.000000
16 45 0.000000
16 46 0.000000
16 47 0.000000
16 48 0.000000
16 49 0.000000
16 50 0.000000
16 51 0.000000
16 52 0.000000
16 53 0.000000
16 54 0.000000
16 55 0.000000
16 56 0.000000
16 57 0.000000
16 58 0.000000
16 59 0.000000
16 60 -0.000000
16 61 0.000000
16 62 0.000000
16 63 0.000000
17 0 0.000000
17 1 -3846.804712
17 2 873.027461
17 3 342.057164
17 4 -51.547191
17 5 -29.141060
17 6 2.610904
17 7 2.395455
17 8 -0.087850
17 9 -0.190654
17 10 -0.002313
17 11 0.014745
17 12 0.000912
17 13 -0.001082
17 14 -0.000105
17 15 0.000095
17 16 0.000027
17 17 0.000007
17 18 0.000010
17 19 0.000010
17 20 0.000009
17 21 0.000008
17 22 0.000007
17 23 0.000006
17 24 0.000005
17 25 0.000005
17 26 0.000004
17 27 0.000004
17 28 0.000003
17 29 0.000003
17 30 0.000003
17 31 0.000002
17 32 0.000002
17 33 0.000002
17 34 0.000002
17 35 0.000001
17 36 0.000001
17 37 0.000001
17 38 0.000001
17 39 0.000001
17 40 0.000001
17 41 0.000001
17 42 0.000001
17 43 0.000001
17 44 0.000000
17 45 0.000000
17 46 0.000000
17 47 0.000000
17 48 0.000000
17 49 0.000000
17 50 0.000000
17 51 0.000000
17 52 0.000000
17 53 0.000000
17 54 0.000000
17 55 0.000000
17 56 0.000000
17 57 0.000000
17 58 0.000000
17 59 0.000000
17 60 0.000000
17 61 0.000000
17 62 0.000000
17 63 0.000000
18 0 0.000000
18 1 -3846.796008
18 2 873.024996
18 3 342.056430
18 4 -51.547039
18 5 -29.141003
18 6 2.610895
18 7 2.395451
18 8 -0.087849
18 9 -0.190654
18 10 -0.002312
18 11 0.014746
18 12 0.000913
18 13 -0.001081
18 14 -0.000104
18 15 0.000096
18 16 0.000028
18 17 0.000008
18 18 0.000011
18 19 0.000011
18 20 0.000010
18 21 0.000009
18 22 0.000008
18 23 0.000007
18 24 0.000006
18 25 0.000006
18 26 0.000005
18 27 0.000004
18 28 0.000004
18 29 0.000004
18 30 0.000003
18 31 0.000003
18 32 0.000003
18 33 0.000002
18 34 0.000002
18 35 0.000002
18 36 0.000002
18 37 0.000001
18 38 0.000001
18 39 0.000001
18 40 0.000001
18 41 0.000001
18 42 0.000001
18 43 0.000001
18 44 0.000001
18 45 0.000001
18 46 0.000001
18 47 0.000000
18 48 0.000000
18 49 0.000000
18 50 0.000000
18 51 0.000000
18 52 0.000000
18 53 0.000000
18 54 0.000000
18 55 0.000000
18 56 0.000000
18 57 0.000000
18 58 0.000000
18 59 0.000000
18 60 0.000000
18 61 -0.000000
18 62 -0.000000
18 63 0.000000
19 0 0.000000
19 1 -3846.787712
19 2 873.022680
19 3 342.055720
19 4 -51.546896
19 5 -29.140947
19 6 2.610886
19 7 2.395446
19 8 -0.087848
19 9 -0.190653
19 10 -0.002311
19 11 0.014747
19 12 0.000913
19 13 -0.001081
19 14 -0.000103
19 15 0.000097
19 16 0.000029
19 17 0.000008
19 18 0.000011
19 19 0.000012
19 20 0.000010
19 21 0.000009
19 22 0.000008
19 23 0.000008
19 24 0.000007
19 25 0.000006
19 26 0.000006
19 27 0.000005
19 28 0.000005
19 29 0.000004
19 30 0.000004
19 31 0.000003
19 32 0.000003
19 33 0.000003
19 34 0.000002
19 35 0.000002
19 36 0.000002
19 37 0.000002
19 38 0.000002
19 39 0.000001
19 40 0.000001
19 41 0.000001
19 42 0.000001
19 43 0.000001
19 44 0.000001
19 45 0.000001
19 46 0.000001
19 47 0.000001
19 48 0.000001
19 49 0.000000
19 50 0.000000
19 51 0.000000
19 52 0.000000
19 53 0.000000
19 54 0.000000
19 55 0.000000
19 56 0.000000
19 57 0.000000
19 58 0.000000
19 59 0.000000
19 60 0.000000
19 61 -0.000000
19 62 -0.000001
19 63 0.000000
20 0 0.000000
20 1 -3846.779866
20 2 873.020516
20 3 342.055042
20 4 -51.546762
20 5 -29.140894
20 6 2.610877
20 7 2.395442
20 8 -0.087848
20 9 -0.190653
20 10 -0.002311
20 11 0.014747
20 12 0.000914
20 13 -0.001080
20 14 -0.000102
20 15 0.000098
20 16 0.000030
20 17 0.000009
20 18 0.000012
20 19 0.000013
20 20 0.000011
20 21 0.000010
20 22 0.000009
20 23 0.000008
20 24 0.000008
20 25 0.000007
20 26 0.000006
20 27 0.000006
20 28 0.000005
20 29 0.000005
20 30 0.000004
20 31 0.000004
20 32 0.000003
20 33 0.000003
20 34 0.000003
20 35 0.000003
20 36 0.000002
20 37 0.000002
20 38 0.000002
20 39 0.000002
20 40 0.000002
20 41 0.000001
20 42 0.000001
20 43 0.000001
20 44 0.000001
20 45 0.000001
20 46 0.000001
20 47 0.000001
20 48 0.000001
20 49 0.000001
20 50 0.000001
20 51 0.000000
20 52 0.000000
20 53 0.000000
20 54 0.000000
20 55 0.000000
20 56 0.000000
20 57 0.000000
20 58 0.000000
20 59 0.000000
20 60 0.000000
20 61 -0.000000
20 62 -0.000001
20 63 0.000000
21 0 0.000000
21 1 -3846.772507
21 2 873.018509
21 3 342.054400
21 4 -51.546638
21 5 -29.140843
21 6 2.610869
21 7 2.395437
21 8 -0.087848
21 9 -0.190652
21 10 -0.002311
21 11 0.014747
21 12 0.000914
21 13 -0.001080
21 14 -0.000102
21 15 0.000098
21 16 0.000030
21 17 0.000010
21 18 0.000013
21 19 0.000013
21 20 0.000012
21 21 0.000011
21 22 0.000010
21 23 0.000009
21 24 0.000008
21 25 0.000007
21 26 0.000007
21 27 0.000006
21 28 0.000006
21 29 0.000005
21 30 0.000005
21 31 0.000004
21 32 0.000004
21 33 0.000003
21 34 0.000003
21 35 0.000003
21 36 0.000003
21 37 0.000002
21 38 0.000002
21 39 0.000002
21 40 0.000002
21 41 0.000002
21 42 0.000001
21 43 0.000001
21 44 0.000001
21 45 0.000001
21 46 0.000001
21 47 0.000001
21 48 0.000001
21 49 0.000001
21 50 0.000001
21 51 0.000001
21 52 0.000000
21 53 0.000000
21 54 0.000000
21 55 0.000000
21 56 0.000000
21 57 0.000000
21 58 0.000000
21 59 0.000000
21 60 0.000000
21 61 -0.000000
21 62 -0.000001
21 63 0.000000
22 0 0.000000
22 1 -3846.765670
22 2 873.016664
22 3 342.053799
22 4 -51.546525
22 5 -29.140796
22 6 2.610861
22 7 2.395432
22 8 -0.087848
22 9 -0.190652
22 10 -0.002311
22 11 0.014747
22 12 0.000914
22 13 -0.001079
22 14 -0.000102
22 15 0.000099
22 16 0.000031
22 17 0.000010
22 18 0.000013
22 19 0.000014
22 20 0.000012
22 21 0.000011
22 22 0.000010
22 23 0.000009
22 24 0.000009
22 25 0.000008
22 26 0.000007
22 27 0.000007
22 28 0.000006
22 29 0.000005
22 30 0.000005
22 31 0.000005
22 32 0.000004
22 33 0.000004
22 34 0.000003
22 35 0.000003
22 36 0.000003
22 37 0.000003
22 38 0.000002
22 39 0.000002
22 40 0.000002
22 41 0.000002
22 42 0.000002
22 43 0.000001
22 44 0.000001
22 45 0.000001
22 46 0.000001
22 47 0.000001
22 48 0.000001
22 49 0.000001
22 50 0.000001
22 51 0.000001
22 52 0.000001
22 53 0.000000
22 54 0.000000
22 55 0.000000
22 56 0.000000
22 57 0.000000
22 58 0.000000
22 59 0.000000
22 60 0.000000
22 61 -0.000000
22 62 -0.000002
22 63 0.000000
23 0 0.000000
23 1 -3846.759386
23 2 873.014983
23 3 342.053242
23 4 -51.546422
23 5 -29.140751
23 6 2.610854
23 7 2.395428
23 8 -0.087848
23 9 -0.190652
23 10 -0.002311
23 11 0.014747
23 12 0.000914
23 13 -0.001079
23 14 -0.000101
23 15 0.000099
23 16 0.000031
23 17 0.000011
23 18 0.000014
23 19 0.000014
23 20 0.000013
23 21 0.000012
23 22 0.000011
23 23 0.000010
23 24 0.000009
23 25 0.000008
23 26 0.000008
23 27 0.000007
23 28 0.000006
23 29 0.000006
23 30 0.000005
23 31 0.000005
23 32 0.000004
23 33 0.000004
23 34 0.000004
23 35 0.000003
23 36 0.000003
23 37 0.000003
23 38 0.000003
23 39 0.000002
23 40 0.000002
23 41 0.000002
23 42 0.000002
23 43 0.000002
23 44 0.000001
23 45 0.000001
23 46 0.000001
23 47 0.000001
23 48 0.000001
23 49 0.000001
23 50 0.000001
23 51 0.000001
23 52 0.000001
23 53 0.000001
23 54 0.000000
23 55 0.000000
23 56 0.000000
23 57 0.000000
23 58 0.000000
23 59 0.000000
23 60 0.000000
23 61 -0.000000
23 62 -0.000002
23 63 0.000000
24 0 0.000000
24 1 -3846.753682
24 2 873.013470
24 3 342.052735
24 4 -51.546329
24 5 -29.140711
24 6 2.610847
24 7 2.395423
24 8 -0.087849
24 9 -0.190652
24 10 -0.002312
24 11 0.014747
24 12 0.000915
24 13 -0.001079
24 14 -0.000101
24 15 0.000099
24 16 0.000031
24 17 0.000011
24 18 0.000014
24 19 0.000014
24 20 0.000013
24 21 0.000012
24 22 0.000011
24 23 0.000010
24 24 0.000009
24 25 0.000009
24 26 0.000008
24 27 0.000007
24 28 0.000007
24 29 0.000006
24 30 0.000006
24 31 0.000005
24 32 0.000005
24 33 0.000004
24 34 0.000004
24 35 0.000004
24 36 0.000003
24 37 0.000003
24 38 0.000003
24 39 0.000003
24 40 0.000002
24 41 0.000002
24 42 0.000002
24 43 0.000002
24 44 0.000002
24 45 0.000001
24 46 0.000001
24 47 0.000001
24 48 0.000001
24 49 0.000001
24 50 0.000001
24 51 0.000001
24 52 0.000001
24 53 0.000001
24 54 0.000001
24 55 0.000000
24 56 0.000000
24 57 0.000000
24 58 0.000000
24 59 0.000000
24 60 0.000000
24 61 -0.000000
24 62 -0.000002
24 63 0.000000
25 0 0.000000
25 1 -3846.748581
25 2 873.012127
25 3 342.052279
25 4 -51.546248
25 5 -29.140674
25 6 2.610841
25 7 2.395419
25 8 -0.087849
25 9 -0.190653
25 10 -0.002312
25 11 0.014747
25 12 0.000915
25 13 -0.001079
25 14 -0.000101
25 15 0.000099
25 16 0.000031
25 17 0.000011
25 18 0.000014
25 19 0.000015
25 20 0.000013
25 21 0.000012
25 22 0.000011
25 23 0.000010
25 24 0.000010
25 25 0.000009
25 26 0.000008
25 27 0.000008
25 28 0.000007
25 29 0.000006
25 30 0.000006
25 31 0.000005
25 32 0.000005
25 33 0.000005
25 34 0.000004
25 35 0.000004
25 36 0.000003
25 37 0.000003
25 38 0.000003
25 39 0.000003
25 40 0.000002
25 41 0.000002
25 42 0.000002
25 43 0.000002
25 44 0.000002
25 45 0.000002
25 46 0.000001
25 47 0.000001
25 48 0.000001
25 49 0.000001
25 50 0.000001
25 51 0.000001
25 52 0.000001
25 53 0.000001
25 54 0.000001
25 55 0.000000
25 56 0.000000
25 57 0.000000
25 58 0.000000
25 59 0.000000
25 60 0.000000
25 61 -0.000000
25 62 -0.000002
25 63 0.000000
26 0 0.000000
26 1 -3846.744106
26 2 873.010956
26 3 342.051877
26 4 -51.546176
26 5 -29.140642
26 6 2.610835
26 7 2.395416
26 8 -0.087849
26 9 -0.190653
26 10 -0.002312
26 11 0.014747
26 12 0.000915
26 13 -0.001079
26 14 -0.000101
26 15 0.000099
26 16 0.000032
26 17 0.000011
26 18 0.000014
26 19 0.000015
26 20 0.000014
26 21 0.000012
26 22 0.000012
26 23 0.000011
26 24 0.000010
26 25 0.000009
26 26 0.000008
26 27 0.000008
26 28 0.000007
26 29 0.000007
26 30 0.000006
26 31 0.000006
26 32 0.000005
26 33 0.000005
26 34 0.000004
26 35 0.000004
26 36 0.000004
26 37 0.000003
26 38 0.000003
26 39 0.000003
26 40 0.000003
26 41 0.000002
26 42 0.000002
26 43 0.000002
26 44 0.000002
26 45 0.000002
26 46 0.000001
26 47 0.000001
26 48 0.000001
26 49 0.000001
26 50 0.000001
26 51 0.000001
26 52 0.000001
26 53 0.000001
26 54 0.000001
26 55 0.000001
26 56 0.000000
26 57 0.000000
26 58 0.000000
26 59 0.000000
26 60 0.000000
26 61 -0.000000
26 62 -0.000003
26 63 0.000000
27 0 0.000000
27 1 -3846.740272
27 2 873.009958
27 3 342.051533
27 4 -51.546116
27 5 -29.140614
27 6 2.610831
27 7 2.395413
27 8 -0.087850
27 9 -0.190653
27 10 -0.002312
27 11 0.014747
27 12 0.000914
27 13 -0.001079
27 14 -0.000101
27 15 0.000100
27 16 0.000032
27 17 0.000012
27 18 0.000015
27 19 0.000015
27 20 0.000014
27 21 0.000013
27 22 0.000012
27 23 0.000011
27 24 0.000010
27 25 0.000009
27 26 0.000009
27 27 0.000008
27 28 0.000007
27 29 0.000007
27 30 0.000006
27 31 0.000006
27 32 0.000005
27 33 0.000005
27 34 0.000004
27 35 0.000004
27 36 0.000004
27 37 0.000003
27 38 0.000003
27 39 0.000003
27 40 0.000003
27 41 0.000002
27 42 0.000002
27 43 0.000002
27 44 0.000002
27 45 0.000002
27 46 0.000002
27 47 0.000001
27 48 0.000001
27 49 0.000001
27 50 0.000001
27 51 0.000001
27 52 0.000001
27 53 0.000001
27 54 0.000001
27 55 0.000001
27 56 0.000000
27 57 0.000000
27 58 0.000000
27 59 0.000000
27 60 0.000000
27 61 -0.000000
27 62 -0.000003
27 63 0.000000
28 0 0.000000
28 1 -3846.737096
28 2 873.009137
28 3 342.051246
28 4 -51.546066
28 5 -29.140591
28 6 2.610827
28 7 2.395410
28 8 -0.087850
28 9 -0.190653
28 10 -0.002313
28 11 0.014747
28 12 0.000914
28 13 -0.001079
28 14 -0.000101
28 15 0.000100
28 16 0.000032
28 17 0.000012
28 18 0.000015
28 19 0.000015
28 20 0.000014
28 21 0.000013
28 22 0.000012
28 23 0.000011
28 24 0.000010
28 25 0.000009
28 26 0.000009
28 27 0.000008
28 28 0.000007
28 29 0.000007
28 30 0.000006
28 31 0.000006
28 32 0.000005
28 33 0.000005
28 34 0.000005
28 35 0.000004
28 36 0.000004
28 37 0.000004
28 38 0.000003
28 39 0.000003
28 40 0.000003
28 41 0.000003
28 42 0.000002
28 43 0.000002
28 44 0.000002
28 45 0.000002
28 46 0.000002
28 47 0.000001
28 48 0.000001
28 49 0.000001
28 50 0.000001
28 51 0.000001
28 52 0.000001
28 53 0.000001
28 54 0.000001
28 55 0.000001
28 56 0.000000
28 57 0.000000
28 58 0.000000
28 59 0.000000
28 60 0.000000
28 61 -0.000000
28 62 -0.000003
28 63 0.000000
29 0 0.000000
29 1 -3846.734588
29 2 873.008492
29 3 342.051020
29 4 -51.546027
29 5 -29.140573
29 6 2.610824
29 7 2.395408
29 8 -0.087850
29 9 -0.190653
29 10 -0.002313
29 11 0.014747
29 12 0.000914
29 13 -0.001079
29 14 -0.000101
29 15 0.000100
29 16 0.000032
29 17 0.000012
29 18 0.000015
29 19 0.000015
29 20 0.000014
29 21 0.000013
29 22 0.000012
29 23 0.000011
29 24 0.000010
29 25 0.000010
29 26 0.000009
29 27 0.000008
29 28 0.000008
29 29 0.000007
29 30 0.000006
29 31 0.000006
29 32 0.000005
29 33 0.000005
29 34 0.000005
29 35 0.000004
29 36 0.000004
29 37 0.000004
29 38 0.000003
29 39 0.000003
29 40 0.000003
29 41 0.000003
29 42 0.000002
29 43 0.000002
29 44 0.000002
29 45 0.000002
29 46 0.000002
29 47 0.000001
29 48 0.000001
29 49 0.000001
29 50 0.000001
29 51 0.000001
29 52 0.000001
29 53 0.000001
29 54 0.000001
29 55 0.000001
29 56 0.000001
29 57 0.000000
29 58 0.000000
29 59 0.000000
29 60 0.000000
29 61 -0.000000
29 62 -0.000003
29 63 0.000000
30 0 0.000000
30 1 -3846.732758
30 2 873.008024
30 3 342.050854
30 4 -51.545999
30 5 -29.140559
30 6 2.610822
30 7 2.395407
30 8 -0.087851
30 9 -0.190653
30 10 -0.002313
30 11 0.014746
30 12 0.000914
30 13 -0.001079
30 14 -0.000101
30 15 0.000100
30 16 0.000032
30 17 0.000012
30 18 0.000015
30 19 0.000015
30 20 0.000014
30 21 0.000013
30 22 0.000012
30 23 0.000011
30 24 0.000010
30 25 0.000010
30 26 0.000009
30 27 0.000008
30 28 0.000008
30 29 0.000007
30 30 0.000007
30 31 0.000006
30 32 0.000006
30 33 0.000005
30 34 0.000005
30 35 0.000004
30 36 0.000004
30 37 0.000004
30 38 0.000003
30 39 0.000003
30 40 0.000003
30 41 0.000003
30 42 0.000002
30 43 0.000002
30 44 0.000002
30 45 0.000002
30 46 0.000002
30 47 0.000001
30 48 0.000001
30 49 0.000001
30 50 0.000001
30 51 0.000001
30 52 0.000001
30 53 0.000001
30 54 0.000001
30 55 0.000001
30 56 0.000001
30 57 0.000000
30 58 0.000000
30 59 0.000000
30 60 0.000000
30 61 -0.000000
30 62 -0.000003
30 63 0.000000
31 0 0.000000
31 1 -3846.731610
31 2 873.007735
31 3 342.050750
31 4 -51.545981
31 5 -29.140551
31 6 2.610821
31 7 2.395406
31 8 -0.087851
31 9 -0.190653
31 10 -0.002313
31 11 0.014746
31 12 0.000914
31 13 -0.001079
31 14 -0.000101
31 15 0.000100
31 16 0.000032
31 17 0.000012
31 18 0.000015
31 19 0.000016
31 20 0.000014
31 21 0.000013
31 22 0.000012
31 23 0.000011
31 24 0.000010
31 25 0.000010
31 26 0.000009
31 27 0.000008
31 28 0.000008
31 29 0.000007
31 30 0.000007
31 31 0.000006
31 32 0.000006
31 33 0.000005
31 34 0.000005
31 35 0.000004
31 36 0.000004
31 37 0.000004
31 38 0.000003
31 39 0.000003
31 40 0.000003
31 41 0.000003
31 42 0.000002
31 43 0.000002
31 44 0.000002
31 45 0.000002
31 46 0.000002
31 47 0.000002
31 48 0.000001
31 49 0.000001
31 50 0.000001
31 51 0.000001
31 52 0.000001
31 53 0.000001
31 54 0.000001
31 55 0.000001
31 56 0.000001
31 57 0.000000
31 58 0.000000
31 59 0.000000
31 60 0.000000
31 61 -0.000000
31 62 -0.000003
31 63 0.000000
32 0 0.000000
32 1 -3846.731150
32 2 873.007624
32 3 342.050708
32 4 -51.545975
32 5 -29.140547
32 6 2.610820
32 7 2.395405
32 8 -0.087851
32 9 -0.190653
32 10 -0.002313
32 11 0.014746
32 12 0.000914
32 13 -0.001079
32 14 -0.000101
32 15 0.000100
32 16 0.000032
32 17 0.000012
32 18 0.000015
32 19 0.000016
32 20 0.000014
32 21 0.000013
32 22 0.000012
32 23 0.000011
32 24 0.000010
32 25 0.000010
32 26 0.000009
32 27 0.000008
32 28 0.000008
32 29 0.000007
32 30 0.000007
32 31 0.000006
32 32 0.000006
32 33 0.000005
32 34 0.000005
32 35 0.000004
32 36 0.000004
32 37 0.000004
32 38 0.000003
32 39 0.000003
32 40 0.000003
32 41 0.000003
32 42 0.000002
32 43 0.000002
32 44 0.000002
32 45 0.000002
32 46 0.000002
32 47 0.000002
32 48 0.000001
32 49 0.000001
32 50 0.000001
32 51 0.000001
32 52 0.000001
32 53 0.000001
32 54 0.000001
32 55 0.000001
32 56 0.000001
32 57 0.000000
32 58 0.000000
32 59 0.000000
32 60 0.000000
32 61 -0.000000
32 62 -0.000003
32 63 0.000000
33 0 0.000000
33 1 -3846.731377
33 2 873.007692
33 3 342.050728
33 4 -51.545979
33 5 -29.140548
33 6 2.610821
33 7 2.395406
33 8 -0.087851
33 9 -0.190653
33 10 -0.002313
33 11 0.014746
33 12 0.000914
33 13 -0.001079
33 14 -0.000101
33 15 0.000100
33 16 0.000032
33 17 0.000012
33 18 0.000015
33 19 0.000015
33 20 0.000014
33 21 0.000013
33 22 0.000012
33 23 0.000011
33 24 0.000010
33 25 0.000010
33 26 0.000009
33 27 0.000008
33 28 0.000008
33 29 0.000007
33 30 0.000007
33 31 0.000006
33 32 0.000006
33 33 0.000005
33 34 0.000005
33 35 0.000004
33 36 0.000004
33 37 0.000004
33 38 0.000003
33 39 0.000003
33 40 0.000003
33 41 0.000003
33 42 0.000002
33 43 0.000002
33 44 0.000002
33 45 0.000002
33 46 0.000002
33 47 0.000002
33 48 0.000001
33 49 0.000001
33 50 0.000001
33 51 0.000001
33 52 0.000001
33 53 0.000001
33 54 0.000001
33 55 0.000001
33 56 0.000001
33 57 0.000000
33 58 0.000000
33 59 0.000000
33 60 0.000000
33 61 -0.000000
33 62 -0.000003
33 63 0.000000
34 0 0.000000
34 1 -3846.732288
34 2 873.007939
34 3 342.050809
34 4 -51.545994
34 5 -29.140555
34 6 2.610822
34 7 2.395406
34 8 -0.087850
34 9 -0.190653
34 10 -0.002313
34 11 0.014746
34 12 0.000914
34 13 -0.001079
34 14 -0.000101
34 15 0.000100
34 16 0.000032
34 17 0.000012
34 18 0.000015
34 19 0.000015
34 20 0.000014
34 21 0.000013
34 22 0.000012
34 23 0.000011
34 24 0.000010
34 25 0.000010
34 26 0.000009
34 27 0.000008
34 28 0.000008
34 29 0.000007
34 30 0.000006
34 31 0.000006
34 32 0.000006
34 33 0.000005
34 34 0.000005
34 35 0.000004
34 36 0.000004
34 37 0.000004
34 38 0.000003
34 39 0.000003
34 40 0.000003
34 41 0.000003
34 42 0.000002
34 43 0.000002
34 44 0.000002
34 45 0.000002
34 46 0.000002
34 47 0.000001
34 48 0.000001
34 49 0.000001
34 50 0.000001
34 51 0.000001
34 52 0.000001
34 53 0.000001
34 54 0.000001
34 55 0.000001
34 56 0.000001
34 57 0.000000
34 58 0.000000
34 59 0.000000
34 60 0.000000
34 61 -0.000000
34 62 -0.000003
34 63 0.000000
35 0 0.000000
35 1 -3846.733879
35 2 873.008364
35 3 342.050952
35 4 -51.546019
35 5 -29.140566
35 6 2.610824
35 7 2.395408
35 8 -0.087850
35 9 -0.190653
35 10 -0.002313
35 11 0.014747
35 12 0.000914
35 13 -0.001079
35 14 -0.000101
35 15 0.000100
35 16 0.000032
35 17 0.000012
35 18 0.000015
35 19 0.000015
35 20 0.000014
35 21 0.000013
35 22 0.000012
35 23 0.000011
35 24 0.000010
35 25 0.000009
35 26 0.000009
35 27 0.000008
35 28 0.000007
35 29 0.000007
35 30 0.000006
35 31 0.000006
35 32 0.000005
35 33 0.000005
35 34 0.000005
35 35 0.000004
35 36 0.000004
35 37 0.000004
35 38 0.000003
35 39 0.000003
35 40 0.000003
35 41 0.000003
35 42 0.000002
35 43 0.000002
35 44 0.000002
35 45 0.000002
35 46 0.000002
35 47 0.000001
35 48 0.000001
35 49 0.000001
35 50 0.000001
35 51 0.000001
35 52 0.000001
35 53 0.000001
35 54 0.000001
35 55 0.000001
35 56 0.000000
35 57 0.000000
35 58 0.000000
35 59 0.000000
35 60 0.000000
35 61 -0.000000
35 62 -0.000003
35 63 0.000000
36 0 0.000000
36 1 -3846.736143
36 2 873.008966
36 3 342.051155
36 4 -51.546056
36 5 -29.140582
36 6 2.610827
36 7 2.395410
36 8 -0.087850
36 9 -0.190653
36 10 -0.002313
36 11 0.014747
36 12 0.000914
36 13 -0.001079
36 14 -0.000101
36 15 0.000099
36 16 0.000032
36 17 0.000012
36 18 0.000015
36 19 0.000015
36 20 0.000014
36 21 0.000013
36 22 0.000012
36 23 0.000011
36 24 0.000010
36 25 0.000009
36 26 0.000009
36 27 0.000008
36 28 0.000007
36 29 0.000007
36 30 0.000006
36 31 0.000006
36 32 0.000005
36 33 0.000005
36 34 0.000004
36 35 0.000004
36 36 0.000004
36 37 0.000003
36 38 0.000003
36 39 0.000003
36 40 0.000003
36 41 0.000002
36 42 0.000002
36 43 0.000002
36 44 0.000002
36 45 0.000002
36 46 0.000002
36 47 0.000001
36 48 0.000001
36 49 0.000001
36 50 0.000001
36 51 0.000001
36 52 0.000001
36 53 0.000001
36 54 0.000001
36 55 0.000001
36 56 0.000000
36 57 0.000000
36 58 0.000000
36 59 0.000000
36 60 0.000000
36 61 -0.000000
36 62 -0.000003
36 63 0.000000
37 0 0.000000
37 1 -3846.739068
37 2 873.009744
37 3 342.051417
37 4 -51.546103
37 5 -29.140603
37 6 2.610831
37 7 2.395412
37 8 -0.087850
37 9 -0.190653
37 10 -0.002312
37 11 0.014747
37 12 0.000914
37 13 -0.001079
37 14 -0.000101
37 15 0.000099
37 16 0.000032
37 17 0.000011
37 18 0.000014
37 19 0.000015
37 20 0.000014
37 21 0.000012
37 22 0.000012
37 23 0.000011
37 24 0.000010
37 25 0.000009
37 26 0.000008
37 27 0.000008
37 28 0.000007
37 29 0.000007
37 30 0.000006
37 31 0.000006
37 32 0.000005
37 33 0.000005
37 34 0.000004
37 35 0.000004
37 36 0.000004
37 37 0.000003
37 38 0.000003
37 39 0.000003
37 40 0.000003
37 41 0.000002
37 42 0.000002
37 43 0.000002
37 44 0.000002
37 45 0.000002
37 46 0.000001
37 47 0.000001
37 48 0.000001
37 49 0.000001
37 50 0.000001
37 51 0.000001
37 52 0.000001
37 53 0.000001
37 54 0.000001
37 55 0.000001
37 56 0.000000
37 57 0.000000
37 58 0.000000
37 59 0.000000
37 60 0.000000
37 61 -0.000000
37 62 -0.000003
37 63 0.000000
38 0 0.000000
38 1 -3846.742641
38 2 873.010696
38 3 342.051736
38 4 -51.546161
38 5 -29.140628
38 6 2.610836
38 7 2.395415
38 8 -0.087849
38 9 -0.190653
38 10 -0.002312
38 11 0.014747
38 12 0.000914
38 13 -0.001079
38 14 -0.000101
38 15 0.000099
38 16 0.000031
38 17 0.000011
38 18 0.000014
38 19 0.000015
38 20 0.000013
38 21 0.000012
38 22 0.000011
38 23 0.000010
38 24 0.000010
38 25 0.000009
38 26 0.000008
38 27 0.000008
38 28 0.000007
38 29 0.000006
38 30 0.000006
38 31 0.000005
38 32 0.000005
38 33 0.000005
38 34 0.000004
38 35 0.000004
38 36 0.000004
38 37 0.000003
38 38 0.000003
38 39 0.000003
38 40 0.000002
38 41 0.000002
38 42 0.000002
38 43 0.000002
38 44 0.000002
38 45 0.000002
38 46 0.000001
38 47 0.000001
38 48 0.000001
38 49 0.000001
38 50 0.000001
38 51 0.000001
38 52 0.000001
38 53 0.000001
38 54 0.000001
38 55 0.000001
38 56 0.000000
38 57 0.000000
38 58 0.000000
38 59 0.000000
38 60 0.000000
38 61 -0.000000
38 62 -0.000003
38 63 0.000000
39 0 0.000000
39 1 -3846.746845
39 2 873.011822
39 3 342.052110
39 4 -51.546230
39 5 -29.140657
39 6 2.610841
39 7 2.395418
39 8 -0.087849
39 9 -0.190652
39 10 -0.002312
39 11 0.014747
39 12 0.000914
39 13 -0.001079
39 14 -0.000101
39 15 0.000099
39 16 0.000031
39 17 0.000011
39 18 0.000014
39 19 0.000014
39 20 0.000013
39 21 0.000012
39 22 0.000011
39 23 0.000010
39 24 0.000009
39 25 0.000009
39 26 0.000008
39 27 0.000007
39 28 0.000007
39 29 0.000006
39 30 0.000006
39 31 0.000005
39 32 0.000005
39 33 0.000004
39 34 0.000004
39 35 0.000004
39 36 0.000003
39 37 0.000003
39 38 0.000003
39 39 0.000003
39 40 0.000002
39 41 0.000002
39 42 0.000002
39 43 0.000002
39 44 0.000002
39 45 0.000001
39 46 0.000001
39 47 0.000001
39 48 0.000001
39 49 0.000001
39 50 0.000001
39 51 0.000001
39 52 0.000001
39 53 0.000001
39 54 0.000001
39 55 0.000000
39 56 0.000000
39 57 0.000000
39 58 0.000000
39 59 0.000000
39 60 0.000000
39 61 -0.000000
39 62 -0.000003
39 63 0.000000
40 0 0.000000
40 1 -3846.751661
40 2 873.013120
40 3 342.052537
40 4 -51.546309
40 5 -29.140691
40 6 2.610847
40 7 2.395422
40 8 -0.087849
40 9 -0.190652
40 10 -0.002312
40 11 0.014747
40 12 0.000914
40 13 -0.001079
40 14 -0.000102
40 15 0.000099
40 16 0.000031
40 17 0.000011
40 18 0.000014
40 19 0.000014
40 20 0.000013
40 21 0.000012
40 22 0.000011
40 23 0.000010
40 24 0.000009
40 25 0.000008
40 26 0.000008
40 27 0.000007
40 28 0.000006
40 29 0.000006
40 30 0.000005
40 31 0.000005
40 32 0.000004
40 33 0.000004
40 34 0.000004
40 35 0.000003
40 36 0.000003
40 37 0.000003
40 38 0.000003
40 39 0.000002
40 40 0.000002
40 41 0.000002
40 42 0.000002
40 43 0.000002
40 44 0.000001
40 45 0.000001
40 46 0.000001
40 47 0.000001
40 48 0.000001
40 49 0.000001
40 50 0.000001
40 51 0.000001
40 52 0.000001
40 53 0.000001
40 54 0.000001
40 55 0.000000
40 56 0.000000
40 57 0.000000
40 58 0.000000
40 59 0.000000
40 60 0.000000
40 61 -0.000000
40 62 -0.000003
40 63 0.000000
41 0 0.000000
41 1 -3846.757067
41 2 873.014586
41 3 342.053013
41 4 -51.546399
41 5 -29.140728
41 6 2.610853
41 7 2.395426
41 8 -0.087849
41 9 -0.190652
41 10 -0.002312
41 11 0.014747
41 12 0.000914
41 13 -0.001080
41 14 -0.000102
41 15 0.000098
41 16 0.000030
41 17 0.000010
41 18 0.000013
41 19 0.000014
41 20 0.000012
41 21 0.000011
41 22 0.000010
41 23 0.000009
41 24 0.000009
41 25 0.000008
41 26 0.000007
41 27 0.000007
41 28 0.000006
41 29 0.000005
41 30 0.000005
41 31 0.000005
41 32 0.000004
41 33 0.000004
41 34 0.000003
41 35 0.000003
41 36 0.000003
41 37 0.000003
41 38 0.000002
41 39 0.000002
41 40 0.000002
41 41 0.000002
41 42 0.000002
41 43 0.000002
41 44 0.000001
41 45 0.000001
41 46 0.000001
41 47 0.000001
41 48 0.000001
41 49 0.000001
41 50 0.000001
41 51 0.000001
41 52 0.000001
41 53 0.000001
41 54 0.000000
41 55 0.000000
41 56 0.000000
41 57 0.000000
41 58 0.000000
41 59 0.000000
41 60 0.000000
41 61 -0.000000
41 62 -0.000002
41 63 0.000000
42 0 0.000000
42 1 -3846.763035
42 2 873.016218
42 3 342.053536
42 4 -51.546499
42 5 -29.140769
42 6 2.610861
42 7 2.395430
42 8 -0.087848
42 9 -0.190652
42 10 -0.002312
42 11 0.014747
42 12 0.000914
42 13 -0.001080
42 14 -0.000102
42 15 0.000098
42 16 0.000030
42 17 0.000010
42 18 0.000013
42 19 0.000013
42 20 0.000012
42 21 0.000011
42 22 0.000010
42 23 0.000009
42 24 0.000008
42 25 0.000007
42 26 0.000007
42 27 0.000006
42 28 0.000006
42 29 0.000005
42 30 0.000005
42 31 0.000004
42 32 0.000004
42 33 0.000004
42 34 0.000003
42 35 0.000003
42 36 0.000003
42 37 0.000002
42 38 0.000002
42 39 0.000002
42 40 0.000002
42 41 0.000002
42 42 0.000001
42 43 0.000001
42 44 0.000001
42 45 0.000001
42 46 0.000001
42 47 0.000001
42 48 0.000001
42 49 0.000001
42 50 0.000001
42 51 0.000001
42 52 0.000001
42 53 0.000000
42 54 0.000000
42 55 0.000000
42 56 0.000000
42 57 0.000000
42 58 0.000000
42 59 0.000000
42 60 0.000000
42 61 -0.000000
42 62 -0.000002
42 63 0.000000
43 0 0.000000
43 1 -3846.769538
43 2 873.018013
43 3 342.054100
43 4 -51.546610
43 5 -29.140813
43 6 2.610868
43 7 2.395434
43 8 -0.087849
43 9 -0.190653
43 10 -0.002312
43 11 0.014747
43 12 0.000913
43 13 -0.001080
43 14 -0.000103
43 15 0.000097
43 16 0.000029
43 17 0.000009
43 18 0.000012
43 19 0.000012
43 20 0.000011
43 21 0.000010
43 22 0.000009
43 23 0.000008
43 24 0.000008
43 25 0.000007
43 26 0.000006
43 27 0.000006
43 28 0.000005
43 29 0.000005
43 30 0.000004
43 31 0.000004
43 32 0.000004
43 33 0.000003
43 34 0.000003
43 35 0.000003
43 36 0.000002
43 37 0.000002
43 38 0.000002
43 39 0.000002
43 40 0.000002
43 41 0.000001
43 42 0.000001
43 43 0.000001
43 44 0.000001
43 45 0.000001
43 46 0.000001
43 47 0.000001
43 48 0.000001
43 49 0.000001
43 50 0.000001
43 51 0.000001
43 52 0.000000
43 53 0.000000
43 54 0.000000
43 55 0.000000
43 56 0.000000
43 57 0.000000
43 58 0.000000
43 59 0.000000
43 60 0.000000
43 61 -0.000000
43 62 -0.000002
43 63 0.000000
44 0 0.000000
44 1 -3846.776541
44 2 873.019967
44 3 342.054703
44 4 -51.546731
44 5 -29.140860
44 6 2.610876
44 7 2.395438
44 8 -0.087849
44 9 -0.190653
44 10 -0.002312
44 11 0.014746
44 12 0.000913
44 13 -0.001081
44 14 -0.000103
44 15 0.000097
44 16 0.000029
44 17 0.000008
44 18 0.000011
44 19 0.000012
44 20 0.000010
44 21 0.000009
44 22 0.000008
44 23 0.000008
44 24 0.000007
44 25 0.000006
44 26 0.000006
44 27 0.000005
44 28 0.000005
44 29 0.000004
44 30 0.000004
44 31 0.000003
44 32 0.000003
44 33 0.000003
44 34 0.000003
44 35 0.000002
44 36 0.000002
44 37 0.000002
44 38 0.000002
44 39 0.000002
44 40 0.000001
44 41 0.000001
44 42 0.000001
44 43 0.000001
44 44 0.000001
44 45 0.000001
44 46 0.000001
44 47 0.000001
44 48 0.000001
44 49 0.000001
44 50 0.000000
44 51 0.000000
44 52 0.000000
44 53 0.000000
44 54 0.000000
44 55 0.000000
44 56 0.000000
44 57 0.000000
44 58 0.000000
44 59 0.000000
44 60 0.000000
44 61 -0.000000
44 62 -0.000002
44 63 0.000000
45 0 0.000000
45 1 -3846.784008
45 2 873.022077
45 3 342.055338
45 4 -51.546861
45 5 -29.140910
45 6 2.610884
45 7 2.395442
45 8 -0.087849
45 9 -0.190654
45 10 -0.002312
45 11 0.014746
45 12 0.000912
45 13 -0.001082
45 14 -0.000104
45 15 0.000096
45 16 0.000028
45 17 0.000008
45 18 0.000011
45 19 0.000011
45 20 0.000010
45 21 0.000009
45 22 0.000008
45 23 0.000007
45 24 0.000006
45 25 0.000006
45 26 0.000005
45 27 0.000005
45 28 0.000004
45 29 0.000004
45 30 0.000003
45 31 0.000003
45 32 0.000003
45 33 0.000002
45 34 0.000002
45 35 0.000002
45 36 0.000002
45 37 0.000002
45 38 0.000001
45 39 0.000001
45 40 0.000001
45 41 0.000001
45 42 0.000001
45 43 0.000001
45 44 0.000001
45 45 0.000001
45 46 0.000001
45 47 0.000001
45 48 0.000000
45 49 0.000000
45 50 0.000000
45 51 0.000000
45 52 0.000000
45 53 0.000000
45 54 0.000000
45 55 0.000000
45 56 0.000000
45 57 0.000000
45 58 0.000000
45 59 0.000000
45 60 0.000000
45 61 -0.000000
45 62 -0.000001
45 63 0.000000
46 0 0.000000
46 1 -3846.791900
46 2 873.024336
46 3 342.056000
46 4 -51.547001
46 5 -29.140961
46 6 2.610892
46 7 2.395445
46 8 -0.087850
46 9 -0.190654
46 10 -0.002313
46 11 0.014745
46 12 0.000911
46 13 -0.001082
46 14 -0.000105
46 15 0.000095
46 16 0.000027
46 17 0.000007
46 18 0.000010
46 19 0.000010
46 20 0.000009
46 21 0.000008
46 22 0.000007
46 23 0.000006
46 24 0.000006
46 25 0.000005
46 26 0.000004
46 27 0.000004
46 28 0.000003
46 29 0.000003
46 30 0.000003
46 31 0.000002
46 32 0.000002
46 33 0.000002
46 34 0.000002
46 35 0.000002
46 36 0.000001
46 37 0.000001
46 38 0.000001
46 39 0.000001
46 40 0.000001
46 41 0.000001
46 42 0.000001
46 43 0.000001
46 44 0.000001
46 45 0.000000
46 46 0.000000
46 47 0.000000
46 48 0.000000
46 49 0.000000
46 50 0.000000
46 51 0.000000
46 52 0.000000
46 53 0.000000
46 54 0.000000
46 55 0.000000
46 56 0.000000
46 57 0.000000
46 58 0.000000
46 59 0.000000
46 60 0.000000
46 61 -0.000000
46 62 -0.000001
46 63 0.000000
47 0 0.000000
47 1 -3846.800173
47 2 873.026740
47 3 342.056684
47 4 -51.547149
47 5 -29.141014
47 6 2.610900
47 7 2.395448
47 8 -0.087851
47 9 -0.190655
47 10 -0.002314
47 11 0.014744
47 12 0.000910
47 13 -0.001084
47 14 -0.000106
47 15 0.000094
47 16 0.000026
47 17 0.000006
47 18 0.000009
47 19 0.000009
47 20 0.000008
47 21 0.000007
47 22 0.000006
47 23 0.000005
47 24 0.000005
47 25 0.000004
47 26 0.000004
47 27 0.000003
47 28 0.000003
47 29 0.000002
47 30 0.000002
47 31 0.000002
47 32 0.000002
47 33 0.000001
47 34 0.000001
47 35 0.000001
47 36 0.000001
47 37 0.000001
47 38 0.000001
47 39 0.000001
47 40 0.000001
47 41 0.000001
47 42 0.000000
47 43 0.000000
47 44 0.000000
47 45 0.000000
47 46 0.000000
47 47 0.000000
47 48 0.000000
47 49 0.000000
47 50 0.000000
47 51 0.000000
47 52 0.000000
47 53 0.000000
47 54 0.000000
47 55 0.000000
47 56 0.000000
47 57 0.000000
47 58 0.000000
47 59 0.000000
47 60 0.000000
47 61 -0.000000
47 62 -0.000001
47 63 0.000000
48 0 0.000000
48 1 -3846.808782
48 2 873.029280
48 3 342.057383
48 4 -51.547306
48 5 -29.141068
48 6 2.610908
48 7 2.395451
48 8 -0.087853
48 9 -0.190657
48 10 -0.002315
48 11 0.014743
48 12 0.000909
48 13 -0.001085
48 14 -0.000107
48 15 0.000093
48 16 0.000025
48 17 0.000004
48 18 0.000007
48 19 0.000008
48 20 0.000007
48 21 0.000006
48 22 0.000005
48 23 0.000004
48 24 0.000004
48 25 0.000003
48 26 0.000003
48 27 0.000002
48 28 0.000002
48 29 0.000002
48 30 0.000002
48 31 0.000001
48 32 0.000001
48 33 0.000001
48 34 0.000001
48 35 0.000001
48 36 0.000001
48 37 0.000000
48 38 0.000000
48 39 0.000000
48 40 0.000000
48 41 0.000000
48 42 0.000000
48 43 0.000000
48 44 0.000000
48 45 0.000000
48 46 0.000000
48 47 0.000000
48 48 0.000000
48 49 0.000000
48 50 0.000000
48 51 0.000000
48 52 0.000000
48 53 0.000000
48 54 0.000000
48 55 0.000000
48 56 0.000000
48 57 0.000000
48 58 0.000000
48 59 0.000000
48 60 0.000000
48 61 -0.000000
48 62 -0.000000
48 63 0.000000
49 0 0.000000
49 1 -3846.817676
49 2 873.031949
49 3 342.058091
49 4 -51.547469
49 5 -29.141122
49 6 2.610915
49 7 2.395453
49 8 -0.087855
49 9 -0.190659
49 10 -0.002317
49 11 0.014741
49 12 0.000907
49 13 -0.001086
49 14 -0.000109
49 15 0.000091
49 16 0.000023
49 17 0.000003
49 18 0.000006
49 19 0.000007
49 20 0.000005
49 21 0.000004
49 22 0.000004
49 23 0.000003
49 24 0.000003
49 25 0.000002
49 26 0.000002
49 27 0.000002
49 28 0.000001
49 29 0.000001
49 30 0.000001
49 31 0.000001
49 32 0.000001
49 33 0.000000
49 34 0.000000
49 35 0.000000
49 36 0.000000
49 37 0.000000
49 38 0.000000
49 39 0.000000
49 40 -0.000000
49 41 -0.000000
49 42 -0.000000
49 43 -0.000000
49 44 -0.000000
49 45 -0.000000
49 46 -0.000000
49 47 -0.000000
49 48 -0.000000
49 49 -0.000000
49 50 -0.000000
49 51 -0.000000
49 52 -0.000000
49 53 -0.000000
49 54 -0.000000
49 55 -0.000000
49 56 -0.000000
49 57 -0.000000
49 58 -0.000000
49 59 -0.000000
49 60 -0.000000
49 61 -0.000000
49 62 0.000000
49 63 0.000000
50 0 0.000000
50 1 -3846.826806
50 2 873.034738
50 3 342.058802
50 4 -51.547638
50 5 -29.141176
50 6 2.610922
50 7 2.395454
50 8 -0.087858
50 9 -0.190661
50 10 -0.002319
50 11 0.014739
50 12 0.000905
50 13 -0.001088
50 14 -0.000111
50 15 0.000089
50 16 0.000021
50 17 0.000001
50 18 0.000004
50 19 0.000005
50 20 0.000004
50 21 0.000003
50 22 0.000003
50 23 0.000002
50 24 0.000002
50 25 0.000001
50 26 0.000001
50 27 0.000001
50 28 0.000000
50 29 0.000000
50 30 0.000000
50 31 -0.000000
50 32 -0.000000
50 33 -0.000000
50 34 -0.000000
50 35 -0.000000
50 36 -0.000000
50 37 -0.000000
50 38 -0.000000
50 39 -0.000000
50 40 -0.000000
50 41 -0.000000
50 42 -0.000000
50 43 -0.000000
50 44 -0.000000
50 45 -0.000000
50 46 -0.000000
50 47 -0.000000
50 48 -0.000000
50 49 -0.000000
50 50 -0.000000
50 51 -0.000000
50 52 -0.000000
50 53 -0.000000
50 54 -0.000000
50 55 -0.000000
50 56 -0.000000
50 57 -0.000000
50 58 -0.000000
50 59 -0.000000
50 60 -0.000000
50 61 0.000000
50 62 0.000000
50 63 0.000000
51 0 0.000000
51 1 -3846.836117
51 2 873.037635
51 3 342.059510
51 4 -51.547811
51 5 -29.141230
51 6 2.610928
51 7 2.395454
51 8 -0.087862
51 9 -0.190664
51 10 -0.002322
51 11 0.014736
51 12 0.000903
51 13 -0.001091
51 14 -0.000113
51 15 0.000087
51 16 0.000019
51 17 -0.000001
51 18 0.000003
51 19 0.000003
51 20 0.000002
51 21 0.000002
51 22 0.000001
51 23 0.000001
51 24 0.000000
51 25 0.000000
51 26 -0.000000
51 27 -0.000000
51 28 -0.000001
51 29 -0.000001
51 30 -0.000001
51 31 -0.000001
51 32 -0.000001
51 33 -0.000001
51 34 -0.000001
51 35 -0.000001
51 36 -0.000001
51 37 -0.000001
51 38 -0.000001
51 39 -0.000001
51 40 -0.000001
51 41 -0.000001
51 42 -0.000001
51 43 -0.000001
51 44 -0.000001
51 45 -0.000000
51 46 -0.000000
51 47 -0.000000
51 48 -0.000000
51 49 -0.000000
51 50 -0.000000
51 51 -0.000000
51 52 -0.000000
51 53 -0.000000
51 54 -0.000000
51 55 -0.000000
51 56 -0.000000
51 57 -0.000000
51 58 -0.000000
51 59 -0.000000
51 60 -0.000000
51 61 0.000000
51 62 0.000001
51 63 0.000000
52 0 0.000000
52 1 -3846.845558
52 2 873.040630
52 3 342.060207
52 4 -51.547988
52 5 -29.141284
52 6 2.610933
52 7 2.395453
52 8 -0.087866
52 9 -0.190668
52 10 -0.002325
52 11 0.014734
52 12 0.000900
52 13 -0.001093
52 14 -0.000116
52 15 0.000085
52 16 0.000017
52 17 -0.000003
52 18 0.000001
52 19 0.000001
52 20 0.000001
52 21 -0.000000
52 22 -0.000001
52 23 -0.000001
52 24 -0.000001
52 25 -0.000001
52 26 -0.000001
52 27 -0.000002
52 28 -0.000002
52 29 -0.000002
52 30 -0.000002
52 31 -0.000002
52 32 -0.000002
52 33 -0.000001
52 34 -0.000001
52 35 -0.000001
52 36 -0.000001
52 37 -0.000001
52 38 -0.000001
52 39 -0.000001
52 40 -0.000001
52 41 -0.000001
52 42 -0.000001
52 43 -0.000001
52 44 -0.000001
52 45 -0.000001
52 46 -0.000001
52 47 -0.000001
52 48 -0.000001
52 49 -0.000000
52 50 -0.000000
52 51 -0.000000
52 52 -0.000000
52 53 -0.000000
52 54 -0.000000
52 55 -0.000000
52 56 -0.000000
52 57 -0.000000
52 58 -0.000000
52 59 -0.000000
52 60 -0.000000
52 61 0.000000
52 62 0.000001
52 63 0.000000
53 0 0.000000
53 1 -3846.855075
53 2 873.043709
53 3 342.060890
53 4 -51.548166
53 5 -29.141336
53 6 2.610936
53 7 2.395451
53 8 -0.087870
53 9 -0.190672
53 10 -0.002328
53 11 0.014730
53 12 0.000897
53 13 -0.001096
53 14 -0.000118
53 15 0.000082
53 16 0.000014
53 17 -0.000005
53 18 -0.000002
53 19 -0.000001
53 20 -0.000002
53 21 -0.000002
53 22 -0.000002
53 23 -0.000002
53 24 -0.000003
53 25 -0.000003
53 26 -0.000003
53 27 -0.000003
53 28 -0.000003
53 29 -0.000003
53 30 -0.000002
53 31 -0.000002
53 32 -0.000002
53 33 -0.000002
53 34 -0.000002
53 35 -0.000002
53 36 -0.000002
53 37 -0.000002
53 38 -0.000002
53 39 -0.000001
53 40 -0.000001
53 41 -0.000001
53 42 -0.000001
53 43 -0.000001
53 44 -0.000001
53 45 -0.000001
53 46 -0.000001
53 47 -0.000001
53 48 -0.000001
53 49 -0.000001
53 50 -0.000001
53 51 -0.000000
53 52 -0.000000
53 53 -0.000000
53 54 -0.000000
53 55 -0.000000
53 56 -0.000000
53 57 -0.000000
53 58 -0.000000
53 59 -0.000000
53 60 -0.000000
53 61 0.000000
53 62 0.000001
53 63 0.000000
54 0 0.000000
54 1 -3846.864621
54 2 873.046859
54 3 342.061553
54 4 -51.548345
54 5 -29.141386
54 6 2.610939
54 7 2.395448
54 8 -0.087876
54 9 -0.190677
54 10 -0.002333
54 11 0.014726
54 12 0.000893
54 13 -0.001100
54 14 -0.000122
54 15 0.000079
54 16 0.000011
54 17 -0.000008
54 18 -0.000004
54 19 -0.000003
54 20 -0.000004
54 21 -0.000004
54 22 -0.000004
54 23 -0.000004
54 24 -0.000004
54 25 -0.000004
54 26 -0.000004
54 27 -0.000004
54 28 -0.000004
54 29 -0.000004
54 30 -0.000003
54 31 -0.000003
54 32 -0.000003
54 33 -0.000003
54 34 -0.000003
54 35 -0.000003
54 36 -0.000002
54 37 -0.000002
54 38 -0.000002
54 39 -0.000002
54 40 -0.000002
54 41 -0.000002
54 42 -0.000001
54 43 -0.000001
54 44 -0.000001
54 45 -0.000001
54 46 -0.000001
54 47 -0.000001
54 48 -0.000001
54 49 -0.000001
54 50 -0.000001
54 51 -0.000001
54 52 -0.000001
54 53 -0.000000
54 54 -0.000000
54 55 -0.000000
54 56 -0.000000
54 57 -0.000000
54 58 -0.000000
54 59 -0.000000
54 60 -0.000000
54 61 0.000000
54 62 0.000001
54 63 0.000000
55 0 0.000000
55 1 -3846.874151
55 2 873.050069
55 3 342.062193
55 4 -51.548521
55 5 -29.141434
55 6 2.610940
55 7 2.395444
55 8 -0.087882
55 9 -0.190682
55 10 -0.002338
55 11 0.014721
55 12 0.000889
55 13 -0.001104
55 14 -0.000126
55 15 0.000075
55 16 0.000008
55 17 -0.000011
55 18 -0.000007
55 19 -0.000006
55 20 -0.000006
55 21 -0.000006
55 22 -0.000006
55 23 -0.000006
55 24 -0.000006
55 25 -0.000006
55 26 -0.000006
55 27 -0.000005
55 28 -0.000005
55 29 -0.000005
55 30 -0.000004
55 31 -0.000004
55 32 -0.000004
55 33 -0.000004
55 34 -0.000003
55 35 -0.000003
55 36 -0.000003
55 37 -0.000003
55 38 -0.000002
55 39 -0.000002
55 40 -0.000002
55 41 -0.000002
55 42 -0.000002
55 43 -0.000002
55 44 -0.000001
55 45 -0.000001
55 46 -0.000001
55 47 -0.000001
55 48 -0.000001
55 49 -0.000001
55 50 -0.000001
55 51 -0.000001
55 52 -0.000001
55 53 -0.000001
55 54 -0.000000
55 55 -0.000000
55 56 -0.000000
55 57 -0.000000
55 58 -0.000000
55 59 -0.000000
55 60 -0.000000
55 61 0.000000
55 62 0.000002
55 63 0.000000
56 0 0.000000
56 1 -3846.883627
56 2 873.053326
56 3 342.062806
56 4 -51.548695
56 5 -29.141480
56 6 2.610940
56 7 2.395439
56 8 -0.087889
56 9 -0.190688
56 10 -0.002343
56 11 0.014716
56 12 0.000884
56 13 -0.001109
56 14 -0.000130
56 15 0.000071
56 16 0.000004
56 17 -0.000015
56 18 -0.000011
56 19 -0.000009
56 20 -0.000009
56 21 -0.000009
56 22 -0.000009
56 23 -0.000008
56 24 -0.000008
56 25 -0.000008
56 26 -0.000007
56 27 -0.000007
56 28 -0.000006
56 29 -0.000006
56 30 -0.000006
56 31 -0.000005
56 32 -0.000005
56 33 -0.000004
56 34 -0.000004
56 35 -0.000004
56 36 -0.000003
56 37 -0.000003
56 38 -0.000003
56 39 -0.000003
56 40 -0.000002
56 41 -0.000002
56 42 -0.000002
56 43 -0.000002
56 44 -0.000002
56 45 -0.000001
56 46 -0.000001
56 47 -0.000001
56 48 -0.000001
56 49 -0.000001
56 50 -0.000001
56 51 -0.000001
56 52 -0.000001
56 53 -0.000001
56 54 -0.000001
56 55 -0.000000
56 56 -0.000000
56 57 -0.000000
56 58 -0.000000
56 59 -0.000000
56 60 -0.000000
56 61 0.000000
56 62 0.000002
56 63 0.000000
57 0 0.000000
57 1 -3846.893026
57 2 873.056618
57 3 342.063390
57 4 -51.548865
57 5 -29.141524
57 6 2.610938
57 7 2.395432
57 8 -0.087897
57 9 -0.190696
57 10 -0.002351
57 11 0.014709
57 12 0.000877
57 13 -0.001115
57 14 -0.000136
57 15 0.000066
57 16 -0.000001
57 17 -0.000020
57 18 -0.000015
57 19 -0.000013
57 20 -0.000013
57 21 -0.000012
57 22 -0.000012
57 23 -0.000011
57 24 -0.000010
57 25 -0.000010
57 26 -0.000009
57 27 -0.000008
57 28 -0.000008
57 29 -0.000007
57 30 -0.000007
57 31 -0.000006
57 32 -0.000006
57 33 -0.000005
57 34 -0.000005
57 35 -0.000004
57 36 -0.000004
57 37 -0.000004
57 38 -0.000003
57 39 -0.000003
57 40 -0.000003
57 41 -0.000002
57 42 -0.000002
57 43 -0.000002
57 44 -0.000002
57 45 -0.000002
57 46 -0.000001
57 47 -0.000001
57 48 -0.000001
57 49 -0.000001
57 50 -0.000001
57 51 -0.000001
57 52 -0.000001
57 53 -0.000001
57 54 -0.000001
57 55 -0.000001
57 56 -0.000000
57 57 -0.000000
57 58 -0.000000
57 59 -0.000000
57 60 -0.000000
57 61 0.000000
57 62 0.000002
57 63 0.000000
58 0 0.000000
58 1 -3846.902336
58 2 873.059937
58 3 342.063942
58 4 -51.549032
58 5 -29.141569
58 6 2.610932
58 7 2.395421
58 8 -0.087909
58 9 -0.190707
58 10 -0.002361
58 11 0.014699
58 12 0.000868
58 13 -0.001124
58 14 -0.000144
58 15 0.000058
58 16 -0.000008
58 17 -0.000026
58 18 -0.000020
58 19 -0.000018
58 20 -0.000017
58 21 -0.000016
58 22 -0.000015
58 23 -0.000014
58 24 -0.000013
58 25 -0.000012
58 26 -0.000011
58 27 -0.000010
58 28 -0.000009
58 29 -0.000009
58 30 -0.000008
58 31 -0.000007
58 32 -0.000006
58 33 -0.000006
58 34 -0.000005
58 35 -0.000005
58 36 -0.000004
58 37 -0.000004
58 38 -0.000004
58 39 -0.000003
58 40 -0.000003
58 41 -0.000003
58 42 -0.000002
58 43 -0.000002
58 44 -0.000002
58 45 -0.000002
58 46 -0.000002
58 47 -0.000001
58 48 -0.000001
58 49 -0.000001
58 50 -0.000001
58 51 -0.000001
58 52 -0.000001
58 53 -0.000001
58 54 -0.000001
58 55 -0.000001
58 56 -0.000000
58 57 -0.000000
58 58 -0.000000
58 59 -0.000000
58 60 -0.000000
58 61 0.000000
58 62 0.000002
58 63 0.000000
59 0 0.000000
59 1 -3846.911504
59 2 873.063306
59 3 342.064482
59 4 -51.549174
59 5 -29.141593
59 6 2.610943
59 7 2.395426
59 8 -0.087907
59 9 -0.190705
59 10 -0.002360
59 11 0.014700
59 12 0.000868
59 13 -0.001124
59 14 -0.000145
59 15 0.000057
59 16 -0.000009
59 17 -0.000027
59 18 -0.000022
59 19 -0.000019
59 20 -0.000018
59 21 -0.000017
59 22 -0.000016
59 23 -0.000015
59 24 -0.000014
59 25 -0.000013
59 26 -0.000012
59 27 -0.000011
59 28 -0.000010
59 29 -0.000009
59 30 -0.000008
59 31 -0.000008
59 32 -0.000007
59 33 -0.000006
59 34 -0.000006
59 35 -0.000005
59 36 -0.000005
59 37 -0.000004
59 38 -0.000004
59 39 -0.000003
59 40 -0.000003
59 41 -0.000003
59 42 -0.000003
59 43 -0.000002
59 44 -0.000002
59 45 -0.000002
59 46 -0.000002
59 47 -0.000002
59 48 -0.000001
59 49 -0.000001
59 50 -0.000001
59 51 -0.000001
59 52 -0.000001
59 53 -0.000001
59 54 -0.000001
59 55 -0.000001
59 56 -0.000000
59 57 -0.000000
59 58 -0.000000
59 59 -0.000000
59 60 -0.000000
59 61 0.000000
59 62 0.000002
59 63 0.000000
60 0 0.000000
60 1 -3846.920433
60 2 873.066795
60 3 342.065063
60 4 -51.549245
60 5 -29.141552
60 6 2.611008
60 7 2.395479
60 8 -0.087862
60 9 -0.190667
60 10 -0.002328
60 11 0.014726
60 12 0.000889
60 13 -0.001108
60 14 -0.000132
60 15 0.000067
60 16 -0.000002
60 17 -0.000022
60 18 -0.000019
60 19 -0.000018
60 20 -0.000018
60 21 -0.000017
60 22 -0.000017
60 23 -0.000016
60 24 -0.000015
60 25 -0.000014
60 26 -0.000013
60 27 -0.000012
60 28 -0.000011
60 29 -0.000010
60 30 -0.000009
60 31 -0.000008
60 32 -0.000007
60 33 -0.000006
60 34 -0.000006
60 35 -0.000005
60 36 -0.000005
60 37 -0.000004
60 38 -0.000004
60 39 -0.000003
60 40 -0.000003
60 41 -0.000003
60 42 -0.000003
60 43 -0.000002
60 44 -0.000002
60 45 -0.000002
60 46 -0.000002
60 47 -0.000001
60 48 -0.000001
60 49 -0.000001
60 50 -0.000001
60 51 -0.000001
60 52 -0.000001
60 53 -0.000001
60 54 -0.000001
60 55 -0.000001
60 56 -0.000000
60 57 -0.000000
60 58 -0.000000
60 59 -0.000000
60 60 -0.000000
60 61 0.000000
60 62 0.000003
60 63 0.000000
61 0 0.000000
61 1 -3846.930214
61 2 873.070115
61 3 342.065444
61 4 -51.549535
61 5 -29.141720
61 6 2.610883
61 7 2.395359
61 8 -0.087976
61 9 -0.190771
61 10 -0.002423
61 11 0.014640
61 12 0.000811
61 13 -0.001177
61 14 -0.000194
61 15 0.000012
61 16 -0.000050
61 17 -0.000064
61 18 -0.000055
61 19 -0.000049
61 20 -0.000045
61 21 -0.000041
61 22 -0.000037
61 23 -0.000033
61 24 -0.000029
61 25 -0.000026
61 26 -0.000023
61 27 -0.000021
61 28 -0.000019
61 29 -0.000017
61 30 -0.000015
61 31 -0.000013
61 32 -0.000012
61 33 -0.000011
61 34 -0.000009
61 35 -0.000008
61 36 -0.000008
61 37 -0.000007
61 38 -0.000006
61 39 -0.000005
61 40 -0.000005
61 41 -0.000004
61 42 -0.000004
61 43 -0.000004
61 44 -0.000003
61 45 -0.000003
61 46 -0.000003
61 47 -0.000002
61 48 -0.000002
61 49 -0.000002
61 50 -0.000002
61 51 -0.000001
61 52 -0.000001
61 53 -0.000001
61 54 -0.000001
61 55 -0.000001
61 56 -0.000001
61 57 -0.000001
61 58 -0.000001
61 59 -0.000000
61 60 -0.000000
61 61 0.000000
61 62 0.000003
61 63 0.000000
62 0 0.000000
62 1 -3846.944690
62 2 873.072322
62 3 342.065031
62 4 -51.550601
62 5 -29.142584
62 6 2.610154
62 7 2.394723
62 8 -0.088522
62 9 -0.191236
62 10 -0.002814
62 11 0.014314
62 12 0.000542
62 13 -0.001398
62 14 -0.000374
62 15 -0.000133
62 16 -0.000167
62 17 -0.000159
62 18 -0.000131
62 19 -0.000110
62 20 -0.000094
62 21 -0.000081
62 22 -0.000069
62 23 -0.000060
62 24 -0.000052
62 25 -0.000045
62 26 -0.000039
62 27 -0.000035
62 28 -0.000031
62 29 -0.000027
62 30 -0.000024
62 31 -0.000021
62 32 -0.000019
62 33 -0.000017
62 34 -0.000015
62 35 -0.000014
62 36 -0.000012
62 37 -0.000011
62 38 -0.000010
62 39 -0.000009
62 40 -0.000008
62 41 -0.000007
62 42 -0.000007
62 43 -0.000006
62 44 -0.000005
62 45 -0.000005
62 46 -0.000004
62 47 -0.000004
62 48 -0.000003
62 49 -0.000003
62 50 -0.000003
62 51 -0.000002
62 52 -0.000002
62 53 -0.000002
62 54 -0.000002
62 55 -0.000001
62 56 -0.000001
62 57 -0.000001
62 58 -0.000001
62 59 -0.000001
62 60 -0.000001
62 61 0.000000
62 62 0.000003
62 63 0.000000
63 0 0.000000
63 1 0.000000
63 2 0.000000
63 3 0.000000
63 4 0.000000
63 5 0.000000
63 6 0.000000
63 7 0.000000
63 8 0.000000
63 9 0.000000
63 10 0.000000
63 11 0.000000
63 12 0.000000
63 13 0.000000
63 14 0.000000
63 15 0.000000
63 16 0.000000
63 17 0.000000
63 18 0.000000
63 19 0.000000
63 20 0.000000
63 21 0.000000
63 22 0.000000
63 23 0.000000
63 24 0.000000
63 25 0.000000
63 26 0.000000
63 27 0.000000
63 28 0.000000
63 29 0.000000
63 30 0.000000
63 31 0.000000
63 32 0.000000
63 33 0.000000
63 34 0.000000
63 35 0.000000
63 36 0.000000
63 37 0.000000
63 38 0.000000
63 39 0.000000
63 40 0.000000
63 41 0.000000
63 42 0.000000
63 43 0.000000
63 44 0.000000
63 45 0.000000
63 46 0.000000
63 47 0.000000
63 48 0.000000
63 49 0.000000
63 50 0.000000
63 51 0.000000
63 52 0.000000
63 53 0.000000
63 54 0.000000
63 55 0.000000
63 56 0.000000
63 57 0.000000
63 58 0.000000
63 59 0.000000
63 60 0.000000
63 61 0.000000
63 62 0.000000
63 63 0.000000
