0 0 0.000000
0 1 0.000000
0 2 0.000000
0 3 0.000000
0 4 0.000000
0 5 0.000000
0 6 0.000000
0 7 0.000000
0 8 0.000000
0 9 0.000000
0 10 0.000000
0 11 0.000000
0 12 0.000000
0 13 0.000000
0 14 0.000000
0 15 0.000000
0 16 0.000000
0 17 0.000000
0 18 0.000000
0 19 0.000000
0 20 0.000000
0 21 0.000000
0 22 0.000000
0 23 0.000000
0 24 0.000000
0 25 0.000000
0 26 0.000000
0 27 0.000000
0 28 0.000000
0 29 0.000000
0 30 0.000000
0 31 0.000000
0 32 0.000000
0 33 0.000000
0 34 0.000000
0 35 0.000000
0 36 0.000000
0 37 0.000000
0 38 0.000000
0 39 0.000000
0 40 0.000000
0 41 0.000000
0 42 0.000000
0 43 0.000000
0 44 0.000000
0 45 0.000000
0 46 0.000000
0 47 0.000000
0 48 0.000000
0 49 0.000000
0 50 0.000000
0 51 0.000000
0 52 0.000000
0 53 0.000000
0 54 0.000000
0 55 0.000000
0 56 0.000000
0 57 0.000000
0 58 0.000000
0 59 0.000000
0 60 0.000000
0 61 0.000000
0 62 0.000000
0 63 0.000000
1 0 0.000000
1 1 -12380.519711
1 2 2869.653733
1 3 1122.337097
1 4 -172.582785
1 5 -97.452384
1 6 8.910913
1 7 8.163161
1 8 -0.307450
1 9 -0.662997
1 10 -0.008722
1 11 0.051551
1 12 0.002664
1 13 -0.004473
1 14 -0.000911
1 15 -0.000136
1 16 -0.000347
1 17 -0.000387
1 18 -0.000342
1 19 -0.000307
1 20 -0.000282
1 21 -0.000257
1 22 -0.000234
1 23 -0.000212
1 24 -0.000192
1 25 -0.000173
1 26 -0.000156
1 27 -0.000140
1 28 -0.000126
1 29 -0.000113
1 30 -0.000101
1 31 -0.000090
1 32 -0.000080
1 33 -0.000071
1 34 -0.000063
1 35 -0.000056
1 36 -0.000050
1 37 -0.000044
1 38 -0.000039
1 39 -0.000035
1 40 -0.000031
1 41 -0.000027
1 42 -0.000024
1 43 -0.000021
1 44 -0.000019
1 45 -0.000017
1 46 -0.000015
1 47 -0.000013
1 48 -0.000011
1 49 -0.000010
1 50 -0.000009
1 51 -0.000008
1 52 -0.000007
1 53 -0.000006
1 54 -0.000005
1 55 -0.000004
1 56 -0.000004
1 57 -0.000003
1 58 -0.000002
1 59 -0.000002
1 60 -0.000002
1 61 0.000000
1 62 0.000009
1 63 0.000000
2 0 0.000000
2 1 -12380.509853
2 2 2869.652289
2 3 1122.337531
2 4 -172.581907
2 5 -97.451603
2 6 8.911640
2 7 8.163854
2 8 -0.306793
2 9 -0.662378
2 10 -0.008139
2 11 0.052097
2 12 0.003172
2 13 -0.004001
2 14 -0.000473
2 15 0.000268
2 16 0.000024
2 17 -0.000047
2 18 -0.000032
2 19 -0.000026
2 20 -0.000027
2 21 -0.000027
2 22 -0.000027
2 23 -0.000027
2 24 -0.000026
2 25 -0.000026
2 26 -0.000025
2 27 -0.000025
2 28 -0.000024
2 29 -0.000023
2 30 -0.000022
2 31 -0.000021
2 32 -0.000020
2 33 -0.000019
2 34 -0.000018
2 35 -0.000017
2 36 -0.000016
2 37 -0.000015
2 38 -0.000014
2 39 -0.000013
2 40 -0.000013
2 41 -0.000012
2 42 -0.000011
2 43 -0.000010
2 44 -0.000009
2 45 -0.000008
2 46 -0.000008
2 47 -0.000007
2 48 -0.000006
2 49 -0.000006
2 50 -0.000005
2 51 -0.000005
2 52 -0.000004
2 53 -0.000004
2 54 -0.000003
2 55 -0.000003
2 56 -0.000002
2 57 -0.000002
2 58 -0.000002
2 59 -0.000001
2 60 -0.000001
2 61 0.000000
2 62 0.000009
2 63 0.000000
3 0 0.000000
3 1 -12380.503753
3 2 2869.650081
3 3 1122.337339
3 4 -172.581728
3 5 -97.451496
3 6 8.911729
3 7 8.163944
3 8 -0.306705
3 9 -0.662292
3 10 -0.008057
3 11 0.052177
3 12 0.003249
3 13 -0.003926
3 14 -0.000402
3 15 0.000336
3 16 0.000089
3 17 0.000015
3 18 0.000027
3 19 0.000030
3 20 0.000026
3 21 0.000023
3 22 0.000020
3 23 0.000017
3 24 0.000015
3 25 0.000012
3 26 0.000010
3 27 0.000008
3 28 0.000006
3 29 0.000005
3 30 0.000003
3 31 0.000002
3 32 0.000001
3 33 0.000000
3 34 -0.000001
3 35 -0.000001
3 36 -0.000002
3 37 -0.000002
3 38 -0.000003
3 39 -0.000003
3 40 -0.000003
3 41 -0.000003
3 42 -0.000003
3 43 -0.000003
3 44 -0.000003
3 45 -0.000003
3 46 -0.000003
3 47 -0.000003
3 48 -0.000003
3 49 -0.000003
3 50 -0.000003
3 51 -0.000002
3 52 -0.000002
3 53 -0.000002
3 54 -0.000002
3 55 -0.000002
3 56 -0.000001
3 57 -0.000001
3 58 -0.000001
3 59 -0.000001
3 60 -0.000001
3 61 0.000001
3 62 0.000009
3 63 0.000000
4 0 0.000000
4 1 -12380.498447
4 2 2869.647827
4 3 1122.337045
4 4 -172.581710
4 5 -97.451547
4 6 8.911670
4 7 8.163889
4 8 -0.306758
4 9 -0.662343
4 10 -0.008106
4 11 0.052130
4 12 0.003205
4 13 -0.003969
4 14 -0.000442
4 15 0.000298
4 16 0.000054
4 17 -0.000018
4 18 -0.000004
4 19 0.000002
4 20 -0.000000
4 21 -0.000002
4 22 -0.000002
4 23 -0.000003
4 24 -0.000004
4 25 -0.000004
4 26 -0.000005
4 27 -0.000005
4 28 -0.000006
4 29 -0.000006
4 30 -0.000006
4 31 -0.000006
4 32 -0.000006
4 33 -0.000006
4 34 -0.000006
4 35 -0.000006
4 36 -0.000006
4 37 -0.000006
4 38 -0.000006
4 39 -0.000005
4 40 -0.000005
4 41 -0.000005
4 42 -0.000005
4 43 -0.000004
4 44 -0.000004
4 45 -0.000004
4 46 -0.000004
4 47 -0.000003
4 48 -0.000003
4 49 -0.000003
4 50 -0.000003
4 51 -0.000002
4 52 -0.000002
4 53 -0.000002
4 54 -0.000002
4 55 -0.000002
4 56 -0.000001
4 57 -0.000001
4 58 -0.000001
4 59 -0.000001
4 60 -0.000001
4 61 0.000001
4 62 0.000009
4 63 0.000000
5 0 0.000000
5 1 -12380.493349
5 2 2869.645729
5 3 1122.336817
5 4 -172.581646
5 5 -97.451549
5 6 8.911659
5 7 8.163881
5 8 -0.306767
5 9 -0.662352
5 10 -0.008114
5 11 0.052122
5 12 0.003197
5 13 -0.003976
5 14 -0.000449
5 15 0.000292
5 16 0.000048
5 17 -0.000024
5 18 -0.000009
5 19 -0.000003
5 20 -0.000005
5 21 -0.000006
5 22 -0.000006
5 23 -0.000007
5 24 -0.000007
5 25 -0.000007
5 26 -0.000008
5 27 -0.000008
5 28 -0.000008
5 29 -0.000008
5 30 -0.000008
5 31 -0.000008
5 32 -0.000007
5 33 -0.000007
5 34 -0.000007
5 35 -0.000007
5 36 -0.000007
5 37 -0.000006
5 38 -0.000006
5 39 -0.000006
5 40 -0.000005
5 41 -0.000005
5 42 -0.000005
5 43 -0.000005
5 44 -0.000004
5 45 -0.000004
5 46 -0.000004
5 47 -0.000003
5 48 -0.000003
5 49 -0.000003
5 50 -0.000003
5 51 -0.000002
5 52 -0.000002
5 53 -0.000002
5 54 -0.000002
5 55 -0.000002
5 56 -0.000001
5 57 -0.000001
5 58 -0.000001
5 59 -0.000001
5 60 -0.000001
5 61 0.000000
5 62 0.000008
5 63 0.000000
6 0 0.000000
6 1 -12380.488510
6 2 2869.643736
6 3 1122.336618
6 4 -172.581573
6 5 -97.451541
6 6 8.911660
6 7 8.163884
6 8 -0.306763
6 9 -0.662348
6 10 -0.008110
6 11 0.052126
6 12 0.003201
6 13 -0.003972
6 14 -0.000445
6 15 0.000296
6 16 0.000051
6 17 -0.000020
6 18 -0.000005
6 19 0.000000
6 20 -0.000001
6 21 -0.000002
6 22 -0.000003
6 23 -0.000003
6 24 -0.000004
6 25 -0.000004
6 26 -0.000004
6 27 -0.000005
6 28 -0.000005
6 29 -0.000005
6 30 -0.000005
6 31 -0.000005
6 32 -0.000005
6 33 -0.000005
6 34 -0.000005
6 35 -0.000005
6 36 -0.000005
6 37 -0.000005
6 38 -0.000004
6 39 -0.000004
6 40 -0.000004
6 41 -0.000004
6 42 -0.000004
6 43 -0.000004
6 44 -0.000003
6 45 -0.000003
6 46 -0.000003
6 47 -0.000003
6 48 -0.000003
6 49 -0.000002
6 50 -0.000002
6 51 -0.000002
6 52 -0.000002
6 53 -0.000002
6 54 -0.000001
6 55 -0.000001
6 56 -0.000001
6 57 -0.000001
6 58 -0.000001
6 59 -0.000001
6 60 -0.000001
6 61 0.000000
6 62 0.000008
6 63 0.000000
7 0 0.000000
7 1 -12380.483941
7 2 2869.641829
7 3 1122.336432
7 4 -172.581505
7 5 -97.451536
7 6 8.911659
7 7 8.163885
7 8 -0.306762
7 9 -0.662347
7 10 -0.008109
7 11 0.052127
7 12 0.003202
7 13 -0.003970
7 14 -0.000443
7 15 0.000297
7 16 0.000053
7 17 -0.000018
7 18 -0.000003
7 19 0.000002
7 20 0.000001
7 21 -0.000000
7 22 -0.000001
7 23 -0.000001
7 24 -0.000002
7 25 -0.000002
7 26 -0.000002
7 27 -0.000003
7 28 -0.000003
7 29 -0.000003
7 30 -0.000003
7 31 -0.000003
7 32 -0.000003
7 33 -0.000003
7 34 -0.000003
7 35 -0.000003
7 36 -0.000003
7 37 -0.000003
7 38 -0.000003
7 39 -0.000003
7 40 -0.000003
7 41 -0.000003
7 42 -0.000003
7 43 -0.000003
7 44 -0.000003
7 45 -0.000002
7 46 -0.000002
7 47 -0.000002
7 48 -0.000002
7 49 -0.000002
7 50 -0.000002
7 51 -0.000002
7 52 -0.000001
7 53 -0.000001
7 54 -0.000001
7 55 -0.000001
7 56 -0.000001
7 57 -0.000001
7 58 -0.000001
7 59 -0.000001
7 60 -0.000001
7 61 0.000000
7 62 0.000007
7 63 0.000000
8 0 0.000000
8 1 -12380.479624
8 2 2869.640005
8 3 1122.336261
8 4 -172.581440
8 5 -97.451533
8 6 8.911657
8 7 8.163886
8 8 -0.306762
8 9 -0.662347
8 10 -0.008108
8 11 0.052128
8 12 0.003203
8 13 -0.003970
8 14 -0.000442
8 15 0.000298
8 16 0.000054
8 17 -0.000017
8 18 -0.000002
8 19 0.000004
8 20 0.000002
8 21 0.000001
8 22 0.000001
8 23 0.000000
8 24 -0.000000
8 25 -0.000001
8 26 -0.000001
8 27 -0.000001
8 28 -0.000002
8 29 -0.000002
8 30 -0.000002
8 31 -0.000002
8 32 -0.000002
8 33 -0.000002
8 34 -0.000002
8 35 -0.000002
8 36 -0.000002
8 37 -0.000002
8 38 -0.000002
8 39 -0.000002
8 40 -0.000002
8 41 -0.000002
8 42 -0.000002
8 43 -0.000002
8 44 -0.000002
8 45 -0.000002
8 46 -0.000002
8 47 -0.000002
8 48 -0.000002
8 49 -0.000002
8 50 -0.000001
8 51 -0.000001
8 52 -0.000001
8 53 -0.000001
8 54 -0.000001
8 55 -0.000001
8 56 -0.000001
8 57 -0.000001
8 58 -0.000001
8 59 -0.000000
8 60 -0.000001
8 61 0.000000
8 62 0.000006
8 63 0.000000
9 0 0.000000
9 1 -12380.475544
9 2 2869.638262
9 3 1122.336103
9 4 -172.581377
9 5 -97.451530
9 6 8.911656
9 7 8.163887
9 8 -0.306761
9 9 -0.662346
9 10 -0.008107
9 11 0.052129
9 12 0.003204
9 13 -0.003968
9 14 -0.000441
9 15 0.000299
9 16 0.000055
9 17 -0.000016
9 18 -0.000001
9 19 0.000005
9 20 0.000003
9 21 0.000002
9 22 0.000002
9 23 0.000001
9 24 0.000001
9 25 0.000001
9 26 0.000000
9 27 -0.000000
9 28 -0.000000
9 29 -0.000001
9 30 -0.000001
9 31 -0.000001
9 32 -0.000001
9 33 -0.000001
9 34 -0.000001
9 35 -0.000002
9 36 -0.000002
9 37 -0.000002
9 38 -0.000002
9 39 -0.000002
9 40 -0.000002
9 41 -0.000002
9 42 -0.000002
9 43 -0.000002
9 44 -0.000002
9 45 -0.000001
9 46 -0.000001
9 47 -0.000001
9 48 -0.000001
9 49 -0.000001
9 50 -0.000001
9 51 -0.000001
9 52 -0.000001
9 53 -0.000001
9 54 -0.000001
9 55 -0.000001
9 56 -0.000001
9 57 -0.000001
9 58 -0.000000
9 59 -0.000000
9 60 -0.000001
9 61 0.000000
9 62 0.000006
9 63 0.000000
10 0 0.000000
10 1 -12380.471688
10 2 2869.636598
10 3 1122.335959
10 4 -172.581315
10 5 -97.451528
10 6 8.911655
10 7 8.163889
10 8 -0.306759
10 9 -0.662345
10 10 -0.008106
10 11 0.052130
10 12 0.003205
10 13 -0.003967
10 14 -0.000440
10 15 0.000301
10 16 0.000057
10 17 -0.000015
10 18 0.000000
10 19 0.000006
10 20 0.000005
10 21 0.000004
10 22 0.000003
10 23 0.000003
10 24 0.000002
10 25 0.000002
10 26 0.000001
10 27 0.000001
10 28 0.000001
10 29 0.000000
10 30 0.000000
10 31 -0.000000
10 32 -0.000000
10 33 -0.000000
10 34 -0.000001
10 35 -0.000001
10 36 -0.000001
10 37 -0.000001
10 38 -0.000001
10 39 -0.000001
10 40 -0.000001
10 41 -0.000001
10 42 -0.000001
10 43 -0.000001
10 44 -0.000001
10 45 -0.000001
10 46 -0.000001
10 47 -0.000001
10 48 -0.000001
10 49 -0.000001
10 50 -0.000001
10 51 -0.000001
10 52 -0.000001
10 53 -0.000001
10 54 -0.000001
10 55 -0.000001
10 56 -0.000000
10 57 -0.000000
10 58 -0.000000
10 59 -0.000000
10 60 -0.000000
10 61 0.000000
10 62 0.000005
10 63 0.000000
11 0 0.000000
11 1 -12380.468046
11 2 2869.635010
11 3 1122.335826
11 4 -172.581255
11 5 -97.451527
11 6 8.911655
11 7 8.163891
11 8 -0.306758
11 9 -0.662343
11 10 -0.008105
11 11 0.052131
11 12 0.003207
11 13 -0.003966
11 14 -0.000439
11 15 0.000302
11 16 0.000058
11 17 -0.000014
11 18 0.000002
11 19 0.000007
11 20 0.000006
11 21 0.000005
11 22 0.000004
11 23 0.000004
11 24 0.000003
11 25 0.000003
11 26 0.000002
11 27 0.000002
11 28 0.000002
11 29 0.000001
11 30 0.000001
11 31 0.000001
11 32 0.000001
11 33 0.000000
11 34 0.000000
11 35 0.000000
11 36 -0.000000
11 37 -0.000000
11 38 -0.000000
11 39 -0.000000
11 40 -0.000000
11 41 -0.000000
11 42 -0.000001
11 43 -0.000001
11 44 -0.000001
11 45 -0.000001
11 46 -0.000001
11 47 -0.000001
11 48 -0.000001
11 49 -0.000001
11 50 -0.000001
11 51 -0.000000
11 52 -0.000000
11 53 -0.000000
11 54 -0.000000
11 55 -0.000000
11 56 -0.000000
11 57 -0.000000
11 58 -0.000000
11 59 -0.000000
11 60 -0.000000
11 61 0.000000
11 62 0.000004
11 63 0.000000
12 0 0.000000
12 1 -12380.464607
12 2 2869.633497
12 3 1122.335703
12 4 -172.581197
12 5 -97.451525
12 6 8.911654
12 7 8.163893
12 8 -0.306756
12 9 -0.662342
12 10 -0.008103
12 11 0.052133
12 12 0.003208
12 13 -0.003965
12 14 -0.000438
12 15 0.000303
12 16 0.000059
12 17 -0.000012
12 18 0.000003
12 19 0.000009
12 20 0.000007
12 21 0.000006
12 22 0.000005
12 23 0.000005
12 24 0.000004
12 25 0.000004
12 26 0.000003
12 27 0.000003
12 28 0.000003
12 29 0.000002
12 30 0.000002
12 31 0.000002
12 32 0.000001
12 33 0.000001
12 34 0.000001
12 35 0.000001
12 36 0.000001
12 37 0.000000
12 38 0.000000
12 39 0.000000
12 40 0.000000
12 41 0.000000
12 42 -0.000000
12 43 -0.000000
12 44 -0.000000
12 45 -0.000000
12 46 -0.000000
12 47 -0.000000
12 48 -0.000000
12 49 -0.000000
12 50 -0.000000
12 51 -0.000000
12 52 -0.000000
12 53 -0.000000
12 54 -0.000000
12 55 -0.000000
12 56 -0.000000
12 57 -0.000000
12 58 -0.000000
12 59 -0.000000
12 60 -0.000000
12 61 0.000000
12 62 0.000003
12 63 0.000000
13 0 0.000000
13 1 -12380.461363
13 2 2869.632057
13 3 1122.335590
13 4 -172.581141
13 5 -97.451525
13 6 8.911654
13 7 8.163896
13 8 -0.306755
13 9 -0.662341
13 10 -0.008102
13 11 0.052134
13 12 0.003209
13 13 -0.003963
13 14 -0.000436
13 15 0.000304
13 16 0.000060
13 17 -0.000011
13 18 0.000004
13 19 0.000010
13 20 0.000008
13 21 0.000007
13 22 0.000006
13 23 0.000006
13 24 0.000005
13 25 0.000005
13 26 0.000004
13 27 0.000004
13 28 0.000003
13 29 0.000003
13 30 0.000003
13 31 0.000002
13 32 0.000002
13 33 0.000002
13 34 0.000002
13 35 0.000001
13 36 0.000001
13 37 0.000001
13 38 0.000001
13 39 0.000001
13 40 0.000001
13 41 0.000001
13 42 0.000000
13 43 0.000000
13 44 0.000000
13 45 0.000000
13 46 0.000000
13 47 0.000000
13 48 0.000000
13 49 0.000000
13 50 0.000000
13 51 0.000000
13 52 -0.000000
13 53 -0.000000
13 54 -0.000000
13 55 -0.000000
13 56 -0.000000
13 57 -0.000000
13 58 -0.000000
13 59 -0.000000
13 60 -0.000000
13 61 0.000000
13 62 0.000003
13 63 0.000000
14 0 0.000000
14 1 -12380.458307
14 2 2869.630689
14 3 1122.335486
14 4 -172.581086
14 5 -97.451524
14 6 8.911655
14 7 8.163898
14 8 -0.306753
14 9 -0.662339
14 10 -0.008100
14 11 0.052136
14 12 0.003211
14 13 -0.003962
14 14 -0.000435
14 15 0.000306
14 16 0.000061
14 17 -0.000010
14 18 0.000005
14 19 0.000011
14 20 0.000009
14 21 0.000008
14 22 0.000007
14 23 0.000007
14 24 0.000006
14 25 0.000006
14 26 0.000005
14 27 0.000005
14 28 0.000004
14 29 0.000004
14 30 0.000004
14 31 0.000003
14 32 0.000003
14 33 0.000003
14 34 0.000002
14 35 0.000002
14 36 0.000002
14 37 0.000002
14 38 0.000001
14 39 0.000001
14 40 0.000001
14 41 0.000001
14 42 0.000001
14 43 0.000001
14 44 0.000001
14 45 0.000001
14 46 0.000000
14 47 0.000000
14 48 0.000000
14 49 0.000000
14 50 0.000000
14 51 0.000000
14 52 0.000000
14 53 0.000000
14 54 0.000000
14 55 0.000000
14 56 0.000000
14 57 0.000000
14 58 0.000000
14 59 0.000000
14 60 -0.000000
14 61 0.000000
14 62 0.000002
14 63 0.000000
15 0 0.000000
15 1 -12380.455432
15 2 2869.629392
15 3 1122.335390
15 4 -172.581033
15 5 -97.451524
15 6 8.911655
15 7 8.163901
15 8 -0.306751
15 9 -0.662338
15 10 -0.008099
15 11 0.052137
15 12 0.003212
15 13 -0.003961
15 14 -0.000434
15 15 0.000307
15 16 0.000062
15 17 -0.000009
15 18 0.000006
15 19 0.000012
15 20 0.000010
15 21 0.000009
15 22 0.000008
15 23 0.000008
15 24 0.000007
15 25 0.000006
15 26 0.000006
15 27 0.000005
15 28 0.000005
15 29 0.000005
15 30 0.000004
15 31 0.000004
15 32 0.000003
15 33 0.000003
15 34 0.000003
15 35 0.000003
15 36 0.000002
15 37 0.000002
15 38 0.000002
15 39 0.000002
15 40 0.000002
15 41 0.000001
15 42 0.000001
15 43 0.000001
15 44 0.000001
15 45 0.000001
15 46 0.000001
15 47 0.000001
15 48 0.000001
15 49 0.000001
15 50 0.000000
15 51 0.000000
15 52 0.000000
15 53 0.000000
15 54 0.000000
15 55 0.000000
15 56 0.000000
15 57 0.000000
15 58 0.000000
15 59 0.000000
15 60 -0.000000
15 61 0.000000
15 62 0.000001
15 63 0.000000
16 0 0.000000
16 1 -12380.452732
16 2 2869.628166
16 3 1122.335301
16 4 -172.580982
16 5 -97.451525
16 6 8.911655
16 7 8.163904
16 8 -0.306749
16 9 -0.662336
16 10 -0.008097
16 11 0.052138
16 12 0.003213
16 13 -0.003960
16 14 -0.000433
16 15 0.000308
16 16 0.000063
16 17 -0.000008
16 18 0.000007
16 19 0.000013
16 20 0.000011
16 21 0.000010
16 22 0.000009
16 23 0.000008
16 24 0.000008
16 25 0.000007
16 26 0.000007
16 27 0.000006
16 28 0.000006
16 29 0.000005
16 30 0.000005
16 31 0.000004
16 32 0.000004
16 33 0.000004
16 34 0.000003
16 35 0.000003
16 36 0.000003
16 37 0.000003
16 38 0.000002
16 39 0.000002
16 40 0.000002
16 41 0.000002
16 42 0.000002
16 43 0.000001
16 44 0.000001
16 45 0.000001
16 46 0.000001
16 47 0.000001
16 48 0.000001
16 49 0.000001
16 50 0.000001
16 51 0.000001
16 52 0.000001
16 53 0.000000
16 54 0.000000
16 55 0.000000
16 56 0.000000
16 57 0.000000
16 58 0.000000
16 59 0.000000
16 60 0.000000
16 61 0.000000
16 62 0.000000
16 63 0.000000
17 0 0.000000
17 1 -12380.450205
17 2 2869.627011
17 3 1122.335219
17 4 -172.580934
17 5 -97.451525
17 6 8.911656
17 7 8.163906
17 8 -0.306748
17 9 -0.662335
17 10 -0.008096
17 11 0.052140
17 12 0.003215
17 13 -0.003959
17 14 -0.000432
17 15 0.000309
17 16 0.000064
17 17 -0.000007
17 18 0.000008
17 19 0.000013
17 20 0.000012
17 21 0.000010
17 22 0.000010
17 23 0.000009
17 24 0.000008
17 25 0.000008
17 26 0.000007
17 27 0.000007
17 28 0.000006
17 29 0.000006
17 30 0.000005
17 31 0.000005
17 32 0.000005
17 33 0.000004
17 34 0.000004
17 35 0.000004
17 36 0.000003
17 37 0.000003
17 38 0.000003
17 39 0.000003
17 40 0.000002
17 41 0.000002
17 42 0.000002
17 43 0.000002
17 44 0.000002
17 45 0.000001
17 46 0.000001
17 47 0.000001
17 48 0.000001
17 49 0.000001
17 50 0.000001
17 51 0.000001
17 52 0.000001
17 53 0.000001
17 54 0.000001
17 55 0.000000
17 56 0.000000
17 57 0.000000
17 58 0.000000
17 59 0.000000
17 60 0.000000
17 61 0.000000
17 62 -0.000000
17 63 0.000000
18 0 0.000000
18 1 -12380.447845
18 2 2869.625927
18 3 1122.335143
18 4 -172.580887
18 5 -97.451526
18 6 8.911656
18 7 8.163909
18 8 -0.306746
18 9 -0.662333
18 10 -0.008095
18 11 0.052141
18 12 0.003216
18 13 -0.003957
18 14 -0.000431
18 15 0.000310
18 16 0.000065
18 17 -0.000006
18 18 0.000009
18 19 0.000014
18 20 0.000012
18 21 0.000011
18 22 0.000010
18 23 0.000010
18 24 0.000009
18 25 0.000008
18 26 0.000008
18 27 0.000007
18 28 0.000007
18 29 0.000006
18 30 0.000006
18 31 0.000005
18 32 0.000005
18 33 0.000005
18 34 0.000004
18 35 0.000004
18 36 0.000004
18 37 0.000003
18 38 0.000003
18 39 0.000003
18 40 0.000003
18 41 0.000002
18 42 0.000002
18 43 0.000002
18 44 0.000002
18 45 0.000002
18 46 0.000002
18 47 0.000001
18 48 0.000001
18 49 0.000001
18 50 0.000001
18 51 0.000001
18 52 0.000001
18 53 0.000001
18 54 0.000001
18 55 0.000001
18 56 0.000000
18 57 0.000000
18 58 0.000000
18 59 0.000000
18 60 0.000000
18 61 0.000000
18 62 -0.000001
18 63 0.000000
19 0 0.000000
19 1 -12380.445650
19 2 2869.624915
19 3 1122.335073
19 4 -172.580842
19 5 -97.451526
19 6 8.911657
19 7 8.163912
19 8 -0.306744
19 9 -0.662332
19 10 -0.008093
19 11 0.052142
19 12 0.003217
19 13 -0.003956
19 14 -0.000430
19 15 0.000311
19 16 0.000066
19 17 -0.000005
19 18 0.000009
19 19 0.000015
19 20 0.000013
19 21 0.000012
19 22 0.000011
19 23 0.000010
19 24 0.000010
19 25 0.000009
19 26 0.000008
19 27 0.000008
19 28 0.000007
19 29 0.000007
19 30 0.000006
19 31 0.000006
19 32 0.000006
19 33 0.000005
19 34 0.000005
19 35 0.000004
19 36 0.000004
19 37 0.000004
19 38 0.000003
19 39 0.000003
19 40 0.000003
19 41 0.000003
19 42 0.000003
19 43 0.000002
19 44 0.000002
19 45 0.000002
19 46 0.000002
19 47 0.000002
19 48 0.000001
19 49 0.000001
19 50 0.000001
19 51 0.000001
19 52 0.000001
19 53 0.000001
19 54 0.000001
19 55 0.000001
19 56 0.000001
19 57 0.000000
19 58 0.000000
19 59 0.000000
19 60 0.000000
19 61 -0.000000
19 62 -0.000002
19 63 0.000000
20 0 0.000000
20 1 -12380.443618
20 2 2869.623974
20 3 1122.335009
20 4 -172.580800
20 5 -97.451527
20 6 8.911657
20 7 8.163914
20 8 -0.306743
20 9 -0.662331
20 10 -0.008092
20 11 0.052143
20 12 0.003218
20 13 -0.003955
20 14 -0.000429
20 15 0.000311
20 16 0.000067
20 17 -0.000005
20 18 0.000010
20 19 0.000016
20 20 0.000014
20 21 0.000012
20 22 0.000012
20 23 0.000011
20 24 0.000010
20 25 0.000010
20 26 0.000009
20 27 0.000008
20 28 0.000008
20 29 0.000007
20 30 0.000007
20 31 0.000006
20 32 0.000006
20 33 0.000005
20 34 0.000005
20 35 0.000005
20 36 0.000004
20 37 0.000004
20 38 0.000004
20 39 0.000004
20 40 0.000003
20 41 0.000003
20 42 0.000003
20 43 0.000003
20 44 0.000002
20 45 0.000002
20 46 0.000002
20 47 0.000002
20 48 0.000002
20 49 0.000002
20 50 0.000001
20 51 0.000001
20 52 0.000001
20 53 0.000001
20 54 0.000001
20 55 0.000001
20 56 0.000001
20 57 0.000001
20 58 0.000000
20 59 0.000000
20 60 0.000000
20 61 -0.000000
20 62 -0.000003
20 63 0.000000
21 0 0.000000
21 1 -12380.441747
21 2 2869.623105
21 3 1122.334950
21 4 -172.580761
21 5 -97.451528
21 6 8.911658
21 7 8.163917
21 8 -0.306741
21 9 -0.662329
21 10 -0.008091
21 11 0.052145
21 12 0.003219
21 13 -0.003954
21 14 -0.000428
21 15 0.000312
21 16 0.000068
21 17 -0.000004
21 18 0.000011
21 19 0.000016
21 20 0.000014
21 21 0.000013
21 22 0.000012
21 23 0.000011
21 24 0.000011
21 25 0.000010
21 26 0.000009
21 27 0.000009
21 28 0.000008
21 29 0.000008
21 30 0.000007
21 31 0.000007
21 32 0.000006
21 33 0.000006
21 34 0.000005
21 35 0.000005
21 36 0.000005
21 37 0.000004
21 38 0.000004
21 39 0.000004
21 40 0.000003
21 41 0.000003
21 42 0.000003
21 43 0.000003
21 44 0.000003
21 45 0.000002
21 46 0.000002
21 47 0.000002
21 48 0.000002
21 49 0.000002
21 50 0.000001
21 51 0.000001
21 52 0.000001
21 53 0.000001
21 54 0.000001
21 55 0.000001
21 56 0.000001
21 57 0.000001
21 58 0.000000
21 59 0.000000
21 60 0.000000
21 61 -0.000000
21 62 -0.000003
21 63 0.000000
22 0 0.000000
22 1 -12380.440036
22 2 2869.622309
22 3 1122.334895
22 4 -172.580724
22 5 -97.451529
22 6 8.911658
22 7 8.163919
22 8 -0.306740
22 9 -0.662328
22 10 -0.008090
22 11 0.052146
22 12 0.003220
22 13 -0.003954
22 14 -0.000427
22 15 0.000313
22 16 0.000068
22 17 -0.000003
22 18 0.000011
22 19 0.000017
22 20 0.000015
22 21 0.000013
22 22 0.000013
22 23 0.000012
22 24 0.000011
22 25 0.000010
22 26 0.000010
22 27 0.000009
22 28 0.000009
22 29 0.000008
22 30 0.000008
22 31 0.000007
22 32 0.000007
22 33 0.000006
22 34 0.000006
22 35 0.000005
22 36 0.000005
22 37 0.000005
22 38 0.000004
22 39 0.000004
22 40 0.000004
22 41 0.000003
22 42 0.000003
22 43 0.000003
22 44 0.000003
22 45 0.000003
22 46 0.000002
22 47 0.000002
22 48 0.000002
22 49 0.000002
22 50 0.000002
22 51 0.000001
22 52 0.000001
22 53 0.000001
22 54 0.000001
22 55 0.000001
22 56 0.000001
22 57 0.000001
22 58 0.000001
22 59 0.000000
22 60 0.000001
22 61 -0.000000
22 62 -0.000004
22 63 0.000000
23 0 0.000000
23 1 -12380.438483
23 2 2869.621586
23 3 1122.334846
23 4 -172.580690
23 5 -97.451529
23 6 8.911659
23 7 8.163921
23 8 -0.306739
23 9 -0.662327
23 10 -0.008089
23 11 0.052146
23 12 0.003221
23 13 -0.003953
23 14 -0.000426
23 15 0.000314
23 16 0.000069
23 17 -0.000003
23 18 0.000012
23 19 0.000017
23 20 0.000015
23 21 0.000014
23 22 0.000013
23 23 0.000012
23 24 0.000012
23 25 0.000011
23 26 0.000010
23 27 0.000010
23 28 0.000009
23 29 0.000008
23 30 0.000008
23 31 0.000007
23 32 0.000007
23 33 0.000006
23 34 0.000006
23 35 0.000006
23 36 0.000005
23 37 0.000005
23 38 0.000005
23 39 0.000004
23 40 0.000004
23 41 0.000004
23 42 0.000003
23 43 0.000003
23 44 0.000003
23 45 0.000003
23 46 0.000002
23 47 0.000002
23 48 0.000002
23 49 0.000002
23 50 0.000002
23 51 0.000002
23 52 0.000001
23 53 0.000001
23 54 0.000001
23 55 0.000001
23 56 0.000001
23 57 0.000001
23 58 0.000001
23 59 0.000000
23 60 0.000001
23 61 -0.000000
23 62 -0.000004
23 63 0.000000
24 0 0.000000
24 1 -12380.437088
24 2 2869.620937
24 3 1122.334801
24 4 -172.580659
24 5 -97.451530
24 6 8.911659
24 7 8.163923
24 8 -0.306737
24 9 -0.662326
24 10 -0.008088
24 11 0.052147
24 12 0.003221
24 13 -0.003952
24 14 -0.000426
24 15 0.000314
24 16 0.000070
24 17 -0.000002
24 18 0.000012
24 19 0.000018
24 20 0.000016
24 21 0.000014
24 22 0.000013
24 23 0.000013
24 24 0.000012
24 25 0.000011
24 26 0.000010
24 27 0.000010
24 28 0.000009
24 29 0.000009
24 30 0.000008
24 31 0.000008
24 32 0.000007
24 33 0.000007
24 34 0.000006
24 35 0.000006
24 36 0.000005
24 37 0.000005
24 38 0.000005
24 39 0.000004
24 40 0.000004
24 41 0.000004
24 42 0.000004
24 43 0.000003
24 44 0.000003
24 45 0.000003
24 46 0.000003
24 47 0.000002
24 48 0.000002
24 49 0.000002
24 50 0.000002
24 51 0.000002
24 52 0.000001
24 53 0.000001
24 54 0.000001
24 55 0.000001
24 56 0.000001
24 57 0.000001
24 58 0.000001
24 59 0.000001
24 60 0.000001
24 61 -0.000000
24 62 -0.000005
24 63 0.000000
25 0 0.000000
25 1 -12380.435850
25 2 2869.620362
25 3 1122.334760
25 4 -172.580631
25 5 -97.451530
25 6 8.911660
25 7 8.163924
25 8 -0.306736
25 9 -0.662325
25 10 -0.008087
25 11 0.052148
25 12 0.003222
25 13 -0.003952
25 14 -0.000425
25 15 0.000315
25 16 0.000070
25 17 -0.000002
25 18 0.000013
25 19 0.000018
25 20 0.000016
25 21 0.000015
25 22 0.000014
25 23 0.000013
25 24 0.000012
25 25 0.000011
25 26 0.000011
25 27 0.000010
25 28 0.000009
25 29 0.000009
25 30 0.000008
25 31 0.000008
25 32 0.000007
25 33 0.000007
25 34 0.000006
25 35 0.000006
25 36 0.000006
25 37 0.000005
25 38 0.000005
25 39 0.000005
25 40 0.000004
25 41 0.000004
25 42 0.000004
25 43 0.000003
25 44 0.000003
25 45 0.000003
25 46 0.000003
25 47 0.000002
25 48 0.000002
25 49 0.000002
25 50 0.000002
25 51 0.000002
25 52 0.000002
25 53 0.000001
25 54 0.000001
25 55 0.000001
25 56 0.000001
25 57 0.000001
25 58 0.000001
25 59 0.000001
25 60 0.000001
25 61 -0.000000
25 62 -0.000005
25 63 0.000000
26 0 0.000000
26 1 -12380.434770
26 2 2869.619862
26 3 1122.334724
26 4 -172.580607
26 5 -97.451531
26 6 8.911660
26 7 8.163926
26 8 -0.306735
26 9 -0.662325
26 10 -0.008086
26 11 0.052149
26 12 0.003223
26 13 -0.003951
26 14 -0.000425
26 15 0.000315
26 16 0.000070
26 17 -0.000002
26 18 0.000013
26 19 0.000018
26 20 0.000016
26 21 0.000015
26 22 0.000014
26 23 0.000013
26 24 0.000012
26 25 0.000012
26 26 0.000011
26 27 0.000010
26 28 0.000010
26 29 0.000009
26 30 0.000009
26 31 0.000008
26 32 0.000008
26 33 0.000007
26 34 0.000007
26 35 0.000006
26 36 0.000006
26 37 0.000005
26 38 0.000005
26 39 0.000005
26 40 0.000004
26 41 0.000004
26 42 0.000004
26 43 0.000004
26 44 0.000003
26 45 0.000003
26 46 0.000003
26 47 0.000003
26 48 0.000002
26 49 0.000002
26 50 0.000002
26 51 0.000002
26 52 0.000002
26 53 0.000001
26 54 0.000001
26 55 0.000001
26 56 0.000001
26 57 0.000001
26 58 0.000001
26 59 0.000001
26 60 0.000001
26 61 -0.000000
26 62 -0.000006
26 63 0.000000
27 0 0.000000
27 1 -12380.433847
27 2 2869.619438
27 3 1122.334692
27 4 -172.580586
27 5 -97.451531
27 6 8.911660
27 7 8.163927
27 8 -0.306735
27 9 -0.662324
27 10 -0.008086
27 11 0.052149
27 12 0.003223
27 13 -0.003951
27 14 -0.000424
27 15 0.000316
27 16 0.000071
27 17 -0.000001
27 18 0.000013
27 19 0.000019
27 20 0.000017
27 21 0.000015
27 22 0.000014
27 23 0.000014
27 24 0.000013
27 25 0.000012
27 26 0.000011
27 27 0.000011
27 28 0.000010
27 29 0.000009
27 30 0.000009
27 31 0.000008
27 32 0.000008
27 33 0.000007
27 34 0.000007
27 35 0.000006
27 36 0.000006
27 37 0.000006
27 38 0.000005
27 39 0.000005
27 40 0.000005
27 41 0.000004
27 42 0.000004
27 43 0.000004
27 44 0.000003
27 45 0.000003
27 46 0.000003
27 47 0.000003
27 48 0.000002
27 49 0.000002
27 50 0.000002
27 51 0.000002
27 52 0.000002
27 53 0.000001
27 54 0.000001
27 55 0.000001
27 56 0.000001
27 57 0.000001
27 58 0.000001
27 59 0.000001
27 60 0.000001
27 61 -0.000000
27 62 -0.000006
27 63 0.000000
28 0 0.000000
28 1 -12380.433080
28 2 2869.619089
28 3 1122.334665
28 4 -172.580569
28 5 -97.451531
28 6 8.911660
28 7 8.163928
28 8 -0.306734
28 9 -0.662324
28 10 -0.008085
28 11 0.052150
28 12 0.003223
28 13 -0.003950
28 14 -0.000424
28 15 0.000316
28 16 0.000071
28 17 -0.000001
28 18 0.000014
28 19 0.000019
28 20 0.000017
28 21 0.000015
28 22 0.000015
28 23 0.000014
28 24 0.000013
28 25 0.000012
28 26 0.000011
28 27 0.000011
28 28 0.000010
28 29 0.000009
28 30 0.000009
28 31 0.000008
28 32 0.000008
28 33 0.000007
28 34 0.000007
28 35 0.000006
28 36 0.000006
28 37 0.000006
28 38 0.000005
28 39 0.000005
28 40 0.000005
28 41 0.000004
28 42 0.000004
28 43 0.000004
28 44 0.000003
28 45 0.000003
28 46 0.000003
28 47 0.000003
28 48 0.000002
28 49 0.000002
28 50 0.000002
28 51 0.000002
28 52 0.000002
28 53 0.000002
28 54 0.000001
28 55 0.000001
28 56 0.000001
28 57 0.000001
28 58 0.000001
28 59 0.000001
28 60 0.000001
28 61 -0.000000
28 62 -0.000006
28 63 0.000000
29 0 0.000000
29 1 -12380.432471
29 2 2869.618816
29 3 1122.334642
29 4 -172.580555
29 5 -97.451531
29 6 8.911660
29 7 8.163929
29 8 -0.306734
29 9 -0.662323
29 10 -0.008085
29 11 0.052150
29 12 0.003224
29 13 -0.003950
29 14 -0.000424
29 15 0.000316
29 16 0.000071
29 17 -0.000001
29 18 0.000014
29 19 0.000019
29 20 0.000017
29 21 0.000016
29 22 0.000015
29 23 0.000014
29 24 0.000013
29 25 0.000012
29 26 0.000011
29 27 0.000011
29 28 0.000010
29 29 0.000010
29 30 0.000009
29 31 0.000008
29 32 0.000008
29 33 0.000007
29 34 0.000007
29 35 0.000007
29 36 0.000006
29 37 0.000006
29 38 0.000005
29 39 0.000005
29 40 0.000005
29 41 0.000004
29 42 0.000004
29 43 0.000004
29 44 0.000003
29 45 0.000003
29 46 0.000003
29 47 0.000003
29 48 0.000003
29 49 0.000002
29 50 0.000002
29 51 0.000002
29 52 0.000002
29 53 0.000002
29 54 0.000001
29 55 0.000001
29 56 0.000001
29 57 0.000001
29 58 0.000001
29 59 0.000001
29 60 0.000001
29 61 -0.000000
29 62 -0.000007
29 63 0.000000
30 0 0.000000
30 1 -12380.432019
30 2 2869.618619
30 3 1122.334623
30 4 -172.580545
30 5 -97.451531
30 6 8.911660
30 7 8.163929
30 8 -0.306733
30 9 -0.662323
30 10 -0.008085
30 11 0.052150
30 12 0.003224
30 13 -0.003950
30 14 -0.000424
30 15 0.000316
30 16 0.000071
30 17 -0.000001
30 18 0.000014
30 19 0.000019
30 20 0.000017
30 21 0.000016
30 22 0.000015
30 23 0.000014
30 24 0.000013
30 25 0.000012
30 26 0.000012
30 27 0.000011
30 28 0.000010
30 29 0.000010
30 30 0.000009
30 31 0.000008
30 32 0.000008
30 33 0.000007
30 34 0.000007
30 35 0.000007
30 36 0.000006
30 37 0.000006
30 38 0.000005
30 39 0.000005
30 40 0.000005
30 41 0.000004
30 42 0.000004
30 43 0.000004
30 44 0.000004
30 45 0.000003
30 46 0.000003
30 47 0.000003
30 48 0.000003
30 49 0.000002
30 50 0.000002
30 51 0.000002
30 52 0.000002
30 53 0.000002
30 54 0.000001
30 55 0.000001
30 56 0.000001
30 57 0.000001
30 58 0.000001
30 59 0.000001
30 60 0.000001
30 61 -0.000000
30 62 -0.000007
30 63 0.000000
31 0 0.000000
31 1 -12380.431724
31 2 2869.618499
31 3 1122.334608
31 4 -172.580538
31 5 -97.451530
31 6 8.911660
31 7 8.163930
31 8 -0.306733
31 9 -0.662323
31 10 -0.008085
31 11 0.052150
31 12 0.003224
31 13 -0.003950
31 14 -0.000424
31 15 0.000316
31 16 0.000071
31 17 -0.000001
31 18 0.000014
31 19 0.000019
31 20 0.000017
31 21 0.000016
31 22 0.000015
31 23 0.000014
31 24 0.000013
31 25 0.000012
31 26 0.000012
31 27 0.000011
31 28 0.000010
31 29 0.000010
31 30 0.000009
31 31 0.000009
31 32 0.000008
31 33 0.000008
31 34 0.000007
31 35 0.000007
31 36 0.000006
31 37 0.000006
31 38 0.000005
31 39 0.000005
31 40 0.000005
31 41 0.000004
31 42 0.000004
31 43 0.000004
31 44 0.000004
31 45 0.000003
31 46 0.000003
31 47 0.000003
31 48 0.000003
31 49 0.000002
31 50 0.000002
31 51 0.000002
31 52 0.000002
31 53 0.000002
31 54 0.000001
31 55 0.000001
31 56 0.000001
31 57 0.000001
31 58 0.000001
31 59 0.000001
31 60 0.000001
31 61 -0.000000
31 62 -0.000007
31 63 0.000000
32 0 0.000000
32 1 -12380.431586
32 2 2869.618455
32 3 1122.334598
32 4 -172.580536
32 5 -97.451529
32 6 8.911660
32 7 8.163930
32 8 -0.306733
32 9 -0.662323
32 10 -0.008085
32 11 0.052150
32 12 0.003224
32 13 -0.003950
32 14 -0.000424
32 15 0.000316
32 16 0.000071
32 17 -0.000001
32 18 0.000014
32 19 0.000019
32 20 0.000017
32 21 0.000016
32 22 0.000015
32 23 0.000014
32 24 0.000013
32 25 0.000012
32 26 0.000012
32 27 0.000011
32 28 0.000010
32 29 0.000010
32 30 0.000009
32 31 0.000009
32 32 0.000008
32 33 0.000008
32 34 0.000007
32 35 0.000007
32 36 0.000006
32 37 0.000006
32 38 0.000005
32 39 0.000005
32 40 0.000005
32 41 0.000004
32 42 0.000004
32 43 0.000004
32 44 0.000004
32 45 0.000003
32 46 0.000003
32 47 0.000003
32 48 0.000003
32 49 0.000002
32 50 0.000002
32 51 0.000002
32 52 0.000002
32 53 0.000002
32 54 0.000001
32 55 0.000001
32 56 0.000001
32 57 0.000001
32 58 0.000001
32 59 0.000001
32 60 0.000001
32 61 -0.000000
32 62 -0.000007
32 63 0.000000
33 0 0.000000
33 1 -12380.431607
33 2 2869.618488
33 3 1122.334592
33 4 -172.580537
33 5 -97.451529
33 6 8.911660
33 7 8.163929
33 8 -0.306733
33 9 -0.662323
33 10 -0.008085
33 11 0.052150
33 12 0.003224
33 13 -0.003950
33 14 -0.000424
33 15 0.000316
33 16 0.000071
33 17 -0.000001
33 18 0.000014
33 19 0.000019
33 20 0.000017
33 21 0.000016
33 22 0.000015
33 23 0.000014
33 24 0.000013
33 25 0.000012
33 26 0.000012
33 27 0.000011
33 28 0.000010
33 29 0.000010
33 30 0.000009
33 31 0.000009
33 32 0.000008
33 33 0.000007
33 34 0.000007
33 35 0.000007
33 36 0.000006
33 37 0.000006
33 38 0.000005
33 39 0.000005
33 40 0.000005
33 41 0.000004
33 42 0.000004
33 43 0.000004
33 44 0.000004
33 45 0.000003
33 46 0.000003
33 47 0.000003
33 48 0.000003
33 49 0.000002
33 50 0.000002
33 51 0.000002
33 52 0.000002
33 53 0.000002
33 54 0.000001
33 55 0.000001
33 56 0.000001
33 57 0.000001
33 58 0.000001
33 59 0.000001
33 60 0.000001
33 61 -0.000000
33 62 -0.000007
33 63 0.000000
34 0 0.000000
34 1 -12380.431784
34 2 2869.618598
34 3 1122.334590
34 4 -172.580542
34 5 -97.451527
34 6 8.911659
34 7 8.163929
34 8 -0.306733
34 9 -0.662323
34 10 -0.008085
34 11 0.052150
34 12 0.003224
34 13 -0.003950
34 14 -0.000424
34 15 0.000316
34 16 0.000071
34 17 -0.000001
34 18 0.000014
34 19 0.000019
34 20 0.000017
34 21 0.000016
34 22 0.000015
34 23 0.000014
34 24 0.000013
34 25 0.000012
34 26 0.000012
34 27 0.000011
34 28 0.000010
34 29 0.000010
34 30 0.000009
34 31 0.000008
34 32 0.000008
34 33 0.000007
34 34 0.000007
34 35 0.000007
34 36 0.000006
34 37 0.000006
34 38 0.000005
34 39 0.000005
34 40 0.000005
34 41 0.000004
34 42 0.000004
34 43 0.000004
34 44 0.000004
34 45 0.000003
34 46 0.000003
34 47 0.000003
34 48 0.000003
34 49 0.000002
34 50 0.000002
34 51 0.000002
34 52 0.000002
34 53 0.000002
34 54 0.000001
34 55 0.000001
34 56 0.000001
34 57 0.000001
34 58 0.000001
34 59 0.000001
34 60 0.000001
34 61 -0.000000
34 62 -0.000007
34 63 0.000000
35 0 0.000000
35 1 -12380.432120
35 2 2869.618783
35 3 1122.334593
35 4 -172.580550
35 5 -97.451526
35 6 8.911659
35 7 8.163928
35 8 -0.306734
35 9 -0.662324
35 10 -0.008085
35 11 0.052150
35 12 0.003223
35 13 -0.003950
35 14 -0.000424
35 15 0.000316
35 16 0.000071
35 17 -0.000001
35 18 0.000014
35 19 0.000019
35 20 0.000017
35 21 0.000015
35 22 0.000015
35 23 0.000014
35 24 0.000013
35 25 0.000012
35 26 0.000011
35 27 0.000011
35 28 0.000010
35 29 0.000009
35 30 0.000009
35 31 0.000008
35 32 0.000008
35 33 0.000007
35 34 0.000007
35 35 0.000006
35 36 0.000006
35 37 0.000006
35 38 0.000005
35 39 0.000005
35 40 0.000005
35 41 0.000004
35 42 0.000004
35 43 0.000004
35 44 0.000003
35 45 0.000003
35 46 0.000003
35 47 0.000003
35 48 0.000003
35 49 0.000002
35 50 0.000002
35 51 0.000002
35 52 0.000002
35 53 0.000002
35 54 0.000001
35 55 0.000001
35 56 0.000001
35 57 0.000001
35 58 0.000001
35 59 0.000001
35 60 0.000001
35 61 -0.000000
35 62 -0.000007
35 63 0.000000
36 0 0.000000
36 1 -12380.432614
36 2 2869.619045
36 3 1122.334600
36 4 -172.580563
36 5 -97.451525
36 6 8.911659
36 7 8.163927
36 8 -0.306734
36 9 -0.662324
36 10 -0.008086
36 11 0.052149
36 12 0.003223
36 13 -0.003951
36 14 -0.000424
36 15 0.000316
36 16 0.000071
36 17 -0.000001
36 18 0.000014
36 19 0.000019
36 20 0.000017
36 21 0.000015
36 22 0.000014
36 23 0.000014
36 24 0.000013
36 25 0.000012
36 26 0.000011
36 27 0.000011
36 28 0.000010
36 29 0.000009
36 30 0.000009
36 31 0.000008
36 32 0.000008
36 33 0.000007
36 34 0.000007
36 35 0.000006
36 36 0.000006
36 37 0.000006
36 38 0.000005
36 39 0.000005
36 40 0.000005
36 41 0.000004
36 42 0.000004
36 43 0.000004
36 44 0.000003
36 45 0.000003
36 46 0.000003
36 47 0.000003
36 48 0.000002
36 49 0.000002
36 50 0.000002
36 51 0.000002
36 52 0.000002
36 53 0.000002
36 54 0.000001
36 55 0.000001
36 56 0.000001
36 57 0.000001
36 58 0.000001
36 59 0.000001
36 60 0.000001
36 61 -0.000000
36 62 -0.000007
36 63 0.000000
37 0 0.000000
37 1 -12380.433266
37 2 2869.619383
37 3 1122.334612
37 4 -172.580578
37 5 -97.451523
37 6 8.911658
37 7 8.163926
37 8 -0.306735
37 9 -0.662325
37 10 -0.008086
37 11 0.052149
37 12 0.003223
37 13 -0.003951
37 14 -0.000425
37 15 0.000315
37 16 0.000071
37 17 -0.000001
37 18 0.000013
37 19 0.000019
37 20 0.000017
37 21 0.000015
37 22 0.000014
37 23 0.000013
37 24 0.000013
37 25 0.000012
37 26 0.000011
37 27 0.000010
37 28 0.000010
37 29 0.000009
37 30 0.000009
37 31 0.000008
37 32 0.000008
37 33 0.000007
37 34 0.000007
37 35 0.000006
37 36 0.000006
37 37 0.000005
37 38 0.000005
37 39 0.000005
37 40 0.000004
37 41 0.000004
37 42 0.000004
37 43 0.000004
37 44 0.000003
37 45 0.000003
37 46 0.000003
37 47 0.000003
37 48 0.000002
37 49 0.000002
37 50 0.000002
37 51 0.000002
37 52 0.000002
37 53 0.000001
37 54 0.000001
37 55 0.000001
37 56 0.000001
37 57 0.000001
37 58 0.000001
37 59 0.000001
37 60 0.000001
37 61 -0.000000
37 62 -0.000007
37 63 0.000000
38 0 0.000000
38 1 -12380.434076
38 2 2869.619796
38 3 1122.334629
38 4 -172.580598
38 5 -97.451522
38 6 8.911658
38 7 8.163924
38 8 -0.306736
38 9 -0.662325
38 10 -0.008087
38 11 0.052148
38 12 0.003222
38 13 -0.003952
38 14 -0.000425
38 15 0.000315
38 16 0.000070
38 17 -0.000002
38 18 0.000013
38 19 0.000018
38 20 0.000016
38 21 0.000015
38 22 0.000014
38 23 0.000013
38 24 0.000012
38 25 0.000012
38 26 0.000011
38 27 0.000010
38 28 0.000010
38 29 0.000009
38 30 0.000008
38 31 0.000008
38 32 0.000007
38 33 0.000007
38 34 0.000007
38 35 0.000006
38 36 0.000006
38 37 0.000005
38 38 0.000005
38 39 0.000005
38 40 0.000004
38 41 0.000004
38 42 0.000004
38 43 0.000003
38 44 0.000003
38 45 0.000003
38 46 0.000003
38 47 0.000003
38 48 0.000002
38 49 0.000002
38 50 0.000002
38 51 0.000002
38 52 0.000002
38 53 0.000001
38 54 0.000001
38 55 0.000001
38 56 0.000001
38 57 0.000001
38 58 0.000001
38 59 0.000001
38 60 0.000001
38 61 -0.000000
38 62 -0.000006
38 63 0.000000
39 0 0.000000
39 1 -12380.435046
39 2 2869.620284
39 3 1122.334650
39 4 -172.580620
39 5 -97.451520
39 6 8.911657
39 7 8.163922
39 8 -0.306737
39 9 -0.662326
39 10 -0.008088
39 11 0.052147
39 12 0.003221
39 13 -0.003952
39 14 -0.000426
39 15 0.000314
39 16 0.000070
39 17 -0.000002
39 18 0.000012
39 19 0.000018
39 20 0.000016
39 21 0.000014
39 22 0.000014
39 23 0.000013
39 24 0.000012
39 25 0.000011
39 26 0.000011
39 27 0.000010
39 28 0.000009
39 29 0.000009
39 30 0.000008
39 31 0.000008
39 32 0.000007
39 33 0.000007
39 34 0.000006
39 35 0.000006
39 36 0.000006
39 37 0.000005
39 38 0.000005
39 39 0.000004
39 40 0.000004
39 41 0.000004
39 42 0.000004
39 43 0.000003
39 44 0.000003
39 45 0.000003
39 46 0.000003
39 47 0.000002
39 48 0.000002
39 49 0.000002
39 50 0.000002
39 51 0.000002
39 52 0.000002
39 53 0.000001
39 54 0.000001
39 55 0.000001
39 56 0.000001
39 57 0.000001
39 58 0.000001
39 59 0.000001
39 60 0.000001
39 61 -0.000000
39 62 -0.000006
39 63 0.000000
40 0 0.000000
40 1 -12380.436175
40 2 2869.620847
40 3 1122.334675
40 4 -172.580646
40 5 -97.451518
40 6 8.911657
40 7 8.163920
40 8 -0.306738
40 9 -0.662327
40 10 -0.008089
40 11 0.052147
40 12 0.003221
40 13 -0.003953
40 14 -0.000426
40 15 0.000314
40 16 0.000069
40 17 -0.000003
40 18 0.000012
40 19 0.000017
40 20 0.000015
40 21 0.000014
40 22 0.000013
40 23 0.000012
40 24 0.000012
40 25 0.000011
40 26 0.000010
40 27 0.000010
40 28 0.000009
40 29 0.000008
40 30 0.000008
40 31 0.000007
40 32 0.000007
40 33 0.000007
40 34 0.000006
40 35 0.000006
40 36 0.000005
40 37 0.000005
40 38 0.000005
40 39 0.000004
40 40 0.000004
40 41 0.000004
40 42 0.000003
40 43 0.000003
40 44 0.000003
40 45 0.000003
40 46 0.000003
40 47 0.000002
40 48 0.000002
40 49 0.000002
40 50 0.000002
40 51 0.000002
40 52 0.000001
40 53 0.000001
40 54 0.000001
40 55 0.000001
40 56 0.000001
40 57 0.000001
40 58 0.000001
40 59 0.000001
40 60 0.000001
40 61 -0.000000
40 62 -0.000005
40 63 0.000000
41 0 0.000000
41 1 -12380.437465
41 2 2869.621484
41 3 1122.334706
41 4 -172.580675
41 5 -97.451516
41 6 8.911656
41 7 8.163918
41 8 -0.306739
41 9 -0.662328
41 10 -0.008090
41 11 0.052146
41 12 0.003220
41 13 -0.003953
41 14 -0.000427
41 15 0.000313
41 16 0.000069
41 17 -0.000003
41 18 0.000012
41 19 0.000017
41 20 0.000015
41 21 0.000014
41 22 0.000013
41 23 0.000012
41 24 0.000011
41 25 0.000011
41 26 0.000010
41 27 0.000009
41 28 0.000009
41 29 0.000008
41 30 0.000008
41 31 0.000007
41 32 0.000007
41 33 0.000006
41 34 0.000006
41 35 0.000005
41 36 0.000005
41 37 0.000005
41 38 0.000004
41 39 0.000004
41 40 0.000004
41 41 0.000004
41 42 0.000003
41 43 0.000003
41 44 0.000003
41 45 0.000003
41 46 0.000002
41 47 0.000002
41 48 0.000002
41 49 0.000002
41 50 0.000002
41 51 0.000002
41 52 0.000001
41 53 0.000001
41 54 0.000001
41 55 0.000001
41 56 0.000001
41 57 0.000001
41 58 0.000001
41 59 0.000000
41 60 0.000001
41 61 -0.000000
41 62 -0.000005
41 63 0.000000
42 0 0.000000
42 1 -12380.438916
42 2 2869.622195
42 3 1122.334742
42 4 -172.580707
42 5 -97.451514
42 6 8.911655
42 7 8.163916
42 8 -0.306741
42 9 -0.662329
42 10 -0.008091
42 11 0.052145
42 12 0.003219
42 13 -0.003954
42 14 -0.000428
42 15 0.000312
42 16 0.000068
42 17 -0.000004
42 18 0.000011
42 19 0.000016
42 20 0.000015
42 21 0.000013
42 22 0.000012
42 23 0.000012
42 24 0.000011
42 25 0.000010
42 26 0.000010
42 27 0.000009
42 28 0.000008
42 29 0.000008
42 30 0.000007
42 31 0.000007
42 32 0.000006
42 33 0.000006
42 34 0.000006
42 35 0.000005
42 36 0.000005
42 37 0.000005
42 38 0.000004
42 39 0.000004
42 40 0.000004
42 41 0.000003
42 42 0.000003
42 43 0.000003
42 44 0.000003
42 45 0.000002
42 46 0.000002
42 47 0.000002
42 48 0.000002
42 49 0.000002
42 50 0.000002
42 51 0.000001
42 52 0.000001
42 53 0.000001
42 54 0.000001
42 55 0.000001
42 56 0.000001
42 57 0.000001
42 58 0.000001
42 59 0.000000
42 60 0.000001
42 61 -0.000000
42 62 -0.000005
42 63 0.000000
43 0 0.000000
43 1 -12380.440529
43 2 2869.622978
43 3 1122.334783
43 4 -172.580742
43 5 -97.451512
43 6 8.911654
43 7 8.163914
43 8 -0.306742
43 9 -0.662330
43 10 -0.008092
43 11 0.052144
43 12 0.003218
43 13 -0.003955
43 14 -0.000429
43 15 0.000312
43 16 0.000067
43 17 -0.000005
43 18 0.000010
43 19 0.000016
43 20 0.000014
43 21 0.000013
43 22 0.000012
43 23 0.000011
43 24 0.000010
43 25 0.000010
43 26 0.000009
43 27 0.000009
43 28 0.000008
43 29 0.000007
43 30 0.000007
43 31 0.000007
43 32 0.000006
43 33 0.000006
43 34 0.000005
43 35 0.000005
43 36 0.000005
43 37 0.000004
43 38 0.000004
43 39 0.000004
43 40 0.000003
43 41 0.000003
43 42 0.000003
43 43 0.000003
43 44 0.000002
43 45 0.000002
43 46 0.000002
43 47 0.000002
43 48 0.000002
43 49 0.000002
43 50 0.000001
43 51 0.000001
43 52 0.000001
43 53 0.000001
43 54 0.000001
43 55 0.000001
43 56 0.000001
43 57 0.000001
43 58 0.000000
43 59 0.000000
43 60 0.000001
43 61 -0.000000
43 62 -0.000004
43 63 0.000000
44 0 0.000000
44 1 -12380.442306
44 2 2869.623834
44 3 1122.334830
44 4 -172.580779
44 5 -97.451511
44 6 8.911654
44 7 8.163911
44 8 -0.306744
44 9 -0.662332
44 10 -0.008093
44 11 0.052143
44 12 0.003217
44 13 -0.003956
44 14 -0.000429
44 15 0.000311
44 16 0.000066
44 17 -0.000005
44 18 0.000010
44 19 0.000015
44 20 0.000013
44 21 0.000012
44 22 0.000011
44 23 0.000011
44 24 0.000010
44 25 0.000009
44 26 0.000009
44 27 0.000008
44 28 0.000008
44 29 0.000007
44 30 0.000007
44 31 0.000006
44 32 0.000006
44 33 0.000005
44 34 0.000005
44 35 0.000005
44 36 0.000004
44 37 0.000004
44 38 0.000004
44 39 0.000003
44 40 0.000003
44 41 0.000003
44 42 0.000003
44 43 0.000002
44 44 0.000002
44 45 0.000002
44 46 0.000002
44 47 0.000002
44 48 0.000002
44 49 0.000001
44 50 0.000001
44 51 0.000001
44 52 0.000001
44 53 0.000001
44 54 0.000001
44 55 0.000001
44 56 0.000001
44 57 0.000001
44 58 0.000000
44 59 0.000000
44 60 0.000000
44 61 -0.000000
44 62 -0.000003
44 63 0.000000
45 0 0.000000
45 1 -12380.444249
45 2 2869.624762
45 3 1122.334883
45 4 -172.580819
45 5 -97.451509
45 6 8.911653
45 7 8.163908
45 8 -0.306745
45 9 -0.662333
45 10 -0.008094
45 11 0.052141
45 12 0.003216
45 13 -0.003957
45 14 -0.000430
45 15 0.000310
45 16 0.000066
45 17 -0.000006
45 18 0.000009
45 19 0.000014
45 20 0.000013
45 21 0.000011
45 22 0.000011
45 23 0.000010
45 24 0.000009
45 25 0.000009
45 26 0.000008
45 27 0.000008
45 28 0.000007
45 29 0.000007
45 30 0.000006
45 31 0.000006
45 32 0.000005
45 33 0.000005
45 34 0.000005
45 35 0.000004
45 36 0.000004
45 37 0.000004
45 38 0.000003
45 39 0.000003
45 40 0.000003
45 41 0.000003
45 42 0.000002
45 43 0.000002
45 44 0.000002
45 45 0.000002
45 46 0.000002
45 47 0.000002
45 48 0.000001
45 49 0.000001
45 50 0.000001
45 51 0.000001
45 52 0.000001
45 53 0.000001
45 54 0.000001
45 55 0.000001
45 56 0.000001
45 57 0.000000
45 58 0.000000
45 59 0.000000
45 60 0.000000
45 61 -0.000000
45 62 -0.000003
45 63 0.000000
46 0 0.000000
46 1 -12380.446361
46 2 2869.625762
46 3 1122.334942
46 4 -172.580861
46 5 -97.451507
46 6 8.911652
46 7 8.163906
46 8 -0.306747
46 9 -0.662334
46 10 -0.008096
46 11 0.052140
46 12 0.003215
46 13 -0.003958
46 14 -0.000431
46 15 0.000309
46 16 0.000065
46 17 -0.000007
46 18 0.000008
46 19 0.000014
46 20 0.000012
46 21 0.000011
46 22 0.000010
46 23 0.000009
46 24 0.000009
46 25 0.000008
46 26 0.000008
46 27 0.000007
46 28 0.000007
46 29 0.000006
46 30 0.000006
46 31 0.000005
46 32 0.000005
46 33 0.000004
46 34 0.000004
46 35 0.000004
46 36 0.000003
46 37 0.000003
46 38 0.000003
46 39 0.000003
46 40 0.000002
46 41 0.000002
46 42 0.000002
46 43 0.000002
46 44 0.000002
46 45 0.000002
46 46 0.000001
46 47 0.000001
46 48 0.000001
46 49 0.000001
46 50 0.000001
46 51 0.000001
46 52 0.000001
46 53 0.000001
46 54 0.000001
46 55 0.000001
46 56 0.000000
46 57 0.000000
46 58 0.000000
46 59 0.000000
46 60 0.000000
46 61 -0.000000
46 62 -0.000002
46 63 0.000000
47 0 0.000000
47 1 -12380.448644
47 2 2869.626834
47 3 1122.335007
47 4 -172.580906
47 5 -97.451506
47 6 8.911652
47 7 8.163903
47 8 -0.306749
47 9 -0.662336
47 10 -0.008097
47 11 0.052139
47 12 0.003214
47 13 -0.003959
47 14 -0.000432
47 15 0.000308
47 16 0.000064
47 17 -0.000008
47 18 0.000007
47 19 0.000013
47 20 0.000011
47 21 0.000010
47 22 0.000009
47 23 0.000009
47 24 0.000008
47 25 0.000007
47 26 0.000007
47 27 0.000006
47 28 0.000006
47 29 0.000005
47 30 0.000005
47 31 0.000005
47 32 0.000004
47 33 0.000004
47 34 0.000004
47 35 0.000003
47 36 0.000003
47 37 0.000003
47 38 0.000003
47 39 0.000002
47 40 0.000002
47 41 0.000002
47 42 0.000002
47 43 0.000002
47 44 0.000001
47 45 0.000001
47 46 0.000001
47 47 0.000001
47 48 0.000001
47 49 0.000001
47 50 0.000001
47 51 0.000001
47 52 0.000001
47 53 0.000001
47 54 0.000000
47 55 0.000000
47 56 0.000000
47 57 0.000000
47 58 0.000000
47 59 0.000000
47 60 0.000000
47 61 -0.000000
47 62 -0.000002
47 63 0.000000
48 0 0.000000
48 1 -12380.451102
48 2 2869.627977
48 3 1122.335080
48 4 -172.580952
48 5 -97.451505
48 6 8.911651
48 7 8.163900
48 8 -0.306751
48 9 -0.662337
48 10 -0.008099
48 11 0.052137
48 12 0.003212
48 13 -0.003961
48 14 -0.000434
48 15 0.000307
48 16 0.000063
48 17 -0.000009
48 18 0.000006
48 19 0.000012
48 20 0.000010
48 21 0.000009
48 22 0.000008
48 23 0.000008
48 24 0.000007
48 25 0.000007
48 26 0.000006
48 27 0.000006
48 28 0.000005
48 29 0.000005
48 30 0.000004
48 31 0.000004
48 32 0.000004
48 33 0.000003
48 34 0.000003
48 35 0.000003
48 36 0.000003
48 37 0.000002
48 38 0.000002
48 39 0.000002
48 40 0.000002
48 41 0.000002
48 42 0.000001
48 43 0.000001
48 44 0.000001
48 45 0.000001
48 46 0.000001
48 47 0.000001
48 48 0.000001
48 49 0.000001
48 50 0.000001
48 51 0.000001
48 52 0.000000
48 53 0.000000
48 54 0.000000
48 55 0.000000
48 56 0.000000
48 57 0.000000
48 58 0.000000
48 59 0.000000
48 60 0.000000
48 61 -0.000000
48 62 -0.000001
48 63 0.000000
49 0 0.000000
49 1 -12380.453740
49 2 2869.629191
49 3 1122.335161
49 4 -172.581001
49 5 -97.451504
49 6 8.911650
49 7 8.163898
49 8 -0.306752
49 9 -0.662339
49 10 -0.008100
49 11 0.052136
49 12 0.003211
49 13 -0.003962
49 14 -0.000435
49 15 0.000306
49 16 0.000062
49 17 -0.000010
49 18 0.000005
49 19 0.000011
49 20 0.000009
49 21 0.000008
49 22 0.000008
49 23 0.000007
49 24 0.000007
49 25 0.000006
49 26 0.000005
49 27 0.000005
49 28 0.000005
49 29 0.000004
49 30 0.000004
49 31 0.000003
49 32 0.000003
49 33 0.000003
49 34 0.000003
49 35 0.000002
49 36 0.000002
49 37 0.000002
49 38 0.000002
49 39 0.000002
49 40 0.000001
49 41 0.000001
49 42 0.000001
49 43 0.000001
49 44 0.000001
49 45 0.000001
49 46 0.000001
49 47 0.000001
49 48 0.000001
49 49 0.000000
49 50 0.000000
49 51 0.000000
49 52 0.000000
49 53 0.000000
49 54 0.000000
49 55 0.000000
49 56 0.000000
49 57 0.000000
49 58 0.000000
49 59 0.000000
49 60 0.000000
49 61 -0.000000
49 62 -0.000000
49 63 0.000000
50 0 0.000000
50 1 -12380.456562
50 2 2869.630478
50 3 1122.335251
50 4 -172.581051
50 5 -97.451503
50 6 8.911650
50 7 8.163895
50 8 -0.306754
50 9 -0.662340
50 10 -0.008101
50 11 0.052135
50 12 0.003210
50 13 -0.003963
50 14 -0.000436
50 15 0.000305
50 16 0.000061
50 17 -0.000011
50 18 0.000004
50 19 0.000010
50 20 0.000008
50 21 0.000007
50 22 0.000007
50 23 0.000006
50 24 0.000006
50 25 0.000005
50 26 0.000005
50 27 0.000004
50 28 0.000004
50 29 0.000003
50 30 0.000003
50 31 0.000003
50 32 0.000002
50 33 0.000002
50 34 0.000002
50 35 0.000002
50 36 0.000002
50 37 0.000001
50 38 0.000001
50 39 0.000001
50 40 0.000001
50 41 0.000001
50 42 0.000001
50 43 0.000001
50 44 0.000000
50 45 0.000000
50 46 0.000000
50 47 0.000000
50 48 0.000000
50 49 0.000000
50 50 0.000000
50 51 0.000000
50 52 0.000000
50 53 0.000000
50 54 0.000000
50 55 0.000000
50 56 0.000000
50 57 0.000000
50 58 0.000000
50 59 0.000000
50 60 -0.000000
50 61 0.000000
50 62 0.000001
50 63 0.000000
51 0 0.000000
51 1 -12380.459576
51 2 2869.631837
51 3 1122.335349
51 4 -172.581104
51 5 -97.451503
51 6 8.911650
51 7 8.163893
51 8 -0.306756
51 9 -0.662341
51 10 -0.008103
51 11 0.052133
51 12 0.003209
51 13 -0.003964
51 14 -0.000437
51 15 0.000304
51 16 0.000059
51 17 -0.000012
51 18 0.000003
51 19 0.000009
51 20 0.000007
51 21 0.000006
51 22 0.000006
51 23 0.000005
51 24 0.000005
51 25 0.000004
51 26 0.000004
51 27 0.000003
51 28 0.000003
51 29 0.000003
51 30 0.000002
51 31 0.000002
51 32 0.000002
51 33 0.000002
51 34 0.000001
51 35 0.000001
51 36 0.000001
51 37 0.000001
51 38 0.000001
51 39 0.000001
51 40 0.000000
51 41 0.000000
51 42 0.000000
51 43 0.000000
51 44 0.000000
51 45 0.000000
51 46 0.000000
51 47 -0.000000
51 48 -0.000000
51 49 -0.000000
51 50 -0.000000
51 51 -0.000000
51 52 -0.000000
51 53 -0.000000
51 54 -0.000000
51 55 -0.000000
51 56 -0.000000
51 57 -0.000000
51 58 -0.000000
51 59 -0.000000
51 60 -0.000000
51 61 0.000000
51 62 0.000001
51 63 0.000000
52 0 0.000000
52 1 -12380.462788
52 2 2869.633270
52 3 1122.335458
52 4 -172.581158
52 5 -97.451503
52 6 8.911650
52 7 8.163891
52 8 -0.306757
52 9 -0.662343
52 10 -0.008104
52 11 0.052132
52 12 0.003207
52 13 -0.003965
52 14 -0.000438
52 15 0.000302
52 16 0.000058
52 17 -0.000013
52 18 0.000002
52 19 0.000008
52 20 0.000006
52 21 0.000005
52 22 0.000005
52 23 0.000004
52 24 0.000004
52 25 0.000003
52 26 0.000003
52 27 0.000002
52 28 0.000002
52 29 0.000002
52 30 0.000001
52 31 0.000001
52 32 0.000001
52 33 0.000001
52 34 0.000001
52 35 0.000000
52 36 0.000000
52 37 0.000000
52 38 0.000000
52 39 -0.000000
52 40 -0.000000
52 41 -0.000000
52 42 -0.000000
52 43 -0.000000
52 44 -0.000000
52 45 -0.000000
52 46 -0.000000
52 47 -0.000000
52 48 -0.000000
52 49 -0.000000
52 50 -0.000000
52 51 -0.000000
52 52 -0.000000
52 53 -0.000000
52 54 -0.000000
52 55 -0.000000
52 56 -0.000000
52 57 -0.000000
52 58 -0.000000
52 59 -0.000000
52 60 -0.000000
52 61 0.000000
52 62 0.000002
52 63 0.000000
53 0 0.000000
53 1 -12380.466208
53 2 2869.634777
53 3 1122.335578
53 4 -172.581214
53 5 -97.451504
53 6 8.911650
53 7 8.163888
53 8 -0.306758
53 9 -0.662344
53 10 -0.008105
53 11 0.052131
53 12 0.003206
53 13 -0.003967
53 14 -0.000440
53 15 0.000301
53 16 0.000057
53 17 -0.000014
53 18 0.000001
53 19 0.000007
53 20 0.000005
53 21 0.000004
53 22 0.000004
53 23 0.000003
53 24 0.000003
53 25 0.000002
53 26 0.000002
53 27 0.000001
53 28 0.000001
53 29 0.000001
53 30 0.000001
53 31 0.000000
53 32 0.000000
53 33 -0.000000
53 34 -0.000000
53 35 -0.000000
53 36 -0.000000
53 37 -0.000001
53 38 -0.000001
53 39 -0.000001
53 40 -0.000001
53 41 -0.000001
53 42 -0.000001
53 43 -0.000001
53 44 -0.000001
53 45 -0.000001
53 46 -0.000001
53 47 -0.000001
53 48 -0.000001
53 49 -0.000001
53 50 -0.000001
53 51 -0.000001
53 52 -0.000001
53 53 -0.000001
53 54 -0.000000
53 55 -0.000000
53 56 -0.000000
53 57 -0.000000
53 58 -0.000000
53 59 -0.000000
53 60 -0.000000
53 61 0.000000
53 62 0.000003
53 63 0.000000
54 0 0.000000
54 1 -12380.469844
54 2 2869.636362
54 3 1122.335709
54 4 -172.581272
54 5 -97.451505
54 6 8.911651
54 7 8.163887
54 8 -0.306760
54 9 -0.662345
54 10 -0.008107
54 11 0.052129
54 12 0.003205
54 13 -0.003968
54 14 -0.000441
54 15 0.000300
54 16 0.000056
54 17 -0.000015
54 18 -0.000000
54 19 0.000005
54 20 0.000004
54 21 0.000003
54 22 0.000002
54 23 0.000002
54 24 0.000001
54 25 0.000001
54 26 0.000001
54 27 0.000000
54 28 -0.000000
54 29 -0.000000
54 30 -0.000000
54 31 -0.000001
54 32 -0.000001
54 33 -0.000001
54 34 -0.000001
54 35 -0.000001
54 36 -0.000001
54 37 -0.000001
54 38 -0.000001
54 39 -0.000001
54 40 -0.000001
54 41 -0.000001
54 42 -0.000001
54 43 -0.000001
54 44 -0.000001
54 45 -0.000001
54 46 -0.000001
54 47 -0.000001
54 48 -0.000001
54 49 -0.000001
54 50 -0.000001
54 51 -0.000001
54 52 -0.000001
54 53 -0.000001
54 54 -0.000001
54 55 -0.000001
54 56 -0.000001
54 57 -0.000000
54 58 -0.000000
54 59 -0.000000
54 60 -0.000000
54 61 0.000000
54 62 0.000003
54 63 0.000000
55 0 0.000000
55 1 -12380.473707
55 2 2869.638025
55 3 1122.335854
55 4 -172.581332
55 5 -97.451507
55 6 8.911652
55 7 8.163885
55 8 -0.306761
55 9 -0.662346
55 10 -0.008108
55 11 0.052128
55 12 0.003204
55 13 -0.003969
55 14 -0.000442
55 15 0.000299
55 16 0.000055
55 17 -0.000017
55 18 -0.000002
55 19 0.000004
55 20 0.000003
55 21 0.000002
55 22 0.000001
55 23 0.000001
55 24 0.000000
55 25 -0.000000
55 26 -0.000001
55 27 -0.000001
55 28 -0.000001
55 29 -0.000001
55 30 -0.000002
55 31 -0.000002
55 32 -0.000002
55 33 -0.000002
55 34 -0.000002
55 35 -0.000002
55 36 -0.000002
55 37 -0.000002
55 38 -0.000002
55 39 -0.000002
55 40 -0.000002
55 41 -0.000002
55 42 -0.000002
55 43 -0.000002
55 44 -0.000002
55 45 -0.000002
55 46 -0.000002
55 47 -0.000002
55 48 -0.000001
55 49 -0.000001
55 50 -0.000001
55 51 -0.000001
55 52 -0.000001
55 53 -0.000001
55 54 -0.000001
55 55 -0.000001
55 56 -0.000001
55 57 -0.000001
55 58 -0.000000
55 59 -0.000000
55 60 -0.000000
55 61 0.000000
55 62 0.000004
55 63 0.000000
56 0 0.000000
56 1 -12380.477810
56 2 2869.639770
56 3 1122.336013
56 4 -172.581394
56 5 -97.451510
56 6 8.911653
56 7 8.163885
56 8 -0.306761
56 9 -0.662346
56 10 -0.008108
56 11 0.052128
56 12 0.003203
56 13 -0.003970
56 14 -0.000443
56 15 0.000298
56 16 0.000054
56 17 -0.000018
56 18 -0.000003
56 19 0.000003
56 20 0.000001
56 21 0.000000
56 22 -0.000000
56 23 -0.000001
56 24 -0.000001
56 25 -0.000001
56 26 -0.000002
56 27 -0.000002
56 28 -0.000002
56 29 -0.000003
56 30 -0.000003
56 31 -0.000003
56 32 -0.000003
56 33 -0.000003
56 34 -0.000003
56 35 -0.000003
56 36 -0.000003
56 37 -0.000003
56 38 -0.000003
56 39 -0.000003
56 40 -0.000003
56 41 -0.000003
56 42 -0.000003
56 43 -0.000002
56 44 -0.000002
56 45 -0.000002
56 46 -0.000002
56 47 -0.000002
56 48 -0.000002
56 49 -0.000002
56 50 -0.000002
56 51 -0.000001
56 52 -0.000001
56 53 -0.000001
56 54 -0.000001
56 55 -0.000001
56 56 -0.000001
56 57 -0.000001
56 58 -0.000001
56 59 -0.000000
56 60 -0.000001
56 61 0.000000
56 62 0.000004
56 63 0.000000
57 0 0.000000
57 1 -12380.482168
57 2 2869.641599
57 3 1122.336187
57 4 -172.581458
57 5 -97.451514
57 6 8.911654
57 7 8.163883
57 8 -0.306762
57 9 -0.662348
57 10 -0.008109
57 11 0.052126
57 12 0.003202
57 13 -0.003971
57 14 -0.000444
57 15 0.000296
57 16 0.000052
57 17 -0.000020
57 18 -0.000004
57 19 0.000001
57 20 -0.000000
57 21 -0.000002
57 22 -0.000002
57 23 -0.000003
57 24 -0.000003
57 25 -0.000003
57 26 -0.000004
57 27 -0.000004
57 28 -0.000004
57 29 -0.000004
57 30 -0.000004
57 31 -0.000004
57 32 -0.000005
57 33 -0.000005
57 34 -0.000004
57 35 -0.000004
57 36 -0.000004
57 37 -0.000004
57 38 -0.000004
57 39 -0.000004
57 40 -0.000004
57 41 -0.000004
57 42 -0.000003
57 43 -0.000003
57 44 -0.000003
57 45 -0.000003
57 46 -0.000003
57 47 -0.000003
57 48 -0.000002
57 49 -0.000002
57 50 -0.000002
57 51 -0.000002
57 52 -0.000002
57 53 -0.000001
57 54 -0.000001
57 55 -0.000001
57 56 -0.000001
57 57 -0.000001
57 58 -0.000001
57 59 -0.000001
57 60 -0.000001
57 61 0.000000
57 62 0.000005
57 63 0.000000
58 0 0.000000
58 1 -12380.486798
58 2 2869.643513
58 3 1122.336376
58 4 -172.581528
58 5 -97.451522
58 6 8.911654
58 7 8.163880
58 8 -0.306766
58 9 -0.662351
58 10 -0.008113
58 11 0.052123
58 12 0.003198
58 13 -0.003975
58 14 -0.000448
58 15 0.000293
58 16 0.000048
58 17 -0.000023
58 18 -0.000008
58 19 -0.000002
58 20 -0.000004
58 21 -0.000005
58 22 -0.000006
58 23 -0.000006
58 24 -0.000006
58 25 -0.000007
58 26 -0.000007
58 27 -0.000007
58 28 -0.000007
58 29 -0.000007
58 30 -0.000007
58 31 -0.000007
58 32 -0.000007
58 33 -0.000007
58 34 -0.000006
58 35 -0.000006
58 36 -0.000006
58 37 -0.000006
58 38 -0.000006
58 39 -0.000005
58 40 -0.000005
58 41 -0.000005
58 42 -0.000004
58 43 -0.000004
58 44 -0.000004
58 45 -0.000004
58 46 -0.000003
58 47 -0.000003
58 48 -0.000003
58 49 -0.000003
58 50 -0.000002
58 51 -0.000002
58 52 -0.000002
58 53 -0.000002
58 54 -0.000002
58 55 -0.000001
58 56 -0.000001
58 57 -0.000001
58 58 -0.000001
58 59 -0.000001
58 60 -0.000001
58 61 0.000000
58 62 0.000005
58 63 0.000000
59 0 0.000000
59 1 -12380.491689
59 2 2869.645533
59 3 1122.336593
59 4 -172.581589
59 5 -97.451519
59 6 8.911665
59 7 8.163888
59 8 -0.306757
59 9 -0.662343
59 10 -0.008105
59 11 0.052130
59 12 0.003205
59 13 -0.003968
59 14 -0.000441
59 15 0.000299
59 16 0.000054
59 17 -0.000018
59 18 -0.000003
59 19 0.000002
59 20 0.000000
59 21 -0.000001
59 22 -0.000002
59 23 -0.000003
59 24 -0.000003
59 25 -0.000004
59 26 -0.000004
59 27 -0.000005
59 28 -0.000005
59 29 -0.000005
59 30 -0.000005
59 31 -0.000006
59 32 -0.000006
59 33 -0.000006
59 34 -0.000006
59 35 -0.000005
59 36 -0.000005
59 37 -0.000005
59 38 -0.000005
59 39 -0.000005
59 40 -0.000005
59 41 -0.000004
59 42 -0.000004
59 43 -0.000004
59 44 -0.000004
59 45 -0.000004
59 46 -0.000003
59 47 -0.000003
59 48 -0.000003
59 49 -0.000003
59 50 -0.000002
59 51 -0.000002
59 52 -0.000002
59 53 -0.000002
59 54 -0.000002
59 55 -0.000001
59 56 -0.000001
59 57 -0.000001
59 58 -0.000001
59 59 -0.000001
59 60 -0.000001
59 61 0.000000
59 62 0.000006
59 63 0.000000
60 0 0.000000
60 1 -12380.496792
60 2 2869.647706
60 3 1122.336874
60 4 -172.581606
60 5 -97.451470
60 6 8.911722
60 7 8.163942
60 8 -0.306706
60 9 -0.662293
60 10 -0.008058
60 11 0.052176
60 12 0.003248
60 13 -0.003927
60 14 -0.000403
60 15 0.000335
60 16 0.000089
60 17 0.000014
60 18 0.000027
60 19 0.000030
60 20 0.000026
60 21 0.000023
60 22 0.000020
60 23 0.000017
60 24 0.000015
60 25 0.000012
60 26 0.000010
60 27 0.000008
60 28 0.000007
60 29 0.000005
60 30 0.000004
60 31 0.000002
60 32 0.000001
60 33 0.000000
60 34 -0.000000
60 35 -0.000001
60 36 -0.000002
60 37 -0.000002
60 38 -0.000002
60 39 -0.000003
60 40 -0.000003
60 41 -0.000003
60 42 -0.000003
60 43 -0.000003
60 44 -0.000003
60 45 -0.000003
60 46 -0.000003
60 47 -0.000003
60 48 -0.000003
60 49 -0.000002
60 50 -0.000002
60 51 -0.000002
60 52 -0.000002
60 53 -0.000002
60 54 -0.000002
60 55 -0.000001
60 56 -0.000001
60 57 -0.000001
60 58 -0.000001
60 59 -0.000001
60 60 -0.000001
60 61 0.000000
60 62 0.000006
60 63 0.000000
61 0 0.000000
61 1 -12380.502673
61 2 2869.649838
61 3 1122.337058
61 4 -172.581779
61 5 -97.451573
61 6 8.911635
61 7 8.163855
61 8 -0.306791
61 9 -0.662376
61 10 -0.008138
61 11 0.052098
61 12 0.003174
61 13 -0.003999
61 14 -0.000472
61 15 0.000269
61 16 0.000025
61 17 -0.000046
61 18 -0.000030
61 19 -0.000024
61 20 -0.000025
61 21 -0.000026
61 22 -0.000025
61 23 -0.000025
61 24 -0.000025
61 25 -0.000024
61 26 -0.000024
61 27 -0.000023
61 28 -0.000023
61 29 -0.000022
61 30 -0.000021
61 31 -0.000020
61 32 -0.000019
61 33 -0.000018
61 34 -0.000017
61 35 -0.000016
61 36 -0.000015
61 37 -0.000015
61 38 -0.000014
61 39 -0.000013
61 40 -0.000012
61 41 -0.000011
61 42 -0.000010
61 43 -0.000009
61 44 -0.000009
61 45 -0.000008
61 46 -0.000007
61 47 -0.000007
61 48 -0.000006
61 49 -0.000005
61 50 -0.000005
61 51 -0.000004
61 52 -0.000004
61 53 -0.000003
61 54 -0.000003
61 55 -0.000003
61 56 -0.000002
61 57 -0.000002
61 58 -0.000002
61 59 -0.000001
61 60 -0.000001
61 61 0.000000
61 62 0.000006
61 63 0.000000
62 0 0.000000
62 1 -12380.512205
62 2 2869.651234
62 3 1122.336637
62 4 -172.582628
62 5 -97.452328
62 6 8.910932
62 7 8.163184
62 8 -0.307427
62 9 -0.662975
62 10 -0.008701
62 11 0.051571
62 12 0.002682
62 13 -0.004456
62 14 -0.000895
62 15 -0.000121
62 16 -0.000333
62 17 -0.000374
62 18 -0.000330
62 19 -0.000296
62 20 -0.000272
62 21 -0.000248
62 22 -0.000226
62 23 -0.000205
62 24 -0.000185
62 25 -0.000167
62 26 -0.000150
62 27 -0.000135
62 28 -0.000121
62 29 -0.000108
62 30 -0.000097
62 31 -0.000086
62 32 -0.000077
62 33 -0.000068
62 34 -0.000061
62 35 -0.000054
62 36 -0.000048
62 37 -0.000042
62 38 -0.000037
62 39 -0.000033
62 40 -0.000029
62 41 -0.000026
62 42 -0.000023
62 43 -0.000020
62 44 -0.000018
62 45 -0.000016
62 46 -0.000014
62 47 -0.000012
62 48 -0.000011
62 49 -0.000009
62 50 -0.000008
62 51 -0.000007
62 52 -0.000006
62 53 -0.000006
62 54 -0.000005
62 55 -0.000004
62 56 -0.000003
62 57 -0.000003
62 58 -0.000002
62 59 -0.000002
62 60 -0.000002
62 61 -0.000000
62 62 0.000006
62 63 0.000000
63 0 0.000000
63 1 0.000000
63 2 0.000000
63 3 0.000000
63 4 0.000000
63 5 0.000000
63 6 0.000000
63 7 0.000000
63 8 0.000000
63 9 0.000000
63 10 0.000000
63 11 0.000000
63 12 0.000000
63 13 0.000000
63 14 0.000000
63 15 0.000000
63 16 0.000000
63 17 0.000000
63 18 0.000000
63 19 0.000000
63 20 0.000000
63 21 0.000000
63 22 0.000000
63 23 0.000000
63 24 0.000000
63 25 0.000000
63 26 0.000000
63 27 0.000000
63 28 0.000000
63 29 0.000000
63 30 0.000000
63 31 0.000000
63 32 0.000000
63 33 0.000000
63 34 0.000000
63 35 0.000000
63 36 0.000000
63 37 0.000000
63 38 0.000000
63 39 0.000000
63 40 0.000000
63 41 0.000000
63 42 0.000000
63 43 0.000000
63 44 0.000000
63 45 0.000000
63 46 0.000000
63 47 0.000000
63 48 0.000000
63 49 0.000000
63 50 0.000000
63 51 0.000000
63 52 0.000000
63 53 0.000000
63 54 0.000000
63 55 0.000000
63 56 0.000000
63 57 0.000000
63 58 0.000000
63 59 0.000000
63 60 0.000000
63 61 0.000000
63 62 0.000000
63 63 0.000000
