0 0 0.000000
0 1 0.000000
0 2 0.000000
0 3 0.000000
0 4 0.000000
0 5 0.000000
0 6 0.000000
0 7 0.000000
0 8 0.000000
0 9 0.000000
0 10 0.000000
0 11 0.000000
0 12 0.000000
0 13 0.000000
0 14 0.000000
0 15 0.000000
0 16 0.000000
0 17 0.000000
0 18 0.000000
0 19 0.000000
0 20 0.000000
0 21 0.000000
0 22 0.000000
0 23 0.000000
0 24 0.000000
0 25 0.000000
0 26 0.000000
0 27 0.000000
0 28 0.000000
0 29 0.000000
0 30 0.000000
0 31 0.000000
0 32 0.000000
0 33 0.000000
0 34 0.000000
0 35 0.000000
0 36 0.000000
0 37 0.000000
0 38 0.000000
0 39 0.000000
0 40 0.000000
0 41 0.000000
0 42 0.000000
0 43 0.000000
0 44 0.000000
0 45 0.000000
0 46 0.000000
0 47 0.000000
0 48 0.000000
0 49 0.000000
0 50 0.000000
0 51 0.000000
0 52 0.000000
0 53 0.000000
0 54 0.000000
0 55 0.000000
0 56 0.000000
0 57 0.000000
0 58 0.000000
0 59 0.000000
0 60 0.000000
0 61 0.000000
0 62 0.000000
0 63 0.000000
1 0 0.000000
1 1 -23318.872057
1 2 5428.873054
1 3 2122.492211
1 4 -327.722273
1 5 -185.012113
1 6 16.987366
1 7 15.557323
1 8 -0.587877
1 9 -1.267471
1 10 -0.016038
1 11 0.099554
1 12 0.005661
1 13 -0.008138
1 14 -0.001330
1 15 0.000116
1 16 -0.000340
1 17 -0.000463
1 18 -0.000418
1 19 -0.000391
1 20 -0.000379
1 21 -0.000365
1 22 -0.000351
1 23 -0.000337
1 24 -0.000323
1 25 -0.000309
1 26 -0.000296
1 27 -0.000282
1 28 -0.000269
1 29 -0.000256
1 30 -0.000244
1 31 -0.000232
1 32 -0.000220
1 33 -0.000208
1 34 -0.000197
1 35 -0.000186
1 36 -0.000176
1 37 -0.000165
1 38 -0.000155
1 39 -0.000146
1 40 -0.000137
1 41 -0.000128
1 42 -0.000120
1 43 -0.000111
1 44 -0.000104
1 45 -0.000096
1 46 -0.000089
1 47 -0.000082
1 48 -0.000075
1 49 -0.000069
1 50 -0.000063
1 51 -0.000057
1 52 -0.000051
1 53 -0.000046
1 54 -0.000041
1 55 -0.000036
1 56 -0.000031
1 57 -0.000026
1 58 -0.000021
1 59 -0.000017
1 60 -0.000013
1 61 -0.000006
1 62 0.000016
1 63 0.000000
2 0 0.000000
2 1 -23318.865362
2 2 5428.872106
2 3 2122.492535
2 4 -327.721635
2 5 -185.011526
2 6 16.987929
2 7 15.557875
2 8 -0.587336
2 9 -1.266943
2 10 -0.015522
2 11 0.100056
2 12 0.006149
2 13 -0.007664
2 14 -0.000870
2 15 0.000563
2 16 0.000092
2 17 -0.000045
2 18 -0.000015
2 19 -0.000003
2 20 -0.000005
2 21 -0.000007
2 22 -0.000007
2 23 -0.000007
2 24 -0.000007
2 25 -0.000007
2 26 -0.000008
2 27 -0.000008
2 28 -0.000008
2 29 -0.000008
2 30 -0.000008
2 31 -0.000009
2 32 -0.000009
2 33 -0.000009
2 34 -0.000009
2 35 -0.000009
2 36 -0.000009
2 37 -0.000009
2 38 -0.000009
2 39 -0.000008
2 40 -0.000008
2 41 -0.000008
2 42 -0.000008
2 43 -0.000008
2 44 -0.000008
2 45 -0.000007
2 46 -0.000007
2 47 -0.000007
2 48 -0.000006
2 49 -0.000006
2 50 -0.000006
2 51 -0.000005
2 52 -0.000005
2 53 -0.000005
2 54 -0.000004
2 55 -0.000004
2 56 -0.000003
2 57 -0.000003
2 58 -0.000002
2 59 -0.000002
2 60 -0.000002
2 61 0.000000
2 62 0.000018
2 63 0.000000
3 0 0.000000
3 1 -23318.861197
3 2 5428.870613
3 3 2122.492396
3 4 -327.721516
3 5 -185.011453
3 6 16.987990
3 7 15.557937
3 8 -0.587274
3 9 -1.266881
3 10 -0.015462
3 11 0.100116
3 12 0.006209
3 13 -0.007605
3 14 -0.000812
3 15 0.000620
3 16 0.000148
3 17 0.000010
3 18 0.000039
3 19 0.000050
3 20 0.000047
3 21 0.000045
3 22 0.000043
3 23 0.000042
3 24 0.000041
3 25 0.000039
3 26 0.000038
3 27 0.000036
3 28 0.000035
3 29 0.000033
3 30 0.000032
3 31 0.000030
3 32 0.000029
3 33 0.000028
3 34 0.000026
3 35 0.000025
3 36 0.000024
3 37 0.000022
3 38 0.000021
3 39 0.000020
3 40 0.000019
3 41 0.000018
3 42 0.000017
3 43 0.000015
3 44 0.000014
3 45 0.000013
3 46 0.000012
3 47 0.000011
3 48 0.000011
3 49 0.000010
3 50 0.000009
3 51 0.000008
3 52 0.000007
3 53 0.000006
3 54 0.000006
3 55 0.000005
3 56 0.000004
3 57 0.000004
3 58 0.000003
3 59 0.000002
3 60 0.000001
3 61 0.000002
3 62 0.000017
3 63 0.000000
4 0 0.000000
4 1 -23318.857471
4 2 5428.869081
4 3 2122.492187
4 4 -327.721503
4 5 -185.011484
4 6 16.987951
4 7 15.557899
4 8 -0.587311
4 9 -1.266918
4 10 -0.015498
4 11 0.100081
4 12 0.006173
4 13 -0.007640
4 14 -0.000846
4 15 0.000586
4 16 0.000115
4 17 -0.000023
4 18 0.000007
4 19 0.000019
4 20 0.000016
4 21 0.000015
4 22 0.000014
4 23 0.000013
4 24 0.000013
4 25 0.000012
4 26 0.000011
4 27 0.000011
4 28 0.000010
4 29 0.000010
4 30 0.000009
4 31 0.000008
4 32 0.000008
4 33 0.000007
4 34 0.000007
4 35 0.000006
4 36 0.000006
4 37 0.000005
4 38 0.000005
4 39 0.000004
4 40 0.000004
4 41 0.000004
4 42 0.000003
4 43 0.000003
4 44 0.000003
4 45 0.000002
4 46 0.000002
4 47 0.000002
4 48 0.000002
4 49 0.000002
4 50 0.000001
4 51 0.000001
4 52 0.000001
4 53 0.000001
4 54 0.000001
4 55 0.000001
4 56 0.000001
4 57 0.000000
4 58 0.000000
4 59 0.000000
4 60 -0.000000
4 61 0.000001
4 62 0.000015
4 63 0.000000
5 0 0.000000
5 1 -23318.853872
5 2 5428.867647
5 3 2122.492019
5 4 -327.721462
5 5 -185.011483
5 6 16.987943
5 7 15.557893
5 8 -0.587317
5 9 -1.266924
5 10 -0.015504
5 11 0.100075
5 12 0.006167
5 13 -0.007646
5 14 -0.000852
5 15 0.000580
5 16 0.000109
5 17 -0.000028
5 18 0.000002
5 19 0.000014
5 20 0.000011
5 21 0.000009
5 22 0.000009
5 23 0.000008
5 24 0.000008
5 25 0.000007
5 26 0.000007
5 27 0.000006
5 28 0.000006
5 29 0.000005
5 30 0.000005
5 31 0.000004
5 32 0.000004
5 33 0.000003
5 34 0.000003
5 35 0.000003
5 36 0.000002
5 37 0.000002
5 38 0.000002
5 39 0.000001
5 40 0.000001
5 41 0.000001
5 42 0.000001
5 43 0.000000
5 44 0.000000
5 45 0.000000
5 46 -0.000000
5 47 -0.000000
5 48 -0.000000
5 49 -0.000000
5 50 -0.000000
5 51 -0.000000
5 52 -0.000000
5 53 -0.000000
5 54 -0.000000
5 55 -0.000000
5 56 -0.000000
5 57 -0.000000
5 58 -0.000000
5 59 -0.000000
5 60 -0.000001
5 61 0.000001
5 62 0.000013
5 63 0.000000
6 0 0.000000
6 1 -23318.850430
6 2 5428.866284
6 3 2122.491867
6 4 -327.721415
6 5 -185.011476
6 6 16.987943
6 7 15.557894
6 8 -0.587316
6 9 -1.266922
6 10 -0.015502
6 11 0.100076
6 12 0.006169
6 13 -0.007644
6 14 -0.000850
6 15 0.000582
6 16 0.000111
6 17 -0.000027
6 18 0.000003
6 19 0.000015
6 20 0.000013
6 21 0.000011
6 22 0.000011
6 23 0.000010
6 24 0.000010
6 25 0.000009
6 26 0.000008
6 27 0.000008
6 28 0.000007
6 29 0.000007
6 30 0.000006
6 31 0.000006
6 32 0.000005
6 33 0.000005
6 34 0.000005
6 35 0.000004
6 36 0.000004
6 37 0.000003
6 38 0.000003
6 39 0.000003
6 40 0.000002
6 41 0.000002
6 42 0.000002
6 43 0.000002
6 44 0.000001
6 45 0.000001
6 46 0.000001
6 47 0.000001
6 48 0.000001
6 49 0.000001
6 50 0.000001
6 51 0.000000
6 52 0.000000
6 53 0.000000
6 54 0.000000
6 55 0.000000
6 56 0.000000
6 57 0.000000
6 58 0.000000
6 59 -0.000000
6 60 -0.000001
6 61 0.000001
6 62 0.000012
6 63 0.000000
7 0 0.000000
7 1 -23318.847158
7 2 5428.864979
7 3 2122.491724
7 4 -327.721373
7 5 -185.011470
7 6 16.987942
7 7 15.557894
7 8 -0.587316
7 9 -1.266922
7 10 -0.015502
7 11 0.100076
7 12 0.006169
7 13 -0.007644
7 14 -0.000850
7 15 0.000582
7 16 0.000111
7 17 -0.000027
7 18 0.000004
7 19 0.000015
7 20 0.000013
7 21 0.000011
7 22 0.000011
7 23 0.000010
7 24 0.000010
7 25 0.000009
7 26 0.000009
7 27 0.000008
7 28 0.000008
7 29 0.000007
7 30 0.000007
7 31 0.000006
7 32 0.000006
7 33 0.000005
7 34 0.000005
7 35 0.000005
7 36 0.000004
7 37 0.000004
7 38 0.000004
7 39 0.000003
7 40 0.000003
7 41 0.000003
7 42 0.000002
7 43 0.000002
7 44 0.000002
7 45 0.000002
7 46 0.000002
7 47 0.000001
7 48 0.000001
7 49 0.000001
7 50 0.000001
7 51 0.000001
7 52 0.000001
7 53 0.000001
7 54 0.000001
7 55 0.000000
7 56 0.000000
7 57 0.000000
7 58 0.000000
7 59 0.000000
7 60 -0.000000
7 61 0.000001
7 62 0.000011
7 63 0.000000
8 0 0.000000
8 1 -23318.844052
8 2 5428.863733
8 3 2122.491589
8 4 -327.721334
8 5 -185.011465
8 6 16.987940
8 7 15.557893
8 8 -0.587316
8 9 -1.266923
8 10 -0.015503
8 11 0.100076
8 12 0.006168
8 13 -0.007644
8 14 -0.000851
8 15 0.000582
8 16 0.000111
8 17 -0.000027
8 18 0.000003
8 19 0.000015
8 20 0.000013
8 21 0.000011
8 22 0.000011
8 23 0.000010
8 24 0.000010
8 25 0.000009
8 26 0.000009
8 27 0.000008
8 28 0.000008
8 29 0.000007
8 30 0.000007
8 31 0.000006
8 32 0.000006
8 33 0.000005
8 34 0.000005
8 35 0.000005
8 36 0.000004
8 37 0.000004
8 38 0.000004
8 39 0.000003
8 40 0.000003
8 41 0.000003
8 42 0.000003
8 43 0.000002
8 44 0.000002
8 45 0.000002
8 46 0.000002
8 47 0.000002
8 48 0.000001
8 49 0.000001
8 50 0.000001
8 51 0.000001
8 52 0.000001
8 53 0.000001
8 54 0.000001
8 55 0.000001
8 56 0.000000
8 57 0.000000
8 58 0.000000
8 59 0.000000
8 60 -0.000000
8 61 0.000001
8 62 0.000009
8 63 0.000000
9 0 0.000000
9 1 -23318.841104
9 2 5428.862545
9 3 2122.491463
9 4 -327.721297
9 5 -185.011461
9 6 16.987938
9 7 15.557892
9 8 -0.587317
9 9 -1.266923
9 10 -0.015503
9 11 0.100075
9 12 0.006168
9 13 -0.007645
9 14 -0.000851
9 15 0.000581
9 16 0.000111
9 17 -0.000027
9 18 0.000003
9 19 0.000015
9 20 0.000013
9 21 0.000011
9 22 0.000011
9 23 0.000010
9 24 0.000010
9 25 0.000009
9 26 0.000009
9 27 0.000008
9 28 0.000008
9 29 0.000007
9 30 0.000007
9 31 0.000006
9 32 0.000006
9 33 0.000006
9 34 0.000005
9 35 0.000005
9 36 0.000005
9 37 0.000004
9 38 0.000004
9 39 0.000004
9 40 0.000003
9 41 0.000003
9 42 0.000003
9 43 0.000003
9 44 0.000002
9 45 0.000002
9 46 0.000002
9 47 0.000002
9 48 0.000002
9 49 0.000001
9 50 0.000001
9 51 0.000001
9 52 0.000001
9 53 0.000001
9 54 0.000001
9 55 0.000001
9 56 0.000001
9 57 0.000000
9 58 0.000000
9 59 0.000000
9 60 -0.000000
9 61 0.000001
9 62 0.000008
9 63 0.000000
10 0 0.000000
10 1 -23318.838313
10 2 5428.861415
10 3 2122.491345
10 4 -327.721262
10 5 -185.011457
10 6 16.987937
10 7 15.557892
10 8 -0.587317
10 9 -1.266924
10 10 -0.015504
10 11 0.100075
10 12 0.006168
10 13 -0.007645
10 14 -0.000851
10 15 0.000581
10 16 0.000110
10 17 -0.000027
10 18 0.000003
10 19 0.000015
10 20 0.000012
10 21 0.000011
10 22 0.000010
10 23 0.000010
10 24 0.000010
10 25 0.000009
10 26 0.000009
10 27 0.000008
10 28 0.000008
10 29 0.000007
10 30 0.000007
10 31 0.000006
10 32 0.000006
10 33 0.000006
10 34 0.000005
10 35 0.000005
10 36 0.000005
10 37 0.000004
10 38 0.000004
10 39 0.000004
10 40 0.000003
10 41 0.000003
10 42 0.000003
10 43 0.000003
10 44 0.000003
10 45 0.000002
10 46 0.000002
10 47 0.000002
10 48 0.000002
10 49 0.000002
10 50 0.000001
10 51 0.000001
10 52 0.000001
10 53 0.000001
10 54 0.000001
10 55 0.000001
10 56 0.000001
10 57 0.000001
10 58 0.000000
10 59 0.000000
10 60 -0.000000
10 61 0.000001
10 62 0.000006
10 63 0.000000
11 0 0.000000
11 1 -23318.835673
11 2 5428.860342
11 3 2122.491236
11 4 -327.721229
11 5 -185.011454
11 6 16.987936
11 7 15.557891
11 8 -0.587318
11 9 -1.266924
11 10 -0.015504
11 11 0.100075
11 12 0.006168
11 13 -0.007645
11 14 -0.000852
11 15 0.000581
11 16 0.000110
11 17 -0.000027
11 18 0.000003
11 19 0.000015
11 20 0.000012
11 21 0.000011
11 22 0.000010
11 23 0.000010
11 24 0.000010
11 25 0.000009
11 26 0.000009
11 27 0.000008
11 28 0.000008
11 29 0.000007
11 30 0.000007
11 31 0.000007
11 32 0.000006
11 33 0.000006
11 34 0.000006
11 35 0.000005
11 36 0.000005
11 37 0.000005
11 38 0.000004
11 39 0.000004
11 40 0.000004
11 41 0.000003
11 42 0.000003
11 43 0.000003
11 44 0.000003
11 45 0.000002
11 46 0.000002
11 47 0.000002
11 48 0.000002
11 49 0.000002
11 50 0.000002
11 51 0.000001
11 52 0.000001
11 53 0.000001
11 54 0.000001
11 55 0.000001
11 56 0.000001
11 57 0.000001
11 58 0.000001
11 59 0.000000
11 60 0.000000
11 61 0.000001
11 62 0.000005
11 63 0.000000
12 0 0.000000
12 1 -23318.833181
12 2 5428.859324
12 3 2122.491134
12 4 -327.721198
12 5 -185.011451
12 6 16.987934
12 7 15.557891
12 8 -0.587318
12 9 -1.266924
12 10 -0.015504
12 11 0.100074
12 12 0.006167
12 13 -0.007645
12 14 -0.000852
12 15 0.000581
12 16 0.000110
12 17 -0.000027
12 18 0.000003
12 19 0.000015
12 20 0.000012
12 21 0.000011
12 22 0.000010
12 23 0.000010
12 24 0.000010
12 25 0.000009
12 26 0.000009
12 27 0.000008
12 28 0.000008
12 29 0.000008
12 30 0.000007
12 31 0.000007
12 32 0.000006
12 33 0.000006
12 34 0.000006
12 35 0.000005
12 36 0.000005
12 37 0.000005
12 38 0.000004
12 39 0.000004
12 40 0.000004
12 41 0.000004
12 42 0.000003
12 43 0.000003
12 44 0.000003
12 45 0.000003
12 46 0.000002
12 47 0.000002
12 48 0.000002
12 49 0.000002
12 50 0.000002
12 51 0.000002
12 52 0.000001
12 53 0.000001
12 54 0.000001
12 55 0.000001
12 56 0.000001
12 57 0.000001
12 58 0.000001
12 59 0.000000
12 60 0.000000
12 61 0.000000
12 62 0.000004
12 63 0.000000
13 0 0.000000
13 1 -23318.830833
13 2 5428.858361
13 3 2122.491040
13 4 -327.721170
13 5 -185.011448
13 6 16.987933
13 7 15.557890
13 8 -0.587318
13 9 -1.266925
13 10 -0.015504
13 11 0.100074
13 12 0.006167
13 13 -0.007646
13 14 -0.000852
13 15 0.000581
13 16 0.000110
13 17 -0.000028
13 18 0.000003
13 19 0.000015
13 20 0.000012
13 21 0.000011
13 22 0.000010
13 23 0.000010
13 24 0.000010
13 25 0.000009
13 26 0.000009
13 27 0.000008
13 28 0.000008
13 29 0.000008
13 30 0.000007
13 31 0.000007
13 32 0.000006
13 33 0.000006
13 34 0.000006
13 35 0.000005
13 36 0.000005
13 37 0.000005
13 38 0.000005
13 39 0.000004
13 40 0.000004
13 41 0.000004
13 42 0.000004
13 43 0.000003
13 44 0.000003
13 45 0.000003
13 46 0.000003
13 47 0.000002
13 48 0.000002
13 49 0.000002
13 50 0.000002
13 51 0.000002
13 52 0.000002
13 53 0.000001
13 54 0.000001
13 55 0.000001
13 56 0.000001
13 57 0.000001
13 58 0.000001
13 59 0.000000
13 60 0.000000
13 61 0.000000
13 62 0.000002
13 63 0.000000
14 0 0.000000
14 1 -23318.828627
14 2 5428.857452
14 3 2122.490953
14 4 -327.721143
14 5 -185.011446
14 6 16.987932
14 7 15.557890
14 8 -0.587318
14 9 -1.266925
14 10 -0.015505
14 11 0.100074
14 12 0.006167
14 13 -0.007646
14 14 -0.000852
14 15 0.000581
14 16 0.000110
14 17 -0.000028
14 18 0.000003
14 19 0.000015
14 20 0.000012
14 21 0.000011
14 22 0.000010
14 23 0.000010
14 24 0.000010
14 25 0.000009
14 26 0.000009
14 27 0.000008
14 28 0.000008
14 29 0.000008
14 30 0.000007
14 31 0.000007
14 32 0.000007
14 33 0.000006
14 34 0.000006
14 35 0.000006
14 36 0.000005
14 37 0.000005
14 38 0.000005
14 39 0.000004
14 40 0.000004
14 41 0.000004
14 42 0.000004
14 43 0.000003
14 44 0.000003
14 45 0.000003
14 46 0.000003
14 47 0.000003
14 48 0.000002
14 49 0.000002
14 50 0.000002
14 51 0.000002
14 52 0.000002
14 53 0.000001
14 54 0.000001
14 55 0.000001
14 56 0.000001
14 57 0.000001
14 58 0.000001
14 59 0.000001
14 60 0.000000
14 61 0.000000
14 62 0.000001
14 63 0.000000
15 0 0.000000
15 1 -23318.826558
15 2 5428.856597
15 3 2122.490872
15 4 -327.721118
15 5 -185.011443
15 6 16.987932
15 7 15.557890
15 8 -0.587319
15 9 -1.266925
15 10 -0.015505
15 11 0.100074
15 12 0.006167
15 13 -0.007646
15 14 -0.000852
15 15 0.000581
15 16 0.000110
15 17 -0.000028
15 18 0.000003
15 19 0.000015
15 20 0.000012
15 21 0.000011
15 22 0.000011
15 23 0.000010
15 24 0.000010
15 25 0.000009
15 26 0.000009
15 27 0.000009
15 28 0.000008
15 29 0.000008
15 30 0.000007
15 31 0.000007
15 32 0.000007
15 33 0.000006
15 34 0.000006
15 35 0.000006
15 36 0.000005
15 37 0.000005
15 38 0.000005
15 39 0.000005
15 40 0.000004
15 41 0.000004
15 42 0.000004
15 43 0.000004
15 44 0.000003
15 45 0.000003
15 46 0.000003
15 47 0.000003
15 48 0.000002
15 49 0.000002
15 50 0.000002
15 51 0.000002
15 52 0.000002
15 53 0.000002
15 54 0.000001
15 55 0.000001
15 56 0.000001
15 57 0.000001
15 58 0.000001
15 59 0.000001
15 60 0.000000
15 61 0.000000
15 62 -0.000000
15 63 0.000000
16 0 0.000000
16 1 -23318.824625
16 2 5428.855793
16 3 2122.490798
16 4 -327.721095
16 5 -185.011441
16 6 16.987931
16 7 15.557890
16 8 -0.587319
16 9 -1.266925
16 10 -0.015505
16 11 0.100074
16 12 0.006167
16 13 -0.007646
16 14 -0.000852
16 15 0.000581
16 16 0.000110
16 17 -0.000028
16 18 0.000003
16 19 0.000015
16 20 0.000012
16 21 0.000011
16 22 0.000011
16 23 0.000010
16 24 0.000010
16 25 0.000009
16 26 0.000009
16 27 0.000009
16 28 0.000008
16 29 0.000008
16 30 0.000008
16 31 0.000007
16 32 0.000007
16 33 0.000007
16 34 0.000006
16 35 0.000006
16 36 0.000006
16 37 0.000005
16 38 0.000005
16 39 0.000005
16 40 0.000004
16 41 0.000004
16 42 0.000004
16 43 0.000004
16 44 0.000003
16 45 0.000003
16 46 0.000003
16 47 0.000003
16 48 0.000003
16 49 0.000002
16 50 0.000002
16 51 0.000002
16 52 0.000002
16 53 0.000002
16 54 0.000001
16 55 0.000001
16 56 0.000001
16 57 0.000001
16 58 0.000001
16 59 0.000001
16 60 0.000000
16 61 0.000000
16 62 -0.000001
16 63 0.000000
17 0 0.000000
17 1 -23318.822823
17 2 5428.855042
17 3 2122.490729
17 4 -327.721074
17 5 -185.011440
17 6 16.987930
17 7 15.557889
17 8 -0.587319
17 9 -1.266925
17 10 -0.015505
17 11 0.100074
17 12 0.006167
17 13 -0.007646
17 14 -0.000852
17 15 0.000581
17 16 0.000110
17 17 -0.000028
17 18 0.000003
17 19 0.000015
17 20 0.000012
17 21 0.000011
17 22 0.000011
17 23 0.000010
17 24 0.000010
17 25 0.000010
17 26 0.000009
17 27 0.000009
17 28 0.000008
17 29 0.000008
17 30 0.000008
17 31 0.000007
17 32 0.000007
17 33 0.000007
17 34 0.000006
17 35 0.000006
17 36 0.000006
17 37 0.000005
17 38 0.000005
17 39 0.000005
17 40 0.000005
17 41 0.000004
17 42 0.000004
17 43 0.000004
17 44 0.000004
17 45 0.000003
17 46 0.000003
17 47 0.000003
17 48 0.000003
17 49 0.000002
17 50 0.000002
17 51 0.000002
17 52 0.000002
17 53 0.000002
17 54 0.000002
17 55 0.000001
17 56 0.000001
17 57 0.000001
17 58 0.000001
17 59 0.000001
17 60 0.000001
17 61 0.000000
17 62 -0.000003
17 63 0.000000
18 0 0.000000
18 1 -23318.821151
18 2 5428.854342
18 3 2122.490667
18 4 -327.721054
18 5 -185.011438
18 6 16.987930
18 7 15.557889
18 8 -0.587319
18 9 -1.266925
18 10 -0.015505
18 11 0.100074
18 12 0.006167
18 13 -0.007646
18 14 -0.000852
18 15 0.000581
18 16 0.000110
18 17 -0.000028
18 18 0.000003
18 19 0.000015
18 20 0.000012
18 21 0.000011
18 22 0.000011
18 23 0.000010
18 24 0.000010
18 25 0.000010
18 26 0.000009
18 27 0.000009
18 28 0.000008
18 29 0.000008
18 30 0.000008
18 31 0.000007
18 32 0.000007
18 33 0.000007
18 34 0.000006
18 35 0.000006
18 36 0.000006
18 37 0.000006
18 38 0.000005
18 39 0.000005
18 40 0.000005
18 41 0.000004
18 42 0.000004
18 43 0.000004
18 44 0.000004
18 45 0.000003
18 46 0.000003
18 47 0.000003
18 48 0.000003
18 49 0.000003
18 50 0.000002
18 51 0.000002
18 52 0.000002
18 53 0.000002
18 54 0.000002
18 55 0.000001
18 56 0.000001
18 57 0.000001
18 58 0.000001
18 59 0.000001
18 60 0.000001
18 61 0.000000
18 62 -0.000004
18 63 0.000000
19 0 0.000000
19 1 -23318.819605
19 2 5428.853692
19 3 2122.490610
19 4 -327.721036
19 5 -185.011437
19 6 16.987929
19 7 15.557889
19 8 -0.587319
19 9 -1.266925
19 10 -0.015505
19 11 0.100074
19 12 0.006167
19 13 -0.007646
19 14 -0.000852
19 15 0.000581
19 16 0.000110
19 17 -0.000028
19 18 0.000003
19 19 0.000015
19 20 0.000013
19 21 0.000011
19 22 0.000011
19 23 0.000010
19 24 0.000010
19 25 0.000010
19 26 0.000009
19 27 0.000009
19 28 0.000009
19 29 0.000008
19 30 0.000008
19 31 0.000008
19 32 0.000007
19 33 0.000007
19 34 0.000007
19 35 0.000006
19 36 0.000006
19 37 0.000006
19 38 0.000005
19 39 0.000005
19 40 0.000005
19 41 0.000005
19 42 0.000004
19 43 0.000004
19 44 0.000004
19 45 0.000004
19 46 0.000003
19 47 0.000003
19 48 0.000003
19 49 0.000003
19 50 0.000002
19 51 0.000002
19 52 0.000002
19 53 0.000002
19 54 0.000002
19 55 0.000001
19 56 0.000001
19 57 0.000001
19 58 0.000001
19 59 0.000001
19 60 0.000001
19 61 -0.000000
19 62 -0.000005
19 63 0.000000
20 0 0.000000
20 1 -23318.818184
20 2 5428.853093
20 3 2122.490558
20 4 -327.721019
20 5 -185.011436
20 6 16.987929
20 7 15.557889
20 8 -0.587319
20 9 -1.266925
20 10 -0.015505
20 11 0.100074
20 12 0.006167
20 13 -0.007646
20 14 -0.000852
20 15 0.000581
20 16 0.000110
20 17 -0.000028
20 18 0.000003
20 19 0.000015
20 20 0.000013
20 21 0.000011
20 22 0.000011
20 23 0.000011
20 24 0.000010
20 25 0.000010
20 26 0.000009
20 27 0.000009
20 28 0.000009
20 29 0.000008
20 30 0.000008
20 31 0.000008
20 32 0.000007
20 33 0.000007
20 34 0.000007
20 35 0.000006
20 36 0.000006
20 37 0.000006
20 38 0.000005
20 39 0.000005
20 40 0.000005
20 41 0.000005
20 42 0.000004
20 43 0.000004
20 44 0.000004
20 45 0.000004
20 46 0.000003
20 47 0.000003
20 48 0.000003
20 49 0.000003
20 50 0.000002
20 51 0.000002
20 52 0.000002
20 53 0.000002
20 54 0.000002
20 55 0.000001
20 56 0.000001
20 57 0.000001
20 58 0.000001
20 59 0.000001
20 60 0.000001
20 61 -0.000000
20 62 -0.000006
20 63 0.000000
21 0 0.000000
21 1 -23318.816885
21 2 5428.852544
21 3 2122.490512
21 4 -327.721004
21 5 -185.011435
21 6 16.987928
21 7 15.557889
21 8 -0.587319
21 9 -1.266925
21 10 -0.015505
21 11 0.100074
21 12 0.006167
21 13 -0.007646
21 14 -0.000852
21 15 0.000581
21 16 0.000110
21 17 -0.000027
21 18 0.000003
21 19 0.000015
21 20 0.000013
21 21 0.000011
21 22 0.000011
21 23 0.000011
21 24 0.000010
21 25 0.000010
21 26 0.000009
21 27 0.000009
21 28 0.000009
21 29 0.000008
21 30 0.000008
21 31 0.000008
21 32 0.000007
21 33 0.000007
21 34 0.000007
21 35 0.000006
21 36 0.000006
21 37 0.000006
21 38 0.000006
21 39 0.000005
21 40 0.000005
21 41 0.000005
21 42 0.000004
21 43 0.000004
21 44 0.000004
21 45 0.000004
21 46 0.000003
21 47 0.000003
21 48 0.000003
21 49 0.000003
21 50 0.000003
21 51 0.000002
21 52 0.000002
21 53 0.000002
21 54 0.000002
21 55 0.000002
21 56 0.000001
21 57 0.000001
21 58 0.000001
21 59 0.000001
21 60 0.000001
21 61 -0.000000
21 62 -0.000006
21 63 0.000000
22 0 0.000000
22 1 -23318.815706
22 2 5428.852043
22 3 2122.490470
22 4 -327.720990
22 5 -185.011434
22 6 16.987928
22 7 15.557889
22 8 -0.587319
22 9 -1.266925
22 10 -0.015505
22 11 0.100074
22 12 0.006167
22 13 -0.007646
22 14 -0.000852
22 15 0.000581
22 16 0.000110
22 17 -0.000027
22 18 0.000003
22 19 0.000015
22 20 0.000013
22 21 0.000011
22 22 0.000011
22 23 0.000011
22 24 0.000010
22 25 0.000010
22 26 0.000010
22 27 0.000009
22 28 0.000009
22 29 0.000008
22 30 0.000008
22 31 0.000008
22 32 0.000007
22 33 0.000007
22 34 0.000007
22 35 0.000007
22 36 0.000006
22 37 0.000006
22 38 0.000006
22 39 0.000005
22 40 0.000005
22 41 0.000005
22 42 0.000005
22 43 0.000004
22 44 0.000004
22 45 0.000004
22 46 0.000004
22 47 0.000003
22 48 0.000003
22 49 0.000003
22 50 0.000003
22 51 0.000002
22 52 0.000002
22 53 0.000002
22 54 0.000002
22 55 0.000002
22 56 0.000001
22 57 0.000001
22 58 0.000001
22 59 0.000001
22 60 0.000001
22 61 -0.000000
22 62 -0.000007
22 63 0.000000
23 0 0.000000
23 1 -23318.814646
23 2 5428.851592
23 3 2122.490433
23 4 -327.720978
23 5 -185.011433
23 6 16.987928
23 7 15.557889
23 8 -0.587319
23 9 -1.266926
23 10 -0.015505
23 11 0.100074
23 12 0.006167
23 13 -0.007646
23 14 -0.000852
23 15 0.000581
23 16 0.000110
23 17 -0.000027
23 18 0.000003
23 19 0.000015
23 20 0.000013
23 21 0.000011
23 22 0.000011
23 23 0.000011
23 24 0.000010
23 25 0.000010
23 26 0.000010
23 27 0.000009
23 28 0.000009
23 29 0.000009
23 30 0.000008
23 31 0.000008
23 32 0.000008
23 33 0.000007
23 34 0.000007
23 35 0.000007
23 36 0.000006
23 37 0.000006
23 38 0.000006
23 39 0.000005
23 40 0.000005
23 41 0.000005
23 42 0.000005
23 43 0.000004
23 44 0.000004
23 45 0.000004
23 46 0.000004
23 47 0.000003
23 48 0.000003
23 49 0.000003
23 50 0.000003
23 51 0.000002
23 52 0.000002
23 53 0.000002
23 54 0.000002
23 55 0.000002
23 56 0.000001
23 57 0.000001
23 58 0.000001
23 59 0.000001
23 60 0.000001
23 61 -0.000000
23 62 -0.000008
23 63 0.000000
24 0 0.000000
24 1 -23318.813702
24 2 5428.851189
24 3 2122.490400
24 4 -327.720967
24 5 -185.011433
24 6 16.987927
24 7 15.557889
24 8 -0.587319
24 9 -1.266926
24 10 -0.015505
24 11 0.100074
24 12 0.006167
24 13 -0.007646
24 14 -0.000852
24 15 0.000581
24 16 0.000110
24 17 -0.000027
24 18 0.000003
24 19 0.000015
24 20 0.000013
24 21 0.000011
24 22 0.000011
24 23 0.000011
24 24 0.000010
24 25 0.000010
24 26 0.000010
24 27 0.000009
24 28 0.000009
24 29 0.000009
24 30 0.000008
24 31 0.000008
24 32 0.000008
24 33 0.000007
24 34 0.000007
24 35 0.000007
24 36 0.000006
24 37 0.000006
24 38 0.000006
24 39 0.000005
24 40 0.000005
24 41 0.000005
24 42 0.000005
24 43 0.000004
24 44 0.000004
24 45 0.000004
24 46 0.000004
24 47 0.000003
24 48 0.000003
24 49 0.000003
24 50 0.000003
24 51 0.000002
24 52 0.000002
24 53 0.000002
24 54 0.000002
24 55 0.000002
24 56 0.000001
24 57 0.000001
24 58 0.000001
24 59 0.000001
24 60 0.000001
24 61 -0.000000
24 62 -0.000009
24 63 0.000000
25 0 0.000000
25 1 -23318.812874
25 2 5428.850834
25 3 2122.490371
25 4 -327.720957
25 5 -185.011432
25 6 16.987927
25 7 15.557889
25 8 -0.587319
25 9 -1.266926
25 10 -0.015505
25 11 0.100074
25 12 0.006167
25 13 -0.007646
25 14 -0.000852
25 15 0.000581
25 16 0.000110
25 17 -0.000027
25 18 0.000003
25 19 0.000015
25 20 0.000013
25 21 0.000011
25 22 0.000011
25 23 0.000011
25 24 0.000011
25 25 0.000010
25 26 0.000010
25 27 0.000009
25 28 0.000009
25 29 0.000009
25 30 0.000008
25 31 0.000008
25 32 0.000008
25 33 0.000007
25 34 0.000007
25 35 0.000007
25 36 0.000006
25 37 0.000006
25 38 0.000006
25 39 0.000006
25 40 0.000005
25 41 0.000005
25 42 0.000005
25 43 0.000004
25 44 0.000004
25 45 0.000004
25 46 0.000004
25 47 0.000003
25 48 0.000003
25 49 0.000003
25 50 0.000003
25 51 0.000003
25 52 0.000002
25 53 0.000002
25 54 0.000002
25 55 0.000002
25 56 0.000001
25 57 0.000001
25 58 0.000001
25 59 0.000001
25 60 0.000001
25 61 -0.000000
25 62 -0.000009
25 63 0.000000
26 0 0.000000
26 1 -23318.812161
26 2 5428.850527
26 3 2122.490347
26 4 -327.720949
26 5 -185.011432
26 6 16.987927
26 7 15.557889
26 8 -0.587319
26 9 -1.266926
26 10 -0.015505
26 11 0.100074
26 12 0.006167
26 13 -0.007646
26 14 -0.000852
26 15 0.000581
26 16 0.000110
26 17 -0.000027
26 18 0.000003
26 19 0.000015
26 20 0.000013
26 21 0.000011
26 22 0.000011
26 23 0.000011
26 24 0.000011
26 25 0.000010
26 26 0.000010
26 27 0.000009
26 28 0.000009
26 29 0.000009
26 30 0.000008
26 31 0.000008
26 32 0.000008
26 33 0.000007
26 34 0.000007
26 35 0.000007
26 36 0.000006
26 37 0.000006
26 38 0.000006
26 39 0.000006
26 40 0.000005
26 41 0.000005
26 42 0.000005
26 43 0.000004
26 44 0.000004
26 45 0.000004
26 46 0.000004
26 47 0.000003
26 48 0.000003
26 49 0.000003
26 50 0.000003
26 51 0.000003
26 52 0.000002
26 53 0.000002
26 54 0.000002
26 55 0.000002
26 56 0.000001
26 57 0.000001
26 58 0.000001
26 59 0.000001
26 60 0.000001
26 61 -0.000000
26 62 -0.000010
26 63 0.000000
27 0 0.000000
27 1 -23318.811560
27 2 5428.850269
27 3 2122.490327
27 4 -327.720942
27 5 -185.011432
27 6 16.987927
27 7 15.557889
27 8 -0.587319
27 9 -1.266926
27 10 -0.015505
27 11 0.100074
27 12 0.006167
27 13 -0.007646
27 14 -0.000852
27 15 0.000581
27 16 0.000110
27 17 -0.000027
27 18 0.000003
27 19 0.000015
27 20 0.000013
27 21 0.000012
27 22 0.000011
27 23 0.000011
27 24 0.000011
27 25 0.000010
27 26 0.000010
27 27 0.000010
27 28 0.000009
27 29 0.000009
27 30 0.000008
27 31 0.000008
27 32 0.000008
27 33 0.000007
27 34 0.000007
27 35 0.000007
27 36 0.000007
27 37 0.000006
27 38 0.000006
27 39 0.000006
27 40 0.000005
27 41 0.000005
27 42 0.000005
27 43 0.000005
27 44 0.000004
27 45 0.000004
27 46 0.000004
27 47 0.000004
27 48 0.000003
27 49 0.000003
27 50 0.000003
27 51 0.000003
27 52 0.000002
27 53 0.000002
27 54 0.000002
27 55 0.000002
27 56 0.000001
27 57 0.000001
27 58 0.000001
27 59 0.000001
27 60 0.000001
27 61 -0.000000
27 62 -0.000010
27 63 0.000000
28 0 0.000000
28 1 -23318.811072
28 2 5428.850057
28 3 2122.490311
28 4 -327.720936
28 5 -185.011431
28 6 16.987927
28 7 15.557889
28 8 -0.587319
28 9 -1.266926
28 10 -0.015505
28 11 0.100074
28 12 0.006167
28 13 -0.007646
28 14 -0.000852
28 15 0.000581
28 16 0.000110
28 17 -0.000027
28 18 0.000003
28 19 0.000015
28 20 0.000013
28 21 0.000012
28 22 0.000011
28 23 0.000011
28 24 0.000011
28 25 0.000010
28 26 0.000010
28 27 0.000010
28 28 0.000009
28 29 0.000009
28 30 0.000009
28 31 0.000008
28 32 0.000008
28 33 0.000008
28 34 0.000007
28 35 0.000007
28 36 0.000007
28 37 0.000006
28 38 0.000006
28 39 0.000006
28 40 0.000005
28 41 0.000005
28 42 0.000005
28 43 0.000005
28 44 0.000004
28 45 0.000004
28 46 0.000004
28 47 0.000004
28 48 0.000003
28 49 0.000003
28 50 0.000003
28 51 0.000003
28 52 0.000002
28 53 0.000002
28 54 0.000002
28 55 0.000002
28 56 0.000001
28 57 0.000001
28 58 0.000001
28 59 0.000001
28 60 0.000001
28 61 -0.000000
28 62 -0.000011
28 63 0.000000
29 0 0.000000
29 1 -23318.810696
29 2 5428.849894
29 3 2122.490298
29 4 -327.720931
29 5 -185.011431
29 6 16.987927
29 7 15.557889
29 8 -0.587319
29 9 -1.266925
29 10 -0.015505
29 11 0.100074
29 12 0.006167
29 13 -0.007646
29 14 -0.000852
29 15 0.000581
29 16 0.000110
29 17 -0.000027
29 18 0.000003
29 19 0.000015
29 20 0.000013
29 21 0.000012
29 22 0.000011
29 23 0.000011
29 24 0.000011
29 25 0.000010
29 26 0.000010
29 27 0.000010
29 28 0.000009
29 29 0.000009
29 30 0.000009
29 31 0.000008
29 32 0.000008
29 33 0.000008
29 34 0.000007
29 35 0.000007
29 36 0.000007
29 37 0.000006
29 38 0.000006
29 39 0.000006
29 40 0.000005
29 41 0.000005
29 42 0.000005
29 43 0.000005
29 44 0.000004
29 45 0.000004
29 46 0.000004
29 47 0.000004
29 48 0.000003
29 49 0.000003
29 50 0.000003
29 51 0.000003
29 52 0.000002
29 53 0.000002
29 54 0.000002
29 55 0.000002
29 56 0.000001
29 57 0.000001
29 58 0.000001
29 59 0.000001
29 60 0.000001
29 61 -0.000000
29 62 -0.000011
29 63 0.000000
30 0 0.000000
30 1 -23318.810431
30 2 5428.849777
30 3 2122.490290
30 4 -327.720928
30 5 -185.011431
30 6 16.987927
30 7 15.557889
30 8 -0.587319
30 9 -1.266925
30 10 -0.015505
30 11 0.100074
30 12 0.006167
30 13 -0.007646
30 14 -0.000852
30 15 0.000581
30 16 0.000110
30 17 -0.000027
30 18 0.000003
30 19 0.000015
30 20 0.000013
30 21 0.000012
30 22 0.000011
30 23 0.000011
30 24 0.000011
30 25 0.000010
30 26 0.000010
30 27 0.000010
30 28 0.000009
30 29 0.000009
30 30 0.000009
30 31 0.000008
30 32 0.000008
30 33 0.000008
30 34 0.000007
30 35 0.000007
30 36 0.000007
30 37 0.000006
30 38 0.000006
30 39 0.000006
30 40 0.000005
30 41 0.000005
30 42 0.000005
30 43 0.000005
30 44 0.000004
30 45 0.000004
30 46 0.000004
30 47 0.000004
30 48 0.000003
30 49 0.000003
30 50 0.000003
30 51 0.000003
30 52 0.000002
30 53 0.000002
30 54 0.000002
30 55 0.000002
30 56 0.000001
30 57 0.000001
30 58 0.000001
30 59 0.000001
30 60 0.000001
30 61 -0.000000
30 62 -0.000011
30 63 0.000000
31 0 0.000000
31 1 -23318.810276
31 2 5428.849708
31 3 2122.490285
31 4 -327.720926
31 5 -185.011431
31 6 16.987927
31 7 15.557889
31 8 -0.587319
31 9 -1.266925
31 10 -0.015505
31 11 0.100074
31 12 0.006167
31 13 -0.007646
31 14 -0.000852
31 15 0.000581
31 16 0.000110
31 17 -0.000027
31 18 0.000003
31 19 0.000015
31 20 0.000013
31 21 0.000012
31 22 0.000011
31 23 0.000011
31 24 0.000011
31 25 0.000010
31 26 0.000010
31 27 0.000010
31 28 0.000009
31 29 0.000009
31 30 0.000009
31 31 0.000008
31 32 0.000008
31 33 0.000008
31 34 0.000007
31 35 0.000007
31 36 0.000007
31 37 0.000006
31 38 0.000006
31 39 0.000006
31 40 0.000005
31 41 0.000005
31 42 0.000005
31 43 0.000005
31 44 0.000004
31 45 0.000004
31 46 0.000004
31 47 0.000004
31 48 0.000003
31 49 0.000003
31 50 0.000003
31 51 0.000003
31 52 0.000002
31 53 0.000002
31 54 0.000002
31 55 0.000002
31 56 0.000001
31 57 0.000001
31 58 0.000001
31 59 0.000001
31 60 0.000001
31 61 -0.000000
31 62 -0.000011
31 63 0.000000
32 0 0.000000
32 1 -23318.810232
32 2 5428.849686
32 3 2122.490283
32 4 -327.720925
32 5 -185.011431
32 6 16.987927
32 7 15.557889
32 8 -0.587319
32 9 -1.266925
32 10 -0.015505
32 11 0.100074
32 12 0.006167
32 13 -0.007646
32 14 -0.000852
32 15 0.000581
32 16 0.000110
32 17 -0.000027
32 18 0.000003
32 19 0.000015
32 20 0.000013
32 21 0.000012
32 22 0.000011
32 23 0.000011
32 24 0.000011
32 25 0.000010
32 26 0.000010
32 27 0.000010
32 28 0.000009
32 29 0.000009
32 30 0.000009
32 31 0.000008
32 32 0.000008
32 33 0.000008
32 34 0.000007
32 35 0.000007
32 36 0.000007
32 37 0.000006
32 38 0.000006
32 39 0.000006
32 40 0.000005
32 41 0.000005
32 42 0.000005
32 43 0.000005
32 44 0.000004
32 45 0.000004
32 46 0.000004
32 47 0.000004
32 48 0.000003
32 49 0.000003
32 50 0.000003
32 51 0.000003
32 52 0.000002
32 53 0.000002
32 54 0.000002
32 55 0.000002
32 56 0.000001
32 57 0.000001
32 58 0.000001
32 59 0.000001
32 60 0.000001
32 61 -0.000000
32 62 -0.000011
32 63 0.000000
33 0 0.000000
33 1 -23318.810298
33 2 5428.849712
33 3 2122.490286
33 4 -327.720925
33 5 -185.011431
33 6 16.987927
33 7 15.557889
33 8 -0.587319
33 9 -1.266925
33 10 -0.015505
33 11 0.100074
33 12 0.006167
33 13 -0.007646
33 14 -0.000852
33 15 0.000581
33 16 0.000110
33 17 -0.000027
33 18 0.000003
33 19 0.000015
33 20 0.000013
33 21 0.000012
33 22 0.000011
33 23 0.000011
33 24 0.000011
33 25 0.000010
33 26 0.000010
33 27 0.000010
33 28 0.000009
33 29 0.000009
33 30 0.000009
33 31 0.000008
33 32 0.000008
33 33 0.000008
33 34 0.000007
33 35 0.000007
33 36 0.000007
33 37 0.000006
33 38 0.000006
33 39 0.000006
33 40 0.000005
33 41 0.000005
33 42 0.000005
33 43 0.000005
33 44 0.000004
33 45 0.000004
33 46 0.000004
33 47 0.000004
33 48 0.000003
33 49 0.000003
33 50 0.000003
33 51 0.000003
33 52 0.000002
33 53 0.000002
33 54 0.000002
33 55 0.000002
33 56 0.000001
33 57 0.000001
33 58 0.000001
33 59 0.000001
33 60 0.000001
33 61 -0.000000
33 62 -0.000011
33 63 0.000000
34 0 0.000000
34 1 -23318.810475
34 2 5428.849785
34 3 2122.490292
34 4 -327.720926
34 5 -185.011432
34 6 16.987927
34 7 15.557889
34 8 -0.587319
34 9 -1.266925
34 10 -0.015505
34 11 0.100074
34 12 0.006167
34 13 -0.007646
34 14 -0.000852
34 15 0.000581
34 16 0.000110
34 17 -0.000027
34 18 0.000003
34 19 0.000015
34 20 0.000013
34 21 0.000012
34 22 0.000011
34 23 0.000011
34 24 0.000011
34 25 0.000010
34 26 0.000010
34 27 0.000010
34 28 0.000009
34 29 0.000009
34 30 0.000009
34 31 0.000008
34 32 0.000008
34 33 0.000008
34 34 0.000007
34 35 0.000007
34 36 0.000007
34 37 0.000006
34 38 0.000006
34 39 0.000006
34 40 0.000005
34 41 0.000005
34 42 0.000005
34 43 0.000005
34 44 0.000004
34 45 0.000004
34 46 0.000004
34 47 0.000004
34 48 0.000003
34 49 0.000003
34 50 0.000003
34 51 0.000003
34 52 0.000002
34 53 0.000002
34 54 0.000002
34 55 0.000002
34 56 0.000001
34 57 0.000001
34 58 0.000001
34 59 0.000001
34 60 0.000001
34 61 -0.000000
34 62 -0.000011
34 63 0.000000
35 0 0.000000
35 1 -23318.810762
35 2 5428.849905
35 3 2122.490302
35 4 -327.720929
35 5 -185.011432
35 6 16.987927
35 7 15.557889
35 8 -0.587319
35 9 -1.266925
35 10 -0.015505
35 11 0.100074
35 12 0.006167
35 13 -0.007646
35 14 -0.000852
35 15 0.000581
35 16 0.000110
35 17 -0.000027
35 18 0.000003
35 19 0.000015
35 20 0.000013
35 21 0.000012
35 22 0.000011
35 23 0.000011
35 24 0.000011
35 25 0.000010
35 26 0.000010
35 27 0.000010
35 28 0.000009
35 29 0.000009
35 30 0.000009
35 31 0.000008
35 32 0.000008
35 33 0.000008
35 34 0.000007
35 35 0.000007
35 36 0.000007
35 37 0.000006
35 38 0.000006
35 39 0.000006
35 40 0.000005
35 41 0.000005
35 42 0.000005
35 43 0.000005
35 44 0.000004
35 45 0.000004
35 46 0.000004
35 47 0.000004
35 48 0.000003
35 49 0.000003
35 50 0.000003
35 51 0.000003
35 52 0.000002
35 53 0.000002
35 54 0.000002
35 55 0.000002
35 56 0.000001
35 57 0.000001
35 58 0.000001
35 59 0.000001
35 60 0.000001
35 61 -0.000000
35 62 -0.000011
35 63 0.000000
36 0 0.000000
36 1 -23318.811161
36 2 5428.850072
36 3 2122.490316
36 4 -327.720933
36 5 -185.011432
36 6 16.987927
36 7 15.557889
36 8 -0.587319
36 9 -1.266925
36 10 -0.015505
36 11 0.100074
36 12 0.006167
36 13 -0.007646
36 14 -0.000852
36 15 0.000581
36 16 0.000110
36 17 -0.000027
36 18 0.000003
36 19 0.000015
36 20 0.000013
36 21 0.000012
36 22 0.000011
36 23 0.000011
36 24 0.000011
36 25 0.000010
36 26 0.000010
36 27 0.000010
36 28 0.000009
36 29 0.000009
36 30 0.000009
36 31 0.000008
36 32 0.000008
36 33 0.000008
36 34 0.000007
36 35 0.000007
36 36 0.000007
36 37 0.000006
36 38 0.000006
36 39 0.000006
36 40 0.000005
36 41 0.000005
36 42 0.000005
36 43 0.000005
36 44 0.000004
36 45 0.000004
36 46 0.000004
36 47 0.000004
36 48 0.000003
36 49 0.000003
36 50 0.000003
36 51 0.000003
36 52 0.000002
36 53 0.000002
36 54 0.000002
36 55 0.000002
36 56 0.000001
36 57 0.000001
36 58 0.000001
36 59 0.000001
36 60 0.000001
36 61 -0.000000
36 62 -0.000011
36 63 0.000000
37 0 0.000000
37 1 -23318.811672
37 2 5428.850287
37 3 2122.490334
37 4 -327.720938
37 5 -185.011433
37 6 16.987927
37 7 15.557889
37 8 -0.587319
37 9 -1.266925
37 10 -0.015505
37 11 0.100074
37 12 0.006167
37 13 -0.007646
37 14 -0.000852
37 15 0.000581
37 16 0.000110
37 17 -0.000027
37 18 0.000003
37 19 0.000015
37 20 0.000013
37 21 0.000012
37 22 0.000011
37 23 0.000011
37 24 0.000011
37 25 0.000010
37 26 0.000010
37 27 0.000010
37 28 0.000009
37 29 0.000009
37 30 0.000008
37 31 0.000008
37 32 0.000008
37 33 0.000007
37 34 0.000007
37 35 0.000007
37 36 0.000007
37 37 0.000006
37 38 0.000006
37 39 0.000006
37 40 0.000005
37 41 0.000005
37 42 0.000005
37 43 0.000005
37 44 0.000004
37 45 0.000004
37 46 0.000004
37 47 0.000004
37 48 0.000003
37 49 0.000003
37 50 0.000003
37 51 0.000003
37 52 0.000002
37 53 0.000002
37 54 0.000002
37 55 0.000002
37 56 0.000001
37 57 0.000001
37 58 0.000001
37 59 0.000001
37 60 0.000001
37 61 -0.000000
37 62 -0.000010
37 63 0.000000
38 0 0.000000
38 1 -23318.812295
38 2 5428.850550
38 3 2122.490356
38 4 -327.720945
38 5 -185.011433
38 6 16.987927
38 7 15.557889
38 8 -0.587319
38 9 -1.266925
38 10 -0.015505
38 11 0.100074
38 12 0.006167
38 13 -0.007646
38 14 -0.000852
38 15 0.000581
38 16 0.000110
38 17 -0.000027
38 18 0.000003
38 19 0.000015
38 20 0.000013
38 21 0.000012
38 22 0.000011
38 23 0.000011
38 24 0.000011
38 25 0.000010
38 26 0.000010
38 27 0.000009
38 28 0.000009
38 29 0.000009
38 30 0.000008
38 31 0.000008
38 32 0.000008
38 33 0.000007
38 34 0.000007
38 35 0.000007
38 36 0.000006
38 37 0.000006
38 38 0.000006
38 39 0.000006
38 40 0.000005
38 41 0.000005
38 42 0.000005
38 43 0.000004
38 44 0.000004
38 45 0.000004
38 46 0.000004
38 47 0.000003
38 48 0.000003
38 49 0.000003
38 50 0.000003
38 51 0.000003
38 52 0.000002
38 53 0.000002
38 54 0.000002
38 55 0.000002
38 56 0.000001
38 57 0.000001
38 58 0.000001
38 59 0.000001
38 60 0.000001
38 61 -0.000000
38 62 -0.000010
38 63 0.000000
39 0 0.000000
39 1 -23318.813033
39 2 5428.850861
39 3 2122.490382
39 4 -327.720953
39 5 -185.011434
39 6 16.987927
39 7 15.557889
39 8 -0.587319
39 9 -1.266925
39 10 -0.015505
39 11 0.100074
39 12 0.006167
39 13 -0.007646
39 14 -0.000852
39 15 0.000581
39 16 0.000110
39 17 -0.000027
39 18 0.000003
39 19 0.000015
39 20 0.000013
39 21 0.000011
39 22 0.000011
39 23 0.000011
39 24 0.000011
39 25 0.000010
39 26 0.000010
39 27 0.000009
39 28 0.000009
39 29 0.000009
39 30 0.000008
39 31 0.000008
39 32 0.000008
39 33 0.000007
39 34 0.000007
39 35 0.000007
39 36 0.000006
39 37 0.000006
39 38 0.000006
39 39 0.000006
39 40 0.000005
39 41 0.000005
39 42 0.000005
39 43 0.000004
39 44 0.000004
39 45 0.000004
39 46 0.000004
39 47 0.000003
39 48 0.000003
39 49 0.000003
39 50 0.000003
39 51 0.000002
39 52 0.000002
39 53 0.000002
39 54 0.000002
39 55 0.000002
39 56 0.000001
39 57 0.000001
39 58 0.000001
39 59 0.000001
39 60 0.000001
39 61 -0.000000
39 62 -0.000009
39 63 0.000000
40 0 0.000000
40 1 -23318.813885
40 2 5428.851220
40 3 2122.490412
40 4 -327.720962
40 5 -185.011435
40 6 16.987927
40 7 15.557889
40 8 -0.587319
40 9 -1.266925
40 10 -0.015505
40 11 0.100074
40 12 0.006167
40 13 -0.007646
40 14 -0.000852
40 15 0.000581
40 16 0.000110
40 17 -0.000027
40 18 0.000003
40 19 0.000015
40 20 0.000013
40 21 0.000011
40 22 0.000011
40 23 0.000011
40 24 0.000010
40 25 0.000010
40 26 0.000010
40 27 0.000009
40 28 0.000009
40 29 0.000009
40 30 0.000008
40 31 0.000008
40 32 0.000008
40 33 0.000007
40 34 0.000007
40 35 0.000007
40 36 0.000006
40 37 0.000006
40 38 0.000006
40 39 0.000005
40 40 0.000005
40 41 0.000005
40 42 0.000005
40 43 0.000004
40 44 0.000004
40 45 0.000004
40 46 0.000004
40 47 0.000003
40 48 0.000003
40 49 0.000003
40 50 0.000003
40 51 0.000002
40 52 0.000002
40 53 0.000002
40 54 0.000002
40 55 0.000002
40 56 0.000001
40 57 0.000001
40 58 0.000001
40 59 0.000001
40 60 0.000001
40 61 -0.000000
40 62 -0.000009
40 63 0.000000
41 0 0.000000
41 1 -23318.814853
41 2 5428.851627
41 3 2122.490447
41 4 -327.720973
41 5 -185.011436
41 6 16.987928
41 7 15.557889
41 8 -0.587319
41 9 -1.266925
41 10 -0.015505
41 11 0.100074
41 12 0.006167
41 13 -0.007646
41 14 -0.000852
41 15 0.000581
41 16 0.000110
41 17 -0.000027
41 18 0.000003
41 19 0.000015
41 20 0.000013
41 21 0.000011
41 22 0.000011
41 23 0.000011
41 24 0.000010
41 25 0.000010
41 26 0.000010
41 27 0.000009
41 28 0.000009
41 29 0.000009
41 30 0.000008
41 31 0.000008
41 32 0.000008
41 33 0.000007
41 34 0.000007
41 35 0.000007
41 36 0.000006
41 37 0.000006
41 38 0.000006
41 39 0.000005
41 40 0.000005
41 41 0.000005
41 42 0.000005
41 43 0.000004
41 44 0.000004
41 45 0.000004
41 46 0.000004
41 47 0.000003
41 48 0.000003
41 49 0.000003
41 50 0.000003
41 51 0.000002
41 52 0.000002
41 53 0.000002
41 54 0.000002
41 55 0.000002
41 56 0.000001
41 57 0.000001
41 58 0.000001
41 59 0.000001
41 60 0.000001
41 61 -0.000000
41 62 -0.000008
41 63 0.000000
42 0 0.000000
42 1 -23318.815940
42 2 5428.852083
42 3 2122.490486
42 4 -327.720984
42 5 -185.011436
42 6 16.987928
42 7 15.557890
42 8 -0.587319
42 9 -1.266925
42 10 -0.015505
42 11 0.100074
42 12 0.006167
42 13 -0.007646
42 14 -0.000852
42 15 0.000581
42 16 0.000110
42 17 -0.000027
42 18 0.000003
42 19 0.000015
42 20 0.000013
42 21 0.000011
42 22 0.000011
42 23 0.000011
42 24 0.000010
42 25 0.000010
42 26 0.000010
42 27 0.000009
42 28 0.000009
42 29 0.000009
42 30 0.000008
42 31 0.000008
42 32 0.000007
42 33 0.000007
42 34 0.000007
42 35 0.000007
42 36 0.000006
42 37 0.000006
42 38 0.000006
42 39 0.000005
42 40 0.000005
42 41 0.000005
42 42 0.000005
42 43 0.000004
42 44 0.000004
42 45 0.000004
42 46 0.000004
42 47 0.000003
42 48 0.000003
42 49 0.000003
42 50 0.000003
42 51 0.000002
42 52 0.000002
42 53 0.000002
42 54 0.000002
42 55 0.000002
42 56 0.000001
42 57 0.000001
42 58 0.000001
42 59 0.000001
42 60 0.000001
42 61 -0.000000
42 62 -0.000008
42 63 0.000000
43 0 0.000000
43 1 -23318.817145
43 2 5428.852589
43 3 2122.490530
43 4 -327.720998
43 5 -185.011438
43 6 16.987928
43 7 15.557890
43 8 -0.587319
43 9 -1.266925
43 10 -0.015505
43 11 0.100074
43 12 0.006167
43 13 -0.007646
43 14 -0.000852
43 15 0.000581
43 16 0.000110
43 17 -0.000027
43 18 0.000003
43 19 0.000015
43 20 0.000013
43 21 0.000011
43 22 0.000011
43 23 0.000011
43 24 0.000010
43 25 0.000010
43 26 0.000010
43 27 0.000009
43 28 0.000009
43 29 0.000008
43 30 0.000008
43 31 0.000008
43 32 0.000007
43 33 0.000007
43 34 0.000007
43 35 0.000006
43 36 0.000006
43 37 0.000006
43 38 0.000006
43 39 0.000005
43 40 0.000005
43 41 0.000005
43 42 0.000004
43 43 0.000004
43 44 0.000004
43 45 0.000004
43 46 0.000003
43 47 0.000003
43 48 0.000003
43 49 0.000003
43 50 0.000003
43 51 0.000002
43 52 0.000002
43 53 0.000002
43 54 0.000002
43 55 0.000001
43 56 0.000001
43 57 0.000001
43 58 0.000001
43 59 0.000001
43 60 0.000001
43 61 -0.000000
43 62 -0.000007
43 63 0.000000
44 0 0.000000
44 1 -23318.818472
44 2 5428.853143
44 3 2122.490578
44 4 -327.721013
44 5 -185.011439
44 6 16.987929
44 7 15.557890
44 8 -0.587319
44 9 -1.266925
44 10 -0.015505
44 11 0.100074
44 12 0.006167
44 13 -0.007646
44 14 -0.000852
44 15 0.000581
44 16 0.000110
44 17 -0.000027
44 18 0.000003
44 19 0.000015
44 20 0.000013
44 21 0.000011
44 22 0.000011
44 23 0.000011
44 24 0.000010
44 25 0.000010
44 26 0.000009
44 27 0.000009
44 28 0.000009
44 29 0.000008
44 30 0.000008
44 31 0.000008
44 32 0.000007
44 33 0.000007
44 34 0.000007
44 35 0.000006
44 36 0.000006
44 37 0.000006
44 38 0.000005
44 39 0.000005
44 40 0.000005
44 41 0.000005
44 42 0.000004
44 43 0.000004
44 44 0.000004
44 45 0.000004
44 46 0.000003
44 47 0.000003
44 48 0.000003
44 49 0.000003
44 50 0.000002
44 51 0.000002
44 52 0.000002
44 53 0.000002
44 54 0.000002
44 55 0.000001
44 56 0.000001
44 57 0.000001
44 58 0.000001
44 59 0.000001
44 60 0.000001
44 61 -0.000000
44 62 -0.000006
44 63 0.000000
45 0 0.000000
45 1 -23318.819922
45 2 5428.853748
45 3 2122.490632
45 4 -327.721029
45 5 -185.011440
45 6 16.987929
45 7 15.557890
45 8 -0.587319
45 9 -1.266925
45 10 -0.015505
45 11 0.100074
45 12 0.006167
45 13 -0.007646
45 14 -0.000852
45 15 0.000581
45 16 0.000110
45 17 -0.000027
45 18 0.000003
45 19 0.000015
45 20 0.000013
45 21 0.000011
45 22 0.000011
45 23 0.000011
45 24 0.000010
45 25 0.000010
45 26 0.000009
45 27 0.000009
45 28 0.000009
45 29 0.000008
45 30 0.000008
45 31 0.000008
45 32 0.000007
45 33 0.000007
45 34 0.000007
45 35 0.000006
45 36 0.000006
45 37 0.000006
45 38 0.000005
45 39 0.000005
45 40 0.000005
45 41 0.000005
45 42 0.000004
45 43 0.000004
45 44 0.000004
45 45 0.000004
45 46 0.000003
45 47 0.000003
45 48 0.000003
45 49 0.000003
45 50 0.000002
45 51 0.000002
45 52 0.000002
45 53 0.000002
45 54 0.000002
45 55 0.000001
45 56 0.000001
45 57 0.000001
45 58 0.000001
45 59 0.000001
45 60 0.000001
45 61 -0.000000
45 62 -0.000005
45 63 0.000000
46 0 0.000000
46 1 -23318.821497
46 2 5428.854403
46 3 2122.490692
46 4 -327.721047
46 5 -185.011442
46 6 16.987930
46 7 15.557890
46 8 -0.587319
46 9 -1.266925
46 10 -0.015505
46 11 0.100074
46 12 0.006167
46 13 -0.007646
46 14 -0.000852
46 15 0.000581
46 16 0.000110
46 17 -0.000027
46 18 0.000003
46 19 0.000015
46 20 0.000013
46 21 0.000011
46 22 0.000011
46 23 0.000010
46 24 0.000010
46 25 0.000010
46 26 0.000009
46 27 0.000009
46 28 0.000009
46 29 0.000008
46 30 0.000008
46 31 0.000007
46 32 0.000007
46 33 0.000007
46 34 0.000006
46 35 0.000006
46 36 0.000006
46 37 0.000006
46 38 0.000005
46 39 0.000005
46 40 0.000005
46 41 0.000004
46 42 0.000004
46 43 0.000004
46 44 0.000004
46 45 0.000003
46 46 0.000003
46 47 0.000003
46 48 0.000003
46 49 0.000003
46 50 0.000002
46 51 0.000002
46 52 0.000002
46 53 0.000002
46 54 0.000002
46 55 0.000001
46 56 0.000001
46 57 0.000001
46 58 0.000001
46 59 0.000001
46 60 0.000001
46 61 -0.000000
46 62 -0.000004
46 63 0.000000
47 0 0.000000
47 1 -23318.823201
47 2 5428.855109
47 3 2122.490757
47 4 -327.721067
47 5 -185.011444
47 6 16.987930
47 7 15.557891
47 8 -0.587318
47 9 -1.266925
47 10 -0.015505
47 11 0.100074
47 12 0.006167
47 13 -0.007646
47 14 -0.000852
47 15 0.000581
47 16 0.000110
47 17 -0.000027
47 18 0.000003
47 19 0.000015
47 20 0.000013
47 21 0.000011
47 22 0.000011
47 23 0.000010
47 24 0.000010
47 25 0.000010
47 26 0.000009
47 27 0.000009
47 28 0.000008
47 29 0.000008
47 30 0.000008
47 31 0.000007
47 32 0.000007
47 33 0.000007
47 34 0.000006
47 35 0.000006
47 36 0.000006
47 37 0.000005
47 38 0.000005
47 39 0.000005
47 40 0.000005
47 41 0.000004
47 42 0.000004
47 43 0.000004
47 44 0.000004
47 45 0.000003
47 46 0.000003
47 47 0.000003
47 48 0.000003
47 49 0.000002
47 50 0.000002
47 51 0.000002
47 52 0.000002
47 53 0.000002
47 54 0.000001
47 55 0.000001
47 56 0.000001
47 57 0.000001
47 58 0.000001
47 59 0.000001
47 60 0.000001
47 61 0.000000
47 62 -0.000003
47 63 0.000000
48 0 0.000000
48 1 -23318.825035
48 2 5428.855867
48 3 2122.490828
48 4 -327.721088
48 5 -185.011446
48 6 16.987931
48 7 15.557891
48 8 -0.587318
48 9 -1.266925
48 10 -0.015505
48 11 0.100074
48 12 0.006167
48 13 -0.007645
48 14 -0.000852
48 15 0.000581
48 16 0.000110
48 17 -0.000027
48 18 0.000003
48 19 0.000015
48 20 0.000013
48 21 0.000011
48 22 0.000011
48 23 0.000010
48 24 0.000010
48 25 0.000010
48 26 0.000009
48 27 0.000009
48 28 0.000008
48 29 0.000008
48 30 0.000008
48 31 0.000007
48 32 0.000007
48 33 0.000007
48 34 0.000006
48 35 0.000006
48 36 0.000006
48 37 0.000005
48 38 0.000005
48 39 0.000005
48 40 0.000004
48 41 0.000004
48 42 0.000004
48 43 0.000004
48 44 0.000003
48 45 0.000003
48 46 0.000003
48 47 0.000003
48 48 0.000003
48 49 0.000002
48 50 0.000002
48 51 0.000002
48 52 0.000002
48 53 0.000002
48 54 0.000001
48 55 0.000001
48 56 0.000001
48 57 0.000001
48 58 0.000001
48 59 0.000001
48 60 0.000001
48 61 0.000000
48 62 -0.000002
48 63 0.000000
49 0 0.000000
49 1 -23318.827002
49 2 5428.856677
49 3 2122.490905
49 4 -327.721111
49 5 -185.011448
49 6 16.987932
49 7 15.557891
49 8 -0.587318
49 9 -1.266925
49 10 -0.015504
49 11 0.100074
49 12 0.006167
49 13 -0.007645
49 14 -0.000852
49 15 0.000581
49 16 0.000110
49 17 -0.000027
49 18 0.000003
49 19 0.000015
49 20 0.000013
49 21 0.000011
49 22 0.000011
49 23 0.000010
49 24 0.000010
49 25 0.000009
49 26 0.000009
49 27 0.000009
49 28 0.000008
49 29 0.000008
49 30 0.000007
49 31 0.000007
49 32 0.000007
49 33 0.000006
49 34 0.000006
49 35 0.000006
49 36 0.000005
49 37 0.000005
49 38 0.000005
49 39 0.000005
49 40 0.000004
49 41 0.000004
49 42 0.000004
49 43 0.000004
49 44 0.000003
49 45 0.000003
49 46 0.000003
49 47 0.000003
49 48 0.000002
49 49 0.000002
49 50 0.000002
49 51 0.000002
49 52 0.000002
49 53 0.000001
49 54 0.000001
49 55 0.000001
49 56 0.000001
49 57 0.000001
49 58 0.000001
49 59 0.000001
49 60 0.000000
49 61 0.000000
49 62 -0.000001
49 63 0.000000
50 0 0.000000
50 1 -23318.829106
50 2 5428.857540
50 3 2122.490989
50 4 -327.721136
50 5 -185.011450
50 6 16.987933
50 7 15.557892
50 8 -0.587318
50 9 -1.266924
50 10 -0.015504
50 11 0.100075
50 12 0.006168
50 13 -0.007645
50 14 -0.000852
50 15 0.000581
50 16 0.000110
50 17 -0.000027
50 18 0.000003
50 19 0.000015
50 20 0.000013
50 21 0.000011
50 22 0.000011
50 23 0.000010
50 24 0.000010
50 25 0.000009
50 26 0.000009
50 27 0.000009
50 28 0.000008
50 29 0.000008
50 30 0.000007
50 31 0.000007
50 32 0.000007
50 33 0.000006
50 34 0.000006
50 35 0.000006
50 36 0.000005
50 37 0.000005
50 38 0.000005
50 39 0.000004
50 40 0.000004
50 41 0.000004
50 42 0.000004
50 43 0.000003
50 44 0.000003
50 45 0.000003
50 46 0.000003
50 47 0.000002
50 48 0.000002
50 49 0.000002
50 50 0.000002
50 51 0.000002
50 52 0.000002
50 53 0.000001
50 54 0.000001
50 55 0.000001
50 56 0.000001
50 57 0.000001
50 58 0.000001
50 59 0.000001
50 60 0.000000
50 61 0.000000
50 62 0.000000
50 63 0.000000
51 0 0.000000
51 1 -23318.831348
51 2 5428.858456
51 3 2122.491079
51 4 -327.721163
51 5 -185.011453
51 6 16.987934
51 7 15.557892
51 8 -0.587317
51 9 -1.266924
51 10 -0.015504
51 11 0.100075
51 12 0.006168
51 13 -0.007645
51 14 -0.000851
51 15 0.000581
51 16 0.000110
51 17 -0.000027
51 18 0.000003
51 19 0.000015
51 20 0.000013
51 21 0.000011
51 22 0.000011
51 23 0.000010
51 24 0.000010
51 25 0.000009
51 26 0.000009
51 27 0.000008
51 28 0.000008
51 29 0.000008
51 30 0.000007
51 31 0.000007
51 32 0.000007
51 33 0.000006
51 34 0.000006
51 35 0.000005
51 36 0.000005
51 37 0.000005
51 38 0.000005
51 39 0.000004
51 40 0.000004
51 41 0.000004
51 42 0.000003
51 43 0.000003
51 44 0.000003
51 45 0.000003
51 46 0.000003
51 47 0.000002
51 48 0.000002
51 49 0.000002
51 50 0.000002
51 51 0.000002
51 52 0.000001
51 53 0.000001
51 54 0.000001
51 55 0.000001
51 56 0.000001
51 57 0.000001
51 58 0.000001
51 59 0.000000
51 60 0.000000
51 61 0.000000
51 62 0.000001
51 63 0.000000
52 0 0.000000
52 1 -23318.833733
52 2 5428.859427
52 3 2122.491177
52 4 -327.721192
52 5 -185.011456
52 6 16.987935
52 7 15.557892
52 8 -0.587317
52 9 -1.266924
52 10 -0.015504
52 11 0.100075
52 12 0.006168
52 13 -0.007645
52 14 -0.000851
52 15 0.000581
52 16 0.000110
52 17 -0.000027
52 18 0.000003
52 19 0.000015
52 20 0.000013
52 21 0.000011
52 22 0.000011
52 23 0.000010
52 24 0.000010
52 25 0.000009
52 26 0.000009
52 27 0.000008
52 28 0.000008
52 29 0.000008
52 30 0.000007
52 31 0.000007
52 32 0.000006
52 33 0.000006
52 34 0.000006
52 35 0.000005
52 36 0.000005
52 37 0.000005
52 38 0.000004
52 39 0.000004
52 40 0.000004
52 41 0.000004
52 42 0.000003
52 43 0.000003
52 44 0.000003
52 45 0.000003
52 46 0.000002
52 47 0.000002
52 48 0.000002
52 49 0.000002
52 50 0.000002
52 51 0.000001
52 52 0.000001
52 53 0.000001
52 54 0.000001
52 55 0.000001
52 56 0.000001
52 57 0.000001
52 58 0.000001
52 59 0.000000
52 60 0.000000
52 61 0.000000
52 62 0.000003
52 63 0.000000
53 0 0.000000
53 1 -23318.836265
53 2 5428.860453
53 3 2122.491283
53 4 -327.721223
53 5 -185.011460
53 6 16.987936
53 7 15.557893
53 8 -0.587317
53 9 -1.266924
53 10 -0.015503
53 11 0.100075
53 12 0.006168
53 13 -0.007645
53 14 -0.000851
53 15 0.000581
53 16 0.000111
53 17 -0.000027
53 18 0.000003
53 19 0.000015
53 20 0.000013
53 21 0.000011
53 22 0.000011
53 23 0.000010
53 24 0.000010
53 25 0.000009
53 26 0.000009
53 27 0.000008
53 28 0.000008
53 29 0.000007
53 30 0.000007
53 31 0.000007
53 32 0.000006
53 33 0.000006
53 34 0.000006
53 35 0.000005
53 36 0.000005
53 37 0.000005
53 38 0.000004
53 39 0.000004
53 40 0.000004
53 41 0.000003
53 42 0.000003
53 43 0.000003
53 44 0.000003
53 45 0.000002
53 46 0.000002
53 47 0.000002
53 48 0.000002
53 49 0.000002
53 50 0.000002
53 51 0.000001
53 52 0.000001
53 53 0.000001
53 54 0.000001
53 55 0.000001
53 56 0.000001
53 57 0.000001
53 58 0.000000
53 59 0.000000
53 60 0.000000
53 61 0.000000
53 62 0.000004
53 63 0.000000
54 0 0.000000
54 1 -23318.838946
54 2 5428.861536
54 3 2122.491396
54 4 -327.721256
54 5 -185.011464
54 6 16.987937
54 7 15.557894
54 8 -0.587316
54 9 -1.266923
54 10 -0.015503
54 11 0.100076
54 12 0.006168
54 13 -0.007644
54 14 -0.000851
54 15 0.000582
54 16 0.000111
54 17 -0.000027
54 18 0.000003
54 19 0.000015
54 20 0.000013
54 21 0.000011
54 22 0.000011
54 23 0.000010
54 24 0.000010
54 25 0.000009
54 26 0.000009
54 27 0.000008
54 28 0.000008
54 29 0.000007
54 30 0.000007
54 31 0.000007
54 32 0.000006
54 33 0.000006
54 34 0.000005
54 35 0.000005
54 36 0.000005
54 37 0.000004
54 38 0.000004
54 39 0.000004
54 40 0.000003
54 41 0.000003
54 42 0.000003
54 43 0.000003
54 44 0.000002
54 45 0.000002
54 46 0.000002
54 47 0.000002
54 48 0.000002
54 49 0.000002
54 50 0.000001
54 51 0.000001
54 52 0.000001
54 53 0.000001
54 54 0.000001
54 55 0.000001
54 56 0.000001
54 57 0.000001
54 58 0.000000
54 59 0.000000
54 60 -0.000000
54 61 0.000001
54 62 0.000005
54 63 0.000000
55 0 0.000000
55 1 -23318.841780
55 2 5428.862675
55 3 2122.491517
55 4 -327.721291
55 5 -185.011468
55 6 16.987939
55 7 15.557894
55 8 -0.587316
55 9 -1.266923
55 10 -0.015503
55 11 0.100076
55 12 0.006169
55 13 -0.007644
55 14 -0.000851
55 15 0.000582
55 16 0.000111
55 17 -0.000027
55 18 0.000003
55 19 0.000015
55 20 0.000013
55 21 0.000011
55 22 0.000011
55 23 0.000010
55 24 0.000010
55 25 0.000009
55 26 0.000009
55 27 0.000008
55 28 0.000008
55 29 0.000007
55 30 0.000007
55 31 0.000006
55 32 0.000006
55 33 0.000006
55 34 0.000005
55 35 0.000005
55 36 0.000005
55 37 0.000004
55 38 0.000004
55 39 0.000004
55 40 0.000003
55 41 0.000003
55 42 0.000003
55 43 0.000002
55 44 0.000002
55 45 0.000002
55 46 0.000002
55 47 0.000002
55 48 0.000001
55 49 0.000001
55 50 0.000001
55 51 0.000001
55 52 0.000001
55 53 0.000001
55 54 0.000001
55 55 0.000001
55 56 0.000001
55 57 0.000000
55 58 0.000000
55 59 0.000000
55 60 -0.000000
55 61 0.000001
55 62 0.000007
55 63 0.000000
56 0 0.000000
56 1 -23318.844771
56 2 5428.863872
56 3 2122.491647
56 4 -327.721329
56 5 -185.011472
56 6 16.987940
56 7 15.557895
56 8 -0.587315
56 9 -1.266922
56 10 -0.015502
56 11 0.100076
56 12 0.006169
56 13 -0.007644
56 14 -0.000850
56 15 0.000582
56 16 0.000111
56 17 -0.000026
56 18 0.000004
56 19 0.000016
56 20 0.000013
56 21 0.000012
56 22 0.000011
56 23 0.000011
56 24 0.000010
56 25 0.000009
56 26 0.000009
56 27 0.000008
56 28 0.000008
56 29 0.000007
56 30 0.000007
56 31 0.000006
56 32 0.000006
56 33 0.000006
56 34 0.000005
56 35 0.000005
56 36 0.000004
56 37 0.000004
56 38 0.000004
56 39 0.000003
56 40 0.000003
56 41 0.000003
56 42 0.000003
56 43 0.000002
56 44 0.000002
56 45 0.000002
56 46 0.000002
56 47 0.000002
56 48 0.000001
56 49 0.000001
56 50 0.000001
56 51 0.000001
56 52 0.000001
56 53 0.000001
56 54 0.000001
56 55 0.000001
56 56 0.000000
56 57 0.000000
56 58 0.000000
56 59 0.000000
56 60 -0.000000
56 61 0.000001
56 62 0.000008
56 63 0.000000
57 0 0.000000
57 1 -23318.847924
57 2 5428.865128
57 3 2122.491786
57 4 -327.721369
57 5 -185.011478
57 6 16.987942
57 7 15.557895
57 8 -0.587315
57 9 -1.266922
57 10 -0.015502
57 11 0.100076
57 12 0.006169
57 13 -0.007644
57 14 -0.000850
57 15 0.000582
57 16 0.000111
57 17 -0.000026
57 18 0.000004
57 19 0.000015
57 20 0.000013
57 21 0.000011
57 22 0.000011
57 23 0.000010
57 24 0.000010
57 25 0.000009
57 26 0.000009
57 27 0.000008
57 28 0.000008
57 29 0.000007
57 30 0.000007
57 31 0.000006
57 32 0.000006
57 33 0.000005
57 34 0.000005
57 35 0.000004
57 36 0.000004
57 37 0.000004
57 38 0.000003
57 39 0.000003
57 40 0.000003
57 41 0.000002
57 42 0.000002
57 43 0.000002
57 44 0.000002
57 45 0.000001
57 46 0.000001
57 47 0.000001
57 48 0.000001
57 49 0.000001
57 50 0.000001
57 51 0.000001
57 52 0.000000
57 53 0.000000
57 54 0.000000
57 55 0.000000
57 56 0.000000
57 57 0.000000
57 58 0.000000
57 59 0.000000
57 60 -0.000000
57 61 0.000001
57 62 0.000009
57 63 0.000000
58 0 0.000000
58 1 -23318.851245
58 2 5428.866442
58 3 2122.491933
58 4 -327.721414
58 5 -185.011485
58 6 16.987942
58 7 15.557894
58 8 -0.587317
58 9 -1.266924
58 10 -0.015504
58 11 0.100075
58 12 0.006168
58 13 -0.007645
58 14 -0.000852
58 15 0.000581
58 16 0.000110
58 17 -0.000028
58 18 0.000002
58 19 0.000014
58 20 0.000011
58 21 0.000010
58 22 0.000009
58 23 0.000009
58 24 0.000008
58 25 0.000007
58 26 0.000007
58 27 0.000006
58 28 0.000006
58 29 0.000005
58 30 0.000005
58 31 0.000004
58 32 0.000004
58 33 0.000004
58 34 0.000003
58 35 0.000003
58 36 0.000002
58 37 0.000002
58 38 0.000002
58 39 0.000001
58 40 0.000001
58 41 0.000001
58 42 0.000001
58 43 0.000001
58 44 0.000000
58 45 0.000000
58 46 0.000000
58 47 -0.000000
58 48 -0.000000
58 49 -0.000000
58 50 -0.000000
58 51 -0.000000
58 52 -0.000000
58 53 -0.000000
58 54 -0.000000
58 55 -0.000000
58 56 -0.000000
58 57 -0.000000
58 58 -0.000000
58 59 -0.000000
58 60 -0.000001
58 61 0.000001
58 62 0.000011
58 63 0.000000
59 0 0.000000
59 1 -23318.854720
59 2 5428.867824
59 3 2122.492096
59 4 -327.721454
59 5 -185.011486
59 6 16.987949
59 7 15.557900
59 8 -0.587311
59 9 -1.266918
59 10 -0.015498
59 11 0.100081
59 12 0.006173
59 13 -0.007640
59 14 -0.000846
59 15 0.000586
59 16 0.000115
59 17 -0.000023
59 18 0.000007
59 19 0.000019
59 20 0.000017
59 21 0.000015
59 22 0.000014
59 23 0.000014
59 24 0.000013
59 25 0.000012
59 26 0.000012
59 27 0.000011
59 28 0.000010
59 29 0.000010
59 30 0.000009
59 31 0.000009
59 32 0.000008
59 33 0.000007
59 34 0.000007
59 35 0.000006
59 36 0.000006
59 37 0.000005
59 38 0.000005
59 39 0.000005
59 40 0.000004
59 41 0.000004
59 42 0.000003
59 43 0.000003
59 44 0.000003
59 45 0.000003
59 46 0.000002
59 47 0.000002
59 48 0.000002
59 49 0.000002
59 50 0.000001
59 51 0.000001
59 52 0.000001
59 53 0.000001
59 54 0.000001
59 55 0.000001
59 56 0.000001
59 57 0.000000
59 58 0.000000
59 59 0.000000
59 60 -0.000000
59 61 0.000001
59 62 0.000012
59 63 0.000000
60 0 0.000000
60 1 -23318.858321
60 2 5428.869305
60 3 2122.492298
60 4 -327.721466
60 5 -185.011456
60 6 16.987987
60 7 15.557937
60 8 -0.587275
60 9 -1.266882
60 10 -0.015463
60 11 0.100115
60 12 0.006208
60 13 -0.007606
60 14 -0.000813
60 15 0.000619
60 16 0.000147
60 17 0.000009
60 18 0.000038
60 19 0.000049
60 20 0.000046
60 21 0.000044
60 22 0.000042
60 23 0.000041
60 24 0.000040
60 25 0.000038
60 26 0.000037
60 27 0.000035
60 28 0.000034
60 29 0.000033
60 30 0.000031
60 31 0.000030
60 32 0.000029
60 33 0.000027
60 34 0.000026
60 35 0.000025
60 36 0.000023
60 37 0.000022
60 38 0.000021
60 39 0.000020
60 40 0.000018
60 41 0.000017
60 42 0.000016
60 43 0.000015
60 44 0.000014
60 45 0.000013
60 46 0.000012
60 47 0.000011
60 48 0.000010
60 49 0.000009
60 50 0.000009
60 51 0.000008
60 52 0.000007
60 53 0.000006
60 54 0.000006
60 55 0.000005
60 56 0.000004
60 57 0.000004
60 58 0.000003
60 59 0.000002
60 60 0.000001
60 61 0.000002
60 62 0.000014
60 63 0.000000
61 0 0.000000
61 1 -23318.862350
61 2 5428.870747
61 3 2122.492432
61 4 -327.721581
61 5 -185.011527
61 6 16.987928
61 7 15.557877
61 8 -0.587335
61 9 -1.266942
61 10 -0.015522
61 11 0.100057
61 12 0.006150
61 13 -0.007663
61 14 -0.000869
61 15 0.000564
61 16 0.000093
61 17 -0.000044
61 18 -0.000014
61 19 -0.000002
61 20 -0.000004
61 21 -0.000006
61 22 -0.000006
61 23 -0.000006
61 24 -0.000006
61 25 -0.000007
61 26 -0.000007
61 27 -0.000007
61 28 -0.000007
61 29 -0.000008
61 30 -0.000008
61 31 -0.000008
61 32 -0.000008
61 33 -0.000008
61 34 -0.000008
61 35 -0.000008
61 36 -0.000008
61 37 -0.000008
61 38 -0.000008
61 39 -0.000008
61 40 -0.000008
61 41 -0.000008
61 42 -0.000008
61 43 -0.000007
61 44 -0.000007
61 45 -0.000007
61 46 -0.000007
61 47 -0.000006
61 48 -0.000006
61 49 -0.000006
61 50 -0.000005
61 51 -0.000005
61 52 -0.000005
61 53 -0.000004
61 54 -0.000004
61 55 -0.000003
61 56 -0.000003
61 57 -0.000003
61 58 -0.000002
61 59 -0.000002
61 60 -0.000002
61 61 0.000000
61 62 0.000015
61 63 0.000000
62 0 0.000000
62 1 -23318.868832
62 2 5428.871664
62 3 2122.492118
62 4 -327.722199
62 5 -185.012095
62 6 16.987383
62 7 15.557342
62 8 -0.587859
62 9 -1.267454
62 10 -0.016021
62 11 0.099571
62 12 0.005677
62 13 -0.008123
62 14 -0.001315
62 15 0.000131
62 16 -0.000325
62 17 -0.000449
62 18 -0.000404
62 19 -0.000378
62 20 -0.000366
62 21 -0.000353
62 22 -0.000340
62 23 -0.000326
62 24 -0.000312
62 25 -0.000299
62 26 -0.000286
62 27 -0.000273
62 28 -0.000260
62 29 -0.000248
62 30 -0.000236
62 31 -0.000224
62 32 -0.000213
62 33 -0.000201
62 34 -0.000190
62 35 -0.000180
62 36 -0.000170
62 37 -0.000160
62 38 -0.000150
62 39 -0.000141
62 40 -0.000132
62 41 -0.000124
62 42 -0.000115
62 43 -0.000108
62 44 -0.000100
62 45 -0.000093
62 46 -0.000086
62 47 -0.000079
62 48 -0.000073
62 49 -0.000067
62 50 -0.000061
62 51 -0.000055
62 52 -0.000050
62 53 -0.000044
62 54 -0.000039
62 55 -0.000034
62 56 -0.000030
62 57 -0.000025
62 58 -0.000020
62 59 -0.000016
62 60 -0.000012
62 61 -0.000006
62 62 0.000014
62 63 0.000000
63 0 0.000000
63 1 0.000000
63 2 0.000000
63 3 0.000000
63 4 0.000000
63 5 0.000000
63 6 0.000000
63 7 0.000000
63 8 0.000000
63 9 0.000000
63 10 0.000000
63 11 0.000000
63 12 0.000000
63 13 0.000000
63 14 0.000000
63 15 0.000000
63 16 0.000000
63 17 0.000000
63 18 0.000000
63 19 0.000000
63 20 0.000000
63 21 0.000000
63 22 0.000000
63 23 0.000000
63 24 0.000000
63 25 0.000000
63 26 0.000000
63 27 0.000000
63 28 0.000000
63 29 0.000000
63 30 0.000000
63 31 0.000000
63 32 0.000000
63 33 0.000000
63 34 0.000000
63 35 0.000000
63 36 0.000000
63 37 0.000000
63 38 0.000000
63 39 0.000000
63 40 0.000000
63 41 0.000000
63 42 0.000000
63 43 0.000000
63 44 0.000000
63 45 0.000000
63 46 0.000000
63 47 0.000000
63 48 0.000000
63 49 0.000000
63 50 0.000000
63 51 0.000000
63 52 0.000000
63 53 0.000000
63 54 0.000000
63 55 0.000000
63 56 0.000000
63 57 0.000000
63 58 0.000000
63 59 0.000000
63 60 0.000000
63 61 0.000000
63 62 0.000000
63 63 0.000000
