0 0 0.000000
0 1 6012.705765
0 2 3586.306918
0 3 3107.400652
0 4 3390.446951
0 5 3556.812582
0 6 3657.277006
0 7 3763.742956
0 8 3875.708482
0 9 3987.468314
0 10 4098.783628
0 11 4210.093487
0 12 4321.438189
0 13 4432.785023
0 14 4544.129211
0 15 4655.473107
0 16 4766.817205
0 17 4878.161345
0 18 4989.505481
0 19 5100.849625
0 20 5212.193782
0 21 5323.537952
0 22 5434.882133
0 23 5546.226327
0 24 5657.570533
0 25 5768.914750
0 26 5880.258980
0 27 5991.603221
0 28 6102.947472
0 29 6214.291734
0 30 6325.636006
0 31 6436.980288
0 32 6548.324578
0 33 6659.668877
0 34 6771.013184
0 35 6882.357499
0 36 6993.701821
0 37 7105.046149
0 38 7216.390484
0 39 7327.734825
0 40 7439.079171
0 41 7550.423523
0 42 7661.767879
0 43 7773.112239
0 44 7884.456604
0 45 7995.800973
0 46 8107.145345
0 47 8218.489720
0 48 8329.834099
0 49 8441.178480
0 50 8552.522864
0 51 8663.867250
0 52 8775.211638
0 53 8886.556028
0 54 8997.900420
0 55 9109.244813
0 56 9220.589208
0 57 9331.933604
0 58 9443.278001
0 59 9554.622398
0 60 9665.966796
0 61 9777.311194
0 62 9888.655593
0 63 10000.000000
1 0 0.000000
1 1 6012.705765
1 2 3586.306918
1 3 3107.400652
1 4 3390.446951
1 5 3556.812582
1 6 3657.277006
1 7 3763.742956
1 8 3875.708482
1 9 3987.468314
1 10 4098.783628
1 11 4210.093487
1 12 4321.438189
1 13 4432.785023
1 14 4544.129211
1 15 4655.473107
1 16 4766.817205
1 17 4878.161345
1 18 4989.505481
1 19 5100.849625
1 20 5212.193782
1 21 5323.537952
1 22 5434.882133
1 23 5546.226327
1 24 5657.570533
1 25 5768.914750
1 26 5880.258980
1 27 5991.603221
1 28 6102.947472
1 29 6214.291734
1 30 6325.636006
1 31 6436.980288
1 32 6548.324578
1 33 6659.668877
1 34 6771.013184
1 35 6882.357499
1 36 6993.701821
1 37 7105.046149
1 38 7216.390484
1 39 7327.734825
1 40 7439.079171
1 41 7550.423523
1 42 7661.767879
1 43 7773.112239
1 44 7884.456604
1 45 7995.800973
1 46 8107.145345
1 47 8218.489720
1 48 8329.834099
1 49 8441.178480
1 50 8552.522864
1 51 8663.867250
1 52 8775.211638
1 53 8886.556028
1 54 8997.900420
1 55 9109.244813
1 56 9220.589208
1 57 9331.933604
1 58 9443.278001
1 59 9554.622398
1 60 9665.966796
1 61 9777.311194
1 62 9888.655593
1 63 10000.000000
2 0 0.000000
2 1 6012.701629
2 2 3586.305851
2 3 3107.399858
2 4 3390.446086
2 5 3556.811752
2 6 3657.276227
2 7 3763.742226
2 8 3875.707800
2 9 3987.467680
2 10 4098.783042
2 11 4210.092948
2 12 4321.437695
2 13 4432.784572
2 14 4544.128801
2 15 4655.472735
2 16 4766.816870
2 17 4878.161044
2 18 4989.505211
2 19 5100.849384
2 20 5212.193567
2 21 5323.537760
2 22 5434.881963
2 23 5546.226176
2 24 5657.570399
2 25 5768.914632
2 26 5880.258876
2 27 5991.603128
2 28 6102.947391
2 29 6214.291662
2 30 6325.635943
2 31 6436.980231
2 32 6548.324528
2 33 6659.668833
2 34 6771.013145
2 35 6882.357464
2 36 6993.701789
2 37 7105.046121
2 38 7216.390459
2 39 7327.734802
2 40 7439.079151
2 41 7550.423504
2 42 7661.767862
2 43 7773.112224
2 44 7884.456591
2 45 7995.800960
2 46 8107.145334
2 47 8218.489710
2 48 8329.834090
2 49 8441.178472
2 50 8552.522857
2 51 8663.867243
2 52 8775.211632
2 53 8886.556023
2 54 8997.900416
2 55 9109.244810
2 56 9220.589205
2 57 9331.933601
2 58 9443.277998
2 59 9554.622396
2 60 9665.966795
2 61 9777.311194
2 62 9888.655593
2 63 10000.000000
3 0 0.000000
3 1 6012.697623
3 2 3586.304811
3 3 3107.399073
3 4 3390.445225
3 5 3556.810917
3 6 3657.275437
3 7 3763.741477
3 8 3875.707094
3 9 3987.467017
3 10 4098.782423
3 11 4210.092371
3 12 4321.437160
3 13 4432.784076
3 14 4544.128344
3 15 4655.472316
3 16 4766.816485
3 17 4878.160692
3 18 4989.504891
3 19 5100.849093
3 20 5212.193303
3 21 5323.537520
3 22 5434.881746
3 23 5546.225980
3 24 5657.570222
3 25 5768.914472
3 26 5880.258731
3 27 5991.602998
3 28 6102.947273
3 29 6214.291556
3 30 6325.635847
3 31 6436.980145
3 32 6548.324451
3 33 6659.668763
3 34 6771.013082
3 35 6882.357407
3 36 6993.701738
3 37 7105.046074
3 38 7216.390417
3 39 7327.734764
3 40 7439.079116
3 41 7550.423473
3 42 7661.767833
3 43 7773.112198
3 44 7884.456567
3 45 7995.800939
3 46 8107.145314
3 47 8218.489693
3 48 8329.834074
3 49 8441.178458
3 50 8552.522844
3 51 8663.867232
3 52 8775.211622
3 53 8886.556014
3 54 8997.900408
3 55 9109.244803
3 56 9220.589199
3 57 9331.933596
3 58 9443.277994
3 59 9554.622393
3 60 9665.966793
3 61 9777.311192
3 62 9888.655592
3 63 10000.000000
4 0 0.000000
4 1 6012.693966
4 2 3586.303923
4 3 3107.398399
4 4 3390.444474
4 5 3556.810187
4 6 3657.274739
4 7 3763.740812
4 8 3875.706462
4 9 3987.466419
4 10 4098.781860
4 11 4210.091842
4 12 4321.436665
4 13 4432.783615
4 14 4544.127915
4 15 4655.471917
4 16 4766.816116
4 17 4878.160351
4 18 4989.504576
4 19 5100.848803
4 20 5212.193036
4 21 5323.537275
4 22 5434.881521
4 23 5546.225774
4 24 5657.570033
4 25 5768.914300
4 26 5880.258573
4 27 5991.602854
4 28 6102.947141
4 29 6214.291436
4 30 6325.635737
4 31 6436.980045
4 32 6548.324359
4 33 6659.668679
4 34 6771.013005
4 35 6882.357336
4 36 6993.701673
4 37 7105.046016
4 38 7216.390363
4 39 7327.734715
4 40 7439.079071
4 41 7550.423432
4 42 7661.767796
4 43 7773.112164
4 44 7884.456536
4 45 7995.800911
4 46 8107.145289
4 47 8218.489669
4 48 8329.834053
4 49 8441.178438
4 50 8552.522826
4 51 8663.867216
4 52 8775.211608
4 53 8886.556002
4 54 8997.900397
4 55 9109.244793
4 56 9220.589191
4 57 9331.933589
4 58 9443.277989
4 59 9554.622389
4 60 9665.966789
4 61 9777.311190
4 62 9888.655592
4 63 10000.000000
5 0 0.000000
5 1 6012.690494
5 2 3586.303099
5 3 3107.397768
5 4 3390.443762
5 5 3556.809490
5 6 3657.274070
5 7 3763.740169
5 8 3875.705847
5 9 3987.465834
5 10 4098.781304
5 11 4210.091317
5 12 4321.436169
5 13 4432.783149
5 14 4544.127478
5 15 4655.471509
5 16 4766.815735
5 17 4878.159996
5 18 4989.504246
5 19 5100.848497
5 20 5212.192752
5 21 5323.537013
5 22 5434.881278
5 23 5546.225549
5 24 5657.569826
5 25 5768.914109
5 26 5880.258397
5 27 5991.602692
5 28 6102.946992
5 29 6214.291298
5 30 6325.635610
5 31 6436.979928
5 32 6548.324252
5 33 6659.668580
5 34 6771.012914
5 35 6882.357253
5 36 6993.701597
5 37 7105.045946
5 38 7216.390299
5 39 7327.734656
5 40 7439.079017
5 41 7550.423382
5 42 7661.767750
5 43 7773.112122
5 44 7884.456498
5 45 7995.800876
5 46 8107.145257
5 47 8218.489640
5 48 8329.834026
5 49 8441.178414
5 50 8552.522805
5 51 8663.867197
5 52 8775.211591
5 53 8886.555986
5 54 8997.900383
5 55 9109.244781
5 56 9220.589181
5 57 9331.933581
5 58 9443.277982
5 59 9554.622383
5 60 9665.966785
5 61 9777.311187
5 62 9888.655590
5 63 10000.000000
6 0 0.000000
6 1 6012.687175
6 2 3586.302320
6 3 3107.397167
6 4 3390.443077
6 5 3556.808815
6 6 3657.273418
6 7 3763.739538
6 8 3875.705240
6 9 3987.465252
6 10 4098.780748
6 11 4210.090788
6 12 4321.435668
6 13 4432.782675
6 14 4544.127031
6 15 4655.471088
6 16 4766.815340
6 17 4878.159625
6 18 4989.503899
6 19 5100.848173
6 20 5212.192450
6 21 5323.536731
6 22 5434.881016
6 23 5546.225306
6 24 5657.569600
6 25 5768.913899
6 26 5880.258203
6 27 5991.602512
6 28 6102.946826
6 29 6214.291144
6 30 6325.635468
6 31 6436.979797
6 32 6548.324130
6 33 6659.668468
6 34 6771.012811
6 35 6882.357158
6 36 6993.701509
6 37 7105.045865
6 38 7216.390224
6 39 7327.734587
6 40 7439.078954
6 41 7550.423324
6 42 7661.767697
6 43 7773.112074
6 44 7884.456453
6 45 7995.800835
6 46 8107.145219
6 47 8218.489606
6 48 8329.833995
6 49 8441.178386
6 50 8552.522779
6 51 8663.867174
6 52 8775.211570
6 53 8886.555968
6 54 8997.900367
6 55 9109.244767
6 56 9220.589168
6 57 9331.933571
6 58 9443.277973
6 59 9554.622377
6 60 9665.966781
6 61 9777.311184
6 62 9888.655589
6 63 10000.000000
7 0 0.000000
7 1 6012.684001
7 2 3586.301585
7 3 3107.396594
7 4 3390.442418
7 5 3556.808164
7 6 3657.272784
7 7 3763.738922
7 8 3875.704644
7 9 3987.464678
7 10 4098.780197
7 11 4210.090261
7 12 4321.435166
7 13 4432.782198
7 14 4544.126578
7 15 4655.470660
7 16 4766.814936
7 17 4878.159245
7 18 4989.503542
7 19 5100.847837
7 20 5212.192135
7 21 5323.536437
7 22 5434.880741
7 23 5546.225049
7 24 5657.569361
7 25 5768.913676
7 26 5880.257995
7 27 5991.602319
7 28 6102.946646
7 29 6214.290978
7 30 6325.635314
7 31 6436.979653
7 32 6548.323997
7 33 6659.668345
7 34 6771.012697
7 35 6882.357053
7 36 6993.701412
7 37 7105.045775
7 38 7216.390141
7 39 7327.734510
7 40 7439.078883
7 41 7550.423259
7 42 7661.767637
7 43 7773.112018
7 44 7884.456402
7 45 7995.800788
7 46 8107.145177
7 47 8218.489567
7 48 8329.833960
7 49 8441.178354
7 50 8552.522750
7 51 8663.867148
7 52 8775.211547
7 53 8886.555947
7 54 8997.900349
7 55 9109.244751
7 56 9220.589155
7 57 9331.933559
7 58 9443.277964
7 59 9554.622369
7 60 9665.966775
7 61 9777.311181
7 62 9888.655588
7 63 10000.000000
8 0 0.000000
8 1 6012.680959
8 2 3586.300890
8 3 3107.396049
8 4 3390.441785
8 5 3556.807535
8 6 3657.272169
8 7 3763.738322
8 8 3875.704061
8 9 3987.464114
8 10 4098.779654
8 11 4210.089740
8 12 4321.434667
8 13 4432.781721
8 14 4544.126125
8 15 4655.470229
8 16 4766.814528
8 17 4878.158859
8 18 4989.503177
8 19 5100.847494
8 20 5212.191812
8 21 5323.536133
8 22 5434.880456
8 23 5546.224782
8 24 5657.569111
8 25 5768.913442
8 26 5880.257777
8 27 5991.602115
8 28 6102.946456
8 29 6214.290801
8 30 6325.635149
8 31 6436.979500
8 32 6548.323855
8 33 6659.668213
8 34 6771.012574
8 35 6882.356939
8 36 6993.701306
8 37 7105.045677
8 38 7216.390051
8 39 7327.734427
8 40 7439.078806
8 41 7550.423187
8 42 7661.767571
8 43 7773.111958
8 44 7884.456346
8 45 7995.800737
8 46 8107.145130
8 47 8218.489524
8 48 8329.833921
8 49 8441.178319
8 50 8552.522718
8 51 8663.867119
8 52 8775.211521
8 53 8886.555924
8 54 8997.900328
8 55 9109.244733
8 56 9220.589139
8 57 9331.933546
8 58 9443.277953
8 59 9554.622361
8 60 9665.966769
8 61 9777.311177
8 62 9888.655586
8 63 10000.000000
9 0 0.000000
9 1 6012.678041
9 2 3586.300228
9 3 3107.395527
9 4 3390.441174
9 5 3556.806926
9 6 3657.271573
9 7 3763.737737
9 8 3875.703490
9 9 3987.463561
9 10 4098.779119
9 11 4210.089224
9 12 4321.434172
9 13 4432.781248
9 14 4544.125673
9 15 4655.469799
9 16 4766.814118
9 17 4878.158471
9 18 4989.502810
9 19 5100.847146
9 20 5212.191484
9 21 5323.535824
9 22 5434.880165
9 23 5546.224509
9 24 5657.568854
9 25 5768.913201
9 26 5880.257551
9 27 5991.601904
9 28 6102.946259
9 29 6214.290616
9 30 6325.634977
9 31 6436.979340
9 32 6548.323705
9 33 6659.668074
9 34 6771.012445
9 35 6882.356818
9 36 6993.701194
9 37 7105.045573
9 38 7216.389954
9 39 7327.734337
9 40 7439.078723
9 41 7550.423111
9 42 7661.767501
9 43 7773.111893
9 44 7884.456286
9 45 7995.800682
9 46 8107.145079
9 47 8218.489478
9 48 8329.833878
9 49 8441.178280
9 50 8552.522683
9 51 8663.867087
9 52 8775.211492
9 53 8886.555899
9 54 8997.900306
9 55 9109.244714
9 56 9220.589122
9 57 9331.933532
9 58 9443.277942
9 59 9554.622352
9 60 9665.966762
9 61 9777.311173
9 62 9888.655584
9 63 10000.000000
10 0 0.000000
10 1 6012.675237
10 2 3586.299596
10 3 3107.395028
10 4 3390.440585
10 5 3556.806337
10 6 3657.270994
10 7 3763.737167
10 8 3875.702934
10 9 3987.463019
10 10 4098.778595
10 11 4210.088718
10 12 4321.433684
10 13 4432.780779
10 14 4544.125224
10 15 4655.469370
10 16 4766.813710
10 17 4878.158082
10 18 4989.502441
10 19 5100.846796
10 20 5212.191153
10 21 5323.535511
10 22 5434.879870
10 23 5546.224231
10 24 5657.568592
10 25 5768.912955
10 26 5880.257320
10 27 5991.601687
10 28 6102.946056
10 29 6214.290426
10 30 6325.634799
10 31 6436.979173
10 32 6548.323550
10 33 6659.667929
10 34 6771.012310
10 35 6882.356692
10 36 6993.701077
10 37 7105.045464
10 38 7216.389853
10 39 7327.734244
10 40 7439.078636
10 41 7550.423030
10 42 7661.767426
10 43 7773.111824
10 44 7884.456223
10 45 7995.800623
10 46 8107.145025
10 47 8218.489429
10 48 8329.833833
10 49 8441.178239
10 50 8552.522646
10 51 8663.867053
10 52 8775.211462
10 53 8886.555872
10 54 8997.900282
10 55 9109.244693
10 56 9220.589105
10 57 9331.933517
10 58 9443.277929
10 59 9554.622342
10 60 9665.966755
10 61 9777.311168
10 62 9888.655582
10 63 10000.000000
11 0 0.000000
11 1 6012.672542
11 2 3586.298990
11 3 3107.394548
11 4 3390.440015
11 5 3556.805767
11 6 3657.270432
11 7 3763.736614
11 8 3875.702392
11 9 3987.462491
11 10 4098.778081
11 11 4210.088221
11 12 4321.433205
11 13 4432.780318
11 14 4544.124782
11 15 4655.468947
11 16 4766.813305
11 17 4878.157697
11 18 4989.502074
11 19 5100.846448
11 20 5212.190822
11 21 5323.535198
11 22 5434.879574
11 23 5546.223951
11 24 5657.568328
11 25 5768.912707
11 26 5880.257086
11 27 5991.601467
11 28 6102.945849
11 29 6214.290232
11 30 6325.634617
11 31 6436.979003
11 32 6548.323391
11 33 6659.667780
11 34 6771.012170
11 35 6882.356563
11 36 6993.700956
11 37 7105.045351
11 38 7216.389748
11 39 7327.734146
11 40 7439.078545
11 41 7550.422946
11 42 7661.767348
11 43 7773.111752
11 44 7884.456156
11 45 7995.800562
11 46 8107.144969
11 47 8218.489377
11 48 8329.833786
11 49 8441.178196
11 50 8552.522606
11 51 8663.867018
11 52 8775.211430
11 53 8886.555843
11 54 8997.900257
11 55 9109.244671
11 56 9220.589086
11 57 9331.933501
11 58 9443.277916
11 59 9554.622332
11 60 9665.966748
11 61 9777.311164
11 62 9888.655580
11 63 10000.000000
12 0 0.000000
12 1 6012.669952
12 2 3586.298408
12 3 3107.394087
12 4 3390.439465
12 5 3556.805216
12 6 3657.269888
12 7 3763.736077
12 8 3875.701865
12 9 3987.461976
12 10 4098.777581
12 11 4210.087736
12 12 4321.432736
12 13 4432.779866
12 14 4544.124347
12 15 4655.468530
12 16 4766.812907
12 17 4878.157316
12 18 4989.501710
12 19 5100.846102
12 20 5212.190494
12 21 5323.534886
12 22 5434.879279
12 23 5546.223671
12 24 5657.568064
12 25 5768.912457
12 26 5880.256851
12 27 5991.601245
12 28 6102.945640
12 29 6214.290036
12 30 6325.634433
12 31 6436.978830
12 32 6548.323229
12 33 6659.667628
12 34 6771.012029
12 35 6882.356430
12 36 6993.700833
12 37 7105.045236
12 38 7216.389640
12 39 7327.734046
12 40 7439.078452
12 41 7550.422860
12 42 7661.767268
12 43 7773.111678
12 44 7884.456088
12 45 7995.800499
12 46 8107.144911
12 47 8218.489323
12 48 8329.833737
12 49 8441.178151
12 50 8552.522566
12 51 8663.866981
12 52 8775.211397
12 53 8886.555814
12 54 8997.900231
12 55 9109.244648
12 56 9220.589066
12 57 9331.933484
12 58 9443.277902
12 59 9554.622321
12 60 9665.966740
12 61 9777.311159
12 62 9888.655578
12 63 10000.000000
13 0 0.000000
13 1 6012.667465
13 2 3586.297847
13 3 3107.393643
13 4 3390.438933
13 5 3556.804683
13 6 3657.269362
13 7 3763.735557
13 8 3875.701354
13 9 3987.461477
13 10 4098.777094
13 11 4210.087263
13 12 4321.432279
13 13 4432.779425
13 14 4544.123923
13 15 4655.468122
13 16 4766.812516
13 17 4878.156942
13 18 4989.501353
13 19 5100.845761
13 20 5212.190170
13 21 5323.534578
13 22 5434.878986
13 23 5546.223394
13 24 5657.567801
13 25 5768.912209
13 26 5880.256617
13 27 5991.601024
13 28 6102.945432
13 29 6214.289840
13 30 6325.634248
13 31 6436.978657
13 32 6548.323066
13 33 6659.667476
13 34 6771.011886
13 35 6882.356296
13 36 6993.700707
13 37 7105.045119
13 38 7216.389531
13 39 7327.733944
13 40 7439.078358
13 41 7550.422772
13 42 7661.767186
13 43 7773.111602
13 44 7884.456018
13 45 7995.800434
13 46 8107.144851
13 47 8218.489269
13 48 8329.833687
13 49 8441.178105
13 50 8552.522524
13 51 8663.866943
13 52 8775.211363
13 53 8886.555783
13 54 8997.900204
13 55 9109.244625
13 56 9220.589046
13 57 9331.933467
13 58 9443.277888
13 59 9554.622310
13 60 9665.966732
13 61 9777.311154
13 62 9888.655576
13 63 10000.000000
14 0 0.000000
14 1 6012.665078
14 2 3586.297306
14 3 3107.393216
14 4 3390.438419
14 5 3556.804168
14 6 3657.268853
14 7 3763.735054
14 8 3875.700860
14 9 3987.460993
14 10 4098.776623
14 11 4210.086805
14 12 4321.431835
14 13 4432.778996
14 14 4544.123509
14 15 4655.467725
14 16 4766.812134
14 17 4878.156576
14 18 4989.501004
14 19 5100.845428
14 20 5212.189852
14 21 5323.534275
14 22 5434.878698
14 23 5546.223121
14 24 5657.567542
14 25 5768.911964
14 26 5880.256385
14 27 5991.600805
14 28 6102.945225
14 29 6214.289645
14 30 6325.634065
14 31 6436.978484
14 32 6548.322904
14 33 6659.667323
14 34 6771.011743
14 35 6882.356162
14 36 6993.700582
14 37 7105.045002
14 38 7216.389422
14 39 7327.733842
14 40 7439.078262
14 41 7550.422683
14 42 7661.767104
14 43 7773.111525
14 44 7884.455947
14 45 7995.800369
14 46 8107.144791
14 47 8218.489213
14 48 8329.833636
14 49 8441.178058
14 50 8552.522482
14 51 8663.866905
14 52 8775.211329
14 53 8886.555752
14 54 8997.900176
14 55 9109.244601
14 56 9220.589025
14 57 9331.933449
14 58 9443.277874
14 59 9554.622299
14 60 9665.966724
14 61 9777.311148
14 62 9888.655573
14 63 10000.000000
15 0 0.000000
15 1 6012.662791
15 2 3586.296784
15 3 3107.392805
15 4 3390.437924
15 5 3556.803671
15 6 3657.268363
15 7 3763.734569
15 8 3875.700383
15 9 3987.460527
15 10 4098.776168
15 11 4210.086363
15 12 4321.431406
15 13 4432.778582
15 14 4544.123109
15 15 4655.467339
15 16 4766.811764
15 17 4878.156221
15 18 4989.500664
15 19 5100.845103
15 20 5212.189541
15 21 5323.533980
15 22 5434.878417
15 23 5546.222853
15 24 5657.567289
15 25 5768.911723
15 26 5880.256157
15 27 5991.600589
15 28 6102.945021
15 29 6214.289453
15 30 6325.633883
15 31 6436.978313
15 32 6548.322743
15 33 6659.667172
15 34 6771.011601
15 35 6882.356029
15 36 6993.700457
15 37 7105.044885
15 38 7216.389312
15 39 7327.733740
15 40 7439.078167
15 41 7550.422594
15 42 7661.767022
15 43 7773.111449
15 44 7884.455876
15 45 7995.800303
15 46 8107.144730
15 47 8218.489157
15 48 8329.833584
15 49 8441.178012
15 50 8552.522439
15 51 8663.866866
15 52 8775.211294
15 53 8886.555721
15 54 8997.900149
15 55 9109.244576
15 56 9220.589004
15 57 9331.933432
15 58 9443.277860
15 59 9554.622287
15 60 9665.966715
15 61 9777.311143
15 62 9888.655571
15 63 10000.000000
16 0 0.000000
16 1 6012.660607
16 2 3586.296280
16 3 3107.392410
16 4 3390.437447
16 5 3556.803194
16 6 3657.267893
16 7 3763.734104
16 8 3875.699926
16 9 3987.460079
16 10 4098.775731
16 11 4210.085938
16 12 4321.430994
16 13 4432.778182
16 14 4544.122723
16 15 4655.466968
16 16 4766.811406
16 17 4878.155878
16 18 4989.500335
16 19 5100.844788
16 20 5212.189241
16 21 5323.533693
16 22 5434.878143
16 23 5546.222593
16 24 5657.567041
16 25 5768.911488
16 26 5880.255934
16 27 5991.600378
16 28 6102.944822
16 29 6214.289264
16 30 6325.633705
16 31 6436.978146
16 32 6548.322585
16 33 6659.667023
16 34 6771.011461
16 35 6882.355898
16 36 6993.700334
16 37 7105.044769
16 38 7216.389204
16 39 7327.733639
16 40 7439.078073
16 41 7550.422506
16 42 7661.766940
16 43 7773.111373
16 44 7884.455805
16 45 7995.800237
16 46 8107.144670
16 47 8218.489102
16 48 8329.833533
16 49 8441.177965
16 50 8552.522396
16 51 8663.866828
16 52 8775.211259
16 53 8886.555690
16 54 8997.900121
16 55 9109.244552
16 56 9220.588983
16 57 9331.933414
16 58 9443.277845
16 59 9554.622276
16 60 9665.966707
16 61 9777.311138
16 62 9888.655569
16 63 10000.000000
17 0 0.000000
17 1 6012.658525
17 2 3586.295794
17 3 3107.392031
17 4 3390.436990
17 5 3556.802736
17 6 3657.267442
17 7 3763.733658
17 8 3875.699488
17 9 3987.459650
17 10 4098.775312
17 11 4210.085530
17 12 4321.430598
17 13 4432.777799
17 14 4544.122353
17 15 4655.466611
17 16 4766.811063
17 17 4878.155548
17 18 4989.500018
17 19 5100.844484
17 20 5212.188950
17 21 5323.533416
17 22 5434.877879
17 23 5546.222341
17 24 5657.566802
17 25 5768.911261
17 26 5880.255718
17 27 5991.600174
17 28 6102.944628
17 29 6214.289081
17 30 6325.633532
17 31 6436.977982
17 32 6548.322431
17 33 6659.666878
17 34 6771.011324
17 35 6882.355769
17 36 6993.700213
17 37 7105.044656
17 38 7216.389098
17 39 7327.733540
17 40 7439.077980
17 41 7550.422420
17 42 7661.766859
17 43 7773.111298
17 44 7884.455736
17 45 7995.800173
17 46 8107.144610
17 47 8218.489047
17 48 8329.833483
17 49 8441.177919
17 50 8552.522354
17 51 8663.866789
17 52 8775.211224
17 53 8886.555659
17 54 8997.900094
17 55 9109.244528
17 56 9220.588963
17 57 9331.933397
17 58 9443.277831
17 59 9554.622265
17 60 9665.966699
17 61 9777.311132
17 62 9888.655566
17 63 10000.000000
18 0 0.000000
18 1 6012.656550
18 2 3586.295327
18 3 3107.391668
18 4 3390.436552
18 5 3556.802299
18 6 3657.267011
18 7 3763.733233
18 8 3875.699070
18 9 3987.459241
18 10 4098.774913
18 11 4210.085142
18 12 4321.430221
18 13 4432.777434
18 14 4544.122000
18 15 4655.466270
18 16 4766.810734
18 17 4878.155232
18 18 4989.499715
18 19 5100.844194
18 20 5212.188672
18 21 5323.533150
18 22 5434.877625
18 23 5546.222099
18 24 5657.566571
18 25 5768.911042
18 26 5880.255510
18 27 5991.599976
18 28 6102.944441
18 29 6214.288904
18 30 6325.633364
18 31 6436.977824
18 32 6548.322281
18 33 6659.666737
18 34 6771.011191
18 35 6882.355644
18 36 6993.700096
18 37 7105.044546
18 38 7216.388995
18 39 7327.733443
18 40 7439.077890
18 41 7550.422336
18 42 7661.766780
18 43 7773.111224
18 44 7884.455668
18 45 7995.800110
18 46 8107.144552
18 47 8218.488993
18 48 8329.833433
18 49 8441.177873
18 50 8552.522313
18 51 8663.866752
18 52 8775.211191
18 53 8886.555629
18 54 8997.900067
18 55 9109.244505
18 56 9220.588942
18 57 9331.933379
18 58 9443.277817
18 59 9554.622254
18 60 9665.966690
18 61 9777.311127
18 62 9888.655564
18 63 10000.000000
19 0 0.000000
19 1 6012.654683
19 2 3586.294879
19 3 3107.391322
19 4 3390.436135
19 5 3556.801883
19 6 3657.266603
19 7 3763.732830
19 8 3875.698674
19 9 3987.458854
19 10 4098.774535
19 11 4210.084774
19 12 4321.429863
19 13 4432.777087
19 14 4544.121665
19 15 4655.465946
19 16 4766.810422
19 17 4878.154932
19 18 4989.499427
19 19 5100.843917
19 20 5212.188408
19 21 5323.532896
19 22 5434.877383
19 23 5546.221868
19 24 5657.566351
19 25 5768.910832
19 26 5880.255311
19 27 5991.599787
19 28 6102.944262
19 29 6214.288734
19 30 6325.633204
19 31 6436.977672
19 32 6548.322137
19 33 6659.666601
19 34 6771.011064
19 35 6882.355524
19 36 6993.699983
19 37 7105.044440
19 38 7216.388895
19 39 7327.733350
19 40 7439.077802
19 41 7550.422254
19 42 7661.766704
19 43 7773.111153
19 44 7884.455602
19 45 7995.800049
19 46 8107.144495
19 47 8218.488941
19 48 8329.833385
19 49 8441.177829
19 50 8552.522273
19 51 8663.866715
19 52 8775.211158
19 53 8886.555599
19 54 8997.900041
19 55 9109.244482
19 56 9220.588922
19 57 9331.933363
19 58 9443.277803
19 59 9554.622243
19 60 9665.966683
19 61 9777.311122
19 62 9888.655562
19 63 10000.000000
20 0 0.000000
20 1 6012.652929
20 2 3586.294450
20 3 3107.390993
20 4 3390.435740
20 5 3556.801489
20 6 3657.266216
20 7 3763.732449
20 8 3875.698300
20 9 3987.458488
20 10 4098.774178
20 11 4210.084426
20 12 4321.429526
20 13 4432.776760
20 14 4544.121348
20 15 4655.465640
20 16 4766.810128
20 17 4878.154648
20 18 4989.499154
20 19 5100.843656
20 20 5212.188157
20 21 5323.532656
20 22 5434.877154
20 23 5546.221649
20 24 5657.566143
20 25 5768.910633
20 26 5880.255122
20 27 5991.599607
20 28 6102.944091
20 29 6214.288572
20 30 6325.633050
20 31 6436.977526
20 32 6548.322000
20 33 6659.666472
20 34 6771.010941
20 35 6882.355409
20 36 6993.699874
20 37 7105.044338
20 38 7216.388800
20 39 7327.733260
20 40 7439.077718
20 41 7550.422175
20 42 7661.766631
20 43 7773.111085
20 44 7884.455538
20 45 7995.799990
20 46 8107.144440
20 47 8218.488890
20 48 8329.833339
20 49 8441.177787
20 50 8552.522234
20 51 8663.866680
20 52 8775.211126
20 53 8886.555571
20 54 8997.900015
20 55 9109.244460
20 56 9220.588903
20 57 9331.933346
20 58 9443.277789
20 59 9554.622232
20 60 9665.966675
20 61 9777.311117
20 62 9888.655560
20 63 10000.000000
21 0 0.000000
21 1 6012.651290
21 2 3586.294044
21 3 3107.390682
21 4 3390.435367
21 5 3556.801118
21 6 3657.265853
21 7 3763.732091
21 8 3875.697949
21 9 3987.458145
21 10 4098.773844
21 11 4210.084101
21 12 4321.429210
21 13 4432.776454
21 14 4544.121052
21 15 4655.465354
21 16 4766.809852
21 17 4878.154382
21 18 4989.498898
21 19 5100.843410
21 20 5212.187921
21 21 5323.532431
21 22 5434.876938
21 23 5546.221443
21 24 5657.565946
21 25 5768.910446
21 26 5880.254943
21 27 5991.599438
21 28 6102.943930
21 29 6214.288419
21 30 6325.632905
21 31 6436.977389
21 32 6548.321870
21 33 6659.666349
21 34 6771.010826
21 35 6882.355300
21 36 6993.699772
21 37 7105.044241
21 38 7216.388709
21 39 7327.733175
21 40 7439.077639
21 41 7550.422101
21 42 7661.766561
21 43 7773.111020
21 44 7884.455477
21 45 7995.799934
21 46 8107.144388
21 47 8218.488842
21 48 8329.833295
21 49 8441.177746
21 50 8552.522197
21 51 8663.866646
21 52 8775.211095
21 53 8886.555544
21 54 8997.899991
21 55 9109.244438
21 56 9220.588885
21 57 9331.933331
21 58 9443.277777
21 59 9554.622222
21 60 9665.966667
21 61 9777.311113
21 62 9888.655558
21 63 10000.000000
22 0 0.000000
22 1 6012.649770
22 2 3586.293660
22 3 3107.390390
22 4 3390.435018
22 5 3556.800771
22 6 3657.265514
22 7 3763.731758
22 8 3875.697623
22 9 3987.457826
22 10 4098.773533
22 11 4210.083798
22 12 4321.428916
22 13 4432.776169
22 14 4544.120776
22 15 4655.465087
22 16 4766.809594
22 17 4878.154134
22 18 4989.498660
22 19 5100.843181
22 20 5212.187702
22 21 5323.532220
22 22 5434.876737
22 23 5546.221251
22 24 5657.565762
22 25 5768.910271
22 26 5880.254776
22 27 5991.599279
22 28 6102.943779
22 29 6214.288275
22 30 6325.632769
22 31 6436.977260
22 32 6548.321749
22 33 6659.666234
22 34 6771.010717
22 35 6882.355197
22 36 6993.699675
22 37 7105.044150
22 38 7216.388623
22 39 7327.733094
22 40 7439.077563
22 41 7550.422030
22 42 7661.766495
22 43 7773.110959
22 44 7884.455420
22 45 7995.799880
22 46 8107.144339
22 47 8218.488797
22 48 8329.833253
22 49 8441.177708
22 50 8552.522162
22 51 8663.866614
22 52 8775.211066
22 53 8886.555518
22 54 8997.899968
22 55 9109.244418
22 56 9220.588867
22 57 9331.933316
22 58 9443.277765
22 59 9554.622213
22 60 9665.966660
22 61 9777.311108
22 62 9888.655556
22 63 10000.000000
23 0 0.000000
23 1 6012.648373
23 2 3586.293300
23 3 3107.390118
23 4 3390.434694
23 5 3556.800449
23 6 3657.265200
23 7 3763.731450
23 8 3875.697321
23 9 3987.457531
23 10 4098.773245
23 11 4210.083519
23 12 4321.428644
23 13 4432.775906
23 14 4544.120521
23 15 4655.464841
23 16 4766.809357
23 17 4878.153906
23 18 4989.498440
23 19 5100.842970
23 20 5212.187499
23 21 5323.532026
23 22 5434.876551
23 23 5546.221073
23 24 5657.565592
23 25 5768.910108
23 26 5880.254622
23 27 5991.599132
23 28 6102.943639
23 29 6214.288143
23 30 6325.632643
23 31 6436.977141
23 32 6548.321635
23 33 6659.666127
23 34 6771.010616
23 35 6882.355102
23 36 6993.699585
23 37 7105.044065
23 38 7216.388544
23 39 7327.733019
23 40 7439.077493
23 41 7550.421964
23 42 7661.766434
23 43 7773.110901
23 44 7884.455367
23 45 7995.799831
23 46 8107.144293
23 47 8218.488754
23 48 8329.833213
23 49 8441.177672
23 50 8552.522129
23 51 8663.866584
23 52 8775.211039
23 53 8886.555493
23 54 8997.899947
23 55 9109.244399
23 56 9220.588851
23 57 9331.933302
23 58 9443.277753
23 59 9554.622204
23 60 9665.966654
23 61 9777.311104
23 62 9888.655554
23 63 10000.000000
24 0 0.000000
24 1 6012.647103
24 2 3586.292967
24 3 3107.389867
24 4 3390.434395
24 5 3556.800153
24 6 3657.264912
24 7 3763.731167
24 8 3875.697044
24 9 3987.457262
24 10 4098.772983
24 11 4210.083263
24 12 4321.428397
24 13 4432.775665
24 14 4544.120289
24 15 4655.464617
24 16 4766.809140
24 17 4878.153697
24 18 4989.498239
24 19 5100.842776
24 20 5212.187313
24 21 5323.531848
24 22 5434.876380
24 23 5546.220910
24 24 5657.565436
24 25 5768.909960
24 26 5880.254480
24 27 5991.598997
24 28 6102.943510
24 29 6214.288021
24 30 6325.632527
24 31 6436.977031
24 32 6548.321531
24 33 6659.666028
24 34 6771.010523
24 35 6882.355014
24 36 6993.699502
24 37 7105.043987
24 38 7216.388470
24 39 7327.732950
24 40 7439.077428
24 41 7550.421904
24 42 7661.766377
24 43 7773.110848
24 44 7884.455317
24 45 7995.799785
24 46 8107.144250
24 47 8218.488715
24 48 8329.833177
24 49 8441.177638
24 50 8552.522098
24 51 8663.866557
24 52 8775.211014
24 53 8886.555471
24 54 8997.899927
24 55 9109.244382
24 56 9220.588836
24 57 9331.933289
24 58 9443.277743
24 59 9554.622195
24 60 9665.966648
24 61 9777.311100
24 62 9888.655552
24 63 10000.000000
25 0 0.000000
25 1 6012.645963
25 2 3586.292661
25 3 3107.389637
25 4 3390.434124
25 5 3556.799885
25 6 3657.264651
25 7 3763.730911
25 8 3875.696794
25 9 3987.457018
25 10 4098.772746
25 11 4210.083033
25 12 4321.428173
25 13 4432.775448
25 14 4544.120079
25 15 4655.464414
25 16 4766.808945
25 17 4878.153508
25 18 4989.498057
25 19 5100.842602
25 20 5212.187146
25 21 5323.531687
25 22 5434.876226
25 23 5546.220763
25 24 5657.565296
25 25 5768.909825
25 26 5880.254352
25 27 5991.598875
25 28 6102.943394
25 29 6214.287910
25 30 6325.632422
25 31 6436.976931
25 32 6548.321437
25 33 6659.665939
25 34 6771.010438
25 35 6882.354934
25 36 6993.699427
25 37 7105.043916
25 38 7216.388403
25 39 7327.732888
25 40 7439.077369
25 41 7550.421848
25 42 7661.766325
25 43 7773.110800
25 44 7884.455272
25 45 7995.799743
25 46 8107.144212
25 47 8218.488678
25 48 8329.833144
25 49 8441.177608
25 50 8552.522070
25 51 8663.866531
25 52 8775.210991
25 53 8886.555450
25 54 8997.899908
25 55 9109.244365
25 56 9220.588822
25 57 9331.933278
25 58 9443.277733
25 59 9554.622188
25 60 9665.966642
25 61 9777.311097
25 62 9888.655550
25 63 10000.000000
26 0 0.000000
26 1 6012.644955
26 2 3586.292384
26 3 3107.389430
26 4 3390.433880
26 5 3556.799644
26 6 3657.264417
26 7 3763.730683
26 8 3875.696571
26 9 3987.456801
26 10 4098.772534
26 11 4210.082827
26 12 4321.427974
26 13 4432.775256
26 14 4544.119892
26 15 4655.464234
26 16 4766.808771
26 17 4878.153341
26 18 4989.497896
26 19 5100.842447
26 20 5212.186997
26 21 5323.531544
26 22 5434.876090
26 23 5546.220632
26 24 5657.565170
26 25 5768.909706
26 26 5880.254238
26 27 5991.598766
26 28 6102.943291
26 29 6214.287811
26 30 6325.632329
26 31 6436.976842
26 32 6548.321353
26 33 6659.665859
26 34 6771.010362
26 35 6882.354862
26 36 6993.699359
26 37 7105.043853
26 38 7216.388343
26 39 7327.732831
26 40 7439.077316
26 41 7550.421799
26 42 7661.766279
26 43 7773.110756
26 44 7884.455232
26 45 7995.799705
26 46 8107.144177
26 47 8218.488646
26 48 8329.833114
26 49 8441.177580
26 50 8552.522045
26 51 8663.866508
26 52 8775.210971
26 53 8886.555432
26 54 8997.899892
26 55 9109.244351
26 56 9220.588809
26 57 9331.933267
26 58 9443.277724
26 59 9554.622181
26 60 9665.966637
26 61 9777.311093
26 62 9888.655549
26 63 10000.000000
27 0 0.000000
27 1 6012.644084
27 2 3586.292137
27 3 3107.389246
27 4 3390.433665
27 5 3556.799432
27 6 3657.264212
27 7 3763.730482
27 8 3875.696376
27 9 3987.456611
27 10 4098.772349
27 11 4210.082648
27 12 4321.427800
27 13 4432.775087
27 14 4544.119729
27 15 4655.464076
27 16 4766.808619
27 17 4878.153194
27 18 4989.497755
27 19 5100.842311
27 20 5212.186867
27 21 5323.531420
27 22 5434.875970
27 23 5546.220517
27 24 5657.565061
27 25 5768.909601
27 26 5880.254138
27 27 5991.598671
27 28 6102.943200
27 29 6214.287725
27 30 6325.632247
27 31 6436.976765
27 32 6548.321279
27 33 6659.665789
27 34 6771.010296
27 35 6882.354800
27 36 6993.699300
27 37 7105.043797
27 38 7216.388291
27 39 7327.732782
27 40 7439.077270
27 41 7550.421755
27 42 7661.766238
27 43 7773.110718
27 44 7884.455196
27 45 7995.799672
27 46 8107.144146
27 47 8218.488618
27 48 8329.833088
27 49 8441.177556
27 50 8552.522023
27 51 8663.866488
27 52 8775.210952
27 53 8886.555415
27 54 8997.899877
27 55 9109.244338
27 56 9220.588798
27 57 9331.933258
27 58 9443.277716
27 59 9554.622175
27 60 9665.966633
27 61 9777.311091
27 62 9888.655548
27 63 10000.000000
28 0 0.000000
28 1 6012.643351
28 2 3586.291923
28 3 3107.389086
28 4 3390.433480
28 5 3556.799250
28 6 3657.264035
28 7 3763.730310
28 8 3875.696208
28 9 3987.456448
28 10 4098.772191
28 11 4210.082495
28 12 4321.427651
28 13 4432.774943
28 14 4544.119591
28 15 4655.463942
28 16 4766.808489
28 17 4878.153070
28 18 4989.497635
28 19 5100.842196
28 20 5212.186756
28 21 5323.531314
28 22 5434.875868
28 23 5546.220420
28 24 5657.564968
28 25 5768.909512
28 26 5880.254053
28 27 5991.598590
28 28 6102.943123
28 29 6214.287652
28 30 6325.632177
28 31 6436.976698
28 32 6548.321216
28 33 6659.665730
28 34 6771.010240
28 35 6882.354746
28 36 6993.699249
28 37 7105.043749
28 38 7216.388246
28 39 7327.732739
28 40 7439.077230
28 41 7550.421718
28 42 7661.766203
28 43 7773.110685
28 44 7884.455165
28 45 7995.799643
28 46 8107.144119
28 47 8218.488593
28 48 8329.833065
28 49 8441.177535
28 50 8552.522004
28 51 8663.866471
28 52 8775.210937
28 53 8886.555401
28 54 8997.899865
28 55 9109.244327
28 56 9220.588789
28 57 9331.933250
28 58 9443.277710
28 59 9554.622169
28 60 9665.966629
28 61 9777.311088
28 62 9888.655547
28 63 10000.000000
29 0 0.000000
29 1 6012.642758
29 2 3586.291742
29 3 3107.388951
29 4 3390.433325
29 5 3556.799097
29 6 3657.263888
29 7 3763.730167
29 8 3875.696069
29 9 3987.456313
29 10 4098.772061
29 11 4210.082368
29 12 4321.427529
29 13 4432.774825
29 14 4544.119476
29 15 4655.463832
29 16 4766.808383
29 17 4878.152967
29 18 4989.497537
29 19 5100.842101
29 20 5212.186665
29 21 5323.531226
29 22 5434.875785
29 23 5546.220340
29 24 5657.564891
29 25 5768.909439
29 26 5880.253983
29 27 5991.598523
29 28 6102.943059
29 29 6214.287591
29 30 6325.632119
29 31 6436.976643
29 32 6548.321164
29 33 6659.665680
29 34 6771.010193
29 35 6882.354702
29 36 6993.699207
29 37 7105.043710
29 38 7216.388208
29 39 7327.732704
29 40 7439.077197
29 41 7550.421687
29 42 7661.766174
29 43 7773.110658
29 44 7884.455140
29 45 7995.799620
29 46 8107.144097
29 47 8218.488572
29 48 8329.833046
29 49 8441.177518
29 50 8552.521988
29 51 8663.866456
29 52 8775.210923
29 53 8886.555389
29 54 8997.899854
29 55 9109.244318
29 56 9220.588781
29 57 9331.933243
29 58 9443.277704
29 59 9554.622165
29 60 9665.966625
29 61 9777.311086
29 62 9888.655546
29 63 10000.000000
30 0 0.000000
30 1 6012.642307
30 2 3586.291595
30 3 3107.388841
30 4 3390.433202
30 5 3556.798975
30 6 3657.263771
30 7 3763.730054
30 8 3875.695959
30 9 3987.456206
30 10 4098.771958
30 11 4210.082268
30 12 4321.427432
30 13 4432.774732
30 14 4544.119387
30 15 4655.463745
30 16 4766.808300
30 17 4878.152887
30 18 4989.497460
30 19 5100.842027
30 20 5212.186594
30 21 5323.531158
30 22 5434.875719
30 23 5546.220277
30 24 5657.564831
30 25 5768.909382
30 26 5880.253928
30 27 5991.598471
30 28 6102.943009
30 29 6214.287544
30 30 6325.632074
30 31 6436.976601
30 32 6548.321123
30 33 6659.665642
30 34 6771.010156
30 35 6882.354667
30 36 6993.699175
30 37 7105.043678
30 38 7216.388179
30 39 7327.732676
30 40 7439.077171
30 41 7550.421662
30 42 7661.766151
30 43 7773.110636
30 44 7884.455120
30 45 7995.799601
30 46 8107.144080
30 47 8218.488556
30 48 8329.833031
30 49 8441.177504
30 50 8552.521975
30 51 8663.866445
30 52 8775.210913
30 53 8886.555380
30 54 8997.899846
30 55 9109.244310
30 56 9220.588774
30 57 9331.933237
30 58 9443.277700
30 59 9554.622161
30 60 9665.966623
30 61 9777.311084
30 62 9888.655545
30 63 10000.000000
31 0 0.000000
31 1 6012.642000
31 2 3586.291482
31 3 3107.388757
31 4 3390.433109
31 5 3556.798885
31 6 3657.263684
31 7 3763.729970
31 8 3875.695878
31 9 3987.456128
31 10 4098.771882
31 11 4210.082196
31 12 4321.427362
31 13 4432.774665
31 14 4544.119322
31 15 4655.463683
31 16 4766.808240
31 17 4878.152830
31 18 4989.497404
31 19 5100.841974
31 20 5212.186543
31 21 5323.531109
31 22 5434.875673
31 23 5546.220232
31 24 5657.564788
31 25 5768.909341
31 26 5880.253889
31 27 5991.598434
31 28 6102.942974
31 29 6214.287510
31 30 6325.632042
31 31 6436.976570
31 32 6548.321094
31 33 6659.665614
31 34 6771.010130
31 35 6882.354642
31 36 6993.699151
31 37 7105.043656
31 38 7216.388158
31 39 7327.732656
31 40 7439.077152
31 41 7550.421644
31 42 7661.766134
31 43 7773.110621
31 44 7884.455105
31 45 7995.799587
31 46 8107.144067
31 47 8218.488544
31 48 8329.833020
31 49 8441.177494
31 50 8552.521966
31 51 8663.866436
31 52 8775.210905
31 53 8886.555373
31 54 8997.899839
31 55 9109.244305
31 56 9220.588769
31 57 9331.933233
31 58 9443.277696
31 59 9554.622159
31 60 9665.966621
31 61 9777.311083
31 62 9888.655544
31 63 10000.000000
32 0 0.000000
32 1 6012.641837
32 2 3586.291405
32 3 3107.388698
32 4 3390.433049
32 5 3556.798825
32 6 3657.263628
32 7 3763.729916
32 8 3875.695827
32 9 3987.456079
32 10 4098.771835
32 11 4210.082151
32 12 4321.427319
32 13 4432.774623
32 14 4544.119282
32 15 4655.463645
32 16 4766.808203
32 17 4878.152795
32 18 4989.497371
32 19 5100.841942
32 20 5212.186512
32 21 5323.531080
32 22 5434.875644
32 23 5546.220205
32 24 5657.564763
32 25 5768.909316
32 26 5880.253866
32 27 5991.598411
32 28 6102.942952
32 29 6214.287489
32 30 6325.632022
32 31 6436.976551
32 32 6548.321076
32 33 6659.665597
32 34 6771.010113
32 35 6882.354627
32 36 6993.699136
32 37 7105.043642
32 38 7216.388144
32 39 7327.732644
32 40 7439.077140
32 41 7550.421633
32 42 7661.766123
32 43 7773.110611
32 44 7884.455096
32 45 7995.799578
32 46 8107.144058
32 47 8218.488537
32 48 8329.833013
32 49 8441.177487
32 50 8552.521959
32 51 8663.866430
32 52 8775.210900
32 53 8886.555368
32 54 8997.899835
32 55 9109.244301
32 56 9220.588766
32 57 9331.933231
32 58 9443.277694
32 59 9554.622157
32 60 9665.966620
32 61 9777.311082
32 62 9888.655544
32 63 10000.000000
33 0 0.000000
33 1 6012.641818
33 2 3586.291363
33 3 3107.388666
33 4 3390.433019
33 5 3556.798797
33 6 3657.263602
33 7 3763.729892
33 8 3875.695805
33 9 3987.456058
33 10 4098.771816
33 11 4210.082133
33 12 4321.427302
33 13 4432.774608
33 14 4544.119267
33 15 4655.463631
33 16 4766.808191
33 17 4878.152782
33 18 4989.497359
33 19 5100.841931
33 20 5212.186502
33 21 5323.531070
33 22 5434.875635
33 23 5546.220196
33 24 5657.564754
33 25 5768.909308
33 26 5880.253858
33 27 5991.598403
33 28 6102.942945
33 29 6214.287482
33 30 6325.632015
33 31 6436.976544
33 32 6548.321069
33 33 6659.665590
33 34 6771.010108
33 35 6882.354621
33 36 6993.699131
33 37 7105.043637
33 38 7216.388139
33 39 7327.732639
33 40 7439.077135
33 41 7550.421628
33 42 7661.766119
33 43 7773.110607
33 44 7884.455092
33 45 7995.799574
33 46 8107.144055
33 47 8218.488533
33 48 8329.833010
33 49 8441.177484
33 50 8552.521957
33 51 8663.866428
33 52 8775.210898
33 53 8886.555366
33 54 8997.899833
33 55 9109.244300
33 56 9220.588765
33 57 9331.933229
33 58 9443.277693
33 59 9554.622156
33 60 9665.966619
33 61 9777.311082
33 62 9888.655544
33 63 10000.000000
34 0 0.000000
34 1 6012.641943
34 2 3586.291357
34 3 3107.388660
34 4 3390.433022
34 5 3556.798801
34 6 3657.263606
34 7 3763.729898
34 8 3875.695812
34 9 3987.456067
34 10 4098.771825
34 11 4210.082142
34 12 4321.427312
34 13 4432.774618
34 14 4544.119278
34 15 4655.463642
34 16 4766.808201
34 17 4878.152793
34 18 4989.497370
34 19 5100.841942
34 20 5212.186512
34 21 5323.531080
34 22 5434.875644
34 23 5546.220205
34 24 5657.564763
34 25 5768.909316
34 26 5880.253865
34 27 5991.598411
34 28 6102.942952
34 29 6214.287489
34 30 6325.632021
34 31 6436.976550
34 32 6548.321075
34 33 6659.665595
34 34 6771.010112
34 35 6882.354625
34 36 6993.699134
34 37 7105.043640
34 38 7216.388142
34 39 7327.732642
34 40 7439.077138
34 41 7550.421631
34 42 7661.766121
34 43 7773.110608
34 44 7884.455093
34 45 7995.799576
34 46 8107.144056
34 47 8218.488534
34 48 8329.833010
34 49 8441.177485
34 50 8552.521957
34 51 8663.866428
34 52 8775.210898
34 53 8886.555366
34 54 8997.899834
34 55 9109.244300
34 56 9220.588765
34 57 9331.933229
34 58 9443.277693
34 59 9554.622156
34 60 9665.966619
34 61 9777.311082
34 62 9888.655544
34 63 10000.000000
35 0 0.000000
35 1 6012.642212
35 2 3586.291385
35 3 3107.388680
35 4 3390.433057
35 5 3556.798835
35 6 3657.263641
35 7 3763.729934
35 8 3875.695849
35 9 3987.456104
35 10 4098.771862
35 11 4210.082179
35 12 4321.427349
35 13 4432.774654
35 14 4544.119314
35 15 4655.463677
35 16 4766.808235
35 17 4878.152826
35 18 4989.497402
35 19 5100.841973
35 20 5212.186542
35 21 5323.531109
35 22 5434.875672
35 23 5546.220232
35 24 5657.564788
35 25 5768.909340
35 26 5880.253889
35 27 5991.598433
35 28 6102.942973
35 29 6214.287508
35 30 6325.632040
35 31 6436.976568
35 32 6548.321091
35 33 6659.665611
35 34 6771.010127
35 35 6882.354639
35 36 6993.699147
35 37 7105.043652
35 38 7216.388153
35 39 7327.732652
35 40 7439.077147
35 41 7550.421639
35 42 7661.766129
35 43 7773.110616
35 44 7884.455100
35 45 7995.799582
35 46 8107.144062
35 47 8218.488540
35 48 8329.833015
35 49 8441.177489
35 50 8552.521961
35 51 8663.866432
35 52 8775.210901
35 53 8886.555369
35 54 8997.899836
35 55 9109.244302
35 56 9220.588767
35 57 9331.933231
35 58 9443.277694
35 59 9554.622157
35 60 9665.966620
35 61 9777.311082
35 62 9888.655544
35 63 10000.000000
36 0 0.000000
36 1 6012.642624
36 2 3586.291448
36 3 3107.388726
36 4 3390.433122
36 5 3556.798901
36 6 3657.263707
36 7 3763.730000
36 8 3875.695915
36 9 3987.456169
36 10 4098.771927
36 11 4210.082243
36 12 4321.427412
36 13 4432.774716
36 14 4544.119374
36 15 4655.463736
36 16 4766.808293
36 17 4878.152882
36 18 4989.497456
36 19 5100.842025
36 20 5212.186592
36 21 5323.531157
36 22 5434.875718
36 23 5546.220276
36 24 5657.564831
36 25 5768.909381
36 26 5880.253927
36 27 5991.598469
36 28 6102.943007
36 29 6214.287541
36 30 6325.632071
36 31 6436.976597
36 32 6548.321119
36 33 6659.665637
36 34 6771.010151
36 35 6882.354662
36 36 6993.699169
36 37 7105.043672
36 38 7216.388173
36 39 7327.732670
36 40 7439.077164
36 41 7550.421655
36 42 7661.766143
36 43 7773.110629
36 44 7884.455112
36 45 7995.799593
36 46 8107.144072
36 47 8218.488549
36 48 8329.833024
36 49 8441.177497
36 50 8552.521969
36 51 8663.866439
36 52 8775.210907
36 53 8886.555374
36 54 8997.899841
36 55 9109.244306
36 56 9220.588770
36 57 9331.933234
36 58 9443.277697
36 59 9554.622159
36 60 9665.966621
36 61 9777.311083
36 62 9888.655544
36 63 10000.000000
37 0 0.000000
37 1 6012.643176
37 2 3586.291544
37 3 3107.388797
37 4 3390.433219
37 5 3556.798997
37 6 3657.263802
37 7 3763.730096
37 8 3875.696010
37 9 3987.456263
37 10 4098.772020
37 11 4210.082335
37 12 4321.427502
37 13 4432.774803
37 14 4544.119459
37 15 4655.463819
37 16 4766.808373
37 17 4878.152960
37 18 4989.497531
37 19 5100.842098
37 20 5212.186662
37 21 5323.531224
37 22 5434.875783
37 23 5546.220338
37 24 5657.564890
37 25 5768.909437
37 26 5880.253981
37 27 5991.598520
37 28 6102.943056
37 29 6214.287587
37 30 6325.632115
37 31 6436.976638
37 32 6548.321158
37 33 6659.665674
37 34 6771.010186
37 35 6882.354694
37 36 6993.699199
37 37 7105.043701
37 38 7216.388199
37 39 7327.732695
37 40 7439.077187
37 41 7550.421677
37 42 7661.766163
37 43 7773.110648
37 44 7884.455130
37 45 7995.799609
37 46 8107.144087
37 47 8218.488563
37 48 8329.833036
37 49 8441.177508
37 50 8552.521979
37 51 8663.866448
37 52 8775.210916
37 53 8886.555382
37 54 8997.899847
37 55 9109.244312
37 56 9220.588775
37 57 9331.933238
37 58 9443.277700
37 59 9554.622162
37 60 9665.966623
37 61 9777.311084
37 62 9888.655545
37 63 10000.000000
38 0 0.000000
38 1 6012.643867
38 2 3586.291673
38 3 3107.388892
38 4 3390.433345
38 5 3556.799124
38 6 3657.263927
38 7 3763.730221
38 8 3875.696133
38 9 3987.456385
38 10 4098.772140
38 11 4210.082452
38 12 4321.427617
38 13 4432.774916
38 14 4544.119569
38 15 4655.463926
38 16 4766.808477
38 17 4878.153060
38 18 4989.497628
38 19 5100.842191
38 20 5212.186752
38 21 5323.531310
38 22 5434.875866
38 23 5546.220417
38 24 5657.564965
38 25 5768.909509
38 26 5880.254049
38 27 5991.598586
38 28 6102.943118
38 29 6214.287646
38 30 6325.632171
38 31 6436.976691
38 32 6548.321208
38 33 6659.665721
38 34 6771.010230
38 35 6882.354736
38 36 6993.699238
38 37 7105.043738
38 38 7216.388234
38 39 7327.732727
38 40 7439.077217
38 41 7550.421705
38 42 7661.766190
38 43 7773.110672
38 44 7884.455152
38 45 7995.799630
38 46 8107.144106
38 47 8218.488580
38 48 8329.833053
38 49 8441.177523
38 50 8552.521992
38 51 8663.866460
38 52 8775.210927
38 53 8886.555392
38 54 8997.899856
38 55 9109.244319
38 56 9220.588782
38 57 9331.933243
38 58 9443.277705
38 59 9554.622165
38 60 9665.966626
38 61 9777.311086
38 62 9888.655545
38 63 10000.000000
39 0 0.000000
39 1 6012.644694
39 2 3586.291833
39 3 3107.389012
39 4 3390.433502
39 5 3556.799280
39 6 3657.264081
39 7 3763.730374
39 8 3875.696285
39 9 3987.456535
39 10 4098.772287
39 11 4210.082597
39 12 4321.427758
39 13 4432.775054
39 14 4544.119703
39 15 4655.464056
39 16 4766.808603
39 17 4878.153182
39 18 4989.497746
39 19 5100.842304
39 20 5212.186861
39 21 5323.531415
39 22 5434.875966
39 23 5546.220513
39 24 5657.565057
39 25 5768.909597
39 26 5880.254133
39 27 5991.598665
39 28 6102.943193
39 29 6214.287718
39 30 6325.632238
39 31 6436.976755
39 32 6548.321268
39 33 6659.665778
39 34 6771.010284
39 35 6882.354786
39 36 6993.699286
39 37 7105.043782
39 38 7216.388275
39 39 7327.732766
39 40 7439.077253
39 41 7550.421739
39 42 7661.766221
39 43 7773.110701
39 44 7884.455180
39 45 7995.799655
39 46 8107.144130
39 47 8218.488602
39 48 8329.833072
39 49 8441.177541
39 50 8552.522009
39 51 8663.866475
39 52 8775.210940
39 53 8886.555404
39 54 8997.899867
39 55 9109.244329
39 56 9220.588790
39 57 9331.933250
39 58 9443.277710
39 59 9554.622170
39 60 9665.966629
39 61 9777.311088
39 62 9888.655546
39 63 10000.000000
40 0 0.000000
40 1 6012.645656
40 2 3586.292024
40 3 3107.389156
40 4 3390.433687
40 5 3556.799465
40 6 3657.264264
40 7 3763.730556
40 8 3875.696465
40 9 3987.456712
40 10 4098.772461
40 11 4210.082767
40 12 4321.427925
40 13 4432.775216
40 14 4544.119861
40 15 4655.464209
40 16 4766.808751
40 17 4878.153325
40 18 4989.497884
40 19 5100.842437
40 20 5212.186989
40 21 5323.531538
40 22 5434.876083
40 23 5546.220625
40 24 5657.565164
40 25 5768.909699
40 26 5880.254230
40 27 5991.598757
40 28 6102.943281
40 29 6214.287801
40 30 6325.632317
40 31 6436.976830
40 32 6548.321339
40 33 6659.665844
40 34 6771.010346
40 35 6882.354845
40 36 6993.699341
40 37 7105.043834
40 38 7216.388324
40 39 7327.732811
40 40 7439.077296
40 41 7550.421778
40 42 7661.766258
40 43 7773.110736
40 44 7884.455211
40 45 7995.799685
40 46 8107.144157
40 47 8218.488627
40 48 8329.833095
40 49 8441.177562
40 50 8552.522028
40 51 8663.866492
40 52 8775.210956
40 53 8886.555418
40 54 8997.899879
40 55 9109.244339
40 56 9220.588799
40 57 9331.933258
40 58 9443.277717
40 59 9554.622175
40 60 9665.966632
40 61 9777.311090
40 62 9888.655547
40 63 10000.000000
41 0 0.000000
41 1 6012.646749
41 2 3586.292243
41 3 3107.389322
41 4 3390.433900
41 5 3556.799678
41 6 3657.264474
41 7 3763.730765
41 8 3875.696672
41 9 3987.456916
41 10 4098.772661
41 11 4210.082963
41 12 4321.428116
41 13 4432.775402
41 14 4544.120042
41 15 4655.464384
41 16 4766.808921
41 17 4878.153489
41 18 4989.498042
41 19 5100.842589
41 20 5212.187135
41 21 5323.531678
41 22 5434.876217
41 23 5546.220754
41 24 5657.565286
41 25 5768.909816
41 26 5880.254341
41 27 5991.598863
41 28 6102.943381
41 29 6214.287896
41 30 6325.632407
41 31 6436.976915
41 32 6548.321419
41 33 6659.665920
41 34 6771.010418
41 35 6882.354913
41 36 6993.699404
41 37 7105.043893
41 38 7216.388380
41 39 7327.732863
41 40 7439.077345
41 41 7550.421824
41 42 7661.766300
41 43 7773.110775
41 44 7884.455248
41 45 7995.799719
41 46 8107.144188
41 47 8218.488655
41 48 8329.833122
41 49 8441.177586
41 50 8552.522050
41 51 8663.866512
41 52 8775.210973
41 53 8886.555434
41 54 8997.899893
41 55 9109.244352
41 56 9220.588810
41 57 9331.933267
41 58 9443.277724
41 59 9554.622180
41 60 9665.966637
41 61 9777.311093
41 62 9888.655548
41 63 10000.000000
42 0 0.000000
42 1 6012.647970
42 2 3586.292490
42 3 3107.389510
42 4 3390.434140
42 5 3556.799918
42 6 3657.264712
42 7 3763.731001
42 8 3875.696905
42 9 3987.457145
42 10 4098.772886
42 11 4210.083184
42 12 4321.428331
42 13 4432.775612
42 14 4544.120246
42 15 4655.464582
42 16 4766.809112
42 17 4878.153673
42 18 4989.498219
42 19 5100.842760
42 20 5212.187299
42 21 5323.531835
42 22 5434.876368
42 23 5546.220897
42 24 5657.565423
42 25 5768.909946
42 26 5880.254465
42 27 5991.598981
42 28 6102.943493
42 29 6214.288002
42 30 6325.632507
42 31 6436.977010
42 32 6548.321509
42 33 6659.666004
42 34 6771.010497
42 35 6882.354987
42 36 6993.699475
42 37 7105.043959
42 38 7216.388441
42 39 7327.732921
42 40 7439.077399
42 41 7550.421874
42 42 7661.766347
42 43 7773.110819
42 44 7884.455288
42 45 7995.799756
42 46 8107.144222
42 47 8218.488687
42 48 8329.833151
42 49 8441.177613
42 50 8552.522074
42 51 8663.866534
42 52 8775.210993
42 53 8886.555451
42 54 8997.899909
42 55 9109.244365
42 56 9220.588822
42 57 9331.933277
42 58 9443.277732
42 59 9554.622187
42 60 9665.966641
42 61 9777.311096
42 62 9888.655550
42 63 10000.000000
43 0 0.000000
43 1 6012.649315
43 2 3586.292764
43 3 3107.389720
43 4 3390.434407
43 5 3556.800185
43 6 3657.264976
43 7 3763.731264
43 8 3875.697165
43 9 3987.457401
43 10 4098.773137
43 11 4210.083429
43 12 4321.428571
43 13 4432.775845
43 14 4544.120472
43 15 4655.464801
43 16 4766.809323
43 17 4878.153877
43 18 4989.498416
43 19 5100.842949
43 20 5212.187480
43 21 5323.532008
43 22 5434.876534
43 23 5546.221056
43 24 5657.565574
43 25 5768.910090
43 26 5880.254602
43 27 5991.599111
43 28 6102.943616
43 29 6214.288119
43 30 6325.632618
43 31 6436.977114
43 32 6548.321607
43 33 6659.666097
43 34 6771.010584
43 35 6882.355069
43 36 6993.699552
43 37 7105.044031
43 38 7216.388509
43 39 7327.732984
43 40 7439.077458
43 41 7550.421929
43 42 7661.766398
43 43 7773.110866
43 44 7884.455332
43 45 7995.799797
43 46 8107.144260
43 47 8218.488722
43 48 8329.833183
43 49 8441.177642
43 50 8552.522101
43 51 8663.866558
43 52 8775.211015
43 53 8886.555471
43 54 8997.899926
43 55 9109.244380
43 56 9220.588834
43 57 9331.933288
43 58 9443.277741
43 59 9554.622194
43 60 9665.966646
43 61 9777.311099
43 62 9888.655551
43 63 10000.000000
44 0 0.000000
44 1 6012.650782
44 2 3586.293063
44 3 3107.389951
44 4 3390.434699
44 5 3556.800478
44 6 3657.265266
44 7 3763.731552
44 8 3875.697450
44 9 3987.457682
44 10 4098.773412
44 11 4210.083698
44 12 4321.428833
44 13 4432.776100
44 14 4544.120719
44 15 4655.465040
44 16 4766.809555
44 17 4878.154100
44 18 4989.498630
44 19 5100.843155
44 20 5212.187677
44 21 5323.532197
44 22 5434.876714
44 23 5546.221228
44 24 5657.565739
44 25 5768.910246
44 26 5880.254750
44 27 5991.599252
44 28 6102.943750
44 29 6214.288245
44 30 6325.632737
44 31 6436.977227
44 32 6548.321713
44 33 6659.666197
44 34 6771.010679
44 35 6882.355158
44 36 6993.699635
44 37 7105.044109
44 38 7216.388582
44 39 7327.733052
44 40 7439.077521
44 41 7550.421988
44 42 7661.766454
44 43 7773.110917
44 44 7884.455380
44 45 7995.799841
44 46 8107.144301
44 47 8218.488759
44 48 8329.833217
44 49 8441.177673
44 50 8552.522129
44 51 8663.866584
44 52 8775.211038
44 53 8886.555491
44 54 8997.899944
44 55 9109.244397
44 56 9220.588848
44 57 9331.933300
44 58 9443.277751
44 59 9554.622201
44 60 9665.966652
44 61 9777.311102
44 62 9888.655553
44 63 10000.000000
45 0 0.000000
45 1 6012.652368
45 2 3586.293386
45 3 3107.390202
45 4 3390.435016
45 5 3556.800795
45 6 3657.265580
45 7 3763.731866
45 8 3875.697760
45 9 3987.457986
45 10 4098.773711
45 11 4210.083990
45 12 4321.429118
45 13 4432.776377
45 14 4544.120987
45 15 4655.465299
45 16 4766.809805
45 17 4878.154341
45 18 4989.498862
45 19 5100.843377
45 20 5212.187890
45 21 5323.532401
45 22 5434.876909
45 23 5546.221413
45 24 5657.565915
45 25 5768.910414
45 26 5880.254910
45 27 5991.599403
45 28 6102.943893
45 29 6214.288380
45 30 6325.632865
45 31 6436.977347
45 32 6548.321827
45 33 6659.666304
45 34 6771.010780
45 35 6882.355252
45 36 6993.699723
45 37 7105.044192
45 38 7216.388660
45 39 7327.733125
45 40 7439.077589
45 41 7550.422051
45 42 7661.766512
45 43 7773.110972
45 44 7884.455430
45 45 7995.799888
45 46 8107.144344
45 47 8218.488799
45 48 8329.833253
45 49 8441.177707
45 50 8552.522159
45 51 8663.866611
45 52 8775.211063
45 53 8886.555514
45 54 8997.899964
45 55 9109.244414
45 56 9220.588863
45 57 9331.933312
45 58 9443.277761
45 59 9554.622209
45 60 9665.966658
45 61 9777.311106
45 62 9888.655554
45 63 10000.000000
46 0 0.000000
46 1 6012.654070
46 2 3586.293732
46 3 3107.390473
46 4 3390.435356
46 5 3556.801138
46 6 3657.265920
46 7 3763.732204
46 8 3875.698094
46 9 3987.458315
46 10 4098.774033
46 11 4210.084305
46 12 4321.429424
46 13 4432.776674
46 14 4544.121275
46 15 4655.465578
46 16 4766.810073
46 17 4878.154600
46 18 4989.499110
46 19 5100.843615
46 20 5212.188118
46 21 5323.532619
46 22 5434.877116
46 23 5546.221611
46 24 5657.566103
46 25 5768.910593
46 26 5880.255080
46 27 5991.599564
46 28 6102.944045
46 29 6214.288524
46 30 6325.633001
46 31 6436.977475
46 32 6548.321948
46 33 6659.666418
46 34 6771.010886
46 35 6882.355352
46 36 6993.699817
46 37 7105.044280
46 38 7216.388742
46 39 7327.733202
46 40 7439.077660
46 41 7550.422118
46 42 7661.766574
46 43 7773.111029
46 44 7884.455483
46 45 7995.799937
46 46 8107.144389
46 47 8218.488841
46 48 8329.833291
46 49 8441.177742
46 50 8552.522191
46 51 8663.866640
46 52 8775.211089
46 53 8886.555537
46 54 8997.899984
46 55 9109.244431
46 56 9220.588878
46 57 9331.933325
46 58 9443.277772
46 59 9554.622218
46 60 9665.966664
46 61 9777.311110
46 62 9888.655556
46 63 10000.000000
47 0 0.000000
47 1 6012.655885
47 2 3586.294102
47 3 3107.390763
47 4 3390.435720
47 5 3556.801503
47 6 3657.266283
47 7 3763.732565
47 8 3875.698451
47 9 3987.458666
47 10 4098.774377
47 11 4210.084640
47 12 4321.429751
47 13 4432.776991
47 14 4544.121582
47 15 4655.465874
47 16 4766.810359
47 17 4878.154874
47 18 4989.499374
47 19 5100.843867
47 20 5212.188359
47 21 5323.532849
47 22 5434.877336
47 23 5546.221820
47 24 5657.566302
47 25 5768.910781
47 26 5880.255258
47 27 5991.599733
47 28 6102.944205
47 29 6214.288675
47 30 6325.633143
47 31 6436.977610
47 32 6548.322074
47 33 6659.666536
47 34 6771.010997
47 35 6882.355457
47 36 6993.699915
47 37 7105.044372
47 38 7216.388827
47 39 7327.733282
47 40 7439.077735
47 41 7550.422187
47 42 7661.766638
47 43 7773.111089
47 44 7884.455539
47 45 7995.799988
47 46 8107.144436
47 47 8218.488884
47 48 8329.833331
47 49 8441.177778
47 50 8552.522224
47 51 8663.866670
47 52 8775.211115
47 53 8886.555560
47 54 8997.900005
47 55 9109.244450
47 56 9220.588894
47 57 9331.933339
47 58 9443.277783
47 59 9554.622226
47 60 9665.966670
47 61 9777.311114
47 62 9888.655558
47 63 10000.000000
48 0 0.000000
48 1 6012.657811
48 2 3586.294494
48 3 3107.391073
48 4 3390.436106
48 5 3556.801892
48 6 3657.266669
48 7 3763.732949
48 8 3875.698830
48 9 3987.459039
48 10 4098.774742
48 11 4210.084997
48 12 4321.430097
48 13 4432.777327
48 14 4544.121907
48 15 4655.466187
48 16 4766.810660
48 17 4878.155164
48 18 4989.499651
48 19 5100.844133
48 20 5212.188613
48 21 5323.533091
48 22 5434.877566
48 23 5546.222039
48 24 5657.566510
48 25 5768.910979
48 26 5880.255445
48 27 5991.599909
48 28 6102.944372
48 29 6214.288833
48 30 6325.633292
48 31 6436.977749
48 32 6548.322205
48 33 6659.666660
48 34 6771.011113
48 35 6882.355565
48 36 6993.700016
48 37 7105.044466
48 38 7216.388916
48 39 7327.733364
48 40 7439.077812
48 41 7550.422258
48 42 7661.766705
48 43 7773.111150
48 44 7884.455595
48 45 7995.800040
48 46 8107.144484
48 47 8218.488928
48 48 8329.833372
48 49 8441.177815
48 50 8552.522258
48 51 8663.866700
48 52 8775.211143
48 53 8886.555585
48 54 8997.900027
48 55 9109.244469
48 56 9220.588911
48 57 9331.933352
48 58 9443.277794
48 59 9554.622235
48 60 9665.966677
48 61 9777.311118
48 62 9888.655559
48 63 10000.000000
49 0 0.000000
49 1 6012.659846
49 2 3586.294909
49 3 3107.391403
49 4 3390.436515
49 5 3556.802303
49 6 3657.267077
49 7 3763.733355
49 8 3875.699231
49 9 3987.459433
49 10 4098.775127
49 11 4210.085372
49 12 4321.430462
49 13 4432.777680
49 14 4544.122248
49 15 4655.466516
49 16 4766.810977
49 17 4878.155467
49 18 4989.499942
49 19 5100.844411
49 20 5212.188878
49 21 5323.533343
49 22 5434.877806
49 23 5546.222267
49 24 5657.566726
49 25 5768.911183
49 26 5880.255639
49 27 5991.600092
49 28 6102.944544
49 29 6214.288995
49 30 6325.633445
49 31 6436.977893
49 32 6548.322340
49 33 6659.666786
49 34 6771.011232
49 35 6882.355676
49 36 6993.700120
49 37 7105.044563
49 38 7216.389006
49 39 7327.733448
49 40 7439.077890
49 41 7550.422331
49 42 7661.766772
49 43 7773.111213
49 44 7884.455653
49 45 7995.800094
49 46 8107.144534
49 47 8218.488973
49 48 8329.833413
49 49 8441.177853
49 50 8552.522292
49 51 8663.866731
49 52 8775.211171
49 53 8886.555610
49 54 8997.900049
49 55 9109.244488
49 56 9220.588927
49 57 9331.933366
49 58 9443.277805
49 59 9554.622244
49 60 9665.966683
49 61 9777.311122
49 62 9888.655561
49 63 10000.000000
50 0 0.000000
50 1 6012.661990
50 2 3586.295348
50 3 3107.391752
50 4 3390.436946
50 5 3556.802737
50 6 3657.267508
50 7 3763.733783
50 8 3875.699653
50 9 3987.459847
50 10 4098.775532
50 11 4210.085766
50 12 4321.430844
50 13 4432.778050
50 14 4544.122605
50 15 4655.466860
50 16 4766.811306
50 17 4878.155783
50 18 4989.500244
50 19 5100.844699
50 20 5212.189153
50 21 5323.533605
50 22 5434.878055
50 23 5546.222503
50 24 5657.566949
50 25 5768.911394
50 26 5880.255838
50 27 5991.600280
50 28 6102.944721
50 29 6214.289162
50 30 6325.633601
50 31 6436.978040
50 32 6548.322478
50 33 6659.666916
50 34 6771.011353
50 35 6882.355789
50 36 6993.700226
50 37 7105.044662
50 38 7216.389098
50 39 7327.733534
50 40 7439.077969
50 41 7550.422405
50 42 7661.766841
50 43 7773.111276
50 44 7884.455712
50 45 7995.800147
50 46 8107.144583
50 47 8218.489019
50 48 8329.833455
50 49 8441.177890
50 50 8552.522326
50 51 8663.866762
50 52 8775.211199
50 53 8886.555635
50 54 8997.900071
50 55 9109.244507
50 56 9220.588944
50 57 9331.933380
50 58 9443.277817
50 59 9554.622253
50 60 9665.966690
50 61 9777.311126
50 62 9888.655563
50 63 10000.000000
51 0 0.000000
51 1 6012.664244
51 2 3586.295812
51 3 3107.392122
51 4 3390.437399
51 5 3556.803192
51 6 3657.267960
51 7 3763.734232
51 8 3875.700096
51 9 3987.460280
51 10 4098.775955
51 11 4210.086178
51 12 4321.431243
51 13 4432.778435
51 14 4544.122976
51 15 4655.467216
51 16 4766.811648
51 17 4878.156110
51 18 4989.500556
51 19 5100.844996
51 20 5212.189436
51 21 5323.533873
51 22 5434.878310
51 23 5546.222744
51 24 5657.567177
51 25 5768.911610
51 26 5880.256041
51 27 5991.600472
51 28 6102.944902
51 29 6214.289331
51 30 6325.633760
51 31 6436.978189
51 32 6548.322618
51 33 6659.667046
51 34 6771.011475
51 35 6882.355903
51 36 6993.700332
51 37 7105.044761
51 38 7216.389190
51 39 7327.733619
51 40 7439.078049
51 41 7550.422479
51 42 7661.766909
51 43 7773.111339
51 44 7884.455770
51 45 7995.800201
51 46 8107.144632
51 47 8218.489064
51 48 8329.833496
51 49 8441.177928
51 50 8552.522361
51 51 8663.866793
51 52 8775.211226
51 53 8886.555660
51 54 8997.900093
51 55 9109.244526
51 56 9220.588960
51 57 9331.933394
51 58 9443.277828
51 59 9554.622262
51 60 9665.966696
51 61 9777.311130
51 62 9888.655565
51 63 10000.000000
52 0 0.000000
52 1 6012.666608
52 2 3586.296303
52 3 3107.392513
52 4 3390.437875
52 5 3556.803670
52 6 3657.268433
52 7 3763.734701
52 8 3875.700557
52 9 3987.460732
52 10 4098.776395
52 11 4210.086605
52 12 4321.431656
52 13 4432.778834
52 14 4544.123359
52 15 4655.467584
52 16 4766.812000
52 17 4878.156446
52 18 4989.500876
52 19 5100.845301
52 20 5212.189725
52 21 5323.534148
52 22 5434.878569
52 23 5546.222990
52 24 5657.567409
52 25 5768.911828
52 26 5880.256247
52 27 5991.600665
52 28 6102.945083
52 29 6214.289502
52 30 6325.633920
52 31 6436.978339
52 32 6548.322758
52 33 6659.667177
52 34 6771.011597
52 35 6882.356017
52 36 6993.700438
52 37 7105.044860
52 38 7216.389282
52 39 7327.733705
52 40 7439.078128
52 41 7550.422552
52 42 7661.766977
52 43 7773.111402
52 44 7884.455828
52 45 7995.800254
52 46 8107.144681
52 47 8218.489109
52 48 8329.833537
52 49 8441.177965
52 50 8552.522394
52 51 8663.866824
52 52 8775.211254
52 53 8886.555684
52 54 8997.900114
52 55 9109.244545
52 56 9220.588976
52 57 9331.933408
52 58 9443.277839
52 59 9554.622271
52 60 9665.966703
52 61 9777.311134
52 62 9888.655566
52 63 10000.000000
53 0 0.000000
53 1 6012.669086
53 2 3586.296823
53 3 3107.392926
53 4 3390.438374
53 5 3556.804171
53 6 3657.268928
53 7 3763.735190
53 8 3875.701037
53 9 3987.461201
53 10 4098.776851
53 11 4210.087047
53 12 4321.432083
53 13 4432.779245
53 14 4544.123754
53 15 4655.467961
53 16 4766.812360
53 17 4878.156790
53 18 4989.501203
53 19 5100.845611
53 20 5212.190019
53 21 5323.534426
53 22 5434.878832
53 23 5546.223238
53 24 5657.567643
53 25 5768.912048
53 26 5880.256453
53 27 5991.600859
53 28 6102.945265
53 29 6214.289672
53 30 6325.634079
53 31 6436.978488
53 32 6548.322897
53 33 6659.667307
53 34 6771.011718
53 35 6882.356130
53 36 6993.700543
53 37 7105.044957
53 38 7216.389372
53 39 7327.733788
53 40 7439.078205
53 41 7550.422624
53 42 7661.767043
53 43 7773.111463
53 44 7884.455884
53 45 7995.800306
53 46 8107.144729
53 47 8218.489152
53 48 8329.833576
53 49 8441.178001
53 50 8552.522427
53 51 8663.866853
53 52 8775.211280
53 53 8886.555707
53 54 8997.900135
53 55 9109.244563
53 56 9220.588992
53 57 9331.933421
53 58 9443.277850
53 59 9554.622279
53 60 9665.966709
53 61 9777.311138
53 62 9888.655568
53 63 10000.000000
54 0 0.000000
54 1 6012.671681
54 2 3586.297374
54 3 3107.393364
54 4 3390.438897
54 5 3556.804694
54 6 3657.269444
54 7 3763.735699
54 8 3875.701536
54 9 3987.461686
54 10 4098.777322
54 11 4210.087502
54 12 4321.432521
54 13 4432.779666
54 14 4544.124157
54 15 4655.468346
54 16 4766.812727
54 17 4878.157139
54 18 4989.501534
54 19 5100.845925
54 20 5212.190316
54 21 5323.534706
54 22 5434.879096
54 23 5546.223486
54 24 5657.567876
54 25 5768.912267
54 26 5880.256659
54 27 5991.601051
54 28 6102.945445
54 29 6214.289840
54 30 6325.634236
54 31 6436.978634
54 32 6548.323033
54 33 6659.667434
54 34 6771.011836
54 35 6882.356240
54 36 6993.700645
54 37 7105.045052
54 38 7216.389460
54 39 7327.733869
54 40 7439.078280
54 41 7550.422693
54 42 7661.767107
54 43 7773.111522
54 44 7884.455938
54 45 7995.800356
54 46 8107.144774
54 47 8218.489194
54 48 8329.833614
54 49 8441.178036
54 50 8552.522458
54 51 8663.866881
54 52 8775.211305
54 53 8886.555730
54 54 8997.900155
54 55 9109.244581
54 56 9220.589007
54 57 9331.933433
54 58 9443.277860
54 59 9554.622287
54 60 9665.966715
54 61 9777.311142
54 62 9888.655570
54 63 10000.000000
55 0 0.000000
55 1 6012.674400
55 2 3586.297960
55 3 3107.393827
55 4 3390.439445
55 5 3556.805241
55 6 3657.269982
55 7 3763.736227
55 8 3875.702051
55 9 3987.462187
55 10 4098.777807
55 11 4210.087969
55 12 4321.432969
55 13 4432.780095
55 14 4544.124567
55 15 4655.468737
55 16 4766.813098
55 17 4878.157490
55 18 4989.501867
55 19 5100.846239
55 20 5212.190612
55 21 5323.534985
55 22 5434.879358
55 23 5546.223732
55 24 5657.568107
55 25 5768.912483
55 26 5880.256861
55 27 5991.601240
55 28 6102.945621
55 29 6214.290004
55 30 6325.634389
55 31 6436.978776
55 32 6548.323166
55 33 6659.667557
55 34 6771.011950
55 35 6882.356345
55 36 6993.700743
55 37 7105.045142
55 38 7216.389544
55 39 7327.733947
55 40 7439.078352
55 41 7550.422759
55 42 7661.767168
55 43 7773.111578
55 44 7884.455990
55 45 7995.800403
55 46 8107.144817
55 47 8218.489233
55 48 8329.833650
55 49 8441.178069
55 50 8552.522488
55 51 8663.866908
55 52 8775.211329
55 53 8886.555751
55 54 8997.900174
55 55 9109.244597
55 56 9220.589021
55 57 9331.933445
55 58 9443.277870
55 59 9554.622295
55 60 9665.966720
55 61 9777.311145
55 62 9888.655571
55 63 10000.000000
56 0 0.000000
56 1 6012.677251
56 2 3586.298585
56 3 3107.394318
56 4 3390.440020
56 5 3556.805813
56 6 3657.270541
56 7 3763.736774
56 8 3875.702584
56 9 3987.462702
56 10 4098.778303
56 11 4210.088446
56 12 4321.433426
56 13 4432.780530
56 14 4544.124981
56 15 4655.469130
56 16 4766.813471
56 17 4878.157842
56 18 4989.502199
56 19 5100.846552
56 20 5212.190906
56 21 5323.535260
56 22 5434.879616
56 23 5546.223974
56 24 5657.568333
56 25 5768.912694
56 26 5880.257057
56 27 5991.601423
56 28 6102.945792
56 29 6214.290163
56 30 6325.634536
56 31 6436.978913
56 32 6548.323292
56 33 6659.667674
56 34 6771.012059
56 35 6882.356446
56 36 6993.700836
56 37 7105.045228
56 38 7216.389623
56 39 7327.734020
56 40 7439.078420
56 41 7550.422821
56 42 7661.767225
56 43 7773.111630
56 44 7884.456038
56 45 7995.800447
56 46 8107.144858
56 47 8218.489270
56 48 8329.833684
56 49 8441.178099
56 50 8552.522515
56 51 8663.866933
56 52 8775.211351
56 53 8886.555771
56 54 8997.900191
56 55 9109.244612
56 56 9220.589034
56 57 9331.933456
56 58 9443.277879
56 59 9554.622302
56 60 9665.966725
56 61 9777.311149
56 62 9888.655573
56 63 10000.000000
57 0 0.000000
57 1 6012.680243
57 2 3586.299255
57 3 3107.394841
57 4 3390.440625
57 5 3556.806412
57 6 3657.271124
57 7 3763.737341
57 8 3875.703132
57 9 3987.463231
57 10 4098.778811
57 11 4210.088931
57 12 4321.433888
57 13 4432.780970
57 14 4544.125397
57 15 4655.469524
57 16 4766.813842
57 17 4878.158192
57 18 4989.502527
57 19 5100.846859
57 20 5212.191194
57 21 5323.535530
57 22 5434.879868
57 23 5546.224208
57 24 5657.568551
57 25 5768.912897
57 26 5880.257246
57 27 5991.601598
57 28 6102.945954
57 29 6214.290313
57 30 6325.634676
57 31 6436.979042
57 32 6548.323411
57 33 6659.667784
57 34 6771.012160
57 35 6882.356540
57 36 6993.700922
57 37 7105.045308
57 38 7216.389696
57 39 7327.734088
57 40 7439.078482
57 41 7550.422878
57 42 7661.767277
57 43 7773.111678
57 44 7884.456082
57 45 7995.800487
57 46 8107.144894
57 47 8218.489303
57 48 8329.833714
57 49 8441.178126
57 50 8552.522540
57 51 8663.866955
57 52 8775.211371
57 53 8886.555788
57 54 8997.900207
57 55 9109.244626
57 56 9220.589045
57 57 9331.933466
57 58 9443.277887
57 59 9554.622308
57 60 9665.966730
57 61 9777.311152
57 62 9888.655574
57 63 10000.000000
58 0 0.000000
58 1 6012.683388
58 2 3586.299973
58 3 3107.395396
58 4 3390.441260
58 5 3556.807038
58 6 3657.271730
58 7 3763.737928
58 8 3875.703697
58 9 3987.463772
58 10 4098.779327
58 11 4210.089422
58 12 4321.434354
58 13 4432.781410
58 14 4544.125812
58 15 4655.469914
58 16 4766.814208
58 17 4878.158534
58 18 4989.502847
58 19 5100.847158
58 20 5212.191472
58 21 5323.535789
58 22 5434.880108
58 23 5546.224431
58 24 5657.568758
58 25 5768.913088
58 26 5880.257423
58 27 5991.601762
58 28 6102.946105
58 29 6214.290453
58 30 6325.634804
58 31 6436.979160
58 32 6548.323520
58 33 6659.667885
58 34 6771.012253
58 35 6882.356625
58 36 6993.701000
58 37 7105.045380
58 38 7216.389762
58 39 7327.734148
58 40 7439.078537
58 41 7550.422929
58 42 7661.767324
58 43 7773.111721
58 44 7884.456121
58 45 7995.800523
58 46 8107.144927
58 47 8218.489333
58 48 8329.833741
58 49 8441.178151
58 50 8552.522562
58 51 8663.866975
58 52 8775.211389
58 53 8886.555804
58 54 8997.900220
58 55 9109.244637
58 56 9220.589055
58 57 9331.933474
58 58 9443.277894
58 59 9554.622314
58 60 9665.966734
58 61 9777.311154
58 62 9888.655575
58 63 10000.000000
59 0 0.000000
59 1 6012.686693
59 2 3586.300741
59 3 3107.395985
59 4 3390.441926
59 5 3556.807689
59 6 3657.272356
59 7 3763.738530
59 8 3875.704273
59 9 3987.464320
59 10 4098.779847
59 11 4210.089914
59 12 4321.434817
59 13 4432.781845
59 14 4544.126220
59 15 4655.470295
59 16 4766.814563
59 17 4878.158865
59 18 4989.503154
59 19 5100.847443
59 20 5212.191736
59 21 5323.536032
59 22 5434.880333
59 23 5546.224638
59 24 5657.568949
59 25 5768.913264
59 26 5880.257585
59 27 5991.601911
59 28 6102.946242
59 29 6214.290578
59 30 6325.634919
59 31 6436.979266
59 32 6548.323617
59 33 6659.667973
59 34 6771.012334
59 35 6882.356699
59 36 6993.701069
59 37 7105.045442
59 38 7216.389820
59 39 7327.734201
59 40 7439.078585
59 41 7550.422973
59 42 7661.767364
59 43 7773.111758
59 44 7884.456154
59 45 7995.800553
59 46 8107.144954
59 47 8218.489358
59 48 8329.833764
59 49 8441.178171
59 50 8552.522580
59 51 8663.866991
59 52 8775.211404
59 53 8886.555817
59 54 8997.900232
59 55 9109.244647
59 56 9220.589064
59 57 9331.933482
59 58 9443.277900
59 59 9554.622318
59 60 9665.966737
59 61 9777.311156
59 62 9888.655576
59 63 10000.000000
60 0 0.000000
60 1 6012.690190
60 2 3586.301578
60 3 3107.396620
60 4 3390.442636
60 5 3556.808380
60 6 3657.273015
60 7 3763.739158
60 8 3875.704870
60 9 3987.464884
60 10 4098.780379
60 11 4210.090413
60 12 4321.435284
60 13 4432.782280
60 14 4544.126624
60 15 4655.470670
60 16 4766.814910
60 17 4878.159185
60 18 4989.503449
60 19 5100.847714
60 20 5212.191985
60 21 5323.536261
60 22 5434.880542
60 23 5546.224830
60 24 5657.569124
60 25 5768.913424
60 26 5880.257731
60 27 5991.602044
60 28 6102.946363
60 29 6214.290689
60 30 6325.635020
60 31 6436.979358
60 32 6548.323701
60 33 6659.668050
60 34 6771.012404
60 35 6882.356763
60 36 6993.701127
60 37 7105.045495
60 38 7216.389868
60 39 7327.734244
60 40 7439.078625
60 41 7550.423009
60 42 7661.767397
60 43 7773.111788
60 44 7884.456181
60 45 7995.800578
60 46 8107.144977
60 47 8218.489379
60 48 8329.833782
60 49 8441.178188
60 50 8552.522595
60 51 8663.867005
60 52 8775.211415
60 53 8886.555828
60 54 8997.900241
60 55 9109.244656
60 56 9220.589071
60 57 9331.933487
60 58 9443.277904
60 59 9554.622322
60 60 9665.966740
60 61 9777.311158
60 62 9888.655577
60 63 10000.000000
61 0 0.000000
61 1 6012.694038
61 2 3586.302570
61 3 3107.397367
61 4 3390.443457
61 5 3556.809175
61 6 3657.273769
61 7 3763.739872
61 8 3875.705542
61 9 3987.465516
61 10 4098.780969
61 11 4210.090962
61 12 4321.435793
61 13 4432.782751
61 14 4544.127058
61 15 4655.471068
61 16 4766.815275
61 17 4878.159518
61 18 4989.503752
61 19 5100.847990
61 20 5212.192234
61 21 5323.536487
61 22 5434.880747
61 23 5546.225014
61 24 5657.569290
61 25 5768.913574
61 26 5880.257866
61 27 5991.602165
61 28 6102.946472
61 29 6214.290787
61 30 6325.635109
61 31 6436.979437
61 32 6548.323773
61 33 6659.668114
61 34 6771.012462
61 35 6882.356815
61 36 6993.701174
61 37 7105.045537
61 38 7216.389906
61 39 7327.734279
61 40 7439.078656
61 41 7550.423038
61 42 7661.767422
61 43 7773.111811
61 44 7884.456202
61 45 7995.800597
61 46 8107.144994
61 47 8218.489394
61 48 8329.833796
61 49 8441.178200
61 50 8552.522607
61 51 8663.867015
61 52 8775.211424
61 53 8886.555836
61 54 8997.900248
61 55 9109.244662
61 56 9220.589076
61 57 9331.933492
61 58 9443.277908
61 59 9554.622325
61 60 9665.966742
61 61 9777.311159
61 62 9888.655577
61 63 10000.000000
62 0 0.000000
62 1 6012.698027
62 2 3586.303593
62 3 3107.398129
62 4 3390.444287
62 5 3556.809972
62 6 3657.274516
62 7 3763.740572
62 8 3875.706196
62 9 3987.466123
62 10 4098.781531
62 11 4210.091479
62 12 4321.436267
62 13 4432.783183
62 14 4544.127450
62 15 4655.471423
62 16 4766.815595
62 17 4878.159805
62 18 4989.504010
62 19 5100.848220
62 20 5212.192439
62 21 5323.536669
62 22 5434.880908
62 23 5546.225157
62 24 5657.569416
62 25 5768.913685
62 26 5880.257964
62 27 5991.602252
62 28 6102.946549
62 29 6214.290854
62 30 6325.635168
62 31 6436.979490
62 32 6548.323819
62 33 6659.668155
62 34 6771.012498
62 35 6882.356847
62 36 6993.701202
62 37 7105.045563
62 38 7216.389929
62 39 7327.734299
62 40 7439.078675
62 41 7550.423054
62 42 7661.767437
62 43 7773.111824
62 44 7884.456214
62 45 7995.800608
62 46 8107.145004
62 47 8218.489403
62 48 8329.833804
62 49 8441.178207
62 50 8552.522613
62 51 8663.867020
62 52 8775.211429
62 53 8886.555840
62 54 8997.900252
62 55 9109.244665
62 56 9220.589079
62 57 9331.933494
62 58 9443.277910
62 59 9554.622326
62 60 9665.966743
62 61 9777.311160
62 62 9888.655577
62 63 10000.000000
63 0 0.000000
63 1 6012.698027
63 2 3586.303593
63 3 3107.398129
63 4 3390.444287
63 5 3556.809972
63 6 3657.274516
63 7 3763.740572
63 8 3875.706196
63 9 3987.466123
63 10 4098.781531
63 11 4210.091479
63 12 4321.436267
63 13 4432.783183
63 14 4544.127450
63 15 4655.471423
63 16 4766.815595
63 17 4878.159805
63 18 4989.504010
63 19 5100.848220
63 20 5212.192439
63 21 5323.536669
63 22 5434.880908
63 23 5546.225157
63 24 5657.569416
63 25 5768.913685
63 26 5880.257964
63 27 5991.602252
63 28 6102.946549
63 29 6214.290854
63 30 6325.635168
63 31 6436.979490
63 32 6548.323819
63 33 6659.668155
63 34 6771.012498
63 35 6882.356847
63 36 6993.701202
63 37 7105.045563
63 38 7216.389929
63 39 7327.734299
63 40 7439.078675
63 41 7550.423054
63 42 7661.767437
63 43 7773.111824
63 44 7884.456214
63 45 7995.800608
63 46 8107.145004
63 47 8218.489403
63 48 8329.833804
63 49 8441.178207
63 50 8552.522613
63 51 8663.867020
63 52 8775.211429
63 53 8886.555840
63 54 8997.900252
63 55 9109.244665
63 56 9220.589079
63 57 9331.933494
63 58 9443.277910
63 59 9554.622326
63 60 9665.966743
63 61 9777.311160
63 62 9888.655577
63 63 10000.000000
