0 0 0.000000
0 1 14915.233930
0 2 8488.317315
0 3 7027.786376
0 4 7509.005658
0 5 7690.539253
0 6 7702.884650
0 7 7730.758467
0 8 7772.853948
0 9 7814.412787
0 10 7854.813933
0 11 7895.200890
0 12 7935.679236
0 13 7976.163194
0 14 8016.640153
0 15 8057.116316
0 16 8097.592993
0 17 8138.069756
0 18 8178.546479
0 19 8219.023191
0 20 8259.499904
0 21 8299.976617
0 22 8340.453329
0 23 8380.930041
0 24 8421.406753
0 25 8461.883465
0 26 8502.360179
0 27 8542.836894
0 28 8583.313610
0 29 8623.790327
0 30 8664.267047
0 31 8704.743769
0 32 8745.220492
0 33 8785.697218
0 34 8826.173947
0 35 8866.650678
0 36 8907.127411
0 37 8947.604147
0 38 8988.080885
0 39 9028.557626
0 40 9069.034369
0 41 9109.511115
0 42 9149.987864
0 43 9190.464615
0 44 9230.941368
0 45 9271.418123
0 46 9311.894880
0 47 9352.371640
0 48 9392.848402
0 49 9433.325165
0 50 9473.801930
0 51 9514.278697
0 52 9554.755465
0 53 9595.232235
0 54 9635.709006
0 55 9676.185779
0 56 9716.662552
0 57 9757.139326
0 58 9797.616101
0 59 9838.092877
0 60 9878.569653
0 61 9919.046428
0 62 9959.523206
0 63 10000.000000
1 0 0.000000
1 1 14915.233930
1 2 8488.317315
1 3 7027.786376
1 4 7509.005658
1 5 7690.539253
1 6 7702.884650
1 7 7730.758467
1 8 7772.853948
1 9 7814.412787
1 10 7854.813933
1 11 7895.200890
1 12 7935.679236
1 13 7976.163194
1 14 8016.640153
1 15 8057.116316
1 16 8097.592993
1 17 8138.069756
1 18 8178.546479
1 19 8219.023191
1 20 8259.499904
1 21 8299.976617
1 22 8340.453329
1 23 8380.930041
1 24 8421.406753
1 25 8461.883465
1 26 8502.360179
1 27 8542.836894
1 28 8583.313610
1 29 8623.790327
1 30 8664.267047
1 31 8704.743769
1 32 8745.220492
1 33 8785.697218
1 34 8826.173947
1 35 8866.650678
1 36 8907.127411
1 37 8947.604147
1 38 8988.080885
1 39 9028.557626
1 40 9069.034369
1 41 9109.511115
1 42 9149.987864
1 43 9190.464615
1 44 9230.941368
1 45 9271.418123
1 46 9311.894880
1 47 9352.371640
1 48 9392.848402
1 49 9433.325165
1 50 9473.801930
1 51 9514.278697
1 52 9554.755465
1 53 9595.232235
1 54 9635.709006
1 55 9676.185779
1 56 9716.662552
1 57 9757.139326
1 58 9797.616101
1 59 9838.092877
1 60 9878.569653
1 61 9919.046428
1 62 9959.523206
1 63 10000.000000
2 0 0.000000
2 1 14915.231303
2 2 8488.316605
2 3 7027.785824
2 4 7509.005047
2 5 7690.538646
2 6 7702.884058
2 7 7730.757888
2 8 7772.853383
2 9 7814.412236
2 10 7854.813398
2 11 7895.200370
2 12 7935.678731
2 13 7976.162705
2 14 8016.639680
2 15 8057.115860
2 16 8097.592554
2 17 8138.069333
2 18 8178.546072
2 19 8219.022801
2 20 8259.499530
2 21 8299.976259
2 22 8340.452988
2 23 8380.929715
2 24 8421.406443
2 25 8461.883171
2 26 8502.359899
2 27 8542.836629
2 28 8583.313359
2 29 8623.790091
2 30 8664.266824
2 31 8704.743558
2 32 8745.220294
2 33 8785.697032
2 34 8826.173772
2 35 8866.650514
2 36 8907.127258
2 37 8947.604004
2 38 8988.080752
2 39 9028.557502
2 40 9069.034254
2 41 9109.511009
2 42 9149.987765
2 43 9190.464523
2 44 9230.941283
2 45 9271.418046
2 46 9311.894809
2 47 9352.371575
2 48 9392.848342
2 49 9433.325111
2 50 9473.801881
2 51 9514.278653
2 52 9554.755426
2 53 9595.232200
2 54 9635.708976
2 55 9676.185752
2 56 9716.662529
2 57 9757.139307
2 58 9797.616085
2 59 9838.092865
2 60 9878.569644
2 61 9919.046423
2 62 9959.523203
2 63 10000.000000
3 0 0.000000
3 1 14915.228760
3 2 8488.315911
3 3 7027.785282
3 4 7509.004447
3 5 7690.538049
3 6 7702.883475
3 7 7730.757317
3 8 7772.852824
3 9 7814.411690
3 10 7854.812865
3 11 7895.199851
3 12 7935.678227
3 13 7976.162216
3 14 8016.639206
3 15 8057.115401
3 16 8097.592110
3 17 8138.068905
3 18 8178.545660
3 19 8219.022404
3 20 8259.499149
3 21 8299.975894
3 22 8340.452637
3 23 8380.929380
3 24 8421.406123
3 25 8461.882866
3 26 8502.359609
3 27 8542.836352
3 28 8583.313096
3 29 8623.789841
3 30 8664.266587
3 31 8704.743335
3 32 8745.220083
3 33 8785.696833
3 34 8826.173585
3 35 8866.650338
3 36 8907.127092
3 37 8947.603848
3 38 8988.080606
3 39 9028.557366
3 40 9069.034127
3 41 9109.510890
3 42 9149.987655
3 43 9190.464421
3 44 9230.941188
3 45 9271.417958
3 46 9311.894728
3 47 9352.371500
3 48 9392.848274
3 49 9433.325049
3 50 9473.801825
3 51 9514.278602
3 52 9554.755380
3 53 9595.232159
3 54 9635.708939
3 55 9676.185720
3 56 9716.662502
3 57 9757.139284
3 58 9797.616067
3 59 9838.092850
3 60 9878.569633
3 61 9919.046416
3 62 9959.523201
3 63 10000.000000
4 0 0.000000
4 1 14915.226417
4 2 8488.315310
4 3 7027.784813
4 4 7509.003925
4 5 7690.537531
4 6 7702.882967
4 7 7730.756820
4 8 7772.852337
4 9 7814.411214
4 10 7854.812401
4 11 7895.199399
4 12 7935.677787
4 13 7976.161789
4 14 8016.638791
4 15 8057.115000
4 16 8097.591722
4 17 8138.068530
4 18 8178.545299
4 19 8219.022057
4 20 8259.498815
4 21 8299.975573
4 22 8340.452330
4 23 8380.929086
4 24 8421.405842
4 25 8461.882597
4 26 8502.359353
4 27 8542.836108
4 28 8583.312864
4 29 8623.789621
4 30 8664.266378
4 31 8704.743137
4 32 8745.219896
4 33 8785.696656
4 34 8826.173418
4 35 8866.650180
4 36 8907.126944
4 37 8947.603709
4 38 8988.080476
4 39 9028.557243
4 40 9069.034012
4 41 9109.510783
4 42 9149.987555
4 43 9190.464328
4 44 9230.941102
4 45 9271.417877
4 46 9311.894654
4 47 9352.371432
4 48 9392.848211
4 49 9433.324991
4 50 9473.801772
4 51 9514.278554
4 52 9554.755337
4 53 9595.232121
4 54 9635.708905
4 55 9676.185690
4 56 9716.662476
4 57 9757.139262
4 58 9797.616049
4 59 9838.092836
4 60 9878.569623
4 61 9919.046410
4 62 9959.523198
4 63 10000.000000
5 0 0.000000
5 1 14915.224198
5 2 8488.314755
5 3 7027.784379
5 4 7509.003441
5 5 7690.537048
5 6 7702.882494
5 7 7730.756355
5 8 7772.851881
5 9 7814.410768
5 10 7854.811964
5 11 7895.198973
5 12 7935.677373
5 13 7976.161386
5 14 8016.638400
5 15 8057.114620
5 16 8097.591355
5 17 8138.068175
5 18 8178.544956
5 19 8219.021726
5 20 8259.498497
5 21 8299.975267
5 22 8340.452036
5 23 8380.928804
5 24 8421.405572
5 25 8461.882339
5 26 8502.359106
5 27 8542.835873
5 28 8583.312640
5 29 8623.789407
5 30 8664.266175
5 31 8704.742944
5 32 8745.219713
5 33 8785.696483
5 34 8826.173254
5 35 8866.650025
5 36 8907.126798
5 37 8947.603571
5 38 8988.080346
5 39 9028.557122
5 40 9069.033898
5 41 9109.510676
5 42 9149.987455
5 43 9190.464234
5 44 9230.941015
5 45 9271.417797
5 46 9311.894579
5 47 9352.371363
5 48 9392.848147
5 49 9433.324933
5 50 9473.801719
5 51 9514.278506
5 52 9554.755293
5 53 9595.232082
5 54 9635.708871
5 55 9676.185660
5 56 9716.662450
5 57 9757.139240
5 58 9797.616031
5 59 9838.092822
5 60 9878.569613
5 61 9919.046404
5 62 9959.523196
5 63 10000.000000
6 0 0.000000
6 1 14915.222092
6 2 8488.314235
6 3 7027.783971
6 4 7509.002985
6 5 7690.536593
6 6 7702.882047
6 7 7730.755915
6 8 7772.851449
6 9 7814.410344
6 10 7854.811550
6 11 7895.198568
6 12 7935.676977
6 13 7976.161000
6 14 8016.638025
6 15 8057.114256
6 16 8097.591001
6 17 8138.067833
6 18 8178.544625
6 19 8219.021406
6 20 8259.498188
6 21 8299.974970
6 22 8340.451750
6 23 8380.928529
6 24 8421.405308
6 25 8461.882086
6 26 8502.358863
6 27 8542.835641
6 28 8583.312419
6 29 8623.789196
6 30 8664.265974
6 31 8704.742752
6 32 8745.219531
6 33 8785.696310
6 34 8826.173089
6 35 8866.649870
6 36 8907.126651
6 37 8947.603432
6 38 8988.080215
6 39 9028.556998
6 40 9069.033782
6 41 9109.510567
6 42 9149.987352
6 43 9190.464138
6 44 9230.940926
6 45 9271.417713
6 46 9311.894502
6 47 9352.371291
6 48 9392.848081
6 49 9433.324872
6 50 9473.801663
6 51 9514.278455
6 52 9554.755248
6 53 9595.232041
6 54 9635.708834
6 55 9676.185628
6 56 9716.662422
6 57 9757.139217
6 58 9797.616012
6 59 9838.092807
6 60 9878.569602
6 61 9919.046397
6 62 9959.523193
6 63 10000.000000
7 0 0.000000
7 1 14915.220097
7 2 8488.313752
7 3 7027.783592
7 4 7509.002559
7 5 7690.536167
7 6 7702.881628
7 7 7730.755502
7 8 7772.851042
7 9 7814.409945
7 10 7854.811158
7 11 7895.198184
7 12 7935.676602
7 13 7976.160634
7 14 8016.637668
7 15 8057.113909
7 16 8097.590664
7 17 8138.067505
7 18 8178.544308
7 19 8219.021099
7 20 8259.497891
7 21 8299.974683
7 22 8340.451474
7 23 8380.928263
7 24 8421.405052
7 25 8461.881840
7 26 8502.358628
7 27 8542.835415
7 28 8583.312202
7 29 8623.788989
7 30 8664.265777
7 31 8704.742564
7 32 8745.219351
7 33 8785.696139
7 34 8826.172927
7 35 8866.649716
7 36 8907.126505
7 37 8947.603294
7 38 8988.080084
7 39 9028.556875
7 40 9069.033666
7 41 9109.510457
7 42 9149.987249
7 43 9190.464042
7 44 9230.940835
7 45 9271.417629
7 46 9311.894424
7 47 9352.371219
7 48 9392.848014
7 49 9433.324810
7 50 9473.801607
7 51 9514.278403
7 52 9554.755201
7 53 9595.231999
7 54 9635.708797
7 55 9676.185595
7 56 9716.662394
7 57 9757.139193
7 58 9797.615992
7 59 9838.092791
7 60 9878.569591
7 61 9919.046390
7 62 9959.523190
7 63 10000.000000
8 0 0.000000
8 1 14915.218211
8 2 8488.313304
8 3 7027.783239
8 4 7509.002162
8 5 7690.535770
8 6 7702.881235
8 7 7730.755114
8 8 7772.850660
8 9 7814.409568
8 10 7854.810788
8 11 7895.197822
8 12 7935.676247
8 13 7976.160287
8 14 8016.637329
8 15 8057.113578
8 16 8097.590343
8 17 8138.067193
8 18 8178.544004
8 19 8219.020805
8 20 8259.497607
8 21 8299.974408
8 22 8340.451208
8 23 8380.928007
8 24 8421.404805
8 25 8461.881603
8 26 8502.358400
8 27 8542.835196
8 28 8583.311992
8 29 8623.788788
8 30 8664.265584
8 31 8704.742380
8 32 8745.219176
8 33 8785.695972
8 34 8826.172768
8 35 8866.649564
8 36 8907.126361
8 37 8947.603158
8 38 8988.079955
8 39 9028.556752
8 40 9069.033550
8 41 9109.510348
8 42 9149.987147
8 43 9190.463946
8 44 9230.940745
8 45 9271.417545
8 46 9311.894345
8 47 9352.371146
8 48 9392.847947
8 49 9433.324748
8 50 9473.801549
8 51 9514.278351
8 52 9554.755153
8 53 9595.231956
8 54 9635.708759
8 55 9676.185562
8 56 9716.662365
8 57 9757.139168
8 58 9797.615972
8 59 9838.092776
8 60 9878.569579
8 61 9919.046383
8 62 9959.523187
8 63 10000.000000
9 0 0.000000
9 1 14915.216430
9 2 8488.312889
9 3 7027.782911
9 4 7509.001791
9 5 7690.535398
9 6 7702.880868
9 7 7730.754751
9 8 7772.850301
9 9 7814.409214
9 10 7854.810440
9 11 7895.197479
9 12 7935.675911
9 13 7976.159958
9 14 8016.637008
9 15 8057.113264
9 16 8097.590036
9 17 8138.066895
9 18 8178.543715
9 19 8219.020524
9 20 8259.497334
9 21 8299.974144
9 22 8340.450953
9 23 8380.927760
9 24 8421.404567
9 25 8461.881373
9 26 8502.358179
9 27 8542.834984
9 28 8583.311788
9 29 8623.788593
9 30 8664.265397
9 31 8704.742201
9 32 8745.219004
9 33 8785.695808
9 34 8826.172612
9 35 8866.649416
9 36 8907.126219
9 37 8947.603023
9 38 8988.079827
9 39 9028.556632
9 40 9069.033436
9 41 9109.510241
9 42 9149.987045
9 43 9190.463850
9 44 9230.940656
9 45 9271.417461
9 46 9311.894267
9 47 9352.371073
9 48 9392.847879
9 49 9433.324685
9 50 9473.801492
9 51 9514.278299
9 52 9554.755106
9 53 9595.231913
9 54 9635.708721
9 55 9676.185528
9 56 9716.662336
9 57 9757.139144
9 58 9797.615952
9 59 9838.092760
9 60 9878.569568
9 61 9919.046376
9 62 9959.523184
9 63 10000.000000
10 0 0.000000
10 1 14915.214749
10 2 8488.312506
10 3 7027.782607
10 4 7509.001447
10 5 7690.535052
10 6 7702.880525
10 7 7730.754411
10 8 7772.849964
10 9 7814.408881
10 10 7854.810112
10 11 7895.197156
10 12 7935.675594
10 13 7976.159647
10 14 8016.636703
10 15 8057.112966
10 16 8097.589745
10 17 8138.066611
10 18 8178.543438
10 19 8219.020255
10 20 8259.497074
10 21 8299.973891
10 22 8340.450708
10 23 8380.927524
10 24 8421.404338
10 25 8461.881152
10 26 8502.357966
10 27 8542.834779
10 28 8583.311591
10 29 8623.788403
10 30 8664.265215
10 31 8704.742026
10 32 8745.218838
10 33 8785.695649
10 34 8826.172460
10 35 8866.649270
10 36 8907.126081
10 37 8947.602892
10 38 8988.079702
10 39 9028.556513
10 40 9069.033324
10 41 9109.510134
10 42 9149.986945
10 43 9190.463756
10 44 9230.940567
10 45 9271.417378
10 46 9311.894189
10 47 9352.371001
10 48 9392.847812
10 49 9433.324624
10 50 9473.801435
10 51 9514.278247
10 52 9554.755059
10 53 9595.231871
10 54 9635.708683
10 55 9676.185495
10 56 9716.662307
10 57 9757.139119
10 58 9797.615932
10 59 9838.092744
10 60 9878.569556
10 61 9919.046369
10 62 9959.523181
10 63 10000.000000
11 0 0.000000
11 1 14915.213167
11 2 8488.312153
11 3 7027.782326
11 4 7509.001127
11 5 7690.534730
11 6 7702.880205
11 7 7730.754093
11 8 7772.849649
11 9 7814.408569
11 10 7854.809803
11 11 7895.196852
11 12 7935.675294
11 13 7976.159353
11 14 8016.636414
11 15 8057.112684
11 16 8097.589469
11 17 8138.066341
11 18 8178.543175
11 19 8219.019999
11 20 8259.496825
11 21 8299.973650
11 22 8340.450474
11 23 8380.927296
11 24 8421.404119
11 25 8461.880940
11 26 8502.357761
11 27 8542.834581
11 28 8583.311401
11 29 8623.788220
11 30 8664.265039
11 31 8704.741858
11 32 8745.218676
11 33 8785.695494
11 34 8826.172312
11 35 8866.649129
11 36 8907.125946
11 37 8947.602763
11 38 8988.079580
11 39 9028.556397
11 40 9069.033214
11 41 9109.510030
11 42 9149.986847
11 43 9190.463663
11 44 9230.940480
11 45 9271.417296
11 46 9311.894113
11 47 9352.370929
11 48 9392.847746
11 49 9433.324562
11 50 9473.801379
11 51 9514.278195
11 52 9554.755012
11 53 9595.231829
11 54 9635.708645
11 55 9676.185462
11 56 9716.662278
11 57 9757.139095
11 58 9797.615912
11 59 9838.092728
11 60 9878.569545
11 61 9919.046361
11 62 9959.523178
11 63 10000.000000
12 0 0.000000
12 1 14915.211679
12 2 8488.311828
12 3 7027.782066
12 4 7509.000830
12 5 7690.534431
12 6 7702.879907
12 7 7730.753796
12 8 7772.849353
12 9 7814.408276
12 10 7854.809513
12 11 7895.196566
12 12 7935.675012
12 13 7976.159075
12 14 8016.636142
12 15 8057.112416
12 16 8097.589207
12 17 8138.066085
12 18 8178.542926
12 19 8219.019756
12 20 8259.496587
12 21 8299.973419
12 22 8340.450250
12 23 8380.927079
12 24 8421.403908
12 25 8461.880737
12 26 8502.357564
12 27 8542.834392
12 28 8583.311218
12 29 8623.788044
12 30 8664.264870
12 31 8704.741695
12 32 8745.218520
12 33 8785.695344
12 34 8826.172168
12 35 8866.648992
12 36 8907.125815
12 37 8947.602638
12 38 8988.079461
12 39 9028.556284
12 40 9069.033107
12 41 9109.509929
12 42 9149.986751
12 43 9190.463573
12 44 9230.940395
12 45 9271.417217
12 46 9311.894038
12 47 9352.370860
12 48 9392.847681
12 49 9433.324502
12 50 9473.801324
12 51 9514.278145
12 52 9554.754966
12 53 9595.231787
12 54 9635.708608
12 55 9676.185429
12 56 9716.662250
12 57 9757.139071
12 58 9797.615892
12 59 9838.092713
12 60 9878.569534
12 61 9919.046354
12 62 9959.523175
12 63 10000.000000
13 0 0.000000
13 1 14915.210283
13 2 8488.311529
13 3 7027.781826
13 4 7509.000556
13 5 7690.534153
13 6 7702.879630
13 7 7730.753519
13 8 7772.849078
13 9 7814.408002
13 10 7854.809242
13 11 7895.196297
13 12 7935.674747
13 13 7976.158814
13 14 8016.635884
13 15 8057.112164
13 16 8097.588960
13 17 8138.065843
13 18 8178.542689
13 19 8219.019525
13 20 8259.496362
13 21 8299.973200
13 22 8340.450036
13 23 8380.926872
13 24 8421.403708
13 25 8461.880542
13 26 8502.357376
13 27 8542.834210
13 28 8583.311043
13 29 8623.787875
13 30 8664.264707
13 31 8704.741538
13 32 8745.218369
13 33 8785.695200
13 34 8826.172030
13 35 8866.648859
13 36 8907.125689
13 37 8947.602518
13 38 8988.079346
13 39 9028.556175
13 40 9069.033003
13 41 9109.509830
13 42 9149.986658
13 43 9190.463485
13 44 9230.940312
13 45 9271.417139
13 46 9311.893965
13 47 9352.370791
13 48 9392.847618
13 49 9433.324444
13 50 9473.801270
13 51 9514.278095
13 52 9554.754921
13 53 9595.231746
13 54 9635.708572
13 55 9676.185397
13 56 9716.662222
13 57 9757.139047
13 58 9797.615873
13 59 9838.092698
13 60 9878.569523
13 61 9919.046347
13 62 9959.523173
13 63 10000.000000
14 0 0.000000
14 1 14915.208976
14 2 8488.311255
14 3 7027.781606
14 4 7509.000302
14 5 7690.533896
14 6 7702.879372
14 7 7730.753261
14 8 7772.848821
14 9 7814.407747
14 10 7854.808988
14 11 7895.196045
14 12 7935.674498
14 13 7976.158568
14 14 8016.635642
14 15 8057.111926
14 16 8097.588726
14 17 8138.065614
14 18 8178.542465
14 19 8219.019306
14 20 8259.496148
14 21 8299.972991
14 22 8340.449834
14 23 8380.926675
14 24 8421.403516
14 25 8461.880357
14 26 8502.357197
14 27 8542.834036
14 28 8583.310875
14 29 8623.787713
14 30 8664.264551
14 31 8704.741388
14 32 8745.218225
14 33 8785.695061
14 34 8826.171897
14 35 8866.648732
14 36 8907.125567
14 37 8947.602401
14 38 8988.079235
14 39 9028.556069
14 40 9069.032902
14 41 9109.509735
14 42 9149.986568
14 43 9190.463400
14 44 9230.940232
14 45 9271.417063
14 46 9311.893894
14 47 9352.370725
14 48 9392.847556
14 49 9433.324387
14 50 9473.801217
14 51 9514.278047
14 52 9554.754877
14 53 9595.231707
14 54 9635.708536
14 55 9676.185366
14 56 9716.662195
14 57 9757.139024
14 58 9797.615854
14 59 9838.092683
14 60 9878.569512
14 61 9919.046341
14 62 9959.523170
14 63 10000.000000
15 0 0.000000
15 1 14915.207754
15 2 8488.311005
15 3 7027.781404
15 4 7509.000068
15 5 7690.533659
15 6 7702.879134
15 7 7730.753022
15 8 7772.848582
15 9 7814.407508
15 10 7854.808751
15 11 7895.195810
15 12 7935.674265
15 13 7976.158338
15 14 8016.635415
15 15 8057.111702
15 16 8097.588506
15 17 8138.065398
15 18 8178.542253
15 19 8219.019099
15 20 8259.495946
15 21 8299.972794
15 22 8340.449642
15 23 8380.926489
15 24 8421.403335
15 25 8461.880181
15 26 8502.357026
15 27 8542.833871
15 28 8583.310715
15 29 8623.787559
15 30 8664.264402
15 31 8704.741245
15 32 8745.218087
15 33 8785.694928
15 34 8826.171769
15 35 8866.648610
15 36 8907.125450
15 37 8947.602290
15 38 8988.079129
15 39 9028.555967
15 40 9069.032806
15 41 9109.509643
15 42 9149.986481
15 43 9190.463318
15 44 9230.940154
15 45 9271.416990
15 46 9311.893826
15 47 9352.370662
15 48 9392.847497
15 49 9433.324332
15 50 9473.801166
15 51 9514.278001
15 52 9554.754835
15 53 9595.231668
15 54 9635.708502
15 55 9676.185336
15 56 9716.662169
15 57 9757.139002
15 58 9797.615835
15 59 9838.092668
15 60 9878.569501
15 61 9919.046334
15 62 9959.523167
15 63 10000.000000
16 0 0.000000
16 1 14915.206616
16 2 8488.310777
16 3 7027.781219
16 4 7508.999853
16 5 7690.533440
16 6 7702.878914
16 7 7730.752801
16 8 7772.848360
16 9 7814.407287
16 10 7854.808530
16 11 7895.195591
16 12 7935.674047
16 13 7976.158122
16 14 8016.635203
16 15 8057.111493
16 16 8097.588300
16 17 8138.065196
16 18 8178.542054
16 19 8219.018904
16 20 8259.495756
16 21 8299.972609
16 22 8340.449461
16 23 8380.926312
16 24 8421.403163
16 25 8461.880014
16 26 8502.356864
16 27 8542.833714
16 28 8583.310563
16 29 8623.787412
16 30 8664.264260
16 31 8704.741108
16 32 8745.217955
16 33 8785.694802
16 34 8826.171648
16 35 8866.648494
16 36 8907.125339
16 37 8947.602183
16 38 8988.079027
16 39 9028.555870
16 40 9069.032713
16 41 9109.509556
16 42 9149.986397
16 43 9190.463239
16 44 9230.940080
16 45 9271.416920
16 46 9311.893761
16 47 9352.370600
16 48 9392.847440
16 49 9433.324279
16 50 9473.801117
16 51 9514.277956
16 52 9554.754794
16 53 9595.231632
16 54 9635.708469
16 55 9676.185307
16 56 9716.662144
16 57 9757.138981
16 58 9797.615818
16 59 9838.092655
16 60 9878.569491
16 61 9919.046328
16 62 9959.523164
16 63 10000.000000
17 0 0.000000
17 1 14915.205559
17 2 8488.310569
17 3 7027.781050
17 4 7508.999656
17 5 7690.533240
17 6 7702.878711
17 7 7730.752597
17 8 7772.848155
17 9 7814.407081
17 10 7854.808325
17 11 7895.195387
17 12 7935.673845
17 13 7976.157921
17 14 8016.635004
17 15 8057.111297
17 16 8097.588107
17 17 8138.065006
17 18 8178.541868
17 19 8219.018722
17 20 8259.495577
17 21 8299.972434
17 22 8340.449290
17 23 8380.926146
17 24 8421.403002
17 25 8461.879857
17 26 8502.356712
17 27 8542.833566
17 28 8583.310420
17 29 8623.787274
17 30 8664.264127
17 31 8704.740979
17 32 8745.217831
17 33 8785.694682
17 34 8826.171533
17 35 8866.648383
17 36 8907.125233
17 37 8947.602082
17 38 8988.078930
17 39 9028.555778
17 40 9069.032625
17 41 9109.509472
17 42 9149.986318
17 43 9190.463164
17 44 9230.940009
17 45 9271.416854
17 46 9311.893698
17 47 9352.370542
17 48 9392.847385
17 49 9433.324228
17 50 9473.801071
17 51 9514.277913
17 52 9554.754755
17 53 9595.231596
17 54 9635.708438
17 55 9676.185279
17 56 9716.662120
17 57 9757.138960
17 58 9797.615801
17 59 9838.092641
17 60 9878.569482
17 61 9919.046322
17 62 9959.523162
17 63 10000.000000
18 0 0.000000
18 1 14915.204580
18 2 8488.310381
18 3 7027.780896
18 4 7508.999476
18 5 7690.533056
18 6 7702.878525
18 7 7730.752409
18 8 7772.847966
18 9 7814.406892
18 10 7854.808136
18 11 7895.195198
18 12 7935.673657
18 13 7976.157735
18 14 8016.634820
18 15 8057.111114
18 16 8097.587927
18 17 8138.064829
18 18 8178.541694
18 19 8219.018551
18 20 8259.495410
18 21 8299.972271
18 22 8340.449131
18 23 8380.925990
18 24 8421.402850
18 25 8461.879709
18 26 8502.356569
18 27 8542.833427
18 28 8583.310286
18 29 8623.787143
18 30 8664.264001
18 31 8704.740857
18 32 8745.217714
18 33 8785.694569
18 34 8826.171424
18 35 8866.648279
18 36 8907.125133
18 37 8947.601986
18 38 8988.078839
18 39 9028.555691
18 40 9069.032542
18 41 9109.509393
18 42 9149.986243
18 43 9190.463093
18 44 9230.939942
18 45 9271.416791
18 46 9311.893639
18 47 9352.370486
18 48 9392.847333
18 49 9433.324180
18 50 9473.801026
18 51 9514.277872
18 52 9554.754718
18 53 9595.231563
18 54 9635.708408
18 55 9676.185252
18 56 9716.662097
18 57 9757.138941
18 58 9797.615785
18 59 9838.092629
18 60 9878.569472
18 61 9919.046316
18 62 9959.523160
18 63 10000.000000
19 0 0.000000
19 1 14915.203678
19 2 8488.310212
19 3 7027.780757
19 4 7508.999312
19 5 7690.532888
19 6 7702.878355
19 7 7730.752237
19 8 7772.847793
19 9 7814.406718
19 10 7854.807961
19 11 7895.195024
19 12 7935.673484
19 13 7976.157563
19 14 8016.634649
19 15 8057.110946
19 16 8097.587761
19 17 8138.064665
19 18 8178.541533
19 19 8219.018393
19 20 8259.495255
19 21 8299.972119
19 22 8340.448982
19 23 8380.925845
19 24 8421.402709
19 25 8461.879572
19 26 8502.356435
19 27 8542.833297
19 28 8583.310160
19 29 8623.787021
19 30 8664.263883
19 31 8704.740744
19 32 8745.217604
19 33 8785.694463
19 34 8826.171323
19 35 8866.648181
19 36 8907.125039
19 37 8947.601896
19 38 8988.078753
19 39 9028.555608
19 40 9069.032464
19 41 9109.509318
19 42 9149.986172
19 43 9190.463026
19 44 9230.939879
19 45 9271.416731
19 46 9311.893583
19 47 9352.370434
19 48 9392.847284
19 49 9433.324135
19 50 9473.800984
19 51 9514.277834
19 52 9554.754683
19 53 9595.231531
19 54 9635.708379
19 55 9676.185227
19 56 9716.662075
19 57 9757.138922
19 58 9797.615770
19 59 9838.092617
19 60 9878.569464
19 61 9919.046311
19 62 9959.523157
19 63 10000.000000
20 0 0.000000
20 1 14915.202851
20 2 8488.310060
20 3 7027.780631
20 4 7508.999164
20 5 7690.532736
20 6 7702.878200
20 7 7730.752080
20 8 7772.847634
20 9 7814.406558
20 10 7854.807801
20 11 7895.194864
20 12 7935.673325
20 13 7976.157405
20 14 8016.634492
20 15 8057.110790
20 16 8097.587607
20 17 8138.064514
20 18 8178.541384
20 19 8219.018246
20 20 8259.495111
20 21 8299.971978
20 22 8340.448844
20 23 8380.925711
20 24 8421.402578
20 25 8461.879444
20 26 8502.356311
20 27 8542.833177
20 28 8583.310043
20 29 8623.786908
20 30 8664.263773
20 31 8704.740637
20 32 8745.217501
20 33 8785.694365
20 34 8826.171228
20 35 8866.648090
20 36 8907.124951
20 37 8947.601812
20 38 8988.078672
20 39 9028.555532
20 40 9069.032391
20 41 9109.509249
20 42 9149.986106
20 43 9190.462963
20 44 9230.939819
20 45 9271.416675
20 46 9311.893530
20 47 9352.370385
20 48 9392.847239
20 49 9433.324092
20 50 9473.800945
20 51 9514.277798
20 52 9554.754650
20 53 9595.231501
20 54 9635.708353
20 55 9676.185204
20 56 9716.662055
20 57 9757.138905
20 58 9797.615755
20 59 9838.092606
20 60 9878.569456
20 61 9919.046306
20 62 9959.523155
20 63 10000.000000
21 0 0.000000
21 1 14915.202096
21 2 8488.309924
21 3 7027.780518
21 4 7508.999030
21 5 7690.532598
21 6 7702.878060
21 7 7730.751938
21 8 7772.847490
21 9 7814.406414
21 10 7854.807656
21 11 7895.194718
21 12 7935.673179
21 13 7976.157260
21 14 8016.634348
21 15 8057.110648
21 16 8097.587466
21 17 8138.064375
21 18 8178.541247
21 19 8219.018112
21 20 8259.494979
21 21 8299.971848
21 22 8340.448718
21 23 8380.925587
21 24 8421.402457
21 25 8461.879326
21 26 8502.356196
21 27 8542.833065
21 28 8583.309934
21 29 8623.786803
21 30 8664.263672
21 31 8704.740539
21 32 8745.217407
21 33 8785.694273
21 34 8826.171140
21 35 8866.648005
21 36 8907.124870
21 37 8947.601734
21 38 8988.078598
21 39 9028.555460
21 40 9069.032323
21 41 9109.509184
21 42 9149.986045
21 43 9190.462905
21 44 9230.939764
21 45 9271.416623
21 46 9311.893481
21 47 9352.370339
21 48 9392.847196
21 49 9433.324053
21 50 9473.800909
21 51 9514.277764
21 52 9554.754619
21 53 9595.231474
21 54 9635.708328
21 55 9676.185182
21 56 9716.662036
21 57 9757.138889
21 58 9797.615742
21 59 9838.092595
21 60 9878.569448
21 61 9919.046301
21 62 9959.523153
21 63 10000.000000
22 0 0.000000
22 1 14915.201413
22 2 8488.309803
22 3 7027.780418
22 4 7508.998911
22 5 7690.532475
22 6 7702.877934
22 7 7730.751810
22 8 7772.847361
22 9 7814.406283
22 10 7854.807524
22 11 7895.194587
22 12 7935.673047
22 13 7976.157129
22 14 8016.634218
22 15 8057.110518
22 16 8097.587338
22 17 8138.064248
22 18 8178.541122
22 19 8219.017989
22 20 8259.494859
22 21 8299.971730
22 22 8340.448602
22 23 8380.925474
22 24 8421.402346
22 25 8461.879219
22 26 8502.356091
22 27 8542.832963
22 28 8583.309835
22 29 8623.786707
22 30 8664.263579
22 31 8704.740449
22 32 8745.217320
22 33 8785.694190
22 34 8826.171059
22 35 8866.647927
22 36 8907.124795
22 37 8947.601663
22 38 8988.078529
22 39 9028.555395
22 40 9069.032260
22 41 9109.509125
22 42 9149.985988
22 43 9190.462851
22 44 9230.939714
22 45 9271.416575
22 46 9311.893436
22 47 9352.370297
22 48 9392.847157
22 49 9433.324016
22 50 9473.800875
22 51 9514.277733
22 52 9554.754591
22 53 9595.231448
22 54 9635.708305
22 55 9676.185162
22 56 9716.662018
22 57 9757.138874
22 58 9797.615730
22 59 9838.092585
22 60 9878.569441
22 61 9919.046297
22 62 9959.523152
22 63 10000.000000
23 0 0.000000
23 1 14915.200800
23 2 8488.309697
23 3 7027.780329
23 4 7508.998804
23 5 7690.532366
23 6 7702.877822
23 7 7730.751695
23 8 7772.847245
23 9 7814.406165
23 10 7854.807406
23 11 7895.194468
23 12 7935.672929
23 13 7976.157011
23 14 8016.634100
23 15 8057.110402
23 16 8097.587223
23 17 8138.064134
23 18 8178.541010
23 19 8219.017878
23 20 8259.494750
23 21 8299.971623
23 22 8340.448497
23 23 8380.925372
23 24 8421.402246
23 25 8461.879121
23 26 8502.355996
23 27 8542.832871
23 28 8583.309746
23 29 8623.786620
23 30 8664.263494
23 31 8704.740368
23 32 8745.217241
23 33 8785.694113
23 34 8826.170985
23 35 8866.647857
23 36 8907.124727
23 37 8947.601597
23 38 8988.078467
23 39 9028.555335
23 40 9069.032203
23 41 9109.509070
23 42 9149.985937
23 43 9190.462802
23 44 9230.939667
23 45 9271.416532
23 46 9311.893395
23 47 9352.370258
23 48 9392.847121
23 49 9433.323983
23 50 9473.800844
23 51 9514.277705
23 52 9554.754565
23 53 9595.231425
23 54 9635.708284
23 55 9676.185143
23 56 9716.662002
23 57 9757.138860
23 58 9797.615719
23 59 9838.092577
23 60 9878.569434
23 61 9919.046293
23 62 9959.523150
23 63 10000.000000
24 0 0.000000
24 1 14915.200256
24 2 8488.309604
24 3 7027.780252
24 4 7508.998711
24 5 7690.532269
24 6 7702.877723
24 7 7730.751594
24 8 7772.847142
24 9 7814.406062
24 10 7854.807302
24 11 7895.194363
24 12 7935.672824
24 13 7976.156905
24 14 8016.633996
24 15 8057.110298
24 16 8097.587120
24 17 8138.064032
24 18 8178.540910
24 19 8219.017779
24 20 8259.494653
24 21 8299.971528
24 22 8340.448404
24 23 8380.925280
24 24 8421.402157
24 25 8461.879034
24 26 8502.355911
24 27 8542.832788
24 28 8583.309665
24 29 8623.786542
24 30 8664.263418
24 31 8704.740294
24 32 8745.217170
24 33 8785.694045
24 34 8826.170920
24 35 8866.647793
24 36 8907.124666
24 37 8947.601539
24 38 8988.078411
24 39 9028.555282
24 40 9069.032152
24 41 9109.509022
24 42 9149.985890
24 43 9190.462758
24 44 9230.939626
24 45 9271.416492
24 46 9311.893358
24 47 9352.370224
24 48 9392.847089
24 49 9433.323953
24 50 9473.800816
24 51 9514.277679
24 52 9554.754542
24 53 9595.231404
24 54 9635.708265
24 55 9676.185127
24 56 9716.661988
24 57 9757.138848
24 58 9797.615709
24 59 9838.092569
24 60 9878.569429
24 61 9919.046289
24 62 9959.523148
24 63 10000.000000
25 0 0.000000
25 1 14915.199778
25 2 8488.309524
25 3 7027.780185
25 4 7508.998630
25 5 7690.532185
25 6 7702.877637
25 7 7730.751506
25 8 7772.847052
25 9 7814.405971
25 10 7854.807210
25 11 7895.194271
25 12 7935.672732
25 13 7976.156813
25 14 8016.633904
25 15 8057.110207
25 16 8097.587030
25 17 8138.063943
25 18 8178.540821
25 19 8219.017692
25 20 8259.494567
25 21 8299.971444
25 22 8340.448321
25 23 8380.925199
25 24 8421.402078
25 25 8461.878957
25 26 8502.355836
25 27 8542.832715
25 28 8583.309594
25 29 8623.786473
25 30 8664.263352
25 31 8704.740230
25 32 8745.217107
25 33 8785.693985
25 34 8826.170861
25 35 8866.647737
25 36 8907.124612
25 37 8947.601487
25 38 8988.078361
25 39 9028.555234
25 40 9069.032107
25 41 9109.508978
25 42 9149.985849
25 43 9190.462719
25 44 9230.939589
25 45 9271.416458
25 46 9311.893326
25 47 9352.370193
25 48 9392.847060
25 49 9433.323926
25 50 9473.800792
25 51 9514.277657
25 52 9554.754521
25 53 9595.231385
25 54 9635.708249
25 55 9676.185112
25 56 9716.661975
25 57 9757.138837
25 58 9797.615700
25 59 9838.092562
25 60 9878.569424
25 61 9919.046286
25 62 9959.523147
25 63 10000.000000
26 0 0.000000
26 1 14915.199368
26 2 8488.309457
26 3 7027.780128
26 4 7508.998561
26 5 7690.532114
26 6 7702.877564
26 7 7730.751431
26 8 7772.846976
26 9 7814.405893
26 10 7854.807131
26 11 7895.194192
26 12 7935.672652
26 13 7976.156734
26 14 8016.633825
26 15 8057.110128
26 16 8097.586952
26 17 8138.063866
26 18 8178.540745
26 19 8219.017617
26 20 8259.494493
26 21 8299.971371
26 22 8340.448250
26 23 8380.925130
26 24 8421.402010
26 25 8461.878890
26 26 8502.355771
26 27 8542.832652
26 28 8583.309532
26 29 8623.786413
26 30 8664.263293
26 31 8704.740173
26 32 8745.217053
26 33 8785.693932
26 34 8826.170810
26 35 8866.647688
26 36 8907.124565
26 37 8947.601442
26 38 8988.078318
26 39 9028.555193
26 40 9069.032067
26 41 9109.508941
26 42 9149.985813
26 43 9190.462685
26 44 9230.939557
26 45 9271.416427
26 46 9311.893297
26 47 9352.370166
26 48 9392.847035
26 49 9433.323903
26 50 9473.800770
26 51 9514.277637
26 52 9554.754503
26 53 9595.231369
26 54 9635.708234
26 55 9676.185099
26 56 9716.661964
26 57 9757.138828
26 58 9797.615692
26 59 9838.092555
26 60 9878.569419
26 61 9919.046283
26 62 9959.523146
26 63 10000.000000
27 0 0.000000
27 1 14915.199023
27 2 8488.309402
27 3 7027.780081
27 4 7508.998504
27 5 7690.532055
27 6 7702.877503
27 7 7730.751368
27 8 7772.846911
27 9 7814.405828
27 10 7854.807066
27 11 7895.194126
27 12 7935.672586
27 13 7976.156668
27 14 8016.633759
27 15 8057.110062
27 16 8097.586886
27 17 8138.063801
27 18 8178.540681
27 19 8219.017554
27 20 8259.494431
27 21 8299.971310
27 22 8340.448190
27 23 8380.925071
27 24 8421.401952
27 25 8461.878834
27 26 8502.355716
27 27 8542.832598
27 28 8583.309480
27 29 8623.786362
27 30 8664.263244
27 31 8704.740126
27 32 8745.217007
27 33 8785.693887
27 34 8826.170767
27 35 8866.647647
27 36 8907.124526
27 37 8947.601404
27 38 8988.078281
27 39 9028.555158
27 40 9069.032033
27 41 9109.508909
27 42 9149.985783
27 43 9190.462656
27 44 9230.939529
27 45 9271.416401
27 46 9311.893273
27 47 9352.370143
27 48 9392.847014
27 49 9433.323883
27 50 9473.800752
27 51 9514.277620
27 52 9554.754488
27 53 9595.231355
27 54 9635.708222
27 55 9676.185088
27 56 9716.661954
27 57 9757.138820
27 58 9797.615685
27 59 9838.092550
27 60 9878.569415
27 61 9919.046281
27 62 9959.523145
27 63 10000.000000
28 0 0.000000
28 1 14915.198742
28 2 8488.309358
28 3 7027.780044
28 4 7508.998458
28 5 7690.532007
28 6 7702.877453
28 7 7730.751317
28 8 7772.846860
28 9 7814.405775
28 10 7854.807012
28 11 7895.194072
28 12 7935.672532
28 13 7976.156614
28 14 8016.633705
28 15 8057.110008
28 16 8097.586833
28 17 8138.063748
28 18 8178.540628
28 19 8219.017502
28 20 8259.494380
28 21 8299.971260
28 22 8340.448141
28 23 8380.925022
28 24 8421.401905
28 25 8461.878788
28 26 8502.355671
28 27 8542.832554
28 28 8583.309438
28 29 8623.786321
28 30 8664.263204
28 31 8704.740087
28 32 8745.216969
28 33 8785.693851
28 34 8826.170732
28 35 8866.647613
28 36 8907.124493
28 37 8947.601372
28 38 8988.078251
28 39 9028.555129
28 40 9069.032006
28 41 9109.508882
28 42 9149.985758
28 43 9190.462633
28 44 9230.939507
28 45 9271.416380
28 46 9311.893253
28 47 9352.370125
28 48 9392.846996
28 49 9433.323867
28 50 9473.800737
28 51 9514.277606
28 52 9554.754475
28 53 9595.231343
28 54 9635.708211
28 55 9676.185079
28 56 9716.661946
28 57 9757.138813
28 58 9797.615680
28 59 9838.092546
28 60 9878.569412
28 61 9919.046279
28 62 9959.523144
28 63 10000.000000
29 0 0.000000
29 1 14915.198526
29 2 8488.309324
29 3 7027.780016
29 4 7508.998423
29 5 7690.531971
29 6 7702.877416
29 7 7730.751278
29 8 7772.846820
29 9 7814.405735
29 10 7854.806972
29 11 7895.194031
29 12 7935.672490
29 13 7976.156572
29 14 8016.633663
29 15 8057.109967
29 16 8097.586792
29 17 8138.063707
29 18 8178.540588
29 19 8219.017462
29 20 8259.494341
29 21 8299.971221
29 22 8340.448103
29 23 8380.924985
29 24 8421.401868
29 25 8461.878752
29 26 8502.355636
29 27 8542.832520
29 28 8583.309405
29 29 8623.786289
29 30 8664.263173
29 31 8704.740057
29 32 8745.216940
29 33 8785.693823
29 34 8826.170705
29 35 8866.647587
29 36 8907.124468
29 37 8947.601348
29 38 8988.078227
29 39 9028.555106
29 40 9069.031984
29 41 9109.508862
29 42 9149.985738
29 43 9190.462614
29 44 9230.939489
29 45 9271.416364
29 46 9311.893237
29 47 9352.370110
29 48 9392.846982
29 49 9433.323854
29 50 9473.800725
29 51 9514.277595
29 52 9554.754465
29 53 9595.231335
29 54 9635.708203
29 55 9676.185072
29 56 9716.661940
29 57 9757.138808
29 58 9797.615675
29 59 9838.092543
29 60 9878.569410
29 61 9919.046277
29 62 9959.523144
29 63 10000.000000
30 0 0.000000
30 1 14915.198374
30 2 8488.309302
30 3 7027.779997
30 4 7508.998399
30 5 7690.531946
30 6 7702.877390
30 7 7730.751252
30 8 7772.846793
30 9 7814.405707
30 10 7854.806943
30 11 7895.194002
30 12 7935.672461
30 13 7976.156543
30 14 8016.633634
30 15 8057.109938
30 16 8097.586763
30 17 8138.063679
30 18 8178.540560
30 19 8219.017434
30 20 8259.494313
30 21 8299.971194
30 22 8340.448076
30 23 8380.924959
30 24 8421.401843
30 25 8461.878727
30 26 8502.355611
30 27 8542.832496
30 28 8583.309381
30 29 8623.786266
30 30 8664.263151
30 31 8704.740035
30 32 8745.216919
30 33 8785.693802
30 34 8826.170685
30 35 8866.647568
30 36 8907.124449
30 37 8947.601330
30 38 8988.078211
30 39 9028.555090
30 40 9069.031969
30 41 9109.508847
30 42 9149.985724
30 43 9190.462601
30 44 9230.939477
30 45 9271.416352
30 46 9311.893226
30 47 9352.370100
30 48 9392.846973
30 49 9433.323845
30 50 9473.800717
30 51 9514.277588
30 52 9554.754458
30 53 9595.231328
30 54 9635.708198
30 55 9676.185067
30 56 9716.661936
30 57 9757.138804
30 58 9797.615672
30 59 9838.092540
30 60 9878.569408
30 61 9919.046276
30 62 9959.523143
30 63 10000.000000
31 0 0.000000
31 1 14915.198286
31 2 8488.309290
31 3 7027.779987
31 4 7508.998386
31 5 7690.531932
31 6 7702.877375
31 7 7730.751237
31 8 7772.846777
31 9 7814.405691
31 10 7854.806927
31 11 7895.193986
31 12 7935.672445
31 13 7976.156526
31 14 8016.633618
31 15 8057.109922
31 16 8097.586746
31 17 8138.063662
31 18 8178.540543
31 19 8219.017418
31 20 8259.494297
31 21 8299.971178
31 22 8340.448060
31 23 8380.924944
31 24 8421.401828
31 25 8461.878712
31 26 8502.355597
31 27 8542.832482
31 28 8583.309367
31 29 8623.786253
31 30 8664.263138
31 31 8704.740022
31 32 8745.216907
31 33 8785.693790
31 34 8826.170674
31 35 8866.647557
31 36 8907.124439
31 37 8947.601320
31 38 8988.078201
31 39 9028.555081
31 40 9069.031960
31 41 9109.508838
31 42 9149.985716
31 43 9190.462593
31 44 9230.939469
31 45 9271.416345
31 46 9311.893219
31 47 9352.370093
31 48 9392.846967
31 49 9433.323839
31 50 9473.800711
31 51 9514.277583
31 52 9554.754454
31 53 9595.231324
31 54 9635.708194
31 55 9676.185064
31 56 9716.661933
31 57 9757.138802
31 58 9797.615670
31 59 9838.092539
31 60 9878.569407
31 61 9919.046275
31 62 9959.523143
31 63 10000.000000
32 0 0.000000
32 1 14915.198261
32 2 8488.309289
32 3 7027.779986
32 4 7508.998383
32 5 7690.531929
32 6 7702.877372
32 7 7730.751233
32 8 7772.846774
32 9 7814.405688
32 10 7854.806923
32 11 7895.193982
32 12 7935.672441
32 13 7976.156522
32 14 8016.633613
32 15 8057.109917
32 16 8097.586742
32 17 8138.063658
32 18 8178.540539
32 19 8219.017414
32 20 8259.494292
32 21 8299.971174
32 22 8340.448056
32 23 8380.924939
32 24 8421.401823
32 25 8461.878708
32 26 8502.355593
32 27 8542.832478
32 28 8583.309363
32 29 8623.786248
32 30 8664.263134
32 31 8704.740018
32 32 8745.216903
32 33 8785.693787
32 34 8826.170670
32 35 8866.647553
32 36 8907.124435
32 37 8947.601317
32 38 8988.078198
32 39 9028.555078
32 40 9069.031957
32 41 9109.508836
32 42 9149.985713
32 43 9190.462590
32 44 9230.939467
32 45 9271.416342
32 46 9311.893217
32 47 9352.370091
32 48 9392.846965
32 49 9433.323837
32 50 9473.800710
32 51 9514.277581
32 52 9554.754452
32 53 9595.231323
32 54 9635.708193
32 55 9676.185063
32 56 9716.661932
32 57 9757.138801
32 58 9797.615670
32 59 9838.092538
32 60 9878.569406
32 61 9919.046275
32 62 9959.523143
32 63 10000.000000
33 0 0.000000
33 1 14915.198299
33 2 8488.309298
33 3 7027.779993
33 4 7508.998392
33 5 7690.531938
33 6 7702.877381
33 7 7730.751242
33 8 7772.846782
33 9 7814.405696
33 10 7854.806932
33 11 7895.193990
33 12 7935.672449
33 13 7976.156531
33 14 8016.633621
33 15 8057.109925
33 16 8097.586750
33 17 8138.063665
33 18 8178.540546
33 19 8219.017421
33 20 8259.494300
33 21 8299.971181
33 22 8340.448063
33 23 8380.924946
33 24 8421.401829
33 25 8461.878714
33 26 8502.355599
33 27 8542.832484
33 28 8583.309369
33 29 8623.786254
33 30 8664.263139
33 31 8704.740023
33 32 8745.216907
33 33 8785.693791
33 34 8826.170674
33 35 8866.647557
33 36 8907.124439
33 37 8947.601320
33 38 8988.078201
33 39 9028.555081
33 40 9069.031960
33 41 9109.508838
33 42 9149.985716
33 43 9190.462593
33 44 9230.939469
33 45 9271.416345
33 46 9311.893219
33 47 9352.370093
33 48 9392.846967
33 49 9433.323839
33 50 9473.800711
33 51 9514.277583
33 52 9554.754454
33 53 9595.231324
33 54 9635.708194
33 55 9676.185064
33 56 9716.661933
33 57 9757.138802
33 58 9797.615670
33 59 9838.092539
33 60 9878.569407
33 61 9919.046275
33 62 9959.523143
33 63 10000.000000
34 0 0.000000
34 1 14915.198401
34 2 8488.309317
34 3 7027.780010
34 4 7508.998411
34 5 7690.531957
34 6 7702.877401
34 7 7730.751262
34 8 7772.846803
34 9 7814.405717
34 10 7854.806953
34 11 7895.194011
34 12 7935.672470
34 13 7976.156551
34 14 8016.633642
34 15 8057.109945
34 16 8097.586770
34 17 8138.063685
34 18 8178.540566
34 19 8219.017440
34 20 8259.494318
34 21 8299.971199
34 22 8340.448080
34 23 8380.924963
34 24 8421.401846
34 25 8461.878730
34 26 8502.355615
34 27 8542.832499
34 28 8583.309384
34 29 8623.786268
34 30 8664.263153
34 31 8704.740037
34 32 8745.216920
34 33 8785.693804
34 34 8826.170686
34 35 8866.647569
34 36 8907.124450
34 37 8947.601331
34 38 8988.078211
34 39 9028.555091
34 40 9069.031969
34 41 9109.508847
34 42 9149.985724
34 43 9190.462601
34 44 9230.939477
34 45 9271.416352
34 46 9311.893226
34 47 9352.370099
34 48 9392.846972
34 49 9433.323845
34 50 9473.800716
34 51 9514.277587
34 52 9554.754458
34 53 9595.231328
34 54 9635.708197
34 55 9676.185067
34 56 9716.661935
34 57 9757.138804
34 58 9797.615672
34 59 9838.092540
34 60 9878.569408
34 61 9919.046276
34 62 9959.523143
34 63 10000.000000
35 0 0.000000
35 1 14915.198566
35 2 8488.309348
35 3 7027.780035
35 4 7508.998440
35 5 7690.531988
35 6 7702.877433
35 7 7730.751295
35 8 7772.846836
35 9 7814.405750
35 10 7854.806986
35 11 7895.194044
35 12 7935.672503
35 13 7976.156584
35 14 8016.633675
35 15 8057.109978
35 16 8097.586802
35 17 8138.063717
35 18 8178.540597
35 19 8219.017471
35 20 8259.494348
35 21 8299.971228
35 22 8340.448109
35 23 8380.924991
35 24 8421.401874
35 25 8461.878757
35 26 8502.355641
35 27 8542.832525
35 28 8583.309408
35 29 8623.786292
35 30 8664.263176
35 31 8704.740059
35 32 8745.216942
35 33 8785.693824
35 34 8826.170706
35 35 8866.647588
35 36 8907.124469
35 37 8947.601349
35 38 8988.078228
35 39 9028.555107
35 40 9069.031985
35 41 9109.508862
35 42 9149.985738
35 43 9190.462614
35 44 9230.939489
35 45 9271.416363
35 46 9311.893237
35 47 9352.370110
35 48 9392.846982
35 49 9433.323853
35 50 9473.800724
35 51 9514.277595
35 52 9554.754465
35 53 9595.231334
35 54 9635.708203
35 55 9676.185072
35 56 9716.661940
35 57 9757.138807
35 58 9797.615675
35 59 9838.092542
35 60 9878.569410
35 61 9919.046277
35 62 9959.523144
35 63 10000.000000
36 0 0.000000
36 1 14915.198796
36 2 8488.309389
36 3 7027.780070
36 4 7508.998481
36 5 7690.532030
36 6 7702.877476
36 7 7730.751339
36 8 7772.846880
36 9 7814.405795
36 10 7854.807031
36 11 7895.194090
36 12 7935.672549
36 13 7976.156630
36 14 8016.633720
36 15 8057.110023
36 16 8097.586846
36 17 8138.063761
36 18 8178.540640
36 19 8219.017513
36 20 8259.494390
36 21 8299.971269
36 22 8340.448150
36 23 8380.925031
36 24 8421.401912
36 25 8461.878794
36 26 8502.355677
36 27 8542.832560
36 28 8583.309443
36 29 8623.786325
36 30 8664.263208
36 31 8704.740090
36 32 8745.216972
36 33 8785.693853
36 34 8826.170734
36 35 8866.647615
36 36 8907.124494
36 37 8947.601373
36 38 8988.078252
36 39 9028.555129
36 40 9069.032006
36 41 9109.508882
36 42 9149.985758
36 43 9190.462632
36 44 9230.939506
36 45 9271.416380
36 46 9311.893252
36 47 9352.370124
36 48 9392.846995
36 49 9433.323866
36 50 9473.800736
36 51 9514.277605
36 52 9554.754474
36 53 9595.231343
36 54 9635.708211
36 55 9676.185078
36 56 9716.661946
36 57 9757.138813
36 58 9797.615679
36 59 9838.092546
36 60 9878.569412
36 61 9919.046279
36 62 9959.523144
36 63 10000.000000
37 0 0.000000
37 1 14915.199090
37 2 8488.309441
37 3 7027.780114
37 4 7508.998533
37 5 7690.532084
37 6 7702.877531
37 7 7730.751395
37 8 7772.846937
37 9 7814.405853
37 10 7854.807089
37 11 7895.194148
37 12 7935.672607
37 13 7976.156688
37 14 8016.633778
37 15 8057.110080
37 16 8097.586903
37 17 8138.063817
37 18 8178.540696
37 19 8219.017568
37 20 8259.494444
37 21 8299.971322
37 22 8340.448201
37 23 8380.925081
37 24 8421.401961
37 25 8461.878842
37 26 8502.355723
37 27 8542.832605
37 28 8583.309486
37 29 8623.786368
37 30 8664.263249
37 31 8704.740130
37 32 8745.217010
37 33 8785.693890
37 34 8826.170770
37 35 8866.647649
37 36 8907.124527
37 37 8947.601405
37 38 8988.078282
37 39 9028.555158
37 40 9069.032034
37 41 9109.508909
37 42 9149.985783
37 43 9190.462656
37 44 9230.939529
37 45 9271.416401
37 46 9311.893272
37 47 9352.370143
37 48 9392.847013
37 49 9433.323882
37 50 9473.800751
37 51 9514.277619
37 52 9554.754487
37 53 9595.231354
37 54 9635.708221
37 55 9676.185087
37 56 9716.661953
37 57 9757.138819
37 58 9797.615685
37 59 9838.092550
37 60 9878.569415
37 61 9919.046281
37 62 9959.523145
37 63 10000.000000
38 0 0.000000
38 1 14915.199450
38 2 8488.309505
38 3 7027.780168
38 4 7508.998597
38 5 7690.532150
38 6 7702.877598
38 7 7730.751463
38 8 7772.847007
38 9 7814.405923
38 10 7854.807160
38 11 7895.194219
38 12 7935.672678
38 13 7976.156759
38 14 8016.633848
38 15 8057.110150
38 16 8097.586972
38 17 8138.063885
38 18 8178.540763
38 19 8219.017634
38 20 8259.494509
38 21 8299.971385
38 22 8340.448263
38 23 8380.925142
38 24 8421.402021
38 25 8461.878900
38 26 8502.355780
38 27 8542.832660
38 28 8583.309540
38 29 8623.786419
38 30 8664.263299
38 31 8704.740178
38 32 8745.217057
38 33 8785.693935
38 34 8826.170813
38 35 8866.647691
38 36 8907.124567
38 37 8947.601443
38 38 8988.078319
38 39 9028.555193
38 40 9069.032067
38 41 9109.508940
38 42 9149.985813
38 43 9190.462685
38 44 9230.939556
38 45 9271.416426
38 46 9311.893296
38 47 9352.370165
38 48 9392.847034
38 49 9433.323902
38 50 9473.800769
38 51 9514.277636
38 52 9554.754502
38 53 9595.231368
38 54 9635.708233
38 55 9676.185098
38 56 9716.661963
38 57 9757.138827
38 58 9797.615691
38 59 9838.092555
38 60 9878.569419
38 61 9919.046283
38 62 9959.523146
38 63 10000.000000
39 0 0.000000
39 1 14915.199875
39 2 8488.309581
39 3 7027.780232
39 4 7508.998672
39 5 7690.532227
39 6 7702.877678
39 7 7730.751545
39 8 7772.847089
39 9 7814.406006
39 10 7854.807244
39 11 7895.194303
39 12 7935.672762
39 13 7976.156842
39 14 8016.633931
39 15 8057.110232
39 16 8097.587054
39 17 8138.063965
39 18 8178.540842
39 19 8219.017712
39 20 8259.494585
39 21 8299.971460
39 22 8340.448336
39 23 8380.925213
39 24 8421.402091
39 25 8461.878968
39 26 8502.355846
39 27 8542.832724
39 28 8583.309602
39 29 8623.786480
39 30 8664.263358
39 31 8704.740235
39 32 8745.217112
39 33 8785.693988
39 34 8826.170864
39 35 8866.647740
39 36 8907.124614
39 37 8947.601488
39 38 8988.078362
39 39 9028.555235
39 40 9069.032107
39 41 9109.508978
39 42 9149.985849
39 43 9190.462719
39 44 9230.939588
39 45 9271.416456
39 46 9311.893324
39 47 9352.370192
39 48 9392.847058
39 49 9433.323924
39 50 9473.800790
39 51 9514.277655
39 52 9554.754520
39 53 9595.231384
39 54 9635.708247
39 55 9676.185111
39 56 9716.661974
39 57 9757.138836
39 58 9797.615699
39 59 9838.092561
39 60 9878.569423
39 61 9919.046286
39 62 9959.523147
39 63 10000.000000
40 0 0.000000
40 1 14915.200368
40 2 8488.309669
40 3 7027.780306
40 4 7508.998759
40 5 7690.532318
40 6 7702.877770
40 7 7730.751639
40 8 7772.847184
40 9 7814.406102
40 10 7854.807340
40 11 7895.194400
40 12 7935.672858
40 13 7976.156938
40 14 8016.634027
40 15 8057.110327
40 16 8097.587147
40 17 8138.064058
40 18 8178.540933
40 19 8219.017801
40 20 8259.494673
40 21 8299.971547
40 22 8340.448421
40 23 8380.925296
40 24 8421.402171
40 25 8461.879047
40 26 8502.355923
40 27 8542.832799
40 28 8583.309674
40 29 8623.786550
40 30 8664.263425
40 31 8704.740300
40 32 8745.217175
40 33 8785.694049
40 34 8826.170923
40 35 8866.647796
40 36 8907.124668
40 37 8947.601540
40 38 8988.078411
40 39 9028.555282
40 40 9069.032152
40 41 9109.509021
40 42 9149.985889
40 43 9190.462757
40 44 9230.939624
40 45 9271.416491
40 46 9311.893357
40 47 9352.370222
40 48 9392.847087
40 49 9433.323951
40 50 9473.800814
40 51 9514.277677
40 52 9554.754540
40 53 9595.231402
40 54 9635.708264
40 55 9676.185125
40 56 9716.661986
40 57 9757.138847
40 58 9797.615708
40 59 9838.092568
40 60 9878.569428
40 61 9919.046289
40 62 9959.523149
40 63 10000.000000
41 0 0.000000
41 1 14915.200929
41 2 8488.309771
41 3 7027.780391
41 4 7508.998860
41 5 7690.532421
41 6 7702.877876
41 7 7730.751746
41 8 7772.847293
41 9 7814.406211
41 10 7854.807450
41 11 7895.194510
41 12 7935.672968
41 13 7976.157048
41 14 8016.634135
41 15 8057.110435
41 16 8097.587254
41 17 8138.064163
41 18 8178.541036
41 19 8219.017903
41 20 8259.494773
41 21 8299.971644
41 22 8340.448516
41 23 8380.925389
41 24 8421.402262
41 25 8461.879135
41 26 8502.356009
41 27 8542.832882
41 28 8583.309756
41 29 8623.786629
41 30 8664.263502
41 31 8704.740374
41 32 8745.217246
41 33 8785.694118
41 34 8826.170989
41 35 8866.647859
41 36 8907.124729
41 37 8947.601599
41 38 8988.078467
41 39 9028.555335
41 40 9069.032203
41 41 9109.509069
41 42 9149.985936
41 43 9190.462801
41 44 9230.939666
41 45 9271.416530
41 46 9311.893393
41 47 9352.370256
41 48 9392.847119
41 49 9433.323980
41 50 9473.800842
41 51 9514.277703
41 52 9554.754563
41 53 9595.231423
41 54 9635.708282
41 55 9676.185142
41 56 9716.662001
41 57 9757.138859
41 58 9797.615718
41 59 9838.092576
41 60 9878.569434
41 61 9919.046292
41 62 9959.523150
41 63 10000.000000
42 0 0.000000
42 1 14915.201559
42 2 8488.309888
42 3 7027.780488
42 4 7508.998973
42 5 7690.532537
42 6 7702.877994
42 7 7730.751866
42 8 7772.847415
42 9 7814.406334
42 10 7854.807573
42 11 7895.194633
42 12 7935.673091
42 13 7976.157170
42 14 8016.634257
42 15 8057.110555
42 16 8097.587372
42 17 8138.064280
42 18 8178.541152
42 19 8219.018016
42 20 8259.494884
42 21 8299.971753
42 22 8340.448623
42 23 8380.925493
42 24 8421.402364
42 25 8461.879234
42 26 8502.356105
42 27 8542.832976
42 28 8583.309846
42 29 8623.786717
42 30 8664.263587
42 31 8704.740456
42 32 8745.217325
42 33 8785.694194
42 34 8826.171062
42 35 8866.647930
42 36 8907.124797
42 37 8947.601664
42 38 8988.078529
42 39 9028.555395
42 40 9069.032259
42 41 9109.509123
42 42 9149.985987
42 43 9190.462849
42 44 9230.939711
42 45 9271.416573
42 46 9311.893434
42 47 9352.370294
42 48 9392.847154
42 49 9433.324013
42 50 9473.800872
42 51 9514.277730
42 52 9554.754588
42 53 9595.231446
42 54 9635.708303
42 55 9676.185160
42 56 9716.662016
42 57 9757.138873
42 58 9797.615729
42 59 9838.092585
42 60 9878.569440
42 61 9919.046296
42 62 9959.523152
42 63 10000.000000
43 0 0.000000
43 1 14915.202259
43 2 8488.310019
43 3 7027.780597
43 4 7508.999100
43 5 7690.532668
43 6 7702.878127
43 7 7730.752001
43 8 7772.847551
43 9 7814.406471
43 10 7854.807710
43 11 7895.194770
43 12 7935.673228
43 13 7976.157305
43 14 8016.634391
43 15 8057.110688
43 16 8097.587504
43 17 8138.064409
43 18 8178.541279
43 19 8219.018141
43 20 8259.495007
43 21 8299.971873
43 22 8340.448740
43 23 8380.925608
43 24 8421.402475
43 25 8461.879343
43 26 8502.356211
43 27 8542.833078
43 28 8583.309946
43 29 8623.786813
43 30 8664.263680
43 31 8704.740546
43 32 8745.217412
43 33 8785.694278
43 34 8826.171143
43 35 8866.648008
43 36 8907.124871
43 37 8947.601735
43 38 8988.078598
43 39 9028.555460
43 40 9069.032321
43 41 9109.509182
43 42 9149.986043
43 43 9190.462902
43 44 9230.939761
43 45 9271.416620
43 46 9311.893478
43 47 9352.370336
43 48 9392.847193
43 49 9433.324049
43 50 9473.800905
43 51 9514.277761
43 52 9554.754616
43 53 9595.231471
43 54 9635.708325
43 55 9676.185180
43 56 9716.662034
43 57 9757.138887
43 58 9797.615741
43 59 9838.092594
43 60 9878.569447
43 61 9919.046301
43 62 9959.523154
43 63 10000.000000
44 0 0.000000
44 1 14915.203032
44 2 8488.310166
44 3 7027.780718
44 4 7508.999242
44 5 7690.532813
44 6 7702.878275
44 7 7730.752150
44 8 7772.847701
44 9 7814.406622
44 10 7854.807861
44 11 7895.194921
44 12 7935.673378
44 13 7976.157455
44 14 8016.634539
44 15 8057.110834
44 16 8097.587648
44 17 8138.064551
44 18 8178.541419
44 19 8219.018278
44 20 8259.495141
44 21 8299.972005
44 22 8340.448869
44 23 8380.925733
44 24 8421.402597
44 25 8461.879462
44 26 8502.356326
44 27 8542.833190
44 28 8583.310054
44 29 8623.786918
44 30 8664.263782
44 31 8704.740644
44 32 8745.217507
44 33 8785.694369
44 34 8826.171231
44 35 8866.648092
44 36 8907.124952
44 37 8947.601812
44 38 8988.078672
44 39 9028.555530
44 40 9069.032389
44 41 9109.509246
44 42 9149.986103
44 43 9190.462960
44 44 9230.939816
44 45 9271.416671
44 46 9311.893526
44 47 9352.370381
44 48 9392.847235
44 49 9433.324088
44 50 9473.800941
44 51 9514.277794
44 52 9554.754646
44 53 9595.231498
44 54 9635.708350
44 55 9676.185201
44 56 9716.662052
44 57 9757.138903
44 58 9797.615754
44 59 9838.092604
44 60 9878.569455
44 61 9919.046305
44 62 9959.523155
44 63 10000.000000
45 0 0.000000
45 1 14915.203879
45 2 8488.310329
45 3 7027.780852
45 4 7508.999399
45 5 7690.532973
45 6 7702.878437
45 7 7730.752314
45 8 7772.847866
45 9 7814.406787
45 10 7854.808027
45 11 7895.195086
45 12 7935.673542
45 13 7976.157617
45 14 8016.634700
45 15 8057.110993
45 16 8097.587805
45 17 8138.064706
45 18 8178.541571
45 19 8219.018427
45 20 8259.495287
45 21 8299.972147
45 22 8340.449008
45 23 8380.925869
45 24 8421.402730
45 25 8461.879590
45 26 8502.356451
45 27 8542.833312
45 28 8583.310172
45 29 8623.787032
45 30 8664.263891
45 31 8704.740751
45 32 8745.217609
45 33 8785.694468
45 34 8826.171325
45 35 8866.648183
45 36 8907.125039
45 37 8947.601896
45 38 8988.078751
45 39 9028.555606
45 40 9069.032461
45 41 9109.509315
45 42 9149.986169
45 43 9190.463022
45 44 9230.939874
45 45 9271.416726
45 46 9311.893578
45 47 9352.370429
45 48 9392.847280
45 49 9433.324130
45 50 9473.800980
45 51 9514.277829
45 52 9554.754678
45 53 9595.231527
45 54 9635.708376
45 55 9676.185224
45 56 9716.662072
45 57 9757.138920
45 58 9797.615768
45 59 9838.092615
45 60 9878.569463
45 61 9919.046310
45 62 9959.523158
45 63 10000.000000
46 0 0.000000
46 1 14915.204802
46 2 8488.310511
46 3 7027.781001
46 4 7508.999571
46 5 7690.533149
46 6 7702.878615
46 7 7730.752493
46 8 7772.848046
46 9 7814.406967
46 10 7854.808207
46 11 7895.195265
46 12 7935.673720
46 13 7976.157794
46 14 8016.634875
46 15 8057.111166
46 16 8097.587975
46 17 8138.064873
46 18 8178.541735
46 19 8219.018588
46 20 8259.495444
46 21 8299.972301
46 22 8340.449158
46 23 8380.926015
46 24 8421.402872
46 25 8461.879729
46 26 8502.356586
46 27 8542.833442
46 28 8583.310298
46 29 8623.787154
46 30 8664.264009
46 31 8704.740864
46 32 8745.217719
46 33 8785.694573
46 34 8826.171427
46 35 8866.648280
46 36 8907.125133
46 37 8947.601985
46 38 8988.078836
46 39 9028.555688
46 40 9069.032538
46 41 9109.509389
46 42 9149.986238
46 43 9190.463088
46 44 9230.939937
46 45 9271.416785
46 46 9311.893633
46 47 9352.370480
46 48 9392.847328
46 49 9433.324174
46 50 9473.801021
46 51 9514.277867
46 52 9554.754713
46 53 9595.231558
46 54 9635.708404
46 55 9676.185249
46 56 9716.662093
46 57 9757.138938
46 58 9797.615783
46 59 9838.092627
46 60 9878.569471
46 61 9919.046316
46 62 9959.523160
46 63 10000.000000
47 0 0.000000
47 1 14915.205802
47 2 8488.310711
47 3 7027.781164
47 4 7508.999760
47 5 7690.533342
47 6 7702.878809
47 7 7730.752689
47 8 7772.848242
47 9 7814.407163
47 10 7854.808402
47 11 7895.195459
47 12 7935.673913
47 13 7976.157985
47 14 8016.635063
47 15 8057.111351
47 16 8097.588158
47 17 8138.065053
47 18 8178.541911
47 19 8219.018761
47 20 8259.495613
47 21 8299.972466
47 22 8340.449319
47 23 8380.926172
47 24 8421.403025
47 25 8461.879877
47 26 8502.356729
47 27 8542.833581
47 28 8583.310433
47 29 8623.787284
47 30 8664.264135
47 31 8704.740985
47 32 8745.217836
47 33 8785.694685
47 34 8826.171534
47 35 8866.648383
47 36 8907.125232
47 37 8947.602080
47 38 8988.078927
47 39 9028.555774
47 40 9069.032621
47 41 9109.509467
47 42 9149.986312
47 43 9190.463158
47 44 9230.940003
47 45 9271.416847
47 46 9311.893691
47 47 9352.370535
47 48 9392.847378
47 49 9433.324221
47 50 9473.801064
47 51 9514.277907
47 52 9554.754749
47 53 9595.231591
47 54 9635.708433
47 55 9676.185274
47 56 9716.662116
47 57 9757.138957
47 58 9797.615798
47 59 9838.092639
47 60 9878.569480
47 61 9919.046321
47 62 9959.523162
47 63 10000.000000
48 0 0.000000
48 1 14915.206883
48 2 8488.310932
48 3 7027.781343
48 4 7508.999967
48 5 7690.533552
48 6 7702.879020
48 7 7730.752901
48 8 7772.848454
48 9 7814.407375
48 10 7854.808613
48 11 7895.195669
48 12 7935.674120
48 13 7976.158190
48 14 8016.635266
48 15 8057.111551
48 16 8097.588354
48 17 8138.065245
48 18 8178.542100
48 19 8219.018946
48 20 8259.495794
48 21 8299.972642
48 22 8340.449491
48 23 8380.926339
48 24 8421.403187
48 25 8461.880035
48 26 8502.356882
48 27 8542.833729
48 28 8583.310576
48 29 8623.787422
48 30 8664.264268
48 31 8704.741114
48 32 8745.217959
48 33 8785.694804
48 34 8826.171649
48 35 8866.648493
48 36 8907.125336
48 37 8947.602180
48 38 8988.079023
48 39 9028.555865
48 40 9069.032707
48 41 9109.509549
48 42 9149.986390
48 43 9190.463231
48 44 9230.940072
48 45 9271.416912
48 46 9311.893752
48 47 9352.370592
48 48 9392.847432
48 49 9433.324271
48 50 9473.801110
48 51 9514.277949
48 52 9554.754787
48 53 9595.231625
48 54 9635.708464
48 55 9676.185302
48 56 9716.662139
48 57 9757.138977
48 58 9797.615815
48 59 9838.092652
48 60 9878.569490
48 61 9919.046327
48 62 9959.523165
48 63 10000.000000
49 0 0.000000
49 1 14915.208045
49 2 8488.311174
49 3 7027.781539
49 4 7509.000192
49 5 7690.533780
49 6 7702.879249
49 7 7730.753130
49 8 7772.848683
49 9 7814.407604
49 10 7854.808840
49 11 7895.195894
49 12 7935.674343
49 13 7976.158410
49 14 8016.635483
49 15 8057.111764
49 16 8097.588564
49 17 8138.065451
49 18 8178.542301
49 19 8219.019142
49 20 8259.495986
49 21 8299.972830
49 22 8340.449673
49 23 8380.926516
49 24 8421.403359
49 25 8461.880202
49 26 8502.357044
49 27 8542.833886
49 28 8583.310727
49 29 8623.787568
49 30 8664.264409
49 31 8704.741250
49 32 8745.218090
49 33 8785.694929
49 34 8826.171769
49 35 8866.648608
49 36 8907.125447
49 37 8947.602285
49 38 8988.079123
49 39 9028.555961
49 40 9069.032798
49 41 9109.509635
49 42 9149.986472
49 43 9190.463308
49 44 9230.940145
49 45 9271.416981
49 46 9311.893817
49 47 9352.370652
49 48 9392.847487
49 49 9433.324323
49 50 9473.801157
49 51 9514.277992
49 52 9554.754827
49 53 9595.231661
49 54 9635.708496
49 55 9676.185330
49 56 9716.662164
49 57 9757.138998
49 58 9797.615832
49 59 9838.092666
49 60 9878.569499
49 61 9919.046333
49 62 9959.523167
49 63 10000.000000
50 0 0.000000
50 1 14915.209292
50 2 8488.311439
50 3 7027.781753
50 4 7509.000436
50 5 7690.534028
50 6 7702.879497
50 7 7730.753378
50 8 7772.848930
50 9 7814.407849
50 10 7854.809084
50 11 7895.196135
50 12 7935.674582
50 13 7976.158645
50 14 8016.635714
50 15 8057.111992
50 16 8097.588787
50 17 8138.065670
50 18 8178.542515
50 19 8219.019351
50 20 8259.496189
50 21 8299.973028
50 22 8340.449866
50 23 8380.926704
50 24 8421.403541
50 25 8461.880378
50 26 8502.357214
50 27 8542.834051
50 28 8583.310886
50 29 8623.787722
50 30 8664.264557
50 31 8704.741392
50 32 8745.218226
50 33 8785.695061
50 34 8826.171895
50 35 8866.648728
50 36 8907.125562
50 37 8947.602395
50 38 8988.079228
50 39 9028.556060
50 40 9069.032893
50 41 9109.509725
50 42 9149.986557
50 43 9190.463389
50 44 9230.940220
50 45 9271.417052
50 46 9311.893883
50 47 9352.370714
50 48 9392.847545
50 49 9433.324376
50 50 9473.801207
50 51 9514.278038
50 52 9554.754868
50 53 9595.231698
50 54 9635.708529
50 55 9676.185359
50 56 9716.662189
50 57 9757.139019
50 58 9797.615850
50 59 9838.092680
50 60 9878.569510
50 61 9919.046340
50 62 9959.523170
50 63 10000.000000
51 0 0.000000
51 1 14915.210627
51 2 8488.311728
51 3 7027.781984
51 4 7509.000701
51 5 7690.534295
51 6 7702.879764
51 7 7730.753644
51 8 7772.849195
51 9 7814.408112
51 10 7854.809345
51 11 7895.196393
51 12 7935.674836
51 13 7976.158896
51 14 8016.635961
51 15 8057.112234
51 16 8097.589024
51 17 8138.065902
51 18 8178.542742
51 19 8219.019572
51 20 8259.496405
51 21 8299.973238
51 22 8340.450070
51 23 8380.926901
51 24 8421.403732
51 25 8461.880563
51 26 8502.357394
51 27 8542.834224
51 28 8583.311053
51 29 8623.787883
51 30 8664.264712
51 31 8704.741541
51 32 8745.218369
51 33 8785.695198
51 34 8826.172026
51 35 8866.648854
51 36 8907.125682
51 37 8947.602509
51 38 8988.079337
51 39 9028.556164
51 40 9069.032991
51 41 9109.509818
51 42 9149.986645
51 43 9190.463472
51 44 9230.940299
51 45 9271.417126
51 46 9311.893952
51 47 9352.370779
51 48 9392.847605
51 49 9433.324432
51 50 9473.801258
51 51 9514.278084
51 52 9554.754911
51 53 9595.231737
51 54 9635.708563
51 55 9676.185389
51 56 9716.662215
51 57 9757.139042
51 58 9797.615868
51 59 9838.092694
51 60 9878.569520
51 61 9919.046346
51 62 9959.523172
51 63 10000.000000
52 0 0.000000
52 1 14915.212052
52 2 8488.312043
52 3 7027.782236
52 4 7509.000987
52 5 7690.534584
52 6 7702.880051
52 7 7730.753930
52 8 7772.849479
52 9 7814.408394
52 10 7854.809623
52 11 7895.196668
52 12 7935.675107
52 13 7976.159162
52 14 8016.636222
52 15 8057.112490
52 16 8097.589275
52 17 8138.066147
52 18 8178.542981
52 19 8219.019805
52 20 8259.496632
52 21 8299.973458
52 22 8340.450284
52 23 8380.927109
52 24 8421.403933
52 25 8461.880758
52 26 8502.357581
52 27 8542.834405
52 28 8583.311228
52 29 8623.788051
52 30 8664.264873
52 31 8704.741696
52 32 8745.218518
52 33 8785.695340
52 34 8826.172162
52 35 8866.648984
52 36 8907.125806
52 37 8947.602628
52 38 8988.079450
52 39 9028.556271
52 40 9069.033093
52 41 9109.509915
52 42 9149.986736
52 43 9190.463558
52 44 9230.940380
52 45 9271.417201
52 46 9311.894023
52 47 9352.370845
52 48 9392.847667
52 49 9433.324488
52 50 9473.801310
52 51 9514.278132
52 52 9554.754954
52 53 9595.231776
52 54 9635.708598
52 55 9676.185420
52 56 9716.662242
52 57 9757.139064
52 58 9797.615886
52 59 9838.092709
52 60 9878.569531
52 61 9919.046353
52 62 9959.523175
52 63 10000.000000
53 0 0.000000
53 1 14915.213570
53 2 8488.312385
53 3 7027.782508
53 4 7509.001296
53 5 7690.534895
53 6 7702.880360
53 7 7730.754237
53 8 7772.849784
53 9 7814.408695
53 10 7854.809920
53 11 7895.196961
53 12 7935.675395
53 13 7976.159445
53 14 8016.636500
53 15 8057.112762
53 16 8097.589540
53 17 8138.066406
53 18 8178.543233
53 19 8219.020051
53 20 8259.496870
53 21 8299.973690
53 22 8340.450508
53 23 8380.927326
53 24 8421.404144
53 25 8461.880961
53 26 8502.357777
53 27 8542.834594
53 28 8583.311410
53 29 8623.788226
53 30 8664.265041
53 31 8704.741857
53 32 8745.218673
53 33 8785.695488
53 34 8826.172304
53 35 8866.649119
53 36 8907.125935
53 37 8947.602750
53 38 8988.079566
53 39 9028.556382
53 40 9069.033198
53 41 9109.510014
53 42 9149.986830
53 43 9190.463646
53 44 9230.940462
53 45 9271.417279
53 46 9311.894096
53 47 9352.370912
53 48 9392.847729
53 49 9433.324546
53 50 9473.801364
53 51 9514.278181
53 52 9554.754998
53 53 9595.231816
53 54 9635.708634
53 55 9676.185452
53 56 9716.662269
53 57 9757.139087
53 58 9797.615905
53 59 9838.092723
53 60 9878.569542
53 61 9919.046360
53 62 9959.523178
53 63 10000.000000
54 0 0.000000
54 1 14915.215184
54 2 8488.312756
54 3 7027.782803
54 4 7509.001629
54 5 7690.535229
54 6 7702.880691
54 7 7730.754565
54 8 7772.850108
54 9 7814.409016
54 10 7854.810237
54 11 7895.197272
54 12 7935.675701
54 13 7976.159745
54 14 8016.636793
54 15 8057.113048
54 16 8097.589820
54 17 8138.066678
54 18 8178.543499
54 19 8219.020309
54 20 8259.497121
54 21 8299.973932
54 22 8340.450743
54 23 8380.927553
54 24 8421.404363
54 25 8461.881172
54 26 8502.357981
54 27 8542.834790
54 28 8583.311598
54 29 8623.788407
54 30 8664.265215
54 31 8704.742024
54 32 8745.218832
54 33 8785.695640
54 34 8826.172449
54 35 8866.649258
54 36 8907.126067
54 37 8947.602876
54 38 8988.079685
54 39 9028.556495
54 40 9069.033305
54 41 9109.510115
54 42 9149.986925
54 43 9190.463736
54 44 9230.940547
54 45 9271.417358
54 46 9311.894169
54 47 9352.370981
54 48 9392.847793
54 49 9433.324605
54 50 9473.801418
54 51 9514.278230
54 52 9554.755043
54 53 9595.231857
54 54 9635.708670
54 55 9676.185483
54 56 9716.662297
54 57 9757.139111
54 58 9797.615925
54 59 9838.092739
54 60 9878.569553
54 61 9919.046366
54 62 9959.523181
54 63 10000.000000
55 0 0.000000
55 1 14915.216898
55 2 8488.313157
55 3 7027.783120
55 4 7509.001987
55 5 7690.535588
55 6 7702.881046
55 7 7730.754916
55 8 7772.850455
55 9 7814.409357
55 10 7854.810573
55 11 7895.197602
55 12 7935.676024
55 13 7976.160062
55 14 8016.637103
55 15 8057.113351
55 16 8097.590115
55 17 8138.066965
55 18 8178.543777
55 19 8219.020579
55 20 8259.497383
55 21 8299.974186
55 22 8340.450989
55 23 8380.927790
55 24 8421.404592
55 25 8461.881392
55 26 8502.358193
55 27 8542.834993
55 28 8583.311794
55 29 8623.788594
55 30 8664.265395
55 31 8704.742195
55 32 8745.218996
55 33 8785.695797
55 34 8826.172598
55 35 8866.649400
55 36 8907.126202
55 37 8947.603004
55 38 8988.079807
55 39 9028.556610
55 40 9069.033414
55 41 9109.510218
55 42 9149.987022
55 43 9190.463827
55 44 9230.940632
55 45 9271.417438
55 46 9311.894244
55 47 9352.371050
55 48 9392.847857
55 49 9433.324665
55 50 9473.801472
55 51 9514.278280
55 52 9554.755089
55 53 9595.231897
55 54 9635.708706
55 55 9676.185515
55 56 9716.662325
55 57 9757.139134
55 58 9797.615944
55 59 9838.092754
55 60 9878.569564
55 61 9919.046373
55 62 9959.523184
55 63 10000.000000
56 0 0.000000
56 1 14915.218714
56 2 8488.313591
56 3 7027.783462
56 4 7509.002371
56 5 7690.535972
56 6 7702.881425
56 7 7730.755290
56 8 7772.850824
56 9 7814.409721
56 10 7854.810929
56 11 7895.197952
56 12 7935.676367
56 13 7976.160397
56 14 8016.637429
56 15 8057.113669
56 16 8097.590424
56 17 8138.067266
56 18 8178.544069
56 19 8219.020862
56 20 8259.497657
56 21 8299.974451
56 22 8340.451244
56 23 8380.928037
56 24 8421.404829
56 25 8461.881621
56 26 8502.358412
56 27 8542.835204
56 28 8583.311996
56 29 8623.788787
56 30 8664.265579
56 31 8704.742372
56 32 8745.219164
56 33 8785.695958
56 34 8826.172751
56 35 8866.649545
56 36 8907.126340
56 37 8947.603135
56 38 8988.079931
56 39 9028.556727
56 40 9069.033524
56 41 9109.510322
56 42 9149.987120
56 43 9190.463919
56 44 9230.940718
56 45 9271.417518
56 46 9311.894319
56 47 9352.371120
56 48 9392.847922
56 49 9433.324724
56 50 9473.801527
56 51 9514.278330
56 52 9554.755134
56 53 9595.231938
56 54 9635.708742
56 55 9676.185547
56 56 9716.662352
56 57 9757.139157
56 58 9797.615963
56 59 9838.092769
56 60 9878.569574
56 61 9919.046380
56 62 9959.523186
56 63 10000.000000
57 0 0.000000
57 1 14915.220637
57 2 8488.314059
57 3 7027.783830
57 4 7509.002783
57 5 7690.536384
57 6 7702.881830
57 7 7730.755690
57 8 7772.851217
57 9 7814.410107
57 10 7854.811308
57 11 7895.198323
57 12 7935.676729
57 13 7976.160750
57 14 8016.637774
57 15 8057.114004
57 16 8097.590750
57 17 8138.067582
57 18 8178.544375
57 19 8219.021158
57 20 8259.497943
57 21 8299.974727
57 22 8340.451510
57 23 8380.928293
57 24 8421.405075
57 25 8461.881857
57 26 8502.358639
57 27 8542.835421
57 28 8583.312203
57 29 8623.788986
57 30 8664.265769
57 31 8704.742553
57 32 8745.219337
57 33 8785.696121
57 34 8826.172907
57 35 8866.649693
57 36 8907.126480
57 37 8947.603268
57 38 8988.080056
57 39 9028.556845
57 40 9069.033636
57 41 9109.510427
57 42 9149.987219
57 43 9190.464011
57 44 9230.940805
57 45 9271.417599
57 46 9311.894394
57 47 9352.371190
57 48 9392.847986
57 49 9433.324783
57 50 9473.801581
57 51 9514.278380
57 52 9554.755179
57 53 9595.231978
57 54 9635.708778
57 55 9676.185578
57 56 9716.662379
57 57 9757.139180
57 58 9797.615982
57 59 9838.092783
57 60 9878.569585
57 61 9919.046387
57 62 9959.523189
57 63 10000.000000
58 0 0.000000
58 1 14915.222670
58 2 8488.314562
58 3 7027.784224
58 4 7509.003224
58 5 7690.536824
58 6 7702.882262
58 7 7730.756115
58 8 7772.851635
58 9 7814.410516
58 10 7854.811709
58 11 7895.198714
58 12 7935.677111
58 13 7976.161122
58 14 8016.638136
58 15 8057.114356
58 16 8097.591091
58 17 8138.067912
58 18 8178.544695
58 19 8219.021467
58 20 8259.498240
58 21 8299.975013
58 22 8340.451786
58 23 8380.928558
58 24 8421.405329
58 25 8461.882101
58 26 8502.358873
58 27 8542.835644
58 28 8583.312417
58 29 8623.789189
58 30 8664.265963
58 31 8704.742737
58 32 8745.219512
58 33 8785.696288
58 34 8826.173065
58 35 8866.649842
58 36 8907.126621
58 37 8947.603401
58 38 8988.080182
58 39 9028.556964
58 40 9069.033747
58 41 9109.510531
58 42 9149.987317
58 43 9190.464103
58 44 9230.940890
58 45 9271.417679
58 46 9311.894468
58 47 9352.371258
58 48 9392.848050
58 49 9433.324842
58 50 9473.801634
58 51 9514.278428
58 52 9554.755222
58 53 9595.232017
58 54 9635.708813
58 55 9676.185609
58 56 9716.662406
58 57 9757.139203
58 58 9797.616000
58 59 9838.092798
58 60 9878.569596
58 61 9919.046393
58 62 9959.523192
58 63 10000.000000
59 0 0.000000
59 1 14915.224813
59 2 8488.315100
59 3 7027.784645
59 4 7509.003693
59 5 7690.537291
59 6 7702.882721
59 7 7730.756565
59 8 7772.852076
59 9 7814.410948
59 10 7854.812130
59 11 7895.199125
59 12 7935.677512
59 13 7976.161512
59 14 8016.638514
59 15 8057.114723
59 16 8097.591446
59 17 8138.068255
59 18 8178.545026
59 19 8219.021786
59 20 8259.498548
59 21 8299.975309
59 22 8340.452070
59 23 8380.928830
59 24 8421.405590
59 25 8461.882350
59 26 8502.359111
59 27 8542.835872
59 28 8583.312633
59 29 8623.789395
59 30 8664.266159
59 31 8704.742923
59 32 8745.219688
59 33 8785.696455
59 34 8826.173223
59 35 8866.649992
59 36 8907.126762
59 37 8947.603534
59 38 8988.080307
59 39 9028.557081
59 40 9069.033857
59 41 9109.510634
59 42 9149.987413
59 43 9190.464193
59 44 9230.940974
59 45 9271.417756
59 46 9311.894540
59 47 9352.371325
59 48 9392.848111
59 49 9433.324898
59 50 9473.801686
59 51 9514.278475
59 52 9554.755264
59 53 9595.232055
59 54 9635.708846
59 55 9676.185638
59 56 9716.662431
59 57 9757.139224
59 58 9797.616017
59 59 9838.092811
59 60 9878.569606
59 61 9919.046399
59 62 9959.523194
59 63 10000.000000
60 0 0.000000
60 1 14915.227078
60 2 8488.315682
60 3 7027.785099
60 4 7509.004197
60 5 7690.537793
60 6 7702.883212
60 7 7730.757046
60 8 7772.852547
60 9 7814.411408
60 10 7854.812580
60 11 7895.199563
60 12 7935.677937
60 13 7976.161925
60 14 8016.638915
60 15 8057.115110
60 16 8097.591821
60 17 8138.068617
60 18 8178.545375
60 19 8219.022122
60 20 8259.498870
60 21 8299.975619
60 22 8340.452367
60 23 8380.929114
60 24 8421.405862
60 25 8461.882609
60 26 8502.359358
60 27 8542.836107
60 28 8583.312857
60 29 8623.789608
60 30 8664.266360
60 31 8704.743114
60 32 8745.219869
60 33 8785.696625
60 34 8826.173384
60 35 8866.650143
60 36 8907.126905
60 37 8947.603668
60 38 8988.080433
60 39 9028.557199
60 40 9069.033968
60 41 9109.510738
60 42 9149.987509
60 43 9190.464282
60 44 9230.941057
60 45 9271.417833
60 46 9311.894611
60 47 9352.371391
60 48 9392.848171
60 49 9433.324953
60 50 9473.801736
60 51 9514.278520
60 52 9554.755306
60 53 9595.232092
60 54 9635.708879
60 55 9676.185667
60 56 9716.662455
60 57 9757.139245
60 58 9797.616034
60 59 9838.092825
60 60 9878.569615
60 61 9919.046405
60 62 9959.523197
60 63 10000.000000
61 0 0.000000
61 1 14915.229538
61 2 8488.316355
61 3 7027.785624
61 4 7509.004779
61 5 7690.538372
61 6 7702.883777
61 7 7730.757599
61 8 7772.853088
61 9 7814.411937
61 10 7854.813095
61 11 7895.200065
61 12 7935.678425
61 13 7976.162399
61 14 8016.639374
61 15 8057.115554
61 16 8097.592250
61 17 8138.069031
61 18 8178.545774
61 19 8219.022506
61 20 8259.499239
61 21 8299.975972
61 22 8340.452705
61 23 8380.929438
61 24 8421.406171
61 25 8461.882904
61 26 8502.359639
61 27 8542.836374
61 28 8583.313111
61 29 8623.789849
61 30 8664.266588
61 31 8704.743330
61 32 8745.220073
61 33 8785.696818
61 34 8826.173565
61 35 8866.650314
61 36 8907.127065
61 37 8947.603818
61 38 8988.080574
61 39 9028.557331
61 40 9069.034091
61 41 9109.510852
61 42 9149.987616
61 43 9190.464381
61 44 9230.941149
61 45 9271.417918
61 46 9311.894690
61 47 9352.371462
61 48 9392.848237
61 49 9433.325013
61 50 9473.801791
61 51 9514.278570
61 52 9554.755350
61 53 9595.232131
61 54 9635.708914
61 55 9676.185697
61 56 9716.662482
61 57 9757.139267
61 58 9797.616053
61 59 9838.092839
61 60 9878.569625
61 61 9919.046412
61 62 9959.523199
61 63 10000.000000
62 0 0.000000
62 1 14915.232081
62 2 8488.317043
62 3 7027.786160
62 4 7509.005371
62 5 7690.538959
62 6 7702.884350
62 7 7730.758160
62 8 7772.853635
62 9 7814.412470
62 10 7854.813614
62 11 7895.200569
62 12 7935.678914
62 13 7976.162872
62 14 8016.639831
62 15 8057.115996
62 16 8097.592676
62 17 8138.069441
62 18 8178.546167
62 19 8219.022883
62 20 8259.499600
62 21 8299.976318
62 22 8340.453035
62 23 8380.929753
62 24 8421.406471
62 25 8461.883189
62 26 8502.359909
62 27 8542.836630
62 28 8583.313353
62 29 8623.790078
62 30 8664.266805
62 31 8704.743533
62 32 8745.220264
62 33 8785.696998
62 34 8826.173734
62 35 8866.650472
62 36 8907.127213
62 37 8947.603956
62 38 8988.080702
62 39 9028.557451
62 40 9069.034202
62 41 9109.510955
62 42 9149.987711
62 43 9190.464470
62 44 9230.941230
62 45 9271.417993
62 46 9311.894758
62 47 9352.371525
62 48 9392.848294
62 49 9433.325065
62 50 9473.801838
62 51 9514.278612
62 52 9554.755388
62 53 9595.232165
62 54 9635.708944
62 55 9676.185723
62 56 9716.662504
62 57 9757.139285
62 58 9797.616068
62 59 9838.092851
62 60 9878.569634
62 61 9919.046417
62 62 9959.523201
62 63 10000.000000
63 0 0.000000
63 1 14915.232081
63 2 8488.317043
63 3 7027.786160
63 4 7509.005371
63 5 7690.538959
63 6 7702.884350
63 7 7730.758160
63 8 7772.853635
63 9 7814.412470
63 10 7854.813614
63 11 7895.200569
63 12 7935.678914
63 13 7976.162872
63 14 8016.639831
63 15 8057.115996
63 16 8097.592676
63 17 8138.069441
63 18 8178.546167
63 19 8219.022883
63 20 8259.499600
63 21 8299.976318
63 22 8340.453035
63 23 8380.929753
63 24 8421.406471
63 25 8461.883189
63 26 8502.359909
63 27 8542.836630
63 28 8583.313353
63 29 8623.790078
63 30 8664.266805
63 31 8704.743533
63 32 8745.220264
63 33 8785.696998
63 34 8826.173734
63 35 8866.650472
63 36 8907.127213
63 37 8947.603956
63 38 8988.080702
63 39 9028.557451
63 40 9069.034202
63 41 9109.510955
63 42 9149.987711
63 43 9190.464470
63 44 9230.941230
63 45 9271.417993
63 46 9311.894758
63 47 9352.371525
63 48 9392.848294
63 49 9433.325065
63 50 9473.801838
63 51 9514.278612
63 52 9554.755388
63 53 9595.232165
63 54 9635.708944
63 55 9676.185723
63 56 9716.662504
63 57 9757.139285
63 58 9797.616068
63 59 9838.092851
63 60 9878.569634
63 61 9919.046417
63 62 9959.523201
63 63 10000.000000
