0 0 0.000000
0 1 18793.213681
0 2 10623.654086
0 3 8735.523104
0 4 9303.067446
0 5 9491.208198
0 6 9465.168488
0 7 9458.807166
0 8 9470.466884
0 9 9481.445800
0 10 9490.956365
0 11 9500.448941
0 12 9510.057542
0 13 9519.673278
0 14 9529.280125
0 15 9538.885964
0 16 9548.492459
0 17 9558.099064
0 18 9567.705621
0 19 9577.312165
0 20 9586.918710
0 21 9596.525256
0 22 9606.131799
0 23 9615.738342
0 24 9625.344883
0 25 9634.951424
0 26 9644.557963
0 27 9654.164503
0 28 9663.771041
0 29 9673.377579
0 30 9682.984117
0 31 9692.590654
0 32 9702.197192
0 33 9711.803729
0 34 9721.410266
0 35 9731.016803
0 36 9740.623340
0 37 9750.229878
0 38 9759.836416
0 39 9769.442954
0 40 9779.049492
0 41 9788.656031
0 42 9798.262570
0 43 9807.869109
0 44 9817.475649
0 45 9827.082189
0 46 9836.688730
0 47 9846.295271
0 48 9855.901812
0 49 9865.508354
0 50 9875.114897
0 51 9884.721440
0 52 9894.327983
0 53 9903.934526
0 54 9913.541070
0 55 9923.147614
0 56 9932.754159
0 57 9942.360704
0 58 9951.967249
0 59 9961.573794
0 60 9971.180339
0 61 9980.786883
0 62 9990.393429
0 63 10000.000000
1 0 0.000000
1 1 18793.213681
1 2 10623.654086
1 3 8735.523104
1 4 9303.067446
1 5 9491.208198
1 6 9465.168488
1 7 9458.807166
1 8 9470.466884
1 9 9481.445800
1 10 9490.956365
1 11 9500.448941
1 12 9510.057542
1 13 9519.673278
1 14 9529.280125
1 15 9538.885964
1 16 9548.492459
1 17 9558.099064
1 18 9567.705621
1 19 9577.312165
1 20 9586.918710
1 21 9596.525256
1 22 9606.131799
1 23 9615.738342
1 24 9625.344883
1 25 9634.951424
1 26 9644.557963
1 27 9654.164503
1 28 9663.771041
1 29 9673.377579
1 30 9682.984117
1 31 9692.590654
1 32 9702.197192
1 33 9711.803729
1 34 9721.410266
1 35 9731.016803
1 36 9740.623340
1 37 9750.229878
1 38 9759.836416
1 39 9769.442954
1 40 9779.049492
1 41 9788.656031
1 42 9798.262570
1 43 9807.869109
1 44 9817.475649
1 45 9827.082189
1 46 9836.688730
1 47 9846.295271
1 48 9855.901812
1 49 9865.508354
1 50 9875.114897
1 51 9884.721440
1 52 9894.327983
1 53 9903.934526
1 54 9913.541070
1 55 9923.147614
1 56 9932.754159
1 57 9942.360704
1 58 9951.967249
1 59 9961.573794
1 60 9971.180339
1 61 9980.786883
1 62 9990.393429
1 63 10000.000000
2 0 0.000000
2 1 18793.211713
2 2 10623.653542
2 3 8735.522676
2 4 9303.066972
2 5 9491.207723
2 6 9465.168021
2 7 9458.806704
2 8 9470.466429
2 9 9481.445351
2 10 9490.955923
2 11 9500.448506
2 12 9510.057114
2 13 9519.672858
2 14 9529.279712
2 15 9538.885559
2 16 9548.492062
2 17 9558.098676
2 18 9567.705241
2 19 9577.311794
2 20 9586.918348
2 21 9596.524902
2 22 9606.131455
2 23 9615.738006
2 24 9625.344557
2 25 9634.951106
2 26 9644.557655
2 27 9654.164204
2 28 9663.770752
2 29 9673.377299
2 30 9682.983846
2 31 9692.590393
2 32 9702.196939
2 33 9711.803486
2 34 9721.410032
2 35 9731.016578
2 36 9740.623125
2 37 9750.229671
2 38 9759.836218
2 39 9769.442765
2 40 9779.049312
2 41 9788.655859
2 42 9798.262407
2 43 9807.868955
2 44 9817.475503
2 45 9827.082052
2 46 9836.688601
2 47 9846.295150
2 48 9855.901700
2 49 9865.508250
2 50 9875.114800
2 51 9884.721351
2 52 9894.327902
2 53 9903.934453
2 54 9913.541005
2 55 9923.147557
2 56 9932.754109
2 57 9942.360661
2 58 9951.967214
2 59 9961.573766
2 60 9971.180319
2 61 9980.786871
2 62 9990.393424
2 63 10000.000000
3 0 0.000000
3 1 18793.209797
3 2 10623.653003
3 3 8735.522252
3 4 9303.066501
3 5 9491.207251
3 6 9465.167556
3 7 9458.806246
3 8 9470.465976
3 9 9481.444904
3 10 9490.955483
3 11 9500.448072
3 12 9510.056688
3 13 9519.672439
3 14 9529.279301
3 15 9538.885155
3 16 9548.491666
3 17 9558.098288
3 18 9567.704861
3 19 9577.311422
3 20 9586.917985
3 21 9596.524547
3 22 9606.131109
3 23 9615.737669
3 24 9625.344229
3 25 9634.950787
3 26 9644.557345
3 27 9654.163903
3 28 9663.770460
3 29 9673.377016
3 30 9682.983572
3 31 9692.590128
3 32 9702.196684
3 33 9711.803239
3 34 9721.409795
3 35 9731.016350
3 36 9740.622906
3 37 9750.229461
3 38 9759.836017
3 39 9769.442572
3 40 9779.049128
3 41 9788.655684
3 42 9798.262241
3 43 9807.868797
3 44 9817.475354
3 45 9827.081911
3 46 9836.688469
3 47 9846.295026
3 48 9855.901584
3 49 9865.508143
3 50 9875.114701
3 51 9884.721260
3 52 9894.327819
3 53 9903.934378
3 54 9913.540938
3 55 9923.147497
3 56 9932.754057
3 57 9942.360618
3 58 9951.967178
3 59 9961.573738
3 60 9971.180299
3 61 9980.786858
3 62 9990.393419
3 63 10000.000000
4 0 0.000000
4 1 18793.208009
4 2 10623.652526
4 3 8735.521877
4 4 9303.066084
4 5 9491.206833
4 6 9465.167145
4 7 9458.805840
4 8 9470.465576
4 9 9481.444509
4 10 9490.955094
4 11 9500.447689
4 12 9510.056312
4 13 9519.672069
4 14 9529.278937
4 15 9538.884798
4 16 9548.491317
4 17 9558.097946
4 18 9567.704526
4 19 9577.311095
4 20 9586.917665
4 21 9596.524236
4 22 9606.130805
4 23 9615.737373
4 24 9625.343940
4 25 9634.950507
4 26 9644.557073
4 27 9654.163639
4 28 9663.770204
4 29 9673.376768
4 30 9682.983333
4 31 9692.589897
4 32 9702.196461
4 33 9711.803024
4 34 9721.409588
4 35 9731.016151
4 36 9740.622714
4 37 9750.229278
4 38 9759.835841
4 39 9769.442405
4 40 9779.048968
4 41 9788.655532
4 42 9798.262096
4 43 9807.868660
4 44 9817.475225
4 45 9827.081789
4 46 9836.688354
4 47 9846.294919
4 48 9855.901484
4 49 9865.508050
4 50 9875.114615
4 51 9884.721181
4 52 9894.327747
4 53 9903.934313
4 54 9913.540880
4 55 9923.147446
4 56 9932.754013
4 57 9942.360580
4 58 9951.967147
4 59 9961.573714
4 60 9971.180281
4 61 9980.786847
4 62 9990.393415
4 63 10000.000000
5 0 0.000000
5 1 18793.206303
5 2 10623.652075
5 3 8735.521523
5 4 9303.065690
5 5 9491.206439
5 6 9465.166757
5 7 9458.805457
5 8 9470.465198
5 9 9481.444136
5 10 9490.954726
5 11 9500.447328
5 12 9510.055956
5 13 9519.671719
5 14 9529.278594
5 15 9538.884461
5 16 9548.490986
5 17 9558.097622
5 18 9567.704210
5 19 9577.310785
5 20 9586.917363
5 21 9596.523940
5 22 9606.130517
5 23 9615.737093
5 24 9625.343668
5 25 9634.950242
5 26 9644.556815
5 27 9654.163389
5 28 9663.769961
5 29 9673.376534
5 30 9682.983106
5 31 9692.589677
5 32 9702.196249
5 33 9711.802820
5 34 9721.409391
5 35 9731.015962
5 36 9740.622533
5 37 9750.229104
5 38 9759.835675
5 39 9769.442246
5 40 9779.048817
5 41 9788.655388
5 42 9798.261959
5 43 9807.868530
5 44 9817.475102
5 45 9827.081673
5 46 9836.688245
5 47 9846.294817
5 48 9855.901389
5 49 9865.507961
5 50 9875.114533
5 51 9884.721106
5 52 9894.327678
5 53 9903.934251
5 54 9913.540824
5 55 9923.147397
5 56 9932.753970
5 57 9942.360544
5 58 9951.967117
5 59 9961.573690
5 60 9971.180264
5 61 9980.786837
5 62 9990.393411
5 63 10000.000000
6 0 0.000000
6 1 18793.204672
6 2 10623.651647
6 3 8735.521187
6 4 9303.065315
6 5 9491.206064
6 6 9465.166387
6 7 9458.805092
6 8 9470.464837
6 9 9481.443781
6 10 9490.954376
6 11 9500.446982
6 12 9510.055616
6 13 9519.671385
6 14 9529.278265
6 15 9538.884139
6 16 9548.490670
6 17 9558.097312
6 18 9567.703907
6 19 9577.310489
6 20 9586.917073
6 21 9596.523657
6 22 9606.130241
6 23 9615.736824
6 24 9625.343406
6 25 9634.949987
6 26 9644.556568
6 27 9654.163148
6 28 9663.769728
6 29 9673.376308
6 30 9682.982887
6 31 9692.589466
6 32 9702.196044
6 33 9711.802623
6 34 9721.409201
6 35 9731.015779
6 36 9740.622358
6 37 9750.228936
6 38 9759.835514
6 39 9769.442092
6 40 9779.048670
6 41 9788.655248
6 42 9798.261826
6 43 9807.868404
6 44 9817.474982
6 45 9827.081561
6 46 9836.688139
6 47 9846.294717
6 48 9855.901296
6 49 9865.507875
6 50 9875.114454
6 51 9884.721033
6 52 9894.327612
6 53 9903.934191
6 54 9913.540770
6 55 9923.147350
6 56 9932.753929
6 57 9942.360509
6 58 9951.967088
6 59 9961.573668
6 60 9971.180247
6 61 9980.786827
6 62 9990.393407
6 63 10000.000000
7 0 0.000000
7 1 18793.203115
7 2 10623.651241
7 3 8735.520868
7 4 9303.064960
7 5 9491.205708
7 6 9465.166037
7 7 9458.804745
7 8 9470.464495
7 9 9481.443443
7 10 9490.954043
7 11 9500.446654
7 12 9510.055293
7 13 9519.671068
7 14 9529.277954
7 15 9538.883833
7 16 9548.490370
7 17 9558.097018
7 18 9567.703618
7 19 9577.310207
7 20 9586.916797
7 21 9596.523388
7 22 9606.129978
7 23 9615.736567
7 24 9625.343156
7 25 9634.949744
7 26 9644.556332
7 27 9654.162919
7 28 9663.769505
7 29 9673.376092
7 30 9682.982678
7 31 9692.589264
7 32 9702.195849
7 33 9711.802435
7 34 9721.409020
7 35 9731.015605
7 36 9740.622190
7 37 9750.228775
7 38 9759.835359
7 39 9769.441944
7 40 9779.048529
7 41 9788.655113
7 42 9798.261698
7 43 9807.868283
7 44 9817.474868
7 45 9827.081452
7 46 9836.688037
7 47 9846.294622
7 48 9855.901207
7 49 9865.507792
7 50 9875.114377
7 51 9884.720962
7 52 9894.327548
7 53 9903.934133
7 54 9913.540718
7 55 9923.147304
7 56 9932.753889
7 57 9942.360475
7 58 9951.967060
7 59 9961.573646
7 60 9971.180232
7 61 9980.786817
7 62 9990.393403
7 63 10000.000000
8 0 0.000000
8 1 18793.201632
8 2 10623.650858
8 3 8735.520567
8 4 9303.064624
8 5 9491.205372
8 6 9465.165705
8 7 9458.804418
8 8 9470.464171
8 9 9481.443124
8 10 9490.953728
8 11 9500.446344
8 12 9510.054987
8 13 9519.670767
8 14 9529.277658
8 15 9538.883543
8 16 9548.490085
8 17 9558.096739
8 18 9567.703345
8 19 9577.309939
8 20 9586.916535
8 21 9596.523132
8 22 9606.129728
8 23 9615.736323
8 24 9625.342918
8 25 9634.949513
8 26 9644.556107
8 27 9654.162700
8 28 9663.769293
8 29 9673.375886
8 30 9682.982479
8 31 9692.589071
8 32 9702.195663
8 33 9711.802255
8 34 9721.408846
8 35 9731.015438
8 36 9740.622029
8 37 9750.228621
8 38 9759.835212
8 39 9769.441803
8 40 9779.048394
8 41 9788.654985
8 42 9798.261576
8 43 9807.868167
8 44 9817.474758
8 45 9827.081349
8 46 9836.687940
8 47 9846.294531
8 48 9855.901122
8 49 9865.507713
8 50 9875.114304
8 51 9884.720895
8 52 9894.327486
8 53 9903.934077
8 54 9913.540668
8 55 9923.147260
8 56 9932.753851
8 57 9942.360442
8 58 9951.967034
8 59 9961.573625
8 60 9971.180216
8 61 9980.786807
8 62 9990.393399
8 63 10000.000000
9 0 0.000000
9 1 18793.200221
9 2 10623.650496
9 3 8735.520282
9 4 9303.064306
9 5 9491.205054
9 6 9465.165392
9 7 9458.804108
9 8 9470.463865
9 9 9481.442822
9 10 9490.953430
9 11 9500.446050
9 12 9510.054698
9 13 9519.670482
9 14 9529.277378
9 15 9538.883268
9 16 9548.489815
9 17 9558.096474
9 18 9567.703085
9 19 9577.309684
9 20 9586.916286
9 21 9596.522889
9 22 9606.129491
9 23 9615.736092
9 24 9625.342693
9 25 9634.949293
9 26 9644.555893
9 27 9654.162492
9 28 9663.769091
9 29 9673.375690
9 30 9682.982289
9 31 9692.588887
9 32 9702.195485
9 33 9711.802083
9 34 9721.408681
9 35 9731.015279
9 36 9740.621876
9 37 9750.228474
9 38 9759.835071
9 39 9769.441668
9 40 9779.048265
9 41 9788.654862
9 42 9798.261459
9 43 9807.868056
9 44 9817.474653
9 45 9827.081249
9 46 9836.687846
9 47 9846.294443
9 48 9855.901040
9 49 9865.507637
9 50 9875.114233
9 51 9884.720830
9 52 9894.327427
9 53 9903.934024
9 54 9913.540621
9 55 9923.147217
9 56 9932.753814
9 57 9942.360411
9 58 9951.967008
9 59 9961.573605
9 60 9971.180202
9 61 9980.786798
9 62 9990.393395
9 63 10000.000000
10 0 0.000000
10 1 18793.198882
10 2 10623.650155
10 3 8735.520014
10 4 9303.064007
10 5 9491.204755
10 6 9465.165097
10 7 9458.803816
10 8 9470.463577
10 9 9481.442536
10 10 9490.953148
10 11 9500.445772
10 12 9510.054424
10 13 9519.670213
10 14 9529.277113
10 15 9538.883007
10 16 9548.489559
10 17 9558.096223
10 18 9567.702839
10 19 9577.309443
10 20 9586.916051
10 21 9596.522658
10 22 9606.129265
10 23 9615.735872
10 24 9625.342478
10 25 9634.949084
10 26 9644.555690
10 27 9654.162295
10 28 9663.768900
10 29 9673.375504
10 30 9682.982108
10 31 9692.588713
10 32 9702.195316
10 33 9711.801920
10 34 9721.408524
10 35 9731.015127
10 36 9740.621730
10 37 9750.228333
10 38 9759.834936
10 39 9769.441539
10 40 9779.048142
10 41 9788.654745
10 42 9798.261347
10 43 9807.867950
10 44 9817.474552
10 45 9827.081155
10 46 9836.687757
10 47 9846.294359
10 48 9855.900962
10 49 9865.507564
10 50 9875.114166
10 51 9884.720768
10 52 9894.327370
10 53 9903.933973
10 54 9913.540575
10 55 9923.147177
10 56 9932.753779
10 57 9942.360381
10 58 9951.966983
10 59 9961.573586
10 60 9971.180188
10 61 9980.786789
10 62 9990.393392
10 63 10000.000000
11 0 0.000000
11 1 18793.197612
11 2 10623.649834
11 3 8735.519762
11 4 9303.063726
11 5 9491.204473
11 6 9465.164818
11 7 9458.803541
11 8 9470.463304
11 9 9481.442267
11 10 9490.952883
11 11 9500.445510
11 12 9510.054166
11 13 9519.669958
11 14 9529.276863
11 15 9538.882761
11 16 9548.489317
11 17 9558.095985
11 18 9567.702606
11 19 9577.309216
11 20 9586.915827
11 21 9596.522440
11 22 9606.129052
11 23 9615.735664
11 24 9625.342275
11 25 9634.948886
11 26 9644.555497
11 27 9654.162107
11 28 9663.768717
11 29 9673.375327
11 30 9682.981937
11 31 9692.588547
11 32 9702.195156
11 33 9711.801765
11 34 9721.408374
11 35 9731.014983
11 36 9740.621591
11 37 9750.228200
11 38 9759.834808
11 39 9769.441417
11 40 9779.048025
11 41 9788.654633
11 42 9798.261241
11 43 9807.867849
11 44 9817.474456
11 45 9827.081064
11 46 9836.687672
11 47 9846.294279
11 48 9855.900887
11 49 9865.507494
11 50 9875.114102
11 51 9884.720709
11 52 9894.327316
11 53 9903.933924
11 54 9913.540531
11 55 9923.147138
11 56 9932.753745
11 57 9942.360353
11 58 9951.966960
11 59 9961.573567
11 60 9971.180174
11 61 9980.786781
11 62 9990.393388
11 63 10000.000000
12 0 0.000000
12 1 18793.196411
12 2 10623.649533
12 3 8735.519525
12 4 9303.063461
12 5 9491.204207
12 6 9465.164556
12 7 9458.803282
12 8 9470.463048
12 9 9481.442014
12 10 9490.952633
12 11 9500.445264
12 12 9510.053923
12 13 9519.669719
12 14 9529.276627
12 15 9538.882529
12 16 9548.489089
12 17 9558.095762
12 18 9567.702387
12 19 9577.309000
12 20 9586.915617
12 21 9596.522234
12 22 9606.128851
12 23 9615.735467
12 24 9625.342083
12 25 9634.948699
12 26 9644.555314
12 27 9654.161930
12 28 9663.768545
12 29 9673.375160
12 30 9682.981775
12 31 9692.588389
12 32 9702.195004
12 33 9711.801618
12 34 9721.408232
12 35 9731.014846
12 36 9740.621460
12 37 9750.228073
12 38 9759.834687
12 39 9769.441300
12 40 9779.047913
12 41 9788.654526
12 42 9798.261139
12 43 9807.867752
12 44 9817.474365
12 45 9827.080978
12 46 9836.687591
12 47 9846.294203
12 48 9855.900816
12 49 9865.507428
12 50 9875.114040
12 51 9884.720653
12 52 9894.327265
12 53 9903.933877
12 54 9913.540489
12 55 9923.147101
12 56 9932.753713
12 57 9942.360325
12 58 9951.966937
12 59 9961.573549
12 60 9971.180161
12 61 9980.786773
12 62 9990.393385
12 63 10000.000000
13 0 0.000000
13 1 18793.195278
13 2 10623.649251
13 3 8735.519303
13 4 9303.063213
13 5 9491.203959
13 6 9465.164311
13 7 9458.803039
13 8 9470.462808
13 9 9481.441776
13 10 9490.952398
13 11 9500.445032
13 12 9510.053694
13 13 9519.669493
13 14 9529.276405
13 15 9538.882311
13 16 9548.488875
13 17 9558.095551
13 18 9567.702180
13 19 9577.308797
13 20 9586.915418
13 21 9596.522039
13 22 9606.128660
13 23 9615.735281
13 24 9625.341901
13 25 9634.948522
13 26 9644.555142
13 27 9654.161762
13 28 9663.768382
13 29 9673.375001
13 30 9682.981621
13 31 9692.588240
13 32 9702.194859
13 33 9711.801478
13 34 9721.408097
13 35 9731.014716
13 36 9740.621335
13 37 9750.227953
13 38 9759.834571
13 39 9769.441189
13 40 9779.047808
13 41 9788.654425
13 42 9798.261043
13 43 9807.867661
13 44 9817.474279
13 45 9827.080896
13 46 9836.687513
13 47 9846.294131
13 48 9855.900748
13 49 9865.507365
13 50 9875.113982
13 51 9884.720599
13 52 9894.327216
13 53 9903.933833
13 54 9913.540449
13 55 9923.147066
13 56 9932.753683
13 57 9942.360299
13 58 9951.966916
13 59 9961.573533
13 60 9971.180149
13 61 9980.786766
13 62 9990.393382
13 63 10000.000000
14 0 0.000000
14 1 18793.194210
14 2 10623.648987
14 3 8735.519095
14 4 9303.062981
14 5 9491.203726
14 6 9465.164081
14 7 9458.802811
14 8 9470.462582
14 9 9481.441553
14 10 9490.952177
14 11 9500.444814
14 12 9510.053480
14 13 9519.669282
14 14 9529.276196
14 15 9538.882106
14 16 9548.488673
14 17 9558.095353
14 18 9567.701985
14 19 9577.308607
14 20 9586.915231
14 21 9596.521856
14 22 9606.128481
14 23 9615.735106
14 24 9625.341731
14 25 9634.948355
14 26 9644.554980
14 27 9654.161604
14 28 9663.768228
14 29 9673.374852
14 30 9682.981476
14 31 9692.588100
14 32 9702.194723
14 33 9711.801347
14 34 9721.407970
14 35 9731.014593
14 36 9740.621216
14 37 9750.227839
14 38 9759.834462
14 39 9769.441085
14 40 9779.047707
14 41 9788.654330
14 42 9798.260952
14 43 9807.867574
14 44 9817.474196
14 45 9827.080818
14 46 9836.687440
14 47 9846.294062
14 48 9855.900684
14 49 9865.507305
14 50 9875.113927
14 51 9884.720548
14 52 9894.327169
14 53 9903.933791
14 54 9913.540412
14 55 9923.147033
14 56 9932.753654
14 57 9942.360275
14 58 9951.966896
14 59 9961.573517
14 60 9971.180138
14 61 9980.786758
14 62 9990.393379
14 63 10000.000000
15 0 0.000000
15 1 18793.193207
15 2 10623.648741
15 3 8735.518901
15 4 9303.062764
15 5 9491.203508
15 6 9465.163866
15 7 9458.802598
15 8 9470.462371
15 9 9481.441345
15 10 9490.951971
15 11 9500.444611
15 12 9510.053279
15 13 9519.669084
15 14 9529.276001
15 15 9538.881914
15 16 9548.488484
15 17 9558.095167
15 18 9567.701803
15 19 9577.308428
15 20 9586.915056
15 21 9596.521684
15 22 9606.128313
15 23 9615.734942
15 24 9625.341570
15 25 9634.948198
15 26 9644.554827
15 27 9654.161455
15 28 9663.768083
15 29 9673.374711
15 30 9682.981339
15 31 9692.587967
15 32 9702.194595
15 33 9711.801223
15 34 9721.407850
15 35 9731.014478
15 36 9740.621105
15 37 9750.227732
15 38 9759.834359
15 39 9769.440986
15 40 9779.047613
15 41 9788.654240
15 42 9798.260866
15 43 9807.867493
15 44 9817.474119
15 45 9827.080745
15 46 9836.687371
15 47 9846.293997
15 48 9855.900623
15 49 9865.507249
15 50 9875.113874
15 51 9884.720500
15 52 9894.327125
15 53 9903.933751
15 54 9913.540376
15 55 9923.147001
15 56 9932.753626
15 57 9942.360252
15 58 9951.966877
15 59 9961.573502
15 60 9971.180127
15 61 9980.786752
15 62 9990.393377
15 63 10000.000000
16 0 0.000000
16 1 18793.192268
16 2 10623.648512
16 3 8735.518721
16 4 9303.062562
16 5 9491.203306
16 6 9465.163666
16 7 9458.802400
16 8 9470.462175
16 9 9481.441151
16 10 9490.951779
16 11 9500.444421
16 12 9510.053091
16 13 9519.668899
16 14 9529.275819
16 15 9538.881734
16 16 9548.488307
16 17 9558.094993
16 18 9567.701632
16 19 9577.308260
16 20 9586.914891
16 21 9596.521524
16 22 9606.128156
16 23 9615.734788
16 24 9625.341420
16 25 9634.948052
16 26 9644.554684
16 27 9654.161316
16 28 9663.767948
16 29 9673.374579
16 30 9682.981211
16 31 9692.587843
16 32 9702.194475
16 33 9711.801106
16 34 9721.407738
16 35 9731.014369
16 36 9740.621000
16 37 9750.227631
16 38 9759.834262
16 39 9769.440893
16 40 9779.047524
16 41 9788.654155
16 42 9798.260785
16 43 9807.867416
16 44 9817.474046
16 45 9827.080676
16 46 9836.687306
16 47 9846.293936
16 48 9855.900566
16 49 9865.507196
16 50 9875.113825
16 51 9884.720455
16 52 9894.327084
16 53 9903.933713
16 54 9913.540342
16 55 9923.146972
16 56 9932.753601
16 57 9942.360230
16 58 9951.966859
16 59 9961.573487
16 60 9971.180116
16 61 9980.786745
16 62 9990.393374
16 63 10000.000000
17 0 0.000000
17 1 18793.191392
17 2 10623.648300
17 3 8735.518554
17 4 9303.062375
17 5 9491.203118
17 6 9465.163480
17 7 9458.802216
17 8 9470.461993
17 9 9481.440970
17 10 9490.951601
17 11 9500.444245
17 12 9510.052917
17 13 9519.668727
17 14 9529.275649
17 15 9538.881567
17 16 9548.488143
17 17 9558.094832
17 18 9567.701473
17 19 9577.308104
17 20 9586.914738
17 21 9596.521374
17 22 9606.128009
17 23 9615.734644
17 24 9625.341279
17 25 9634.947915
17 26 9644.554550
17 27 9654.161185
17 28 9663.767821
17 29 9673.374456
17 30 9682.981091
17 31 9692.587727
17 32 9702.194362
17 33 9711.800997
17 34 9721.407632
17 35 9731.014267
17 36 9740.620902
17 37 9750.227537
17 38 9759.834172
17 39 9769.440806
17 40 9779.047441
17 41 9788.654075
17 42 9798.260709
17 43 9807.867343
17 44 9817.473977
17 45 9827.080611
17 46 9836.687245
17 47 9846.293879
17 48 9855.900512
17 49 9865.507146
17 50 9875.113779
17 51 9884.720412
17 52 9894.327045
17 53 9903.933678
17 54 9913.540311
17 55 9923.146944
17 56 9932.753576
17 57 9942.360209
17 58 9951.966841
17 59 9961.573474
17 60 9971.180107
17 61 9980.786739
17 62 9990.393372
17 63 10000.000000
18 0 0.000000
18 1 18793.190578
18 2 10623.648104
18 3 8735.518400
18 4 9303.062202
18 5 9491.202945
18 6 9465.163309
18 7 9458.802046
18 8 9470.461824
18 9 9481.440803
18 10 9490.951435
18 11 9500.444081
18 12 9510.052756
18 13 9519.668568
18 14 9529.275492
18 15 9538.881412
18 16 9548.487990
18 17 9558.094681
18 18 9567.701326
18 19 9577.307959
18 20 9586.914596
18 21 9596.521234
18 22 9606.127872
18 23 9615.734510
18 24 9625.341149
18 25 9634.947787
18 26 9644.554425
18 27 9654.161064
18 28 9663.767703
18 29 9673.374341
18 30 9682.980980
18 31 9692.587618
18 32 9702.194257
18 33 9711.800895
18 34 9721.407534
18 35 9731.014172
18 36 9740.620811
18 37 9750.227449
18 38 9759.834087
18 39 9769.440725
18 40 9779.047363
18 41 9788.654001
18 42 9798.260638
18 43 9807.867276
18 44 9817.473913
18 45 9827.080551
18 46 9836.687188
18 47 9846.293825
18 48 9855.900462
18 49 9865.507099
18 50 9875.113735
18 51 9884.720372
18 52 9894.327008
18 53 9903.933645
18 54 9913.540281
18 55 9923.146917
18 56 9932.753553
18 57 9942.360190
18 58 9951.966826
18 59 9961.573462
18 60 9971.180097
18 61 9980.786734
18 62 9990.393369
18 63 10000.000000
19 0 0.000000
19 1 18793.189824
19 2 10623.647924
19 3 8735.518258
19 4 9303.062043
19 5 9491.202785
19 6 9465.163151
19 7 9458.801889
19 8 9470.461669
19 9 9481.440649
19 10 9490.951283
19 11 9500.443930
19 12 9510.052607
19 13 9519.668420
19 14 9529.275347
19 15 9538.881269
19 16 9548.487849
19 17 9558.094543
19 18 9567.701189
19 19 9577.307825
19 20 9586.914465
19 21 9596.521105
19 22 9606.127746
19 23 9615.734387
19 24 9625.341028
19 25 9634.947669
19 26 9644.554310
19 27 9654.160952
19 28 9663.767593
19 29 9673.374235
19 30 9682.980876
19 31 9692.587518
19 32 9702.194159
19 33 9711.800801
19 34 9721.407443
19 35 9731.014084
19 36 9740.620726
19 37 9750.227367
19 38 9759.834008
19 39 9769.440650
19 40 9779.047291
19 41 9788.653932
19 42 9798.260573
19 43 9807.867213
19 44 9817.473854
19 45 9827.080494
19 46 9836.687135
19 47 9846.293775
19 48 9855.900415
19 49 9865.507055
19 50 9875.113695
19 51 9884.720335
19 52 9894.326975
19 53 9903.933614
19 54 9913.540254
19 55 9923.146893
19 56 9932.753532
19 57 9942.360172
19 58 9951.966811
19 59 9961.573450
19 60 9971.180089
19 61 9980.786728
19 62 9990.393367
19 63 10000.000000
20 0 0.000000
20 1 18793.189130
20 2 10623.647759
20 3 8735.518128
20 4 9303.061897
20 5 9491.202639
20 6 9465.163006
20 7 9458.801746
20 8 9470.461526
20 9 9481.440508
20 10 9490.951143
20 11 9500.443792
20 12 9510.052470
20 13 9519.668285
20 14 9529.275214
20 15 9538.881137
20 16 9548.487720
20 17 9558.094415
20 18 9567.701064
20 19 9577.307702
20 20 9586.914344
20 21 9596.520987
20 22 9606.127630
20 23 9615.734273
20 24 9625.340916
20 25 9634.947560
20 26 9644.554204
20 27 9654.160848
20 28 9663.767492
20 29 9673.374136
20 30 9682.980781
20 31 9692.587425
20 32 9702.194070
20 33 9711.800714
20 34 9721.407358
20 35 9731.014003
20 36 9740.620647
20 37 9750.227291
20 38 9759.833936
20 39 9769.440580
20 40 9779.047224
20 41 9788.653868
20 42 9798.260512
20 43 9807.867155
20 44 9817.473799
20 45 9827.080442
20 46 9836.687086
20 47 9846.293729
20 48 9855.900372
20 49 9865.507015
20 50 9875.113658
20 51 9884.720301
20 52 9894.326943
20 53 9903.933586
20 54 9913.540228
20 55 9923.146870
20 56 9932.753513
20 57 9942.360155
20 58 9951.966797
20 59 9961.573439
20 60 9971.180081
20 61 9980.786723
20 62 9990.393365
20 63 10000.000000
21 0 0.000000
21 1 18793.188496
21 2 10623.647610
21 3 8735.518010
21 4 9303.061765
21 5 9491.202506
21 6 9465.162874
21 7 9458.801615
21 8 9470.461397
21 9 9481.440379
21 10 9490.951016
21 11 9500.443666
21 12 9510.052345
21 13 9519.668162
21 14 9529.275092
21 15 9538.881017
21 16 9548.487602
21 17 9558.094299
21 18 9567.700949
21 19 9577.307589
21 20 9586.914233
21 21 9596.520878
21 22 9606.127523
21 23 9615.734169
21 24 9625.340814
21 25 9634.947460
21 26 9644.554107
21 27 9654.160753
21 28 9663.767400
21 29 9673.374046
21 30 9682.980693
21 31 9692.587340
21 32 9702.193987
21 33 9711.800634
21 34 9721.407281
21 35 9731.013928
21 36 9740.620575
21 37 9750.227222
21 38 9759.833869
21 39 9769.440516
21 40 9779.047163
21 41 9788.653809
21 42 9798.260456
21 43 9807.867102
21 44 9817.473748
21 45 9827.080394
21 46 9836.687041
21 47 9846.293686
21 48 9855.900332
21 49 9865.506978
21 50 9875.113623
21 51 9884.720269
21 52 9894.326914
21 53 9903.933559
21 54 9913.540205
21 55 9923.146850
21 56 9932.753495
21 57 9942.360140
21 58 9951.966784
21 59 9961.573429
21 60 9971.180074
21 61 9980.786719
21 62 9990.393363
21 63 10000.000000
22 0 0.000000
22 1 18793.187920
22 2 10623.647475
22 3 8735.517904
22 4 9303.061645
22 5 9491.202385
22 6 9465.162755
22 7 9458.801497
22 8 9470.461279
22 9 9481.440263
22 10 9490.950900
22 11 9500.443552
22 12 9510.052232
22 13 9519.668050
22 14 9529.274982
22 15 9538.880909
22 16 9548.487494
22 17 9558.094193
22 18 9567.700845
22 19 9577.307487
22 20 9586.914133
22 21 9596.520779
22 22 9606.127427
22 23 9615.734074
22 24 9625.340722
22 25 9634.947370
22 26 9644.554018
22 27 9654.160667
22 28 9663.767316
22 29 9673.373965
22 30 9682.980614
22 31 9692.587263
22 32 9702.193912
22 33 9711.800561
22 34 9721.407211
22 35 9731.013860
22 36 9740.620510
22 37 9750.227159
22 38 9759.833808
22 39 9769.440457
22 40 9779.047107
22 41 9788.653756
22 42 9798.260405
22 43 9807.867053
22 44 9817.473702
22 45 9827.080351
22 46 9836.686999
22 47 9846.293648
22 48 9855.900296
22 49 9865.506944
22 50 9875.113592
22 51 9884.720240
22 52 9894.326888
22 53 9903.933536
22 54 9913.540183
22 55 9923.146831
22 56 9932.753478
22 57 9942.360126
22 58 9951.966773
22 59 9961.573420
22 60 9971.180067
22 61 9980.786715
22 62 9990.393362
22 63 10000.000000
23 0 0.000000
23 1 18793.187401
23 2 10623.647354
23 3 8735.517808
23 4 9303.061538
23 5 9491.202278
23 6 9465.162648
23 7 9458.801391
23 8 9470.461174
23 9 9481.440159
23 10 9490.950797
23 11 9500.443449
23 12 9510.052131
23 13 9519.667950
23 14 9529.274883
23 15 9538.880811
23 16 9548.487398
23 17 9558.094098
23 18 9567.700752
23 19 9577.307395
23 20 9586.914042
23 21 9596.520691
23 22 9606.127340
23 23 9615.733989
23 24 9625.340638
23 25 9634.947288
23 26 9644.553938
23 27 9654.160589
23 28 9663.767240
23 29 9673.373891
23 30 9682.980542
23 31 9692.587193
23 32 9702.193844
23 33 9711.800496
23 34 9721.407147
23 35 9731.013799
23 36 9740.620450
23 37 9750.227102
23 38 9759.833753
23 39 9769.440405
23 40 9779.047056
23 41 9788.653707
23 42 9798.260358
23 43 9807.867010
23 44 9817.473661
23 45 9827.080311
23 46 9836.686962
23 47 9846.293613
23 48 9855.900263
23 49 9865.506914
23 50 9875.113564
23 51 9884.720214
23 52 9894.326864
23 53 9903.933514
23 54 9913.540164
23 55 9923.146814
23 56 9932.753463
23 57 9942.360113
23 58 9951.966762
23 59 9961.573412
23 60 9971.180061
23 61 9980.786711
23 62 9990.393360
23 63 10000.000000
24 0 0.000000
24 1 18793.186940
24 2 10623.647247
24 3 8735.517724
24 4 9303.061443
24 5 9491.202182
24 6 9465.162554
24 7 9458.801297
24 8 9470.461081
24 9 9481.440066
24 10 9490.950705
24 11 9500.443358
24 12 9510.052041
24 13 9519.667861
24 14 9529.274795
24 15 9538.880724
24 16 9548.487312
24 17 9558.094014
24 18 9567.700669
24 19 9577.307313
24 20 9586.913962
24 21 9596.520612
24 22 9606.127262
24 23 9615.733913
24 24 9625.340564
24 25 9634.947216
24 26 9644.553868
24 27 9654.160520
24 28 9663.767172
24 29 9673.373825
24 30 9682.980478
24 31 9692.587131
24 32 9702.193784
24 33 9711.800437
24 34 9721.407091
24 35 9731.013744
24 36 9740.620398
24 37 9750.227051
24 38 9759.833704
24 39 9769.440358
24 40 9779.047011
24 41 9788.653664
24 42 9798.260317
24 43 9807.866970
24 44 9817.473623
24 45 9827.080276
24 46 9836.686929
24 47 9846.293581
24 48 9855.900234
24 49 9865.506886
24 50 9875.113539
24 51 9884.720191
24 52 9894.326843
24 53 9903.933495
24 54 9913.540146
24 55 9923.146798
24 56 9932.753450
24 57 9942.360102
24 58 9951.966753
24 59 9961.573405
24 60 9971.180056
24 61 9980.786708
24 62 9990.393359
24 63 10000.000000
25 0 0.000000
25 1 18793.186535
25 2 10623.647154
25 3 8735.517651
25 4 9303.061361
25 5 9491.202099
25 6 9465.162472
25 7 9458.801215
25 8 9470.460999
25 9 9481.439985
25 10 9490.950625
25 11 9500.443279
25 12 9510.051962
25 13 9519.667783
25 14 9529.274718
25 15 9538.880648
25 16 9548.487237
25 17 9558.093940
25 18 9567.700596
25 19 9577.307242
25 20 9586.913891
25 21 9596.520543
25 22 9606.127194
25 23 9615.733846
25 24 9625.340499
25 25 9634.947152
25 26 9644.553805
25 27 9654.160459
25 28 9663.767113
25 29 9673.373767
25 30 9682.980422
25 31 9692.587076
25 32 9702.193731
25 33 9711.800386
25 34 9721.407041
25 35 9731.013696
25 36 9740.620351
25 37 9750.227006
25 38 9759.833661
25 39 9769.440316
25 40 9779.046971
25 41 9788.653626
25 42 9798.260281
25 43 9807.866936
25 44 9817.473590
25 45 9827.080245
25 46 9836.686899
25 47 9846.293554
25 48 9855.900208
25 49 9865.506862
25 50 9875.113516
25 51 9884.720170
25 52 9894.326824
25 53 9903.933478
25 54 9913.540131
25 55 9923.146785
25 56 9932.753438
25 57 9942.360092
25 58 9951.966745
25 59 9961.573398
25 60 9971.180051
25 61 9980.786705
25 62 9990.393358
25 63 10000.000000
26 0 0.000000
26 1 18793.186186
26 2 10623.647075
26 3 8735.517588
26 4 9303.061290
26 5 9491.202028
26 6 9465.162401
26 7 9458.801145
26 8 9470.460929
26 9 9481.439916
26 10 9490.950556
26 11 9500.443210
26 12 9510.051894
26 13 9519.667716
26 14 9529.274652
26 15 9538.880583
26 16 9548.487173
26 17 9558.093876
26 18 9567.700533
26 19 9577.307180
26 20 9586.913831
26 21 9596.520483
26 22 9606.127136
26 23 9615.733789
26 24 9625.340443
26 25 9634.947097
26 26 9644.553751
26 27 9654.160406
26 28 9663.767062
26 29 9673.373717
26 30 9682.980373
26 31 9692.587029
26 32 9702.193685
26 33 9711.800341
26 34 9721.406998
26 35 9731.013654
26 36 9740.620311
26 37 9750.226967
26 38 9759.833624
26 39 9769.440280
26 40 9779.046937
26 41 9788.653593
26 42 9798.260250
26 43 9807.866906
26 44 9817.473562
26 45 9827.080218
26 46 9836.686874
26 47 9846.293530
26 48 9855.900186
26 49 9865.506841
26 50 9875.113497
26 51 9884.720152
26 52 9894.326808
26 53 9903.933463
26 54 9913.540118
26 55 9923.146773
26 56 9932.753428
26 57 9942.360083
26 58 9951.966738
26 59 9961.573392
26 60 9971.180047
26 61 9980.786702
26 62 9990.393357
26 63 10000.000000
27 0 0.000000
27 1 18793.185893
27 2 10623.647009
27 3 8735.517536
27 4 9303.061231
27 5 9491.201969
27 6 9465.162342
27 7 9458.801086
27 8 9470.460871
27 9 9481.439858
27 10 9490.950498
27 11 9500.443153
27 12 9510.051838
27 13 9519.667660
27 14 9529.274596
27 15 9538.880528
27 16 9548.487118
27 17 9558.093823
27 18 9567.700481
27 19 9577.307128
27 20 9586.913780
27 21 9596.520433
27 22 9606.127087
27 23 9615.733741
27 24 9625.340395
27 25 9634.947051
27 26 9644.553706
27 27 9654.160362
27 28 9663.767019
27 29 9673.373675
27 30 9682.980332
27 31 9692.586989
27 32 9702.193647
27 33 9711.800304
27 34 9721.406962
27 35 9731.013619
27 36 9740.620277
27 37 9750.226935
27 38 9759.833592
27 39 9769.440250
27 40 9779.046908
27 41 9788.653566
27 42 9798.260223
27 43 9807.866881
27 44 9817.473538
27 45 9827.080195
27 46 9836.686853
27 47 9846.293510
27 48 9855.900167
27 49 9865.506824
27 50 9875.113481
27 51 9884.720137
27 52 9894.326794
27 53 9903.933450
27 54 9913.540107
27 55 9923.146763
27 56 9932.753419
27 57 9942.360076
27 58 9951.966732
27 59 9961.573388
27 60 9971.180044
27 61 9980.786700
27 62 9990.393356
27 63 10000.000000
28 0 0.000000
28 1 18793.185655
28 2 10623.646956
28 3 8735.517494
28 4 9303.061184
28 5 9491.201921
28 6 9465.162294
28 7 9458.801039
28 8 9470.460824
28 9 9481.439811
28 10 9490.950452
28 11 9500.443107
28 12 9510.051792
28 13 9519.667615
28 14 9529.274551
28 15 9538.880483
28 16 9548.487075
28 17 9558.093779
28 18 9567.700438
28 19 9577.307086
28 20 9586.913738
28 21 9596.520392
28 22 9606.127047
28 23 9615.733701
28 24 9625.340357
28 25 9634.947013
28 26 9644.553669
28 27 9654.160326
28 28 9663.766983
28 29 9673.373641
28 30 9682.980299
28 31 9692.586957
28 32 9702.193615
28 33 9711.800273
28 34 9721.406932
28 35 9731.013591
28 36 9740.620249
28 37 9750.226908
28 38 9759.833567
28 39 9769.440226
28 40 9779.046884
28 41 9788.653543
28 42 9798.260202
28 43 9807.866860
28 44 9817.473519
28 45 9827.080177
28 46 9836.686835
28 47 9846.293493
28 48 9855.900151
28 49 9865.506809
28 50 9875.113467
28 51 9884.720125
28 52 9894.326783
28 53 9903.933440
28 54 9913.540098
28 55 9923.146755
28 56 9932.753412
28 57 9942.360070
28 58 9951.966727
28 59 9961.573384
28 60 9971.180041
28 61 9980.786699
28 62 9990.393355
28 63 10000.000000
29 0 0.000000
29 1 18793.185471
29 2 10623.646916
29 3 8735.517462
29 4 9303.061148
29 5 9491.201885
29 6 9465.162258
29 7 9458.801003
29 8 9470.460788
29 9 9481.439775
29 10 9490.950416
29 11 9500.443072
29 12 9510.051757
29 13 9519.667580
29 14 9529.274517
29 15 9538.880449
29 16 9548.487041
29 17 9558.093746
29 18 9567.700405
29 19 9577.307054
29 20 9586.913707
29 21 9596.520361
29 22 9606.127016
29 23 9615.733671
29 24 9625.340327
29 25 9634.946984
29 26 9644.553641
29 27 9654.160299
29 28 9663.766956
29 29 9673.373615
29 30 9682.980273
29 31 9692.586932
29 32 9702.193591
29 33 9711.800250
29 34 9721.406909
29 35 9731.013569
29 36 9740.620228
29 37 9750.226888
29 38 9759.833547
29 39 9769.440207
29 40 9779.046866
29 41 9788.653526
29 42 9798.260185
29 43 9807.866844
29 44 9817.473503
29 45 9827.080163
29 46 9836.686822
29 47 9846.293481
29 48 9855.900140
29 49 9865.506798
29 50 9875.113457
29 51 9884.720116
29 52 9894.326774
29 53 9903.933432
29 54 9913.540091
29 55 9923.146749
29 56 9932.753407
29 57 9942.360065
29 58 9951.966723
29 59 9961.573381
29 60 9971.180039
29 61 9980.786697
29 62 9990.393355
29 63 10000.000000
30 0 0.000000
30 1 18793.185343
30 2 10623.646889
30 3 8735.517441
30 4 9303.061123
30 5 9491.201860
30 6 9465.162234
30 7 9458.800978
30 8 9470.460763
30 9 9481.439751
30 10 9490.950392
30 11 9500.443047
30 12 9510.051733
30 13 9519.667556
30 14 9529.274493
30 15 9538.880426
30 16 9548.487018
30 17 9558.093723
30 18 9567.700382
30 19 9577.307031
30 20 9586.913684
30 21 9596.520339
30 22 9606.126994
30 23 9615.733650
30 24 9625.340307
30 25 9634.946964
30 26 9644.553621
30 27 9654.160279
30 28 9663.766937
30 29 9673.373596
30 30 9682.980255
30 31 9692.586914
30 32 9702.193574
30 33 9711.800233
30 34 9721.406893
30 35 9731.013553
30 36 9740.620213
30 37 9750.226873
30 38 9759.833533
30 39 9769.440193
30 40 9779.046853
30 41 9788.653513
30 42 9798.260173
30 43 9807.866833
30 44 9817.473493
30 45 9827.080153
30 46 9836.686812
30 47 9846.293472
30 48 9855.900131
30 49 9865.506790
30 50 9875.113450
30 51 9884.720109
30 52 9894.326768
30 53 9903.933427
30 54 9913.540086
30 55 9923.146744
30 56 9932.753403
30 57 9942.360062
30 58 9951.966720
30 59 9961.573379
30 60 9971.180037
30 61 9980.786696
30 62 9990.393354
30 63 10000.000000
31 0 0.000000
31 1 18793.185269
31 2 10623.646875
31 3 8735.517430
31 4 9303.061110
31 5 9491.201847
31 6 9465.162220
31 7 9458.800964
31 8 9470.460750
31 9 9481.439737
31 10 9490.950378
31 11 9500.443034
31 12 9510.051719
31 13 9519.667542
31 14 9529.274479
31 15 9538.880412
31 16 9548.487004
31 17 9558.093710
31 18 9567.700369
31 19 9577.307018
31 20 9586.913672
31 21 9596.520327
31 22 9606.126982
31 23 9615.733638
31 24 9625.340295
31 25 9634.946952
31 26 9644.553610
31 27 9654.160268
31 28 9663.766926
31 29 9673.373585
31 30 9682.980245
31 31 9692.586904
31 32 9702.193564
31 33 9711.800224
31 34 9721.406884
31 35 9731.013544
31 36 9740.620204
31 37 9750.226865
31 38 9759.833525
31 39 9769.440185
31 40 9779.046846
31 41 9788.653506
31 42 9798.260166
31 43 9807.866826
31 44 9817.473487
31 45 9827.080147
31 46 9836.686807
31 47 9846.293466
31 48 9855.900126
31 49 9865.506786
31 50 9875.113445
31 51 9884.720105
31 52 9894.326764
31 53 9903.933424
31 54 9913.540083
31 55 9923.146742
31 56 9932.753401
31 57 9942.360060
31 58 9951.966719
31 59 9961.573378
31 60 9971.180036
31 61 9980.786696
31 62 9990.393354
31 63 10000.000000
32 0 0.000000
32 1 18793.185249
32 2 10623.646873
32 3 8735.517428
32 4 9303.061108
32 5 9491.201844
32 6 9465.162218
32 7 9458.800962
32 8 9470.460747
32 9 9481.439734
32 10 9490.950376
32 11 9500.443031
32 12 9510.051716
32 13 9519.667539
32 14 9529.274476
32 15 9538.880409
32 16 9548.487001
32 17 9558.093707
32 18 9567.700366
32 19 9577.307015
32 20 9586.913668
32 21 9596.520323
32 22 9606.126979
32 23 9615.733635
32 24 9625.340292
32 25 9634.946949
32 26 9644.553607
32 27 9654.160265
32 28 9663.766923
32 29 9673.373582
32 30 9682.980242
32 31 9692.586901
32 32 9702.193561
32 33 9711.800221
32 34 9721.406881
32 35 9731.013541
32 36 9740.620202
32 37 9750.226862
32 38 9759.833523
32 39 9769.440183
32 40 9779.046843
32 41 9788.653504
32 42 9798.260164
32 43 9807.866824
32 44 9817.473485
32 45 9827.080145
32 46 9836.686805
32 47 9846.293465
32 48 9855.900125
32 49 9865.506784
32 50 9875.113444
32 51 9884.720104
32 52 9894.326763
32 53 9903.933423
32 54 9913.540082
32 55 9923.146741
32 56 9932.753400
32 57 9942.360059
32 58 9951.966718
32 59 9961.573377
32 60 9971.180036
32 61 9980.786696
32 62 9990.393354
32 63 10000.000000
33 0 0.000000
33 1 18793.185283
33 2 10623.646885
33 3 8735.517437
33 4 9303.061117
33 5 9491.201854
33 6 9465.162227
33 7 9458.800971
33 8 9470.460756
33 9 9481.439743
33 10 9490.950384
33 11 9500.443039
33 12 9510.051724
33 13 9519.667547
33 14 9529.274484
33 15 9538.880416
33 16 9548.487008
33 17 9558.093713
33 18 9567.700373
33 19 9577.307022
33 20 9586.913675
33 21 9596.520329
33 22 9606.126985
33 23 9615.733641
33 24 9625.340297
33 25 9634.946954
33 26 9644.553612
33 27 9654.160270
33 28 9663.766928
33 29 9673.373587
33 30 9682.980246
33 31 9692.586906
33 32 9702.193565
33 33 9711.800225
33 34 9721.406885
33 35 9731.013545
33 36 9740.620205
33 37 9750.226866
33 38 9759.833526
33 39 9769.440186
33 40 9779.046847
33 41 9788.653507
33 42 9798.260167
33 43 9807.866827
33 44 9817.473487
33 45 9827.080147
33 46 9836.686807
33 47 9846.293467
33 48 9855.900127
33 49 9865.506786
33 50 9875.113446
33 51 9884.720105
33 52 9894.326765
33 53 9903.933424
33 54 9913.540083
33 55 9923.146742
33 56 9932.753401
33 57 9942.360060
33 58 9951.966719
33 59 9961.573378
33 60 9971.180036
33 61 9980.786696
33 62 9990.393354
33 63 10000.000000
34 0 0.000000
34 1 18793.185372
34 2 10623.646909
34 3 8735.517456
34 4 9303.061138
34 5 9491.201874
34 6 9465.162247
34 7 9458.800990
34 8 9470.460775
34 9 9481.439762
34 10 9490.950403
34 11 9500.443058
34 12 9510.051742
34 13 9519.667565
34 14 9529.274501
34 15 9538.880434
34 16 9548.487025
34 17 9558.093730
34 18 9567.700389
34 19 9577.307038
34 20 9586.913690
34 21 9596.520345
34 22 9606.127000
34 23 9615.733655
34 24 9625.340312
34 25 9634.946968
34 26 9644.553626
34 27 9654.160283
34 28 9663.766941
34 29 9673.373600
34 30 9682.980259
34 31 9692.586918
34 32 9702.193577
34 33 9711.800236
34 34 9721.406896
34 35 9731.013556
34 36 9740.620215
34 37 9750.226875
34 38 9759.833535
34 39 9769.440195
34 40 9779.046855
34 41 9788.653515
34 42 9798.260175
34 43 9807.866834
34 44 9817.473494
34 45 9827.080154
34 46 9836.686813
34 47 9846.293473
34 48 9855.900132
34 49 9865.506791
34 50 9875.113451
34 51 9884.720110
34 52 9894.326769
34 53 9903.933427
34 54 9913.540086
34 55 9923.146745
34 56 9932.753404
34 57 9942.360062
34 58 9951.966721
34 59 9961.573379
34 60 9971.180037
34 61 9980.786696
34 62 9990.393354
34 63 10000.000000
35 0 0.000000
35 1 18793.185516
35 2 10623.646945
35 3 8735.517485
35 4 9303.061170
35 5 9491.201906
35 6 9465.162278
35 7 9458.801021
35 8 9470.460806
35 9 9481.439792
35 10 9490.950432
35 11 9500.443087
35 12 9510.051771
35 13 9519.667594
35 14 9529.274530
35 15 9538.880461
35 16 9548.487053
35 17 9558.093757
35 18 9567.700415
35 19 9577.307064
35 20 9586.913716
35 21 9596.520370
35 22 9606.127024
35 23 9615.733679
35 24 9625.340335
35 25 9634.946991
35 26 9644.553648
35 27 9654.160305
35 28 9663.766962
35 29 9673.373620
35 30 9682.980278
35 31 9692.586937
35 32 9702.193595
35 33 9711.800254
35 34 9721.406913
35 35 9731.013572
35 36 9740.620232
35 37 9750.226891
35 38 9759.833550
35 39 9769.440210
35 40 9779.046869
35 41 9788.653528
35 42 9798.260187
35 43 9807.866846
35 44 9817.473506
35 45 9827.080165
35 46 9836.686824
35 47 9846.293482
35 48 9855.900141
35 49 9865.506800
35 50 9875.113458
35 51 9884.720117
35 52 9894.326775
35 53 9903.933433
35 54 9913.540091
35 55 9923.146750
35 56 9932.753408
35 57 9942.360066
35 58 9951.966723
35 59 9961.573381
35 60 9971.180039
35 61 9980.786697
35 62 9990.393355
35 63 10000.000000
36 0 0.000000
36 1 18793.185714
36 2 10623.646995
36 3 8735.517524
36 4 9303.061213
36 5 9491.201950
36 6 9465.162321
36 7 9458.801064
36 8 9470.460848
36 9 9481.439833
36 10 9490.950473
36 11 9500.443127
36 12 9510.051811
36 13 9519.667633
36 14 9529.274568
36 15 9538.880500
36 16 9548.487090
36 17 9558.093794
36 18 9567.700452
36 19 9577.307099
36 20 9586.913751
36 21 9596.520404
36 22 9606.127058
36 23 9615.733712
36 24 9625.340367
36 25 9634.947022
36 26 9644.553678
36 27 9654.160335
36 28 9663.766991
36 29 9673.373648
36 30 9682.980306
36 31 9692.586963
36 32 9702.193621
36 33 9711.800279
36 34 9721.406937
36 35 9731.013596
36 36 9740.620254
36 37 9750.226913
36 38 9759.833571
36 39 9769.440230
36 40 9779.046888
36 41 9788.653546
36 42 9798.260205
36 43 9807.866863
36 44 9817.473521
36 45 9827.080180
36 46 9836.686838
36 47 9846.293496
36 48 9855.900153
36 49 9865.506811
36 50 9875.113469
36 51 9884.720127
36 52 9894.326784
36 53 9903.933441
36 54 9913.540099
36 55 9923.146756
36 56 9932.753413
36 57 9942.360070
36 58 9951.966727
36 59 9961.573384
36 60 9971.180041
36 61 9980.786699
36 62 9990.393355
36 63 10000.000000
37 0 0.000000
37 1 18793.185967
37 2 10623.647058
37 3 8735.517574
37 4 9303.061268
37 5 9491.202004
37 6 9465.162375
37 7 9458.801117
37 8 9470.460901
37 9 9481.439886
37 10 9490.950525
37 11 9500.443179
37 12 9510.051862
37 13 9519.667683
37 14 9529.274618
37 15 9538.880548
37 16 9548.487138
37 17 9558.093841
37 18 9567.700498
37 19 9577.307144
37 20 9586.913795
37 21 9596.520447
37 22 9606.127100
37 23 9615.733754
37 24 9625.340408
37 25 9634.947062
37 26 9644.553717
37 27 9654.160373
37 28 9663.767028
37 29 9673.373684
37 30 9682.980341
37 31 9692.586997
37 32 9702.193654
37 33 9711.800311
37 34 9721.406968
37 35 9731.013626
37 36 9740.620283
37 37 9750.226940
37 38 9759.833598
37 39 9769.440255
37 40 9779.046912
37 41 9788.653570
37 42 9798.260227
37 43 9807.866884
37 44 9817.473542
37 45 9827.080199
37 46 9836.686856
37 47 9846.293513
37 48 9855.900169
37 49 9865.506826
37 50 9875.113483
37 51 9884.720139
37 52 9894.326796
37 53 9903.933452
37 54 9913.540108
37 55 9923.146764
37 56 9932.753420
37 57 9942.360076
37 58 9951.966732
37 59 9961.573388
37 60 9971.180044
37 61 9980.786701
37 62 9990.393356
37 63 10000.000000
38 0 0.000000
38 1 18793.186275
38 2 10623.647134
38 3 8735.517633
38 4 9303.061334
38 5 9491.202071
38 6 9465.162441
38 7 9458.801182
38 8 9470.460965
38 9 9481.439950
38 10 9490.950588
38 11 9500.443241
38 12 9510.051923
38 13 9519.667744
38 14 9529.274677
38 15 9538.880607
38 16 9548.487196
38 17 9558.093898
38 18 9567.700554
38 19 9577.307200
38 20 9586.913849
38 21 9596.520501
38 22 9606.127152
38 23 9615.733805
38 24 9625.340457
38 25 9634.947111
38 26 9644.553765
38 27 9654.160419
38 28 9663.767073
38 29 9673.373728
38 30 9682.980383
38 31 9692.587039
38 32 9702.193694
38 33 9711.800350
38 34 9721.407006
38 35 9731.013662
38 36 9740.620318
38 37 9750.226974
38 38 9759.833630
38 39 9769.440286
38 40 9779.046942
38 41 9788.653598
38 42 9798.260254
38 43 9807.866910
38 44 9817.473566
38 45 9827.080222
38 46 9836.686878
38 47 9846.293533
38 48 9855.900189
38 49 9865.506844
38 50 9875.113499
38 51 9884.720155
38 52 9894.326810
38 53 9903.933465
38 54 9913.540120
38 55 9923.146774
38 56 9932.753429
38 57 9942.360084
38 58 9951.966739
38 59 9961.573393
38 60 9971.180048
38 61 9980.786703
38 62 9990.393357
38 63 10000.000000
39 0 0.000000
39 1 18793.186639
39 2 10623.647223
39 3 8735.517704
39 4 9303.061412
39 5 9491.202149
39 6 9465.162519
39 7 9458.801259
39 8 9470.461041
39 9 9481.440025
39 10 9490.950662
39 11 9500.443314
39 12 9510.051996
39 13 9519.667815
39 14 9529.274748
39 15 9538.880676
39 16 9548.487264
39 17 9558.093965
39 18 9567.700620
39 19 9577.307265
39 20 9586.913913
39 21 9596.520563
39 22 9606.127214
39 23 9615.733865
39 24 9625.340516
39 25 9634.947168
39 26 9644.553821
39 27 9654.160473
39 28 9663.767127
39 29 9673.373780
39 30 9682.980434
39 31 9692.587088
39 32 9702.193742
39 33 9711.800396
39 34 9721.407050
39 35 9731.013705
39 36 9740.620359
39 37 9750.227014
39 38 9759.833669
39 39 9769.440323
39 40 9779.046978
39 41 9788.653632
39 42 9798.260287
39 43 9807.866941
39 44 9817.473595
39 45 9827.080249
39 46 9836.686904
39 47 9846.293558
39 48 9855.900212
39 49 9865.506865
39 50 9875.113519
39 51 9884.720173
39 52 9894.326826
39 53 9903.933480
39 54 9913.540133
39 55 9923.146786
39 56 9932.753440
39 57 9942.360093
39 58 9951.966746
39 59 9961.573399
39 60 9971.180052
39 61 9980.786705
39 62 9990.393358
39 63 10000.000000
40 0 0.000000
40 1 18793.187060
40 2 10623.647326
40 3 8735.517785
40 4 9303.061502
40 5 9491.202240
40 6 9465.162608
40 7 9458.801347
40 8 9470.461129
40 9 9481.440111
40 10 9490.950748
40 11 9500.443399
40 12 9510.052079
40 13 9519.667898
40 14 9529.274829
40 15 9538.880757
40 16 9548.487343
40 17 9558.094043
40 18 9567.700697
40 19 9577.307340
40 20 9586.913987
40 21 9596.520635
40 22 9606.127284
40 23 9615.733934
40 24 9625.340584
40 25 9634.947234
40 26 9644.553885
40 27 9654.160536
40 28 9663.767188
40 29 9673.373840
40 30 9682.980492
40 31 9692.587144
40 32 9702.193796
40 33 9711.800449
40 34 9721.407102
40 35 9731.013754
40 36 9740.620407
40 37 9750.227060
40 38 9759.833713
40 39 9769.440365
40 40 9779.047018
40 41 9788.653671
40 42 9798.260324
40 43 9807.866976
40 44 9817.473629
40 45 9827.080281
40 46 9836.686933
40 47 9846.293586
40 48 9855.900238
40 49 9865.506890
40 50 9875.113542
40 51 9884.720194
40 52 9894.326845
40 53 9903.933497
40 54 9913.540149
40 55 9923.146800
40 56 9932.753452
40 57 9942.360103
40 58 9951.966754
40 59 9961.573405
40 60 9971.180057
40 61 9980.786708
40 62 9990.393359
40 63 10000.000000
41 0 0.000000
41 1 18793.187536
41 2 10623.647442
41 3 8735.517876
41 4 9303.061604
41 5 9491.202342
41 6 9465.162709
41 7 9458.801448
41 8 9470.461228
41 9 9481.440210
41 10 9490.950845
41 11 9500.443495
41 12 9510.052174
41 13 9519.667991
41 14 9529.274922
41 15 9538.880848
41 16 9548.487433
41 17 9558.094131
41 18 9567.700783
41 19 9577.307425
41 20 9586.914070
41 21 9596.520717
41 22 9606.127365
41 23 9615.734012
41 24 9625.340661
41 25 9634.947309
41 26 9644.553958
41 27 9654.160608
41 28 9663.767257
41 29 9673.373907
41 30 9682.980557
41 31 9692.587208
41 32 9702.193858
41 33 9711.800509
41 34 9721.407160
41 35 9731.013810
41 36 9740.620461
41 37 9750.227112
41 38 9759.833763
41 39 9769.440413
41 40 9779.047064
41 41 9788.653715
41 42 9798.260366
41 43 9807.867016
41 44 9817.473667
41 45 9827.080317
41 46 9836.686967
41 47 9846.293617
41 48 9855.900268
41 49 9865.506918
41 50 9875.113567
41 51 9884.720217
41 52 9894.326867
41 53 9903.933517
41 54 9913.540166
41 55 9923.146816
41 56 9932.753465
41 57 9942.360114
41 58 9951.966764
41 59 9961.573413
41 60 9971.180062
41 61 9980.786712
41 62 9990.393361
41 63 10000.000000
42 0 0.000000
42 1 18793.188070
42 2 10623.647573
42 3 8735.517979
42 4 9303.061719
42 5 9491.202457
42 6 9465.162823
42 7 9458.801560
42 8 9470.461339
42 9 9481.440320
42 10 9490.950954
42 11 9500.443603
42 12 9510.052281
42 13 9519.668096
42 14 9529.275025
42 15 9538.880950
42 16 9548.487533
42 17 9558.094230
42 18 9567.700880
42 19 9577.307520
42 20 9586.914164
42 21 9596.520809
42 22 9606.127454
42 23 9615.734100
42 24 9625.340747
42 25 9634.947393
42 26 9644.554040
42 27 9654.160688
42 28 9663.767335
42 29 9673.373983
42 30 9682.980631
42 31 9692.587279
42 32 9702.193928
42 33 9711.800576
42 34 9721.407224
42 35 9731.013873
42 36 9740.620521
42 37 9750.227170
42 38 9759.833819
42 39 9769.440467
42 40 9779.047116
42 41 9788.653764
42 42 9798.260412
42 43 9807.867061
42 44 9817.473709
42 45 9827.080357
42 46 9836.687005
42 47 9846.293653
42 48 9855.900301
42 49 9865.506949
42 50 9875.113596
42 51 9884.720244
42 52 9894.326891
42 53 9903.933539
42 54 9913.540186
42 55 9923.146833
42 56 9932.753480
42 57 9942.360127
42 58 9951.966774
42 59 9961.573421
42 60 9971.180068
42 61 9980.786716
42 62 9990.393362
42 63 10000.000000
43 0 0.000000
43 1 18793.188662
43 2 10623.647717
43 3 8735.518093
43 4 9303.061846
43 5 9491.202585
43 6 9465.162949
43 7 9458.801685
43 8 9470.461463
43 9 9481.440442
43 10 9490.951075
43 11 9500.443722
43 12 9510.052398
43 13 9519.668213
43 14 9529.275140
43 15 9538.881063
43 16 9548.487644
43 17 9558.094339
43 18 9567.700988
43 19 9577.307626
43 20 9586.914267
43 21 9596.520910
43 22 9606.127554
43 23 9615.734198
43 24 9625.340842
43 25 9634.947486
43 26 9644.554131
43 27 9654.160776
43 28 9663.767421
43 29 9673.374067
43 30 9682.980712
43 31 9692.587358
43 32 9702.194004
43 33 9711.800650
43 34 9721.407296
43 35 9731.013942
43 36 9740.620588
43 37 9750.227234
43 38 9759.833880
43 39 9769.440526
43 40 9779.047172
43 41 9788.653818
43 42 9798.260464
43 43 9807.867110
43 44 9817.473756
43 45 9827.080401
43 46 9836.687047
43 47 9846.293692
43 48 9855.900338
43 49 9865.506983
43 50 9875.113628
43 51 9884.720273
43 52 9894.326918
43 53 9903.933563
43 54 9913.540207
43 55 9923.146852
43 56 9932.753497
43 57 9942.360141
43 58 9951.966786
43 59 9961.573430
43 60 9971.180075
43 61 9980.786720
43 62 9990.393364
43 63 10000.000000
44 0 0.000000
44 1 18793.189313
44 2 10623.647877
44 3 8735.518219
44 4 9303.061986
44 5 9491.202725
44 6 9465.163087
44 7 9458.801822
44 8 9470.461599
44 9 9481.440577
44 10 9490.951208
44 11 9500.443854
44 12 9510.052528
44 13 9519.668341
44 14 9529.275266
44 15 9538.881187
44 16 9548.487767
44 17 9558.094460
44 18 9567.701106
44 19 9577.307742
44 20 9586.914381
44 21 9596.521022
44 22 9606.127663
44 23 9615.734305
44 24 9625.340946
44 25 9634.947588
44 26 9644.554231
44 27 9654.160873
44 28 9663.767516
44 29 9673.374159
44 30 9682.980802
44 31 9692.587445
44 32 9702.194088
44 33 9711.800731
44 34 9721.407375
44 35 9731.014018
44 36 9740.620661
44 37 9750.227305
44 38 9759.833948
44 39 9769.440591
44 40 9779.047235
44 41 9788.653878
44 42 9798.260521
44 43 9807.867164
44 44 9817.473807
44 45 9827.080450
44 46 9836.687092
44 47 9846.293735
44 48 9855.900378
44 49 9865.507020
44 50 9875.113663
44 51 9884.720305
44 52 9894.326947
44 53 9903.933589
44 54 9913.540231
44 55 9923.146873
44 56 9932.753515
44 57 9942.360157
44 58 9951.966799
44 59 9961.573440
44 60 9971.180082
44 61 9980.786724
44 62 9990.393366
44 63 10000.000000
45 0 0.000000
45 1 18793.190022
45 2 10623.648052
45 3 8735.518356
45 4 9303.062139
45 5 9491.202879
45 6 9465.163239
45 7 9458.801972
45 8 9470.461748
45 9 9481.440724
45 10 9490.951354
45 11 9500.443997
45 12 9510.052670
45 13 9519.668480
45 14 9529.275404
45 15 9538.881323
45 16 9548.487900
45 17 9558.094591
45 18 9567.701235
45 19 9577.307868
45 20 9586.914505
45 21 9596.521144
45 22 9606.127782
45 23 9615.734421
45 24 9625.341060
45 25 9634.947700
45 26 9644.554339
45 27 9654.160979
45 28 9663.767619
45 29 9673.374259
45 30 9682.980899
45 31 9692.587539
45 32 9702.194180
45 33 9711.800820
45 34 9721.407460
45 35 9731.014101
45 36 9740.620741
45 37 9750.227381
45 38 9759.834022
45 39 9769.440662
45 40 9779.047302
45 41 9788.653942
45 42 9798.260583
45 43 9807.867223
45 44 9817.473862
45 45 9827.080502
45 46 9836.687142
45 47 9846.293782
45 48 9855.900421
45 49 9865.507061
45 50 9875.113700
45 51 9884.720339
45 52 9894.326979
45 53 9903.933618
45 54 9913.540257
45 55 9923.146896
45 56 9932.753535
45 57 9942.360174
45 58 9951.966813
45 59 9961.573451
45 60 9971.180090
45 61 9980.786729
45 62 9990.393368
45 63 10000.000000
46 0 0.000000
46 1 18793.190792
46 2 10623.648241
46 3 8735.518506
46 4 9303.062306
46 5 9491.203046
46 6 9465.163404
46 7 9458.802136
46 8 9470.461909
46 9 9481.440884
46 10 9490.951512
46 11 9500.444153
46 12 9510.052824
46 13 9519.668632
46 14 9529.275554
46 15 9538.881470
46 16 9548.488045
46 17 9558.094734
46 18 9567.701375
46 19 9577.308006
46 20 9586.914640
46 21 9596.521276
46 22 9606.127912
46 23 9615.734548
46 24 9625.341184
46 25 9634.947820
46 26 9644.554457
46 27 9654.161093
46 28 9663.767730
46 29 9673.374367
46 30 9682.981004
46 31 9692.587641
46 32 9702.194278
46 33 9711.800916
46 34 9721.407553
46 35 9731.014190
46 36 9740.620827
46 37 9750.227464
46 38 9759.834101
46 39 9769.440738
46 40 9779.047375
46 41 9788.654012
46 42 9798.260649
46 43 9807.867286
46 44 9817.473923
46 45 9827.080559
46 46 9836.687196
46 47 9846.293832
46 48 9855.900468
46 49 9865.507105
46 50 9875.113741
46 51 9884.720377
46 52 9894.327013
46 53 9903.933649
46 54 9913.540285
46 55 9923.146920
46 56 9932.753556
46 57 9942.360192
46 58 9951.966827
46 59 9961.573463
46 60 9971.180099
46 61 9980.786734
46 62 9990.393370
46 63 10000.000000
47 0 0.000000
47 1 18793.191623
47 2 10623.648447
47 3 8735.518668
47 4 9303.062486
47 5 9491.203227
47 6 9465.163583
47 7 9458.802313
47 8 9470.462084
47 9 9481.441057
47 10 9490.951683
47 11 9500.444322
47 12 9510.052991
47 13 9519.668797
47 14 9529.275716
47 15 9538.881630
47 16 9548.488202
47 17 9558.094888
47 18 9567.701527
47 19 9577.308154
47 20 9586.914786
47 21 9596.521418
47 22 9606.128051
47 23 9615.734684
47 24 9625.341317
47 25 9634.947950
47 26 9644.554583
47 27 9654.161217
47 28 9663.767850
47 29 9673.374484
47 30 9682.981118
47 31 9692.587751
47 32 9702.194385
47 33 9711.801019
47 34 9721.407652
47 35 9731.014286
47 36 9740.620920
47 37 9750.227553
47 38 9759.834187
47 39 9769.440821
47 40 9779.047454
47 41 9788.654087
47 42 9798.260721
47 43 9807.867354
47 44 9817.473987
47 45 9827.080620
47 46 9836.687253
47 47 9846.293886
47 48 9855.900519
47 49 9865.507152
47 50 9875.113784
47 51 9884.720417
47 52 9894.327050
47 53 9903.933682
47 54 9913.540314
47 55 9923.146947
47 56 9932.753579
47 57 9942.360211
47 58 9951.966843
47 59 9961.573476
47 60 9971.180108
47 61 9980.786740
47 62 9990.393372
47 63 10000.000000
48 0 0.000000
48 1 18793.192516
48 2 10623.648669
48 3 8735.518842
48 4 9303.062681
48 5 9491.203422
48 6 9465.163776
48 7 9458.802503
48 8 9470.462273
48 9 9481.441244
48 10 9490.951867
48 11 9500.444504
48 12 9510.053170
48 13 9519.668974
48 14 9529.275890
48 15 9538.881801
48 16 9548.488371
48 17 9558.095053
48 18 9567.701689
48 19 9577.308314
48 20 9586.914942
48 21 9596.521572
48 22 9606.128201
48 23 9615.734831
48 24 9625.341460
48 25 9634.948090
48 26 9644.554720
48 27 9654.161349
48 28 9663.767979
48 29 9673.374609
48 30 9682.981239
48 31 9692.587869
48 32 9702.194499
48 33 9711.801129
48 34 9721.407759
48 35 9731.014389
48 36 9740.621019
48 37 9750.227649
48 38 9759.834279
48 39 9769.440908
48 40 9779.047538
48 41 9788.654168
48 42 9798.260797
48 43 9807.867427
48 44 9817.474056
48 45 9827.080686
48 46 9836.687315
48 47 9846.293944
48 48 9855.900573
48 49 9865.507202
48 50 9875.113831
48 51 9884.720460
48 52 9894.327089
48 53 9903.933718
48 54 9913.540346
48 55 9923.146975
48 56 9932.753603
48 57 9942.360232
48 58 9951.966861
48 59 9961.573489
48 60 9971.180118
48 61 9980.786746
48 62 9990.393375
48 63 10000.000000
49 0 0.000000
49 1 18793.193472
49 2 10623.648908
49 3 8735.519030
49 4 9303.062891
49 5 9491.203632
49 6 9465.163983
49 7 9458.802708
49 8 9470.462476
49 9 9481.441444
49 10 9490.952065
49 11 9500.444700
49 12 9510.053363
49 13 9519.669164
49 14 9529.276077
49 15 9538.881985
49 16 9548.488552
49 17 9558.095231
49 18 9567.701864
49 19 9577.308485
49 20 9586.915110
49 21 9596.521736
49 22 9606.128362
49 23 9615.734987
49 24 9625.341613
49 25 9634.948239
49 26 9644.554865
49 27 9654.161491
49 28 9663.768117
49 29 9673.374743
49 30 9682.981369
49 31 9692.587995
49 32 9702.194621
49 33 9711.801247
49 34 9721.407873
49 35 9731.014499
49 36 9740.621125
49 37 9750.227751
49 38 9759.834377
49 39 9769.441002
49 40 9779.047628
49 41 9788.654253
49 42 9798.260879
49 43 9807.867504
49 44 9817.474130
49 45 9827.080755
49 46 9836.687380
49 47 9846.294006
49 48 9855.900631
49 49 9865.507256
49 50 9875.113881
49 51 9884.720506
49 52 9894.327130
49 53 9903.933755
49 54 9913.540380
49 55 9923.147005
49 56 9932.753629
49 57 9942.360254
49 58 9951.966879
49 59 9961.573503
49 60 9971.180128
49 61 9980.786753
49 62 9990.393377
49 63 10000.000000
50 0 0.000000
50 1 18793.194492
50 2 10623.649164
50 3 8735.519232
50 4 9303.063115
50 5 9491.203857
50 6 9465.164205
50 7 9458.802928
50 8 9470.462693
50 9 9481.441659
50 10 9490.952277
50 11 9500.444909
50 12 9510.053569
50 13 9519.669367
50 14 9529.276277
50 15 9538.882182
50 16 9548.488745
50 17 9558.095421
50 18 9567.702050
50 19 9577.308668
50 20 9586.915289
50 21 9596.521911
50 22 9606.128533
50 23 9615.735155
50 24 9625.341777
50 25 9634.948398
50 26 9644.555020
50 27 9654.161642
50 28 9663.768264
50 29 9673.374886
50 30 9682.981508
50 31 9692.588129
50 32 9702.194751
50 33 9711.801373
50 34 9721.407994
50 35 9731.014616
50 36 9740.621237
50 37 9750.227859
50 38 9759.834480
50 39 9769.441102
50 40 9779.047723
50 41 9788.654344
50 42 9798.260966
50 43 9807.867587
50 44 9817.474208
50 45 9827.080829
50 46 9836.687450
50 47 9846.294071
50 48 9855.900692
50 49 9865.507312
50 50 9875.113933
50 51 9884.720554
50 52 9894.327175
50 53 9903.933795
50 54 9913.540416
50 55 9923.147036
50 56 9932.753657
50 57 9942.360278
50 58 9951.966898
50 59 9961.573519
50 60 9971.180139
50 61 9980.786759
50 62 9990.393380
50 63 10000.000000
51 0 0.000000
51 1 18793.195577
51 2 10623.649438
51 3 8735.519447
51 4 9303.063355
51 5 9491.204098
51 6 9465.164442
51 7 9458.803163
51 8 9470.462925
51 9 9481.441888
51 10 9490.952503
51 11 9500.445132
51 12 9510.053789
51 13 9519.669584
51 14 9529.276490
51 15 9538.882392
51 16 9548.488951
51 17 9558.095623
51 18 9567.702249
51 19 9577.308862
51 20 9586.915479
51 21 9596.522097
51 22 9606.128715
51 23 9615.735333
51 24 9625.341950
51 25 9634.948568
51 26 9644.555185
51 27 9654.161803
51 28 9663.768420
51 29 9673.375037
51 30 9682.981654
51 31 9692.588272
51 32 9702.194889
51 33 9711.801506
51 34 9721.408123
51 35 9731.014740
51 36 9740.621357
51 37 9750.227974
51 38 9759.834590
51 39 9769.441207
51 40 9779.047824
51 41 9788.654441
51 42 9798.261057
51 43 9807.867674
51 44 9817.474290
51 45 9827.080907
51 46 9836.687523
51 47 9846.294140
51 48 9855.900756
51 49 9865.507372
51 50 9875.113989
51 51 9884.720605
51 52 9894.327221
51 53 9903.933838
51 54 9913.540454
51 55 9923.147070
51 56 9932.753686
51 57 9942.360302
51 58 9951.966918
51 59 9961.573535
51 60 9971.180151
51 61 9980.786767
51 62 9990.393383
51 63 10000.000000
52 0 0.000000
52 1 18793.196729
52 2 10623.649730
52 3 8735.519677
52 4 9303.063611
52 5 9491.204354
52 6 9465.164695
52 7 9458.803413
52 8 9470.463172
52 9 9481.442132
52 10 9490.952745
52 11 9500.445370
52 12 9510.054024
52 13 9519.669814
52 14 9529.276717
52 15 9538.882615
52 16 9548.489171
52 17 9558.095839
52 18 9567.702459
52 19 9577.309069
52 20 9586.915682
52 21 9596.522295
52 22 9606.128908
52 23 9615.735522
52 24 9625.342134
52 25 9634.948747
52 26 9644.555360
52 27 9654.161973
52 28 9663.768585
52 29 9673.375198
52 30 9682.981810
52 31 9692.588422
52 32 9702.195035
52 33 9711.801647
52 34 9721.408259
52 35 9731.014871
52 36 9740.621483
52 37 9750.228095
52 38 9759.834707
52 39 9769.441319
52 40 9779.047931
52 41 9788.654542
52 42 9798.261154
52 43 9807.867766
52 44 9817.474378
52 45 9827.080989
52 46 9836.687601
52 47 9846.294213
52 48 9855.900824
52 49 9865.507436
52 50 9875.114047
52 51 9884.720659
52 52 9894.327271
52 53 9903.933882
52 54 9913.540494
52 55 9923.147105
52 56 9932.753717
52 57 9942.360328
52 58 9951.966940
52 59 9961.573551
52 60 9971.180163
52 61 9980.786774
52 62 9990.393386
52 63 10000.000000
53 0 0.000000
53 1 18793.197948
53 2 10623.650041
53 3 8735.519922
53 4 9303.063884
53 5 9491.204627
53 6 9465.164964
53 7 9458.803679
53 8 9470.463435
53 9 9481.442392
53 10 9490.953001
53 11 9500.445622
53 12 9510.054273
53 13 9519.670059
53 14 9529.276958
53 15 9538.882852
53 16 9548.489403
53 17 9558.096067
53 18 9567.702683
53 19 9577.309288
53 20 9586.915896
53 21 9596.522505
53 22 9606.129113
53 23 9615.735722
53 24 9625.342330
53 25 9634.948937
53 26 9644.555545
53 27 9654.162153
53 28 9663.768760
53 29 9673.375367
53 30 9682.981974
53 31 9692.588582
53 32 9702.195189
53 33 9711.801795
53 34 9721.408402
53 35 9731.015009
53 36 9740.621616
53 37 9750.228223
53 38 9759.834829
53 39 9769.441436
53 40 9779.048043
53 41 9788.654649
53 42 9798.261256
53 43 9807.867863
53 44 9817.474469
53 45 9827.081076
53 46 9836.687682
53 47 9846.294289
53 48 9855.900896
53 49 9865.507502
53 50 9875.114109
53 51 9884.720716
53 52 9894.327322
53 53 9903.933929
53 54 9913.540536
53 55 9923.147142
53 56 9932.753749
53 57 9942.360356
53 58 9951.966962
53 59 9961.573569
53 60 9971.180176
53 61 9980.786782
53 62 9990.393389
53 63 10000.000000
54 0 0.000000
54 1 18793.199235
54 2 10623.650372
54 3 8735.520182
54 4 9303.064174
54 5 9491.204917
54 6 9465.165250
54 7 9458.803961
54 8 9470.463714
54 9 9481.442667
54 10 9490.953273
54 11 9500.445890
54 12 9510.054536
54 13 9519.670319
54 14 9529.277214
54 15 9538.883103
54 16 9548.489649
54 17 9558.096308
54 18 9567.702920
54 19 9577.309520
54 20 9586.916123
54 21 9596.522727
54 22 9606.129330
54 23 9615.735933
54 24 9625.342536
54 25 9634.949138
54 26 9644.555740
54 27 9654.162342
54 28 9663.768944
54 29 9673.375546
54 30 9682.982148
54 31 9692.588749
54 32 9702.195351
54 33 9711.801952
54 34 9721.408554
54 35 9731.015155
54 36 9740.621756
54 37 9750.228357
54 38 9759.834958
54 39 9769.441560
54 40 9779.048161
54 41 9788.654762
54 42 9798.261363
54 43 9807.867964
54 44 9817.474566
54 45 9827.081167
54 46 9836.687768
54 47 9846.294369
54 48 9855.900971
54 49 9865.507572
54 50 9875.114173
54 51 9884.720775
54 52 9894.327376
54 53 9903.933978
54 54 9913.540579
54 55 9923.147181
54 56 9932.753783
54 57 9942.360384
54 58 9951.966986
54 59 9961.573588
54 60 9971.180189
54 61 9980.786791
54 62 9990.393392
54 63 10000.000000
55 0 0.000000
55 1 18793.200593
55 2 10623.650723
55 3 8735.520457
55 4 9303.064481
55 5 9491.205225
55 6 9465.165553
55 7 9458.804261
55 8 9470.464010
55 9 9481.442959
55 10 9490.953560
55 11 9500.446174
55 12 9510.054816
55 13 9519.670594
55 14 9529.277484
55 15 9538.883368
55 16 9548.489910
55 17 9558.096564
55 18 9567.703170
55 19 9577.309765
55 20 9586.916363
55 21 9596.522961
55 22 9606.129559
55 23 9615.736156
55 24 9625.342753
55 25 9634.949350
55 26 9644.555946
55 27 9654.162542
55 28 9663.769139
55 29 9673.375735
55 30 9682.982330
55 31 9692.588926
55 32 9702.195522
55 33 9711.802117
55 34 9721.408712
55 35 9731.015308
55 36 9740.621903
55 37 9750.228498
55 38 9759.835094
55 39 9769.441689
55 40 9779.048285
55 41 9788.654880
55 42 9798.261475
55 43 9807.868071
55 44 9817.474666
55 45 9827.081262
55 46 9836.687858
55 47 9846.294453
55 48 9855.901049
55 49 9865.507645
55 50 9875.114241
55 51 9884.720837
55 52 9894.327433
55 53 9903.934029
55 54 9913.540625
55 55 9923.147222
55 56 9932.753818
55 57 9942.360414
55 58 9951.967010
55 59 9961.573607
55 60 9971.180203
55 61 9980.786799
55 62 9990.393396
55 63 10000.000000
56 0 0.000000
56 1 18793.202021
56 2 10623.651095
56 3 8735.520749
56 4 9303.064806
56 5 9491.205550
56 6 9465.165874
56 7 9458.804578
56 8 9470.464323
56 9 9481.443268
56 10 9490.953865
56 11 9500.446474
56 12 9510.055111
56 13 9519.670884
56 14 9529.277769
56 15 9538.883648
56 16 9548.490185
56 17 9558.096833
56 18 9567.703434
56 19 9577.310024
56 20 9586.916615
56 21 9596.523208
56 22 9606.129800
56 23 9615.736391
56 24 9625.342982
56 25 9634.949573
56 26 9644.556163
56 27 9654.162753
56 28 9663.769343
56 29 9673.375933
56 30 9682.982522
56 31 9692.589112
56 32 9702.195701
56 33 9711.802290
56 34 9721.408879
56 35 9731.015468
56 36 9740.622057
56 37 9750.228647
56 38 9759.835236
56 39 9769.441825
56 40 9779.048414
56 41 9788.655004
56 42 9798.261593
56 43 9807.868182
56 44 9817.474772
56 45 9827.081362
56 46 9836.687952
56 47 9846.294541
56 48 9855.901131
56 49 9865.507721
56 50 9875.114312
56 51 9884.720902
56 52 9894.327492
56 53 9903.934083
56 54 9913.540673
56 55 9923.147264
56 56 9932.753855
56 57 9942.360445
56 58 9951.967036
56 59 9961.573627
56 60 9971.180218
56 61 9980.786808
56 62 9990.393400
56 63 10000.000000
57 0 0.000000
57 1 18793.203523
57 2 10623.651488
57 3 8735.521059
57 4 9303.065150
57 5 9491.205895
57 6 9465.166213
57 7 9458.804913
57 8 9470.464654
57 9 9481.443594
57 10 9490.954187
57 11 9500.446791
57 12 9510.055423
57 13 9519.671191
57 14 9529.278071
57 15 9538.883944
57 16 9548.490475
57 17 9558.097118
57 18 9567.703713
57 19 9577.310296
57 20 9586.916882
57 21 9596.523468
57 22 9606.130053
57 23 9615.736638
57 24 9625.343223
57 25 9634.949807
57 26 9644.556391
57 27 9654.162974
57 28 9663.769558
57 29 9673.376141
57 30 9682.982724
57 31 9692.589306
57 32 9702.195889
57 33 9711.802472
57 34 9721.409054
57 35 9731.015637
57 36 9740.622219
57 37 9750.228802
57 38 9759.835384
57 39 9769.441967
57 40 9779.048550
57 41 9788.655133
57 42 9798.261716
57 43 9807.868299
57 44 9817.474882
57 45 9827.081466
57 46 9836.688049
57 47 9846.294633
57 48 9855.901217
57 49 9865.507801
57 50 9875.114385
57 51 9884.720970
57 52 9894.327554
57 53 9903.934139
57 54 9913.540723
57 55 9923.147308
57 56 9932.753893
57 57 9942.360478
57 58 9951.967063
57 59 9961.573648
57 60 9971.180233
57 61 9980.786818
57 62 9990.393403
57 63 10000.000000
58 0 0.000000
58 1 18793.205098
58 2 10623.651904
58 3 8735.521385
58 4 9303.065513
58 5 9491.206258
58 6 9465.166571
58 7 9458.805266
58 8 9470.465003
58 9 9481.443939
58 10 9490.954526
58 11 9500.447125
58 12 9510.055752
58 13 9519.671514
58 14 9529.278388
58 15 9538.884255
58 16 9548.490780
58 17 9558.097417
58 18 9567.704006
58 19 9577.310582
58 20 9586.917161
58 21 9596.523741
58 22 9606.130320
58 23 9615.736898
58 24 9625.343476
58 25 9634.950053
58 26 9644.556630
58 27 9654.163206
58 28 9663.769783
58 29 9673.376359
58 30 9682.982934
58 31 9692.589510
58 32 9702.196086
58 33 9711.802661
58 34 9721.409237
58 35 9731.015813
58 36 9740.622388
58 37 9750.228964
58 38 9759.835540
58 39 9769.442116
58 40 9779.048692
58 41 9788.655268
58 42 9798.261844
58 43 9807.868421
58 44 9817.474997
58 45 9827.081574
58 46 9836.688151
58 47 9846.294729
58 48 9855.901306
58 49 9865.507884
58 50 9875.114462
58 51 9884.721040
58 52 9894.327618
58 53 9903.934197
58 54 9913.540775
58 55 9923.147354
58 56 9932.753933
58 57 9942.360512
58 58 9951.967091
58 59 9961.573670
58 60 9971.180249
58 61 9980.786828
58 62 9990.393407
58 63 10000.000000
59 0 0.000000
59 1 18793.206746
59 2 10623.652340
59 3 8735.521728
59 4 9303.065894
59 5 9491.206640
59 6 9465.166947
59 7 9458.805637
59 8 9470.465369
59 9 9481.444299
59 10 9490.954881
59 11 9500.447475
59 12 9510.056096
59 13 9519.671852
59 14 9529.278720
59 15 9538.884581
59 16 9548.491100
59 17 9558.097730
59 18 9567.704312
59 19 9577.310882
59 20 9586.917454
59 21 9596.524026
59 22 9606.130598
59 23 9615.737169
59 24 9625.343739
59 25 9634.950309
59 26 9644.556879
59 27 9654.163448
59 28 9663.770017
59 29 9673.376585
59 30 9682.983154
59 31 9692.589722
59 32 9702.196290
59 33 9711.802859
59 34 9721.409427
59 35 9731.015995
59 36 9740.622563
59 37 9750.229132
59 38 9759.835701
59 39 9769.442269
59 40 9779.048838
59 41 9788.655407
59 42 9798.261977
59 43 9807.868546
59 44 9817.475116
59 45 9827.081686
59 46 9836.688257
59 47 9846.294827
59 48 9855.901398
59 49 9865.507970
59 50 9875.114541
59 51 9884.721113
59 52 9894.327684
59 53 9903.934256
59 54 9913.540829
59 55 9923.147401
59 56 9932.753974
59 57 9942.360546
59 58 9951.967119
59 59 9961.573692
59 60 9971.180265
59 61 9980.786838
59 62 9990.393411
59 63 10000.000000
60 0 0.000000
60 1 18793.208474
60 2 10623.652803
60 3 8735.522091
60 4 9303.066299
60 5 9491.207044
60 6 9465.167345
60 7 9458.806030
60 8 9470.465757
60 9 9481.444682
60 10 9490.955258
60 11 9500.447846
60 12 9510.056460
60 13 9519.672210
60 14 9529.279072
60 15 9538.884926
60 16 9548.491438
60 17 9558.098061
60 18 9567.704635
60 19 9577.311198
60 20 9586.917763
60 21 9596.524328
60 22 9606.130892
60 23 9615.737455
60 24 9625.344018
60 25 9634.950580
60 26 9644.557142
60 27 9654.163703
60 28 9663.770264
60 29 9673.376825
60 30 9682.983385
60 31 9692.589946
60 32 9702.196506
60 33 9711.803067
60 34 9721.409627
60 35 9731.016188
60 36 9740.622748
60 37 9750.229309
60 38 9759.835870
60 39 9769.442431
60 40 9779.048993
60 41 9788.655554
60 42 9798.262116
60 43 9807.868679
60 44 9817.475241
60 45 9827.081804
60 46 9836.688368
60 47 9846.294931
60 48 9855.901495
60 49 9865.508059
60 50 9875.114624
60 51 9884.721189
60 52 9894.327754
60 53 9903.934319
60 54 9913.540885
60 55 9923.147451
60 56 9932.754017
60 57 9942.360583
60 58 9951.967149
60 59 9961.573716
60 60 9971.180282
60 61 9980.786848
60 62 9990.393416
60 63 10000.000000
61 0 0.000000
61 1 18793.210328
61 2 10623.653325
61 3 8735.522502
61 4 9303.066755
61 5 9491.207501
61 6 9465.167795
61 7 9458.806474
61 8 9470.466195
61 9 9481.445114
61 10 9490.955684
61 11 9500.448265
61 12 9510.056873
61 13 9519.672616
61 14 9529.279470
61 15 9538.885317
61 16 9548.491821
61 17 9558.098436
61 18 9567.705003
61 19 9577.311558
61 20 9586.918114
61 21 9596.524671
61 22 9606.131227
61 23 9615.737781
61 24 9625.344335
61 25 9634.950889
61 26 9644.557442
61 27 9654.163994
61 28 9663.770547
61 29 9673.377098
61 30 9682.983650
61 31 9692.590202
61 32 9702.196753
61 33 9711.803305
61 34 9721.409857
61 35 9731.016408
61 36 9740.622960
61 37 9750.229512
61 38 9759.836065
61 39 9769.442617
61 40 9779.049170
61 41 9788.655723
61 42 9798.262277
61 43 9807.868831
61 44 9817.475385
61 45 9827.081940
61 46 9836.688495
61 47 9846.295051
61 48 9855.901607
61 49 9865.508163
61 50 9875.114720
61 51 9884.721277
61 52 9894.327834
61 53 9903.934392
61 54 9913.540950
61 55 9923.147508
61 56 9932.754067
61 57 9942.360625
61 58 9951.967184
61 59 9961.573743
61 60 9971.180302
61 61 9980.786861
61 62 9990.393421
61 63 10000.000000
62 0 0.000000
62 1 18793.212233
62 2 10623.653852
62 3 8735.522916
62 4 9303.067214
62 5 9491.207961
62 6 9465.168248
62 7 9458.806921
62 8 9470.466636
62 9 9481.445549
62 10 9490.956112
62 11 9500.448686
62 12 9510.057287
62 13 9519.673023
62 14 9529.279870
62 15 9538.885709
62 16 9548.492205
62 17 9558.098812
62 18 9567.705371
62 19 9577.311917
62 20 9586.918465
62 21 9596.525013
62 22 9606.131560
62 23 9615.738106
62 24 9625.344651
62 25 9634.951196
62 26 9644.557740
62 27 9654.164284
62 28 9663.770827
62 29 9673.377370
62 30 9682.983912
62 31 9692.590455
62 32 9702.196998
62 33 9711.803540
62 34 9721.410083
62 35 9731.016626
62 36 9740.623169
62 37 9750.229712
62 38 9759.836256
62 39 9769.442800
62 40 9779.049344
62 41 9788.655889
62 42 9798.262435
62 43 9807.868980
62 44 9817.475526
62 45 9827.082073
62 46 9836.688620
62 47 9846.295168
62 48 9855.901716
62 49 9865.508264
62 50 9875.114813
62 51 9884.721363
62 52 9894.327912
62 53 9903.934462
62 54 9913.541013
62 55 9923.147564
62 56 9932.754115
62 57 9942.360666
62 58 9951.967218
62 59 9961.573770
62 60 9971.180322
62 61 9980.786873
62 62 9990.393425
62 63 10000.000000
63 0 0.000000
63 1 18793.212233
63 2 10623.653852
63 3 8735.522916
63 4 9303.067214
63 5 9491.207961
63 6 9465.168248
63 7 9458.806921
63 8 9470.466636
63 9 9481.445549
63 10 9490.956112
63 11 9500.448686
63 12 9510.057287
63 13 9519.673023
63 14 9529.279870
63 15 9538.885709
63 16 9548.492205
63 17 9558.098812
63 18 9567.705371
63 19 9577.311917
63 20 9586.918465
63 21 9596.525013
63 22 9606.131560
63 23 9615.738106
63 24 9625.344651
63 25 9634.951196
63 26 9644.557740
63 27 9654.164284
63 28 9663.770827
63 29 9673.377370
63 30 9682.983912
63 31 9692.590455
63 32 9702.196998
63 33 9711.803540
63 34 9721.410083
63 35 9731.016626
63 36 9740.623169
63 37 9750.229712
63 38 9759.836256
63 39 9769.442800
63 40 9779.049344
63 41 9788.655889
63 42 9798.262435
63 43 9807.868980
63 44 9817.475526
63 45 9827.082073
63 46 9836.688620
63 47 9846.295168
63 48 9855.901716
63 49 9865.508264
63 50 9875.114813
63 51 9884.721363
63 52 9894.327912
63 53 9903.934462
63 54 9913.541013
63 55 9923.147564
63 56 9932.754115
63 57 9942.360666
63 58 9951.967218
63 59 9961.573770
63 60 9971.180322
63 61 9980.786873
63 62 9990.393425
63 63 10000.000000
