0 0 0.000000
0 1 18254.059995
0 2 10326.779156
0 3 8498.097214
0 4 9053.639820
0 5 9240.861979
0 6 9220.158933
0 7 9218.557305
0 8 9234.448494
0 9 9249.678922
0 10 9263.484191
0 11 9277.271999
0 12 9291.172407
0 13 9305.079739
0 14 9318.978443
0 15 9332.876170
0 16 9346.774533
0 17 9360.673003
0 18 9374.571426
0 19 9388.469836
0 20 9402.368247
0 21 9416.266658
0 22 9430.165068
0 23 9444.063476
0 24 9457.961884
0 25 9471.860290
0 26 9485.758696
0 27 9499.657102
0 28 9513.555508
0 29 9527.453913
0 30 9541.352318
0 31 9555.250723
0 32 9569.149128
0 33 9583.047534
0 34 9596.945940
0 35 9610.844346
0 36 9624.742753
0 37 9638.641160
0 38 9652.539568
0 39 9666.437976
0 40 9680.336386
0 41 9694.234795
0 42 9708.133206
0 43 9722.031617
0 44 9735.930030
0 45 9749.828442
0 46 9763.726856
0 47 9777.625271
0 48 9791.523686
0 49 9805.422101
0 50 9819.320518
0 51 9833.218935
0 52 9847.117353
0 53 9861.015771
0 54 9874.914190
0 55 9888.812610
0 56 9902.711030
0 57 9916.609450
0 58 9930.507870
0 59 9944.406291
0 60 9958.304712
0 61 9972.203133
0 62 9986.101555
0 63 10000.000000
1 0 0.000000
1 1 18254.059995
1 2 10326.779156
1 3 8498.097214
1 4 9053.639820
1 5 9240.861979
1 6 9220.158933
1 7 9218.557305
1 8 9234.448494
1 9 9249.678922
1 10 9263.484191
1 11 9277.271999
1 12 9291.172407
1 13 9305.079739
1 14 9318.978443
1 15 9332.876170
1 16 9346.774533
1 17 9360.673003
1 18 9374.571426
1 19 9388.469836
1 20 9402.368247
1 21 9416.266658
1 22 9430.165068
1 23 9444.063476
1 24 9457.961884
1 25 9471.860290
1 26 9485.758696
1 27 9499.657102
1 28 9513.555508
1 29 9527.453913
1 30 9541.352318
1 31 9555.250723
1 32 9569.149128
1 33 9583.047534
1 34 9596.945940
1 35 9610.844346
1 36 9624.742753
1 37 9638.641160
1 38 9652.539568
1 39 9666.437976
1 40 9680.336386
1 41 9694.234795
1 42 9708.133206
1 43 9722.031617
1 44 9735.930030
1 45 9749.828442
1 46 9763.726856
1 47 9777.625271
1 48 9791.523686
1 49 9805.422101
1 50 9819.320518
1 51 9833.218935
1 52 9847.117353
1 53 9861.015771
1 54 9874.914190
1 55 9888.812610
1 56 9902.711030
1 57 9916.609450
1 58 9930.507870
1 59 9944.406291
1 60 9958.304712
1 61 9972.203133
1 62 9986.101555
1 63 10000.000000
2 0 0.000000
2 1 18254.057906
2 2 10326.778580
2 3 8498.096763
2 4 9053.639319
2 5 9240.861478
2 6 9220.158440
2 7 9218.556820
2 8 9234.448016
2 9 9249.678451
2 10 9263.483728
2 11 9277.271544
2 12 9291.171961
2 13 9305.079302
2 14 9318.978015
2 15 9332.875751
2 16 9346.774124
2 17 9360.672603
2 18 9374.571035
2 19 9388.469455
2 20 9402.367877
2 21 9416.266298
2 22 9430.164717
2 23 9444.063136
2 24 9457.961554
2 25 9471.859971
2 26 9485.758387
2 27 9499.656803
2 28 9513.555219
2 29 9527.453634
2 30 9541.352049
2 31 9555.250465
2 32 9569.148880
2 33 9583.047295
2 34 9596.945711
2 35 9610.844127
2 36 9624.742543
2 37 9638.640960
2 38 9652.539377
2 39 9666.437795
2 40 9680.336213
2 41 9694.234632
2 42 9708.133051
2 43 9722.031471
2 44 9735.929892
2 45 9749.828313
2 46 9763.726735
2 47 9777.625157
2 48 9791.523580
2 49 9805.422004
2 50 9819.320428
2 51 9833.218853
2 52 9847.117278
2 53 9861.015704
2 54 9874.914130
2 55 9888.812557
2 56 9902.710984
2 57 9916.609411
2 58 9930.507838
2 59 9944.406266
2 60 9958.304694
2 61 9972.203121
2 62 9986.101550
2 63 10000.000000
3 0 0.000000
3 1 18254.055872
3 2 10326.778011
3 3 8498.096315
3 4 9053.638822
3 5 9240.860982
3 6 9220.157952
3 7 9218.556338
3 8 9234.447541
3 9 9249.677984
3 10 9263.483268
3 11 9277.271092
3 12 9291.171517
3 13 9305.078866
3 14 9318.977588
3 15 9332.875332
3 16 9346.773714
3 17 9360.672203
3 18 9374.570644
3 19 9388.469074
3 20 9402.367505
3 21 9416.265935
3 22 9430.164365
3 23 9444.062793
3 24 9457.961221
3 25 9471.859648
3 26 9485.758075
3 27 9499.656501
3 28 9513.554926
3 29 9527.453352
3 30 9541.351777
3 31 9555.250202
3 32 9569.148627
3 33 9583.047052
3 34 9596.945477
3 35 9610.843903
3 36 9624.742329
3 37 9638.640755
3 38 9652.539181
3 39 9666.437608
3 40 9680.336035
3 41 9694.234463
3 42 9708.132891
3 43 9722.031320
3 44 9735.929749
3 45 9749.828179
3 46 9763.726609
3 47 9777.625040
3 48 9791.523471
3 49 9805.421903
3 50 9819.320335
3 51 9833.218767
3 52 9847.117200
3 53 9861.015633
3 54 9874.914067
3 55 9888.812501
3 56 9902.710935
3 57 9916.609370
3 58 9930.507805
3 59 9944.406240
3 60 9958.304675
3 61 9972.203109
3 62 9986.101545
3 63 10000.000000
4 0 0.000000
4 1 18254.053980
4 2 10326.777508
4 3 8498.095920
4 4 9053.638383
4 5 9240.860543
4 6 9220.157520
4 7 9218.555913
4 8 9234.447122
4 9 9249.677571
4 10 9263.482862
4 11 9277.270693
4 12 9291.171125
4 13 9305.078481
4 14 9318.977211
4 15 9332.874964
4 16 9346.773353
4 17 9360.671850
4 18 9374.570301
4 19 9388.468738
4 20 9402.367178
4 21 9416.265617
4 22 9430.164056
4 23 9444.062493
4 24 9457.960930
4 25 9471.859365
4 26 9485.757801
4 27 9499.656236
4 28 9513.554670
4 29 9527.453104
4 30 9541.351538
4 31 9555.249972
4 32 9569.148406
4 33 9583.046840
4 34 9596.945274
4 35 9610.843708
4 36 9624.742142
4 37 9638.640576
4 38 9652.539011
4 39 9666.437446
4 40 9680.335881
4 41 9694.234317
4 42 9708.132752
4 43 9722.031189
4 44 9735.929625
4 45 9749.828062
4 46 9763.726500
4 47 9777.624938
4 48 9791.523376
4 49 9805.421815
4 50 9819.320254
4 51 9833.218693
4 52 9847.117132
4 53 9861.015572
4 54 9874.914013
4 55 9888.812453
4 56 9902.710894
4 57 9916.609335
4 58 9930.507776
4 59 9944.406217
4 60 9958.304658
4 61 9972.203099
4 62 9986.101541
4 63 10000.000000
5 0 0.000000
5 1 18254.052176
5 2 10326.777035
5 3 8498.095549
5 4 9053.637970
5 5 9240.860130
5 6 9220.157114
5 7 9218.555512
5 8 9234.446727
5 9 9249.677182
5 10 9263.482479
5 11 9277.270316
5 12 9291.170756
5 13 9305.078119
5 14 9318.976856
5 15 9332.874616
5 16 9346.773013
5 17 9360.671517
5 18 9374.569975
5 19 9388.468421
5 20 9402.366869
5 21 9416.265316
5 22 9430.163763
5 23 9444.062208
5 24 9457.960653
5 25 9471.859097
5 26 9485.757541
5 27 9499.655984
5 28 9513.554427
5 29 9527.452870
5 30 9541.351312
5 31 9555.249754
5 32 9569.148196
5 33 9583.046638
5 34 9596.945080
5 35 9610.843522
5 36 9624.741964
5 37 9638.640406
5 38 9652.538848
5 39 9666.437291
5 40 9680.335733
5 41 9694.234176
5 42 9708.132620
5 43 9722.031063
5 44 9735.929507
5 45 9749.827951
5 46 9763.726395
5 47 9777.624840
5 48 9791.523285
5 49 9805.421730
5 50 9819.320176
5 51 9833.218622
5 52 9847.117068
5 53 9861.015514
5 54 9874.913960
5 55 9888.812407
5 56 9902.710854
5 57 9916.609301
5 58 9930.507748
5 59 9944.406195
5 60 9958.304643
5 61 9972.203089
5 62 9986.101537
5 63 10000.000000
6 0 0.000000
6 1 18254.050452
6 2 10326.776586
6 3 8498.095197
6 4 9053.637578
6 5 9240.859737
6 6 9220.156727
6 7 9218.555131
6 8 9234.446350
6 9 9249.676811
6 10 9263.482114
6 11 9277.269957
6 12 9291.170403
6 13 9305.077772
6 14 9318.976516
6 15 9332.874283
6 16 9346.772687
6 17 9360.671199
6 18 9374.569664
6 19 9388.468117
6 20 9402.366572
6 21 9416.265027
6 22 9430.163481
6 23 9444.061935
6 24 9457.960387
6 25 9471.858839
6 26 9485.757291
6 27 9499.655742
6 28 9513.554193
6 29 9527.452643
6 30 9541.351093
6 31 9555.249543
6 32 9569.147993
6 33 9583.046442
6 34 9596.944892
6 35 9610.843341
6 36 9624.741791
6 37 9638.640240
6 38 9652.538690
6 39 9666.437140
6 40 9680.335590
6 41 9694.234040
6 42 9708.132490
6 43 9722.030941
6 44 9735.929391
6 45 9749.827842
6 46 9763.726293
6 47 9777.624745
6 48 9791.523196
6 49 9805.421648
6 50 9819.320100
6 51 9833.218552
6 52 9847.117004
6 53 9861.015456
6 54 9874.913909
6 55 9888.812362
6 56 9902.710814
6 57 9916.609267
6 58 9930.507721
6 59 9944.406174
6 60 9958.304627
6 61 9972.203080
6 62 9986.101533
6 63 10000.000000
7 0 0.000000
7 1 18254.048809
7 2 10326.776162
7 3 8498.094863
7 4 9053.637206
7 5 9240.859366
7 6 9220.156362
7 7 9218.554770
7 8 9234.445994
7 9 9249.676460
7 10 9263.481768
7 11 9277.269617
7 12 9291.170068
7 13 9305.077443
7 14 9318.976193
7 15 9332.873966
7 16 9346.772377
7 17 9360.670895
7 18 9374.569367
7 19 9388.467827
7 20 9402.366289
7 21 9416.264751
7 22 9430.163213
7 23 9444.061673
7 24 9457.960133
7 25 9471.858593
7 26 9485.757052
7 27 9499.655510
7 28 9513.553968
7 29 9527.452426
7 30 9541.350883
7 31 9555.249340
7 32 9569.147797
7 33 9583.046254
7 34 9596.944711
7 35 9610.843168
7 36 9624.741625
7 37 9638.640081
7 38 9652.538538
7 39 9666.436995
7 40 9680.335451
7 41 9694.233908
7 42 9708.132365
7 43 9722.030822
7 44 9735.929280
7 45 9749.827737
7 46 9763.726194
7 47 9777.624652
7 48 9791.523110
7 49 9805.421568
7 50 9819.320026
7 51 9833.218484
7 52 9847.116942
7 53 9861.015400
7 54 9874.913859
7 55 9888.812318
7 56 9902.710776
7 57 9916.609235
7 58 9930.507694
7 59 9944.406153
7 60 9958.304612
7 61 9972.203070
7 62 9986.101529
7 63 10000.000000
8 0 0.000000
8 1 18254.047246
8 2 10326.775762
8 3 8498.094549
8 4 9053.636856
8 5 9240.859015
8 6 9220.156016
8 7 9218.554428
8 8 9234.445657
8 9 9249.676127
8 10 9263.481440
8 11 9277.269294
8 12 9291.169751
8 13 9305.077132
8 14 9318.975887
8 15 9332.873666
8 16 9346.772083
8 17 9360.670607
8 18 9374.569085
8 19 9388.467552
8 20 9402.366020
8 21 9416.264489
8 22 9430.162957
8 23 9444.061425
8 24 9457.959891
8 25 9471.858358
8 26 9485.756823
8 27 9499.655289
8 28 9513.553754
8 29 9527.452218
8 30 9541.350683
8 31 9555.249147
8 32 9569.147611
8 33 9583.046075
8 34 9596.944538
8 35 9610.843002
8 36 9624.741465
8 37 9638.639928
8 38 9652.538392
8 39 9666.436855
8 40 9680.335318
8 41 9694.233782
8 42 9708.132245
8 43 9722.030709
8 44 9735.929172
8 45 9749.827636
8 46 9763.726099
8 47 9777.624563
8 48 9791.523027
8 49 9805.421490
8 50 9819.319954
8 51 9833.218418
8 52 9847.116882
8 53 9861.015347
8 54 9874.913811
8 55 9888.812275
8 56 9902.710739
8 57 9916.609204
8 58 9930.507668
8 59 9944.406133
8 60 9958.304597
8 61 9972.203061
8 62 9986.101526
8 63 10000.000000
9 0 0.000000
9 1 18254.045760
9 2 10326.775385
9 3 8498.094253
9 4 9053.636526
9 5 9240.858684
9 6 9220.155690
9 7 9218.554106
9 8 9234.445339
9 9 9249.675813
9 10 9263.481131
9 11 9277.268989
9 12 9291.169451
9 13 9305.076837
9 14 9318.975597
9 15 9332.873382
9 16 9346.771804
9 17 9360.670334
9 18 9374.568818
9 19 9388.467290
9 20 9402.365765
9 21 9416.264240
9 22 9430.162714
9 23 9444.061188
9 24 9457.959661
9 25 9471.858134
9 26 9485.756606
9 27 9499.655078
9 28 9513.553549
9 29 9527.452020
9 30 9541.350491
9 31 9555.248962
9 32 9569.147432
9 33 9583.045903
9 34 9596.944373
9 35 9610.842842
9 36 9624.741312
9 37 9638.639782
9 38 9652.538252
9 39 9666.436721
9 40 9680.335191
9 41 9694.233660
9 42 9708.132130
9 43 9722.030599
9 44 9735.929069
9 45 9749.827538
9 46 9763.726007
9 47 9777.624477
9 48 9791.522946
9 49 9805.421416
9 50 9819.319886
9 51 9833.218355
9 52 9847.116825
9 53 9861.015294
9 54 9874.913764
9 55 9888.812234
9 56 9902.710704
9 57 9916.609173
9 58 9930.507643
9 59 9944.406113
9 60 9958.304583
9 61 9972.203052
9 62 9986.101522
9 63 10000.000000
10 0 0.000000
10 1 18254.044352
10 2 10326.775031
10 3 8498.093975
10 4 9053.636215
10 5 9240.858373
10 6 9220.155383
10 7 9218.553803
10 8 9234.445039
10 9 9249.675517
10 10 9263.480839
10 11 9277.268702
10 12 9291.169167
10 13 9305.076558
10 14 9318.975323
10 15 9332.873113
10 16 9346.771540
10 17 9360.670075
10 18 9374.568565
10 19 9388.467043
10 20 9402.365523
10 21 9416.264004
10 22 9430.162484
10 23 9444.060963
10 24 9457.959442
10 25 9471.857921
10 26 9485.756399
10 27 9499.654877
10 28 9513.553354
10 29 9527.451832
10 30 9541.350309
10 31 9555.248785
10 32 9569.147262
10 33 9583.045738
10 34 9596.944214
10 35 9610.842690
10 36 9624.741166
10 37 9638.639642
10 38 9652.538117
10 39 9666.436593
10 40 9680.335068
10 41 9694.233544
10 42 9708.132019
10 43 9722.030494
10 44 9735.928969
10 45 9749.827444
10 46 9763.725919
10 47 9777.624394
10 48 9791.522869
10 49 9805.421344
10 50 9819.319819
10 51 9833.218294
10 52 9847.116769
10 53 9861.015244
10 54 9874.913719
10 55 9888.812194
10 56 9902.710669
10 57 9916.609144
10 58 9930.507619
10 59 9944.406094
10 60 9958.304569
10 61 9972.203044
10 62 9986.101519
10 63 10000.000000
11 0 0.000000
11 1 18254.043018
11 2 10326.774699
11 3 8498.093713
11 4 9053.635923
11 5 9240.858081
11 6 9220.155094
11 7 9218.553517
11 8 9234.444756
11 9 9249.675238
11 10 9263.480563
11 11 9277.268430
11 12 9291.168900
11 13 9305.076295
11 14 9318.975064
11 15 9332.872858
11 16 9346.771290
11 17 9360.669831
11 18 9374.568325
11 19 9388.466808
11 20 9402.365293
11 21 9416.263779
11 22 9430.162265
11 23 9444.060750
11 24 9457.959234
11 25 9471.857719
11 26 9485.756202
11 27 9499.654686
11 28 9513.553169
11 29 9527.451652
11 30 9541.350135
11 31 9555.248617
11 32 9569.147100
11 33 9583.045582
11 34 9596.944063
11 35 9610.842545
11 36 9624.741027
11 37 9638.639508
11 38 9652.537989
11 39 9666.436470
11 40 9680.334951
11 41 9694.233432
11 42 9708.131913
11 43 9722.030393
11 44 9735.928874
11 45 9749.827354
11 46 9763.725835
11 47 9777.624315
11 48 9791.522795
11 49 9805.421276
11 50 9819.319756
11 51 9833.218236
11 52 9847.116716
11 53 9861.015196
11 54 9874.913676
11 55 9888.812156
11 56 9902.710636
11 57 9916.609116
11 58 9930.507596
11 59 9944.406076
11 60 9958.304556
11 61 9972.203035
11 62 9986.101516
11 63 10000.000000
12 0 0.000000
12 1 18254.041757
12 2 10326.774387
12 3 8498.093468
12 4 9053.635649
12 5 9240.857806
12 6 9220.154823
12 7 9218.553249
12 8 9234.444491
12 9 9249.674976
12 10 9263.480304
12 11 9277.268175
12 12 9291.168648
12 13 9305.076047
12 14 9318.974820
12 15 9332.872618
12 16 9346.771055
12 17 9360.669600
12 18 9374.568099
12 19 9388.466586
12 20 9402.365076
12 21 9416.263567
12 22 9430.162058
12 23 9444.060548
12 24 9457.959038
12 25 9471.857527
12 26 9485.756016
12 27 9499.654505
12 28 9513.552993
12 29 9527.451482
12 30 9541.349970
12 31 9555.248458
12 32 9569.146945
12 33 9583.045433
12 34 9596.943920
12 35 9610.842407
12 36 9624.740894
12 37 9638.639380
12 38 9652.537867
12 39 9666.436353
12 40 9680.334839
12 41 9694.233325
12 42 9708.131811
12 43 9722.030297
12 44 9735.928783
12 45 9749.827268
12 46 9763.725754
12 47 9777.624239
12 48 9791.522725
12 49 9805.421210
12 50 9819.319695
12 51 9833.218180
12 52 9847.116665
12 53 9861.015150
12 54 9874.913635
12 55 9888.812120
12 56 9902.710604
12 57 9916.609089
12 58 9930.507574
12 59 9944.406058
12 60 9958.304543
12 61 9972.203028
12 62 9986.101512
12 63 10000.000000
13 0 0.000000
13 1 18254.040568
13 2 10326.774096
13 3 8498.093239
13 4 9053.635393
13 5 9240.857549
13 6 9220.154569
13 7 9218.552997
13 8 9234.444242
13 9 9249.674729
13 10 9263.480061
13 11 9277.267934
13 12 9291.168411
13 13 9305.075813
13 14 9318.974591
13 15 9332.872393
13 16 9346.770833
13 17 9360.669382
13 18 9374.567885
13 19 9388.466377
13 20 9402.364872
13 21 9416.263367
13 22 9430.161862
13 23 9444.060357
13 24 9457.958851
13 25 9471.857346
13 26 9485.755840
13 27 9499.654333
13 28 9513.552827
13 29 9527.451320
13 30 9541.349813
13 31 9555.248306
13 32 9569.146799
13 33 9583.045291
13 34 9596.943783
13 35 9610.842275
13 36 9624.740767
13 37 9638.639259
13 38 9652.537750
13 39 9666.436242
13 40 9680.334733
13 41 9694.233224
13 42 9708.131715
13 43 9722.030206
13 44 9735.928696
13 45 9749.827187
13 46 9763.725677
13 47 9777.624167
13 48 9791.522657
13 49 9805.421147
13 50 9819.319637
13 51 9833.218127
13 52 9847.116616
13 53 9861.015106
13 54 9874.913595
13 55 9888.812085
13 56 9902.710574
13 57 9916.609063
13 58 9930.507553
13 59 9944.406042
13 60 9958.304531
13 61 9972.203020
13 62 9986.101509
13 63 10000.000000
14 0 0.000000
14 1 18254.039449
14 2 10326.773825
14 3 8498.093025
14 4 9053.635153
14 5 9240.857308
14 6 9220.154332
14 7 9218.552762
14 8 9234.444009
14 9 9249.674499
14 10 9263.479833
14 11 9277.267709
14 12 9291.168189
14 13 9305.075595
14 14 9318.974375
14 15 9332.872181
14 16 9346.770625
14 17 9360.669177
14 18 9374.567684
14 19 9388.466180
14 20 9402.364679
14 21 9416.263179
14 22 9430.161678
14 23 9444.060177
14 24 9457.958676
14 25 9471.857175
14 26 9485.755673
14 27 9499.654171
14 28 9513.552670
14 29 9527.451167
14 30 9541.349665
14 31 9555.248163
14 32 9569.146660
14 33 9583.045157
14 34 9596.943654
14 35 9610.842151
14 36 9624.740648
14 37 9638.639144
14 38 9652.537640
14 39 9666.436136
14 40 9680.334632
14 41 9694.233128
14 42 9708.131623
14 43 9722.030118
14 44 9735.928614
14 45 9749.827109
14 46 9763.725603
14 47 9777.624098
14 48 9791.522593
14 49 9805.421087
14 50 9819.319581
14 51 9833.218076
14 52 9847.116570
14 53 9861.015064
14 54 9874.913558
14 55 9888.812051
14 56 9902.710545
14 57 9916.609039
14 58 9930.507532
14 59 9944.406026
14 60 9958.304519
14 61 9972.203013
14 62 9986.101506
14 63 10000.000000
15 0 0.000000
15 1 18254.038399
15 2 10326.773572
15 3 8498.092826
15 4 9053.634930
15 5 9240.857084
15 6 9220.154110
15 7 9218.552542
15 8 9234.443791
15 9 9249.674284
15 10 9263.479620
15 11 9277.267499
15 12 9291.167981
15 13 9305.075390
15 14 9318.974174
15 15 9332.871982
15 16 9346.770429
15 17 9360.668985
15 18 9374.567496
15 19 9388.465995
15 20 9402.364498
15 21 9416.263002
15 22 9430.161505
15 23 9444.060008
15 24 9457.958511
15 25 9471.857014
15 26 9485.755516
15 27 9499.654019
15 28 9513.552521
15 29 9527.451023
15 30 9541.349526
15 31 9555.248027
15 32 9569.146529
15 33 9583.045031
15 34 9596.943532
15 35 9610.842033
15 36 9624.740534
15 37 9638.639035
15 38 9652.537536
15 39 9666.436036
15 40 9680.334536
15 41 9694.233036
15 42 9708.131536
15 43 9722.030036
15 44 9735.928535
15 45 9749.827035
15 46 9763.725534
15 47 9777.624033
15 48 9791.522532
15 49 9805.421030
15 50 9819.319529
15 51 9833.218027
15 52 9847.116526
15 53 9861.015024
15 54 9874.913522
15 55 9888.812020
15 56 9902.710518
15 57 9916.609015
15 58 9930.507513
15 59 9944.406011
15 60 9958.304508
15 61 9972.203006
15 62 9986.101504
15 63 10000.000000
16 0 0.000000
16 1 18254.037417
16 2 10326.773338
16 3 8498.092641
16 4 9053.634723
16 5 9240.856876
16 6 9220.153904
16 7 9218.552338
16 8 9234.443589
16 9 9249.674083
16 10 9263.479422
16 11 9277.267303
16 12 9291.167788
16 13 9305.075198
16 14 9318.973985
16 15 9332.871796
16 16 9346.770247
16 17 9360.668806
16 18 9374.567320
16 19 9388.465823
16 20 9402.364329
16 21 9416.262836
16 22 9430.161342
16 23 9444.059849
16 24 9457.958356
16 25 9471.856863
16 26 9485.755369
16 27 9499.653876
16 28 9513.552382
16 29 9527.450888
16 30 9541.349394
16 31 9555.247900
16 32 9569.146406
16 33 9583.044912
16 34 9596.943417
16 35 9610.841922
16 36 9624.740428
16 37 9638.638932
16 38 9652.537437
16 39 9666.435942
16 40 9680.334446
16 41 9694.232950
16 42 9708.131454
16 43 9722.029958
16 44 9735.928462
16 45 9749.826965
16 46 9763.725468
16 47 9777.623971
16 48 9791.522474
16 49 9805.420977
16 50 9819.319479
16 51 9833.217982
16 52 9847.116484
16 53 9861.014986
16 54 9874.913488
16 55 9888.811990
16 56 9902.710492
16 57 9916.608993
16 58 9930.507495
16 59 9944.405997
16 60 9958.304498
16 61 9972.203000
16 62 9986.101501
16 63 10000.000000
17 0 0.000000
17 1 18254.036502
17 2 10326.773121
17 3 8498.092470
17 4 9053.634531
17 5 9240.856683
17 6 9220.153713
17 7 9218.552149
17 8 9234.443401
17 9 9249.673897
17 10 9263.479237
17 11 9277.267120
17 12 9291.167607
17 13 9305.075021
17 14 9318.973810
17 15 9332.871624
17 16 9346.770076
17 17 9360.668638
17 18 9374.567155
17 19 9388.465661
17 20 9402.364170
17 21 9416.262681
17 22 9430.161191
17 23 9444.059701
17 24 9457.958211
17 25 9471.856721
17 26 9485.755231
17 27 9499.653741
17 28 9513.552252
17 29 9527.450761
17 30 9541.349271
17 31 9555.247781
17 32 9569.146291
17 33 9583.044800
17 34 9596.943309
17 35 9610.841818
17 36 9624.740327
17 37 9638.638836
17 38 9652.537345
17 39 9666.435853
17 40 9680.334361
17 41 9694.232869
17 42 9708.131377
17 43 9722.029885
17 44 9735.928392
17 45 9749.826899
17 46 9763.725406
17 47 9777.623913
17 48 9791.522420
17 49 9805.420926
17 50 9819.319432
17 51 9833.217938
17 52 9847.116444
17 53 9861.014950
17 54 9874.913456
17 55 9888.811962
17 56 9902.710467
17 57 9916.608972
17 58 9930.507478
17 59 9944.405983
17 60 9958.304488
17 61 9972.202994
17 62 9986.101499
17 63 10000.000000
18 0 0.000000
18 1 18254.035651
18 2 10326.772921
18 3 8498.092312
18 4 9053.634353
18 5 9240.856505
18 6 9220.153537
18 7 9218.551973
18 8 9234.443227
18 9 9249.673724
18 10 9263.479067
18 11 9277.266952
18 12 9291.167441
18 13 9305.074856
18 14 9318.973647
18 15 9332.871463
18 16 9346.769919
18 17 9360.668483
18 18 9374.567003
18 19 9388.465511
18 20 9402.364023
18 21 9416.262537
18 22 9430.161050
18 23 9444.059563
18 24 9457.958076
18 25 9471.856590
18 26 9485.755103
18 27 9499.653616
18 28 9513.552130
18 29 9527.450643
18 30 9541.349157
18 31 9555.247670
18 32 9569.146183
18 33 9583.044696
18 34 9596.943209
18 35 9610.841721
18 36 9624.740234
18 37 9638.638746
18 38 9652.537258
18 39 9666.435770
18 40 9680.334282
18 41 9694.232794
18 42 9708.131305
18 43 9722.029816
18 44 9735.928327
18 45 9749.826838
18 46 9763.725348
18 47 9777.623859
18 48 9791.522369
18 49 9805.420879
18 50 9819.319388
18 51 9833.217898
18 52 9847.116408
18 53 9861.014917
18 54 9874.913426
18 55 9888.811935
18 56 9902.710444
18 57 9916.608953
18 58 9930.507462
18 59 9944.405970
18 60 9958.304479
18 61 9972.202988
18 62 9986.101496
18 63 10000.000000
19 0 0.000000
19 1 18254.034865
19 2 10326.772738
19 3 8498.092168
19 4 9053.634191
19 5 9240.856342
19 6 9220.153374
19 7 9218.551812
19 8 9234.443067
19 9 9249.673566
19 10 9263.478909
19 11 9277.266796
19 12 9291.167287
19 13 9305.074704
19 14 9318.973497
19 15 9332.871315
19 16 9346.769773
19 17 9360.668340
19 18 9374.566861
19 19 9388.465373
19 20 9402.363887
19 21 9416.262403
19 22 9430.160919
19 23 9444.059435
19 24 9457.957951
19 25 9471.856468
19 26 9485.754984
19 27 9499.653501
19 28 9513.552017
19 29 9527.450533
19 30 9541.349050
19 31 9555.247566
19 32 9569.146083
19 33 9583.044599
19 34 9596.943115
19 35 9610.841631
19 36 9624.740147
19 37 9638.638662
19 38 9652.537178
19 39 9666.435693
19 40 9680.334208
19 41 9694.232723
19 42 9708.131238
19 43 9722.029752
19 44 9735.928266
19 45 9749.826780
19 46 9763.725294
19 47 9777.623808
19 48 9791.522321
19 49 9805.420834
19 50 9819.319347
19 51 9833.217860
19 52 9847.116373
19 53 9861.014886
19 54 9874.913398
19 55 9888.811910
19 56 9902.710423
19 57 9916.608935
19 58 9930.507447
19 59 9944.405959
19 60 9958.304470
19 61 9972.202982
19 62 9986.101494
19 63 10000.000000
20 0 0.000000
20 1 18254.034142
20 2 10326.772571
20 3 8498.092035
20 4 9053.634042
20 5 9240.856192
20 6 9220.153226
20 7 9218.551665
20 8 9234.442920
20 9 9249.673420
20 10 9263.478765
20 11 9277.266653
20 12 9291.167145
20 13 9305.074564
20 14 9318.973359
20 15 9332.871179
20 16 9346.769639
20 17 9360.668208
20 18 9374.566732
20 19 9388.465245
20 20 9402.363762
20 21 9416.262280
20 22 9430.160799
20 23 9444.059317
20 24 9457.957836
20 25 9471.856355
20 26 9485.754874
20 27 9499.653394
20 28 9513.551913
20 29 9527.450432
20 30 9541.348951
20 31 9555.247471
20 32 9569.145990
20 33 9583.044509
20 34 9596.943028
20 35 9610.841547
20 36 9624.740066
20 37 9638.638585
20 38 9652.537103
20 39 9666.435621
20 40 9680.334140
20 41 9694.232657
20 42 9708.131175
20 43 9722.029693
20 44 9735.928210
20 45 9749.826727
20 46 9763.725244
20 47 9777.623761
20 48 9791.522277
20 49 9805.420793
20 50 9819.319309
20 51 9833.217825
20 52 9847.116341
20 53 9861.014857
20 54 9874.913372
20 55 9888.811887
20 56 9902.710403
20 57 9916.608918
20 58 9930.507433
20 59 9944.405948
20 60 9958.304462
20 61 9972.202978
20 62 9986.101492
20 63 10000.000000
21 0 0.000000
21 1 18254.033481
21 2 10326.772419
21 3 8498.091915
21 4 9053.633907
21 5 9240.856056
21 6 9220.153091
21 7 9218.551531
21 8 9234.442787
21 9 9249.673288
21 10 9263.478634
21 11 9277.266523
21 12 9291.167016
21 13 9305.074437
21 14 9318.973233
21 15 9332.871055
21 16 9346.769516
21 17 9360.668087
21 18 9374.566613
21 19 9388.465128
21 20 9402.363647
21 21 9416.262168
21 22 9430.160688
21 23 9444.059209
21 24 9457.957731
21 25 9471.856252
21 26 9485.754774
21 27 9499.653295
21 28 9513.551817
21 29 9527.450339
21 30 9541.348861
21 31 9555.247383
21 32 9569.145905
21 33 9583.044427
21 34 9596.942949
21 35 9610.841470
21 36 9624.739992
21 37 9638.638513
21 38 9652.537035
21 39 9666.435556
21 40 9680.334077
21 41 9694.232597
21 42 9708.131118
21 43 9722.029638
21 44 9735.928158
21 45 9749.826678
21 46 9763.725198
21 47 9777.623717
21 48 9791.522236
21 49 9805.420756
21 50 9819.319274
21 51 9833.217793
21 52 9847.116312
21 53 9861.014830
21 54 9874.913348
21 55 9888.811866
21 56 9902.710384
21 57 9916.608902
21 58 9930.507420
21 59 9944.405937
21 60 9958.304455
21 61 9972.202973
21 62 9986.101490
21 63 10000.000000
22 0 0.000000
22 1 18254.032881
22 2 10326.772283
22 3 8498.091807
22 4 9053.633785
22 5 9240.855933
22 6 9220.152969
22 7 9218.551409
22 8 9234.442666
22 9 9249.673168
22 10 9263.478515
22 11 9277.266405
22 12 9291.166900
22 13 9305.074321
22 14 9318.973119
22 15 9332.870942
22 16 9346.769405
22 17 9360.667977
22 18 9374.566505
22 19 9388.465022
22 20 9402.363543
22 21 9416.262066
22 22 9430.160588
22 23 9444.059111
22 24 9457.957635
22 25 9471.856158
22 26 9485.754682
22 27 9499.653206
22 28 9513.551730
22 29 9527.450254
22 30 9541.348779
22 31 9555.247303
22 32 9569.145828
22 33 9583.044352
22 34 9596.942876
22 35 9610.841400
22 36 9624.739924
22 37 9638.638448
22 38 9652.536972
22 39 9666.435496
22 40 9680.334019
22 41 9694.232542
22 42 9708.131065
22 43 9722.029588
22 44 9735.928111
22 45 9749.826633
22 46 9763.725156
22 47 9777.623678
22 48 9791.522199
22 49 9805.420721
22 50 9819.319242
22 51 9833.217764
22 52 9847.116285
22 53 9861.014806
22 54 9874.913326
22 55 9888.811847
22 56 9902.710367
22 57 9916.608888
22 58 9930.507408
22 59 9944.405928
22 60 9958.304448
22 61 9972.202969
22 62 9986.101489
22 63 10000.000000
23 0 0.000000
23 1 18254.032341
23 2 10326.772161
23 3 8498.091711
23 4 9053.633676
23 5 9240.855824
23 6 9220.152860
23 7 9218.551301
23 8 9234.442558
23 9 9249.673061
23 10 9263.478409
23 11 9277.266299
23 12 9291.166795
23 13 9305.074217
23 14 9318.973017
23 15 9332.870841
23 16 9346.769305
23 17 9360.667879
23 18 9374.566408
23 19 9388.464927
23 20 9402.363450
23 21 9416.261974
23 22 9430.160498
23 23 9444.059023
23 24 9457.957548
23 25 9471.856074
23 26 9485.754599
23 27 9499.653125
23 28 9513.551652
23 29 9527.450178
23 30 9541.348705
23 31 9555.247231
23 32 9569.145758
23 33 9583.044284
23 34 9596.942811
23 35 9610.841337
23 36 9624.739863
23 37 9638.638389
23 38 9652.536916
23 39 9666.435441
23 40 9680.333967
23 41 9694.232493
23 42 9708.131018
23 43 9722.029543
23 44 9735.928068
23 45 9749.826593
23 46 9763.725117
23 47 9777.623642
23 48 9791.522166
23 49 9805.420690
23 50 9819.319213
23 51 9833.217737
23 52 9847.116260
23 53 9861.014783
23 54 9874.913306
23 55 9888.811829
23 56 9902.710352
23 57 9916.608875
23 58 9930.507397
23 59 9944.405920
23 60 9958.304442
23 61 9972.202965
23 62 9986.101487
23 63 10000.000000
24 0 0.000000
24 1 18254.031861
24 2 10326.772053
24 3 8498.091626
24 4 9053.633580
24 5 9240.855727
24 6 9220.152764
24 7 9218.551205
24 8 9234.442463
24 9 9249.672966
24 10 9263.478314
24 11 9277.266206
24 12 9291.166702
24 13 9305.074126
24 14 9318.972926
24 15 9332.870751
24 16 9346.769216
24 17 9360.667791
24 18 9374.566322
24 19 9388.464842
24 20 9402.363366
24 21 9416.261892
24 22 9430.160418
24 23 9444.058944
24 24 9457.957471
24 25 9471.855998
24 26 9485.754526
24 27 9499.653054
24 28 9513.551582
24 29 9527.450110
24 30 9541.348638
24 31 9555.247167
24 32 9569.145695
24 33 9583.044224
24 34 9596.942752
24 35 9610.841280
24 36 9624.739809
24 37 9638.638337
24 38 9652.536865
24 39 9666.435393
24 40 9680.333921
24 41 9694.232448
24 42 9708.130976
24 43 9722.029503
24 44 9735.928030
24 45 9749.826557
24 46 9763.725083
24 47 9777.623609
24 48 9791.522136
24 49 9805.420662
24 50 9819.319187
24 51 9833.217713
24 52 9847.116238
24 53 9861.014764
24 54 9874.913289
24 55 9888.811814
24 56 9902.710338
24 57 9916.608863
24 58 9930.507388
24 59 9944.405912
24 60 9958.304437
24 61 9972.202962
24 62 9986.101486
24 63 10000.000000
25 0 0.000000
25 1 18254.031440
25 2 10326.771960
25 3 8498.091551
25 4 9053.633496
25 5 9240.855642
25 6 9220.152680
25 7 9218.551121
25 8 9234.442379
25 9 9249.672883
25 10 9263.478232
25 11 9277.266124
25 12 9291.166621
25 13 9305.074045
25 14 9318.972846
25 15 9332.870672
25 16 9346.769139
25 17 9360.667715
25 18 9374.566246
25 19 9388.464768
25 20 9402.363293
25 21 9416.261820
25 22 9430.160347
25 23 9444.058875
25 24 9457.957403
25 25 9471.855932
25 26 9485.754461
25 27 9499.652990
25 28 9513.551520
25 29 9527.450050
25 30 9541.348580
25 31 9555.247110
25 32 9569.145640
25 33 9583.044170
25 34 9596.942700
25 35 9610.841231
25 36 9624.739761
25 37 9638.638291
25 38 9652.536820
25 39 9666.435350
25 40 9680.333880
25 41 9694.232409
25 42 9708.130938
25 43 9722.029467
25 44 9735.927996
25 45 9749.826525
25 46 9763.725053
25 47 9777.623581
25 48 9791.522109
25 49 9805.420637
25 50 9819.319164
25 51 9833.217692
25 52 9847.116219
25 53 9861.014746
25 54 9874.913273
25 55 9888.811800
25 56 9902.710326
25 57 9916.608853
25 58 9930.507379
25 59 9944.405906
25 60 9958.304432
25 61 9972.202959
25 62 9986.101485
25 63 10000.000000
26 0 0.000000
26 1 18254.031077
26 2 10326.771880
26 3 8498.091488
26 4 9053.633424
26 5 9240.855570
26 6 9220.152608
26 7 9218.551049
26 8 9234.442308
26 9 9249.672811
26 10 9263.478161
26 11 9277.266053
26 12 9291.166551
26 13 9305.073976
26 14 9318.972777
26 15 9332.870605
26 16 9346.769072
26 17 9360.667649
26 18 9374.566181
26 19 9388.464704
26 20 9402.363230
26 21 9416.261758
26 22 9430.160286
26 23 9444.058815
26 24 9457.957345
26 25 9471.855875
26 26 9485.754405
26 27 9499.652936
26 28 9513.551467
26 29 9527.449998
26 30 9541.348529
26 31 9555.247061
26 32 9569.145593
26 33 9583.044124
26 34 9596.942656
26 35 9610.841187
26 36 9624.739719
26 37 9638.638250
26 38 9652.536782
26 39 9666.435313
26 40 9680.333844
26 41 9694.232375
26 42 9708.130906
26 43 9722.029436
26 44 9735.927967
26 45 9749.826497
26 46 9763.725027
26 47 9777.623557
26 48 9791.522086
26 49 9805.420615
26 50 9819.319145
26 51 9833.217674
26 52 9847.116202
26 53 9861.014731
26 54 9874.913259
26 55 9888.811788
26 56 9902.710316
26 57 9916.608844
26 58 9930.507372
26 59 9944.405900
26 60 9958.304428
26 61 9972.202956
26 62 9986.101483
26 63 10000.000000
27 0 0.000000
27 1 18254.030773
27 2 10326.771814
27 3 8498.091436
27 4 9053.633364
27 5 9240.855510
27 6 9220.152547
27 7 9218.550989
27 8 9234.442248
27 9 9249.672752
27 10 9263.478101
27 11 9277.265994
27 12 9291.166493
27 13 9305.073918
27 14 9318.972720
27 15 9332.870548
27 16 9346.769015
27 17 9360.667593
27 18 9374.566126
27 19 9388.464650
27 20 9402.363177
27 21 9416.261706
27 22 9430.160235
27 23 9444.058765
27 24 9457.957296
27 25 9471.855827
27 26 9485.754358
27 27 9499.652890
27 28 9513.551422
27 29 9527.449954
27 30 9541.348487
27 31 9555.247020
27 32 9569.145552
27 33 9583.044085
27 34 9596.942618
27 35 9610.841151
27 36 9624.739684
27 37 9638.638217
27 38 9652.536749
27 39 9666.435282
27 40 9680.333814
27 41 9694.232346
27 42 9708.130878
27 43 9722.029410
27 44 9735.927942
27 45 9749.826473
27 46 9763.725005
27 47 9777.623536
27 48 9791.522067
27 49 9805.420597
27 50 9819.319128
27 51 9833.217658
27 52 9847.116188
27 53 9861.014718
27 54 9874.913248
27 55 9888.811778
27 56 9902.710307
27 57 9916.608836
27 58 9930.507366
27 59 9944.405895
27 60 9958.304424
27 61 9972.202954
27 62 9986.101483
27 63 10000.000000
28 0 0.000000
28 1 18254.030525
28 2 10326.771761
28 3 8498.091393
28 4 9053.633316
28 5 9240.855461
28 6 9220.152499
28 7 9218.550941
28 8 9234.442200
28 9 9249.672704
28 10 9263.478054
28 11 9277.265947
28 12 9291.166445
28 13 9305.073871
28 14 9318.972673
28 15 9332.870502
28 16 9346.768970
28 17 9360.667548
28 18 9374.566082
28 19 9388.464606
28 20 9402.363134
28 21 9416.261664
28 22 9430.160194
28 23 9444.058724
28 24 9457.957256
28 25 9471.855788
28 26 9485.754320
28 27 9499.652853
28 28 9513.551386
28 29 9527.449919
28 30 9541.348452
28 31 9555.246986
28 32 9569.145520
28 33 9583.044054
28 34 9596.942588
28 35 9610.841121
28 36 9624.739655
28 37 9638.638189
28 38 9652.536723
28 39 9666.435256
28 40 9680.333790
28 41 9694.232323
28 42 9708.130856
28 43 9722.029389
28 44 9735.927922
28 45 9749.826454
28 46 9763.724987
28 47 9777.623519
28 48 9791.522051
28 49 9805.420582
28 50 9819.319114
28 51 9833.217645
28 52 9847.116177
28 53 9861.014708
28 54 9874.913239
28 55 9888.811769
28 56 9902.710300
28 57 9916.608830
28 58 9930.507361
28 59 9944.405891
28 60 9958.304421
28 61 9972.202952
28 62 9986.101482
28 63 10000.000000
29 0 0.000000
29 1 18254.030335
29 2 10326.771721
29 3 8498.091362
29 4 9053.633280
29 5 9240.855424
29 6 9220.152463
29 7 9218.550904
29 8 9234.442163
29 9 9249.672667
29 10 9263.478017
29 11 9277.265911
29 12 9291.166409
29 13 9305.073835
29 14 9318.972638
29 15 9332.870467
29 16 9346.768935
29 17 9360.667514
29 18 9374.566048
29 19 9388.464572
29 20 9402.363101
29 21 9416.261631
29 22 9430.160162
29 23 9444.058693
29 24 9457.957225
29 25 9471.855757
29 26 9485.754290
29 27 9499.652824
29 28 9513.551357
29 29 9527.449891
29 30 9541.348426
29 31 9555.246960
29 32 9569.145495
29 33 9583.044029
29 34 9596.942564
29 35 9610.841099
29 36 9624.739633
29 37 9638.638168
29 38 9652.536702
29 39 9666.435237
29 40 9680.333771
29 41 9694.232305
29 42 9708.130839
29 43 9722.029373
29 44 9735.927906
29 45 9749.826439
29 46 9763.724973
29 47 9777.623506
29 48 9791.522038
29 49 9805.420571
29 50 9819.319103
29 51 9833.217636
29 52 9847.116168
29 53 9861.014700
29 54 9874.913231
29 55 9888.811763
29 56 9902.710294
29 57 9916.608826
29 58 9930.507357
29 59 9944.405888
29 60 9958.304419
29 61 9972.202951
29 62 9986.101481
29 63 10000.000000
30 0 0.000000
30 1 18254.030201
30 2 10326.771694
30 3 8498.091340
30 4 9053.633255
30 5 9240.855399
30 6 9220.152437
30 7 9218.550879
30 8 9234.442138
30 9 9249.672642
30 10 9263.477992
30 11 9277.265885
30 12 9291.166384
30 13 9305.073810
30 14 9318.972613
30 15 9332.870442
30 16 9346.768911
30 17 9360.667490
30 18 9374.566024
30 19 9388.464549
30 20 9402.363078
30 21 9416.261608
30 22 9430.160139
30 23 9444.058671
30 24 9457.957203
30 25 9471.855736
30 26 9485.754270
30 27 9499.652804
30 28 9513.551338
30 29 9527.449872
30 30 9541.348407
30 31 9555.246942
30 32 9569.145477
30 33 9583.044012
30 34 9596.942547
30 35 9610.841082
30 36 9624.739617
30 37 9638.638153
30 38 9652.536688
30 39 9666.435223
30 40 9680.333757
30 41 9694.232292
30 42 9708.130827
30 43 9722.029361
30 44 9735.927895
30 45 9749.826429
30 46 9763.724963
30 47 9777.623496
30 48 9791.522030
30 49 9805.420563
30 50 9819.319096
30 51 9833.217629
30 52 9847.116161
30 53 9861.014694
30 54 9874.913226
30 55 9888.811758
30 56 9902.710290
30 57 9916.608822
30 58 9930.507354
30 59 9944.405886
30 60 9958.304417
30 61 9972.202950
30 62 9986.101481
30 63 10000.000000
31 0 0.000000
31 1 18254.030124
31 2 10326.771680
31 3 8498.091329
31 4 9053.633242
31 5 9240.855386
31 6 9220.152424
31 7 9218.550865
31 8 9234.442124
31 9 9249.672628
31 10 9263.477978
31 11 9277.265871
31 12 9291.166370
31 13 9305.073796
31 14 9318.972599
31 15 9332.870428
31 16 9346.768897
31 17 9360.667476
31 18 9374.566011
31 19 9388.464536
31 20 9402.363064
31 21 9416.261595
31 22 9430.160126
31 23 9444.058658
31 24 9457.957191
31 25 9471.855724
31 26 9485.754258
31 27 9499.652792
31 28 9513.551326
31 29 9527.449861
31 30 9541.348396
31 31 9555.246931
31 32 9569.145466
31 33 9583.044002
31 34 9596.942537
31 35 9610.841073
31 36 9624.739608
31 37 9638.638144
31 38 9652.536679
31 39 9666.435214
31 40 9680.333750
31 41 9694.232285
31 42 9708.130819
31 43 9722.029354
31 44 9735.927889
31 45 9749.826423
31 46 9763.724957
31 47 9777.623491
31 48 9791.522025
31 49 9805.420558
31 50 9819.319091
31 51 9833.217625
31 52 9847.116158
31 53 9861.014690
31 54 9874.913223
31 55 9888.811756
31 56 9902.710288
31 57 9916.608820
31 58 9930.507352
31 59 9944.405884
31 60 9958.304417
31 61 9972.202949
31 62 9986.101481
31 63 10000.000000
32 0 0.000000
32 1 18254.030104
32 2 10326.771679
32 3 8498.091328
32 4 9053.633240
32 5 9240.855384
32 6 9220.152422
32 7 9218.550863
32 8 9234.442122
32 9 9249.672625
32 10 9263.477975
32 11 9277.265869
32 12 9291.166367
32 13 9305.073793
32 14 9318.972596
32 15 9332.870425
32 16 9346.768894
32 17 9360.667473
32 18 9374.566007
32 19 9388.464532
32 20 9402.363061
32 21 9416.261592
32 22 9430.160123
32 23 9444.058655
32 24 9457.957188
32 25 9471.855721
32 26 9485.754254
32 27 9499.652789
32 28 9513.551323
32 29 9527.449858
32 30 9541.348393
32 31 9555.246928
32 32 9569.145463
32 33 9583.043999
32 34 9596.942535
32 35 9610.841070
32 36 9624.739606
32 37 9638.638141
32 38 9652.536677
32 39 9666.435212
32 40 9680.333747
32 41 9694.232282
32 42 9708.130817
32 43 9722.029352
32 44 9735.927887
32 45 9749.826421
32 46 9763.724955
32 47 9777.623489
32 48 9791.522023
32 49 9805.420557
32 50 9819.319090
32 51 9833.217623
32 52 9847.116156
32 53 9861.014689
32 54 9874.913222
32 55 9888.811755
32 56 9902.710287
32 57 9916.608820
32 58 9930.507352
32 59 9944.405884
32 60 9958.304416
32 61 9972.202949
32 62 9986.101481
32 63 10000.000000
33 0 0.000000
33 1 18254.030140
33 2 10326.771690
33 3 8498.091337
33 4 9053.633250
33 5 9240.855393
33 6 9220.152431
33 7 9218.550872
33 8 9234.442130
33 9 9249.672634
33 10 9263.477984
33 11 9277.265877
33 12 9291.166375
33 13 9305.073801
33 14 9318.972604
33 15 9332.870432
33 16 9346.768901
33 17 9360.667480
33 18 9374.566014
33 19 9388.464539
33 20 9402.363068
33 21 9416.261598
33 22 9430.160129
33 23 9444.058661
33 24 9457.957193
33 25 9471.855726
33 26 9485.754260
33 27 9499.652794
33 28 9513.551328
33 29 9527.449863
33 30 9541.348398
33 31 9555.246933
33 32 9569.145468
33 33 9583.044003
33 34 9596.942539
33 35 9610.841074
33 36 9624.739609
33 37 9638.638145
33 38 9652.536680
33 39 9666.435215
33 40 9680.333750
33 41 9694.232285
33 42 9708.130820
33 43 9722.029355
33 44 9735.927889
33 45 9749.826423
33 46 9763.724957
33 47 9777.623491
33 48 9791.522025
33 49 9805.420558
33 50 9819.319092
33 51 9833.217625
33 52 9847.116158
33 53 9861.014691
33 54 9874.913223
33 55 9888.811756
33 56 9902.710288
33 57 9916.608820
33 58 9930.507353
33 59 9944.405885
33 60 9958.304417
33 61 9972.202949
33 62 9986.101481
33 63 10000.000000
34 0 0.000000
34 1 18254.030233
34 2 10326.771715
34 3 8498.091357
34 4 9053.633271
34 5 9240.855414
34 6 9220.152452
34 7 9218.550892
34 8 9234.442150
34 9 9249.672654
34 10 9263.478003
34 11 9277.265896
34 12 9291.166394
34 13 9305.073820
34 14 9318.972622
34 15 9332.870450
34 16 9346.768919
34 17 9360.667497
34 18 9374.566031
34 19 9388.464556
34 20 9402.363084
34 21 9416.261614
34 22 9430.160145
34 23 9444.058676
34 24 9457.957208
34 25 9471.855741
34 26 9485.754274
34 27 9499.652808
34 28 9513.551342
34 29 9527.449876
34 30 9541.348410
34 31 9555.246945
34 32 9569.145480
34 33 9583.044015
34 34 9596.942550
34 35 9610.841085
34 36 9624.739620
34 37 9638.638155
34 38 9652.536690
34 39 9666.435224
34 40 9680.333759
34 41 9694.232294
34 42 9708.130828
34 43 9722.029362
34 44 9735.927896
34 45 9749.826430
34 46 9763.724964
34 47 9777.623497
34 48 9791.522031
34 49 9805.420564
34 50 9819.319097
34 51 9833.217629
34 52 9847.116162
34 53 9861.014694
34 54 9874.913227
34 55 9888.811759
34 56 9902.710291
34 57 9916.608822
34 58 9930.507354
34 59 9944.405886
34 60 9958.304418
34 61 9972.202950
34 62 9986.101481
34 63 10000.000000
35 0 0.000000
35 1 18254.030382
35 2 10326.771752
35 3 8498.091386
35 4 9053.633303
35 5 9240.855447
35 6 9220.152484
35 7 9218.550924
35 8 9234.442182
35 9 9249.672685
35 10 9263.478034
35 11 9277.265926
35 12 9291.166424
35 13 9305.073849
35 14 9318.972651
35 15 9332.870479
35 16 9346.768947
35 17 9360.667525
35 18 9374.566059
35 19 9388.464582
35 20 9402.363110
35 21 9416.261640
35 22 9430.160170
35 23 9444.058701
35 24 9457.957232
35 25 9471.855764
35 26 9485.754297
35 27 9499.652830
35 28 9513.551363
35 29 9527.449897
35 30 9541.348431
35 31 9555.246965
35 32 9569.145499
35 33 9583.044033
35 34 9596.942568
35 35 9610.841102
35 36 9624.739636
35 37 9638.638171
35 38 9652.536705
35 39 9666.435239
35 40 9680.333773
35 41 9694.232307
35 42 9708.130841
35 43 9722.029375
35 44 9735.927908
35 45 9749.826441
35 46 9763.724974
35 47 9777.623507
35 48 9791.522040
35 49 9805.420572
35 50 9819.319104
35 51 9833.217637
35 52 9847.116168
35 53 9861.014700
35 54 9874.913232
35 55 9888.811763
35 56 9902.710295
35 57 9916.608826
35 58 9930.507357
35 59 9944.405888
35 60 9958.304419
35 61 9972.202951
35 62 9986.101481
35 63 10000.000000
36 0 0.000000
36 1 18254.030588
36 2 10326.771803
36 3 8498.091426
36 4 9053.633347
36 5 9240.855491
36 6 9220.152528
36 7 9218.550968
36 8 9234.442225
36 9 9249.672728
36 10 9263.478076
36 11 9277.265968
36 12 9291.166465
36 13 9305.073890
36 14 9318.972691
36 15 9332.870519
36 16 9346.768986
36 17 9360.667563
36 18 9374.566096
36 19 9388.464619
36 20 9402.363146
36 21 9416.261675
36 22 9430.160205
36 23 9444.058735
36 24 9457.957266
36 25 9471.855797
36 26 9485.754329
36 27 9499.652861
36 28 9513.551393
36 29 9527.449926
36 30 9541.348459
36 31 9555.246992
36 32 9569.145526
36 33 9583.044059
36 34 9596.942593
36 35 9610.841126
36 36 9624.739660
36 37 9638.638193
36 38 9652.536727
36 39 9666.435260
36 40 9680.333793
36 41 9694.232326
36 42 9708.130859
36 43 9722.029392
36 44 9735.927924
36 45 9749.826456
36 46 9763.724989
36 47 9777.623521
36 48 9791.522052
36 49 9805.420584
36 50 9819.319115
36 51 9833.217647
36 52 9847.116178
36 53 9861.014709
36 54 9874.913239
36 55 9888.811770
36 56 9902.710301
36 57 9916.608831
36 58 9930.507361
36 59 9944.405891
36 60 9958.304422
36 61 9972.202952
36 62 9986.101482
36 63 10000.000000
37 0 0.000000
37 1 18254.030851
37 2 10326.771866
37 3 8498.091476
37 4 9053.633403
37 5 9240.855547
37 6 9220.152583
37 7 9218.551023
37 8 9234.442279
37 9 9249.672782
37 10 9263.478129
37 11 9277.266021
37 12 9291.166518
37 13 9305.073941
37 14 9318.972742
37 15 9332.870569
37 16 9346.769035
37 17 9360.667612
37 18 9374.566144
37 19 9388.464666
37 20 9402.363193
37 21 9416.261721
37 22 9430.160249
37 23 9444.058778
37 24 9457.957308
37 25 9471.855838
37 26 9485.754369
37 27 9499.652900
37 28 9513.551432
37 29 9527.449963
37 30 9541.348495
37 31 9555.247028
37 32 9569.145560
37 33 9583.044092
37 34 9596.942625
37 35 9610.841157
37 36 9624.739689
37 37 9638.638222
37 38 9652.536754
37 39 9666.435286
37 40 9680.333818
37 41 9694.232350
37 42 9708.130882
37 43 9722.029414
37 44 9735.927945
37 45 9749.826476
37 46 9763.725007
37 47 9777.623538
37 48 9791.522069
37 49 9805.420599
37 50 9819.319129
37 51 9833.217660
37 52 9847.116190
37 53 9861.014719
37 54 9874.913249
37 55 9888.811779
37 56 9902.710308
37 57 9916.608837
37 58 9930.507366
37 59 9944.405896
37 60 9958.304425
37 61 9972.202954
37 62 9986.101483
37 63 10000.000000
38 0 0.000000
38 1 18254.031172
38 2 10326.771943
38 3 8498.091537
38 4 9053.633471
38 5 9240.855615
38 6 9220.152650
38 7 9218.551089
38 8 9234.442346
38 9 9249.672847
38 10 9263.478194
38 11 9277.266085
38 12 9291.166581
38 13 9305.074004
38 14 9318.972804
38 15 9332.870630
38 16 9346.769095
38 17 9360.667671
38 18 9374.566202
38 19 9388.464724
38 20 9402.363249
38 21 9416.261776
38 22 9430.160303
38 23 9444.058831
38 24 9457.957360
38 25 9471.855889
38 26 9485.754418
38 27 9499.652948
38 28 9513.551478
38 29 9527.450009
38 30 9541.348540
38 31 9555.247070
38 32 9569.145601
38 33 9583.044132
38 34 9596.942663
38 35 9610.841195
38 36 9624.739726
38 37 9638.638257
38 38 9652.536788
38 39 9666.435318
38 40 9680.333849
38 41 9694.232380
38 42 9708.130910
38 43 9722.029440
38 44 9735.927970
38 45 9749.826500
38 46 9763.725030
38 47 9777.623559
38 48 9791.522089
38 49 9805.420618
38 50 9819.319147
38 51 9833.217675
38 52 9847.116204
38 53 9861.014732
38 54 9874.913261
38 55 9888.811789
38 56 9902.710317
38 57 9916.608845
38 58 9930.507373
38 59 9944.405900
38 60 9958.304428
38 61 9972.202956
38 62 9986.101484
38 63 10000.000000
39 0 0.000000
39 1 18254.031551
39 2 10326.772033
39 3 8498.091609
39 4 9053.633550
39 5 9240.855695
39 6 9220.152729
39 7 9218.551168
39 8 9234.442424
39 9 9249.672924
39 10 9263.478271
39 11 9277.266161
39 12 9291.166656
39 13 9305.074078
39 14 9318.972877
39 15 9332.870702
39 16 9346.769166
39 17 9360.667741
39 18 9374.566271
39 19 9388.464791
39 20 9402.363315
39 21 9416.261841
39 22 9430.160367
39 23 9444.058893
39 24 9457.957421
39 25 9471.855948
39 26 9485.754476
39 27 9499.653005
39 28 9513.551533
39 29 9527.450062
39 30 9541.348592
39 31 9555.247121
39 32 9569.145650
39 33 9583.044180
39 34 9596.942709
39 35 9610.841239
39 36 9624.739768
39 37 9638.638298
39 38 9652.536827
39 39 9666.435356
39 40 9680.333885
39 41 9694.232414
39 42 9708.130943
39 43 9722.029472
39 44 9735.928000
39 45 9749.826528
39 46 9763.725056
39 47 9777.623584
39 48 9791.522112
39 49 9805.420639
39 50 9819.319167
39 51 9833.217694
39 52 9847.116221
39 53 9861.014748
39 54 9874.913274
39 55 9888.811801
39 56 9902.710328
39 57 9916.608854
39 58 9930.507380
39 59 9944.405906
39 60 9958.304432
39 61 9972.202959
39 62 9986.101485
39 63 10000.000000
40 0 0.000000
40 1 18254.031988
40 2 10326.772138
40 3 8498.091691
40 4 9053.633642
40 5 9240.855788
40 6 9220.152821
40 7 9218.551259
40 8 9234.442513
40 9 9249.673013
40 10 9263.478359
40 11 9277.266248
40 12 9291.166742
40 13 9305.074163
40 14 9318.972961
40 15 9332.870785
40 16 9346.769248
40 17 9360.667821
40 18 9374.566350
40 19 9388.464869
40 20 9402.363391
40 21 9416.261915
40 22 9430.160440
40 23 9444.058965
40 24 9457.957491
40 25 9471.856017
40 26 9485.754543
40 27 9499.653070
40 28 9513.551597
40 29 9527.450124
40 30 9541.348652
40 31 9555.247179
40 32 9569.145707
40 33 9583.044234
40 34 9596.942762
40 35 9610.841290
40 36 9624.739817
40 37 9638.638345
40 38 9652.536872
40 39 9666.435400
40 40 9680.333927
40 41 9694.232454
40 42 9708.130981
40 43 9722.029508
40 44 9735.928034
40 45 9749.826561
40 46 9763.725087
40 47 9777.623613
40 48 9791.522139
40 49 9805.420664
40 50 9819.319190
40 51 9833.217715
40 52 9847.116240
40 53 9861.014765
40 54 9874.913290
40 55 9888.811815
40 56 9902.710340
40 57 9916.608864
40 58 9930.507389
40 59 9944.405913
40 60 9958.304437
40 61 9972.202962
40 62 9986.101486
40 63 10000.000000
41 0 0.000000
41 1 18254.032485
41 2 10326.772256
41 3 8498.091784
41 4 9053.633746
41 5 9240.855892
41 6 9220.152925
41 7 9218.551361
41 8 9234.442616
41 9 9249.673115
41 10 9263.478459
41 11 9277.266347
41 12 9291.166840
41 13 9305.074260
41 14 9318.973057
41 15 9332.870879
41 16 9346.769341
41 17 9360.667913
41 18 9374.566440
41 19 9388.464957
41 20 9402.363478
41 21 9416.262000
41 22 9430.160523
41 23 9444.059047
41 24 9457.957570
41 25 9471.856094
41 26 9485.754619
41 27 9499.653144
41 28 9513.551669
41 29 9527.450194
41 30 9541.348720
41 31 9555.247245
41 32 9569.145771
41 33 9583.044296
41 34 9596.942822
41 35 9610.841347
41 36 9624.739873
41 37 9638.638399
41 38 9652.536924
41 39 9666.435449
41 40 9680.333974
41 41 9694.232499
41 42 9708.131024
41 43 9722.029549
41 44 9735.928073
41 45 9749.826597
41 46 9763.725122
41 47 9777.623646
41 48 9791.522169
41 49 9805.420693
41 50 9819.319216
41 51 9833.217739
41 52 9847.116263
41 53 9861.014785
41 54 9874.913308
41 55 9888.811831
41 56 9902.710354
41 57 9916.608876
41 58 9930.507398
41 59 9944.405921
41 60 9958.304443
41 61 9972.202966
41 62 9986.101487
41 63 10000.000000
42 0 0.000000
42 1 18254.033041
42 2 10326.772388
42 3 8498.091889
42 4 9053.633863
42 5 9240.856010
42 6 9220.153041
42 7 9218.551477
42 8 9234.442730
42 9 9249.673228
42 10 9263.478572
42 11 9277.266459
42 12 9291.166950
42 13 9305.074369
42 14 9318.973164
42 15 9332.870985
42 16 9346.769445
42 17 9360.668015
42 18 9374.566541
42 19 9388.465056
42 20 9402.363575
42 21 9416.262095
42 22 9430.160616
42 23 9444.059138
42 24 9457.957659
42 25 9471.856181
42 26 9485.754704
42 27 9499.653226
42 28 9513.551749
42 29 9527.450272
42 30 9541.348795
42 31 9555.247319
42 32 9569.145842
42 33 9583.044365
42 34 9596.942889
42 35 9610.841412
42 36 9624.739935
42 37 9638.638458
42 38 9652.536981
42 39 9666.435504
42 40 9680.334027
42 41 9694.232550
42 42 9708.131072
42 43 9722.029594
42 44 9735.928116
42 45 9749.826638
42 46 9763.725160
42 47 9777.623682
42 48 9791.522203
42 49 9805.420724
42 50 9819.319245
42 51 9833.217766
42 52 9847.116287
42 53 9861.014808
42 54 9874.913328
42 55 9888.811849
42 56 9902.710369
42 57 9916.608889
42 58 9930.507409
42 59 9944.405929
42 60 9958.304449
42 61 9972.202969
42 62 9986.101489
42 63 10000.000000
43 0 0.000000
43 1 18254.033658
43 2 10326.772536
43 3 8498.092006
43 4 9053.633993
43 5 9240.856140
43 6 9220.153170
43 7 9218.551605
43 8 9234.442857
43 9 9249.673354
43 10 9263.478696
43 11 9277.266582
43 12 9291.167072
43 13 9305.074489
43 14 9318.973283
43 15 9332.871102
43 16 9346.769560
43 17 9360.668128
43 18 9374.566652
43 19 9388.465165
43 20 9402.363682
43 21 9416.262201
43 22 9430.160719
43 23 9444.059238
43 24 9457.957758
43 25 9471.856277
43 26 9485.754797
43 27 9499.653318
43 28 9513.551838
43 29 9527.450359
43 30 9541.348879
43 31 9555.247400
43 32 9569.145921
43 33 9583.044442
43 34 9596.942962
43 35 9610.841483
43 36 9624.740004
43 37 9638.638524
43 38 9652.537045
43 39 9666.435565
43 40 9680.334085
43 41 9694.232605
43 42 9708.131125
43 43 9722.029645
43 44 9735.928164
43 45 9749.826684
43 46 9763.725203
43 47 9777.623722
43 48 9791.522241
43 49 9805.420759
43 50 9819.319278
43 51 9833.217796
43 52 9847.116314
43 53 9861.014832
43 54 9874.913350
43 55 9888.811868
43 56 9902.710386
43 57 9916.608903
43 58 9930.507421
43 59 9944.405938
43 60 9958.304456
43 61 9972.202974
43 62 9986.101491
43 63 10000.000000
44 0 0.000000
44 1 18254.034337
44 2 10326.772698
44 3 8498.092134
44 4 9053.634136
44 5 9240.856284
44 6 9220.153312
44 7 9218.551746
44 8 9234.442997
44 9 9249.673493
44 10 9263.478834
44 11 9277.266718
44 12 9291.167206
44 13 9305.074621
44 14 9318.973413
44 15 9332.871230
44 16 9346.769687
44 17 9360.668253
44 18 9374.566774
44 19 9388.465285
44 20 9402.363800
44 21 9416.262316
44 22 9430.160832
44 23 9444.059349
44 24 9457.957866
44 25 9471.856383
44 26 9485.754900
44 27 9499.653418
44 28 9513.551936
44 29 9527.450453
44 30 9541.348971
44 31 9555.247489
44 32 9569.146007
44 33 9583.044525
44 34 9596.943043
44 35 9610.841561
44 36 9624.740079
44 37 9638.638596
44 38 9652.537114
44 39 9666.435631
44 40 9680.334149
44 41 9694.232666
44 42 9708.131183
44 43 9722.029700
44 44 9735.928216
44 45 9749.826733
44 46 9763.725249
44 47 9777.623765
44 48 9791.522281
44 49 9805.420797
44 50 9819.319313
44 51 9833.217829
44 52 9847.116344
44 53 9861.014859
44 54 9874.913374
44 55 9888.811889
44 56 9902.710404
44 57 9916.608919
44 58 9930.507434
44 59 9944.405949
44 60 9958.304463
44 61 9972.202978
44 62 9986.101493
44 63 10000.000000
45 0 0.000000
45 1 18254.035078
45 2 10326.772876
45 3 8498.092274
45 4 9053.634293
45 5 9240.856442
45 6 9220.153468
45 7 9218.551901
45 8 9234.443150
45 9 9249.673644
45 10 9263.478984
45 11 9277.266866
45 12 9291.167353
45 13 9305.074766
45 14 9318.973556
45 15 9332.871371
45 16 9346.769825
45 17 9360.668389
45 18 9374.566908
45 19 9388.465416
45 20 9402.363928
45 21 9416.262442
45 22 9430.160956
45 23 9444.059469
45 24 9457.957983
45 25 9471.856498
45 26 9485.755012
45 27 9499.653527
45 28 9513.552042
45 29 9527.450556
45 30 9541.349071
45 31 9555.247586
45 32 9569.146101
45 33 9583.044616
45 34 9596.943131
45 35 9610.841646
45 36 9624.740160
45 37 9638.638675
45 38 9652.537189
45 39 9666.435704
45 40 9680.334218
45 41 9694.232732
45 42 9708.131246
45 43 9722.029759
45 44 9735.928273
45 45 9749.826786
45 46 9763.725300
45 47 9777.623813
45 48 9791.522326
45 49 9805.420839
45 50 9819.319351
45 51 9833.217864
45 52 9847.116376
45 53 9861.014888
45 54 9874.913400
45 55 9888.811912
45 56 9902.710424
45 57 9916.608936
45 58 9930.507448
45 59 9944.405960
45 60 9958.304471
45 61 9972.202983
45 62 9986.101495
45 63 10000.000000
46 0 0.000000
46 1 18254.035882
46 2 10326.773071
46 3 8498.092428
46 4 9053.634464
46 5 9240.856614
46 6 9220.153638
46 7 9218.552069
46 8 9234.443317
46 9 9249.673810
46 10 9263.479147
46 11 9277.267027
46 12 9291.167512
46 13 9305.074923
46 14 9318.973711
46 15 9332.871523
46 16 9346.769975
46 17 9360.668537
46 18 9374.567053
46 19 9388.465559
46 20 9402.364068
46 21 9416.262578
46 22 9430.161089
46 23 9444.059600
46 24 9457.958111
46 25 9471.856622
46 26 9485.755133
46 27 9499.653645
46 28 9513.552156
46 29 9527.450668
46 30 9541.349179
46 31 9555.247691
46 32 9569.146203
46 33 9583.044714
46 34 9596.943226
46 35 9610.841737
46 36 9624.740248
46 37 9638.638759
46 38 9652.537271
46 39 9666.435781
46 40 9680.334292
46 41 9694.232803
46 42 9708.131314
46 43 9722.029824
46 44 9735.928334
46 45 9749.826844
46 46 9763.725354
46 47 9777.623864
46 48 9791.522373
46 49 9805.420883
46 50 9819.319392
46 51 9833.217902
46 52 9847.116411
46 53 9861.014920
46 54 9874.913428
46 55 9888.811937
46 56 9902.710446
46 57 9916.608954
46 58 9930.507463
46 59 9944.405971
46 60 9958.304480
46 61 9972.202989
46 62 9986.101497
46 63 10000.000000
47 0 0.000000
47 1 18254.036751
47 2 10326.773281
47 3 8498.092594
47 4 9053.634650
47 5 9240.856800
47 6 9220.153822
47 7 9218.552251
47 8 9234.443498
47 9 9249.673988
47 10 9263.479324
47 11 9277.267202
47 12 9291.167685
47 13 9305.075093
47 14 9318.973878
47 15 9332.871688
47 16 9346.770137
47 17 9360.668696
47 18 9374.567209
47 19 9388.465712
47 20 9402.364218
47 21 9416.262726
47 22 9430.161233
47 23 9444.059740
47 24 9457.958248
47 25 9471.856756
47 26 9485.755264
47 27 9499.653772
47 28 9513.552280
47 29 9527.450788
47 30 9541.349296
47 31 9555.247804
47 32 9569.146312
47 33 9583.044820
47 34 9596.943327
47 35 9610.841835
47 36 9624.740343
47 37 9638.638850
47 38 9652.537358
47 39 9666.435865
47 40 9680.334372
47 41 9694.232879
47 42 9708.131386
47 43 9722.029893
47 44 9735.928400
47 45 9749.826906
47 46 9763.725412
47 47 9777.623919
47 48 9791.522425
47 49 9805.420931
47 50 9819.319436
47 51 9833.217942
47 52 9847.116448
47 53 9861.014953
47 54 9874.913458
47 55 9888.811964
47 56 9902.710469
47 57 9916.608974
47 58 9930.507479
47 59 9944.405984
47 60 9958.304489
47 61 9972.202994
47 62 9986.101499
47 63 10000.000000
48 0 0.000000
48 1 18254.037685
48 2 10326.773509
48 3 8498.092773
48 4 9053.634850
48 5 9240.857001
48 6 9220.154021
48 7 9218.552448
48 8 9234.443693
48 9 9249.674181
48 10 9263.479514
48 11 9277.267390
48 12 9291.167870
48 13 9305.075276
48 14 9318.974059
48 15 9332.871866
48 16 9346.770312
48 17 9360.668867
48 18 9374.567377
48 19 9388.465877
48 20 9402.364380
48 21 9416.262884
48 22 9430.161388
48 23 9444.059891
48 24 9457.958395
48 25 9471.856900
48 26 9485.755404
48 27 9499.653908
48 28 9513.552412
48 29 9527.450916
48 30 9541.349420
48 31 9555.247924
48 32 9569.146428
48 33 9583.044932
48 34 9596.943436
48 35 9610.841940
48 36 9624.740444
48 37 9638.638947
48 38 9652.537451
48 39 9666.435954
48 40 9680.334458
48 41 9694.232961
48 42 9708.131464
48 43 9722.029967
48 44 9735.928469
48 45 9749.826972
48 46 9763.725474
48 47 9777.623977
48 48 9791.522479
48 49 9805.420981
48 50 9819.319483
48 51 9833.217985
48 52 9847.116487
48 53 9861.014989
48 54 9874.913490
48 55 9888.811992
48 56 9902.710493
48 57 9916.608995
48 58 9930.507496
48 59 9944.405998
48 60 9958.304499
48 61 9972.203000
48 62 9986.101502
48 63 10000.000000
49 0 0.000000
49 1 18254.038686
49 2 10326.773755
49 3 8498.092967
49 4 9053.635066
49 5 9240.857217
49 6 9220.154235
49 7 9218.552660
49 8 9234.443902
49 9 9249.674388
49 10 9263.479719
49 11 9277.267592
49 12 9291.168070
49 13 9305.075473
49 14 9318.974252
49 15 9332.872056
49 16 9346.770499
49 17 9360.669051
49 18 9374.567558
49 19 9388.466053
49 20 9402.364553
49 21 9416.263053
49 22 9430.161553
49 23 9444.060053
49 24 9457.958553
49 25 9471.857053
49 26 9485.755553
49 27 9499.654053
49 28 9513.552553
49 29 9527.451053
49 30 9541.349553
49 31 9555.248053
49 32 9569.146553
49 33 9583.045053
49 34 9596.943552
49 35 9610.842052
49 36 9624.740551
49 37 9638.639051
49 38 9652.537550
49 39 9666.436049
49 40 9680.334548
49 41 9694.233047
49 42 9708.131546
49 43 9722.030045
49 44 9735.928543
49 45 9749.827042
49 46 9763.725540
49 47 9777.624039
49 48 9791.522537
49 49 9805.421035
49 50 9819.319533
49 51 9833.218031
49 52 9847.116529
49 53 9861.015027
49 54 9874.913524
49 55 9888.812022
49 56 9902.710519
49 57 9916.609017
49 58 9930.507514
49 59 9944.406012
49 60 9958.304509
49 61 9972.203007
49 62 9986.101504
49 63 10000.000000
50 0 0.000000
50 1 18254.039755
50 2 10326.774018
50 3 8498.093175
50 4 9053.635298
50 5 9240.857450
50 6 9220.154464
50 7 9218.552887
50 8 9234.444127
50 9 9249.674610
50 10 9263.479939
50 11 9277.267809
50 12 9291.168283
50 13 9305.075683
50 14 9318.974459
50 15 9332.872259
50 16 9346.770699
50 17 9360.669247
50 18 9374.567750
50 19 9388.466242
50 20 9402.364737
50 21 9416.263233
50 22 9430.161729
50 23 9444.060225
50 24 9457.958721
50 25 9471.857216
50 26 9485.755712
50 27 9499.654208
50 28 9513.552703
50 29 9527.451199
50 30 9541.349694
50 31 9555.248190
50 32 9569.146685
50 33 9583.045180
50 34 9596.943675
50 35 9610.842170
50 36 9624.740665
50 37 9638.639160
50 38 9652.537655
50 39 9666.436150
50 40 9680.334644
50 41 9694.233139
50 42 9708.131633
50 43 9722.030128
50 44 9735.928622
50 45 9749.827116
50 46 9763.725610
50 47 9777.624104
50 48 9791.522598
50 49 9805.421092
50 50 9819.319586
50 51 9833.218079
50 52 9847.116573
50 53 9861.015066
50 54 9874.913560
50 55 9888.812053
50 56 9902.710547
50 57 9916.609040
50 58 9930.507534
50 59 9944.406027
50 60 9958.304520
50 61 9972.203014
50 62 9986.101507
50 63 10000.000000
51 0 0.000000
51 1 18254.040893
51 2 10326.774301
51 3 8498.093397
51 4 9053.635546
51 5 9240.857698
51 6 9220.154710
51 7 9218.553130
51 8 9234.444367
51 9 9249.674848
51 10 9263.480173
51 11 9277.268040
51 12 9291.168511
51 13 9305.075907
51 14 9318.974679
51 15 9332.872476
51 16 9346.770912
51 17 9360.669456
51 18 9374.567955
51 19 9388.466442
51 20 9402.364933
51 21 9416.263425
51 22 9430.161916
51 23 9444.060407
51 24 9457.958899
51 25 9471.857390
51 26 9485.755881
51 27 9499.654372
51 28 9513.552862
51 29 9527.451353
51 30 9541.349844
51 31 9555.248334
51 32 9569.146825
51 33 9583.045315
51 34 9596.943805
51 35 9610.842296
51 36 9624.740786
51 37 9638.639276
51 38 9652.537766
51 39 9666.436256
51 40 9680.334746
51 41 9694.233235
51 42 9708.131725
51 43 9722.030215
51 44 9735.928704
51 45 9749.827194
51 46 9763.725683
51 47 9777.624173
51 48 9791.522662
51 49 9805.421152
51 50 9819.319641
51 51 9833.218130
51 52 9847.116619
51 53 9861.015108
51 54 9874.913598
51 55 9888.812087
51 56 9902.710576
51 57 9916.609065
51 58 9930.507554
51 59 9944.406043
51 60 9958.304532
51 61 9972.203021
51 62 9986.101510
51 63 10000.000000
52 0 0.000000
52 1 18254.042102
52 2 10326.774603
52 3 8498.093635
52 4 9053.635811
52 5 9240.857964
52 6 9220.154972
52 7 9218.553389
52 8 9234.444623
52 9 9249.675101
52 10 9263.480423
52 11 9277.268286
52 12 9291.168753
52 13 9305.076146
52 14 9318.974914
52 15 9332.872707
52 16 9346.771138
52 17 9360.669678
52 18 9374.568172
52 19 9388.466655
52 20 9402.365141
52 21 9416.263628
52 22 9430.162115
52 23 9444.060601
52 24 9457.959087
52 25 9471.857573
52 26 9485.756059
52 27 9499.654545
52 28 9513.553031
52 29 9527.451516
52 30 9541.350002
52 31 9555.248487
52 32 9569.146972
52 33 9583.045458
52 34 9596.943943
52 35 9610.842428
52 36 9624.740913
52 37 9638.639398
52 38 9652.537883
52 39 9666.436368
52 40 9680.334852
52 41 9694.233337
52 42 9708.131822
52 43 9722.030307
52 44 9735.928791
52 45 9749.827276
52 46 9763.725761
52 47 9777.624245
52 48 9791.522730
52 49 9805.421214
52 50 9819.319699
52 51 9833.218183
52 52 9847.116668
52 53 9861.015153
52 54 9874.913637
52 55 9888.812122
52 56 9902.710606
52 57 9916.609091
52 58 9930.507575
52 59 9944.406059
52 60 9958.304544
52 61 9972.203028
52 62 9986.101513
52 63 10000.000000
53 0 0.000000
53 1 18254.043383
53 2 10326.774926
53 3 8498.093889
53 4 9053.636094
53 5 9240.858247
53 6 9220.155251
53 7 9218.553665
53 8 9234.444896
53 9 9249.675370
53 10 9263.480688
53 11 9277.268548
53 12 9291.169011
53 13 9305.076400
53 14 9318.975164
53 15 9332.872952
53 16 9346.771378
53 17 9360.669913
53 18 9374.568403
53 19 9388.466881
53 20 9402.365362
53 21 9416.263844
53 22 9430.162325
53 23 9444.060806
53 24 9457.959287
53 25 9471.857767
53 26 9485.756248
53 27 9499.654728
53 28 9513.553208
53 29 9527.451688
53 30 9541.350168
53 31 9555.248648
53 32 9569.147128
53 33 9583.045608
53 34 9596.944087
53 35 9610.842567
53 36 9624.741046
53 37 9638.639526
53 38 9652.538005
53 39 9666.436485
53 40 9680.334964
53 41 9694.233444
53 42 9708.131923
53 43 9722.030403
53 44 9735.928882
53 45 9749.827362
53 46 9763.725841
53 47 9777.624321
53 48 9791.522800
53 49 9805.421280
53 50 9819.319760
53 51 9833.218239
53 52 9847.116719
53 53 9861.015199
53 54 9874.913678
53 55 9888.812158
53 56 9902.710638
53 57 9916.609117
53 58 9930.507597
53 59 9944.406077
53 60 9958.304557
53 61 9972.203036
53 62 9986.101516
53 63 10000.000000
54 0 0.000000
54 1 18254.044738
54 2 10326.775270
54 3 8498.094159
54 4 9053.636395
54 5 9240.858549
54 6 9220.155548
54 7 9218.553959
54 8 9234.445186
54 9 9249.675656
54 10 9263.480970
54 11 9277.268826
54 12 9291.169285
54 13 9305.076669
54 14 9318.975428
54 15 9332.873211
54 16 9346.771632
54 17 9360.670162
54 18 9374.568647
54 19 9388.467119
54 20 9402.365595
54 21 9416.264071
54 22 9430.162547
54 23 9444.061022
54 24 9457.959497
54 25 9471.857972
54 26 9485.756447
54 27 9499.654921
54 28 9513.553395
54 29 9527.451870
54 30 9541.350344
54 31 9555.248818
54 32 9569.147291
54 33 9583.045765
54 34 9596.944239
54 35 9610.842713
54 36 9624.741187
54 37 9638.639660
54 38 9652.538134
54 39 9666.436608
54 40 9680.335082
54 41 9694.233556
54 42 9708.132030
54 43 9722.030504
54 44 9735.928978
54 45 9749.827452
54 46 9763.725926
54 47 9777.624400
54 48 9791.522874
54 49 9805.421349
54 50 9819.319823
54 51 9833.218297
54 52 9847.116772
54 53 9861.015247
54 54 9874.913721
54 55 9888.812196
54 56 9902.710671
54 57 9916.609145
54 58 9930.507620
54 59 9944.406095
54 60 9958.304570
54 61 9972.203044
54 62 9986.101519
54 63 10000.000000
55 0 0.000000
55 1 18254.046167
55 2 10326.775635
55 3 8498.094446
55 4 9053.636715
55 5 9240.858869
55 6 9220.155864
55 7 9218.554270
55 8 9234.445494
55 9 9249.675960
55 10 9263.481269
55 11 9277.269120
55 12 9291.169574
55 13 9305.076953
55 14 9318.975707
55 15 9332.873485
55 16 9346.771901
55 17 9360.670426
55 18 9374.568904
55 19 9388.467371
55 20 9402.365841
55 21 9416.264311
55 22 9430.162781
55 23 9444.061250
55 24 9457.959719
55 25 9471.858188
55 26 9485.756656
55 27 9499.655124
55 28 9513.553592
55 29 9527.452060
55 30 9541.350528
55 31 9555.248995
55 32 9569.147463
55 33 9583.045931
55 34 9596.944398
55 35 9610.842866
55 36 9624.741333
55 37 9638.639801
55 38 9652.538269
55 39 9666.436737
55 40 9680.335204
55 41 9694.233672
55 42 9708.132140
55 43 9722.030609
55 44 9735.929077
55 45 9749.827545
55 46 9763.726014
55 47 9777.624482
55 48 9791.522951
55 49 9805.421420
55 50 9819.319889
55 51 9833.218358
55 52 9847.116827
55 53 9861.015296
55 54 9874.913766
55 55 9888.812235
55 56 9902.710705
55 57 9916.609174
55 58 9930.507644
55 59 9944.406114
55 60 9958.304583
55 61 9972.203053
55 62 9986.101523
55 63 10000.000000
56 0 0.000000
56 1 18254.047674
56 2 10326.776023
56 3 8498.094751
56 4 9053.637054
56 5 9240.859209
56 6 9220.156198
56 7 9218.554600
56 8 9234.445820
56 9 9249.676281
56 10 9263.481586
56 11 9277.269432
56 12 9291.169881
56 13 9305.077254
56 14 9318.976003
56 15 9332.873775
56 16 9346.772185
56 17 9360.670704
56 18 9374.569176
56 19 9388.467637
56 20 9402.366100
56 21 9416.264564
56 22 9430.163027
56 23 9444.061490
56 24 9457.959952
56 25 9471.858414
56 26 9485.756876
56 27 9499.655337
56 28 9513.553798
56 29 9527.452260
56 30 9541.350721
56 31 9555.249182
56 32 9569.147643
56 33 9583.046104
56 34 9596.944565
56 35 9610.843026
56 36 9624.741487
56 37 9638.639948
56 38 9652.538409
56 39 9666.436871
56 40 9680.335332
56 41 9694.233794
56 42 9708.132256
56 43 9722.030718
56 44 9735.929180
56 45 9749.827643
56 46 9763.726105
56 47 9777.624568
56 48 9791.523031
56 49 9805.421494
56 50 9819.319957
56 51 9833.218421
56 52 9847.116885
56 53 9861.015348
56 54 9874.913812
56 55 9888.812276
56 56 9902.710740
56 57 9916.609204
56 58 9930.507669
56 59 9944.406133
56 60 9958.304598
56 61 9972.203062
56 62 9986.101526
56 63 10000.000000
57 0 0.000000
57 1 18254.049258
57 2 10326.776435
57 3 8498.095074
57 4 9053.637414
57 5 9240.859568
57 6 9220.156553
57 7 9218.554950
57 8 9234.446164
57 9 9249.676621
57 10 9263.481921
57 11 9277.269761
57 12 9291.170204
57 13 9305.077572
57 14 9318.976315
57 15 9332.874081
57 16 9346.772485
57 17 9360.670997
57 18 9374.569462
57 19 9388.467916
57 20 9402.366373
57 21 9416.264830
57 22 9430.163286
57 23 9444.061742
57 24 9457.960197
57 25 9471.858652
57 26 9485.757106
57 27 9499.655561
57 28 9513.554015
57 29 9527.452469
57 30 9541.350923
57 31 9555.249377
57 32 9569.147831
57 33 9583.046284
57 34 9596.944738
57 35 9610.843193
57 36 9624.741647
57 37 9638.640101
57 38 9652.538556
57 39 9666.437011
57 40 9680.335466
57 41 9694.233921
57 42 9708.132376
57 43 9722.030832
57 44 9735.929288
57 45 9749.827744
57 46 9763.726200
57 47 9777.624657
57 48 9791.523114
57 49 9805.421571
57 50 9819.320029
57 51 9833.218486
57 52 9847.116944
57 53 9861.015402
57 54 9874.913860
57 55 9888.812319
57 56 9902.710777
57 57 9916.609236
57 58 9930.507694
57 59 9944.406153
57 60 9958.304612
57 61 9972.203071
57 62 9986.101530
57 63 10000.000000
58 0 0.000000
58 1 18254.050923
58 2 10326.776870
58 3 8498.095416
58 4 9053.637794
58 5 9240.859949
58 6 9220.156927
58 7 9218.555319
58 8 9234.446529
58 9 9249.676980
58 10 9263.482274
58 11 9277.270108
58 12 9291.170546
58 13 9305.077907
58 14 9318.976643
58 15 9332.874402
58 16 9346.772799
58 17 9360.671305
58 18 9374.569763
58 19 9388.468210
58 20 9402.366659
58 21 9416.265109
58 22 9430.163558
58 23 9444.062006
58 24 9457.960453
58 25 9471.858901
58 26 9485.757348
58 27 9499.655794
58 28 9513.554241
58 29 9527.452687
58 30 9541.351134
58 31 9555.249580
58 32 9569.148027
58 33 9583.046473
58 34 9596.944920
58 35 9610.843366
58 36 9624.741813
58 37 9638.640261
58 38 9652.538708
58 39 9666.437156
58 40 9680.335604
58 41 9694.234052
58 42 9708.132501
58 43 9722.030950
58 44 9735.929399
58 45 9749.827849
58 46 9763.726299
58 47 9777.624749
58 48 9791.523200
58 49 9805.421651
58 50 9819.320102
58 51 9833.218553
58 52 9847.117005
58 53 9861.015457
58 54 9874.913910
58 55 9888.812362
58 56 9902.710815
58 57 9916.609268
58 58 9930.507721
58 59 9944.406174
58 60 9958.304627
58 61 9972.203080
58 62 9986.101534
58 63 10000.000000
59 0 0.000000
59 1 18254.052666
59 2 10326.777329
59 3 8498.095776
59 4 9053.638194
59 5 9240.860349
59 6 9220.157320
59 7 9218.555707
59 8 9234.446911
59 9 9249.677356
59 10 9263.482644
59 11 9277.270473
59 12 9291.170903
59 13 9305.078258
59 14 9318.976987
59 15 9332.874739
59 16 9346.773129
59 17 9360.671627
59 18 9374.570078
59 19 9388.468517
59 20 9402.366958
59 21 9416.265400
59 22 9430.163841
59 23 9444.062281
59 24 9457.960721
59 25 9471.859160
59 26 9485.757599
59 27 9499.656037
59 28 9513.554476
59 29 9527.452914
59 30 9541.351353
59 31 9555.249791
59 32 9569.148229
59 33 9583.046668
59 34 9596.945107
59 35 9610.843546
59 36 9624.741985
59 37 9638.640425
59 38 9652.538865
59 39 9666.437305
59 40 9680.335746
59 41 9694.234187
59 42 9708.132629
59 43 9722.031071
59 44 9735.929513
59 45 9749.827956
59 46 9763.726400
59 47 9777.624843
59 48 9791.523287
59 49 9805.421732
59 50 9819.320177
59 51 9833.218622
59 52 9847.117068
59 53 9861.015514
59 54 9874.913960
59 55 9888.812407
59 56 9902.710853
59 57 9916.609301
59 58 9930.507748
59 59 9944.406195
59 60 9958.304643
59 61 9972.203090
59 62 9986.101538
59 63 10000.000000
60 0 0.000000
60 1 18254.054495
60 2 10326.777816
60 3 8498.096158
60 4 9053.638619
60 5 9240.860774
60 6 9220.157738
60 7 9218.556119
60 8 9234.447317
60 9 9249.677756
60 10 9263.483037
60 11 9277.270859
60 12 9291.171282
60 13 9305.078630
60 14 9318.977351
60 15 9332.875096
60 16 9346.773478
60 17 9360.671967
60 18 9374.570410
60 19 9388.468841
60 20 9402.367274
60 21 9416.265707
60 22 9430.164140
60 23 9444.062571
60 24 9457.961002
60 25 9471.859433
60 26 9485.757863
60 27 9499.656293
60 28 9513.554723
60 29 9527.453153
60 30 9541.351583
60 31 9555.250013
60 32 9569.148443
60 33 9583.046873
60 34 9596.945304
60 35 9610.843735
60 36 9624.742166
60 37 9638.640598
60 38 9652.539030
60 39 9666.437462
60 40 9680.335895
60 41 9694.234329
60 42 9708.132763
60 43 9722.031198
60 44 9735.929633
60 45 9749.828069
60 46 9763.726505
60 47 9777.624942
60 48 9791.523379
60 49 9805.421817
60 50 9819.320255
60 51 9833.218694
60 52 9847.117133
60 53 9861.015573
60 54 9874.914013
60 55 9888.812453
60 56 9902.710894
60 57 9916.609335
60 58 9930.507776
60 59 9944.406217
60 60 9958.304659
60 61 9972.203099
60 62 9986.101541
60 63 10000.000000
61 0 0.000000
61 1 18254.056462
61 2 10326.778368
61 3 8498.096592
61 4 9053.639100
61 5 9240.861255
61 6 9220.158211
61 7 9218.556585
61 8 9234.447777
61 9 9249.678209
61 10 9263.483483
61 11 9277.271297
61 12 9291.171712
61 13 9305.079052
61 14 9318.977765
61 15 9332.875501
61 16 9346.773874
61 17 9360.672355
61 18 9374.570789
61 19 9388.469210
61 20 9402.367634
61 21 9416.266058
61 22 9430.164481
61 23 9444.062903
61 24 9457.961324
61 25 9471.859745
61 26 9485.758166
61 27 9499.656586
61 28 9513.555006
61 29 9527.453427
61 30 9541.351847
61 31 9555.250267
61 32 9569.148688
61 33 9583.047109
61 34 9596.945530
61 35 9610.843951
61 36 9624.742373
61 37 9638.640796
61 38 9652.539219
61 39 9666.437643
61 40 9680.336067
61 41 9694.234492
61 42 9708.132918
61 43 9722.031344
61 44 9735.929771
61 45 9749.828198
61 46 9763.726627
61 47 9777.625055
61 48 9791.523485
61 49 9805.421915
61 50 9819.320346
61 51 9833.218777
61 52 9847.117209
61 53 9861.015641
61 54 9874.914074
61 55 9888.812507
61 56 9902.710940
61 57 9916.609374
61 58 9930.507808
61 59 9944.406243
61 60 9958.304677
61 61 9972.203111
61 62 9986.101546
61 63 10000.000000
62 0 0.000000
62 1 18254.058485
62 2 10326.778926
62 3 8498.097030
62 4 9053.639586
62 5 9240.861740
62 6 9220.158688
62 7 9218.557056
62 8 9234.448240
62 9 9249.678665
62 10 9263.483931
62 11 9277.271737
62 12 9291.172144
62 13 9305.079475
62 14 9318.978180
62 15 9332.875907
62 16 9346.774271
62 17 9360.672742
62 18 9374.571167
62 19 9388.469579
62 20 9402.367993
62 21 9416.266407
62 22 9430.164820
62 23 9444.063232
62 24 9457.961643
62 25 9471.860054
62 26 9485.758465
62 27 9499.656875
62 28 9513.555286
62 29 9527.453696
62 30 9541.352107
62 31 9555.250517
62 32 9569.148928
62 33 9583.047339
62 34 9596.945751
62 35 9610.844163
62 36 9624.742576
62 37 9638.640989
62 38 9652.539404
62 39 9666.437818
62 40 9680.336234
62 41 9694.234650
62 42 9708.133067
62 43 9722.031485
62 44 9735.929904
62 45 9749.828324
62 46 9763.726744
62 47 9777.625165
62 48 9791.523587
62 49 9805.422009
62 50 9819.320433
62 51 9833.218856
62 52 9847.117281
62 53 9861.015706
62 54 9874.914132
62 55 9888.812558
62 56 9902.710985
62 57 9916.609412
62 58 9930.507839
62 59 9944.406267
62 60 9958.304695
62 61 9972.203122
62 62 9986.101551
62 63 10000.000000
63 0 0.000000
63 1 18254.058485
63 2 10326.778926
63 3 8498.097030
63 4 9053.639586
63 5 9240.861740
63 6 9220.158688
63 7 9218.557056
63 8 9234.448240
63 9 9249.678665
63 10 9263.483931
63 11 9277.271737
63 12 9291.172144
63 13 9305.079475
63 14 9318.978180
63 15 9332.875907
63 16 9346.774271
63 17 9360.672742
63 18 9374.571167
63 19 9388.469579
63 20 9402.367993
63 21 9416.266407
63 22 9430.164820
63 23 9444.063232
63 24 9457.961643
63 25 9471.860054
63 26 9485.758465
63 27 9499.656875
63 28 9513.555286
63 29 9527.453696
63 30 9541.352107
63 31 9555.250517
63 32 9569.148928
63 33 9583.047339
63 34 9596.945751
63 35 9610.844163
63 36 9624.742576
63 37 9638.640989
63 38 9652.539404
63 39 9666.437818
63 40 9680.336234
63 41 9694.234650
63 42 9708.133067
63 43 9722.031485
63 44 9735.929904
63 45 9749.828324
63 46 9763.726744
63 47 9777.625165
63 48 9791.523587
63 49 9805.422009
63 50 9819.320433
63 51 9833.218856
63 52 9847.117281
63 53 9861.015706
63 54 9874.914132
63 55 9888.812558
63 56 9902.710985
63 57 9916.609412
63 58 9930.507839
63 59 9944.406267
63 60 9958.304695
63 61 9972.203122
63 62 9986.101551
63 63 10000.000000
