0 0 0.000000
0 1 18048.901050
0 2 10213.812220
0 3 8407.751845
0 4 8958.727546
0 5 9145.600163
0 6 9126.927825
0 7 9127.137359
0 8 9144.638707
0 9 9161.486922
0 10 9176.926413
0 11 9192.348644
0 12 9207.882172
0 13 9223.422543
0 14 9238.954387
0 15 9254.485264
0 16 9270.016770
0 17 9285.548381
0 18 9301.079946
0 19 9316.611498
0 20 9332.143051
0 21 9347.674605
0 22 9363.206156
0 23 9378.737707
0 24 9394.269256
0 25 9409.800805
0 26 9425.332354
0 27 9440.863902
0 28 9456.395450
0 29 9471.926998
0 30 9487.458545
0 31 9502.990093
0 32 9518.521642
0 33 9534.053190
0 34 9549.584739
0 35 9565.116289
0 36 9580.647839
0 37 9596.179390
0 38 9611.710941
0 39 9627.242494
0 40 9642.774047
0 41 9658.305601
0 42 9673.837156
0 43 9689.368712
0 44 9704.900268
0 45 9720.431826
0 46 9735.963384
0 47 9751.494943
0 48 9767.026504
0 49 9782.558064
0 50 9798.089626
0 51 9813.621189
0 52 9829.152752
0 53 9844.684315
0 54 9860.215880
0 55 9875.747445
0 56 9891.279010
0 57 9906.810576
0 58 9922.342142
0 59 9937.873709
0 60 9953.405276
0 61 9968.936842
0 62 9984.468409
0 63 10000.000000
1 0 0.000000
1 1 18048.901050
1 2 10213.812220
1 3 8407.751845
1 4 8958.727546
1 5 9145.600163
1 6 9126.927825
1 7 9127.137359
1 8 9144.638707
1 9 9161.486922
1 10 9176.926413
1 11 9192.348644
1 12 9207.882172
1 13 9223.422543
1 14 9238.954387
1 15 9254.485264
1 16 9270.016770
1 17 9285.548381
1 18 9301.079946
1 19 9316.611498
1 20 9332.143051
1 21 9347.674605
1 22 9363.206156
1 23 9378.737707
1 24 9394.269256
1 25 9409.800805
1 26 9425.332354
1 27 9440.863902
1 28 9456.395450
1 29 9471.926998
1 30 9487.458545
1 31 9502.990093
1 32 9518.521642
1 33 9534.053190
1 34 9549.584739
1 35 9565.116289
1 36 9580.647839
1 37 9596.179390
1 38 9611.710941
1 39 9627.242494
1 40 9642.774047
1 41 9658.305601
1 42 9673.837156
1 43 9689.368712
1 44 9704.900268
1 45 9720.431826
1 46 9735.963384
1 47 9751.494943
1 48 9767.026504
1 49 9782.558064
1 50 9798.089626
1 51 9813.621189
1 52 9829.152752
1 53 9844.684315
1 54 9860.215880
1 55 9875.747445
1 56 9891.279010
1 57 9906.810576
1 58 9922.342142
1 59 9937.873709
1 60 9953.405276
1 61 9968.936842
1 62 9984.468409
1 63 10000.000000
2 0 0.000000
2 1 18048.898920
2 2 10213.811634
2 3 8407.751385
2 4 8958.727036
2 5 9145.599653
2 6 9126.927324
2 7 9127.136865
2 8 9144.638222
2 9 9161.486445
2 10 9176.925944
2 11 9192.348183
2 12 9207.881721
2 13 9223.422101
2 14 9238.953954
2 15 9254.484841
2 16 9270.016356
2 17 9285.547978
2 18 9301.079553
2 19 9316.611115
2 20 9332.142679
2 21 9347.674243
2 22 9363.205805
2 23 9378.737366
2 24 9394.268926
2 25 9409.800486
2 26 9425.332045
2 27 9440.863604
2 28 9456.395162
2 29 9471.926720
2 30 9487.458279
2 31 9502.989837
2 32 9518.521395
2 33 9534.052954
2 34 9549.584513
2 35 9565.116073
2 36 9580.647632
2 37 9596.179193
2 38 9611.710754
2 39 9627.242316
2 40 9642.773878
2 41 9658.305441
2 42 9673.837004
2 43 9689.368569
2 44 9704.900134
2 45 9720.431700
2 46 9735.963266
2 47 9751.494833
2 48 9767.026401
2 49 9782.557970
2 50 9798.089539
2 51 9813.621109
2 52 9829.152679
2 53 9844.684250
2 54 9860.215822
2 55 9875.747393
2 56 9891.278966
2 57 9906.810538
2 58 9922.342111
2 59 9937.873685
2 60 9953.405258
2 61 9968.936831
2 62 9984.468405
2 63 10000.000000
3 0 0.000000
3 1 18048.896847
3 2 10213.811054
3 3 8407.750930
3 4 8958.726531
3 5 9145.599148
3 6 9126.926828
3 7 9127.136376
3 8 9144.637739
3 9 9161.485970
3 10 9176.925477
3 11 9192.347725
3 12 9207.881271
3 13 9223.421659
3 14 9238.953521
3 15 9254.484417
3 16 9270.015943
3 17 9285.547574
3 18 9301.079158
3 19 9316.610731
3 20 9332.142305
3 21 9347.673878
3 22 9363.205451
3 23 9378.737022
3 24 9394.268593
3 25 9409.800163
3 26 9425.331732
3 27 9440.863301
3 28 9456.394870
3 29 9471.926439
3 30 9487.458007
3 31 9502.989575
3 32 9518.521144
3 33 9534.052713
3 34 9549.584282
3 35 9565.115851
3 36 9580.647420
3 37 9596.178990
3 38 9611.710561
3 39 9627.242131
3 40 9642.773703
3 41 9658.305275
3 42 9673.836847
3 43 9689.368420
3 44 9704.899994
3 45 9720.431568
3 46 9735.963143
3 47 9751.494718
3 48 9767.026294
3 49 9782.557871
3 50 9798.089448
3 51 9813.621025
3 52 9829.152603
3 53 9844.684181
3 54 9860.215760
3 55 9875.747339
3 56 9891.278919
3 57 9906.810499
3 58 9922.342079
3 59 9937.873659
3 60 9953.405239
3 61 9968.936819
3 62 9984.468400
3 63 10000.000000
4 0 0.000000
4 1 18048.894920
4 2 10213.810543
4 3 8407.750529
4 4 8958.726085
4 5 9145.598703
4 6 9126.926390
4 7 9127.135944
4 8 9144.637314
4 9 9161.485552
4 10 9176.925066
4 11 9192.347321
4 12 9207.880874
4 13 9223.421271
4 14 9238.953141
4 15 9254.484045
4 16 9270.015579
4 17 9285.547219
4 18 9301.078812
4 19 9316.610393
4 20 9332.141976
4 21 9347.673559
4 22 9363.205140
4 23 9378.736721
4 24 9394.268301
4 25 9409.799880
4 26 9425.331458
4 27 9440.863037
4 28 9456.394615
4 29 9471.926192
4 30 9487.457770
4 31 9502.989347
4 32 9518.520924
4 33 9534.052502
4 34 9549.584080
4 35 9565.115657
4 36 9580.647235
4 37 9596.178814
4 38 9611.710392
4 39 9627.241971
4 40 9642.773551
4 41 9658.305130
4 42 9673.836711
4 43 9689.368291
4 44 9704.899872
4 45 9720.431454
4 46 9735.963036
4 47 9751.494619
4 48 9767.026201
4 49 9782.557785
4 50 9798.089369
4 51 9813.620953
4 52 9829.152537
4 53 9844.684122
4 54 9860.215707
4 55 9875.747293
4 56 9891.278878
4 57 9906.810464
4 58 9922.342051
4 59 9937.873637
4 60 9953.405223
4 61 9968.936809
4 62 9984.468396
4 63 10000.000000
5 0 0.000000
5 1 18048.893083
5 2 10213.810063
5 3 8407.750153
5 4 8958.725666
5 5 9145.598284
5 6 9126.925978
5 7 9127.135538
5 8 9144.636914
5 9 9161.485157
5 10 9176.924678
5 11 9192.346940
5 12 9207.880500
5 13 9223.420904
5 14 9238.952782
5 15 9254.483693
5 16 9270.015235
5 17 9285.546883
5 18 9301.078484
5 19 9316.610074
5 20 9332.141665
5 21 9347.673256
5 22 9363.204846
5 23 9378.736435
5 24 9394.268023
5 25 9409.799611
5 26 9425.331198
5 27 9440.862785
5 28 9456.394372
5 29 9471.925958
5 30 9487.457544
5 31 9502.989130
5 32 9518.520715
5 33 9534.052301
5 34 9549.583887
5 35 9565.115473
5 36 9580.647059
5 37 9596.178645
5 38 9611.710231
5 39 9627.241818
5 40 9642.773405
5 41 9658.304992
5 42 9673.836580
5 43 9689.368168
5 44 9704.899756
5 45 9720.431345
5 46 9735.962933
5 47 9751.494523
5 48 9767.026112
5 49 9782.557702
5 50 9798.089292
5 51 9813.620883
5 52 9829.152474
5 53 9844.684065
5 54 9860.215656
5 55 9875.747248
5 56 9891.278839
5 57 9906.810431
5 58 9922.342023
5 59 9937.873616
5 60 9953.405208
5 61 9968.936800
5 62 9984.468392
5 63 10000.000000
6 0 0.000000
6 1 18048.891328
6 2 10213.809607
6 3 8407.749795
6 4 8958.725268
6 5 9145.597886
6 6 9126.925586
6 7 9127.135151
6 8 9144.636532
6 9 9161.484782
6 10 9176.924308
6 11 9192.346576
6 12 9207.880143
6 13 9223.420554
6 14 9238.952438
6 15 9254.483357
6 16 9270.014906
6 17 9285.546561
6 18 9301.078170
6 19 9316.609767
6 20 9332.141366
6 21 9347.672965
6 22 9363.204563
6 23 9378.736160
6 24 9394.267757
6 25 9409.799353
6 26 9425.330948
6 27 9440.862543
6 28 9456.394137
6 29 9471.925731
6 30 9487.457325
6 31 9502.988919
6 32 9518.520513
6 33 9534.052106
6 34 9549.583700
6 35 9565.115294
6 36 9580.646887
6 37 9596.178481
6 38 9611.710075
6 39 9627.241669
6 40 9642.773263
6 41 9658.304857
6 42 9673.836452
6 43 9689.368047
6 44 9704.899642
6 45 9720.431237
6 46 9735.962833
6 47 9751.494429
6 48 9767.026025
6 49 9782.557621
6 50 9798.089217
6 51 9813.620814
6 52 9829.152411
6 53 9844.684008
6 54 9860.215606
6 55 9875.747203
6 56 9891.278801
6 57 9906.810399
6 58 9922.341996
6 59 9937.873594
6 60 9953.405192
6 61 9968.936790
6 62 9984.468389
6 63 10000.000000
7 0 0.000000
7 1 18048.889657
7 2 10213.809177
7 3 8407.749457
7 4 8958.724891
7 5 9145.597509
7 6 9126.925215
7 7 9127.134785
7 8 9144.636171
7 9 9161.484426
7 10 9176.923958
7 11 9192.346232
7 12 9207.879804
7 13 9223.420221
7 14 9238.952112
7 15 9254.483038
7 16 9270.014593
7 17 9285.546255
7 18 9301.077871
7 19 9316.609475
7 20 9332.141082
7 21 9347.672688
7 22 9363.204293
7 23 9378.735898
7 24 9394.267502
7 25 9409.799105
7 26 9425.330708
7 27 9440.862310
7 28 9456.393913
7 29 9471.925514
7 30 9487.457116
7 31 9502.988717
7 32 9518.520318
7 33 9534.051919
7 34 9549.583520
7 35 9565.115121
7 36 9580.646722
7 37 9596.178323
7 38 9611.709924
7 39 9627.241525
7 40 9642.773126
7 41 9658.304727
7 42 9673.836328
7 43 9689.367930
7 44 9704.899531
7 45 9720.431133
7 46 9735.962735
7 47 9751.494337
7 48 9767.025940
7 49 9782.557542
7 50 9798.089145
7 51 9813.620747
7 52 9829.152350
7 53 9844.683953
7 54 9860.215557
7 55 9875.747160
7 56 9891.278763
7 57 9906.810367
7 58 9922.341970
7 59 9937.873574
7 60 9953.405178
7 61 9968.936781
7 62 9984.468385
7 63 10000.000000
8 0 0.000000
8 1 18048.888067
8 2 10213.808772
8 3 8407.749139
8 4 8958.724537
8 5 9145.597154
8 6 9126.924865
8 7 9127.134440
8 8 9144.635830
8 9 9161.484089
8 10 9176.923627
8 11 9192.345906
8 12 9207.879484
8 13 9223.419906
8 14 9238.951803
8 15 9254.482734
8 16 9270.014296
8 17 9285.545965
8 18 9301.077587
8 19 9316.609198
8 20 9332.140811
8 21 9347.672424
8 22 9363.204036
8 23 9378.735648
8 24 9394.267259
8 25 9409.798869
8 26 9425.330479
8 27 9440.862089
8 28 9456.393698
8 29 9471.925307
8 30 9487.456915
8 31 9502.988524
8 32 9518.520132
8 33 9534.051740
8 34 9549.583347
8 35 9565.114955
8 36 9580.646563
8 37 9596.178171
8 38 9611.709778
8 39 9627.241386
8 40 9642.772994
8 41 9658.304601
8 42 9673.836209
8 43 9689.367817
8 44 9704.899425
8 45 9720.431033
8 46 9735.962641
8 47 9751.494249
8 48 9767.025857
8 49 9782.557466
8 50 9798.089074
8 51 9813.620683
8 52 9829.152291
8 53 9844.683900
8 54 9860.215509
8 55 9875.747118
8 56 9891.278727
8 57 9906.810336
8 58 9922.341945
8 59 9937.873554
8 60 9953.405163
8 61 9968.936772
8 62 9984.468381
8 63 10000.000000
9 0 0.000000
9 1 18048.886557
9 2 10213.808391
9 3 8407.748839
9 4 8958.724202
9 5 9145.596819
9 6 9126.924535
9 7 9127.134114
9 8 9144.635508
9 9 9161.483772
9 10 9176.923313
9 11 9192.345597
9 12 9207.879180
9 13 9223.419608
9 14 9238.951510
9 15 9254.482447
9 16 9270.014015
9 17 9285.545689
9 18 9301.077317
9 19 9316.608934
9 20 9332.140554
9 21 9347.672173
9 22 9363.203792
9 23 9378.735410
9 24 9394.267027
9 25 9409.798644
9 26 9425.330261
9 27 9440.861877
9 28 9456.393493
9 29 9471.925108
9 30 9487.456723
9 31 9502.988338
9 32 9518.519953
9 33 9534.051568
9 34 9549.583182
9 35 9565.114796
9 36 9580.646411
9 37 9596.178025
9 38 9611.709639
9 39 9627.241253
9 40 9642.772866
9 41 9658.304480
9 42 9673.836094
9 43 9689.367708
9 44 9704.899322
9 45 9720.430936
9 46 9735.962550
9 47 9751.494164
9 48 9767.025778
9 49 9782.557392
9 50 9798.089006
9 51 9813.620620
9 52 9829.152234
9 53 9844.683849
9 54 9860.215463
9 55 9875.747077
9 56 9891.278691
9 57 9906.810306
9 58 9922.341920
9 59 9937.873535
9 60 9953.405149
9 61 9968.936763
9 62 9984.468378
9 63 10000.000000
10 0 0.000000
10 1 18048.885126
10 2 10213.808033
10 3 8407.748558
10 4 8958.723888
10 5 9145.596504
10 6 9126.924225
10 7 9127.133807
10 8 9144.635205
10 9 9161.483472
10 10 9176.923018
10 11 9192.345306
10 12 9207.878894
10 13 9223.419326
10 14 9238.951233
10 15 9254.482175
10 16 9270.013748
10 17 9285.545428
10 18 9301.077062
10 19 9316.608684
10 20 9332.140309
10 21 9347.671935
10 22 9363.203559
10 23 9378.735183
10 24 9394.266807
10 25 9409.798430
10 26 9425.330053
10 27 9440.861675
10 28 9456.393297
10 29 9471.924919
10 30 9487.456540
10 31 9502.988162
10 32 9518.519783
10 33 9534.051403
10 34 9549.583024
10 35 9565.114644
10 36 9580.646265
10 37 9596.177885
10 38 9611.709505
10 39 9627.241125
10 40 9642.772744
10 41 9658.304364
10 42 9673.835984
10 43 9689.367604
10 44 9704.899223
10 45 9720.430843
10 46 9735.962462
10 47 9751.494082
10 48 9767.025701
10 49 9782.557321
10 50 9798.088940
10 51 9813.620560
10 52 9829.152179
10 53 9844.683799
10 54 9860.215418
10 55 9875.747038
10 56 9891.278657
10 57 9906.810277
10 58 9922.341896
10 59 9937.873516
10 60 9953.405135
10 61 9968.936755
10 62 9984.468374
10 63 10000.000000
11 0 0.000000
11 1 18048.883771
11 2 10213.807697
11 3 8407.748294
11 4 8958.723593
11 5 9145.596208
11 6 9126.923933
11 7 9127.133518
11 8 9144.634919
11 9 9161.483190
11 10 9176.922740
11 11 9192.345032
11 12 9207.878624
11 13 9223.419060
11 14 9238.950972
11 15 9254.481919
11 16 9270.013496
11 17 9285.545181
11 18 9301.076820
11 19 9316.608448
11 20 9332.140078
11 21 9347.671709
11 22 9363.203339
11 23 9378.734969
11 24 9394.266598
11 25 9409.798227
11 26 9425.329855
11 27 9440.861483
11 28 9456.393111
11 29 9471.924739
11 30 9487.456366
11 31 9502.987993
11 32 9518.519620
11 33 9534.051246
11 34 9549.582873
11 35 9565.114499
11 36 9580.646125
11 37 9596.177751
11 38 9611.709377
11 39 9627.241002
11 40 9642.772628
11 41 9658.304253
11 42 9673.835878
11 43 9689.367503
11 44 9704.899128
11 45 9720.430753
11 46 9735.962378
11 47 9751.494003
11 48 9767.025628
11 49 9782.557253
11 50 9798.088877
11 51 9813.620502
11 52 9829.152126
11 53 9844.683751
11 54 9860.215376
11 55 9875.747000
11 56 9891.278625
11 57 9906.810249
11 58 9922.341873
11 59 9937.873498
11 60 9953.405122
11 61 9968.936746
11 62 9984.468371
11 63 10000.000000
12 0 0.000000
12 1 18048.882491
12 2 10213.807383
12 3 8407.748046
12 4 8958.723316
12 5 9145.595931
12 6 9126.923659
12 7 9127.133247
12 8 9144.634651
12 9 9161.482925
12 10 9176.922478
12 11 9192.344773
12 12 9207.878369
12 13 9223.418809
12 14 9238.950725
12 15 9254.481676
12 16 9270.013258
12 17 9285.544948
12 18 9301.076591
12 19 9316.608224
12 20 9332.139859
12 21 9347.671495
12 22 9363.203130
12 23 9378.734765
12 24 9394.266400
12 25 9409.798034
12 26 9425.329668
12 27 9440.861301
12 28 9456.392935
12 29 9471.924567
12 30 9487.456200
12 31 9502.987833
12 32 9518.519465
12 33 9534.051097
12 34 9549.582729
12 35 9565.114360
12 36 9580.645992
12 37 9596.177623
12 38 9611.709254
12 39 9627.240885
12 40 9642.772516
12 41 9658.304146
12 42 9673.835777
12 43 9689.367407
12 44 9704.899037
12 45 9720.430668
12 46 9735.962298
12 47 9751.493927
12 48 9767.025557
12 49 9782.557187
12 50 9798.088817
12 51 9813.620446
12 52 9829.152076
12 53 9844.683705
12 54 9860.215334
12 55 9875.746964
12 56 9891.278593
12 57 9906.810222
12 58 9922.341851
12 59 9937.873481
12 60 9953.405110
12 61 9968.936739
12 62 9984.468368
12 63 10000.000000
13 0 0.000000
13 1 18048.881284
13 2 10213.807089
13 3 8407.747815
13 4 8958.723057
13 5 9145.595671
13 6 9126.923402
13 7 9127.132993
13 8 9144.634399
13 9 9161.482676
13 10 9176.922232
13 11 9192.344531
13 12 9207.878130
13 13 9223.418574
13 14 9238.950493
13 15 9254.481448
13 16 9270.013034
13 17 9285.544728
13 18 9301.076376
13 19 9316.608013
13 20 9332.139653
13 21 9347.671293
13 22 9363.202933
13 23 9378.734573
13 24 9394.266212
13 25 9409.797851
13 26 9425.329490
13 27 9440.861129
13 28 9456.392767
13 29 9471.924405
13 30 9487.456043
13 31 9502.987680
13 32 9518.519318
13 33 9534.050955
13 34 9549.582592
13 35 9565.114229
13 36 9580.645865
13 37 9596.177502
13 38 9611.709138
13 39 9627.240774
13 40 9642.772409
13 41 9658.304045
13 42 9673.835680
13 43 9689.367316
13 44 9704.898951
13 45 9720.430586
13 46 9735.962221
13 47 9751.493855
13 48 9767.025490
13 49 9782.557124
13 50 9798.088759
13 51 9813.620393
13 52 9829.152027
13 53 9844.683661
13 54 9860.215295
13 55 9875.746929
13 56 9891.278563
13 57 9906.810197
13 58 9922.341830
13 59 9937.873464
13 60 9953.405098
13 61 9968.936731
13 62 9984.468365
13 63 10000.000000
14 0 0.000000
14 1 18048.880149
14 2 10213.806816
14 3 8407.747599
14 4 8958.722816
14 5 9145.595429
14 6 9126.923162
14 7 9127.132755
14 8 9144.634164
14 9 9161.482443
14 10 9176.922002
14 11 9192.344303
14 12 9207.877905
14 13 9223.418353
14 14 9238.950275
14 15 9254.481234
14 16 9270.012824
14 17 9285.544521
14 18 9301.076173
14 19 9316.607814
14 20 9332.139458
14 21 9347.671103
14 22 9363.202747
14 23 9378.734391
14 24 9394.266035
14 25 9409.797679
14 26 9425.329322
14 27 9440.860966
14 28 9456.392609
14 29 9471.924251
14 30 9487.455894
14 31 9502.987536
14 32 9518.519178
14 33 9534.050820
14 34 9549.582462
14 35 9565.114104
14 36 9580.645745
14 37 9596.177386
14 38 9611.709027
14 39 9627.240668
14 40 9642.772308
14 41 9658.303948
14 42 9673.835589
14 43 9689.367228
14 44 9704.898868
14 45 9720.430508
14 46 9735.962147
14 47 9751.493786
14 48 9767.025426
14 49 9782.557065
14 50 9798.088703
14 51 9813.620342
14 52 9829.151981
14 53 9844.683619
14 54 9860.215257
14 55 9875.746896
14 56 9891.278534
14 57 9906.810172
14 58 9922.341810
14 59 9937.873448
14 60 9953.405086
14 61 9968.936724
14 62 9984.468362
14 63 10000.000000
15 0 0.000000
15 1 18048.879084
15 2 10213.806562
15 3 8407.747399
15 4 8958.722591
15 5 9145.595203
15 6 9126.922939
15 7 9127.132533
15 8 9144.633944
15 9 9161.482226
15 10 9176.921787
15 11 9192.344091
15 12 9207.877695
15 13 9223.418146
15 14 9238.950071
15 15 9254.481033
15 16 9270.012626
15 17 9285.544327
15 18 9301.075983
15 19 9316.607628
15 20 9332.139275
15 21 9347.670924
15 22 9363.202572
15 23 9378.734221
15 24 9394.265869
15 25 9409.797517
15 26 9425.329164
15 27 9440.860812
15 28 9456.392459
15 29 9471.924106
15 30 9487.455753
15 31 9502.987400
15 32 9518.519047
15 33 9534.050693
15 34 9549.582339
15 35 9565.113985
15 36 9580.645631
15 37 9596.177277
15 38 9611.708922
15 39 9627.240567
15 40 9642.772212
15 41 9658.303857
15 42 9673.835501
15 43 9689.367146
15 44 9704.898790
15 45 9720.430434
15 46 9735.962078
15 47 9751.493721
15 48 9767.025364
15 49 9782.557008
15 50 9798.088651
15 51 9813.620294
15 52 9829.151936
15 53 9844.683579
15 54 9860.215222
15 55 9875.746864
15 56 9891.278506
15 57 9906.810149
15 58 9922.341791
15 59 9937.873433
15 60 9953.405075
15 61 9968.936717
15 62 9984.468359
15 63 10000.000000
16 0 0.000000
16 1 18048.878088
16 2 10213.806326
16 3 8407.747213
16 4 8958.722382
16 5 9145.594993
16 6 9126.922731
16 7 9127.132327
16 8 9144.633740
16 9 9161.482023
16 10 9176.921586
16 11 9192.343892
16 12 9207.877500
16 13 9223.417952
16 14 9238.949881
16 15 9254.480846
16 16 9270.012442
16 17 9285.544146
16 18 9301.075805
16 19 9316.607453
16 20 9332.139104
16 21 9347.670756
16 22 9363.202409
16 23 9378.734060
16 24 9394.265712
16 25 9409.797364
16 26 9425.329016
16 27 9440.860667
16 28 9456.392319
16 29 9471.923970
16 30 9487.455621
16 31 9502.987272
16 32 9518.518923
16 33 9534.050573
16 34 9549.582224
16 35 9565.113874
16 36 9580.645524
16 37 9596.177174
16 38 9611.708823
16 39 9627.240473
16 40 9642.772122
16 41 9658.303771
16 42 9673.835419
16 43 9689.367068
16 44 9704.898716
16 45 9720.430364
16 46 9735.962012
16 47 9751.493659
16 48 9767.025307
16 49 9782.556954
16 50 9798.088601
16 51 9813.620248
16 52 9829.151895
16 53 9844.683541
16 54 9860.215188
16 55 9875.746834
16 56 9891.278480
16 57 9906.810127
16 58 9922.341773
16 59 9937.873419
16 60 9953.405065
16 61 9968.936711
16 62 9984.468357
16 63 10000.000000
17 0 0.000000
17 1 18048.877160
17 2 10213.806108
17 3 8407.747041
17 4 8958.722188
17 5 9145.594799
17 6 9126.922538
17 7 9127.132136
17 8 9144.633550
17 9 9161.481835
17 10 9176.921400
17 11 9192.343708
17 12 9207.877318
17 13 9223.417773
17 14 9238.949704
17 15 9254.480671
17 16 9270.012270
17 17 9285.543977
17 18 9301.075639
17 19 9316.607290
17 20 9332.138944
17 21 9347.670600
17 22 9363.202255
17 23 9378.733911
17 24 9394.265566
17 25 9409.797221
17 26 9425.328877
17 27 9440.860532
17 28 9456.392187
17 29 9471.923842
17 30 9487.455497
17 31 9502.987152
17 32 9518.518807
17 33 9534.050461
17 34 9549.582115
17 35 9565.113769
17 36 9580.645423
17 37 9596.177077
17 38 9611.708730
17 39 9627.240383
17 40 9642.772036
17 41 9658.303689
17 42 9673.835342
17 43 9689.366994
17 44 9704.898646
17 45 9720.430298
17 46 9735.961950
17 47 9751.493601
17 48 9767.025252
17 49 9782.556903
17 50 9798.088554
17 51 9813.620205
17 52 9829.151855
17 53 9844.683506
17 54 9860.215156
17 55 9875.746806
17 56 9891.278456
17 57 9906.810106
17 58 9922.341755
17 59 9937.873405
17 60 9953.405055
17 61 9968.936705
17 62 9984.468354
17 63 10000.000000
18 0 0.000000
18 1 18048.876298
18 2 10213.805908
18 3 8407.746882
18 4 8958.722010
18 5 9145.594620
18 6 9126.922361
18 7 9127.131960
18 8 9144.633375
18 9 9161.481661
18 10 9176.921228
18 11 9192.343538
18 12 9207.877149
18 13 9223.417606
18 14 9238.949539
18 15 9254.480509
18 16 9270.012110
18 17 9285.543820
18 18 9301.075484
18 19 9316.607138
18 20 9332.138796
18 21 9347.670454
18 22 9363.202113
18 23 9378.733771
18 24 9394.265430
18 25 9409.797089
18 26 9425.328747
18 27 9440.860406
18 28 9456.392064
18 29 9471.923723
18 30 9487.455381
18 31 9502.987040
18 32 9518.518698
18 33 9534.050356
18 34 9549.582014
18 35 9565.113671
18 36 9580.645329
18 37 9596.176986
18 38 9611.708643
18 39 9627.240300
18 40 9642.771957
18 41 9658.303613
18 42 9673.835269
18 43 9689.366925
18 44 9704.898581
18 45 9720.430236
18 46 9735.961891
18 47 9751.493546
18 48 9767.025201
18 49 9782.556856
18 50 9798.088510
18 51 9813.620164
18 52 9829.151818
18 53 9844.683472
18 54 9860.215126
18 55 9875.746779
18 56 9891.278433
18 57 9906.810086
18 58 9922.341739
18 59 9937.873392
18 60 9953.405046
18 61 9968.936699
18 62 9984.468352
18 63 10000.000000
19 0 0.000000
19 1 18048.875501
19 2 10213.805724
19 3 8407.746737
19 4 8958.721847
19 5 9145.594455
19 6 9126.922197
19 7 9127.131797
19 8 9144.633213
19 9 9161.481501
19 10 9176.921069
19 11 9192.343380
19 12 9207.876993
19 13 9223.417452
19 14 9238.949388
19 15 9254.480359
19 16 9270.011963
19 17 9285.543674
19 18 9301.075342
19 19 9316.606998
19 20 9332.138658
19 21 9347.670319
19 22 9363.201981
19 23 9378.733642
19 24 9394.265304
19 25 9409.796965
19 26 9425.328627
19 27 9440.860289
19 28 9456.391951
19 29 9471.923612
19 30 9487.455274
19 31 9502.986935
19 32 9518.518597
19 33 9534.050258
19 34 9549.581919
19 35 9565.113580
19 36 9580.645241
19 37 9596.176902
19 38 9611.708562
19 39 9627.240222
19 40 9642.771882
19 41 9658.303542
19 42 9673.835201
19 43 9689.366861
19 44 9704.898520
19 45 9720.430178
19 46 9735.961837
19 47 9751.493495
19 48 9767.025153
19 49 9782.556811
19 50 9798.088469
19 51 9813.620126
19 52 9829.151784
19 53 9844.683441
19 54 9860.215098
19 55 9875.746754
19 56 9891.278411
19 57 9906.810068
19 58 9922.341724
19 59 9937.873381
19 60 9953.405037
19 61 9968.936693
19 62 9984.468350
19 63 10000.000000
20 0 0.000000
20 1 18048.874769
20 2 10213.805556
20 3 8407.746604
20 4 8958.721697
20 5 9145.594305
20 6 9126.922048
20 7 9127.131649
20 8 9144.633066
20 9 9161.481354
20 10 9176.920923
20 11 9192.343236
20 12 9207.876851
20 13 9223.417311
20 14 9238.949248
20 15 9254.480222
20 16 9270.011827
20 17 9285.543541
20 18 9301.075210
20 19 9316.606869
20 20 9332.138531
20 21 9347.670195
20 22 9363.201859
20 23 9378.733523
20 24 9394.265187
20 25 9409.796852
20 26 9425.328516
20 27 9440.860181
20 28 9456.391845
20 29 9471.923510
20 30 9487.455174
20 31 9502.986839
20 32 9518.518503
20 33 9534.050168
20 34 9549.581832
20 35 9565.113496
20 36 9580.645160
20 37 9596.176824
20 38 9611.708487
20 39 9627.240150
20 40 9642.771813
20 41 9658.303476
20 42 9673.835139
20 43 9689.366801
20 44 9704.898463
20 45 9720.430125
20 46 9735.961786
20 47 9751.493448
20 48 9767.025109
20 49 9782.556770
20 50 9798.088431
20 51 9813.620091
20 52 9829.151751
20 53 9844.683412
20 54 9860.215072
20 55 9875.746731
20 56 9891.278391
20 57 9906.810051
20 58 9922.341710
20 59 9937.873370
20 60 9953.405029
20 61 9968.936688
20 62 9984.468348
20 63 10000.000000
21 0 0.000000
21 1 18048.874099
21 2 10213.805404
21 3 8407.746484
21 4 8958.721561
21 5 9145.594168
21 6 9126.921912
21 7 9127.131513
21 8 9144.632931
21 9 9161.481221
21 10 9176.920791
21 11 9192.343105
21 12 9207.876721
21 13 9223.417182
21 14 9238.949121
21 15 9254.480096
21 16 9270.011703
21 17 9285.543419
21 18 9301.075090
21 19 9316.606751
21 20 9332.138416
21 21 9347.670081
21 22 9363.201748
21 23 9378.733414
21 24 9394.265080
21 25 9409.796747
21 26 9425.328414
21 27 9440.860081
21 28 9456.391749
21 29 9471.923416
21 30 9487.455083
21 31 9502.986750
21 32 9518.518418
21 33 9534.050085
21 34 9549.581752
21 35 9565.113418
21 36 9580.645085
21 37 9596.176752
21 38 9611.708418
21 39 9627.240084
21 40 9642.771750
21 41 9658.303415
21 42 9673.835081
21 43 9689.366746
21 44 9704.898411
21 45 9720.430076
21 46 9735.961740
21 47 9751.493404
21 48 9767.025068
21 49 9782.556732
21 50 9798.088395
21 51 9813.620059
21 52 9829.151722
21 53 9844.683385
21 54 9860.215047
21 55 9875.746710
21 56 9891.278373
21 57 9906.810035
21 58 9922.341697
21 59 9937.873359
21 60 9953.405022
21 61 9968.936684
21 62 9984.468346
21 63 10000.000000
22 0 0.000000
22 1 18048.873492
22 2 10213.805268
22 3 8407.746375
22 4 8958.721439
22 5 9145.594045
22 6 9126.921789
22 7 9127.131391
22 8 9144.632810
22 9 9161.481100
22 10 9176.920671
22 11 9192.342986
22 12 9207.876603
22 13 9223.417066
22 14 9238.949006
22 15 9254.479982
22 16 9270.011591
22 17 9285.543308
22 18 9301.074981
22 19 9316.606644
22 20 9332.138310
22 21 9347.669978
22 22 9363.201646
22 23 9378.733315
22 24 9394.264983
22 25 9409.796652
22 26 9425.328322
22 27 9440.859991
22 28 9456.391661
22 29 9471.923330
22 30 9487.455000
22 31 9502.986670
22 32 9518.518339
22 33 9534.050009
22 34 9549.581678
22 35 9565.113348
22 36 9580.645017
22 37 9596.176686
22 38 9611.708355
22 39 9627.240023
22 40 9642.771692
22 41 9658.303360
22 42 9673.835028
22 43 9689.366696
22 44 9704.898363
22 45 9720.430030
22 46 9735.961697
22 47 9751.493364
22 48 9767.025031
22 49 9782.556697
22 50 9798.088363
22 51 9813.620029
22 52 9829.151695
22 53 9844.683360
22 54 9860.215025
22 55 9875.746691
22 56 9891.278356
22 57 9906.810021
22 58 9922.341685
22 59 9937.873350
22 60 9953.405015
22 61 9968.936680
22 62 9984.468344
22 63 10000.000000
23 0 0.000000
23 1 18048.872945
23 2 10213.805146
23 3 8407.746279
23 4 8958.721330
23 5 9145.593934
23 6 9126.921680
23 7 9127.131282
23 8 9144.632701
23 9 9161.480992
23 10 9176.920563
23 11 9192.342879
23 12 9207.876497
23 13 9223.416961
23 14 9238.948902
23 15 9254.479880
23 16 9270.011490
23 17 9285.543209
23 18 9301.074883
23 19 9316.606547
23 20 9332.138215
23 21 9347.669885
23 22 9363.201555
23 23 9378.733225
23 24 9394.264896
23 25 9409.796567
23 26 9425.328238
23 27 9440.859910
23 28 9456.391581
23 29 9471.923253
23 30 9487.454925
23 31 9502.986597
23 32 9518.518269
23 33 9534.049940
23 34 9549.581612
23 35 9565.113284
23 36 9580.644955
23 37 9596.176627
23 38 9611.708298
23 39 9627.239969
23 40 9642.771639
23 41 9658.303310
23 42 9673.834980
23 43 9689.366650
23 44 9704.898320
23 45 9720.429990
23 46 9735.961659
23 47 9751.493328
23 48 9767.024997
23 49 9782.556665
23 50 9798.088334
23 51 9813.620002
23 52 9829.151670
23 53 9844.683338
23 54 9860.215006
23 55 9875.746673
23 56 9891.278340
23 57 9906.810008
23 58 9922.341675
23 59 9937.873342
23 60 9953.405009
23 61 9968.936676
23 62 9984.468342
23 63 10000.000000
24 0 0.000000
24 1 18048.872460
24 2 10213.805038
24 3 8407.746193
24 4 8958.721233
24 5 9145.593837
24 6 9126.921583
24 7 9127.131186
24 8 9144.632605
24 9 9161.480896
24 10 9176.920468
24 11 9192.342785
24 12 9207.876403
24 13 9223.416868
24 14 9238.948810
24 15 9254.479789
24 16 9270.011400
24 17 9285.543120
24 18 9301.074796
24 19 9316.606461
24 20 9332.138131
24 21 9347.669802
24 22 9363.201474
24 23 9378.733146
24 24 9394.264818
24 25 9409.796491
24 26 9425.328164
24 27 9440.859837
24 28 9456.391510
24 29 9471.923184
24 30 9487.454858
24 31 9502.986532
24 32 9518.518205
24 33 9534.049879
24 34 9549.581553
24 35 9565.113227
24 36 9580.644900
24 37 9596.176573
24 38 9611.708247
24 39 9627.239920
24 40 9642.771592
24 41 9658.303265
24 42 9673.834937
24 43 9689.366609
24 44 9704.898281
24 45 9720.429953
24 46 9735.961624
24 47 9751.493296
24 48 9767.024967
24 49 9782.556637
24 50 9798.088308
24 51 9813.619978
24 52 9829.151648
24 53 9844.683318
24 54 9860.214988
24 55 9875.746657
24 56 9891.278327
24 57 9906.809996
24 58 9922.341665
24 59 9937.873334
24 60 9953.405003
24 61 9968.936672
24 62 9984.468341
24 63 10000.000000
25 0 0.000000
25 1 18048.872034
25 2 10213.804945
25 3 8407.746119
25 4 8958.721149
25 5 9145.593752
25 6 9126.921498
25 7 9127.131101
25 8 9144.632521
25 9 9161.480812
25 10 9176.920385
25 11 9192.342702
25 12 9207.876321
25 13 9223.416787
25 14 9238.948729
25 15 9254.479709
25 16 9270.011321
25 17 9285.543042
25 18 9301.074719
25 19 9316.606386
25 20 9332.138057
25 21 9347.669729
25 22 9363.201402
25 23 9378.733075
25 24 9394.264749
25 25 9409.796424
25 26 9425.328098
25 27 9440.859773
25 28 9456.391448
25 29 9471.923123
25 30 9487.454799
25 31 9502.986474
25 32 9518.518150
25 33 9534.049825
25 34 9549.581501
25 35 9565.113176
25 36 9580.644851
25 37 9596.176527
25 38 9611.708202
25 39 9627.239876
25 40 9642.771551
25 41 9658.303225
25 42 9673.834900
25 43 9689.366574
25 44 9704.898247
25 45 9720.429921
25 46 9735.961594
25 47 9751.493267
25 48 9767.024940
25 49 9782.556612
25 50 9798.088285
25 51 9813.619957
25 52 9829.151629
25 53 9844.683300
25 54 9860.214972
25 55 9875.746643
25 56 9891.278314
25 57 9906.809985
25 58 9922.341656
25 59 9937.873327
25 60 9953.404998
25 61 9968.936669
25 62 9984.468340
25 63 10000.000000
26 0 0.000000
26 1 18048.871667
26 2 10213.804865
26 3 8407.746056
26 4 8958.721077
26 5 9145.593680
26 6 9126.921426
26 7 9127.131029
26 8 9144.632449
26 9 9161.480740
26 10 9176.920313
26 11 9192.342631
26 12 9207.876251
26 13 9223.416717
26 14 9238.948660
26 15 9254.479641
26 16 9270.011254
26 17 9285.542976
26 18 9301.074653
26 19 9316.606321
26 20 9332.137993
26 21 9347.669667
26 22 9363.201341
26 23 9378.733015
26 24 9394.264690
26 25 9409.796366
26 26 9425.328042
26 27 9440.859718
26 28 9456.391394
26 29 9471.923071
26 30 9487.454748
26 31 9502.986425
26 32 9518.518102
26 33 9534.049779
26 34 9549.581456
26 35 9565.113133
26 36 9580.644809
26 37 9596.176486
26 38 9611.708163
26 39 9627.239839
26 40 9642.771515
26 41 9658.303191
26 42 9673.834867
26 43 9689.366542
26 44 9704.898218
26 45 9720.429893
26 46 9735.961568
26 47 9751.493242
26 48 9767.024917
26 49 9782.556591
26 50 9798.088265
26 51 9813.619938
26 52 9829.151612
26 53 9844.683285
26 54 9860.214958
26 55 9875.746631
26 56 9891.278304
26 57 9906.809977
26 58 9922.341649
26 59 9937.873322
26 60 9953.404994
26 61 9968.936667
26 62 9984.468339
26 63 10000.000000
27 0 0.000000
27 1 18048.871358
27 2 10213.804799
27 3 8407.746003
27 4 8958.721017
27 5 9145.593619
27 6 9126.921366
27 7 9127.130969
27 8 9144.632388
27 9 9161.480680
27 10 9176.920254
27 11 9192.342571
27 12 9207.876191
27 13 9223.416658
27 14 9238.948602
27 15 9254.479583
27 16 9270.011197
27 17 9285.542919
27 18 9301.074598
27 19 9316.606267
27 20 9332.137939
27 21 9347.669614
27 22 9363.201289
27 23 9378.732964
27 24 9394.264640
27 25 9409.796317
27 26 9425.327994
27 27 9440.859671
27 28 9456.391349
27 29 9471.923027
27 30 9487.454705
27 31 9502.986383
27 32 9518.518061
27 33 9534.049739
27 34 9549.581418
27 35 9565.113096
27 36 9580.644774
27 37 9596.176452
27 38 9611.708130
27 39 9627.239807
27 40 9642.771485
27 41 9658.303162
27 42 9673.834839
27 43 9689.366516
27 44 9704.898193
27 45 9720.429869
27 46 9735.961545
27 47 9751.493221
27 48 9767.024897
27 49 9782.556572
27 50 9798.088248
27 51 9813.619923
27 52 9829.151597
27 53 9844.683272
27 54 9860.214946
27 55 9875.746621
27 56 9891.278295
27 57 9906.809969
27 58 9922.341643
27 59 9937.873317
27 60 9953.404990
27 61 9968.936665
27 62 9984.468338
27 63 10000.000000
28 0 0.000000
28 1 18048.871108
28 2 10213.804746
28 3 8407.745961
28 4 8958.720969
28 5 9145.593570
28 6 9126.921317
28 7 9127.130920
28 8 9144.632340
28 9 9161.480632
28 10 9176.920205
28 11 9192.342523
28 12 9207.876144
28 13 9223.416611
28 14 9238.948555
28 15 9254.479537
28 16 9270.011151
28 17 9285.542874
28 18 9301.074553
28 19 9316.606222
28 20 9332.137896
28 21 9347.669571
28 22 9363.201247
28 23 9378.732923
28 24 9394.264600
28 25 9409.796277
28 26 9425.327955
28 27 9440.859633
28 28 9456.391312
28 29 9471.922991
28 30 9487.454670
28 31 9502.986349
28 32 9518.518028
28 33 9534.049707
28 34 9549.581387
28 35 9565.113066
28 36 9580.644745
28 37 9596.176424
28 38 9611.708103
28 39 9627.239782
28 40 9642.771460
28 41 9658.303139
28 42 9673.834817
28 43 9689.366495
28 44 9704.898172
28 45 9720.429850
28 46 9735.961527
28 47 9751.493204
28 48 9767.024881
28 49 9782.556557
28 50 9798.088234
28 51 9813.619910
28 52 9829.151586
28 53 9844.683261
28 54 9860.214937
28 55 9875.746612
28 56 9891.278288
28 57 9906.809963
28 58 9922.341638
28 59 9937.873313
28 60 9953.404987
28 61 9968.936663
28 62 9984.468337
28 63 10000.000000
29 0 0.000000
29 1 18048.870915
29 2 10213.804707
29 3 8407.745930
29 4 8958.720933
29 5 9145.593534
29 6 9126.921280
29 7 9127.130883
29 8 9144.632303
29 9 9161.480595
29 10 9176.920169
29 11 9192.342487
29 12 9207.876107
29 13 9223.416575
29 14 9238.948519
29 15 9254.479501
29 16 9270.011116
29 17 9285.542839
29 18 9301.074519
29 19 9316.606188
29 20 9332.137862
29 21 9347.669538
29 22 9363.201214
29 23 9378.732891
29 24 9394.264569
29 25 9409.796247
29 26 9425.327925
29 27 9440.859604
29 28 9456.391283
29 29 9471.922963
29 30 9487.454643
29 31 9502.986323
29 32 9518.518003
29 33 9534.049683
29 34 9549.581363
29 35 9565.113043
29 36 9580.644723
29 37 9596.176402
29 38 9611.708082
29 39 9627.239762
29 40 9642.771441
29 41 9658.303120
29 42 9673.834799
29 43 9689.366478
29 44 9704.898157
29 45 9720.429835
29 46 9735.961513
29 47 9751.493191
29 48 9767.024868
29 49 9782.556546
29 50 9798.088223
29 51 9813.619900
29 52 9829.151577
29 53 9844.683253
29 54 9860.214930
29 55 9875.746606
29 56 9891.278282
29 57 9906.809958
29 58 9922.341634
29 59 9937.873310
29 60 9953.404985
29 61 9968.936661
29 62 9984.468337
29 63 10000.000000
30 0 0.000000
30 1 18048.870780
30 2 10213.804680
30 3 8407.745908
30 4 8958.720908
30 5 9145.593509
30 6 9126.921255
30 7 9127.130858
30 8 9144.632278
30 9 9161.480570
30 10 9176.920143
30 11 9192.342461
30 12 9207.876082
30 13 9223.416549
30 14 9238.948494
30 15 9254.479476
30 16 9270.011091
30 17 9285.542815
30 18 9301.074495
30 19 9316.606165
30 20 9332.137839
30 21 9347.669515
30 22 9363.201192
30 23 9378.732869
30 24 9394.264547
30 25 9409.796225
30 26 9425.327904
30 27 9440.859584
30 28 9456.391263
30 29 9471.922943
30 30 9487.454624
30 31 9502.986304
30 32 9518.517985
30 33 9534.049665
30 34 9549.581346
30 35 9565.113026
30 36 9580.644707
30 37 9596.176387
30 38 9611.708067
30 39 9627.239747
30 40 9642.771427
30 41 9658.303107
30 42 9673.834787
30 43 9689.366466
30 44 9704.898145
30 45 9720.429824
30 46 9735.961503
30 47 9751.493181
30 48 9767.024860
30 49 9782.556538
30 50 9798.088215
30 51 9813.619893
30 52 9829.151570
30 53 9844.683247
30 54 9860.214924
30 55 9875.746601
30 56 9891.278278
30 57 9906.809955
30 58 9922.341631
30 59 9937.873307
30 60 9953.404984
30 61 9968.936660
30 62 9984.468336
30 63 10000.000000
31 0 0.000000
31 1 18048.870703
31 2 10213.804666
31 3 8407.745897
31 4 8958.720895
31 5 9145.593495
31 6 9126.921242
31 7 9127.130844
31 8 9144.632264
31 9 9161.480556
31 10 9176.920129
31 11 9192.342447
31 12 9207.876068
31 13 9223.416535
31 14 9238.948480
31 15 9254.479462
31 16 9270.011077
31 17 9285.542801
31 18 9301.074481
31 19 9316.606151
31 20 9332.137825
31 21 9347.669502
31 22 9363.201179
31 23 9378.732856
31 24 9394.264534
31 25 9409.796213
31 26 9425.327892
31 27 9440.859572
31 28 9456.391252
31 29 9471.922932
31 30 9487.454613
31 31 9502.986293
31 32 9518.517974
31 33 9534.049655
31 34 9549.581336
31 35 9565.113017
31 36 9580.644697
31 37 9596.176378
31 38 9611.708059
31 39 9627.239739
31 40 9642.771419
31 41 9658.303100
31 42 9673.834780
31 43 9689.366459
31 44 9704.898139
31 45 9720.429818
31 46 9735.961497
31 47 9751.493176
31 48 9767.024854
31 49 9782.556533
31 50 9798.088211
31 51 9813.619889
31 52 9829.151566
31 53 9844.683244
31 54 9860.214921
31 55 9875.746599
31 56 9891.278276
31 57 9906.809952
31 58 9922.341629
31 59 9937.873306
31 60 9953.404983
31 61 9968.936660
31 62 9984.468336
31 63 10000.000000
32 0 0.000000
32 1 18048.870682
32 2 10213.804665
32 3 8407.745896
32 4 8958.720893
32 5 9145.593493
32 6 9126.921239
32 7 9127.130842
32 8 9144.632261
32 9 9161.480553
32 10 9176.920126
32 11 9192.342444
32 12 9207.876065
32 13 9223.416532
32 14 9238.948477
32 15 9254.479459
32 16 9270.011074
32 17 9285.542798
32 18 9301.074477
32 19 9316.606148
32 20 9332.137822
32 21 9347.669498
32 22 9363.201175
32 23 9378.732853
32 24 9394.264531
32 25 9409.796210
32 26 9425.327889
32 27 9440.859568
32 28 9456.391248
32 29 9471.922929
32 30 9487.454609
32 31 9502.986290
32 32 9518.517971
32 33 9534.049652
32 34 9549.581333
32 35 9565.113014
32 36 9580.644695
32 37 9596.176375
32 38 9611.708056
32 39 9627.239737
32 40 9642.771417
32 41 9658.303097
32 42 9673.834777
32 43 9689.366457
32 44 9704.898137
32 45 9720.429816
32 46 9735.961495
32 47 9751.493174
32 48 9767.024853
32 49 9782.556531
32 50 9798.088209
32 51 9813.619887
32 52 9829.151565
32 53 9844.683243
32 54 9860.214920
32 55 9875.746598
32 56 9891.278275
32 57 9906.809952
32 58 9922.341629
32 59 9937.873306
32 60 9953.404982
32 61 9968.936660
32 62 9984.468336
32 63 10000.000000
33 0 0.000000
33 1 18048.870718
33 2 10213.804677
33 3 8407.745905
33 4 8958.720903
33 5 9145.593503
33 6 9126.921249
33 7 9127.130851
33 8 9144.632270
33 9 9161.480562
33 10 9176.920135
33 11 9192.342453
33 12 9207.876073
33 13 9223.416540
33 14 9238.948485
33 15 9254.479467
33 16 9270.011081
33 17 9285.542805
33 18 9301.074484
33 19 9316.606154
33 20 9332.137829
33 21 9347.669505
33 22 9363.201181
33 23 9378.732859
33 24 9394.264537
33 25 9409.796215
33 26 9425.327894
33 27 9440.859574
33 28 9456.391254
33 29 9471.922934
33 30 9487.454614
33 31 9502.986295
33 32 9518.517975
33 33 9534.049656
33 34 9549.581337
33 35 9565.113018
33 36 9580.644698
33 37 9596.176379
33 38 9611.708060
33 39 9627.239740
33 40 9642.771420
33 41 9658.303100
33 42 9673.834780
33 43 9689.366460
33 44 9704.898139
33 45 9720.429818
33 46 9735.961497
33 47 9751.493176
33 48 9767.024855
33 49 9782.556533
33 50 9798.088211
33 51 9813.619889
33 52 9829.151567
33 53 9844.683244
33 54 9860.214922
33 55 9875.746599
33 56 9891.278276
33 57 9906.809953
33 58 9922.341629
33 59 9937.873306
33 60 9953.404983
33 61 9968.936660
33 62 9984.468336
33 63 10000.000000
34 0 0.000000
34 1 18048.870812
34 2 10213.804701
34 3 8407.745925
34 4 8958.720924
34 5 9145.593524
34 6 9126.921270
34 7 9127.130871
34 8 9144.632290
34 9 9161.480582
34 10 9176.920154
34 11 9192.342472
34 12 9207.876092
34 13 9223.416559
34 14 9238.948503
34 15 9254.479485
34 16 9270.011099
34 17 9285.542822
34 18 9301.074502
34 19 9316.606171
34 20 9332.137845
34 21 9347.669521
34 22 9363.201197
34 23 9378.732874
34 24 9394.264552
34 25 9409.796230
34 26 9425.327909
34 27 9440.859588
34 28 9456.391267
34 29 9471.922947
34 30 9487.454627
34 31 9502.986307
34 32 9518.517987
34 33 9534.049668
34 34 9549.581348
34 35 9565.113029
34 36 9580.644709
34 37 9596.176389
34 38 9611.708069
34 39 9627.239749
34 40 9642.771429
34 41 9658.303109
34 42 9673.834788
34 43 9689.366467
34 44 9704.898146
34 45 9720.429825
34 46 9735.961504
34 47 9751.493182
34 48 9767.024860
34 49 9782.556538
34 50 9798.088216
34 51 9813.619893
34 52 9829.151571
34 53 9844.683248
34 54 9860.214925
34 55 9875.746602
34 56 9891.278278
34 57 9906.809955
34 58 9922.341631
34 59 9937.873308
34 60 9953.404984
34 61 9968.936661
34 62 9984.468336
34 63 10000.000000
35 0 0.000000
35 1 18048.870963
35 2 10213.804739
35 3 8407.745955
35 4 8958.720956
35 5 9145.593557
35 6 9126.921302
35 7 9127.130903
35 8 9144.632322
35 9 9161.480613
35 10 9176.920186
35 11 9192.342503
35 12 9207.876122
35 13 9223.416589
35 14 9238.948533
35 15 9254.479514
35 16 9270.011128
35 17 9285.542850
35 18 9301.074529
35 19 9316.606199
35 20 9332.137872
35 21 9347.669547
35 22 9363.201223
35 23 9378.732899
35 24 9394.264576
35 25 9409.796254
35 26 9425.327932
35 27 9440.859610
35 28 9456.391289
35 29 9471.922968
35 30 9487.454648
35 31 9502.986327
35 32 9518.518007
35 33 9534.049687
35 34 9549.581366
35 35 9565.113046
35 36 9580.644726
35 37 9596.176405
35 38 9611.708085
35 39 9627.239764
35 40 9642.771443
35 41 9658.303122
35 42 9673.834801
35 43 9689.366480
35 44 9704.898158
35 45 9720.429836
35 46 9735.961514
35 47 9751.493192
35 48 9767.024870
35 49 9782.556547
35 50 9798.088224
35 51 9813.619901
35 52 9829.151577
35 53 9844.683254
35 54 9860.214930
35 55 9875.746606
35 56 9891.278282
35 57 9906.809958
35 58 9922.341634
35 59 9937.873310
35 60 9953.404985
35 61 9968.936662
35 62 9984.468337
35 63 10000.000000
36 0 0.000000
36 1 18048.871172
36 2 10213.804789
36 3 8407.745994
36 4 8958.721001
36 5 9145.593601
36 6 9126.921346
36 7 9127.130947
36 8 9144.632365
36 9 9161.480656
36 10 9176.920228
36 11 9192.342545
36 12 9207.876164
36 13 9223.416630
36 14 9238.948573
36 15 9254.479554
36 16 9270.011167
36 17 9285.542889
36 18 9301.074567
36 19 9316.606236
36 20 9332.137908
36 21 9347.669583
36 22 9363.201258
36 23 9378.732933
36 24 9394.264610
36 25 9409.796287
36 26 9425.327964
36 27 9440.859642
36 28 9456.391320
36 29 9471.922998
36 30 9487.454676
36 31 9502.986355
36 32 9518.518034
36 33 9534.049713
36 34 9549.581392
36 35 9565.113070
36 36 9580.644749
36 37 9596.176428
36 38 9611.708107
36 39 9627.239785
36 40 9642.771463
36 41 9658.303141
36 42 9673.834819
36 43 9689.366497
36 44 9704.898175
36 45 9720.429852
36 46 9735.961529
36 47 9751.493206
36 48 9767.024882
36 49 9782.556559
36 50 9798.088235
36 51 9813.619911
36 52 9829.151587
36 53 9844.683262
36 54 9860.214938
36 55 9875.746613
36 56 9891.278288
36 57 9906.809963
36 58 9922.341638
36 59 9937.873313
36 60 9953.404988
36 61 9968.936663
36 62 9984.468337
36 63 10000.000000
37 0 0.000000
37 1 18048.871438
37 2 10213.804853
37 3 8407.746045
37 4 8958.721057
37 5 9145.593657
37 6 9126.921402
37 7 9127.131002
37 8 9144.632420
37 9 9161.480710
37 10 9176.920282
37 11 9192.342598
37 12 9207.876217
37 13 9223.416682
37 14 9238.948625
37 15 9254.479605
37 16 9270.011217
37 17 9285.542938
37 18 9301.074616
37 19 9316.606283
37 20 9332.137955
37 21 9347.669629
37 22 9363.201303
37 23 9378.732977
37 24 9394.264653
37 25 9409.796328
37 26 9425.328005
37 27 9440.859681
37 28 9456.391358
37 29 9471.923036
37 30 9487.454713
37 31 9502.986391
37 32 9518.518068
37 33 9534.049746
37 34 9549.581424
37 35 9565.113102
37 36 9580.644779
37 37 9596.176457
37 38 9611.708134
37 39 9627.239812
37 40 9642.771489
37 41 9658.303166
37 42 9673.834843
37 43 9689.366519
37 44 9704.898196
37 45 9720.429872
37 46 9735.961548
37 47 9751.493223
37 48 9767.024899
37 49 9782.556574
37 50 9798.088249
37 51 9813.619924
37 52 9829.151599
37 53 9844.683273
37 54 9860.214947
37 55 9875.746622
37 56 9891.278296
37 57 9906.809970
37 58 9922.341643
37 59 9937.873317
37 60 9953.404991
37 61 9968.936665
37 62 9984.468338
37 63 10000.000000
38 0 0.000000
38 1 18048.871763
38 2 10213.804930
38 3 8407.746106
38 4 8958.721124
38 5 9145.593726
38 6 9126.921469
38 7 9127.131070
38 8 9144.632487
38 9 9161.480777
38 10 9176.920347
38 11 9192.342663
38 12 9207.876281
38 13 9223.416745
38 14 9238.948687
38 15 9254.479666
38 16 9270.011278
38 17 9285.542998
38 18 9301.074675
38 19 9316.606341
38 20 9332.138012
38 21 9347.669684
38 22 9363.201357
38 23 9378.733031
38 24 9394.264705
38 25 9409.796380
38 26 9425.328055
38 27 9440.859730
38 28 9456.391406
38 29 9471.923082
38 30 9487.454758
38 31 9502.986434
38 32 9518.518110
38 33 9534.049787
38 34 9549.581463
38 35 9565.113140
38 36 9580.644816
38 37 9596.176492
38 38 9611.708168
38 39 9627.239844
38 40 9642.771520
38 41 9658.303195
38 42 9673.834871
38 43 9689.366546
38 44 9704.898221
38 45 9720.429896
38 46 9735.961570
38 47 9751.493245
38 48 9767.024919
38 49 9782.556593
38 50 9798.088266
38 51 9813.619940
38 52 9829.151613
38 53 9844.683286
38 54 9860.214959
38 55 9875.746632
38 56 9891.278305
38 57 9906.809977
38 58 9922.341650
38 59 9937.873322
38 60 9953.404994
38 61 9968.936667
38 62 9984.468339
38 63 10000.000000
39 0 0.000000
39 1 18048.872146
39 2 10213.805020
39 3 8407.746177
39 4 8958.721204
39 5 9145.593806
39 6 9126.921549
39 7 9127.131149
39 8 9144.632565
39 9 9161.480854
39 10 9176.920425
39 11 9192.342740
39 12 9207.876356
39 13 9223.416820
39 14 9238.948761
39 15 9254.479739
39 16 9270.011350
39 17 9285.543069
39 18 9301.074744
39 19 9316.606410
39 20 9332.138079
39 21 9347.669750
39 22 9363.201422
39 23 9378.733094
39 24 9394.264767
39 25 9409.796440
39 26 9425.328113
39 27 9440.859787
39 28 9456.391461
39 29 9471.923136
39 30 9487.454810
39 31 9502.986485
39 32 9518.518160
39 33 9534.049835
39 34 9549.581509
39 35 9565.113184
39 36 9580.644859
39 37 9596.176533
39 38 9611.708208
39 39 9627.239882
39 40 9642.771556
39 41 9658.303230
39 42 9673.834904
39 43 9689.366578
39 44 9704.898251
39 45 9720.429924
39 46 9735.961597
39 47 9751.493270
39 48 9767.024942
39 49 9782.556615
39 50 9798.088287
39 51 9813.619959
39 52 9829.151630
39 53 9844.683302
39 54 9860.214973
39 55 9875.746644
39 56 9891.278315
39 57 9906.809986
39 58 9922.341657
39 59 9937.873328
39 60 9953.404999
39 61 9968.936670
39 62 9984.468340
39 63 10000.000000
40 0 0.000000
40 1 18048.872589
40 2 10213.805124
40 3 8407.746260
40 4 8958.721296
40 5 9145.593899
40 6 9126.921641
40 7 9127.131240
40 8 9144.632656
40 9 9161.480944
40 10 9176.920514
40 11 9192.342828
40 12 9207.876444
40 13 9223.416906
40 14 9238.948846
40 15 9254.479823
40 16 9270.011432
40 17 9285.543150
40 18 9301.074824
40 19 9316.606488
40 20 9332.138156
40 21 9347.669826
40 22 9363.201496
40 23 9378.733166
40 24 9394.264838
40 25 9409.796509
40 26 9425.328181
40 27 9440.859853
40 28 9456.391526
40 29 9471.923198
40 30 9487.454871
40 31 9502.986544
40 32 9518.518217
40 33 9534.049890
40 34 9549.581563
40 35 9565.113236
40 36 9580.644908
40 37 9596.176581
40 38 9611.708254
40 39 9627.239926
40 40 9642.771599
40 41 9658.303271
40 42 9673.834942
40 43 9689.366614
40 44 9704.898286
40 45 9720.429957
40 46 9735.961628
40 47 9751.493299
40 48 9767.024969
40 49 9782.556640
40 50 9798.088310
40 51 9813.619980
40 52 9829.151650
40 53 9844.683320
40 54 9860.214989
40 55 9875.746658
40 56 9891.278328
40 57 9906.809997
40 58 9922.341666
40 59 9937.873335
40 60 9953.405004
40 61 9968.936673
40 62 9984.468341
40 63 10000.000000
41 0 0.000000
41 1 18048.873092
41 2 10213.805243
41 3 8407.746354
41 4 8958.721401
41 5 9145.594004
41 6 9126.921745
41 7 9127.131344
41 8 9144.632759
41 9 9161.481046
41 10 9176.920615
41 11 9192.342928
41 12 9207.876543
41 13 9223.417004
41 14 9238.948943
41 15 9254.479918
41 16 9270.011526
41 17 9285.543243
41 18 9301.074915
41 19 9316.606578
41 20 9332.138244
41 21 9347.669912
41 22 9363.201580
41 23 9378.733249
41 24 9394.264918
41 25 9409.796588
41 26 9425.328258
41 27 9440.859928
41 28 9456.391598
41 29 9471.923269
41 30 9487.454940
41 31 9502.986610
41 32 9518.518281
41 33 9534.049952
41 34 9549.581623
41 35 9565.113294
41 36 9580.644965
41 37 9596.176635
41 38 9611.708306
41 39 9627.239976
41 40 9642.771646
41 41 9658.303316
41 42 9673.834986
41 43 9689.366655
41 44 9704.898325
41 45 9720.429994
41 46 9735.961663
41 47 9751.493332
41 48 9767.025000
41 49 9782.556668
41 50 9798.088336
41 51 9813.620004
41 52 9829.151672
41 53 9844.683340
41 54 9860.215007
41 55 9875.746674
41 56 9891.278342
41 57 9906.810009
41 58 9922.341676
41 59 9937.873342
41 60 9953.405009
41 61 9968.936676
41 62 9984.468343
41 63 10000.000000
42 0 0.000000
42 1 18048.873655
42 2 10213.805376
42 3 8407.746459
42 4 8958.721519
42 5 9145.594122
42 6 9126.921862
42 7 9127.131460
42 8 9144.632874
42 9 9161.481161
42 10 9176.920728
42 11 9192.343040
42 12 9207.876654
42 13 9223.417114
42 14 9238.949051
42 15 9254.480025
42 16 9270.011631
42 17 9285.543346
42 18 9301.075017
42 19 9316.606678
42 20 9332.138342
42 21 9347.670008
42 22 9363.201674
42 23 9378.733341
42 24 9394.265008
42 25 9409.796675
42 26 9425.328343
42 27 9440.860011
42 28 9456.391679
42 29 9471.923348
42 30 9487.455016
42 31 9502.986685
42 32 9518.518353
42 33 9534.050022
42 34 9549.581690
42 35 9565.113359
42 36 9580.645027
42 37 9596.176695
42 38 9611.708364
42 39 9627.240031
42 40 9642.771699
42 41 9658.303367
42 42 9673.835034
42 43 9689.366701
42 44 9704.898368
42 45 9720.430035
42 46 9735.961702
42 47 9751.493368
42 48 9767.025034
42 49 9782.556700
42 50 9798.088366
42 51 9813.620032
42 52 9829.151697
42 53 9844.683362
42 54 9860.215027
42 55 9875.746692
42 56 9891.278357
42 57 9906.810022
42 58 9922.341686
42 59 9937.873351
42 60 9953.405015
42 61 9968.936680
42 62 9984.468344
42 63 10000.000000
43 0 0.000000
43 1 18048.874280
43 2 10213.805523
43 3 8407.746576
43 4 8958.721649
43 5 9145.594253
43 6 9126.921992
43 7 9127.131589
43 8 9144.633002
43 9 9161.481288
43 10 9176.920854
43 11 9192.343165
43 12 9207.876777
43 13 9223.417236
43 14 9238.949171
43 15 9254.480143
43 16 9270.011748
43 17 9285.543461
43 18 9301.075130
43 19 9316.606788
43 20 9332.138450
43 21 9347.670114
43 22 9363.201778
43 23 9378.733443
43 24 9394.265107
43 25 9409.796773
43 26 9425.328438
43 27 9440.860104
43 28 9456.391769
43 29 9471.923435
43 30 9487.455101
43 31 9502.986767
43 32 9518.518433
43 33 9534.050099
43 34 9549.581765
43 35 9565.113431
43 36 9580.645096
43 37 9596.176762
43 38 9611.708427
43 39 9627.240093
43 40 9642.771758
43 41 9658.303423
43 42 9673.835088
43 43 9689.366752
43 44 9704.898416
43 45 9720.430081
43 46 9735.961745
43 47 9751.493408
43 48 9767.025072
43 49 9782.556735
43 50 9798.088398
43 51 9813.620061
43 52 9829.151724
43 53 9844.683387
43 54 9860.215049
43 55 9875.746712
43 56 9891.278374
43 57 9906.810036
43 58 9922.341698
43 59 9937.873360
43 60 9953.405022
43 61 9968.936684
43 62 9984.468346
43 63 10000.000000
44 0 0.000000
44 1 18048.874968
44 2 10213.805686
44 3 8407.746705
44 4 8958.721793
44 5 9145.594398
44 6 9126.922136
44 7 9127.131731
44 8 9144.633144
44 9 9161.481428
44 10 9176.920993
44 11 9192.343302
44 12 9207.876912
44 13 9223.417369
44 14 9238.949303
44 15 9254.480273
44 16 9270.011876
44 17 9285.543587
44 18 9301.075253
44 19 9316.606910
44 20 9332.138570
44 21 9347.670231
44 22 9363.201893
44 23 9378.733554
44 24 9394.265217
44 25 9409.796879
44 26 9425.328542
44 27 9440.860205
44 28 9456.391868
44 29 9471.923531
44 30 9487.455194
44 31 9502.986857
44 32 9518.518520
44 33 9534.050183
44 34 9549.581846
44 35 9565.113509
44 36 9580.645172
44 37 9596.176835
44 38 9611.708497
44 39 9627.240160
44 40 9642.771822
44 41 9658.303484
44 42 9673.835146
44 43 9689.366807
44 44 9704.898469
44 45 9720.430130
44 46 9735.961791
44 47 9751.493452
44 48 9767.025113
44 49 9782.556773
44 50 9798.088434
44 51 9813.620094
44 52 9829.151754
44 53 9844.683414
44 54 9860.215074
44 55 9875.746733
44 56 9891.278393
44 57 9906.810052
44 58 9922.341711
44 59 9937.873370
44 60 9953.405030
44 61 9968.936689
44 62 9984.468348
44 63 10000.000000
45 0 0.000000
45 1 18048.875719
45 2 10213.805865
45 3 8407.746846
45 4 8958.721951
45 5 9145.594557
45 6 9126.922293
45 7 9127.131887
45 8 9144.633298
45 9 9161.481581
45 10 9176.921144
45 11 9192.343452
45 12 9207.877060
45 13 9223.417515
45 14 9238.949447
45 15 9254.480415
45 16 9270.012016
45 17 9285.543724
45 18 9301.075388
45 19 9316.607042
45 20 9332.138699
45 21 9347.670358
45 22 9363.202017
45 23 9378.733676
45 24 9394.265336
45 25 9409.796995
45 26 9425.328655
45 27 9440.860315
45 28 9456.391975
45 29 9471.923635
45 30 9487.455295
45 31 9502.986955
45 32 9518.518615
45 33 9534.050275
45 34 9549.581935
45 35 9565.113594
45 36 9580.645254
45 37 9596.176914
45 38 9611.708573
45 39 9627.240232
45 40 9642.771891
45 41 9658.303550
45 42 9673.835209
45 43 9689.366868
45 44 9704.898526
45 45 9720.430184
45 46 9735.961842
45 47 9751.493500
45 48 9767.025157
45 49 9782.556815
45 50 9798.088472
45 51 9813.620129
45 52 9829.151786
45 53 9844.683443
45 54 9860.215100
45 55 9875.746756
45 56 9891.278413
45 57 9906.810069
45 58 9922.341725
45 59 9937.873382
45 60 9953.405038
45 61 9968.936694
45 62 9984.468350
45 63 10000.000000
46 0 0.000000
46 1 18048.876534
46 2 10213.806060
46 3 8407.747000
46 4 8958.722123
46 5 9145.594730
46 6 9126.922464
46 7 9127.132057
46 8 9144.633466
46 9 9161.481748
46 10 9176.921309
46 11 9192.343615
46 12 9207.877221
46 13 9223.417674
46 14 9238.949604
46 15 9254.480570
46 16 9270.012167
46 17 9285.543873
46 18 9301.075535
46 19 9316.607186
46 20 9332.138840
46 21 9347.670496
46 22 9363.202152
46 23 9378.733808
46 24 9394.265464
46 25 9409.797121
46 26 9425.328777
46 27 9440.860434
46 28 9456.392090
46 29 9471.923747
46 30 9487.455404
46 31 9502.987060
46 32 9518.518717
46 33 9534.050374
46 34 9549.582030
46 35 9565.113686
46 36 9580.645343
46 37 9596.176999
46 38 9611.708655
46 39 9627.240311
46 40 9642.771966
46 41 9658.303622
46 42 9673.835277
46 43 9689.366932
46 44 9704.898587
46 45 9720.430242
46 46 9735.961897
46 47 9751.493551
46 48 9767.025205
46 49 9782.556859
46 50 9798.088513
46 51 9813.620167
46 52 9829.151821
46 53 9844.683474
46 54 9860.215128
46 55 9875.746781
46 56 9891.278434
46 57 9906.810087
46 58 9922.341740
46 59 9937.873393
46 60 9953.405046
46 61 9968.936699
46 62 9984.468352
46 63 10000.000000
47 0 0.000000
47 1 18048.877414
47 2 10213.806272
47 3 8407.747167
47 4 8958.722310
47 5 9145.594917
47 6 9126.922650
47 7 9127.132241
47 8 9144.633649
47 9 9161.481928
47 10 9176.921488
47 11 9192.343791
47 12 9207.877396
47 13 9223.417846
47 14 9238.949773
47 15 9254.480736
47 16 9270.012331
47 17 9285.544034
47 18 9301.075693
47 19 9316.607341
47 20 9332.138992
47 21 9347.670645
47 22 9363.202297
47 23 9378.733950
47 24 9394.265603
47 25 9409.797256
47 26 9425.328909
47 27 9440.860562
47 28 9456.392215
47 29 9471.923868
47 30 9487.455521
47 31 9502.987174
47 32 9518.518827
47 33 9534.050480
47 34 9549.582133
47 35 9565.113785
47 36 9580.645438
47 37 9596.177090
47 38 9611.708742
47 39 9627.240395
47 40 9642.772046
47 41 9658.303698
47 42 9673.835350
47 43 9689.367001
47 44 9704.898653
47 45 9720.430304
47 46 9735.961955
47 47 9751.493606
47 48 9767.025256
47 49 9782.556907
47 50 9798.088557
47 51 9813.620208
47 52 9829.151858
47 53 9844.683508
47 54 9860.215158
47 55 9875.746808
47 56 9891.278457
47 57 9906.810107
47 58 9922.341757
47 59 9937.873406
47 60 9953.405056
47 61 9968.936705
47 62 9984.468355
47 63 10000.000000
48 0 0.000000
48 1 18048.878362
48 2 10213.806501
48 3 8407.747348
48 4 8958.722512
48 5 9145.595120
48 6 9126.922850
48 7 9127.132439
48 8 9144.633845
48 9 9161.482123
48 10 9176.921680
48 11 9192.343981
48 12 9207.877583
48 13 9223.418031
48 14 9238.949955
48 15 9254.480916
48 16 9270.012508
48 17 9285.544207
48 18 9301.075863
48 19 9316.607507
48 20 9332.139155
48 21 9347.670804
48 22 9363.202453
48 23 9378.734102
48 24 9394.265751
48 25 9409.797401
48 26 9425.329050
48 27 9440.860699
48 28 9456.392348
48 29 9471.923997
48 30 9487.455646
48 31 9502.987295
48 32 9518.518944
48 33 9534.050593
48 34 9549.582242
48 35 9565.113891
48 36 9580.645539
48 37 9596.177188
48 38 9611.708836
48 39 9627.240484
48 40 9642.772132
48 41 9658.303780
48 42 9673.835428
48 43 9689.367075
48 44 9704.898723
48 45 9720.430370
48 46 9735.962017
48 47 9751.493664
48 48 9767.025311
48 49 9782.556958
48 50 9798.088604
48 51 9813.620251
48 52 9829.151897
48 53 9844.683544
48 54 9860.215190
48 55 9875.746836
48 56 9891.278482
48 57 9906.810128
48 58 9922.341774
48 59 9937.873420
48 60 9953.405065
48 61 9968.936711
48 62 9984.468357
48 63 10000.000000
49 0 0.000000
49 1 18048.879377
49 2 10213.806748
49 3 8407.747543
49 4 8958.722730
49 5 9145.595339
49 6 9126.923066
49 7 9127.132653
49 8 9144.634057
49 9 9161.482332
49 10 9176.921887
49 11 9192.344185
49 12 9207.877785
49 13 9223.418230
49 14 9238.950151
49 15 9254.481108
49 16 9270.012696
49 17 9285.544393
49 18 9301.076045
49 19 9316.607686
49 20 9332.139330
49 21 9347.670975
49 22 9363.202620
49 23 9378.734265
49 24 9394.265910
49 25 9409.797555
49 26 9425.329200
49 27 9440.860845
49 28 9456.392490
49 29 9471.924135
49 30 9487.455780
49 31 9502.987425
49 32 9518.519069
49 33 9534.050714
49 34 9549.582359
49 35 9565.114003
49 36 9580.645647
49 37 9596.177291
49 38 9611.708935
49 39 9627.240579
49 40 9642.772223
49 41 9658.303867
49 42 9673.835510
49 43 9689.367154
49 44 9704.898797
49 45 9720.430440
49 46 9735.962083
49 47 9751.493726
49 48 9767.025369
49 49 9782.557011
49 50 9798.088654
49 51 9813.620297
49 52 9829.151939
49 53 9844.683581
49 54 9860.215224
49 55 9875.746866
49 56 9891.278508
49 57 9906.810150
49 58 9922.341792
49 59 9937.873434
49 60 9953.405076
49 61 9968.936718
49 62 9984.468360
49 63 10000.000000
50 0 0.000000
50 1 18048.880462
50 2 10213.807014
50 3 8407.747753
50 4 8958.722963
50 5 9145.595573
50 6 9126.923298
50 7 9127.132882
50 8 9144.634284
50 9 9161.482556
50 10 9176.922109
50 11 9192.344404
50 12 9207.878000
50 13 9223.418442
50 14 9238.950360
50 15 9254.481313
50 16 9270.012898
50 17 9285.544591
50 18 9301.076239
50 19 9316.607876
50 20 9332.139516
50 21 9347.671157
50 22 9363.202798
50 23 9378.734439
50 24 9394.266079
50 25 9409.797720
50 26 9425.329360
50 27 9440.861001
50 28 9456.392641
50 29 9471.924282
50 30 9487.455922
50 31 9502.987562
50 32 9518.519202
50 33 9534.050842
50 34 9549.582482
50 35 9565.114122
50 36 9580.645762
50 37 9596.177401
50 38 9611.709041
50 39 9627.240680
50 40 9642.772319
50 41 9658.303958
50 42 9673.835597
50 43 9689.367236
50 44 9704.898875
50 45 9720.430514
50 46 9735.962153
50 47 9751.493791
50 48 9767.025430
50 49 9782.557068
50 50 9798.088707
50 51 9813.620345
50 52 9829.151983
50 53 9844.683621
50 54 9860.215259
50 55 9875.746897
50 56 9891.278535
50 57 9906.810173
50 58 9922.341811
50 59 9937.873449
50 60 9953.405087
50 61 9968.936725
50 62 9984.468362
50 63 10000.000000
51 0 0.000000
51 1 18048.881617
51 2 10213.807299
51 3 8407.747977
51 4 8958.723214
51 5 9145.595824
51 6 9126.923546
51 7 9127.133128
51 8 9144.634527
51 9 9161.482796
51 10 9176.922345
51 11 9192.344638
51 12 9207.878231
51 13 9223.418669
51 14 9238.950583
51 15 9254.481532
51 16 9270.013113
51 17 9285.544802
51 18 9301.076446
51 19 9316.608078
51 20 9332.139714
51 21 9347.671350
51 22 9363.202987
51 23 9378.734623
51 24 9394.266259
51 25 9409.797895
51 26 9425.329530
51 27 9440.861166
51 28 9456.392801
51 29 9471.924437
51 30 9487.456072
51 31 9502.987707
51 32 9518.519343
51 33 9534.050978
51 34 9549.582613
51 35 9565.114247
51 36 9580.645882
51 37 9596.177517
51 38 9611.709152
51 39 9627.240786
51 40 9642.772421
51 41 9658.304055
51 42 9673.835689
51 43 9689.367324
51 44 9704.898958
51 45 9720.430592
51 46 9735.962226
51 47 9751.493860
51 48 9767.025494
51 49 9782.557128
51 50 9798.088762
51 51 9813.620396
51 52 9829.152029
51 53 9844.683663
51 54 9860.215297
51 55 9875.746930
51 56 9891.278564
51 57 9906.810198
51 58 9922.341831
51 59 9937.873465
51 60 9953.405098
51 61 9968.936732
51 62 9984.468365
51 63 10000.000000
52 0 0.000000
52 1 18048.882845
52 2 10213.807605
52 3 8407.748217
52 4 8958.723482
52 5 9145.596093
52 6 9126.923811
52 7 9127.133390
52 8 9144.634786
52 9 9161.483052
52 10 9176.922598
52 11 9192.344887
52 12 9207.878476
52 13 9223.418910
52 14 9238.950820
52 15 9254.481765
52 16 9270.013342
52 17 9285.545026
52 18 9301.076665
52 19 9316.608293
52 20 9332.139924
52 21 9347.671556
52 22 9363.203187
52 23 9378.734818
52 24 9394.266449
52 25 9409.798079
52 26 9425.329710
52 27 9440.861340
52 28 9456.392971
52 29 9471.924601
52 30 9487.456231
52 31 9502.987861
52 32 9518.519491
52 33 9534.051121
52 34 9549.582750
52 35 9565.114380
52 36 9580.646009
52 37 9596.177639
52 38 9611.709268
52 39 9627.240898
52 40 9642.772527
52 41 9658.304157
52 42 9673.835786
52 43 9689.367415
52 44 9704.899044
52 45 9720.430674
52 46 9735.962303
52 47 9751.493932
52 48 9767.025561
52 49 9782.557190
52 50 9798.088819
52 51 9813.620449
52 52 9829.152078
52 53 9844.683707
52 54 9860.215336
52 55 9875.746965
52 56 9891.278594
52 57 9906.810223
52 58 9922.341852
52 59 9937.873481
52 60 9953.405110
52 61 9968.936739
52 62 9984.468368
52 63 10000.000000
53 0 0.000000
53 1 18048.884146
53 2 10213.807930
53 3 8407.748474
53 4 8958.723768
53 5 9145.596379
53 6 9126.924093
53 7 9127.133669
53 8 9144.635062
53 9 9161.483325
53 10 9176.922867
53 11 9192.345151
53 12 9207.878736
53 13 9223.419166
53 14 9238.951072
53 15 9254.482013
53 16 9270.013585
53 17 9285.545264
53 18 9301.076898
53 19 9316.608521
53 20 9332.140146
53 21 9347.671773
53 22 9363.203398
53 23 9378.735024
53 24 9394.266649
53 25 9409.798275
53 26 9425.329900
53 27 9440.861524
53 28 9456.393149
53 29 9471.924774
53 30 9487.456398
53 31 9502.988022
53 32 9518.519647
53 33 9534.051271
53 34 9549.582895
53 35 9565.114519
53 36 9580.646143
53 37 9596.177767
53 38 9611.709391
53 39 9627.241015
53 40 9642.772639
53 41 9658.304263
53 42 9673.835887
53 43 9689.367511
53 44 9704.899135
53 45 9720.430759
53 46 9735.962383
53 47 9751.494007
53 48 9767.025632
53 49 9782.557256
53 50 9798.088880
53 51 9813.620504
53 52 9829.152128
53 53 9844.683753
53 54 9860.215377
53 55 9875.747001
53 56 9891.278625
53 57 9906.810250
53 58 9922.341874
53 59 9937.873498
53 60 9953.405123
53 61 9968.936747
53 62 9984.468371
53 63 10000.000000
54 0 0.000000
54 1 18048.885523
54 2 10213.808278
54 3 8407.748747
54 4 8958.724072
54 5 9145.596684
54 6 9126.924394
54 7 9127.133966
54 8 9144.635355
54 9 9161.483614
54 10 9176.923152
54 11 9192.345432
54 12 9207.879013
54 13 9223.419438
54 14 9238.951339
54 15 9254.482275
54 16 9270.013841
54 17 9285.545515
54 18 9301.077144
54 19 9316.608761
54 20 9332.140381
54 21 9347.672002
54 22 9363.203622
54 23 9378.735242
54 24 9394.266861
54 25 9409.798480
54 26 9425.330099
54 27 9440.861718
54 28 9456.393337
54 29 9471.924955
54 30 9487.456574
54 31 9502.988192
54 32 9518.519810
54 33 9534.051428
54 34 9549.583047
54 35 9565.114665
54 36 9580.646283
54 37 9596.177901
54 38 9611.709519
54 39 9627.241138
54 40 9642.772756
54 41 9658.304374
54 42 9673.835993
54 43 9689.367611
54 44 9704.899230
54 45 9720.430848
54 46 9735.962467
54 47 9751.494086
54 48 9767.025705
54 49 9782.557324
54 50 9798.088943
54 51 9813.620562
54 52 9829.152181
54 53 9844.683800
54 54 9860.215419
54 55 9875.747039
54 56 9891.278658
54 57 9906.810277
54 58 9922.341897
54 59 9937.873516
54 60 9953.405136
54 61 9968.936755
54 62 9984.468375
54 63 10000.000000
55 0 0.000000
55 1 18048.886976
55 2 10213.808648
55 3 8407.749038
55 4 8958.724396
55 5 9145.597008
55 6 9126.924713
55 7 9127.134281
55 8 9144.635666
55 9 9161.483921
55 10 9176.923454
55 11 9192.345730
55 12 9207.879306
55 13 9223.419726
55 14 9238.951621
55 15 9254.482552
55 16 9270.014113
55 17 9285.545781
55 18 9301.077404
55 19 9316.609015
55 20 9332.140629
55 21 9347.672243
55 22 9363.203857
55 23 9378.735471
55 24 9394.267084
55 25 9409.798697
55 26 9425.330309
55 27 9440.861922
55 28 9456.393534
55 29 9471.925146
55 30 9487.456758
55 31 9502.988370
55 32 9518.519982
55 33 9534.051594
55 34 9549.583206
55 35 9565.114817
55 36 9580.646429
55 37 9596.178041
55 38 9611.709654
55 39 9627.241266
55 40 9642.772878
55 41 9658.304490
55 42 9673.836103
55 43 9689.367716
55 44 9704.899328
55 45 9720.430941
55 46 9735.962554
55 47 9751.494168
55 48 9767.025781
55 49 9782.557394
55 50 9798.089008
55 51 9813.620622
55 52 9829.152236
55 53 9844.683849
55 54 9860.215463
55 55 9875.747078
55 56 9891.278692
55 57 9906.810306
55 58 9922.341920
55 59 9937.873535
55 60 9953.405149
55 61 9968.936763
55 62 9984.468378
55 63 10000.000000
56 0 0.000000
56 1 18048.888508
56 2 10213.809041
56 3 8407.749346
56 4 8958.724740
56 5 9145.597352
56 6 9126.925052
56 7 9127.134616
56 8 9144.635996
56 9 9161.484246
56 10 9176.923775
56 11 9192.346045
56 12 9207.879615
56 13 9223.420030
56 14 9238.951920
56 15 9254.482844
56 16 9270.014399
56 17 9285.546061
56 18 9301.077678
56 19 9316.609283
56 20 9332.140890
56 21 9347.672498
56 22 9363.204105
56 23 9378.735712
56 24 9394.267318
56 25 9409.798924
56 26 9425.330530
56 27 9440.862135
56 28 9456.393741
56 29 9471.925346
56 30 9487.456951
56 31 9502.988556
56 32 9518.520161
56 33 9534.051766
56 34 9549.583372
56 35 9565.114977
56 36 9580.646582
56 37 9596.178188
56 38 9611.709793
56 39 9627.241399
56 40 9642.773005
56 41 9658.304611
56 42 9673.836218
56 43 9689.367824
56 44 9704.899431
56 45 9720.431038
56 46 9735.962645
56 47 9751.494252
56 48 9767.025860
56 49 9782.557468
56 50 9798.089076
56 51 9813.620684
56 52 9829.152292
56 53 9844.683901
56 54 9860.215509
56 55 9875.747118
56 56 9891.278727
56 57 9906.810336
56 58 9922.341945
56 59 9937.873554
56 60 9953.405163
56 61 9968.936772
56 62 9984.468382
56 63 10000.000000
57 0 0.000000
57 1 18048.890120
57 2 10213.809458
57 3 8407.749674
57 4 8958.725104
57 5 9145.597717
57 6 9126.925411
57 7 9127.134970
57 8 9144.636346
57 9 9161.484590
57 10 9176.924113
57 11 9192.346378
57 12 9207.879943
57 13 9223.420351
57 14 9238.952235
57 15 9254.483153
57 16 9270.014701
57 17 9285.546357
57 18 9301.077966
57 19 9316.609564
57 20 9332.141165
57 21 9347.672765
57 22 9363.204365
57 23 9378.735965
57 24 9394.267564
57 25 9409.799163
57 26 9425.330761
57 27 9440.862359
57 28 9456.393957
57 29 9471.925555
57 30 9487.457153
57 31 9502.988751
57 32 9518.520349
57 33 9534.051947
57 34 9549.583545
57 35 9565.115143
57 36 9580.646741
57 37 9596.178340
57 38 9611.709939
57 39 9627.241538
57 40 9642.773137
57 41 9658.304737
57 42 9673.836337
57 43 9689.367937
57 44 9704.899537
57 45 9720.431138
57 46 9735.962739
57 47 9751.494340
57 48 9767.025942
57 49 9782.557544
57 50 9798.089146
57 51 9813.620748
57 52 9829.152351
57 53 9844.683953
57 54 9860.215556
57 55 9875.747160
57 56 9891.278763
57 57 9906.810366
57 58 9922.341970
57 59 9937.873574
57 60 9953.405178
57 61 9968.936781
57 62 9984.468385
57 63 10000.000000
58 0 0.000000
58 1 18048.891814
58 2 10213.809900
58 3 8407.750021
58 4 8958.725490
58 5 9145.598103
58 6 9126.925790
58 7 9127.135344
58 8 9144.636715
58 9 9161.484954
58 10 9176.924471
58 11 9192.346730
58 12 9207.880288
58 13 9223.420690
58 14 9238.952567
58 15 9254.483478
58 16 9270.015019
58 17 9285.546667
58 18 9301.078270
58 19 9316.609860
58 20 9332.141453
58 21 9347.673046
58 22 9363.204638
58 23 9378.736230
58 24 9394.267821
58 25 9409.799412
58 26 9425.331003
58 27 9440.862593
58 28 9456.394183
58 29 9471.925773
58 30 9487.457364
58 31 9502.988954
58 32 9518.520544
58 33 9534.052134
58 34 9549.583725
58 35 9565.115316
58 36 9580.646907
58 37 9596.178498
58 38 9611.710090
58 39 9627.241682
58 40 9642.773274
58 41 9658.304867
58 42 9673.836460
58 43 9689.368053
58 44 9704.899647
58 45 9720.431241
58 46 9735.962836
58 47 9751.494431
58 48 9767.026026
58 49 9782.557622
58 50 9798.089218
58 51 9813.620814
58 52 9829.152411
58 53 9844.684008
58 54 9860.215605
58 55 9875.747202
58 56 9891.278800
58 57 9906.810398
58 58 9922.341996
58 59 9937.873594
58 60 9953.405192
58 61 9968.936790
58 62 9984.468389
58 63 10000.000000
59 0 0.000000
59 1 18048.893589
59 2 10213.810366
59 3 8407.750386
59 4 8958.725896
59 5 9145.598508
59 6 9126.926189
59 7 9127.135737
59 8 9144.637102
59 9 9161.485336
59 10 9176.924846
59 11 9192.347099
59 12 9207.880650
59 13 9223.421045
59 14 9238.952914
59 15 9254.483818
59 16 9270.015352
59 17 9285.546992
59 18 9301.078586
59 19 9316.610169
59 20 9332.141754
59 21 9347.673339
59 22 9363.204923
59 23 9378.736506
59 24 9394.268089
59 25 9409.799672
59 26 9425.331254
59 27 9440.862836
59 28 9456.394418
59 29 9471.926000
59 30 9487.457582
59 31 9502.989164
59 32 9518.520746
59 33 9534.052328
59 34 9549.583911
59 35 9565.115494
59 36 9580.647077
59 37 9596.178661
59 38 9611.710245
59 39 9627.241829
59 40 9642.773414
59 41 9658.305000
59 42 9673.836586
59 43 9689.368172
59 44 9704.899759
59 45 9720.431347
59 46 9735.962935
59 47 9751.494523
59 48 9767.026112
59 49 9782.557701
59 50 9798.089291
59 51 9813.620881
59 52 9829.152472
59 53 9844.684063
59 54 9860.215654
59 55 9875.747246
59 56 9891.278838
59 57 9906.810430
59 58 9922.342022
59 59 9937.873615
59 60 9953.405207
59 61 9968.936799
59 62 9984.468393
59 63 10000.000000
60 0 0.000000
60 1 18048.895452
60 2 10213.810861
60 3 8407.750775
60 4 8958.726328
60 5 9145.598940
60 6 9126.926613
60 7 9127.136155
60 8 9144.637514
60 9 9161.485741
60 10 9176.925244
60 11 9192.347490
60 12 9207.881033
60 13 9223.421421
60 14 9238.953282
60 15 9254.484178
60 16 9270.015704
60 17 9285.547336
60 18 9301.078922
60 19 9316.610495
60 20 9332.142071
60 21 9347.673648
60 22 9363.205223
60 23 9378.736797
60 24 9394.268371
60 25 9409.799945
60 26 9425.331518
60 27 9440.863092
60 28 9456.394665
60 29 9471.926238
60 30 9487.457811
60 31 9502.989384
60 32 9518.520958
60 33 9534.052532
60 34 9549.584106
60 35 9565.115681
60 36 9580.647256
60 37 9596.178831
60 38 9611.710407
60 39 9627.241984
60 40 9642.773561
60 41 9658.305139
60 42 9673.836718
60 43 9689.368297
60 44 9704.899877
60 45 9720.431457
60 46 9735.963038
60 47 9751.494619
60 48 9767.026202
60 49 9782.557784
60 50 9798.089368
60 51 9813.620951
60 52 9829.152536
60 53 9844.684120
60 54 9860.215705
60 55 9875.747291
60 56 9891.278877
60 57 9906.810463
60 58 9922.342049
60 59 9937.873636
60 60 9953.405223
60 61 9968.936809
60 62 9984.468396
60 63 10000.000000
61 0 0.000000
61 1 18048.897458
61 2 10213.811423
61 3 8407.751216
61 4 8958.726817
61 5 9145.599429
61 6 9126.927094
61 7 9127.136629
61 8 9144.637981
61 9 9161.486200
61 10 9176.925696
61 11 9192.347934
61 12 9207.881469
61 13 9223.421848
61 14 9238.953701
61 15 9254.484588
61 16 9270.016104
61 17 9285.547727
61 18 9301.079303
61 19 9316.610867
61 20 9332.142434
61 21 9347.674000
61 22 9363.205565
61 23 9378.737130
61 24 9394.268694
61 25 9409.800258
61 26 9425.331821
61 27 9440.863384
61 28 9456.394947
61 29 9471.926510
61 30 9487.458074
61 31 9502.989637
61 32 9518.521201
61 33 9534.052765
61 34 9549.584330
61 35 9565.115895
61 36 9580.647461
61 37 9596.179027
61 38 9611.710594
61 39 9627.242162
61 40 9642.773731
61 41 9658.305300
61 42 9673.836870
61 43 9689.368440
61 44 9704.900012
61 45 9720.431584
61 46 9735.963157
61 47 9751.494731
61 48 9767.026305
61 49 9782.557880
61 50 9798.089456
61 51 9813.621032
61 52 9829.152609
61 53 9844.684187
61 54 9860.215765
61 55 9875.747343
61 56 9891.278922
61 57 9906.810501
61 58 9922.342081
61 59 9937.873661
61 60 9953.405241
61 61 9968.936820
61 62 9984.468401
61 63 10000.000000
62 0 0.000000
62 1 18048.899520
62 2 10213.811991
62 3 8407.751661
62 4 8958.727312
62 5 9145.599923
62 6 9126.927580
62 7 9127.137107
62 8 9144.638451
62 9 9161.486663
62 10 9176.926151
62 11 9192.348380
62 12 9207.881907
62 13 9223.422276
62 14 9238.954120
62 15 9254.484998
62 16 9270.016504
62 17 9285.548117
62 18 9301.079684
62 19 9316.611238
62 20 9332.142794
62 21 9347.674351
62 22 9363.205906
62 23 9378.737460
62 24 9394.269014
62 25 9409.800567
62 26 9425.332120
62 27 9440.863673
62 28 9456.395226
62 29 9471.926779
62 30 9487.458332
62 31 9502.989885
62 32 9518.521439
62 33 9534.052994
62 34 9549.584549
62 35 9565.116104
62 36 9580.647661
62 37 9596.179218
62 38 9611.710776
62 39 9627.242335
62 40 9642.773894
62 41 9658.305455
62 42 9673.837016
62 43 9689.368579
62 44 9704.900142
62 45 9720.431706
62 46 9735.963271
62 47 9751.494837
62 48 9767.026404
62 49 9782.557972
62 50 9798.089540
62 51 9813.621109
62 52 9829.152679
62 53 9844.684250
62 54 9860.215821
62 55 9875.747393
62 56 9891.278965
62 57 9906.810538
62 58 9922.342111
62 59 9937.873684
62 60 9953.405258
62 61 9968.936831
62 62 9984.468405
62 63 10000.000000
63 0 0.000000
63 1 18048.899520
63 2 10213.811991
63 3 8407.751661
63 4 8958.727312
63 5 9145.599923
63 6 9126.927580
63 7 9127.137107
63 8 9144.638451
63 9 9161.486663
63 10 9176.926151
63 11 9192.348380
63 12 9207.881907
63 13 9223.422276
63 14 9238.954120
63 15 9254.484998
63 16 9270.016504
63 17 9285.548117
63 18 9301.079684
63 19 9316.611238
63 20 9332.142794
63 21 9347.674351
63 22 9363.205906
63 23 9378.737460
63 24 9394.269014
63 25 9409.800567
63 26 9425.332120
63 27 9440.863673
63 28 9456.395226
63 29 9471.926779
63 30 9487.458332
63 31 9502.989885
63 32 9518.521439
63 33 9534.052994
63 34 9549.584549
63 35 9565.116104
63 36 9580.647661
63 37 9596.179218
63 38 9611.710776
63 39 9627.242335
63 40 9642.773894
63 41 9658.305455
63 42 9673.837016
63 43 9689.368579
63 44 9704.900142
63 45 9720.431706
63 46 9735.963271
63 47 9751.494837
63 48 9767.026404
63 49 9782.557972
63 50 9798.089540
63 51 9813.621109
63 52 9829.152679
63 53 9844.684250
63 54 9860.215821
63 55 9875.747393
63 56 9891.278965
63 57 9906.810538
63 58 9922.342111
63 59 9937.873684
63 60 9953.405258
63 61 9968.936831
63 62 9984.468405
63 63 10000.000000
