0 0 0.000000
0 1 15804.226996
0 2 8977.824617
0 3 7419.270097
0 4 7920.278639
0 5 8103.326865
0 6 8106.872810
0 7 8126.898518
0 8 8162.016866
0 9 8196.565524
0 10 8229.885275
0 11 8263.189965
0 12 8296.591692
0 13 8329.999380
0 14 8363.399635
0 15 8396.799047
0 16 8430.199005
0 17 8463.599055
0 18 8496.999062
0 19 8530.399058
0 20 8563.799055
0 21 8597.199052
0 22 8630.599048
0 23 8663.999043
0 24 8697.399038
0 25 8730.799033
0 26 8764.199029
0 27 8797.599025
0 28 8830.999022
0 29 8864.399021
0 30 8897.799020
0 31 8931.199021
0 32 8964.599024
0 33 8997.999028
0 34 9031.399035
0 35 9064.799043
0 36 9098.199053
0 37 9131.599065
0 38 9164.999079
0 39 9198.399095
0 40 9231.799114
0 41 9265.199134
0 42 9298.599157
0 43 9331.999181
0 44 9365.399208
0 45 9398.799236
0 46 9432.199267
0 47 9465.599299
0 48 9498.999333
0 49 9532.399368
0 50 9565.799405
0 51 9599.199444
0 52 9632.599484
0 53 9665.999525
0 54 9699.399567
0 55 9732.799611
0 56 9766.199655
0 57 9799.599700
0 58 9832.999746
0 59 9866.399792
0 60 9899.799839
0 61 9933.199886
0 62 9966.599933
0 63 10000.000000
1 0 0.000000
1 1 15804.226996
1 2 8977.824617
1 3 7419.270097
1 4 7920.278639
1 5 8103.326865
1 6 8106.872810
1 7 8126.898518
1 8 8162.016866
1 9 8196.565524
1 10 8229.885275
1 11 8263.189965
1 12 8296.591692
1 13 8329.999380
1 14 8363.399635
1 15 8396.799047
1 16 8430.199005
1 17 8463.599055
1 18 8496.999062
1 19 8530.399058
1 20 8563.799055
1 21 8597.199052
1 22 8630.599048
1 23 8663.999043
1 24 8697.399038
1 25 8730.799033
1 26 8764.199029
1 27 8797.599025
1 28 8830.999022
1 29 8864.399021
1 30 8897.799020
1 31 8931.199021
1 32 8964.599024
1 33 8997.999028
1 34 9031.399035
1 35 9064.799043
1 36 9098.199053
1 37 9131.599065
1 38 9164.999079
1 39 9198.399095
1 40 9231.799114
1 41 9265.199134
1 42 9298.599157
1 43 9331.999181
1 44 9365.399208
1 45 9398.799236
1 46 9432.199267
1 47 9465.599299
1 48 9498.999333
1 49 9532.399368
1 50 9565.799405
1 51 9599.199444
1 52 9632.599484
1 53 9665.999525
1 54 9699.399567
1 55 9732.799611
1 56 9766.199655
1 57 9799.599700
1 58 9832.999746
1 59 9866.399792
1 60 9899.799839
1 61 9933.199886
1 62 9966.599933
1 63 10000.000000
2 0 0.000000
2 1 15804.224497
2 2 8977.823938
2 3 7419.269568
2 4 7920.278053
2 5 8103.326282
2 6 8106.872240
2 7 8126.897960
2 8 8162.016319
2 9 8196.564990
2 10 8229.884754
2 11 8263.189457
2 12 8296.591198
2 13 8329.998900
2 14 8363.399170
2 15 8396.798596
2 16 8430.198569
2 17 8463.598633
2 18 8496.998655
2 19 8530.398666
2 20 8563.798678
2 21 8597.198689
2 22 8630.598700
2 23 8663.998710
2 24 8697.398719
2 25 8730.798728
2 26 8764.198738
2 27 8797.598748
2 28 8830.998758
2 29 8864.398770
2 30 8897.798782
2 31 8931.198796
2 32 8964.598810
2 33 8997.998827
2 34 9031.398844
2 35 9064.798863
2 36 9098.198884
2 37 9131.598906
2 38 9164.998930
2 39 9198.398956
2 40 9231.798983
2 41 9265.199013
2 42 9298.599043
2 43 9331.999076
2 44 9365.399110
2 45 9398.799146
2 46 9432.199183
2 47 9465.599222
2 48 9498.999262
2 49 9532.399304
2 50 9565.799347
2 51 9599.199391
2 52 9632.599436
2 53 9665.999482
2 54 9699.399530
2 55 9732.799578
2 56 9766.199627
2 57 9799.599676
2 58 9832.999727
2 59 9866.399777
2 60 9899.799828
2 61 9933.199879
2 62 9966.599931
2 63 10000.000000
3 0 0.000000
3 1 15804.222074
3 2 8977.823272
3 3 7419.269047
3 4 7920.277476
3 5 8103.325707
3 6 8106.871677
3 7 8126.897408
3 8 8162.015778
3 9 8196.564460
3 10 8229.884236
3 11 8263.188951
3 12 8296.590705
3 13 8329.998420
3 14 8363.398703
3 15 8396.798143
3 16 8430.198130
3 17 8463.598208
3 18 8496.998244
3 19 8530.398269
3 20 8563.798295
3 21 8597.198321
3 22 8630.598345
3 23 8663.998369
3 24 8697.398392
3 25 8730.798415
3 26 8764.198438
3 27 8797.598461
3 28 8830.998485
3 29 8864.398509
3 30 8897.798534
3 31 8931.198559
3 32 8964.598586
3 33 8997.998614
3 34 9031.398643
3 35 9064.798673
3 36 9098.198704
3 37 9131.598737
3 38 9164.998770
3 39 9198.398806
3 40 9231.798842
3 41 9265.198880
3 42 9298.598920
3 43 9331.998961
3 44 9365.399003
3 45 9398.799046
3 46 9432.199091
3 47 9465.599136
3 48 9498.999184
3 49 9532.399232
3 50 9565.799281
3 51 9599.199331
3 52 9632.599382
3 53 9665.999434
3 54 9699.399487
3 55 9732.799540
3 56 9766.199594
3 57 9799.599649
3 58 9832.999704
3 59 9866.399760
3 60 9899.799816
3 61 9933.199871
3 62 9966.599927
3 63 10000.000000
4 0 0.000000
4 1 15804.219836
4 2 8977.822692
4 3 7419.268594
4 4 7920.276973
4 5 8103.325206
4 6 8106.871186
4 7 8126.896926
4 8 8162.015305
4 9 8196.563997
4 10 8229.883783
4 11 8263.188509
4 12 8296.590274
4 13 8329.998001
4 14 8363.398295
4 15 8396.797747
4 16 8430.197746
4 17 8463.597835
4 18 8496.997884
4 19 8530.397921
4 20 8563.797960
4 21 8597.197997
4 22 8630.598034
4 23 8663.998070
4 24 8697.398105
4 25 8730.798140
4 26 8764.198175
4 27 8797.598210
4 28 8830.998244
4 29 8864.398280
4 30 8897.798315
4 31 8931.198352
4 32 8964.598389
4 33 8997.998426
4 34 9031.398465
4 35 9064.798504
4 36 9098.198545
4 37 9131.598586
4 38 9164.998629
4 39 9198.398673
4 40 9231.798717
4 41 9265.198763
4 42 9298.598810
4 43 9331.998858
4 44 9365.398907
4 45 9398.798957
4 46 9432.199008
4 47 9465.599060
4 48 9498.999113
4 49 9532.399167
4 50 9565.799222
4 51 9599.199277
4 52 9632.599334
4 53 9665.999391
4 54 9699.399448
4 55 9732.799506
4 56 9766.199565
4 57 9799.599624
4 58 9832.999684
4 59 9866.399744
4 60 9899.799804
4 61 9933.199864
4 62 9966.599925
4 63 10000.000000
5 0 0.000000
5 1 15804.217713
5 2 8977.822153
5 3 7419.268172
5 4 7920.276503
5 5 8103.324738
5 6 8106.870727
5 7 8126.896474
5 8 8162.014862
5 9 8196.563562
5 10 8229.883357
5 11 8263.188093
5 12 8296.589868
5 13 8329.997605
5 14 8363.397910
5 15 8396.797372
5 16 8430.197382
5 17 8463.597483
5 18 8496.997543
5 19 8530.397591
5 20 8563.797641
5 21 8597.197690
5 22 8630.597738
5 23 8663.997785
5 24 8697.397831
5 25 8730.797877
5 26 8764.197922
5 27 8797.597968
5 28 8830.998013
5 29 8864.398059
5 30 8897.798105
5 31 8931.198151
5 32 8964.598197
5 33 8997.998244
5 34 9031.398292
5 35 9064.798341
5 36 9098.198390
5 37 9131.598440
5 38 9164.998490
5 39 9198.398542
5 40 9231.798594
5 41 9265.198647
5 42 9298.598701
5 43 9331.998756
5 44 9365.398812
5 45 9398.798868
5 46 9432.198926
5 47 9465.598984
5 48 9498.999043
5 49 9532.399102
5 50 9565.799162
5 51 9599.199223
5 52 9632.599285
5 53 9665.999347
5 54 9699.399409
5 55 9732.799472
5 56 9766.199536
5 57 9799.599599
5 58 9832.999664
5 59 9866.399728
5 60 9899.799792
5 61 9933.199857
5 62 9966.599922
5 63 10000.000000
6 0 0.000000
6 1 15804.215694
6 2 8977.821647
6 3 7419.267776
6 4 7920.276060
6 5 8103.324296
6 6 8106.870292
6 7 8126.896047
6 8 8162.014442
6 9 8196.563150
6 10 8229.882953
6 11 8263.187697
6 12 8296.589481
6 13 8329.997227
6 14 8363.397541
6 15 8396.797013
6 16 8430.197033
6 17 8463.597144
6 18 8496.997214
6 19 8530.397273
6 20 8563.797333
6 21 8597.197392
6 22 8630.597450
6 23 8663.997508
6 24 8697.397564
6 25 8730.797620
6 26 8764.197676
6 27 8797.597731
6 28 8830.997787
6 29 8864.397842
6 30 8897.797897
6 31 8931.197953
6 32 8964.598008
6 33 8997.998065
6 34 9031.398121
6 35 9064.798178
6 36 9098.198235
6 37 9131.598293
6 38 9164.998352
6 39 9198.398411
6 40 9231.798471
6 41 9265.198531
6 42 9298.598592
6 43 9331.998654
6 44 9365.398716
6 45 9398.798779
6 46 9432.198842
6 47 9465.598906
6 48 9498.998971
6 49 9532.399036
6 50 9565.799102
6 51 9599.199168
6 52 9632.599235
6 53 9665.999302
6 54 9699.399369
6 55 9732.799437
6 56 9766.199505
6 57 9799.599574
6 58 9832.999642
6 59 9866.399711
6 60 9899.799780
6 61 9933.199849
6 62 9966.599919
6 63 10000.000000
7 0 0.000000
7 1 15804.213779
7 2 8977.821175
7 3 7419.267405
7 4 7920.275645
7 5 8103.323881
7 6 8106.869884
7 7 8126.895644
7 8 8162.014045
7 9 8196.562760
7 10 8229.882570
7 11 8263.187322
7 12 8296.589113
7 13 8329.996868
7 14 8363.397191
7 15 8396.796672
7 16 8430.196700
7 17 8463.596820
7 18 8496.996900
7 19 8530.396968
7 20 8563.797037
7 21 8597.197106
7 22 8630.597174
7 23 8663.997241
7 24 8697.397307
7 25 8730.797373
7 26 8764.197438
7 27 8797.597502
7 28 8830.997567
7 29 8864.397631
7 30 8897.797695
7 31 8931.197760
7 32 8964.597824
7 33 8997.997888
7 34 9031.397953
7 35 9064.798018
7 36 9098.198083
7 37 9131.598149
7 38 9164.998215
7 39 9198.398281
7 40 9231.798348
7 41 9265.198415
7 42 9298.598483
7 43 9331.998551
7 44 9365.398620
7 45 9398.798689
7 46 9432.198759
7 47 9465.598828
7 48 9498.998899
7 49 9532.398970
7 50 9565.799041
7 51 9599.199112
7 52 9632.599184
7 53 9665.999256
7 54 9699.399329
7 55 9732.799401
7 56 9766.199474
7 57 9799.599548
7 58 9832.999621
7 59 9866.399695
7 60 9899.799768
7 61 9933.199841
7 62 9966.599916
7 63 10000.000000
8 0 0.000000
8 1 15804.211965
8 2 8977.820735
8 3 7419.267058
8 4 7920.275257
8 5 8103.323492
8 6 8106.869501
8 7 8126.895266
8 8 8162.013672
8 9 8196.562393
8 10 8229.882209
8 11 8263.186968
8 12 8296.588766
8 13 8329.996528
8 14 8363.396858
8 15 8396.796347
8 16 8430.196384
8 17 8463.596512
8 18 8496.996600
8 19 8530.396677
8 20 8563.796755
8 21 8597.196833
8 22 8630.596909
8 23 8663.996985
8 24 8697.397060
8 25 8730.797134
8 26 8764.197208
8 27 8797.597281
8 28 8830.997354
8 29 8864.397427
8 30 8897.797500
8 31 8931.197572
8 32 8964.597645
8 33 8997.997717
8 34 9031.397789
8 35 9064.797862
8 36 9098.197935
8 37 9131.598008
8 38 9164.998081
8 39 9198.398154
8 40 9231.798228
8 41 9265.198302
8 42 9298.598376
8 43 9331.998450
8 44 9365.398525
8 45 9398.798600
8 46 9432.198676
8 47 9465.598751
8 48 9498.998827
8 49 9532.398903
8 50 9565.798980
8 51 9599.199057
8 52 9632.599134
8 53 9665.999211
8 54 9699.399288
8 55 9732.799366
8 56 9766.199444
8 57 9799.599522
8 58 9832.999600
8 59 9866.399678
8 60 9899.799756
8 61 9933.199834
8 62 9966.599912
8 63 10000.000000
9 0 0.000000
9 1 15804.210250
9 2 8977.820325
9 3 7419.266735
9 4 7920.274894
9 5 8103.323128
9 6 8106.869141
9 7 8126.894911
9 8 8162.013321
9 9 8196.562047
9 10 8229.881868
9 11 8263.186633
9 12 8296.588437
9 13 8329.996206
9 14 8363.396543
9 15 8396.796039
9 16 8430.196083
9 17 8463.596219
9 18 8496.996314
9 19 8530.396399
9 20 8563.796485
9 21 8597.196571
9 22 8630.596656
9 23 8663.996740
9 24 8697.396823
9 25 8730.796905
9 26 8764.196987
9 27 8797.597068
9 28 8830.997149
9 29 8864.397230
9 30 8897.797310
9 31 8931.197390
9 32 8964.597470
9 33 8997.997550
9 34 9031.397630
9 35 9064.797710
9 36 9098.197790
9 37 9131.597870
9 38 9164.997950
9 39 9198.398030
9 40 9231.798110
9 41 9265.198190
9 42 9298.598270
9 43 9331.998351
9 44 9365.398432
9 45 9398.798513
9 46 9432.198594
9 47 9465.598675
9 48 9498.998756
9 49 9532.398838
9 50 9565.798920
9 51 9599.199002
9 52 9632.599084
9 53 9665.999166
9 54 9699.399248
9 55 9732.799330
9 56 9766.199413
9 57 9799.599496
9 58 9832.999578
9 59 9866.399661
9 60 9899.799744
9 61 9933.199826
9 62 9966.599909
9 63 10000.000000
10 0 0.000000
10 1 15804.208629
10 2 8977.819945
10 3 7419.266435
10 4 7920.274555
10 5 8103.322788
10 6 8106.868805
10 7 8126.894578
10 8 8162.012992
10 9 8196.561721
10 10 8229.881548
10 11 8263.186317
10 12 8296.588127
10 13 8329.995901
10 14 8363.396245
10 15 8396.795747
10 16 8430.195797
10 17 8463.595940
10 18 8496.996043
10 19 8530.396135
10 20 8563.796228
10 21 8597.196321
10 22 8630.596413
10 23 8663.996505
10 24 8697.396595
10 25 8730.796685
10 26 8764.196774
10 27 8797.596863
10 28 8830.996952
10 29 8864.397040
10 30 8897.797127
10 31 8931.197215
10 32 8964.597302
10 33 8997.997389
10 34 9031.397476
10 35 9064.797562
10 36 9098.197649
10 37 9131.597735
10 38 9164.997822
10 39 9198.397908
10 40 9231.797994
10 41 9265.198081
10 42 9298.598167
10 43 9331.998254
10 44 9365.398340
10 45 9398.798427
10 46 9432.198513
10 47 9465.598600
10 48 9498.998687
10 49 9532.398773
10 50 9565.798860
10 51 9599.198947
10 52 9632.599034
10 53 9665.999121
10 54 9699.399208
10 55 9732.799295
10 56 9766.199383
10 57 9799.599470
10 58 9832.999557
10 59 9866.399644
10 60 9899.799732
10 61 9933.199819
10 62 9966.599906
10 63 10000.000000
11 0 0.000000
11 1 15804.207101
11 2 8977.819592
11 3 7419.266155
11 4 7920.274239
11 5 8103.322471
11 6 8106.868491
11 7 8126.894266
11 8 8162.012683
11 9 8196.561416
11 10 8229.881246
11 11 8263.186020
11 12 8296.587834
11 13 8329.995613
11 14 8363.395962
11 15 8396.795470
11 16 8430.195527
11 17 8463.595676
11 18 8496.995785
11 19 8530.395883
11 20 8563.795983
11 21 8597.196083
11 22 8630.596182
11 23 8663.996280
11 24 8697.396377
11 25 8730.796474
11 26 8764.196571
11 27 8797.596666
11 28 8830.996762
11 29 8864.396857
11 30 8897.796951
11 31 8931.197045
11 32 8964.597139
11 33 8997.997233
11 34 9031.397326
11 35 9064.797419
11 36 9098.197512
11 37 9131.597605
11 38 9164.997697
11 39 9198.397790
11 40 9231.797882
11 41 9265.197974
11 42 9298.598067
11 43 9331.998159
11 44 9365.398251
11 45 9398.798343
11 46 9432.198435
11 47 9465.598526
11 48 9498.998618
11 49 9532.398710
11 50 9565.798802
11 51 9599.198894
11 52 9632.598985
11 53 9665.999077
11 54 9699.399169
11 55 9732.799261
11 56 9766.199353
11 57 9799.599444
11 58 9832.999536
11 59 9866.399628
11 60 9899.799720
11 61 9933.199811
11 62 9966.599903
11 63 10000.000000
12 0 0.000000
12 1 15804.205663
12 2 8977.819266
12 3 7419.265896
12 4 7920.273946
12 5 8103.322176
12 6 8106.868197
12 7 8126.893974
12 8 8162.012394
12 9 8196.561129
12 10 8229.880963
12 11 8263.185740
12 12 8296.587559
12 13 8329.995342
12 14 8363.395696
12 15 8396.795209
12 16 8430.195271
12 17 8463.595425
12 18 8496.995540
12 19 8530.395644
12 20 8563.795750
12 21 8597.195856
12 22 8630.595961
12 23 8663.996066
12 24 8697.396170
12 25 8730.796273
12 26 8764.196376
12 27 8797.596478
12 28 8830.996580
12 29 8864.396681
12 30 8897.796782
12 31 8931.196883
12 32 8964.596983
12 33 8997.997083
12 34 9031.397182
12 35 9064.797281
12 36 9098.197380
12 37 9131.597479
12 38 9164.997577
12 39 9198.397675
12 40 9231.797773
12 41 9265.197871
12 42 9298.597969
12 43 9331.998066
12 44 9365.398164
12 45 9398.798261
12 46 9432.198358
12 47 9465.598455
12 48 9498.998552
12 49 9532.398648
12 50 9565.798745
12 51 9599.198841
12 52 9632.598938
12 53 9665.999034
12 54 9699.399131
12 55 9732.799227
12 56 9766.199323
12 57 9799.599420
12 58 9832.999516
12 59 9866.399612
12 60 9899.799708
12 61 9933.199804
12 62 9966.599900
12 63 10000.000000
13 0 0.000000
13 1 15804.204311
13 2 8977.818964
13 3 7419.265656
13 4 7920.273673
13 5 8103.321901
13 6 8106.867924
13 7 8126.893702
13 8 8162.012123
13 9 8196.560861
13 10 8229.880697
13 11 8263.185478
13 12 8296.587300
13 13 8329.995087
13 14 8363.395445
13 15 8396.794962
13 16 8430.195029
13 17 8463.595188
13 18 8496.995308
13 19 8530.395418
13 20 8563.795529
13 21 8597.195641
13 22 8630.595752
13 23 8663.995862
13 24 8697.395972
13 25 8730.796081
13 26 8764.196190
13 27 8797.596298
13 28 8830.996406
13 29 8864.396513
13 30 8897.796620
13 31 8931.196727
13 32 8964.596833
13 33 8997.996938
13 34 9031.397044
13 35 9064.797149
13 36 9098.197253
13 37 9131.597357
13 38 9164.997461
13 39 9198.397565
13 40 9231.797668
13 41 9265.197772
13 42 9298.597874
13 43 9331.997977
13 44 9365.398079
13 45 9398.798182
13 46 9432.198284
13 47 9465.598385
13 48 9498.998487
13 49 9532.398588
13 50 9565.798690
13 51 9599.198791
13 52 9632.598892
13 53 9665.998993
13 54 9699.399093
13 55 9732.799194
13 56 9766.199295
13 57 9799.599395
13 58 9832.999496
13 59 9866.399596
13 60 9899.799697
13 61 9933.199797
13 62 9966.599897
13 63 10000.000000
14 0 0.000000
14 1 15804.203044
14 2 8977.818686
14 3 7419.265434
14 4 7920.273421
14 5 8103.321646
14 6 8106.867670
14 7 8126.893449
14 8 8162.011871
14 9 8196.560610
14 10 8229.880449
14 11 8263.185232
14 12 8296.587057
14 13 8329.994847
14 14 8363.395209
14 15 8396.794730
14 16 8430.194801
14 17 8463.594965
14 18 8496.995089
14 19 8530.395204
14 20 8563.795320
14 21 8597.195437
14 22 8630.595553
14 23 8663.995669
14 24 8697.395784
14 25 8730.795899
14 26 8764.196013
14 27 8797.596127
14 28 8830.996240
14 29 8864.396353
14 30 8897.796465
14 31 8931.196578
14 32 8964.596689
14 33 8997.996800
14 34 9031.396911
14 35 9064.797021
14 36 9098.197131
14 37 9131.597241
14 38 9164.997350
14 39 9198.397459
14 40 9231.797567
14 41 9265.197676
14 42 9298.597783
14 43 9331.997891
14 44 9365.397998
14 45 9398.798105
14 46 9432.198212
14 47 9465.598318
14 48 9498.998424
14 49 9532.398530
14 50 9565.798636
14 51 9599.198742
14 52 9632.598847
14 53 9665.998952
14 54 9699.399057
14 55 9732.799162
14 56 9766.199267
14 57 9799.599372
14 58 9832.999477
14 59 9866.399581
14 60 9899.799686
14 61 9933.199790
14 62 9966.599895
14 63 10000.000000
15 0 0.000000
15 1 15804.201859
15 2 8977.818431
15 3 7419.265230
15 4 7920.273187
15 5 8103.321410
15 6 8106.867434
15 7 8126.893213
15 8 8162.011636
15 9 8196.560377
15 10 8229.880217
15 11 8263.185002
15 12 8296.586830
15 13 8329.994623
15 14 8363.394988
15 15 8396.794513
15 16 8430.194587
15 17 8463.594755
15 18 8496.994883
15 19 8530.395002
15 20 8563.795123
15 21 8597.195244
15 22 8630.595365
15 23 8663.995486
15 24 8697.395606
15 25 8730.795726
15 26 8764.195845
15 27 8797.595964
15 28 8830.996083
15 29 8864.396201
15 30 8897.796318
15 31 8931.196436
15 32 8964.596552
15 33 8997.996669
15 34 9031.396784
15 35 9064.796900
15 36 9098.197015
15 37 9131.597129
15 38 9164.997244
15 39 9198.397357
15 40 9231.797471
15 41 9265.197584
15 42 9298.597696
15 43 9331.997808
15 44 9365.397920
15 45 9398.798032
15 46 9432.198143
15 47 9465.598254
15 48 9498.998364
15 49 9532.398475
15 50 9565.798585
15 51 9599.198694
15 52 9632.598804
15 53 9665.998913
15 54 9699.399023
15 55 9732.799132
15 56 9766.199240
15 57 9799.599349
15 58 9832.999458
15 59 9866.399566
15 60 9899.799675
15 61 9933.199783
15 62 9966.599892
15 63 10000.000000
16 0 0.000000
16 1 15804.200754
16 2 8977.818197
16 3 7419.265042
16 4 7920.272972
16 5 8103.321192
16 6 8106.867216
16 7 8126.892995
16 8 8162.011418
16 9 8196.560160
16 10 8229.880001
16 11 8263.184788
16 12 8296.586618
16 13 8329.994413
16 14 8363.394781
16 15 8396.794309
16 16 8430.194386
16 17 8463.594558
16 18 8496.994690
16 19 8530.394812
16 20 8563.794937
16 21 8597.195063
16 22 8630.595189
16 23 8663.995314
16 24 8697.395438
16 25 8730.795563
16 26 8764.195687
16 27 8797.595810
16 28 8830.995934
16 29 8864.396057
16 30 8897.796179
16 31 8931.196301
16 32 8964.596423
16 33 8997.996544
16 34 9031.396664
16 35 9064.796784
16 36 9098.196904
16 37 9131.597023
16 38 9164.997142
16 39 9198.397260
16 40 9231.797378
16 41 9265.197496
16 42 9298.597613
16 43 9331.997729
16 44 9365.397846
16 45 9398.797961
16 46 9432.198077
16 47 9465.598192
16 48 9498.998307
16 49 9532.398421
16 50 9565.798535
16 51 9599.198649
16 52 9632.598763
16 53 9665.998876
16 54 9699.398989
16 55 9732.799102
16 56 9766.199215
16 57 9799.599328
16 58 9832.999440
16 59 9866.399552
16 60 9899.799665
16 61 9933.199777
16 62 9966.599889
16 63 10000.000000
17 0 0.000000
17 1 15804.199727
17 2 8977.817983
17 3 7419.264869
17 4 7920.272774
17 5 8103.320992
17 6 8106.867015
17 7 8126.892794
17 8 8162.011217
17 9 8196.559959
17 10 8229.879801
17 11 8263.184589
17 12 8296.586420
17 13 8329.994218
17 14 8363.394588
17 15 8396.794118
17 16 8430.194199
17 17 8463.594373
17 18 8496.994509
17 19 8530.394635
17 20 8563.794764
17 21 8597.194893
17 22 8630.595023
17 23 8663.995152
17 24 8697.395281
17 25 8730.795409
17 26 8764.195538
17 27 8797.595666
17 28 8830.995793
17 29 8864.395921
17 30 8897.796048
17 31 8931.196174
17 32 8964.596300
17 33 8997.996426
17 34 9031.396551
17 35 9064.796675
17 36 9098.196799
17 37 9131.596923
17 38 9164.997046
17 39 9198.397169
17 40 9231.797291
17 41 9265.197412
17 42 9298.597534
17 43 9331.997654
17 44 9365.397775
17 45 9398.797895
17 46 9432.198014
17 47 9465.598133
17 48 9498.998252
17 49 9532.398370
17 50 9565.798488
17 51 9599.198606
17 52 9632.598723
17 53 9665.998840
17 54 9699.398957
17 55 9732.799074
17 56 9766.199191
17 57 9799.599307
17 58 9832.999423
17 59 9866.399539
17 60 9899.799655
17 61 9933.199771
17 62 9966.599887
17 63 10000.000000
18 0 0.000000
18 1 15804.198775
18 2 8977.817788
18 3 7419.264712
18 4 7920.272593
18 5 8103.320808
18 6 8106.866830
18 7 8126.892608
18 8 8162.011031
18 9 8196.559773
18 10 8229.879616
18 11 8263.184405
18 12 8296.586237
18 13 8329.994037
18 14 8363.394409
18 15 8396.793941
18 16 8430.194024
18 17 8463.594202
18 18 8496.994340
18 19 8530.394469
18 20 8563.794601
18 21 8597.194735
18 22 8630.594867
18 23 8663.995000
18 24 8697.395133
18 25 8730.795266
18 26 8764.195398
18 27 8797.595530
18 28 8830.995662
18 29 8864.395793
18 30 8897.795924
18 31 8931.196055
18 32 8964.596185
18 33 8997.996314
18 34 9031.396444
18 35 9064.796572
18 36 9098.196700
18 37 9131.596828
18 38 9164.996955
18 39 9198.397082
18 40 9231.797208
18 41 9265.197334
18 42 9298.597459
18 43 9331.997584
18 44 9365.397708
18 45 9398.797831
18 46 9432.197955
18 47 9465.598078
18 48 9498.998200
18 49 9532.398322
18 50 9565.798444
18 51 9599.198565
18 52 9632.598686
18 53 9665.998807
18 54 9699.398927
18 55 9732.799047
18 56 9766.199167
18 57 9799.599287
18 58 9832.999407
18 59 9866.399526
18 60 9899.799646
18 61 9933.199765
18 62 9966.599884
18 63 10000.000000
19 0 0.000000
19 1 15804.197897
19 2 8977.817611
19 3 7419.264569
19 4 7920.272428
19 5 8103.320639
19 6 8106.866661
19 7 8126.892438
19 8 8162.010860
19 9 8196.559602
19 10 8229.879445
19 11 8263.184235
19 12 8296.586069
19 13 8329.993870
19 14 8363.394243
19 15 8396.793778
19 16 8430.193863
19 17 8463.594043
19 18 8496.994184
19 19 8530.394316
19 20 8563.794451
19 21 8597.194587
19 22 8630.594723
19 23 8663.994859
19 24 8697.394995
19 25 8730.795132
19 26 8764.195267
19 27 8797.595403
19 28 8830.995539
19 29 8864.395674
19 30 8897.795809
19 31 8931.195943
19 32 8964.596077
19 33 8997.996210
19 34 9031.396343
19 35 9064.796476
19 36 9098.196608
19 37 9131.596739
19 38 9164.996870
19 39 9198.397001
19 40 9231.797130
19 41 9265.197260
19 42 9298.597389
19 43 9331.997517
19 44 9365.397645
19 45 9398.797772
19 46 9432.197899
19 47 9465.598025
19 48 9498.998151
19 49 9532.398277
19 50 9565.798402
19 51 9599.198526
19 52 9632.598651
19 53 9665.998775
19 54 9699.398899
19 55 9732.799022
19 56 9766.199146
19 57 9799.599269
19 58 9832.999392
19 59 9866.399514
19 60 9899.799637
19 61 9933.199760
19 62 9966.599882
19 63 10000.000000
20 0 0.000000
20 1 15804.197092
20 2 8977.817452
20 3 7419.264439
20 4 7920.272278
20 5 8103.320486
20 6 8106.866506
20 7 8126.892282
20 8 8162.010704
20 9 8196.559446
20 10 8229.879289
20 11 8263.184080
20 12 8296.585914
20 13 8329.993716
20 14 8363.394091
20 15 8396.793627
20 16 8430.193714
20 17 8463.593896
20 18 8496.994039
20 19 8530.394174
20 20 8563.794312
20 21 8597.194451
20 22 8630.594590
20 23 8663.994729
20 24 8697.394868
20 25 8730.795007
20 26 8764.195147
20 27 8797.595286
20 28 8830.995425
20 29 8864.395563
20 30 8897.795701
20 31 8931.195839
20 32 8964.595977
20 33 8997.996114
20 34 9031.396250
20 35 9064.796386
20 36 9098.196522
20 37 9131.596657
20 38 9164.996791
20 39 9198.396925
20 40 9231.797058
20 41 9265.197191
20 42 9298.597323
20 43 9331.997455
20 44 9365.397586
20 45 9398.797717
20 46 9432.197847
20 47 9465.597976
20 48 9498.998105
20 49 9532.398234
20 50 9565.798363
20 51 9599.198490
20 52 9632.598618
20 53 9665.998745
20 54 9699.398872
20 55 9732.798999
20 56 9766.199125
20 57 9799.599251
20 58 9832.999377
20 59 9866.399503
20 60 9899.799629
20 61 9933.199755
20 62 9966.599880
20 63 10000.000000
21 0 0.000000
21 1 15804.196357
21 2 8977.817309
21 3 7419.264323
21 4 7920.272142
21 5 8103.320348
21 6 8106.866367
21 7 8126.892141
21 8 8162.010562
21 9 8196.559304
21 10 8229.879147
21 11 8263.183938
21 12 8296.585773
21 13 8329.993575
21 14 8363.393951
21 15 8396.793489
21 16 8430.193578
21 17 8463.593762
21 18 8496.993907
21 19 8530.394044
21 20 8563.794184
21 21 8597.194325
21 22 8630.594467
21 23 8663.994609
21 24 8697.394751
21 25 8730.794893
21 26 8764.195035
21 27 8797.595177
21 28 8830.995319
21 29 8864.395461
21 30 8897.795602
21 31 8931.195743
21 32 8964.595884
21 33 8997.996024
21 34 9031.396164
21 35 9064.796303
21 36 9098.196442
21 37 9131.596580
21 38 9164.996718
21 39 9198.396855
21 40 9231.796991
21 41 9265.197127
21 42 9298.597262
21 43 9331.997397
21 44 9365.397531
21 45 9398.797665
21 46 9432.197798
21 47 9465.597931
21 48 9498.998063
21 49 9532.398195
21 50 9565.798326
21 51 9599.198457
21 52 9632.598587
21 53 9665.998718
21 54 9699.398847
21 55 9732.798977
21 56 9766.199106
21 57 9799.599235
21 58 9832.999364
21 59 9866.399493
21 60 9899.799621
21 61 9933.199750
21 62 9966.599878
21 63 10000.000000
22 0 0.000000
22 1 15804.195692
22 2 8977.817181
22 3 7419.264219
22 4 7920.272021
22 5 8103.320224
22 6 8106.866241
22 7 8126.892015
22 8 8162.010435
22 9 8196.559176
22 10 8229.879018
22 11 8263.183809
22 12 8296.585645
22 13 8329.993448
22 14 8363.393825
22 15 8396.793364
22 16 8430.193454
22 17 8463.593639
22 18 8496.993787
22 19 8530.393925
22 20 8563.794067
22 21 8597.194211
22 22 8630.594355
22 23 8663.994500
22 24 8697.394644
22 25 8730.794789
22 26 8764.194934
22 27 8797.595078
22 28 8830.995223
22 29 8864.395368
22 30 8897.795512
22 31 8931.195656
22 32 8964.595799
22 33 8997.995942
22 34 9031.396085
22 35 9064.796227
22 36 9098.196369
22 37 9131.596510
22 38 9164.996650
22 39 9198.396790
22 40 9231.796930
22 41 9265.197068
22 42 9298.597207
22 43 9331.997344
22 44 9365.397481
22 45 9398.797618
22 46 9432.197754
22 47 9465.597889
22 48 9498.998024
22 49 9532.398159
22 50 9565.798293
22 51 9599.198426
22 52 9632.598559
22 53 9665.998692
22 54 9699.398825
22 55 9732.798957
22 56 9766.199089
22 57 9799.599220
22 58 9832.999352
22 59 9866.399483
22 60 9899.799614
22 61 9933.199746
22 62 9966.599876
22 63 10000.000000
23 0 0.000000
23 1 15804.195094
23 2 8977.817068
23 3 7419.264126
23 4 7920.271912
23 5 8103.320113
23 6 8106.866129
23 7 8126.891901
23 8 8162.010320
23 9 8196.559061
23 10 8229.878903
23 11 8263.183694
23 12 8296.585530
23 13 8329.993334
23 14 8363.393712
23 15 8396.793251
23 16 8430.193343
23 17 8463.593529
23 18 8496.993678
23 19 8530.393818
23 20 8563.793962
23 21 8597.194108
23 22 8630.594254
23 23 8663.994401
23 24 8697.394547
23 25 8730.794694
23 26 8764.194842
23 27 8797.594989
23 28 8830.995136
23 29 8864.395283
23 30 8897.795430
23 31 8931.195576
23 32 8964.595722
23 33 8997.995868
23 34 9031.396013
23 35 9064.796158
23 36 9098.196302
23 37 9131.596446
23 38 9164.996589
23 39 9198.396732
23 40 9231.796874
23 41 9265.197015
23 42 9298.597156
23 43 9331.997296
23 44 9365.397436
23 45 9398.797575
23 46 9432.197713
23 47 9465.597851
23 48 9498.997989
23 49 9532.398126
23 50 9565.798262
23 51 9599.198398
23 52 9632.598534
23 53 9665.998669
23 54 9699.398804
23 55 9732.798938
23 56 9766.199073
23 57 9799.599207
23 58 9832.999341
23 59 9866.399474
23 60 9899.799608
23 61 9933.199742
23 62 9966.599875
23 63 10000.000000
24 0 0.000000
24 1 15804.194564
24 2 8977.816969
24 3 7419.264045
24 4 7920.271817
24 5 8103.320016
24 6 8106.866030
24 7 8126.891801
24 8 8162.010219
24 9 8196.558959
24 10 8229.878801
24 11 8263.183592
24 12 8296.585428
24 13 8329.993232
24 14 8363.393610
24 15 8396.793151
24 16 8430.193243
24 17 8463.593431
24 18 8496.993581
24 19 8530.393723
24 20 8563.793869
24 21 8597.194016
24 22 8630.594164
24 23 8663.994312
24 24 8697.394461
24 25 8730.794610
24 26 8764.194759
24 27 8797.594909
24 28 8830.995058
24 29 8864.395207
24 30 8897.795356
24 31 8931.195505
24 32 8964.595653
24 33 8997.995801
24 34 9031.395949
24 35 9064.796096
24 36 9098.196243
24 37 9131.596389
24 38 9164.996534
24 39 9198.396679
24 40 9231.796823
24 41 9265.196967
24 42 9298.597110
24 43 9331.997253
24 44 9365.397395
24 45 9398.797536
24 46 9432.197677
24 47 9465.597817
24 48 9498.997957
24 49 9532.398096
24 50 9565.798235
24 51 9599.198373
24 52 9632.598511
24 53 9665.998648
24 54 9699.398785
24 55 9732.798922
24 56 9766.199058
24 57 9799.599195
24 58 9832.999331
24 59 9866.399466
24 60 9899.799602
24 61 9933.199738
24 62 9966.599873
24 63 10000.000000
25 0 0.000000
25 1 15804.194098
25 2 8977.816884
25 3 7419.263975
25 4 7920.271735
25 5 8103.319932
25 6 8106.865944
25 7 8126.891714
25 8 8162.010131
25 9 8196.558870
25 10 8229.878712
25 11 8263.183502
25 12 8296.585338
25 13 8329.993143
25 14 8363.393522
25 15 8396.793063
25 16 8430.193156
25 17 8463.593345
25 18 8496.993496
25 19 8530.393639
25 20 8563.793786
25 21 8597.193935
25 22 8630.594084
25 23 8663.994234
25 24 8697.394385
25 25 8730.794536
25 26 8764.194687
25 27 8797.594838
25 28 8830.994989
25 29 8864.395140
25 30 8897.795291
25 31 8931.195442
25 32 8964.595592
25 33 8997.995742
25 34 9031.395892
25 35 9064.796041
25 36 9098.196190
25 37 9131.596338
25 38 9164.996485
25 39 9198.396632
25 40 9231.796779
25 41 9265.196925
25 42 9298.597070
25 43 9331.997214
25 44 9365.397358
25 45 9398.797502
25 46 9432.197644
25 47 9465.597787
25 48 9498.997928
25 49 9532.398069
25 50 9565.798210
25 51 9599.198350
25 52 9632.598490
25 53 9665.998630
25 54 9699.398769
25 55 9732.798907
25 56 9766.199046
25 57 9799.599184
25 58 9832.999322
25 59 9866.399459
25 60 9899.799597
25 61 9933.199735
25 62 9966.599872
25 63 10000.000000
26 0 0.000000
26 1 15804.193698
26 2 8977.816812
26 3 7419.263916
26 4 7920.271665
26 5 8103.319859
26 6 8106.865871
26 7 8126.891639
26 8 8162.010055
26 9 8196.558794
26 10 8229.878635
26 11 8263.183426
26 12 8296.585261
26 13 8329.993066
26 14 8363.393446
26 15 8396.792987
26 16 8430.193081
26 17 8463.593271
26 18 8496.993423
26 19 8530.393567
26 20 8563.793715
26 21 8597.193865
26 22 8630.594016
26 23 8663.994167
26 24 8697.394319
26 25 8730.794471
26 26 8764.194624
26 27 8797.594777
26 28 8830.994930
26 29 8864.395082
26 30 8897.795235
26 31 8931.195387
26 32 8964.595540
26 33 8997.995691
26 34 9031.395843
26 35 9064.795994
26 36 9098.196144
26 37 9131.596294
26 38 9164.996443
26 39 9198.396592
26 40 9231.796740
26 41 9265.196888
26 42 9298.597035
26 43 9331.997181
26 44 9365.397327
26 45 9398.797472
26 46 9432.197616
26 47 9465.597760
26 48 9498.997904
26 49 9532.398047
26 50 9565.798189
26 51 9599.198331
26 52 9632.598472
26 53 9665.998613
26 54 9699.398754
26 55 9732.798894
26 56 9766.199035
26 57 9799.599174
26 58 9832.999314
26 59 9866.399453
26 60 9899.799593
26 61 9933.199732
26 62 9966.599871
26 63 10000.000000
27 0 0.000000
27 1 15804.193362
27 2 8977.816753
27 3 7419.263867
27 4 7920.271606
27 5 8103.319799
27 6 8106.865810
27 7 8126.891577
27 8 8162.009992
27 9 8196.558730
27 10 8229.878571
27 11 8263.183361
27 12 8296.585197
27 13 8329.993002
27 14 8363.393382
27 15 8396.792924
27 16 8430.193018
27 17 8463.593208
27 18 8496.993361
27 19 8530.393506
27 20 8563.793655
27 21 8597.193806
27 22 8630.593958
27 23 8663.994110
27 24 8697.394263
27 25 8730.794417
27 26 8764.194571
27 27 8797.594725
27 28 8830.994879
27 29 8864.395033
27 30 8897.795187
27 31 8931.195341
27 32 8964.595495
27 33 8997.995648
27 34 9031.395801
27 35 9064.795953
27 36 9098.196105
27 37 9131.596257
27 38 9164.996407
27 39 9198.396558
27 40 9231.796707
27 41 9265.196856
27 42 9298.597005
27 43 9331.997153
27 44 9365.397300
27 45 9398.797446
27 46 9432.197592
27 47 9465.597738
27 48 9498.997883
27 49 9532.398027
27 50 9565.798171
27 51 9599.198314
27 52 9632.598457
27 53 9665.998600
27 54 9699.398742
27 55 9732.798884
27 56 9766.199025
27 57 9799.599166
27 58 9832.999307
27 59 9866.399448
27 60 9899.799589
27 61 9933.199730
27 62 9966.599870
27 63 10000.000000
28 0 0.000000
28 1 15804.193089
28 2 8977.816705
28 3 7419.263828
28 4 7920.271560
28 5 8103.319751
28 6 8106.865760
28 7 8126.891527
28 8 8162.009942
28 9 8196.558679
28 10 8229.878519
28 11 8263.183309
28 12 8296.585145
28 13 8329.992950
28 14 8363.393330
28 15 8396.792872
28 16 8430.192967
28 17 8463.593158
28 18 8496.993311
28 19 8530.393457
28 20 8563.793606
28 21 8597.193758
28 22 8630.593911
28 23 8663.994064
28 24 8697.394218
28 25 8730.794373
28 26 8764.194528
28 27 8797.594683
28 28 8830.994838
28 29 8864.394993
28 30 8897.795149
28 31 8931.195304
28 32 8964.595458
28 33 8997.995613
28 34 9031.395767
28 35 9064.795920
28 36 9098.196073
28 37 9131.596226
28 38 9164.996378
28 39 9198.396530
28 40 9231.796680
28 41 9265.196831
28 42 9298.596980
28 43 9331.997129
28 44 9365.397278
28 45 9398.797426
28 46 9432.197573
28 47 9465.597719
28 48 9498.997865
28 49 9532.398011
28 50 9565.798156
28 51 9599.198301
28 52 9632.598445
28 53 9665.998588
28 54 9699.398732
28 55 9732.798875
28 56 9766.199017
28 57 9799.599160
28 58 9832.999302
28 59 9866.399444
28 60 9899.799586
28 61 9933.199728
28 62 9966.599869
28 63 10000.000000
29 0 0.000000
29 1 15804.192879
29 2 8977.816670
29 3 7419.263798
29 4 7920.271524
29 5 8103.319715
29 6 8106.865723
29 7 8126.891489
29 8 8162.009903
29 9 8196.558640
29 10 8229.878480
29 11 8263.183270
29 12 8296.585105
29 13 8329.992910
29 14 8363.393290
29 15 8396.792833
29 16 8430.192928
29 17 8463.593119
29 18 8496.993272
29 19 8530.393419
29 20 8563.793569
29 21 8597.193721
29 22 8630.593874
29 23 8663.994028
29 24 8697.394183
29 25 8730.794338
29 26 8764.194494
29 27 8797.594650
29 28 8830.994806
29 29 8864.394962
29 30 8897.795118
29 31 8931.195274
29 32 8964.595430
29 33 8997.995585
29 34 9031.395740
29 35 9064.795895
29 36 9098.196049
29 37 9131.596202
29 38 9164.996355
29 39 9198.396508
29 40 9231.796660
29 41 9265.196811
29 42 9298.596961
29 43 9331.997111
29 44 9365.397261
29 45 9398.797409
29 46 9432.197557
29 47 9465.597705
29 48 9498.997852
29 49 9532.397999
29 50 9565.798145
29 51 9599.198290
29 52 9632.598435
29 53 9665.998580
29 54 9699.398724
29 55 9732.798868
29 56 9766.199011
29 57 9799.599155
29 58 9832.999298
29 59 9866.399440
29 60 9899.799583
29 61 9933.199726
29 62 9966.599869
29 63 10000.000000
30 0 0.000000
30 1 15804.192732
30 2 8977.816646
30 3 7419.263779
30 4 7920.271500
30 5 8103.319690
30 6 8106.865698
30 7 8126.891462
30 8 8162.009876
30 9 8196.558613
30 10 8229.878453
30 11 8263.183242
30 12 8296.585077
30 13 8329.992882
30 14 8363.393262
30 15 8396.792805
30 16 8430.192900
30 17 8463.593091
30 18 8496.993245
30 19 8530.393392
30 20 8563.793542
30 21 8597.193695
30 22 8630.593849
30 23 8663.994003
30 24 8697.394158
30 25 8730.794314
30 26 8764.194471
30 27 8797.594627
30 28 8830.994784
30 29 8864.394940
30 30 8897.795097
30 31 8931.195254
30 32 8964.595410
30 33 8997.995566
30 34 9031.395721
30 35 9064.795877
30 36 9098.196031
30 37 9131.596185
30 38 9164.996339
30 39 9198.396492
30 40 9231.796645
30 41 9265.196796
30 42 9298.596948
30 43 9331.997098
30 44 9365.397248
30 45 9398.797398
30 46 9432.197547
30 47 9465.597695
30 48 9498.997843
30 49 9532.397990
30 50 9565.798136
30 51 9599.198282
30 52 9632.598428
30 53 9665.998573
30 54 9699.398718
30 55 9732.798863
30 56 9766.199007
30 57 9799.599151
30 58 9832.999295
30 59 9866.399438
30 60 9899.799581
30 61 9933.199725
30 62 9966.599868
30 63 10000.000000
31 0 0.000000
31 1 15804.192647
31 2 8977.816634
31 3 7419.263768
31 4 7920.271487
31 5 8103.319676
31 6 8106.865684
31 7 8126.891448
31 8 8162.009861
31 9 8196.558597
31 10 8229.878437
31 11 8263.183226
31 12 8296.585062
31 13 8329.992867
31 14 8363.393246
31 15 8396.792789
31 16 8430.192884
31 17 8463.593076
31 18 8496.993230
31 19 8530.393376
31 20 8563.793527
31 21 8597.193680
31 22 8630.593834
31 23 8663.993989
31 24 8697.394144
31 25 8730.794300
31 26 8764.194457
31 27 8797.594614
31 28 8830.994771
31 29 8864.394928
31 30 8897.795085
31 31 8931.195241
31 32 8964.595398
31 33 8997.995554
31 34 9031.395710
31 35 9064.795866
31 36 9098.196021
31 37 9131.596175
31 38 9164.996329
31 39 9198.396483
31 40 9231.796636
31 41 9265.196788
31 42 9298.596940
31 43 9331.997091
31 44 9365.397241
31 45 9398.797391
31 46 9432.197540
31 47 9465.597689
31 48 9498.997837
31 49 9532.397984
31 50 9565.798131
31 51 9599.198278
31 52 9632.598424
31 53 9665.998570
31 54 9699.398715
31 55 9732.798860
31 56 9766.199004
31 57 9799.599149
31 58 9832.999293
31 59 9866.399437
31 60 9899.799580
31 61 9933.199725
31 62 9966.599868
31 63 10000.000000
32 0 0.000000
32 1 15804.192624
32 2 8977.816633
32 3 7419.263768
32 4 7920.271485
32 5 8103.319674
32 6 8106.865681
32 7 8126.891445
32 8 8162.009859
32 9 8196.558594
32 10 8229.878434
32 11 8263.183223
32 12 8296.585058
32 13 8329.992863
32 14 8363.393243
32 15 8396.792785
32 16 8430.192881
32 17 8463.593072
32 18 8496.993226
32 19 8530.393372
32 20 8563.793523
32 21 8597.193676
32 22 8630.593830
32 23 8663.993985
32 24 8697.394140
32 25 8730.794296
32 26 8764.194453
32 27 8797.594610
32 28 8830.994767
32 29 8864.394924
32 30 8897.795081
32 31 8931.195238
32 32 8964.595395
32 33 8997.995551
32 34 9031.395707
32 35 9064.795863
32 36 9098.196018
32 37 9131.596172
32 38 9164.996326
32 39 9198.396480
32 40 9231.796633
32 41 9265.196785
32 42 9298.596937
32 43 9331.997088
32 44 9365.397239
32 45 9398.797389
32 46 9432.197538
32 47 9465.597687
32 48 9498.997835
32 49 9532.397983
32 50 9565.798130
32 51 9599.198276
32 52 9632.598423
32 53 9665.998568
32 54 9699.398714
32 55 9732.798859
32 56 9766.199004
32 57 9799.599148
32 58 9832.999292
32 59 9866.399436
32 60 9899.799580
32 61 9933.199724
32 62 9966.599868
32 63 10000.000000
33 0 0.000000
33 1 15804.192662
33 2 8977.816644
33 3 7419.263776
33 4 7920.271494
33 5 8103.319684
33 6 8106.865690
33 7 8126.891454
33 8 8162.009867
33 9 8196.558603
33 10 8229.878443
33 11 8263.183232
33 12 8296.585067
33 13 8329.992871
33 14 8363.393251
33 15 8396.792793
33 16 8430.192888
33 17 8463.593079
33 18 8496.993233
33 19 8530.393380
33 20 8563.793530
33 21 8597.193683
33 22 8630.593837
33 23 8663.993991
33 24 8697.394146
33 25 8730.794302
33 26 8764.194459
33 27 8797.594615
33 28 8830.994772
33 29 8864.394929
33 30 8897.795086
33 31 8931.195243
33 32 8964.595399
33 33 8997.995555
33 34 9031.395711
33 35 9064.795867
33 36 9098.196022
33 37 9131.596176
33 38 9164.996330
33 39 9198.396483
33 40 9231.796636
33 41 9265.196788
33 42 9298.596940
33 43 9331.997091
33 44 9365.397241
33 45 9398.797391
33 46 9432.197540
33 47 9465.597689
33 48 9498.997837
33 49 9532.397984
33 50 9565.798131
33 51 9599.198278
33 52 9632.598424
33 53 9665.998570
33 54 9699.398715
33 55 9732.798860
33 56 9766.199004
33 57 9799.599149
33 58 9832.999293
33 59 9866.399437
33 60 9899.799580
33 61 9933.199725
33 62 9966.599868
33 63 10000.000000
34 0 0.000000
34 1 15804.192763
34 2 8977.816666
34 3 7419.263795
34 4 7920.271515
34 5 8103.319704
34 6 8106.865711
34 7 8126.891475
34 8 8162.009888
34 9 8196.558624
34 10 8229.878464
34 11 8263.183252
34 12 8296.585087
34 13 8329.992892
34 14 8363.393271
34 15 8396.792813
34 16 8430.192908
34 17 8463.593099
34 18 8496.993252
34 19 8530.393398
34 20 8563.793548
34 21 8597.193701
34 22 8630.593854
34 23 8663.994008
34 24 8697.394163
34 25 8730.794318
34 26 8764.194474
34 27 8797.594631
34 28 8830.994787
34 29 8864.394943
34 30 8897.795100
34 31 8931.195256
34 32 8964.595412
34 33 8997.995568
34 34 9031.395723
34 35 9064.795878
34 36 9098.196033
34 37 9131.596187
34 38 9164.996340
34 39 9198.396493
34 40 9231.796645
34 41 9265.196797
34 42 9298.596948
34 43 9331.997099
34 44 9365.397249
34 45 9398.797398
34 46 9432.197547
34 47 9465.597695
34 48 9498.997843
34 49 9532.397990
34 50 9565.798136
34 51 9599.198282
34 52 9632.598428
34 53 9665.998573
34 54 9699.398718
34 55 9732.798863
34 56 9766.199007
34 57 9799.599151
34 58 9832.999295
34 59 9866.399438
34 60 9899.799582
34 61 9933.199725
34 62 9966.599868
34 63 10000.000000
35 0 0.000000
35 1 15804.192926
35 2 8977.816699
35 3 7419.263822
35 4 7920.271546
35 5 8103.319736
35 6 8106.865743
35 7 8126.891508
35 8 8162.009921
35 9 8196.558657
35 10 8229.878496
35 11 8263.183285
35 12 8296.585120
35 13 8329.992924
35 14 8363.393303
35 15 8396.792845
35 16 8430.192939
35 17 8463.593130
35 18 8496.993283
35 19 8530.393428
35 20 8563.793578
35 21 8597.193729
35 22 8630.593882
35 23 8663.994036
35 24 8697.394190
35 25 8730.794345
35 26 8764.194500
35 27 8797.594655
35 28 8830.994811
35 29 8864.394967
35 30 8897.795122
35 31 8931.195278
35 32 8964.595433
35 33 8997.995588
35 34 9031.395743
35 35 9064.795897
35 36 9098.196051
35 37 9131.596204
35 38 9164.996357
35 39 9198.396509
35 40 9231.796661
35 41 9265.196812
35 42 9298.596962
35 43 9331.997112
35 44 9365.397261
35 45 9398.797410
35 46 9432.197558
35 47 9465.597705
35 48 9498.997852
35 49 9532.397999
35 50 9565.798145
35 51 9599.198290
35 52 9632.598435
35 53 9665.998580
35 54 9699.398724
35 55 9732.798868
35 56 9766.199011
35 57 9799.599155
35 58 9832.999298
35 59 9866.399440
35 60 9899.799583
35 61 9933.199726
35 62 9966.599869
35 63 10000.000000
36 0 0.000000
36 1 15804.193152
36 2 8977.816745
36 3 7419.263860
36 4 7920.271588
36 5 8103.319780
36 6 8106.865788
36 7 8126.891552
36 8 8162.009966
36 9 8196.558702
36 10 8229.878541
36 11 8263.183330
36 12 8296.585165
36 13 8329.992969
36 14 8363.393347
36 15 8396.792889
36 16 8430.192983
36 17 8463.593172
36 18 8496.993325
36 19 8530.393469
36 20 8563.793618
36 21 8597.193769
36 22 8630.593921
36 23 8663.994074
36 24 8697.394227
36 25 8730.794381
36 26 8764.194535
36 27 8797.594690
36 28 8830.994844
36 29 8864.394999
36 30 8897.795154
36 31 8931.195308
36 32 8964.595463
36 33 8997.995617
36 34 9031.395770
36 35 9064.795923
36 36 9098.196076
36 37 9131.596228
36 38 9164.996380
36 39 9198.396531
36 40 9231.796682
36 41 9265.196832
36 42 9298.596981
36 43 9331.997130
36 44 9365.397278
36 45 9398.797426
36 46 9432.197573
36 47 9465.597720
36 48 9498.997866
36 49 9532.398011
36 50 9565.798156
36 51 9599.198301
36 52 9632.598445
36 53 9665.998588
36 54 9699.398732
36 55 9732.798875
36 56 9766.199017
36 57 9799.599160
36 58 9832.999302
36 59 9866.399444
36 60 9899.799586
36 61 9933.199728
36 62 9966.599869
36 63 10000.000000
37 0 0.000000
37 1 15804.193441
37 2 8977.816802
37 3 7419.263907
37 4 7920.271643
37 5 8103.319835
37 6 8106.865844
37 7 8126.891609
37 8 8162.010023
37 9 8196.558759
37 10 8229.878599
37 11 8263.183387
37 12 8296.585222
37 13 8329.993026
37 14 8363.393404
37 15 8396.792945
37 16 8430.193038
37 17 8463.593227
37 18 8496.993378
37 19 8530.393522
37 20 8563.793670
37 21 8597.193820
37 22 8630.593971
37 23 8663.994122
37 24 8697.394274
37 25 8730.794427
37 26 8764.194580
37 27 8797.594734
37 28 8830.994887
37 29 8864.395040
37 30 8897.795194
37 31 8931.195347
37 32 8964.595500
37 33 8997.995653
37 34 9031.395805
37 35 9064.795957
37 36 9098.196108
37 37 9131.596259
37 38 9164.996410
37 39 9198.396560
37 40 9231.796709
37 41 9265.196858
37 42 9298.597006
37 43 9331.997153
37 44 9365.397300
37 45 9398.797447
37 46 9432.197593
37 47 9465.597738
37 48 9498.997883
37 49 9532.398027
37 50 9565.798171
37 51 9599.198314
37 52 9632.598457
37 53 9665.998600
37 54 9699.398742
37 55 9732.798883
37 56 9766.199025
37 57 9799.599166
37 58 9832.999307
37 59 9866.399448
37 60 9899.799589
37 61 9933.199730
37 62 9966.599870
37 63 10000.000000
38 0 0.000000
38 1 15804.193794
38 2 8977.816872
38 3 7419.263964
38 4 7920.271708
38 5 8103.319903
38 6 8106.865912
38 7 8126.891678
38 8 8162.010092
38 9 8196.558829
38 10 8229.878668
38 11 8263.183457
38 12 8296.585291
38 13 8329.993094
38 14 8363.393472
38 15 8396.793012
38 16 8430.193105
38 17 8463.593293
38 18 8496.993443
38 19 8530.393586
38 20 8563.793733
38 21 8597.193882
38 22 8630.594031
38 23 8663.994181
38 24 8697.394332
38 25 8730.794483
38 26 8764.194635
38 27 8797.594787
38 28 8830.994939
38 29 8864.395091
38 30 8897.795243
38 31 8931.195394
38 32 8964.595546
38 33 8997.995697
38 34 9031.395848
38 35 9064.795998
38 36 9098.196148
38 37 9131.596297
38 38 9164.996446
38 39 9198.396594
38 40 9231.796742
38 41 9265.196889
38 42 9298.597036
38 43 9331.997182
38 44 9365.397327
38 45 9398.797472
38 46 9432.197617
38 47 9465.597760
38 48 9498.997904
38 49 9532.398046
38 50 9565.798189
38 51 9599.198331
38 52 9632.598472
38 53 9665.998613
38 54 9699.398754
38 55 9732.798894
38 56 9766.199034
38 57 9799.599174
38 58 9832.999314
38 59 9866.399453
38 60 9899.799593
38 61 9933.199732
38 62 9966.599871
38 63 10000.000000
39 0 0.000000
39 1 15804.194211
39 2 8977.816955
39 3 7419.264032
39 4 7920.271786
39 5 8103.319982
39 6 8106.865993
39 7 8126.891759
39 8 8162.010174
39 9 8196.558911
39 10 8229.878751
39 11 8263.183539
39 12 8296.585373
39 13 8329.993176
39 14 8363.393553
39 15 8396.793092
39 16 8430.193184
39 17 8463.593371
39 18 8496.993520
39 19 8530.393662
39 20 8563.793807
39 21 8597.193954
39 22 8630.594102
39 23 8663.994251
39 24 8697.394400
39 25 8730.794550
39 26 8764.194700
39 27 8797.594850
39 28 8830.995000
39 29 8864.395150
39 30 8897.795300
39 31 8931.195450
39 32 8964.595599
39 33 8997.995749
39 34 9031.395898
39 35 9064.796046
39 36 9098.196194
39 37 9131.596342
39 38 9164.996488
39 39 9198.396635
39 40 9231.796781
39 41 9265.196926
39 42 9298.597071
39 43 9331.997215
39 44 9365.397359
39 45 9398.797502
39 46 9432.197645
39 47 9465.597787
39 48 9498.997928
39 49 9532.398069
39 50 9565.798210
39 51 9599.198350
39 52 9632.598490
39 53 9665.998629
39 54 9699.398768
39 55 9732.798907
39 56 9766.199045
39 57 9799.599184
39 58 9832.999322
39 59 9866.399459
39 60 9899.799597
39 61 9933.199735
39 62 9966.599872
39 63 10000.000000
40 0 0.000000
40 1 15804.194694
40 2 8977.817050
40 3 7419.264110
40 4 7920.271877
40 5 8103.320075
40 6 8106.866086
40 7 8126.891853
40 8 8162.010269
40 9 8196.559006
40 10 8229.878846
40 11 8263.183634
40 12 8296.585467
40 13 8329.993270
40 14 8363.393646
40 15 8396.793184
40 16 8430.193275
40 17 8463.593460
40 18 8496.993609
40 19 8530.393749
40 20 8563.793892
40 21 8597.194038
40 22 8630.594184
40 23 8663.994331
40 24 8697.394478
40 25 8730.794626
40 26 8764.194774
40 27 8797.594922
40 28 8830.995070
40 29 8864.395218
40 30 8897.795366
40 31 8931.195514
40 32 8964.595661
40 33 8997.995808
40 34 9031.395955
40 35 9064.796101
40 36 9098.196247
40 37 9131.596393
40 38 9164.996537
40 39 9198.396682
40 40 9231.796826
40 41 9265.196969
40 42 9298.597111
40 43 9331.997254
40 44 9365.397395
40 45 9398.797536
40 46 9432.197677
40 47 9465.597817
40 48 9498.997956
40 49 9532.398096
40 50 9565.798234
40 51 9599.198372
40 52 9632.598510
40 53 9665.998648
40 54 9699.398785
40 55 9732.798921
40 56 9766.199058
40 57 9799.599194
40 58 9832.999330
40 59 9866.399466
40 60 9899.799602
40 61 9933.199738
40 62 9966.599873
40 63 10000.000000
41 0 0.000000
41 1 15804.195242
41 2 8977.817160
41 3 7419.264200
41 4 7920.271980
41 5 8103.320180
41 6 8106.866192
41 7 8126.891960
41 8 8162.010376
41 9 8196.559114
41 10 8229.878954
41 11 8263.183742
41 12 8296.585575
41 13 8329.993376
41 14 8363.393751
41 15 8396.793289
41 16 8430.193378
41 17 8463.593562
41 18 8496.993709
41 19 8530.393847
41 20 8563.793989
41 21 8597.194133
41 22 8630.594277
41 23 8663.994422
41 24 8697.394567
41 25 8730.794712
41 26 8764.194858
41 27 8797.595004
41 28 8830.995149
41 29 8864.395295
41 30 8897.795441
41 31 8931.195586
41 32 8964.595731
41 33 8997.995875
41 34 9031.396020
41 35 9064.796164
41 36 9098.196307
41 37 9131.596450
41 38 9164.996593
41 39 9198.396734
41 40 9231.796876
41 41 9265.197017
41 42 9298.597157
41 43 9331.997297
41 44 9365.397436
41 45 9398.797575
41 46 9432.197713
41 47 9465.597851
41 48 9498.997988
41 49 9532.398125
41 50 9565.798261
41 51 9599.198397
41 52 9632.598533
41 53 9665.998668
41 54 9699.398803
41 55 9732.798938
41 56 9766.199072
41 57 9799.599206
41 58 9832.999340
41 59 9866.399474
41 60 9899.799608
41 61 9933.199742
41 62 9966.599875
41 63 10000.000000
42 0 0.000000
42 1 15804.195858
42 2 8977.817284
42 3 7419.264301
42 4 7920.272096
42 5 8103.320298
42 6 8106.866312
42 7 8126.892081
42 8 8162.010497
42 9 8196.559235
42 10 8229.879075
42 11 8263.183862
42 12 8296.585695
42 13 8329.993495
42 14 8363.393869
42 15 8396.793406
42 16 8430.193493
42 17 8463.593676
42 18 8496.993820
42 19 8530.393957
42 20 8563.794097
42 21 8597.194238
42 22 8630.594380
42 23 8663.994523
42 24 8697.394665
42 25 8730.794808
42 26 8764.194951
42 27 8797.595095
42 28 8830.995238
42 29 8864.395381
42 30 8897.795523
42 31 8931.195666
42 32 8964.595808
42 33 8997.995950
42 34 9031.396092
42 35 9064.796233
42 36 9098.196374
42 37 9131.596514
42 38 9164.996654
42 39 9198.396793
42 40 9231.796932
42 41 9265.197070
42 42 9298.597208
42 43 9331.997345
42 44 9365.397482
42 45 9398.797618
42 46 9432.197753
42 47 9465.597889
42 48 9498.998023
42 49 9532.398158
42 50 9565.798292
42 51 9599.198425
42 52 9632.598558
42 53 9665.998691
42 54 9699.398824
42 55 9732.798956
42 56 9766.199088
42 57 9799.599220
42 58 9832.999351
42 59 9866.399483
42 60 9899.799614
42 61 9933.199746
42 62 9966.599877
42 63 10000.000000
43 0 0.000000
43 1 15804.196543
43 2 8977.817424
43 3 7419.264415
43 4 7920.272226
43 5 8103.320431
43 6 8106.866445
43 7 8126.892215
43 8 8162.010632
43 9 8196.559370
43 10 8229.879209
43 11 8263.183996
43 12 8296.585828
43 13 8329.993627
43 14 8363.394000
43 15 8396.793535
43 16 8430.193621
43 17 8463.593801
43 18 8496.993944
43 19 8530.394078
43 20 8563.794216
43 21 8597.194355
43 22 8630.594494
43 23 8663.994634
43 24 8697.394774
43 25 8730.794914
43 26 8764.195054
43 27 8797.595195
43 28 8830.995335
43 29 8864.395475
43 30 8897.795615
43 31 8931.195754
43 32 8964.595894
43 33 8997.996033
43 34 9031.396171
43 35 9064.796309
43 36 9098.196447
43 37 9131.596584
43 38 9164.996721
43 39 9198.396857
43 40 9231.796993
43 41 9265.197128
43 42 9298.597263
43 43 9331.997398
43 44 9365.397531
43 45 9398.797665
43 46 9432.197798
43 47 9465.597930
43 48 9498.998062
43 49 9532.398194
43 50 9565.798325
43 51 9599.198456
43 52 9632.598586
43 53 9665.998716
43 54 9699.398846
43 55 9732.798976
43 56 9766.199105
43 57 9799.599234
43 58 9832.999363
43 59 9866.399492
43 60 9899.799621
43 61 9933.199750
43 62 9966.599878
43 63 10000.000000
44 0 0.000000
44 1 15804.197297
44 2 8977.817579
44 3 7419.264540
44 4 7920.272370
44 5 8103.320577
44 6 8106.866593
44 7 8126.892363
44 8 8162.010781
44 9 8196.559518
44 10 8229.879357
44 11 8263.184144
44 12 8296.585974
44 13 8329.993773
44 14 8363.394144
44 15 8396.793677
44 16 8430.193761
44 17 8463.593939
44 18 8496.994080
44 19 8530.394211
44 20 8563.794346
44 21 8597.194483
44 22 8630.594619
44 23 8663.994756
44 24 8697.394893
44 25 8730.795030
44 26 8764.195167
44 27 8797.595304
44 28 8830.995441
44 29 8864.395578
44 30 8897.795714
44 31 8931.195851
44 32 8964.595987
44 33 8997.996122
44 34 9031.396258
44 35 9064.796392
44 36 9098.196527
44 37 9131.596661
44 38 9164.996794
44 39 9198.396927
44 40 9231.797060
44 41 9265.197192
44 42 9298.597324
44 43 9331.997455
44 44 9365.397586
44 45 9398.797716
44 46 9432.197846
44 47 9465.597975
44 48 9498.998104
44 49 9532.398233
44 50 9565.798361
44 51 9599.198489
44 52 9632.598616
44 53 9665.998744
44 54 9699.398871
44 55 9732.798997
44 56 9766.199124
44 57 9799.599250
44 58 9832.999377
44 59 9866.399503
44 60 9899.799629
44 61 9933.199755
44 62 9966.599880
44 63 10000.000000
45 0 0.000000
45 1 15804.198123
45 2 8977.817751
45 3 7419.264680
45 4 7920.272529
45 5 8103.320739
45 6 8106.866755
45 7 8126.892526
45 8 8162.010944
45 9 8196.559681
45 10 8229.879520
45 11 8263.184305
45 12 8296.586135
45 13 8329.993931
45 14 8363.394301
45 15 8396.793832
45 16 8430.193913
45 17 8463.594090
45 18 8496.994227
45 19 8530.394356
45 20 8563.794488
45 21 8597.194622
45 22 8630.594755
45 23 8663.994888
45 24 8697.395022
45 25 8730.795156
45 26 8764.195289
45 27 8797.595423
45 28 8830.995556
45 29 8864.395689
45 30 8897.795822
45 31 8931.195955
45 32 8964.596087
45 33 8997.996219
45 34 9031.396351
45 35 9064.796482
45 36 9098.196613
45 37 9131.596743
45 38 9164.996873
45 39 9198.397003
45 40 9231.797132
45 41 9265.197261
45 42 9298.597389
45 43 9331.997517
45 44 9365.397644
45 45 9398.797771
45 46 9432.197897
45 47 9465.598024
45 48 9498.998149
45 49 9532.398275
45 50 9565.798400
45 51 9599.198524
45 52 9632.598649
45 53 9665.998773
45 54 9699.398897
45 55 9732.799021
45 56 9766.199144
45 57 9799.599267
45 58 9832.999391
45 59 9866.399514
45 60 9899.799637
45 61 9933.199760
45 62 9966.599882
45 63 10000.000000
46 0 0.000000
46 1 15804.199023
46 2 8977.817940
46 3 7419.264832
46 4 7920.272704
46 5 8103.320916
46 6 8106.866933
46 7 8126.892704
46 8 8162.011122
46 9 8196.559859
46 10 8229.879697
46 11 8263.184481
46 12 8296.586309
46 13 8329.994104
46 14 8363.394471
46 15 8396.794000
46 16 8430.194079
46 17 8463.594252
46 18 8496.994387
46 19 8530.394513
46 20 8563.794642
46 21 8597.194771
46 22 8630.594901
46 23 8663.995031
46 24 8697.395161
46 25 8730.795291
46 26 8764.195421
46 27 8797.595550
46 28 8830.995680
46 29 8864.395809
46 30 8897.795938
46 31 8931.196067
46 32 8964.596195
46 33 8997.996323
46 34 9031.396451
46 35 9064.796578
46 36 9098.196705
46 37 9131.596832
46 38 9164.996958
46 39 9198.397084
46 40 9231.797209
46 41 9265.197334
46 42 9298.597459
46 43 9331.997583
46 44 9365.397706
46 45 9398.797830
46 46 9432.197953
46 47 9465.598075
46 48 9498.998198
46 49 9532.398319
46 50 9565.798441
46 51 9599.198562
46 52 9632.598684
46 53 9665.998804
46 54 9699.398925
46 55 9732.799045
46 56 9766.199166
46 57 9799.599286
46 58 9832.999406
46 59 9866.399525
46 60 9899.799645
46 61 9933.199765
46 62 9966.599885
46 63 10000.000000
47 0 0.000000
47 1 15804.199996
47 2 8977.818148
47 3 7419.265000
47 4 7920.272895
47 5 8103.321110
47 6 8106.867126
47 7 8126.892898
47 8 8162.011315
47 9 8196.560052
47 10 8229.879888
47 11 8263.184671
47 12 8296.586497
47 13 8329.994290
47 14 8363.394655
47 15 8396.794181
47 16 8430.194257
47 17 8463.594427
47 18 8496.994559
47 19 8530.394681
47 20 8563.794806
47 21 8597.194932
47 22 8630.595058
47 23 8663.995184
47 24 8697.395310
47 25 8730.795436
47 26 8764.195562
47 27 8797.595687
47 28 8830.995812
47 29 8864.395937
47 30 8897.796062
47 31 8931.196187
47 32 8964.596311
47 33 8997.996434
47 34 9031.396558
47 35 9064.796681
47 36 9098.196804
47 37 9131.596926
47 38 9164.997048
47 39 9198.397170
47 40 9231.797291
47 41 9265.197412
47 42 9298.597533
47 43 9331.997653
47 44 9365.397773
47 45 9398.797892
47 46 9432.198011
47 47 9465.598130
47 48 9498.998249
47 49 9532.398367
47 50 9565.798485
47 51 9599.198603
47 52 9632.598720
47 53 9665.998838
47 54 9699.398955
47 55 9732.799072
47 56 9766.199188
47 57 9799.599305
47 58 9832.999422
47 59 9866.399538
47 60 9899.799654
47 61 9933.199771
47 62 9966.599887
47 63 10000.000000
48 0 0.000000
48 1 15804.201047
48 2 8977.818375
48 3 7419.265182
48 4 7920.273102
48 5 8103.321320
48 6 8106.867336
48 7 8126.893108
48 8 8162.011524
48 9 8196.560260
48 10 8229.880095
48 11 8263.184876
48 12 8296.586700
48 13 8329.994490
48 14 8363.394853
48 15 8396.794376
48 16 8430.194448
48 17 8463.594615
48 18 8496.994743
48 19 8530.394861
48 20 8563.794983
48 21 8597.195105
48 22 8630.595226
48 23 8663.995348
48 24 8697.395469
48 25 8730.795591
48 26 8764.195712
48 27 8797.595833
48 28 8830.995953
48 29 8864.396074
48 30 8897.796194
48 31 8931.196314
48 32 8964.596433
48 33 8997.996552
48 34 9031.396671
48 35 9064.796790
48 36 9098.196908
48 37 9131.597026
48 38 9164.997144
48 39 9198.397261
48 40 9231.797378
48 41 9265.197495
48 42 9298.597611
48 43 9331.997727
48 44 9365.397843
48 45 9398.797958
48 46 9432.198073
48 47 9465.598188
48 48 9498.998303
48 49 9532.398417
48 50 9565.798531
48 51 9599.198645
48 52 9632.598759
48 53 9665.998873
48 54 9699.398986
48 55 9732.799099
48 56 9766.199212
48 57 9799.599325
48 58 9832.999438
48 59 9866.399551
48 60 9899.799664
48 61 9933.199777
48 62 9966.599889
48 63 10000.000000
49 0 0.000000
49 1 15804.202176
49 2 8977.818623
49 3 7419.265381
49 4 7920.273328
49 5 8103.321547
49 6 8106.867564
49 7 8126.893335
49 8 8162.011750
49 9 8196.560484
49 10 8229.880318
49 11 8263.185096
49 12 8296.586918
49 13 8329.994705
49 14 8363.395064
49 15 8396.794584
49 16 8430.194653
49 17 8463.594816
49 18 8496.994940
49 19 8530.395054
49 20 8563.795170
49 21 8597.195288
49 22 8630.595405
49 23 8663.995522
49 24 8697.395638
49 25 8730.795755
49 26 8764.195871
49 27 8797.595987
49 28 8830.996103
49 29 8864.396218
49 30 8897.796333
49 31 8931.196448
49 32 8964.596563
49 33 8997.996677
49 34 9031.396791
49 35 9064.796905
49 36 9098.197018
49 37 9131.597131
49 38 9164.997244
49 39 9198.397357
49 40 9231.797469
49 41 9265.197581
49 42 9298.597693
49 43 9331.997805
49 44 9365.397916
49 45 9398.798027
49 46 9432.198138
49 47 9465.598249
49 48 9498.998359
49 49 9532.398470
49 50 9565.798580
49 51 9599.198690
49 52 9632.598799
49 53 9665.998909
49 54 9699.399019
49 55 9732.799128
49 56 9766.199237
49 57 9799.599347
49 58 9832.999456
49 59 9866.399565
49 60 9899.799674
49 61 9933.199783
49 62 9966.599892
49 63 10000.000000
50 0 0.000000
50 1 15804.203387
50 2 8977.818893
50 3 7419.265596
50 4 7920.273572
50 5 8103.321794
50 6 8106.867809
50 7 8126.893579
50 8 8162.011993
50 9 8196.560725
50 10 8229.880556
50 11 8263.185333
50 12 8296.587151
50 13 8329.994935
50 14 8363.395291
50 15 8396.794806
50 16 8430.194871
50 17 8463.595030
50 18 8496.995149
50 19 8530.395258
50 20 8563.795370
50 21 8597.195482
50 22 8630.595594
50 23 8663.995706
50 24 8697.395817
50 25 8730.795928
50 26 8764.196039
50 27 8797.596150
50 28 8830.996260
50 29 8864.396370
50 30 8897.796480
50 31 8931.196590
50 32 8964.596699
50 33 8997.996808
50 34 9031.396917
50 35 9064.797025
50 36 9098.197134
50 37 9131.597242
50 38 9164.997350
50 39 9198.397457
50 40 9231.797565
50 41 9265.197672
50 42 9298.597779
50 43 9331.997886
50 44 9365.397993
50 45 9398.798099
50 46 9432.198206
50 47 9465.598312
50 48 9498.998418
50 49 9532.398524
50 50 9565.798630
50 51 9599.198736
50 52 9632.598842
50 53 9665.998947
50 54 9699.399053
50 55 9732.799158
50 56 9766.199263
50 57 9799.599369
50 58 9832.999474
50 59 9866.399579
50 60 9899.799684
50 61 9933.199789
50 62 9966.599895
50 63 10000.000000
51 0 0.000000
51 1 15804.204680
51 2 8977.819186
51 3 7419.265829
51 4 7920.273835
51 5 8103.322059
51 6 8106.868073
51 7 8126.893841
51 8 8162.012254
51 9 8196.560983
51 10 8229.880812
51 11 8263.185585
51 12 8296.587400
51 13 8329.995180
51 14 8363.395532
51 15 8396.795043
51 16 8430.195103
51 17 8463.595257
51 18 8496.995371
51 19 8530.395475
51 20 8563.795581
51 21 8597.195688
51 22 8630.595795
51 23 8663.995901
51 24 8697.396006
51 25 8730.796112
51 26 8764.196217
51 27 8797.596321
51 28 8830.996426
51 29 8864.396530
51 30 8897.796634
51 31 8931.196738
51 32 8964.596842
51 33 8997.996945
51 34 9031.397048
51 35 9064.797151
51 36 9098.197254
51 37 9131.597357
51 38 9164.997460
51 39 9198.397562
51 40 9231.797664
51 41 9265.197767
51 42 9298.597869
51 43 9331.997971
51 44 9365.398073
51 45 9398.798175
51 46 9432.198276
51 47 9465.598378
51 48 9498.998480
51 49 9532.398581
51 50 9565.798683
51 51 9599.198784
51 52 9632.598885
51 53 9665.998987
51 54 9699.399088
51 55 9732.799189
51 56 9766.199290
51 57 9799.599392
51 58 9832.999493
51 59 9866.399594
51 60 9899.799695
51 61 9933.199796
51 62 9966.599897
51 63 10000.000000
52 0 0.000000
52 1 15804.206059
52 2 8977.819503
52 3 7419.266081
52 4 7920.274119
52 5 8103.322345
52 6 8106.868356
52 7 8126.894123
52 8 8162.012533
52 9 8196.561260
52 10 8229.881085
52 11 8263.185854
52 12 8296.587665
52 13 8329.995441
52 14 8363.395788
52 15 8396.795294
52 16 8430.195349
52 17 8463.595497
52 18 8496.995606
52 19 8530.395704
52 20 8563.795805
52 21 8597.195906
52 22 8630.596006
52 23 8663.996106
52 24 8697.396205
52 25 8730.796304
52 26 8764.196403
52 27 8797.596502
52 28 8830.996600
52 29 8864.396698
52 30 8897.796796
52 31 8931.196893
52 32 8964.596991
52 33 8997.997088
52 34 9031.397186
52 35 9064.797283
52 36 9098.197380
52 37 9131.597477
52 38 9164.997574
52 39 9198.397671
52 40 9231.797768
52 41 9265.197865
52 42 9298.597962
52 43 9331.998059
52 44 9365.398155
52 45 9398.798252
52 46 9432.198349
52 47 9465.598446
52 48 9498.998543
52 49 9532.398640
52 50 9565.798737
52 51 9599.198833
52 52 9632.598930
52 53 9665.999027
52 54 9699.399124
52 55 9732.799221
52 56 9766.199318
52 57 9799.599415
52 58 9832.999512
52 59 9866.399609
52 60 9899.799706
52 61 9933.199803
52 62 9966.599900
52 63 10000.000000
53 0 0.000000
53 1 15804.207526
53 2 8977.819845
53 3 7419.266352
53 4 7920.274425
53 5 8103.322652
53 6 8106.868660
53 7 8126.894424
53 8 8162.012831
53 9 8196.561554
53 10 8229.881376
53 11 8263.186141
53 12 8296.587947
53 13 8329.995718
53 14 8363.396059
53 15 8396.795560
53 16 8430.195609
53 17 8463.595751
53 18 8496.995854
53 19 8530.395946
53 20 8563.796040
53 21 8597.196134
53 22 8630.596228
53 23 8663.996321
53 24 8697.396414
53 25 8730.796506
53 26 8764.196598
53 27 8797.596690
53 28 8830.996781
53 29 8864.396873
53 30 8897.796964
53 31 8931.197055
53 32 8964.597146
53 33 8997.997237
53 34 9031.397328
53 35 9064.797419
53 36 9098.197510
53 37 9131.597601
53 38 9164.997693
53 39 9198.397784
53 40 9231.797875
53 41 9265.197966
53 42 9298.598058
53 43 9331.998149
53 44 9365.398241
53 45 9398.798332
53 46 9432.198424
53 47 9465.598516
53 48 9498.998608
53 49 9532.398700
53 50 9565.798792
53 51 9599.198884
53 52 9632.598977
53 53 9665.999069
53 54 9699.399161
53 55 9732.799254
53 56 9766.199347
53 57 9799.599439
53 58 9832.999532
53 59 9866.399625
53 60 9899.799718
53 61 9933.199810
53 62 9966.599903
53 63 10000.000000
54 0 0.000000
54 1 15804.209084
54 2 8977.820214
54 3 7419.266644
54 4 7920.274752
54 5 8103.322980
54 6 8106.868985
54 7 8126.894746
54 8 8162.013149
54 9 8196.561868
54 10 8229.881685
54 11 8263.186445
54 12 8296.588246
54 13 8329.996011
54 14 8363.396347
54 15 8396.795841
54 16 8430.195884
54 17 8463.596019
54 18 8496.996115
54 19 8530.396200
54 20 8563.796287
54 21 8597.196374
54 22 8630.596461
54 23 8663.996547
54 24 8697.396632
54 25 8730.796717
54 26 8764.196802
54 27 8797.596886
54 28 8830.996971
54 29 8864.397055
54 30 8897.797139
54 31 8931.197224
54 32 8964.597308
54 33 8997.997392
54 34 9031.397476
54 35 9064.797561
54 36 9098.197645
54 37 9131.597730
54 38 9164.997815
54 39 9198.397900
54 40 9231.797985
54 41 9265.198070
54 42 9298.598156
54 43 9331.998242
54 44 9365.398328
54 45 9398.798414
54 46 9432.198501
54 47 9465.598587
54 48 9498.998674
54 49 9532.398761
54 50 9565.798849
54 51 9599.198936
54 52 9632.599024
54 53 9665.999111
54 54 9699.399199
54 55 9732.799287
54 56 9766.199376
54 57 9799.599464
54 58 9832.999552
54 59 9866.399641
54 60 9899.799729
54 61 9933.199817
54 62 9966.599906
54 63 10000.000000
55 0 0.000000
55 1 15804.210735
55 2 8977.820611
55 3 7419.266957
55 4 7920.275104
55 5 8103.323332
55 6 8106.869332
55 7 8126.895089
55 8 8162.013488
55 9 8196.562202
55 10 8229.882014
55 11 8263.186768
55 12 8296.588563
55 13 8329.996322
55 14 8363.396651
55 15 8396.796138
55 16 8430.196174
55 17 8463.596302
55 18 8496.996390
55 19 8530.396467
55 20 8563.796547
55 21 8597.196626
55 22 8630.596705
55 23 8663.996783
55 24 8697.396860
55 25 8730.796937
55 26 8764.197014
55 27 8797.597091
55 28 8830.997168
55 29 8864.397244
55 30 8897.797321
55 31 8931.197398
55 32 8964.597475
55 33 8997.997552
55 34 9031.397629
55 35 9064.797706
55 36 9098.197784
55 37 9131.597862
55 38 9164.997940
55 39 9198.398019
55 40 9231.798098
55 41 9265.198177
55 42 9298.598257
55 43 9331.998337
55 44 9365.398417
55 45 9398.798498
55 46 9432.198579
55 47 9465.598660
55 48 9498.998742
55 49 9532.398824
55 50 9565.798906
55 51 9599.198989
55 52 9632.599071
55 53 9665.999154
55 54 9699.399238
55 55 9732.799321
55 56 9766.199405
55 57 9799.599489
55 58 9832.999573
55 59 9866.399657
55 60 9899.799741
55 61 9933.199825
55 62 9966.599909
55 63 10000.000000
56 0 0.000000
56 1 15804.212482
56 2 8977.821038
56 3 7419.267293
56 4 7920.275480
56 5 8103.323708
56 6 8106.869703
56 7 8126.895455
56 8 8162.013849
56 9 8196.562557
56 10 8229.882363
56 11 8263.187110
56 12 8296.588898
56 13 8329.996650
56 14 8363.396971
56 15 8396.796451
56 16 8430.196479
56 17 8463.596599
56 18 8496.996679
56 19 8530.396748
56 20 8563.796819
56 21 8597.196890
56 22 8630.596960
56 23 8663.997029
56 24 8697.397098
56 25 8730.797167
56 26 8764.197235
56 27 8797.597304
56 28 8830.997372
56 29 8864.397440
56 30 8897.797509
56 31 8931.197578
56 32 8964.597647
56 33 8997.997716
56 34 9031.397786
56 35 9064.797856
56 36 9098.197927
56 37 9131.597998
56 38 9164.998069
56 39 9198.398141
56 40 9231.798213
56 41 9265.198286
56 42 9298.598360
56 43 9331.998434
56 44 9365.398508
56 45 9398.798583
56 46 9432.198658
56 47 9465.598734
56 48 9498.998810
56 49 9532.398887
56 50 9565.798964
56 51 9599.199042
56 52 9632.599120
56 53 9665.999198
56 54 9699.399276
56 55 9732.799355
56 56 9766.199434
56 57 9799.599514
56 58 9832.999593
56 59 9866.399673
56 60 9899.799752
56 61 9933.199832
56 62 9966.599912
56 63 10000.000000
57 0 0.000000
57 1 15804.214329
57 2 8977.821496
57 3 7419.267653
57 4 7920.275882
57 5 8103.324110
57 6 8106.870098
57 7 8126.895844
57 8 8162.014232
57 9 8196.562934
57 10 8229.882733
57 11 8263.187473
57 12 8296.589253
57 13 8329.996997
57 14 8363.397310
57 15 8396.796781
57 16 8430.196800
57 17 8463.596911
57 18 8496.996982
57 19 8530.397042
57 20 8563.797103
57 21 8597.197165
57 22 8630.597226
57 23 8663.997286
57 24 8697.397346
57 25 8730.797405
57 26 8764.197465
57 27 8797.597524
57 28 8830.997584
57 29 8864.397643
57 30 8897.797703
57 31 8931.197764
57 32 8964.597824
57 33 8997.997886
57 34 9031.397947
57 35 9064.798010
57 36 9098.198073
57 37 9131.598136
57 38 9164.998200
57 39 9198.398265
57 40 9231.798331
57 41 9265.198397
57 42 9298.598464
57 43 9331.998532
57 44 9365.398600
57 45 9398.798669
57 46 9432.198738
57 47 9465.598809
57 48 9498.998879
57 49 9532.398951
57 50 9565.799023
57 51 9599.199095
57 52 9632.599168
57 53 9665.999241
57 54 9699.399315
57 55 9732.799389
57 56 9766.199464
57 57 9799.599539
57 58 9832.999614
57 59 9866.399689
57 60 9899.799764
57 61 9933.199839
57 62 9966.599915
57 63 10000.000000
58 0 0.000000
58 1 15804.216278
58 2 8977.821987
58 3 7419.268038
58 4 7920.276310
58 5 8103.324538
58 6 8106.870519
58 7 8126.896258
58 8 8162.014639
58 9 8196.563334
58 10 8229.883124
58 11 8263.187856
58 12 8296.589627
58 13 8329.997362
58 14 8363.397666
58 15 8396.797128
58 16 8430.197137
58 17 8463.597238
58 18 8496.997299
58 19 8530.397349
58 20 8563.797401
58 21 8597.197452
58 22 8630.597503
58 23 8663.997553
58 24 8697.397603
58 25 8730.797652
58 26 8764.197702
58 27 8797.597752
58 28 8830.997802
58 29 8864.397852
58 30 8897.797903
58 31 8931.197954
58 32 8964.598006
58 33 8997.998059
58 34 9031.398112
58 35 9064.798166
58 36 9098.198221
58 37 9131.598277
58 38 9164.998334
58 39 9198.398391
58 40 9231.798450
58 41 9265.198509
58 42 9298.598569
58 43 9331.998630
58 44 9365.398692
58 45 9398.798755
58 46 9432.198819
58 47 9465.598883
58 48 9498.998948
58 49 9532.399014
58 50 9565.799081
58 51 9599.199148
58 52 9632.599216
58 53 9665.999285
58 54 9699.399354
58 55 9732.799423
58 56 9766.199493
58 57 9799.599563
58 58 9832.999634
58 59 9866.399705
58 60 9899.799776
58 61 9933.199846
58 62 9966.599918
58 63 10000.000000
59 0 0.000000
59 1 15804.218329
59 2 8977.822509
59 3 7419.268446
59 4 7920.276765
59 5 8103.324992
59 6 8106.870964
59 7 8126.896695
59 8 8162.015068
59 9 8196.563754
59 10 8229.883535
59 11 8263.188258
59 12 8296.590020
59 13 8329.997745
59 14 8363.398038
59 15 8396.797490
59 16 8430.197488
59 17 8463.597579
59 18 8496.997629
59 19 8530.397668
59 20 8563.797709
59 21 8597.197749
59 22 8630.597789
59 23 8663.997828
59 24 8697.397868
59 25 8730.797907
59 26 8764.197946
59 27 8797.597985
59 28 8830.998025
59 29 8864.398065
59 30 8897.798106
59 31 8931.198148
59 32 8964.598191
59 33 8997.998234
59 34 9031.398279
59 35 9064.798324
59 36 9098.198371
59 37 9131.598418
59 38 9164.998467
59 39 9198.398517
59 40 9231.798568
59 41 9265.198620
59 42 9298.598674
59 43 9331.998728
59 44 9365.398784
59 45 9398.798840
59 46 9432.198898
59 47 9465.598956
59 48 9498.999016
59 49 9532.399077
59 50 9565.799138
59 51 9599.199200
59 52 9632.599263
59 53 9665.999327
59 54 9699.399391
59 55 9732.799456
59 56 9766.199521
59 57 9799.599587
59 58 9832.999653
59 59 9866.399720
59 60 9899.799787
59 61 9933.199853
59 62 9966.599921
59 63 10000.000000
60 0 0.000000
60 1 15804.220493
60 2 8977.823071
60 3 7419.268885
60 4 7920.277253
60 5 8103.325477
60 6 8106.871439
60 7 8126.897162
60 8 8162.015526
60 9 8196.564202
60 10 8229.883974
60 11 8263.188686
60 12 8296.590437
60 13 8329.998151
60 14 8363.398433
60 15 8396.797873
60 16 8430.197860
60 17 8463.597939
60 18 8496.997977
60 19 8530.398004
60 20 8563.798033
60 21 8597.198062
60 22 8630.598090
60 23 8663.998117
60 24 8697.398145
60 25 8730.798172
60 26 8764.198200
60 27 8797.598228
60 28 8830.998257
60 29 8864.398287
60 30 8897.798317
60 31 8931.198349
60 32 8964.598381
60 33 8997.998415
60 34 9031.398450
60 35 9064.798486
60 36 9098.198524
60 37 9131.598563
60 38 9164.998604
60 39 9198.398645
60 40 9231.798689
60 41 9265.198733
60 42 9298.598780
60 43 9331.998827
60 44 9365.398876
60 45 9398.798926
60 46 9432.198977
60 47 9465.599030
60 48 9498.999084
60 49 9532.399139
60 50 9565.799195
60 51 9599.199252
60 52 9632.599310
60 53 9665.999369
60 54 9699.399428
60 55 9732.799489
60 56 9766.199549
60 57 9799.599611
60 58 9832.999673
60 59 9866.399735
60 60 9899.799798
60 61 9933.199860
60 62 9966.599924
60 63 10000.000000
61 0 0.000000
61 1 15804.222837
61 2 8977.823716
61 3 7419.269390
61 4 7920.277812
61 5 8103.326034
61 6 8106.871984
61 7 8126.897696
61 8 8162.016050
61 9 8196.564715
61 10 8229.884475
61 11 8263.189175
61 12 8296.590914
61 13 8329.998615
61 14 8363.398884
61 15 8396.798311
61 16 8430.198285
61 17 8463.598350
61 18 8496.998375
61 19 8530.398388
61 20 8563.798403
61 21 8597.198418
61 22 8630.598433
61 23 8663.998447
61 24 8697.398461
61 25 8730.798475
61 26 8764.198490
61 27 8797.598505
61 28 8830.998522
61 29 8864.398539
61 30 8897.798557
61 31 8931.198577
61 32 8964.598598
61 33 8997.998621
61 34 9031.398645
61 35 9064.798671
61 36 9098.198698
61 37 9131.598727
61 38 9164.998758
61 39 9198.398791
61 40 9231.798825
61 41 9265.198861
61 42 9298.598899
61 43 9331.998939
61 44 9365.398980
61 45 9398.799022
61 46 9432.199067
61 47 9465.599113
61 48 9498.999160
61 49 9532.399209
61 50 9565.799259
61 51 9599.199310
61 52 9632.599362
61 53 9665.999415
61 54 9699.399470
61 55 9732.799525
61 56 9766.199581
61 57 9799.599637
61 58 9832.999694
61 59 9866.399752
61 60 9899.799810
61 61 9933.199868
61 62 9966.599927
61 63 10000.000000
62 0 0.000000
62 1 15804.225256
62 2 8977.824374
62 3 7419.269903
62 4 7920.278379
62 5 8103.326599
62 6 8106.872536
62 7 8126.898237
62 8 8162.016579
62 9 8196.565232
62 10 8229.884980
62 11 8263.189667
62 12 8296.591392
62 13 8329.999080
62 14 8363.399335
62 15 8396.798748
62 16 8430.198707
62 17 8463.598759
62 18 8496.998769
62 19 8530.398768
62 20 8563.798768
62 21 8597.198769
62 22 8630.598769
62 23 8663.998769
62 24 8697.398770
62 25 8730.798770
62 26 8764.198771
62 27 8797.598774
62 28 8830.998777
62 29 8864.398781
62 30 8897.798788
62 31 8931.198795
62 32 8964.598805
62 33 8997.998816
62 34 9031.398829
62 35 9064.798844
62 36 9098.198861
62 37 9131.598881
62 38 9164.998902
62 39 9198.398925
62 40 9231.798951
62 41 9265.198979
62 42 9298.599009
62 43 9331.999040
62 44 9365.399074
62 45 9398.799110
62 46 9432.199147
62 47 9465.599187
62 48 9498.999228
62 49 9532.399271
62 50 9565.799315
62 51 9599.199361
62 52 9632.599408
62 53 9665.999456
62 54 9699.399506
62 55 9732.799557
62 56 9766.199608
62 57 9799.599660
62 58 9832.999713
62 59 9866.399767
62 60 9899.799821
62 61 9933.199874
62 62 9966.599929
62 63 10000.000000
63 0 0.000000
63 1 15804.225256
63 2 8977.824374
63 3 7419.269903
63 4 7920.278379
63 5 8103.326599
63 6 8106.872536
63 7 8126.898237
63 8 8162.016579
63 9 8196.565232
63 10 8229.884980
63 11 8263.189667
63 12 8296.591392
63 13 8329.999080
63 14 8363.399335
63 15 8396.798748
63 16 8430.198707
63 17 8463.598759
63 18 8496.998769
63 19 8530.398768
63 20 8563.798768
63 21 8597.198769
63 22 8630.598769
63 23 8663.998769
63 24 8697.398770
63 25 8730.798770
63 26 8764.198771
63 27 8797.598774
63 28 8830.998777
63 29 8864.398781
63 30 8897.798788
63 31 8931.198795
63 32 8964.598805
63 33 8997.998816
63 34 9031.398829
63 35 9064.798844
63 36 9098.198861
63 37 9131.598881
63 38 9164.998902
63 39 9198.398925
63 40 9231.798951
63 41 9265.198979
63 42 9298.599009
63 43 9331.999040
63 44 9365.399074
63 45 9398.799110
63 46 9432.199147
63 47 9465.599187
63 48 9498.999228
63 49 9532.399271
63 50 9565.799315
63 51 9599.199361
63 52 9632.599408
63 53 9665.999456
63 54 9699.399506
63 55 9732.799557
63 56 9766.199608
63 57 9799.599660
63 58 9832.999713
63 59 9866.399767
63 60 9899.799821
63 61 9933.199874
63 62 9966.599929
63 63 10000.000000
