0 0 0.000000
0 1 1170.812072
0 2 920.205092
0 3 975.177552
0 4 1150.438753
0 5 1308.552023
0 6 1456.939737
0 7 1606.147916
0 8 1756.112306
0 9 1906.051313
0 10 2055.933964
0 11 2205.816164
0 12 2355.702678
0 13 2505.589629
0 14 2655.476477
0 15 2805.363461
0 16 2955.250613
0 17 3105.137901
0 18 3255.025309
0 19 3404.912826
0 20 3554.800442
0 21 3704.688147
0 22 3854.575932
0 23 4004.463791
0 24 4154.351716
0 25 4304.239700
0 26 4454.127740
0 27 4604.015828
0 28 4753.903962
0 29 4903.792136
0 30 5053.680347
0 31 5203.568592
0 32 5353.456867
0 33 5503.345170
0 34 5653.233499
0 35 5803.121851
0 36 5953.010223
0 37 6102.898615
0 38 6252.787024
0 39 6402.675450
0 40 6552.563889
0 41 6702.452342
0 42 6852.340807
0 43 7002.229282
0 44 7152.117768
0 45 7302.006262
0 46 7451.894765
0 47 7601.783275
0 48 7751.671792
0 49 7901.560315
0 50 8051.448843
0 51 8201.337376
0 52 8351.225914
0 53 8501.114455
0 54 8651.003000
0 55 8800.891548
0 56 8950.780099
0 57 9100.668652
0 58 9250.557207
0 59 9400.445763
0 60 9550.334321
0 61 9700.222879
0 62 9850.111438
0 63 10000.000000
1 0 0.000000
1 1 1170.812072
1 2 920.205092
1 3 975.177552
1 4 1150.438753
1 5 1308.552023
1 6 1456.939737
1 7 1606.147916
1 8 1756.112306
1 9 1906.051313
1 10 2055.933964
1 11 2205.816164
1 12 2355.702678
1 13 2505.589629
1 14 2655.476477
1 15 2805.363461
1 16 2955.250613
1 17 3105.137901
1 18 3255.025309
1 19 3404.912826
1 20 3554.800442
1 21 3704.688147
1 22 3854.575932
1 23 4004.463791
1 24 4154.351716
1 25 4304.239700
1 26 4454.127740
1 27 4604.015828
1 28 4753.903962
1 29 4903.792136
1 30 5053.680347
1 31 5203.568592
1 32 5353.456867
1 33 5503.345170
1 34 5653.233499
1 35 5803.121851
1 36 5953.010223
1 37 6102.898615
1 38 6252.787024
1 39 6402.675450
1 40 6552.563889
1 41 6702.452342
1 42 6852.340807
1 43 7002.229282
1 44 7152.117768
1 45 7302.006262
1 46 7451.894765
1 47 7601.783275
1 48 7751.671792
1 49 7901.560315
1 50 8051.448843
1 51 8201.337376
1 52 8351.225914
1 53 8501.114455
1 54 8651.003000
1 55 8800.891548
1 56 8950.780099
1 57 9100.668652
1 58 9250.557207
1 59 9400.445763
1 60 9550.334321
1 61 9700.222879
1 62 9850.111438
1 63 10000.000000
2 0 0.000000
2 1 1170.804223
2 2 920.202812
2 3 975.176070
2 4 1150.437250
2 5 1308.550690
2 6 1456.938605
2 7 1606.146953
2 8 1756.111485
2 9 1906.050614
2 10 2055.933368
2 11 2205.815653
2 12 2355.702238
2 13 2505.589247
2 14 2655.476145
2 15 2805.363170
2 16 2955.250357
2 17 3105.137675
2 18 3255.025108
2 19 3404.912647
2 20 3554.800282
2 21 3704.688004
2 22 3854.575804
2 23 4004.463676
2 24 4154.351612
2 25 4304.239607
2 26 4454.127655
2 27 4604.015752
2 28 4753.903893
2 29 4903.792073
2 30 5053.680290
2 31 5203.568540
2 32 5353.456821
2 33 5503.345128
2 34 5653.233461
2 35 5803.121816
2 36 5953.010192
2 37 6102.898586
2 38 6252.786998
2 39 6402.675426
2 40 6552.563868
2 41 6702.452322
2 42 6852.340789
2 43 7002.229266
2 44 7152.117753
2 45 7302.006249
2 46 7451.894753
2 47 7601.783264
2 48 7751.671782
2 49 7901.560306
2 50 8051.448835
2 51 8201.337369
2 52 8351.225908
2 53 8501.114450
2 54 8651.002995
2 55 8800.891544
2 56 8950.780095
2 57 9100.668649
2 58 9250.557204
2 59 9400.445761
2 60 9550.334319
2 61 9700.222878
2 62 9850.111438
2 63 10000.000000
3 0 0.000000
3 1 1170.795236
3 2 920.199877
3 3 975.174105
3 4 1150.435233
3 5 1308.548854
3 6 1456.936999
3 7 1606.145546
3 8 1756.110252
3 9 1906.049534
3 10 2055.932423
3 11 2205.814825
3 12 2355.701511
3 13 2505.588608
3 14 2655.475582
3 15 2805.362672
3 16 2955.249915
3 17 3105.137283
3 18 3255.024759
3 19 3404.912335
3 20 3554.800003
3 21 3704.687754
3 22 3854.575579
3 23 4004.463474
3 24 4154.351430
3 25 4304.239443
3 26 4454.127507
3 27 4604.015618
3 28 4753.903771
3 29 4903.791963
3 30 5053.680191
3 31 5203.568450
3 32 5353.456739
3 33 5503.345054
3 34 5653.233393
3 35 5803.121754
3 36 5953.010136
3 37 6102.898536
3 38 6252.786952
3 39 6402.675384
3 40 6552.563830
3 41 6702.452288
3 42 6852.340757
3 43 7002.229238
3 44 7152.117727
3 45 7302.006226
3 46 7451.894732
3 47 7601.783245
3 48 7751.671765
3 49 7901.560290
3 50 8051.448821
3 51 8201.337357
3 52 8351.225896
3 53 8501.114440
3 54 8651.002987
3 55 8800.891537
3 56 8950.780089
3 57 9100.668643
3 58 9250.557200
3 59 9400.445758
3 60 9550.334317
3 61 9700.222877
3 62 9850.111437
3 63 10000.000000
4 0 0.000000
4 1 1170.785715
4 2 920.196582
4 3 975.171877
4 4 1150.432933
4 5 1308.546732
4 6 1456.935118
4 7 1606.143874
4 8 1756.108764
4 9 1906.048211
4 10 2055.931248
4 11 2205.813781
4 12 2355.700584
4 13 2505.587784
4 14 2655.474848
4 15 2805.362018
4 16 2955.249332
4 17 3105.136761
4 18 3255.024292
4 19 3404.911917
4 20 3554.799628
4 21 3704.687416
4 22 3854.575276
4 23 4004.463200
4 24 4154.351183
4 25 4304.239220
4 26 4454.127306
4 27 4604.015436
4 28 4753.903606
4 29 4903.791814
4 30 5053.680055
4 31 5203.568327
4 32 5353.456627
4 33 5503.344952
4 34 5653.233301
4 35 5803.121671
4 36 5953.010060
4 37 6102.898467
4 38 6252.786889
4 39 6402.675327
4 40 6552.563778
4 41 6702.452241
4 42 6852.340715
4 43 7002.229199
4 44 7152.117692
4 45 7302.006193
4 46 7451.894703
4 47 7601.783219
4 48 7751.671741
4 49 7901.560269
4 50 8051.448802
4 51 8201.337340
4 52 8351.225881
4 53 8501.114426
4 54 8651.002975
4 55 8800.891526
4 56 8950.780080
4 57 9100.668636
4 58 9250.557194
4 59 9400.445753
4 60 9550.334313
4 61 9700.222874
4 62 9850.111436
4 63 10000.000000
5 0 0.000000
5 1 1170.775432
5 2 920.192829
5 3 975.169332
5 4 1150.430309
5 5 1308.544297
5 6 1456.932947
5 7 1606.141933
5 8 1756.107025
5 9 1906.046655
5 10 2055.929856
5 11 2205.812536
5 12 2355.699471
5 13 2505.586788
5 14 2655.473957
5 15 2805.361220
5 16 2955.248616
5 17 3105.136119
5 18 3255.023716
5 19 3404.911399
5 20 3554.799161
5 21 3704.686996
5 22 3854.574897
5 23 4004.462858
5 24 4154.350874
5 25 4304.238941
5 26 4454.127053
5 27 4604.015207
5 28 4753.903399
5 29 4903.791626
5 30 5053.679885
5 31 5203.568172
5 32 5353.456486
5 33 5503.344825
5 34 5653.233185
5 35 5803.121565
5 36 5953.009964
5 37 6102.898379
5 38 6252.786810
5 39 6402.675255
5 40 6552.563712
5 41 6702.452181
5 42 6852.340660
5 43 7002.229149
5 44 7152.117647
5 45 7302.006153
5 46 7451.894666
5 47 7601.783186
5 48 7751.671711
5 49 7901.560242
5 50 8051.448778
5 51 8201.337318
5 52 8351.225862
5 53 8501.114409
5 54 8651.002960
5 55 8800.891513
5 56 8950.780069
5 57 9100.668627
5 58 9250.557186
5 59 9400.445747
5 60 9550.334309
5 61 9700.222871
5 62 9850.111435
5 63 10000.000000
6 0 0.000000
6 1 1170.764454
6 2 920.188636
6 3 975.166490
6 4 1150.427384
6 5 1308.541575
6 6 1456.930514
6 7 1606.139748
6 8 1756.105059
6 9 1906.044887
6 10 2055.928268
6 11 2205.811110
6 12 2355.698190
6 13 2505.585638
6 14 2655.472923
6 15 2805.360291
6 16 2955.247780
6 17 3105.135366
6 18 3255.023038
6 19 3404.910788
6 20 3554.798610
6 21 3704.686499
6 22 3854.574447
6 23 4004.462452
6 24 4154.350507
6 25 4304.238608
6 26 4454.126752
6 27 4604.014934
6 28 4753.903151
6 29 4903.791401
6 30 5053.679681
6 31 5203.567987
6 32 5353.456318
6 33 5503.344672
6 34 5653.233046
6 35 5803.121439
6 36 5953.009849
6 37 6102.898275
6 38 6252.786715
6 39 6402.675168
6 40 6552.563633
6 41 6702.452109
6 42 6852.340595
6 43 7002.229090
6 44 7152.117593
6 45 7302.006104
6 46 7451.894622
6 47 7601.783146
6 48 7751.671675
6 49 7901.560209
6 50 8051.448749
6 51 8201.337292
6 52 8351.225839
6 53 8501.114389
6 54 8651.002942
6 55 8800.891498
6 56 8950.780056
6 57 9100.668615
6 58 9250.557177
6 59 9400.445739
6 60 9550.334303
6 61 9700.222868
6 62 9850.111433
6 63 10000.000000
7 0 0.000000
7 1 1170.752926
7 2 920.184066
7 3 975.163393
7 4 1150.424208
7 5 1308.538613
7 6 1456.927860
7 7 1606.137360
7 8 1756.102903
7 9 1906.042943
7 10 2055.926515
7 11 2205.809530
7 12 2355.696765
7 13 2505.584353
7 14 2655.471765
7 15 2805.359246
7 16 2955.246838
7 17 3105.134516
7 18 3255.022270
7 19 3404.910094
7 20 3554.797983
7 21 3704.685932
7 22 3854.573934
7 23 4004.461987
7 24 4154.350086
7 25 4304.238227
7 26 4454.126406
7 27 4604.014620
7 28 4753.902866
7 29 4903.791143
7 30 5053.679446
7 31 5203.567773
7 32 5353.456124
7 33 5503.344495
7 34 5653.232885
7 35 5803.121293
7 36 5953.009716
7 37 6102.898154
7 38 6252.786605
7 39 6402.675068
7 40 6552.563542
7 41 6702.452026
7 42 6852.340520
7 43 7002.229022
7 44 7152.117531
7 45 7302.006048
7 46 7451.894571
7 47 7601.783099
7 48 7751.671633
7 49 7901.560172
7 50 8051.448715
7 51 8201.337262
7 52 8351.225812
7 53 8501.114365
7 54 8651.002921
7 55 8800.891479
7 56 8950.780040
7 57 9100.668602
7 58 9250.557166
7 59 9400.445731
7 60 9550.334297
7 61 9700.222864
7 62 9850.111431
7 63 10000.000000
8 0 0.000000
8 1 1170.740996
8 2 920.179181
8 3 975.160084
8 4 1150.420826
8 5 1308.535454
8 6 1456.925025
8 7 1606.134804
8 8 1756.100590
8 9 1906.040850
8 10 2055.924623
8 11 2205.807820
8 12 2355.695219
8 13 2505.582956
8 14 2655.470501
8 15 2805.358104
8 16 2955.245805
8 17 3105.133581
8 18 3255.021424
8 19 3404.909328
8 20 3554.797290
8 21 3704.685303
8 22 3854.573365
8 23 4004.461471
8 24 4154.349617
8 25 4304.237801
8 26 4454.126020
8 27 4604.014269
8 28 4753.902548
8 29 4903.790853
8 30 5053.679182
8 31 5203.567534
8 32 5353.455906
8 33 5503.344297
8 34 5653.232705
8 35 5803.121128
8 36 5953.009566
8 37 6102.898018
8 38 6252.786481
8 39 6402.674955
8 40 6552.563439
8 41 6702.451933
8 42 6852.340435
8 43 7002.228944
8 44 7152.117461
8 45 7302.005984
8 46 7451.894513
8 47 7601.783047
8 48 7751.671586
8 49 7901.560129
8 50 8051.448677
8 51 8201.337227
8 52 8351.225781
8 53 8501.114338
8 54 8651.002897
8 55 8800.891459
8 56 8950.780022
8 57 9100.668587
8 58 9250.557154
8 59 9400.445721
8 60 9550.334290
8 61 9700.222859
8 62 9850.111429
8 63 10000.000000
9 0 0.000000
9 1 1170.728806
9 2 920.174045
9 3 975.156601
9 4 1150.417279
9 5 1308.532138
9 6 1456.922045
9 7 1606.132112
9 8 1756.098149
9 9 1906.038638
9 10 2055.922618
9 11 2205.806003
9 12 2355.693573
9 13 2505.581464
9 14 2655.469150
9 15 2805.356879
9 16 2955.244694
9 17 3105.132575
9 18 3255.020511
9 19 3404.908500
9 20 3554.796538
9 21 3704.684622
9 22 3854.572746
9 23 4004.460909
9 24 4154.349107
9 25 4304.237338
9 26 4454.125598
9 27 4604.013886
9 28 4753.902200
9 29 4903.790536
9 30 5053.678894
9 31 5203.567272
9 32 5353.455667
9 33 5503.344079
9 34 5653.232507
9 35 5803.120948
9 36 5953.009402
9 37 6102.897868
9 38 6252.786345
9 39 6402.674831
9 40 6552.563326
9 41 6702.451830
9 42 6852.340341
9 43 7002.228859
9 44 7152.117384
9 45 7302.005914
9 46 7451.894449
9 47 7601.782990
9 48 7751.671534
9 49 7901.560083
9 50 8051.448635
9 51 8201.337190
9 52 8351.225748
9 53 8501.114308
9 54 8651.002871
9 55 8800.891436
9 56 8950.780003
9 57 9100.668571
9 58 9250.557140
9 59 9400.445711
9 60 9550.334282
9 61 9700.222854
9 62 9850.111426
9 63 10000.000000
10 0 0.000000
10 1 1170.716495
10 2 920.168726
10 3 975.152985
10 4 1150.413610
10 5 1308.528702
10 6 1456.918954
10 7 1606.129316
10 8 1756.095609
10 9 1906.036331
10 10 2055.920524
10 11 2205.804102
10 12 2355.691847
10 13 2505.579897
10 14 2655.467726
10 15 2805.355586
10 16 2955.243520
10 17 3105.131509
10 18 3255.019543
10 19 3404.907621
10 20 3554.795739
10 21 3704.683895
10 22 3854.572086
10 23 4004.460309
10 24 4154.348561
10 25 4304.236841
10 26 4454.125147
10 27 4604.013475
10 28 4753.901825
10 29 4903.790195
10 30 5053.678584
10 31 5203.566989
10 32 5353.455410
10 33 5503.343845
10 34 5653.232293
10 35 5803.120753
10 36 5953.009225
10 37 6102.897706
10 38 6252.786197
10 39 6402.674697
10 40 6552.563204
10 41 6702.451719
10 42 6852.340240
10 43 7002.228767
10 44 7152.117300
10 45 7302.005838
10 46 7451.894381
10 47 7601.782927
10 48 7751.671478
10 49 7901.560032
10 50 8051.448589
10 51 8201.337149
10 52 8351.225711
10 53 8501.114276
10 54 8651.002843
10 55 8800.891412
10 56 8950.779982
10 57 9100.668553
10 58 9250.557126
10 59 9400.445699
10 60 9550.334274
10 61 9700.222848
10 62 9850.111423
10 63 10000.000000
11 0 0.000000
11 1 1170.704189
11 2 920.163290
11 3 975.149276
11 4 1150.409859
11 5 1308.525186
11 6 1456.915785
11 7 1606.126446
11 8 1756.092998
11 9 1906.033956
11 10 2055.918364
11 11 2205.802138
11 12 2355.690060
11 13 2505.578271
11 14 2655.466248
11 15 2805.354241
11 16 2955.242297
11 17 3105.130395
11 18 3255.018530
11 19 3404.906699
11 20 3554.794901
11 21 3704.683132
11 22 3854.571391
11 23 4004.459677
11 24 4154.347986
11 25 4304.236317
11 26 4454.124669
11 27 4604.013040
11 28 4753.901429
11 29 4903.789835
11 30 5053.678255
11 31 5203.566689
11 32 5353.455137
11 33 5503.343596
11 34 5653.232066
11 35 5803.120546
11 36 5953.009036
11 37 6102.897534
11 38 6252.786040
11 39 6402.674554
11 40 6552.563074
11 41 6702.451600
11 42 6852.340132
11 43 7002.228669
11 44 7152.117211
11 45 7302.005757
11 46 7451.894307
11 47 7601.782861
11 48 7751.671418
11 49 7901.559978
11 50 8051.448540
11 51 8201.337105
11 52 8351.225673
11 53 8501.114242
11 54 8651.002813
11 55 8800.891385
11 56 8950.779959
11 57 9100.668534
11 58 9250.557110
11 59 9400.445687
11 60 9550.334264
11 61 9700.222842
11 62 9850.111421
11 63 10000.000000
12 0 0.000000
12 1 1170.692003
12 2 920.157799
12 3 975.145514
12 4 1150.406063
12 5 1308.521624
12 6 1456.912571
12 7 1606.123530
12 8 1756.090342
12 9 1906.031536
12 10 2055.916160
12 11 2205.800130
12 12 2355.688231
12 13 2505.576605
12 14 2655.464729
12 15 2805.352858
12 16 2955.241037
12 17 3105.129247
12 18 3255.017484
12 19 3404.905746
12 20 3554.794032
12 21 3704.682341
12 22 3854.570670
12 23 4004.459019
12 24 4154.347387
12 25 4304.235771
12 26 4454.124171
12 27 4604.012586
12 28 4753.901015
12 29 4903.789457
12 30 5053.677911
12 31 5203.566375
12 32 5353.454850
12 33 5503.343334
12 34 5653.231828
12 35 5803.120329
12 36 5953.008838
12 37 6102.897353
12 38 6252.785875
12 39 6402.674403
12 40 6552.562937
12 41 6702.451475
12 42 6852.340018
12 43 7002.228565
12 44 7152.117117
12 45 7302.005671
12 46 7451.894229
12 47 7601.782790
12 48 7751.671354
12 49 7901.559920
12 50 8051.448489
12 51 8201.337059
12 52 8351.225631
12 53 8501.114205
12 54 8651.002781
12 55 8800.891358
12 56 8950.779935
12 57 9100.668514
12 58 9250.557094
12 59 9400.445674
12 60 9550.334255
12 61 9700.222836
12 62 9850.111417
12 63 10000.000000
13 0 0.000000
13 1 1170.680036
13 2 920.152313
13 3 975.141736
13 4 1150.402259
13 5 1308.518050
13 6 1456.909340
13 7 1606.120596
13 8 1756.087666
13 9 1906.029095
13 10 2055.913933
13 11 2205.798098
13 12 2355.686377
13 13 2505.574913
13 14 2655.463186
13 15 2805.351450
13 16 2955.239752
13 17 3105.128075
13 18 3255.016415
13 19 3404.904771
13 20 3554.793143
13 21 3704.681529
13 22 3854.569930
13 23 4004.458344
13 24 4154.346770
13 25 4304.235209
13 26 4454.123658
13 27 4604.012118
13 28 4753.900588
13 29 4903.789067
13 30 5053.677555
13 31 5203.566050
13 32 5353.454553
13 33 5503.343064
13 34 5653.231580
13 35 5803.120103
13 36 5953.008632
13 37 6102.897165
13 38 6252.785704
13 39 6402.674247
13 40 6552.562794
13 41 6702.451345
13 42 6852.339900
13 43 7002.228458
13 44 7152.117018
13 45 7302.005582
13 46 7451.894148
13 47 7601.782717
13 48 7751.671288
13 49 7901.559860
13 50 8051.448435
13 51 8201.337011
13 52 8351.225589
13 53 8501.114167
13 54 8651.002747
13 55 8800.891328
13 56 8950.779910
13 57 9100.668493
13 58 9250.557077
13 59 9400.445660
13 60 9550.334245
13 61 9700.222829
13 62 9850.111414
13 63 10000.000000
14 0 0.000000
14 1 1170.668371
14 2 920.146885
14 3 975.137978
14 4 1150.398480
14 5 1308.514496
14 6 1456.906122
14 7 1606.117670
14 8 1756.084992
14 9 1906.026652
14 10 2055.911702
14 11 2205.796060
14 12 2355.684516
14 13 2505.573213
14 14 2655.461633
14 15 2805.350031
14 16 2955.238456
14 17 3105.126891
14 18 3255.015334
14 19 3404.903783
14 20 3554.792240
14 21 3704.680705
14 22 3854.569177
14 23 4004.457656
14 24 4154.346143
14 25 4304.234635
14 26 4454.123135
14 27 4604.011640
14 28 4753.900151
14 29 4903.788668
14 30 5053.677190
14 31 5203.565717
14 32 5353.454249
14 33 5503.342786
14 34 5653.231327
14 35 5803.119871
14 36 5953.008420
14 37 6102.896972
14 38 6252.785527
14 39 6402.674086
14 40 6552.562647
14 41 6702.451211
14 42 6852.339778
14 43 7002.228346
14 44 7152.116917
14 45 7302.005490
14 46 7451.894065
14 47 7601.782641
14 48 7751.671219
14 49 7901.559799
14 50 8051.448379
14 51 8201.336961
14 52 8351.225544
14 53 8501.114128
14 54 8651.002713
14 55 8800.891298
14 56 8950.779885
14 57 9100.668471
14 58 9250.557059
14 59 9400.445646
14 60 9550.334234
14 61 9700.222823
14 62 9850.111411
14 63 10000.000000
15 0 0.000000
15 1 1170.657082
15 2 920.141563
15 3 975.134272
15 4 1150.394758
15 5 1308.510991
15 6 1456.902943
15 7 1606.114774
15 8 1756.082344
15 9 1906.024230
15 10 2055.909487
15 11 2205.794034
15 12 2355.682663
15 13 2505.571518
15 14 2655.460083
15 15 2805.348613
15 16 2955.237159
15 17 3105.125706
15 18 3255.014249
15 19 3404.902792
15 20 3554.791334
15 21 3704.679876
15 22 3854.568420
15 23 4004.456964
15 24 4154.345509
15 25 4304.234057
15 26 4454.122606
15 27 4604.011156
15 28 4753.899709
15 29 4903.788264
15 30 5053.676821
15 31 5203.565380
15 32 5353.453941
15 33 5503.342504
15 34 5653.231069
15 35 5803.119636
15 36 5953.008205
15 37 6102.896775
15 38 6252.785348
15 39 6402.673922
15 40 6552.562497
15 41 6702.451075
15 42 6852.339653
15 43 7002.228233
15 44 7152.116814
15 45 7302.005396
15 46 7451.893980
15 47 7601.782564
15 48 7751.671149
15 49 7901.559736
15 50 8051.448323
15 51 8201.336910
15 52 8351.225499
15 53 8501.114088
15 54 8651.002678
15 55 8800.891268
15 56 8950.779858
15 57 9100.668449
15 58 9250.557040
15 59 9400.445632
15 60 9550.334224
15 61 9700.222816
15 62 9850.111408
15 63 10000.000000
16 0 0.000000
16 1 1170.646230
16 2 920.136389
16 3 975.130648
16 4 1150.391121
16 5 1308.507563
16 6 1456.899828
16 7 1606.111933
16 8 1756.079742
16 9 1906.021847
16 10 2055.907305
16 11 2205.792036
16 12 2355.680833
16 13 2505.569843
16 14 2655.458549
16 15 2805.347209
16 16 2955.235874
16 17 3105.124529
16 18 3255.013172
16 19 3404.901806
16 20 3554.790432
16 21 3704.679051
16 22 3854.567664
16 23 4004.456272
16 24 4154.344877
16 25 4304.233478
16 26 4454.122076
16 27 4604.010672
16 28 4753.899266
16 29 4903.787859
16 30 5053.676450
16 31 5203.565041
16 32 5353.453631
16 33 5503.342220
16 34 5653.230809
16 35 5803.119399
16 36 5953.007988
16 37 6102.896577
16 38 6252.785167
16 39 6402.673756
16 40 6552.562346
16 41 6702.450937
16 42 6852.339527
16 43 7002.228118
16 44 7152.116710
16 45 7302.005301
16 46 7451.893893
16 47 7601.782486
16 48 7751.671078
16 49 7901.559672
16 50 8051.448265
16 51 8201.336859
16 52 8351.225453
16 53 8501.114047
16 54 8651.002642
16 55 8800.891236
16 56 8950.779831
16 57 9100.668427
16 58 9250.557022
16 59 9400.445617
16 60 9550.334213
16 61 9700.222808
16 62 9850.111404
16 63 10000.000000
17 0 0.000000
17 1 1170.635865
17 2 920.131399
17 3 975.127135
17 4 1150.387595
17 5 1308.504234
17 6 1456.896799
17 7 1606.109167
17 8 1756.077206
17 9 1906.019521
17 10 2055.905173
17 11 2205.790082
17 12 2355.679042
17 13 2505.568201
17 14 2655.457044
17 15 2805.345829
17 16 2955.234609
17 17 3105.123370
17 18 3255.012111
17 19 3404.900833
17 20 3554.789541
17 21 3704.678235
17 22 3854.566917
17 23 4004.455588
17 24 4154.344250
17 25 4304.232904
17 26 4454.121551
17 27 4604.010191
17 28 4753.898826
17 29 4903.787455
17 30 5053.676081
17 31 5203.564703
17 32 5353.453321
17 33 5503.341937
17 34 5653.230551
17 35 5803.119162
17 36 5953.007771
17 37 6102.896379
17 38 6252.784985
17 39 6402.673591
17 40 6552.562195
17 41 6702.450798
17 42 6852.339401
17 43 7002.228003
17 44 7152.116605
17 45 7302.005206
17 46 7451.893807
17 47 7601.782407
17 48 7751.671007
17 49 7901.559607
17 50 8051.448207
17 51 8201.336807
17 52 8351.225407
17 53 8501.114006
17 54 8651.002606
17 55 8800.891205
17 56 8950.779804
17 57 9100.668404
17 58 9250.557003
17 59 9400.445603
17 60 9550.334202
17 61 9700.222801
17 62 9850.111401
17 63 10000.000000
18 0 0.000000
18 1 1170.626029
18 2 920.126624
18 3 975.123755
18 4 1150.384204
18 5 1308.501029
18 6 1456.893878
18 7 1606.106494
18 8 1756.074752
18 9 1906.017269
18 10 2055.903106
18 11 2205.788186
18 12 2355.677301
18 13 2505.566604
18 14 2655.455579
18 15 2805.344485
18 16 2955.233377
18 17 3105.122240
18 18 3255.011074
18 19 3404.899883
18 20 3554.788669
18 21 3704.677436
18 22 3854.566184
18 23 4004.454917
18 24 4154.343635
18 25 4304.232340
18 26 4454.121034
18 27 4604.009717
18 28 4753.898392
18 29 4903.787058
18 30 5053.675717
18 31 5203.564369
18 32 5353.453016
18 33 5503.341658
18 34 5653.230295
18 35 5803.118927
18 36 5953.007557
18 37 6102.896183
18 38 6252.784806
18 39 6402.673426
18 40 6552.562045
18 41 6702.450661
18 42 6852.339276
18 43 7002.227889
18 44 7152.116501
18 45 7302.005111
18 46 7451.893720
18 47 7601.782329
18 48 7751.670936
18 49 7901.559543
18 50 8051.448150
18 51 8201.336755
18 52 8351.225360
18 53 8501.113965
18 54 8651.002570
18 55 8800.891174
18 56 8950.779778
18 57 9100.668381
18 58 9250.556985
18 59 9400.445588
18 60 9550.334191
18 61 9700.222794
18 62 9850.111397
18 63 10000.000000
19 0 0.000000
19 1 1170.616760
19 2 920.122092
19 3 975.120532
19 4 1150.380969
19 5 1308.497967
19 6 1456.891082
19 7 1606.103934
19 8 1756.072399
19 9 1906.015106
19 10 2055.901119
19 11 2205.786360
19 12 2355.675625
19 13 2505.565064
19 14 2655.454165
19 15 2805.343187
19 16 2955.232185
19 17 3105.121145
19 18 3255.010069
19 19 3404.898961
19 20 3554.787823
19 21 3704.676659
19 22 3854.565472
19 23 4004.454263
19 24 4154.343036
19 25 4304.231791
19 26 4454.120530
19 27 4604.009255
19 28 4753.897968
19 29 4903.786670
19 30 5053.675361
19 31 5203.564043
19 32 5353.452717
19 33 5503.341384
19 34 5653.230044
19 35 5803.118698
19 36 5953.007346
19 37 6102.895990
19 38 6252.784629
19 39 6402.673265
19 40 6552.561897
19 41 6702.450526
19 42 6852.339153
19 43 7002.227776
19 44 7152.116398
19 45 7302.005018
19 46 7451.893635
19 47 7601.782252
19 48 7751.670866
19 49 7901.559480
19 50 8051.448093
19 51 8201.336704
19 52 8351.225315
19 53 8501.113925
19 54 8651.002534
19 55 8800.891143
19 56 8950.779751
19 57 9100.668359
19 58 9250.556966
19 59 9400.445573
19 60 9550.334180
19 61 9700.222787
19 62 9850.111394
19 63 10000.000000
20 0 0.000000
20 1 1170.608087
20 2 920.117824
20 3 975.117483
20 4 1150.377907
20 5 1308.495066
20 6 1456.888430
20 7 1606.101501
20 8 1756.070160
20 9 1906.013047
20 10 2055.899225
20 11 2205.784619
20 12 2355.674024
20 13 2505.563592
20 14 2655.452812
20 15 2805.341944
20 16 2955.231042
20 17 3105.120096
20 18 3255.009105
20 19 3404.898075
20 20 3554.787010
20 21 3704.675913
20 22 3854.564786
20 23 4004.453634
20 24 4154.342458
20 25 4304.231260
20 26 4454.120043
20 27 4604.008809
20 28 4753.897559
20 29 4903.786294
20 30 5053.675016
20 31 5203.563727
20 32 5353.452427
20 33 5503.341118
20 34 5653.229800
20 35 5803.118474
20 36 5953.007141
20 37 6102.895802
20 38 6252.784458
20 39 6402.673108
20 40 6552.561753
20 41 6702.450395
20 42 6852.339032
20 43 7002.227666
20 44 7152.116298
20 45 7302.004926
20 46 7451.893552
20 47 7601.782176
20 48 7751.670798
20 49 7901.559418
20 50 8051.448037
20 51 8201.336654
20 52 8351.225270
20 53 8501.113885
20 54 8651.002499
20 55 8800.891112
20 56 8950.779725
20 57 9100.668337
20 58 9250.556948
20 59 9400.445559
20 60 9550.334170
20 61 9700.222780
20 62 9850.111390
20 63 10000.000000
21 0 0.000000
21 1 1170.600034
21 2 920.113841
21 3 975.114626
21 4 1150.375036
21 5 1308.492343
21 6 1456.885936
21 7 1606.099211
21 8 1756.068051
21 9 1906.011104
21 10 2055.897437
21 11 2205.782973
21 12 2355.672509
21 13 2505.562198
21 14 2655.451529
21 15 2805.340764
21 16 2955.229957
21 17 3105.119098
21 18 3255.008188
21 19 3404.897232
21 20 3554.786235
21 21 3704.675201
21 22 3854.564132
21 23 4004.453033
21 24 4154.341906
21 25 4304.230753
21 26 4454.119578
21 27 4604.008381
21 28 4753.897166
21 29 4903.785933
21 30 5053.674685
21 31 5203.563423
21 32 5353.452148
21 33 5503.340862
21 34 5653.229565
21 35 5803.118259
21 36 5953.006944
21 37 6102.895621
21 38 6252.784292
21 39 6402.672956
21 40 6552.561614
21 41 6702.450267
21 42 6852.338916
21 43 7002.227560
21 44 7152.116201
21 45 7302.004838
21 46 7451.893472
21 47 7601.782103
21 48 7751.670732
21 49 7901.559358
21 50 8051.447983
21 51 8201.336605
21 52 8351.225227
21 53 8501.113847
21 54 8651.002465
21 55 8800.891083
21 56 8950.779699
21 57 9100.668315
21 58 9250.556930
21 59 9400.445545
21 60 9550.334159
21 61 9700.222773
21 62 9850.111387
21 63 10000.000000
22 0 0.000000
22 1 1170.592622
22 2 920.110157
22 3 975.111974
22 4 1150.372370
22 5 1308.489811
22 6 1456.883614
22 7 1606.097077
22 8 1756.066082
22 9 1906.009288
22 10 2055.895764
22 11 2205.781432
22 12 2355.671090
22 13 2505.560891
22 14 2655.450326
22 15 2805.339657
22 16 2955.228938
22 17 3105.118160
22 18 3255.007325
22 19 3404.896438
22 20 3554.785505
22 21 3704.674529
22 22 3854.563514
22 23 4004.452465
22 24 4154.341384
22 25 4304.230273
22 26 4454.119137
22 27 4604.007976
22 28 4753.896793
22 29 4903.785591
22 30 5053.674371
22 31 5203.563135
22 32 5353.451883
22 33 5503.340619
22 34 5653.229342
22 35 5803.118054
22 36 5953.006756
22 37 6102.895449
22 38 6252.784133
22 39 6402.672811
22 40 6552.561481
22 41 6702.450145
22 42 6852.338804
22 43 7002.227458
22 44 7152.116107
22 45 7302.004753
22 46 7451.893394
22 47 7601.782032
22 48 7751.670668
22 49 7901.559300
22 50 8051.447931
22 51 8201.336559
22 52 8351.225185
22 53 8501.113809
22 54 8651.002432
22 55 8800.891054
22 56 8950.779675
22 57 9100.668295
22 58 9250.556913
22 59 9400.445532
22 60 9550.334149
22 61 9700.222767
22 62 9850.111384
22 63 10000.000000
23 0 0.000000
23 1 1170.585870
23 2 920.106788
23 3 975.109540
23 4 1150.369921
23 5 1308.487483
23 6 1456.881476
23 7 1606.095109
23 8 1756.064265
23 9 1906.007612
23 10 2055.894218
23 11 2205.780006
23 12 2355.669775
23 13 2505.559680
23 14 2655.449210
23 15 2805.338628
23 16 2955.227990
23 17 3105.117287
23 18 3255.006521
23 19 3404.895698
23 20 3554.784824
23 21 3704.673902
23 22 3854.562938
23 23 4004.451934
23 24 4154.340895
23 25 4304.229824
23 26 4454.118723
23 27 4604.007596
23 28 4753.896444
23 29 4903.785270
23 30 5053.674076
23 31 5203.562863
23 32 5353.451634
23 33 5503.340389
23 34 5653.229131
23 35 5803.117860
23 36 5953.006578
23 37 6102.895286
23 38 6252.783984
23 39 6402.672673
23 40 6552.561355
23 41 6702.450030
23 42 6852.338699
23 43 7002.227361
23 44 7152.116019
23 45 7302.004672
23 46 7451.893321
23 47 7601.781966
23 48 7751.670607
23 49 7901.559245
23 50 8051.447881
23 51 8201.336514
23 52 8351.225145
23 53 8501.113774
23 54 8651.002401
23 55 8800.891027
23 56 8950.779651
23 57 9100.668275
23 58 9250.556897
23 59 9400.445519
23 60 9550.334140
23 61 9700.222761
23 62 9850.111381
23 63 10000.000000
24 0 0.000000
24 1 1170.579792
24 2 920.103744
24 3 975.107335
24 4 1150.367700
24 5 1308.485369
24 6 1456.879533
24 7 1606.093318
24 8 1756.062610
24 9 1906.006083
24 10 2055.892806
24 11 2205.778703
24 12 2355.668573
24 13 2505.558571
24 14 2655.448187
24 15 2805.337685
24 16 2955.227121
24 17 3105.116486
24 18 3255.005783
24 19 3404.895018
24 20 3554.784197
24 21 3704.673324
24 22 3854.562406
24 23 4004.451444
24 24 4154.340444
24 25 4304.229409
24 26 4454.118341
24 27 4604.007244
24 28 4753.896120
24 29 4903.784972
24 30 5053.673802
24 31 5203.562611
24 32 5353.451402
24 33 5503.340176
24 34 5653.228935
24 35 5803.117680
24 36 5953.006412
24 37 6102.895133
24 38 6252.783844
24 39 6402.672545
24 40 6552.561237
24 41 6702.449922
24 42 6852.338600
24 43 7002.227271
24 44 7152.115936
24 45 7302.004596
24 46 7451.893252
24 47 7601.781903
24 48 7751.670550
24 49 7901.559194
24 50 8051.447834
24 51 8201.336472
24 52 8351.225107
24 53 8501.113741
24 54 8651.002372
24 55 8800.891001
24 56 8950.779629
24 57 9100.668256
24 58 9250.556882
24 59 9400.445507
24 60 9550.334131
24 61 9700.222755
24 62 9850.111378
24 63 10000.000000
25 0 0.000000
25 1 1170.574399
25 2 920.101036
25 3 975.105367
25 4 1150.365717
25 5 1308.483480
25 6 1456.877794
25 7 1606.091713
25 8 1756.061125
25 9 1906.004710
25 10 2055.891538
25 11 2205.777531
25 12 2355.667491
25 13 2505.557572
25 14 2655.447265
25 15 2805.336834
25 16 2955.226335
25 17 3105.115761
25 18 3255.005114
25 19 3404.894401
25 20 3554.783628
25 21 3704.672800
25 22 3854.561922
25 23 4004.450999
25 24 4154.340034
25 25 4304.229031
25 26 4454.117993
25 27 4604.006923
25 28 4753.895824
25 29 4903.784700
25 30 5053.673551
25 31 5203.562380
25 32 5353.451189
25 33 5503.339980
25 34 5653.228755
25 35 5803.117514
25 36 5953.006260
25 37 6102.894993
25 38 6252.783715
25 39 6402.672426
25 40 6552.561128
25 41 6702.449822
25 42 6852.338508
25 43 7002.227187
25 44 7152.115859
25 45 7302.004526
25 46 7451.893187
25 47 7601.781844
25 48 7751.670497
25 49 7901.559145
25 50 8051.447791
25 51 8201.336433
25 52 8351.225072
25 53 8501.113709
25 54 8651.002344
25 55 8800.890977
25 56 8950.779609
25 57 9100.668239
25 58 9250.556867
25 59 9400.445495
25 60 9550.334122
25 61 9700.222749
25 62 9850.111375
25 63 10000.000000
26 0 0.000000
26 1 1170.569703
26 2 920.098670
26 3 975.103643
26 4 1150.363979
26 5 1308.481823
26 6 1456.876266
26 7 1606.090302
26 8 1756.059818
26 9 1906.003500
26 10 2055.890419
26 11 2205.776497
26 12 2355.666534
26 13 2505.556688
26 14 2655.446448
26 15 2805.336079
26 16 2955.225638
26 17 3105.115118
26 18 3255.004520
26 19 3404.893852
26 20 3554.783122
26 21 3704.672333
26 22 3854.561491
26 23 4004.450601
26 24 4154.339667
26 25 4304.228692
26 26 4454.117680
26 27 4604.006635
26 28 4753.895559
26 29 4903.784455
26 30 5053.673325
26 31 5203.562172
26 32 5353.450997
26 33 5503.339803
26 34 5653.228592
26 35 5803.117364
26 36 5953.006122
26 37 6102.894866
26 38 6252.783598
26 39 6402.672319
26 40 6552.561029
26 41 6702.449731
26 42 6852.338424
26 43 7002.227110
26 44 7152.115789
26 45 7302.004461
26 46 7451.893129
26 47 7601.781790
26 48 7751.670448
26 49 7901.559101
26 50 8051.447751
26 51 8201.336397
26 52 8351.225040
26 53 8501.113681
26 54 8651.002319
26 55 8800.890955
26 56 8950.779589
26 57 9100.668222
26 58 9250.556854
26 59 9400.445485
26 60 9550.334115
26 61 9700.222744
26 62 9850.111373
26 63 10000.000000
27 0 0.000000
27 1 1170.565710
27 2 920.096654
27 3 975.102171
27 4 1150.362493
27 5 1308.480404
27 6 1456.874957
27 7 1606.089091
27 8 1756.058695
27 9 1906.002460
27 10 2055.889455
27 11 2205.775605
27 12 2355.665709
27 13 2505.555924
27 14 2655.445741
27 15 2805.335425
27 16 2955.225034
27 17 3105.114559
27 18 3255.004004
27 19 3404.893375
27 20 3554.782681
27 21 3704.671925
27 22 3854.561115
27 23 4004.450253
27 24 4154.339345
27 25 4304.228395
27 26 4454.117406
27 27 4604.006382
27 28 4753.895325
27 29 4903.784239
27 30 5053.673126
27 31 5203.561988
27 32 5353.450827
27 33 5503.339647
27 34 5653.228447
27 35 5803.117231
27 36 5953.005999
27 37 6102.894752
27 38 6252.783493
27 39 6402.672222
27 40 6552.560941
27 41 6702.449649
27 42 6852.338349
27 43 7002.227041
27 44 7152.115726
27 45 7302.004404
27 46 7451.893075
27 47 7601.781742
27 48 7751.670404
27 49 7901.559061
27 50 8051.447714
27 51 8201.336364
27 52 8351.225011
27 53 8501.113654
27 54 8651.002296
27 55 8800.890935
27 56 8950.779572
27 57 9100.668208
27 58 9250.556842
27 59 9400.445475
27 60 9550.334108
27 61 9700.222739
27 62 9850.111370
27 63 10000.000000
28 0 0.000000
28 1 1170.562429
28 2 920.094992
28 3 975.100954
28 4 1150.361264
28 5 1308.479229
28 6 1456.873871
28 7 1606.088086
28 8 1756.057762
28 9 1906.001593
28 10 2055.888652
28 11 2205.774860
28 12 2355.665019
28 13 2505.555284
28 14 2655.445149
28 15 2805.334877
28 16 2955.224526
28 17 3105.114089
28 18 3255.003568
28 19 3404.892972
28 20 3554.782308
28 21 3704.671580
28 22 3854.560795
28 23 4004.449958
28 24 4154.339072
28 25 4304.228142
28 26 4454.117172
28 27 4604.006165
28 28 4753.895125
28 29 4903.784054
28 30 5053.672954
28 31 5203.561829
28 32 5353.450681
28 33 5503.339511
28 34 5653.228322
28 35 5803.117115
28 36 5953.005892
28 37 6102.894654
28 38 6252.783402
28 39 6402.672138
28 40 6552.560863
28 41 6702.449578
28 42 6852.338283
28 43 7002.226980
28 44 7152.115670
28 45 7302.004352
28 46 7451.893029
28 47 7601.781699
28 48 7751.670365
28 49 7901.559025
28 50 8051.447682
28 51 8201.336335
28 52 8351.224984
28 53 8501.113631
28 54 8651.002275
28 55 8800.890917
28 56 8950.779557
28 57 9100.668195
28 58 9250.556831
28 59 9400.445467
28 60 9550.334101
28 61 9700.222735
28 62 9850.111368
28 63 10000.000000
29 0 0.000000
29 1 1170.559863
29 2 920.093689
29 3 975.099997
29 4 1150.360297
29 5 1308.478303
29 6 1456.873014
29 7 1606.087291
29 8 1756.057022
29 9 1906.000905
29 10 2055.888013
29 11 2205.774266
29 12 2355.664468
29 13 2505.554773
29 14 2655.444674
29 15 2805.334436
29 16 2955.224118
29 17 3105.113710
29 18 3255.003217
29 19 3404.892646
29 20 3554.782005
29 21 3704.671300
29 22 3854.560535
29 23 4004.449716
29 24 4154.338848
29 25 4304.227935
29 26 4454.116980
29 27 4604.005987
29 28 4753.894959
29 29 4903.783900
29 30 5053.672812
29 31 5203.561698
29 32 5353.450559
29 33 5503.339398
29 34 5653.228217
29 35 5803.117018
29 36 5953.005802
29 37 6102.894570
29 38 6252.783325
29 39 6402.672067
29 40 6552.560797
29 41 6702.449517
29 42 6852.338227
29 43 7002.226929
29 44 7152.115622
29 45 7302.004308
29 46 7451.892988
29 47 7601.781662
29 48 7751.670331
29 49 7901.558995
29 50 8051.447654
29 51 8201.336310
29 52 8351.224962
29 53 8501.113611
29 54 8651.002257
29 55 8800.890901
29 56 8950.779543
29 57 9100.668183
29 58 9250.556822
29 59 9400.445459
29 60 9550.334096
29 61 9700.222731
29 62 9850.111367
29 63 10000.000000
30 0 0.000000
30 1 1170.558017
30 2 920.092748
30 3 975.099303
30 4 1150.359594
30 5 1308.477629
30 6 1456.872388
30 7 1606.086708
30 8 1756.056479
30 9 1906.000399
30 10 2055.887541
30 11 2205.773827
30 12 2355.664058
30 13 2505.554392
30 14 2655.444319
30 15 2805.334106
30 16 2955.223810
30 17 3105.113424
30 18 3255.002950
30 19 3404.892398
30 20 3554.781775
30 21 3704.671085
30 22 3854.560335
30 23 4004.449531
30 24 4154.338675
30 25 4304.227774
30 26 4454.116830
30 27 4604.005848
30 28 4753.894830
30 29 4903.783780
30 30 5053.672700
30 31 5203.561593
30 32 5353.450462
30 33 5503.339308
30 34 5653.228133
30 35 5803.116940
30 36 5953.005729
30 37 6102.894503
30 38 6252.783262
30 39 6402.672009
30 40 6552.560743
30 41 6702.449467
30 42 6852.338181
30 43 7002.226886
30 44 7152.115583
30 45 7302.004272
30 46 7451.892955
30 47 7601.781631
30 48 7751.670302
30 49 7901.558969
30 50 8051.447630
30 51 8201.336288
30 52 8351.224943
30 53 8501.113594
30 54 8651.002242
30 55 8800.890888
30 56 8950.779531
30 57 9100.668173
30 58 9250.556814
30 59 9400.445453
30 60 9550.334091
30 61 9700.222728
30 62 9850.111365
30 63 10000.000000
31 0 0.000000
31 1 1170.556893
31 2 920.092171
31 3 975.098874
31 4 1150.359157
31 5 1308.477208
31 6 1456.871995
31 7 1606.086340
31 8 1756.056134
31 9 1906.000076
31 10 2055.887238
31 11 2205.773543
31 12 2355.663792
31 13 2505.554143
31 14 2655.444086
31 15 2805.333888
31 16 2955.223606
31 17 3105.113232
31 18 3255.002771
31 19 3404.892230
31 20 3554.781617
31 21 3704.670938
31 22 3854.560197
31 23 4004.449401
31 24 4154.338554
31 25 4304.227660
31 26 4454.116724
31 27 4604.005748
31 28 4753.894737
31 29 4903.783693
31 30 5053.672618
31 31 5203.561517
31 32 5353.450390
31 33 5503.339241
31 34 5653.228071
31 35 5803.116881
31 36 5953.005674
31 37 6102.894452
31 38 6252.783215
31 39 6402.671964
31 40 6552.560702
31 41 6702.449428
31 42 6852.338145
31 43 7002.226852
31 44 7152.115551
31 45 7302.004243
31 46 7451.892928
31 47 7601.781607
31 48 7751.670280
31 49 7901.558948
31 50 8051.447611
31 51 8201.336271
31 52 8351.224927
31 53 8501.113580
31 54 8651.002229
31 55 8800.890877
31 56 8950.779522
31 57 9100.668165
31 58 9250.556807
31 59 9400.445447
31 60 9550.334087
31 61 9700.222726
31 62 9850.111364
31 63 10000.000000
32 0 0.000000
32 1 1170.556493
32 2 920.091958
32 3 975.098711
32 4 1150.358988
32 5 1308.477042
32 6 1456.871837
32 7 1606.086189
32 8 1756.055989
32 9 1905.999937
32 10 2055.887105
32 11 2205.773416
32 12 2355.663671
32 13 2505.554027
32 14 2655.443976
32 15 2805.333782
32 16 2955.223505
32 17 3105.113136
32 18 3255.002679
32 19 3404.892143
32 20 3554.781534
32 21 3704.670858
32 22 3854.560122
32 23 4004.449329
32 24 4154.338486
32 25 4304.227595
32 26 4454.116662
32 27 4604.005689
32 28 4753.894681
32 29 4903.783639
32 30 5053.672568
32 31 5203.561469
32 32 5353.450345
32 33 5503.339198
32 34 5653.228030
32 35 5803.116842
32 36 5953.005638
32 37 6102.894417
32 38 6252.783182
32 39 6402.671933
32 40 6552.560672
32 41 6702.449401
32 42 6852.338119
32 43 7002.226828
32 44 7152.115529
32 45 7302.004222
32 46 7451.892908
32 47 7601.781588
32 48 7751.670263
32 49 7901.558932
32 50 8051.447597
32 51 8201.336258
32 52 8351.224915
32 53 8501.113569
32 54 8651.002220
32 55 8800.890868
32 56 8950.779514
32 57 9100.668159
32 58 9250.556802
32 59 9400.445443
32 60 9550.334084
32 61 9700.222724
32 62 9850.111363
32 63 10000.000000
33 0 0.000000
33 1 1170.556817
33 2 920.092111
33 3 975.098813
33 4 1150.359087
33 5 1308.477132
33 6 1456.871913
33 7 1606.086255
33 8 1756.056044
33 9 1905.999983
33 10 2055.887143
33 11 2205.773447
33 12 2355.663695
33 13 2505.554045
33 14 2655.443988
33 15 2805.333790
33 16 2955.223508
33 17 3105.113135
33 18 3255.002675
33 19 3404.892136
33 20 3554.781525
33 21 3704.670847
33 22 3854.560108
33 23 4004.449314
33 24 4154.338469
33 25 4304.227578
33 26 4454.116644
33 27 4604.005670
33 28 4753.894661
33 29 4903.783620
33 30 5053.672548
33 31 5203.561449
33 32 5353.450325
33 33 5503.339178
33 34 5653.228010
33 35 5803.116823
33 36 5953.005619
33 37 6102.894399
33 38 6252.783164
33 39 6402.671916
33 40 6552.560656
33 41 6702.449385
33 42 6852.338104
33 43 7002.226813
33 44 7152.115515
33 45 7302.004208
33 46 7451.892895
33 47 7601.781576
33 48 7751.670251
33 49 7901.558922
33 50 8051.447587
33 51 8201.336249
33 52 8351.224907
33 53 8501.113561
33 54 8651.002213
33 55 8800.890862
33 56 8950.779509
33 57 9100.668154
33 58 9250.556798
33 59 9400.445440
33 60 9550.334081
33 61 9700.222722
33 62 9850.111362
33 63 10000.000000
34 0 0.000000
34 1 1170.557863
34 2 920.092627
34 3 975.099180
34 4 1150.359453
34 5 1308.477475
34 6 1456.872224
34 7 1606.086536
34 8 1756.056299
34 9 1906.000213
34 10 2055.887351
34 11 2205.773633
34 12 2355.663863
34 13 2505.554195
34 14 2655.444122
34 15 2805.333909
34 16 2955.223614
34 17 3105.113230
34 18 3255.002759
34 19 3404.892209
34 20 3554.781589
34 21 3704.670903
34 22 3854.560157
34 23 4004.449357
34 24 4154.338506
34 25 4304.227609
34 26 4454.116670
34 27 4604.005692
34 28 4753.894679
34 29 4903.783634
34 30 5053.672559
34 31 5203.561458
34 32 5353.450331
34 33 5503.339182
34 34 5653.228013
34 35 5803.116824
34 36 5953.005618
34 37 6102.894397
34 38 6252.783161
34 39 6402.671912
34 40 6552.560652
34 41 6702.449380
34 42 6852.338098
34 43 7002.226808
34 44 7152.115509
34 45 7302.004203
34 46 7451.892890
34 47 7601.781571
34 48 7751.670246
34 49 7901.558916
34 50 8051.447582
34 51 8201.336244
34 52 8351.224902
34 53 8501.113557
34 54 8651.002209
34 55 8800.890859
34 56 8950.779506
34 57 9100.668152
34 58 9250.556796
34 59 9400.445438
34 60 9550.334080
34 61 9700.222721
34 62 9850.111361
34 63 10000.000000
35 0 0.000000
35 1 1170.559630
35 2 920.093507
35 3 975.099811
35 4 1150.360085
35 5 1308.478072
35 6 1456.872767
35 7 1606.087031
35 8 1756.056751
35 9 1906.000626
35 10 2055.887726
35 11 2205.773975
35 12 2355.664173
35 13 2505.554476
35 14 2655.444377
35 15 2805.334140
35 16 2955.223823
35 17 3105.113418
35 18 3255.002928
35 19 3404.892362
35 20 3554.781726
35 21 3704.671026
35 22 3854.560267
35 23 4004.449455
35 24 4154.338593
35 25 4304.227687
35 26 4454.116739
35 27 4604.005753
35 28 4753.894733
35 29 4903.783682
35 30 5053.672601
35 31 5203.561494
35 32 5353.450363
35 33 5503.339210
35 34 5653.228036
35 35 5803.116844
35 36 5953.005636
35 37 6102.894412
35 38 6252.783173
35 39 6402.671923
35 40 6552.560660
35 41 6702.449387
35 42 6852.338104
35 43 7002.226812
35 44 7152.115512
35 45 7302.004205
35 46 7451.892891
35 47 7601.781571
35 48 7751.670246
35 49 7901.558916
35 50 8051.447582
35 51 8201.336243
35 52 8351.224901
35 53 8501.113556
35 54 8651.002208
35 55 8800.890857
35 56 8950.779505
35 57 9100.668151
35 58 9250.556795
35 59 9400.445438
35 60 9550.334079
35 61 9700.222721
35 62 9850.111361
35 63 10000.000000
36 0 0.000000
36 1 1170.562114
36 2 920.094745
36 3 975.100703
36 4 1150.360979
36 5 1308.478917
36 6 1456.873539
36 7 1606.087736
36 8 1756.057398
36 9 1906.001218
36 10 2055.888267
36 11 2205.774469
36 12 2355.664624
36 13 2505.554887
36 14 2655.444751
36 15 2805.334480
36 16 2955.224132
36 17 3105.113699
36 18 3255.003183
36 19 3404.892593
36 20 3554.781935
36 21 3704.671215
36 22 3854.560438
36 23 4004.449609
36 24 4154.338732
36 25 4304.227811
36 26 4454.116851
36 27 4604.005854
36 28 4753.894823
36 29 4903.783762
36 30 5053.672673
36 31 5203.561558
36 32 5353.450420
36 33 5503.339260
36 34 5653.228081
36 35 5803.116884
36 36 5953.005670
36 37 6102.894442
36 38 6252.783200
36 39 6402.671946
36 40 6552.560680
36 41 6702.449404
36 42 6852.338119
36 43 7002.226825
36 44 7152.115523
36 45 7302.004214
36 46 7451.892899
36 47 7601.781578
36 48 7751.670252
36 49 7901.558921
36 50 8051.447585
36 51 8201.336246
36 52 8351.224904
36 53 8501.113558
36 54 8651.002210
36 55 8800.890859
36 56 8950.779506
36 57 9100.668151
36 58 9250.556795
36 59 9400.445438
36 60 9550.334080
36 61 9700.222721
36 62 9850.111361
36 63 10000.000000
37 0 0.000000
37 1 1170.565311
37 2 920.096340
37 3 975.101852
37 4 1150.362131
37 5 1308.480009
37 6 1456.874536
37 7 1606.088649
37 8 1756.058236
37 9 1906.001986
37 10 2055.888970
37 11 2205.775112
37 12 2355.665211
37 13 2505.555424
37 14 2655.445241
37 15 2805.334927
37 16 2955.224539
37 17 3105.114069
37 18 3255.003520
37 19 3404.892899
37 20 3554.782213
37 21 3704.671467
37 22 3854.560667
37 23 4004.449816
37 24 4154.338919
37 25 4304.227981
37 26 4454.117004
37 27 4604.005992
37 28 4753.894947
37 29 4903.783874
37 30 5053.672773
37 31 5203.561648
37 32 5353.450501
37 33 5503.339332
37 34 5653.228146
37 35 5803.116942
37 36 5953.005722
37 37 6102.894488
37 38 6252.783241
37 39 6402.671982
37 40 6552.560712
37 41 6702.449432
37 42 6852.338144
37 43 7002.226847
37 44 7152.115542
37 45 7302.004231
37 46 7451.892914
37 47 7601.781591
37 48 7751.670263
37 49 7901.558930
37 50 8051.447594
37 51 8201.336253
37 52 8351.224910
37 53 8501.113563
37 54 8651.002214
37 55 8800.890862
37 56 8950.779509
37 57 9100.668154
37 58 9250.556797
37 59 9400.445439
37 60 9550.334081
37 61 9700.222722
37 62 9850.111362
37 63 10000.000000
38 0 0.000000
38 1 1170.569213
38 2 920.098286
38 3 975.103253
38 4 1150.363537
38 5 1308.481341
38 6 1456.875754
38 7 1606.089765
38 8 1756.059260
38 9 1906.002925
38 10 2055.889831
38 11 2205.775900
38 12 2355.665932
38 13 2505.556083
38 14 2655.445843
38 15 2805.335477
38 16 2955.225041
38 17 3105.114527
38 18 3255.003937
38 19 3404.893279
38 20 3554.782558
38 21 3704.671781
38 22 3854.560952
38 23 4004.450075
38 24 4154.339154
38 25 4304.228194
38 26 4454.117197
38 27 4604.006166
38 28 4753.895105
38 29 4903.784016
38 30 5053.672902
38 31 5203.561764
38 32 5353.450605
38 33 5503.339426
38 34 5653.228230
38 35 5803.117017
38 36 5953.005790
38 37 6102.894549
38 38 6252.783295
38 39 6402.672030
38 40 6552.560755
38 41 6702.449471
38 42 6852.338178
38 43 7002.226877
38 44 7152.115569
38 45 7302.004255
38 46 7451.892935
38 47 7601.781609
38 48 7751.670279
38 49 7901.558945
38 50 8051.447606
38 51 8201.336264
38 52 8351.224919
38 53 8501.113571
38 54 8651.002221
38 55 8800.890868
38 56 8950.779514
38 57 9100.668158
38 58 9250.556800
38 59 9400.445442
38 60 9550.334083
38 61 9700.222723
38 62 9850.111362
38 63 10000.000000
39 0 0.000000
39 1 1170.573815
39 2 920.100577
39 3 975.104901
39 4 1150.365190
39 5 1308.482907
39 6 1456.877186
39 7 1606.091076
39 8 1756.060464
39 9 1906.004030
39 10 2055.890844
39 11 2205.776828
39 12 2355.666782
39 13 2505.556860
39 14 2655.446554
39 15 2805.336126
39 16 2955.225634
39 17 3105.115068
39 18 3255.004430
39 19 3404.893728
39 20 3554.782968
39 21 3704.672154
39 22 3854.561291
39 23 4004.450383
39 24 4154.339434
39 25 4304.228448
39 26 4454.117427
39 27 4604.006375
39 28 4753.895294
39 29 4903.784188
39 30 5053.673057
39 31 5203.561904
39 32 5353.450731
39 33 5503.339540
39 34 5653.228333
39 35 5803.117110
39 36 5953.005873
39 37 6102.894623
39 38 6252.783362
39 39 6402.672091
39 40 6552.560809
39 41 6702.449519
39 42 6852.338221
39 43 7002.226916
39 44 7152.115604
39 45 7302.004285
39 46 7451.892962
39 47 7601.781633
39 48 7751.670300
39 49 7901.558963
39 50 8051.447623
39 51 8201.336279
39 52 8351.224932
39 53 8501.113582
39 54 8651.002230
39 55 8800.890876
39 56 8950.779521
39 57 9100.668163
39 58 9250.556805
39 59 9400.445445
39 60 9550.334085
39 61 9700.222724
39 62 9850.111363
39 63 10000.000000
40 0 0.000000
40 1 1170.579105
40 2 920.103205
40 3 975.106789
40 4 1150.367084
40 5 1308.484700
40 6 1456.878824
40 7 1606.092577
40 8 1756.061842
40 9 1906.005294
40 10 2055.892003
40 11 2205.777890
40 12 2355.667754
40 13 2505.557750
40 14 2655.447367
40 15 2805.336870
40 16 2955.226313
40 17 3105.115688
40 18 3255.004996
40 19 3404.894245
40 20 3554.783439
40 21 3704.672583
40 22 3854.561681
40 23 4004.450738
40 24 4154.339757
40 25 4304.228741
40 26 4454.117694
40 27 4604.006617
40 28 4753.895514
40 29 4903.784386
40 30 5053.673237
40 31 5203.562067
40 32 5353.450878
40 33 5503.339673
40 34 5653.228453
40 35 5803.117218
40 36 5953.005971
40 37 6102.894711
40 38 6252.783441
40 39 6402.672162
40 40 6552.560873
40 41 6702.449576
40 42 6852.338272
40 43 7002.226962
40 44 7152.115645
40 45 7302.004322
40 46 7451.892995
40 47 7601.781662
40 48 7751.670326
40 49 7901.558986
40 50 8051.447643
40 51 8201.336296
40 52 8351.224947
40 53 8501.113596
40 54 8651.002242
40 55 8800.890886
40 56 8950.779529
40 57 9100.668170
40 58 9250.556811
40 59 9400.445450
40 60 9550.334088
40 61 9700.222726
40 62 9850.111364
40 63 10000.000000
41 0 0.000000
41 1 1170.585072
41 2 920.106162
41 3 975.108908
41 4 1150.369209
41 5 1308.486711
41 6 1456.880661
41 7 1606.094258
41 8 1756.063385
41 9 1906.006710
41 10 2055.893300
41 11 2205.779078
41 12 2355.668841
41 13 2505.558745
41 14 2655.448278
41 15 2805.337702
41 16 2955.227074
41 17 3105.116382
41 18 3255.005630
41 19 3404.894823
41 20 3554.783966
41 21 3704.673063
41 22 3854.562119
41 23 4004.451137
41 24 4154.340120
41 25 4304.229071
41 26 4454.117993
41 27 4604.006889
41 28 4753.895760
41 29 4903.784610
41 30 5053.673440
41 31 5203.562251
41 32 5353.451045
41 33 5503.339824
41 34 5653.228589
41 35 5803.117341
41 36 5953.006081
41 37 6102.894811
41 38 6252.783532
41 39 6402.672243
41 40 6552.560946
41 41 6702.449642
41 42 6852.338331
41 43 7002.227014
41 44 7152.115692
41 45 7302.004364
41 46 7451.893032
41 47 7601.781696
41 48 7751.670356
41 49 7901.559013
41 50 8051.447666
41 51 8201.336317
41 52 8351.224965
41 53 8501.113611
41 54 8651.002256
41 55 8800.890898
41 56 8950.779539
41 57 9100.668179
41 58 9250.556817
41 59 9400.445455
41 60 9550.334092
41 61 9700.222729
41 62 9850.111365
41 63 10000.000000
42 0 0.000000
42 1 1170.591703
42 2 920.109435
42 3 975.111248
42 4 1150.371554
42 5 1308.488930
42 6 1456.882685
42 7 1606.096109
42 8 1756.065084
42 9 1906.008267
42 10 2055.894727
42 11 2205.780385
42 12 2355.670038
42 13 2505.559840
42 14 2655.449279
42 15 2805.338617
42 16 2955.227910
42 17 3105.117146
42 18 3255.006327
42 19 3404.895459
42 20 3554.784546
42 21 3704.673592
42 22 3854.562601
42 23 4004.451575
42 24 4154.340519
42 25 4304.229434
42 26 4454.118323
42 27 4604.007189
42 28 4753.896033
42 29 4903.784857
42 30 5053.673664
42 31 5203.562454
42 32 5353.451229
42 33 5503.339990
42 34 5653.228739
42 35 5803.117477
42 36 5953.006205
42 37 6102.894923
42 38 6252.783632
42 39 6402.672333
42 40 6552.561028
42 41 6702.449715
42 42 6852.338397
42 43 7002.227074
42 44 7152.115745
42 45 7302.004412
42 46 7451.893075
42 47 7601.781734
42 48 7751.670390
42 49 7901.559043
42 50 8051.447693
42 51 8201.336341
42 52 8351.224986
42 53 8501.113630
42 54 8651.002271
42 55 8800.890912
42 56 8950.779551
42 57 9100.668188
42 58 9250.556825
42 59 9400.445461
42 60 9550.334097
42 61 9700.222732
42 62 9850.111367
42 63 10000.000000
43 0 0.000000
43 1 1170.598980
43 2 920.113013
43 3 975.113797
43 4 1150.374109
43 5 1308.491344
43 6 1456.884886
43 7 1606.098121
43 8 1756.066928
43 9 1906.009957
43 10 2055.896275
43 11 2205.781801
43 12 2355.671334
43 13 2505.561025
43 14 2655.450363
43 15 2805.339608
43 16 2955.228815
43 17 3105.117973
43 18 3255.007082
43 19 3404.896147
43 20 3554.785174
43 21 3704.674164
43 22 3854.563122
43 23 4004.452050
43 24 4154.340951
43 25 4304.229827
43 26 4454.118680
43 27 4604.007513
43 28 4753.896328
43 29 4903.785125
43 30 5053.673906
43 31 5203.562674
43 32 5353.451428
43 33 5503.340171
43 34 5653.228903
43 35 5803.117625
43 36 5953.006338
43 37 6102.895044
43 38 6252.783741
43 39 6402.672432
43 40 6552.561116
43 41 6702.449795
43 42 6852.338469
43 43 7002.227138
43 44 7152.115803
43 45 7302.004464
43 46 7451.893122
43 47 7601.781776
43 48 7751.670427
43 49 7901.559076
43 50 8051.447722
43 51 8201.336367
43 52 8351.225009
43 53 8501.113650
43 54 8651.002289
43 55 8800.890927
43 56 8950.779563
43 57 9100.668199
43 58 9250.556834
43 59 9400.445468
43 60 9550.334102
43 61 9700.222735
43 62 9850.111368
43 63 10000.000000
44 0 0.000000
44 1 1170.606883
44 2 920.116879
44 3 975.116542
44 4 1150.376858
44 5 1308.493940
44 6 1456.887250
44 7 1606.100279
44 8 1756.068906
44 9 1906.011769
44 10 2055.897932
44 11 2205.783318
44 12 2355.672721
44 13 2505.562294
44 14 2655.451522
44 15 2805.340667
44 16 2955.229782
44 17 3105.118856
44 18 3255.007887
44 19 3404.896882
44 20 3554.785844
44 21 3704.674775
44 22 3854.563678
44 23 4004.452556
44 24 4154.341412
44 25 4304.230246
44 26 4454.119062
44 27 4604.007860
44 28 4753.896642
44 29 4903.785411
44 30 5053.674166
44 31 5203.562909
44 32 5353.451642
44 33 5503.340364
44 34 5653.229078
44 35 5803.117784
44 36 5953.006482
44 37 6102.895173
44 38 6252.783858
44 39 6402.672537
44 40 6552.561212
44 41 6702.449881
44 42 6852.338547
44 43 7002.227208
44 44 7152.115866
44 45 7302.004520
44 46 7451.893172
44 47 7601.781821
44 48 7751.670467
44 49 7901.559112
44 50 8051.447754
44 51 8201.336395
44 52 8351.225034
44 53 8501.113671
44 54 8651.002308
44 55 8800.890943
44 56 8950.779577
44 57 9100.668211
44 58 9250.556843
44 59 9400.445475
44 60 9550.334107
44 61 9700.222739
44 62 9850.111370
44 63 10000.000000
45 0 0.000000
45 1 1170.615388
45 2 920.121015
45 3 975.119466
45 4 1150.379787
45 5 1308.496703
45 6 1456.889762
45 7 1606.102571
45 8 1756.071004
45 9 1906.013689
45 10 2055.899688
45 11 2205.784924
45 12 2355.674189
45 13 2505.563635
45 14 2655.452747
45 15 2805.341786
45 16 2955.230804
45 17 3105.119788
45 18 3255.008738
45 19 3404.897658
45 20 3554.786550
45 21 3704.675419
45 22 3854.564264
45 23 4004.453090
45 24 4154.341897
45 25 4304.230688
45 26 4454.119463
45 27 4604.008225
45 28 4753.896974
45 29 4903.785712
45 30 5053.674439
45 31 5203.563157
45 32 5353.451866
45 33 5503.340568
45 34 5653.229263
45 35 5803.117951
45 36 5953.006633
45 37 6102.895310
45 38 6252.783982
45 39 6402.672649
45 40 6552.561312
45 41 6702.449972
45 42 6852.338628
45 43 7002.227282
45 44 7152.115932
45 45 7302.004580
45 46 7451.893225
45 47 7601.781869
45 48 7751.670510
45 49 7901.559150
45 50 8051.447788
45 51 8201.336425
45 52 8351.225060
45 53 8501.113694
45 54 8651.002328
45 55 8800.890960
45 56 8950.779592
45 57 9100.668223
45 58 9250.556853
45 59 9400.445483
45 60 9550.334113
45 61 9700.222742
45 62 9850.111372
45 63 10000.000000
46 0 0.000000
46 1 1170.624467
46 2 920.125399
46 3 975.122551
46 4 1150.382877
46 5 1308.499615
46 6 1456.892407
46 7 1606.104981
46 8 1756.073208
46 9 1906.015704
46 10 2055.901530
46 11 2205.786606
46 12 2355.675726
46 13 2505.565039
46 14 2655.454029
46 15 2805.342956
46 16 2955.231871
46 17 3105.120761
46 18 3255.009625
46 19 3404.898467
46 20 3554.787287
46 21 3704.676090
46 22 3854.564876
46 23 4004.453646
46 24 4154.342403
46 25 4304.231148
46 26 4454.119881
46 27 4604.008605
46 28 4753.897319
46 29 4903.786025
46 30 5053.674723
46 31 5203.563415
46 32 5353.452100
46 33 5503.340780
46 34 5653.229454
46 35 5803.118124
46 36 5953.006790
46 37 6102.895452
46 38 6252.784110
46 39 6402.672765
46 40 6552.561417
46 41 6702.450067
46 42 6852.338714
46 43 7002.227358
46 44 7152.116001
46 45 7302.004642
46 46 7451.893281
46 47 7601.781919
46 48 7751.670555
46 49 7901.559190
46 50 8051.447823
46 51 8201.336456
46 52 8351.225088
46 53 8501.113719
46 54 8651.002349
46 55 8800.890978
46 56 8950.779607
46 57 9100.668236
46 58 9250.556864
46 59 9400.445492
46 60 9550.334119
46 61 9700.222746
46 62 9850.111373
46 63 10000.000000
47 0 0.000000
47 1 1170.634084
47 2 920.130005
47 3 975.125777
47 4 1150.386108
47 5 1308.502657
47 6 1456.895166
47 7 1606.107492
47 8 1756.075502
47 9 1906.017800
47 10 2055.903444
47 11 2205.788354
47 12 2355.677321
47 13 2505.566494
47 14 2655.455357
47 15 2805.344167
47 16 2955.232976
47 17 3105.121768
47 18 3255.010543
47 19 3404.899302
47 20 3554.788048
47 21 3704.676783
47 22 3854.565506
47 23 4004.454220
47 24 4154.342925
47 25 4304.231622
47 26 4454.120312
47 27 4604.008996
47 28 4753.897674
47 29 4903.786347
47 30 5053.675016
47 31 5203.563680
47 32 5353.452341
47 33 5503.340998
47 34 5653.229652
47 35 5803.118303
47 36 5953.006952
47 37 6102.895598
47 38 6252.784242
47 39 6402.672885
47 40 6552.561525
47 41 6702.450164
47 42 6852.338801
47 43 7002.227437
47 44 7152.116072
47 45 7302.004706
47 46 7451.893338
47 47 7601.781970
47 48 7751.670601
47 49 7901.559231
47 50 8051.447860
47 51 8201.336488
47 52 8351.225116
47 53 8501.113744
47 54 8651.002371
47 55 8800.890997
47 56 8950.779623
47 57 9100.668249
47 58 9250.556875
47 59 9400.445500
47 60 9550.334125
47 61 9700.222750
47 62 9850.111375
47 63 10000.000000
48 0 0.000000
48 1 1170.644199
48 2 920.134804
48 3 975.129120
48 4 1150.389458
48 5 1308.505807
48 6 1456.898018
48 7 1606.110085
48 8 1756.077869
48 9 1906.019960
48 10 2055.905414
48 11 2205.790151
48 12 2355.678961
48 13 2505.567989
48 14 2655.456720
48 15 2805.345409
48 16 2955.234107
48 17 3105.122799
48 18 3255.011482
48 19 3404.900157
48 20 3554.788826
48 21 3704.677490
48 22 3854.566149
48 23 4004.454805
48 24 4154.343456
48 25 4304.232105
48 26 4454.120751
48 27 4604.009394
48 28 4753.898036
48 29 4903.786675
48 30 5053.675313
48 31 5203.563950
48 32 5353.452585
48 33 5503.341219
48 34 5653.229853
48 35 5803.118485
48 36 5953.007116
48 37 6102.895747
48 38 6252.784377
48 39 6402.673006
48 40 6552.561635
48 41 6702.450263
48 42 6852.338891
48 43 7002.227518
48 44 7152.116145
48 45 7302.004771
48 46 7451.893397
48 47 7601.782022
48 48 7751.670648
48 49 7901.559272
48 50 8051.447897
48 51 8201.336521
48 52 8351.225146
48 53 8501.113769
48 54 8651.002393
48 55 8800.891017
48 56 8950.779640
48 57 9100.668263
48 58 9250.556886
48 59 9400.445509
48 60 9550.334132
48 61 9700.222755
48 62 9850.111377
48 63 10000.000000
49 0 0.000000
49 1 1170.654762
49 2 920.139758
49 3 975.132554
49 4 1150.392901
49 5 1308.509041
49 6 1456.900943
49 7 1606.112741
49 8 1756.080290
49 9 1906.022167
49 10 2055.907426
49 11 2205.791984
49 12 2355.680631
49 13 2505.569511
49 14 2655.458106
49 15 2805.346672
49 16 2955.235257
49 17 3105.123845
49 18 3255.012434
49 19 3404.901023
49 20 3554.789614
49 21 3704.678206
49 22 3854.566800
49 23 4004.455396
49 24 4154.343993
49 25 4304.232592
49 26 4454.121193
49 27 4604.009796
49 28 4753.898400
49 29 4903.787006
49 30 5053.675613
49 31 5203.564222
49 32 5353.452831
49 33 5503.341442
49 34 5653.230055
49 35 5803.118668
49 36 5953.007282
49 37 6102.895897
49 38 6252.784512
49 39 6402.673128
49 40 6552.561745
49 41 6702.450363
49 42 6852.338981
49 43 7002.227599
49 44 7152.116217
49 45 7302.004836
49 46 7451.893456
49 47 7601.782075
49 48 7751.670695
49 49 7901.559315
49 50 8051.447935
49 51 8201.336555
49 52 8351.225175
49 53 8501.113795
49 54 8651.002416
49 55 8800.891036
49 56 8950.779656
49 57 9100.668277
49 58 9250.556897
49 59 9400.445518
49 60 9550.334138
49 61 9700.222759
49 62 9850.111379
49 63 10000.000000
50 0 0.000000
50 1 1170.665714
50 2 920.144830
50 3 975.136049
50 4 1150.396409
50 5 1308.512334
50 6 1456.903916
50 7 1606.115437
50 8 1756.082745
50 9 1906.024403
50 10 2055.909462
50 11 2205.793837
50 12 2355.682318
50 13 2505.571046
50 14 2655.459503
50 15 2805.347943
50 16 2955.236413
50 17 3105.124896
50 18 3255.013389
50 19 3404.901891
50 20 3554.790403
50 21 3704.678923
50 22 3854.567451
50 23 4004.455987
50 24 4154.344530
50 25 4304.233079
50 26 4454.121635
50 27 4604.010197
50 28 4753.898764
50 29 4903.787335
50 30 5053.675912
50 31 5203.564492
50 32 5353.453077
50 33 5503.341664
50 34 5653.230256
50 35 5803.118850
50 36 5953.007446
50 37 6102.896045
50 38 6252.784647
50 39 6402.673250
50 40 6552.561855
50 41 6702.450462
50 42 6852.339070
50 43 7002.227679
50 44 7152.116290
50 45 7302.004902
50 46 7451.893514
50 47 7601.782128
50 48 7751.670742
50 49 7901.559357
50 50 8051.447972
50 51 8201.336588
50 52 8351.225204
50 53 8501.113821
50 54 8651.002438
50 55 8800.891055
50 56 8950.779673
50 57 9100.668291
50 58 9250.556909
50 59 9400.445527
50 60 9550.334145
50 61 9700.222763
50 62 9850.111381
50 63 10000.000000
51 0 0.000000
51 1 1170.676986
51 2 920.149971
51 3 975.139573
51 4 1150.399954
51 5 1308.515657
51 6 1456.906911
51 7 1606.118150
51 8 1756.085213
51 9 1906.026648
51 10 2055.911503
51 11 2205.795693
51 12 2355.684005
51 13 2505.572581
51 14 2655.460898
51 15 2805.349210
51 16 2955.237564
51 17 3105.125942
51 18 3255.014339
51 19 3404.902754
51 20 3554.791186
51 21 3704.679633
51 22 3854.568096
51 23 4004.456572
51 24 4154.345060
51 25 4304.233560
51 26 4454.122071
51 27 4604.010592
51 28 4753.899122
51 29 4903.787660
51 30 5053.676206
51 31 5203.564759
51 32 5353.453318
51 33 5503.341883
51 34 5653.230453
51 35 5803.119028
51 36 5953.007608
51 37 6102.896192
51 38 6252.784779
51 39 6402.673369
51 40 6552.561963
51 41 6702.450559
51 42 6852.339158
51 43 7002.227758
51 44 7152.116361
51 45 7302.004966
51 46 7451.893572
51 47 7601.782179
51 48 7751.670788
51 49 7901.559398
51 50 8051.448009
51 51 8201.336620
51 52 8351.225233
51 53 8501.113846
51 54 8651.002460
51 55 8800.891074
51 56 8950.779689
51 57 9100.668304
51 58 9250.556920
51 59 9400.445535
51 60 9550.334151
51 61 9700.222767
51 62 9850.111383
51 63 10000.000000
52 0 0.000000
52 1 1170.688495
52 2 920.155130
52 3 975.143093
52 4 1150.403502
52 5 1308.518979
52 6 1456.909902
52 7 1606.120855
52 8 1756.087671
52 9 1906.028881
52 10 2055.913531
52 11 2205.797535
52 12 2355.685678
52 13 2505.574099
52 14 2655.462276
52 15 2805.350461
52 16 2955.238699
52 17 3105.126972
52 18 3255.015273
52 19 3404.903601
52 20 3554.791954
52 21 3704.680330
52 22 3854.568727
52 23 4004.457144
52 24 4154.345579
52 25 4304.234031
52 26 4454.122497
52 27 4604.010978
52 28 4753.899471
52 29 4903.787977
52 30 5053.676492
52 31 5203.565018
52 32 5353.453553
52 33 5503.342095
52 34 5653.230645
52 35 5803.119202
52 36 5953.007765
52 37 6102.896334
52 38 6252.784907
52 39 6402.673485
52 40 6552.562068
52 41 6702.450654
52 42 6852.339243
52 43 7002.227835
52 44 7152.116430
52 45 7302.005028
52 46 7451.893628
52 47 7601.782229
52 48 7751.670833
52 49 7901.559438
52 50 8051.448044
52 51 8201.336652
52 52 8351.225261
52 53 8501.113871
52 54 8651.002481
52 55 8800.891093
52 56 8950.779705
52 57 9100.668317
52 58 9250.556930
52 59 9400.445544
52 60 9550.334157
52 61 9700.222771
52 62 9850.111385
52 63 10000.000000
53 0 0.000000
53 1 1170.700145
53 2 920.160251
53 3 975.146572
53 4 1150.407018
53 5 1308.522268
53 6 1456.912859
53 7 1606.123527
53 8 1756.090095
53 9 1906.031080
53 10 2055.915525
53 11 2205.799343
53 12 2355.687317
53 13 2505.575585
53 14 2655.463623
53 15 2805.351682
53 16 2955.239806
53 17 3105.127975
53 18 3255.016182
53 19 3404.904424
53 20 3554.792699
53 21 3704.681005
53 22 3854.569338
53 23 4004.457698
53 24 4154.346080
53 25 4304.234484
53 26 4454.122908
53 27 4604.011350
53 28 4753.899808
53 29 4903.788281
53 30 5053.676768
53 31 5203.565267
53 32 5353.453778
53 33 5503.342299
53 34 5653.230830
53 35 5803.119369
53 36 5953.007916
53 37 6102.896470
53 38 6252.785030
53 39 6402.673597
53 40 6552.562168
53 41 6702.450744
53 42 6852.339325
53 43 7002.227909
53 44 7152.116497
53 45 7302.005087
53 46 7451.893681
53 47 7601.782277
53 48 7751.670876
53 49 7901.559476
53 50 8051.448078
53 51 8201.336682
53 52 8351.225288
53 53 8501.113894
53 54 8651.002502
53 55 8800.891110
53 56 8950.779720
53 57 9100.668330
53 58 9250.556941
53 59 9400.445552
53 60 9550.334163
53 61 9700.222775
53 62 9850.111387
53 63 10000.000000
54 0 0.000000
54 1 1170.711826
54 2 920.165271
54 3 975.149971
54 4 1150.410465
54 5 1308.525490
54 6 1456.915751
54 7 1606.126136
54 8 1756.092460
54 9 1906.033222
54 10 2055.917464
54 11 2205.801099
54 12 2355.688907
54 13 2505.577024
54 14 2655.464925
54 15 2805.352860
54 16 2955.240872
54 17 3105.128939
54 18 3255.017054
54 19 3404.905213
54 20 3554.793413
54 21 3704.681650
54 22 3854.569922
54 23 4004.458226
54 24 4154.346558
54 25 4304.234916
54 26 4454.123299
54 27 4604.011703
54 28 4753.900127
54 29 4903.788570
54 30 5053.677029
54 31 5203.565504
54 32 5353.453992
54 33 5503.342493
54 34 5653.231005
54 35 5803.119527
54 36 5953.008059
54 37 6102.896599
54 38 6252.785147
54 39 6402.673702
54 40 6552.562263
54 41 6702.450830
54 42 6852.339402
54 43 7002.227978
54 44 7152.116559
54 45 7302.005144
54 46 7451.893732
54 47 7601.782323
54 48 7751.670916
54 49 7901.559512
54 50 8051.448111
54 51 8201.336711
54 52 8351.225313
54 53 8501.113916
54 54 8651.002521
54 55 8800.891127
54 56 8950.779734
54 57 9100.668342
54 58 9250.556950
54 59 9400.445560
54 60 9550.334169
54 61 9700.222779
54 62 9850.111389
54 63 10000.000000
55 0 0.000000
55 1 1170.723415
55 2 920.170128
55 3 975.153253
55 4 1150.413804
55 5 1308.528608
55 6 1456.918546
55 7 1606.128655
55 8 1756.094738
55 9 1906.035282
55 10 2055.919327
55 11 2205.802782
55 12 2355.690427
55 13 2505.578397
55 14 2655.466166
55 15 2805.353980
55 16 2955.241883
55 17 3105.129853
55 18 3255.017879
55 19 3404.905958
55 20 3554.794086
55 21 3704.682258
55 22 3854.570471
55 23 4004.458722
55 24 4154.347006
55 25 4304.235321
55 26 4454.123664
55 27 4604.012034
55 28 4753.900426
55 29 4903.788840
55 30 5053.677273
55 31 5203.565724
55 32 5353.454191
55 33 5503.342673
55 34 5653.231167
55 35 5803.119674
55 36 5953.008192
55 37 6102.896719
55 38 6252.785255
55 39 6402.673800
55 40 6552.562351
55 41 6702.450909
55 42 6852.339474
55 43 7002.228043
55 44 7152.116617
55 45 7302.005196
55 46 7451.893779
55 47 7601.782365
55 48 7751.670954
55 49 7901.559546
55 50 8051.448141
55 51 8201.336738
55 52 8351.225336
55 53 8501.113937
55 54 8651.002539
55 55 8800.891143
55 56 8950.779747
55 57 9100.668353
55 58 9250.556960
55 59 9400.445567
55 60 9550.334174
55 61 9700.222782
55 62 9850.111391
55 63 10000.000000
56 0 0.000000
56 1 1170.734779
56 2 920.174756
56 3 975.156377
56 4 1150.416996
56 5 1308.531584
56 6 1456.921211
56 7 1606.131053
56 8 1756.096904
56 9 1906.037236
56 10 2055.921088
56 11 2205.804370
56 12 2355.691859
56 13 2505.579688
56 14 2655.467329
56 15 2805.355028
56 16 2955.242828
56 17 3105.130704
56 18 3255.018646
56 19 3404.906650
56 20 3554.794710
56 21 3704.682821
56 22 3854.570979
56 23 4004.459179
56 24 4154.347419
56 25 4304.235694
56 26 4454.124001
56 27 4604.012337
56 28 4753.900700
56 29 4903.789088
56 30 5053.677497
56 31 5203.565926
56 32 5353.454374
56 33 5503.342838
56 34 5653.231316
56 35 5803.119809
56 36 5953.008313
56 37 6102.896829
56 38 6252.785354
56 39 6402.673889
56 40 6552.562432
56 41 6702.450982
56 42 6852.339539
56 43 7002.228102
56 44 7152.116671
56 45 7302.005244
56 46 7451.893822
56 47 7601.782403
56 48 7751.670989
56 49 7901.559577
56 50 8051.448168
56 51 8201.336762
56 52 8351.225358
56 53 8501.113956
56 54 8651.002556
56 55 8800.891157
56 56 8950.779760
56 57 9100.668363
56 58 9250.556968
56 59 9400.445573
56 60 9550.334179
56 61 9700.222785
56 62 9850.111392
56 63 10000.000000
57 0 0.000000
57 1 1170.745779
57 2 920.179093
57 3 975.159306
57 4 1150.419999
57 5 1308.534380
57 6 1456.923712
57 7 1606.133299
57 8 1756.098926
57 9 1906.039057
57 10 2055.922726
57 11 2205.805842
57 12 2355.693182
57 13 2505.580877
57 14 2655.468397
57 15 2805.355989
57 16 2955.243691
57 17 3105.131480
57 18 3255.019344
57 19 3404.907278
57 20 3554.795275
57 21 3704.683330
57 22 3854.571437
57 23 4004.459592
57 24 4154.347791
57 25 4304.236029
57 26 4454.124303
57 27 4604.012610
57 28 4753.900947
57 29 4903.789310
57 30 5053.677698
57 31 5203.566107
57 32 5353.454537
57 33 5503.342985
57 34 5653.231450
57 35 5803.119929
57 36 5953.008422
57 37 6102.896927
57 38 6252.785443
57 39 6402.673969
57 40 6552.562504
57 41 6702.451047
57 42 6852.339598
57 43 7002.228155
57 44 7152.116718
57 45 7302.005286
57 46 7451.893860
57 47 7601.782438
57 48 7751.671019
57 49 7901.559604
57 50 8051.448193
57 51 8201.336784
57 52 8351.225377
57 53 8501.113973
57 54 8651.002570
57 55 8800.891170
57 56 8950.779770
57 57 9100.668372
57 58 9250.556975
57 59 9400.445579
57 60 9550.334183
57 61 9700.222788
57 62 9850.111393
57 63 10000.000000
58 0 0.000000
58 1 1170.756272
58 2 920.183078
58 3 975.162000
58 4 1150.422770
58 5 1308.536955
58 6 1456.926010
58 7 1606.135358
58 8 1756.100775
58 9 1906.040715
58 10 2055.924212
58 11 2205.807173
58 12 2355.694374
58 13 2505.581945
58 14 2655.469354
58 15 2805.356846
58 16 2955.244460
58 17 3105.132169
58 18 3255.019963
58 19 3404.907833
58 20 3554.795773
58 21 3704.683777
58 22 3854.571840
58 23 4004.459954
58 24 4154.348117
58 25 4304.236323
58 26 4454.124568
58 27 4604.012848
58 28 4753.901161
58 29 4903.789504
58 30 5053.677872
58 31 5203.566265
58 32 5353.454679
58 33 5503.343113
58 34 5653.231565
58 35 5803.120033
58 36 5953.008516
58 37 6102.897012
58 38 6252.785520
58 39 6402.674038
58 40 6552.562566
58 41 6702.451103
58 42 6852.339648
58 43 7002.228201
58 44 7152.116759
58 45 7302.005323
58 46 7451.893893
58 47 7601.782467
58 48 7751.671046
58 49 7901.559628
58 50 8051.448214
58 51 8201.336802
58 52 8351.225394
58 53 8501.113987
58 54 8651.002583
58 55 8800.891181
58 56 8950.779780
58 57 9100.668380
58 58 9250.556982
58 59 9400.445584
58 60 9550.334187
58 61 9700.222791
58 62 9850.111395
58 63 10000.000000
59 0 0.000000
59 1 1170.766117
59 2 920.186652
59 3 975.164416
59 4 1150.425261
59 5 1308.539264
59 6 1456.928063
59 7 1606.137191
59 8 1756.102415
59 9 1906.042179
59 10 2055.925518
59 11 2205.808338
59 12 2355.695413
59 13 2505.582871
59 14 2655.470181
59 15 2805.357584
59 16 2955.245119
59 17 3105.132759
59 18 3255.020490
59 19 3404.908305
59 20 3554.796196
59 21 3704.684157
59 22 3854.572180
59 23 4004.460260
59 24 4154.348391
59 25 4304.236570
59 26 4454.124790
59 27 4604.013048
59 28 4753.901342
59 29 4903.789666
59 30 5053.678019
59 31 5203.566397
59 32 5353.454798
59 33 5503.343221
59 34 5653.231662
59 35 5803.120121
59 36 5953.008595
59 37 6102.897083
59 38 6252.785584
59 39 6402.674096
59 40 6552.562619
59 41 6702.451150
59 42 6852.339691
59 43 7002.228239
59 44 7152.116793
59 45 7302.005354
59 46 7451.893921
59 47 7601.782492
59 48 7751.671068
59 49 7901.559648
59 50 8051.448232
59 51 8201.336818
59 52 8351.225408
59 53 8501.114000
59 54 8651.002594
59 55 8800.891190
59 56 8950.779788
59 57 9100.668387
59 58 9250.556987
59 59 9400.445588
59 60 9550.334190
59 61 9700.222793
59 62 9850.111396
59 63 10000.000000
60 0 0.000000
60 1 1170.775250
60 2 920.189794
60 3 975.166536
60 4 1150.427450
60 5 1308.541280
60 6 1456.929848
60 7 1606.138774
60 8 1756.103821
60 9 1906.043426
60 10 2055.926623
60 11 2205.809317
60 12 2355.696280
60 13 2505.583640
60 14 2655.470863
60 15 2805.358190
60 16 2955.245658
60 17 3105.133238
60 18 3255.020917
60 19 3404.908686
60 20 3554.796537
60 21 3704.684462
60 22 3854.572453
60 23 4004.460505
60 24 4154.348611
60 25 4304.236767
60 26 4454.124967
60 27 4604.013208
60 28 4753.901485
60 29 4903.789795
60 30 5053.678135
60 31 5203.566502
60 32 5353.454893
60 33 5503.343306
60 34 5653.231739
60 35 5803.120190
60 36 5953.008658
60 37 6102.897140
60 38 6252.785635
60 39 6402.674142
60 40 6552.562660
60 41 6702.451188
60 42 6852.339724
60 43 7002.228269
60 44 7152.116821
60 45 7302.005379
60 46 7451.893943
60 47 7601.782512
60 48 7751.671086
60 49 7901.559664
60 50 8051.448246
60 51 8201.336831
60 52 8351.225419
60 53 8501.114009
60 54 8651.002602
60 55 8800.891197
60 56 8950.779794
60 57 9100.668392
60 58 9250.556991
60 59 9400.445592
60 60 9550.334193
60 61 9700.222794
60 62 9850.111396
60 63 10000.000000
61 0 0.000000
61 1 1170.783891
61 2 920.192603
61 3 975.168412
61 4 1150.429375
61 5 1308.543031
61 6 1456.931376
61 7 1606.140110
61 8 1756.104990
61 9 1906.044448
61 10 2055.927514
61 11 2205.810096
61 12 2355.696962
61 13 2505.584238
61 14 2655.471388
61 15 2805.358652
61 16 2955.246066
61 17 3105.133599
61 18 3255.021238
61 19 3404.908971
61 20 3554.796791
61 21 3704.684688
61 22 3854.572655
61 23 4004.460686
61 24 4154.348774
61 25 4304.236913
61 26 4454.125098
61 27 4604.013326
61 28 4753.901591
61 29 4903.789890
61 30 5053.678221
61 31 5203.566579
61 32 5353.454963
61 33 5503.343369
61 34 5653.231796
61 35 5803.120241
61 36 5953.008704
61 37 6102.897181
61 38 6252.785672
61 39 6402.674176
61 40 6552.562690
61 41 6702.451215
61 42 6852.339749
61 43 7002.228291
61 44 7152.116841
61 45 7302.005397
61 46 7451.893959
61 47 7601.782526
61 48 7751.671099
61 49 7901.559675
61 50 8051.448256
61 51 8201.336840
61 52 8351.225427
61 53 8501.114016
61 54 8651.002608
61 55 8800.891202
61 56 8950.779798
61 57 9100.668396
61 58 9250.556994
61 59 9400.445594
61 60 9550.334194
61 61 9700.222795
61 62 9850.111397
61 63 10000.000000
62 0 0.000000
62 1 1170.791457
62 2 920.194791
62 3 975.169832
62 4 1150.430815
62 5 1308.544305
62 6 1456.932458
62 7 1606.141029
62 8 1756.105770
62 9 1906.045111
62 10 2055.928079
62 11 2205.810578
62 12 2355.697376
62 13 2505.584595
62 14 2655.471698
62 15 2805.358923
62 16 2955.246303
62 17 3105.133808
62 18 3255.021422
62 19 3404.909134
62 20 3554.796936
62 21 3704.684817
62 22 3854.572771
62 23 4004.460789
62 24 4154.348866
62 25 4304.236996
62 26 4454.125173
62 27 4604.013392
62 28 4753.901651
62 29 4903.789944
62 30 5053.678269
62 31 5203.566623
62 32 5353.455002
62 33 5503.343405
62 34 5653.231828
62 35 5803.120270
62 36 5953.008730
62 37 6102.897205
62 38 6252.785693
62 39 6402.674195
62 40 6552.562708
62 41 6702.451231
62 42 6852.339763
62 43 7002.228304
62 44 7152.116852
62 45 7302.005407
62 46 7451.893968
62 47 7601.782535
62 48 7751.671106
62 49 7901.559682
62 50 8051.448262
62 51 8201.336845
62 52 8351.225431
62 53 8501.114020
62 54 8651.002612
62 55 8800.891205
62 56 8950.779801
62 57 9100.668398
62 58 9250.556996
62 59 9400.445595
62 60 9550.334195
62 61 9700.222796
62 62 9850.111397
62 63 10000.000000
63 0 0.000000
63 1 1170.791457
63 2 920.194791
63 3 975.169832
63 4 1150.430815
63 5 1308.544305
63 6 1456.932458
63 7 1606.141029
63 8 1756.105770
63 9 1906.045111
63 10 2055.928079
63 11 2205.810578
63 12 2355.697376
63 13 2505.584595
63 14 2655.471698
63 15 2805.358923
63 16 2955.246303
63 17 3105.133808
63 18 3255.021422
63 19 3404.909134
63 20 3554.796936
63 21 3704.684817
63 22 3854.572771
63 23 4004.460789
63 24 4154.348866
63 25 4304.236996
63 26 4454.125173
63 27 4604.013392
63 28 4753.901651
63 29 4903.789944
63 30 5053.678269
63 31 5203.566623
63 32 5353.455002
63 33 5503.343405
63 34 5653.231828
63 35 5803.120270
63 36 5953.008730
63 37 6102.897205
63 38 6252.785693
63 39 6402.674195
63 40 6552.562708
63 41 6702.451231
63 42 6852.339763
63 43 7002.228304
63 44 7152.116852
63 45 7302.005407
63 46 7451.893968
63 47 7601.782535
63 48 7751.671106
63 49 7901.559682
63 50 8051.448262
63 51 8201.336845
63 52 8351.225431
63 53 8501.114020
63 54 8651.002612
63 55 8800.891205
63 56 8950.779801
63 57 9100.668398
63 58 9250.556996
63 59 9400.445595
63 60 9550.334195
63 61 9700.222796
63 62 9850.111397
63 63 10000.000000
