0 0 0.000000
0 1 8933.289564
0 2 5194.471972
0 3 4393.531835
0 4 4741.591290
0 5 4912.933072
0 6 4984.489077
0 7 5065.172008
0 8 5154.215894
0 9 5242.945505
0 10 5330.996624
0 11 5419.039412
0 12 5507.135585
0 13 5595.235022
0 14 5683.330378
0 15 5771.425268
0 16 5859.520456
0 17 5947.615693
0 18 6035.710909
0 19 6123.806121
0 20 6211.901336
0 21 6299.996555
0 22 6388.091778
0 23 6476.187006
0 24 6564.282240
0 25 6652.377478
0 26 6740.472723
0 27 6828.567974
0 28 6916.663231
0 29 7004.758495
0 30 7092.853765
0 31 7180.949041
0 32 7269.044323
0 33 7357.139611
0 34 7445.234905
0 35 7533.330204
0 36 7621.425509
0 37 7709.520820
0 38 7797.616135
0 39 7885.711455
0 40 7973.806779
0 41 8061.902108
0 42 8149.997441
0 43 8238.092778
0 44 8326.188118
0 45 8414.283461
0 46 8502.378808
0 47 8590.474157
0 48 8678.569510
0 49 8766.664864
0 50 8854.760221
0 51 8942.855581
0 52 9030.950942
0 53 9119.046304
0 54 9207.141669
0 55 9295.237034
0 56 9383.332401
0 57 9471.427769
0 58 9559.523138
0 59 9647.618508
0 60 9735.713878
0 61 9823.809248
0 62 9911.904619
0 63 10000.000000
1 0 0.000000
1 1 8933.289564
1 2 5194.471972
1 3 4393.531835
1 4 4741.591290
1 5 4912.933072
1 6 4984.489077
1 7 5065.172008
1 8 5154.215894
1 9 5242.945505
1 10 5330.996624
1 11 5419.039412
1 12 5507.135585
1 13 5595.235022
1 14 5683.330378
1 15 5771.425268
1 16 5859.520456
1 17 5947.615693
1 18 6035.710909
1 19 6123.806121
1 20 6211.901336
1 21 6299.996555
1 22 6388.091778
1 23 6476.187006
1 24 6564.282240
1 25 6652.377478
1 26 6740.472723
1 27 6828.567974
1 28 6916.663231
1 29 7004.758495
1 30 7092.853765
1 31 7180.949041
1 32 7269.044323
1 33 7357.139611
1 34 7445.234905
1 35 7533.330204
1 36 7621.425509
1 37 7709.520820
1 38 7797.616135
1 39 7885.711455
1 40 7973.806779
1 41 8061.902108
1 42 8149.997441
1 43 8238.092778
1 44 8326.188118
1 45 8414.283461
1 46 8502.378808
1 47 8590.474157
1 48 8678.569510
1 49 8766.664864
1 50 8854.760221
1 51 8942.855581
1 52 9030.950942
1 53 9119.046304
1 54 9207.141669
1 55 9295.237034
1 56 9383.332401
1 57 9471.427769
1 58 9559.523138
1 59 9647.618508
1 60 9735.713878
1 61 9823.809248
1 62 9911.904619
1 63 10000.000000
2 0 0.000000
2 1 8933.286054
2 2 5194.471059
2 3 4393.531140
2 4 4741.590526
2 5 4912.932326
2 6 4984.488364
2 7 5065.171325
2 8 5154.215241
2 9 5242.944884
2 10 5330.996035
2 11 5419.038856
2 12 5507.135062
2 13 5595.234531
2 14 5683.329918
2 15 5771.424840
2 16 5859.520057
2 17 5947.615323
2 18 6035.710567
2 19 6123.805805
2 20 6211.901046
2 21 6299.996289
2 22 6388.091535
2 23 6476.186784
2 24 6564.282037
2 25 6652.377294
2 26 6740.472556
2 27 6828.567823
2 28 6916.663095
2 29 7004.758372
2 30 7092.853654
2 31 7180.948941
2 32 7269.044233
2 33 7357.139531
2 34 7445.234833
2 35 7533.330140
2 36 7621.425452
2 37 7709.520768
2 38 7797.616089
2 39 7885.711414
2 40 7973.806743
2 41 8061.902075
2 42 8149.997412
2 43 8238.092751
2 44 8326.188094
2 45 8414.283441
2 46 8502.378789
2 47 8590.474141
2 48 8678.569495
2 49 8766.664851
2 50 8854.760210
2 51 8942.855570
2 52 9030.950933
2 53 9119.046297
2 54 9207.141662
2 55 9295.237029
2 56 9383.332396
2 57 9471.427765
2 58 9559.523135
2 59 9647.618505
2 60 9735.713876
2 61 9823.809247
2 62 9911.904619
2 63 10000.000000
3 0 0.000000
3 1 8933.282685
3 2 5194.470185
3 3 4393.530469
3 4 4741.589783
3 5 4912.931597
3 6 4984.487661
3 7 5065.170648
3 8 5154.214591
3 9 5242.944262
3 10 5330.995442
3 11 5419.038292
3 12 5507.134526
3 13 5595.234025
3 14 5683.329440
3 15 5771.424390
3 16 5859.519636
3 17 5947.614929
3 18 6035.710198
3 19 6123.805462
3 20 6211.900727
3 21 6299.995993
3 22 6388.091261
3 23 6476.186531
3 24 6564.281804
3 25 6652.377080
3 26 6740.472360
3 27 6828.567643
3 28 6916.662930
3 29 7004.758221
3 30 7092.853516
3 31 7180.948815
3 32 7269.044118
3 33 7357.139426
3 34 7445.234738
3 35 7533.330054
3 36 7621.425373
3 37 7709.520697
3 38 7797.616024
3 39 7885.711355
3 40 7973.806690
3 41 8061.902027
3 42 8149.997368
3 43 8238.092712
3 44 8326.188059
3 45 8414.283408
3 46 8502.378760
3 47 8590.474115
3 48 8678.569472
3 49 8766.664830
3 50 8854.760191
3 51 8942.855554
3 52 9030.950918
3 53 9119.046284
3 54 9207.141651
3 55 9295.237019
3 56 9383.332388
3 57 9471.427758
3 58 9559.523129
3 59 9647.618501
3 60 9735.713873
3 61 9823.809245
3 62 9911.904618
3 63 10000.000000
4 0 0.000000
4 1 8933.279631
4 2 5194.469456
4 3 4393.529906
4 4 4741.589153
4 5 4912.930976
4 6 4984.487060
4 7 5065.170066
4 8 5154.214030
4 9 5242.943723
4 10 5330.994925
4 11 5419.037797
4 12 5507.134055
4 13 5595.233577
4 14 5683.329017
4 15 5771.423990
4 16 5859.519258
4 17 5947.614573
4 18 6035.709865
4 19 6123.805149
4 20 6211.900435
4 21 6299.995721
4 22 6388.091007
4 23 6476.186295
4 24 6564.281584
4 25 6652.376876
4 26 6740.472170
4 27 6828.567468
4 28 6916.662768
4 29 7004.758071
4 30 7092.853378
4 31 7180.948688
4 32 7269.044001
4 33 7357.139318
4 34 7445.234639
4 35 7533.329962
4 36 7621.425290
4 37 7709.520620
4 38 7797.615954
4 39 7885.711290
4 40 7973.806630
4 41 8061.901973
4 42 8149.997318
4 43 8238.092667
4 44 8326.188017
4 45 8414.283371
4 46 8502.378726
4 47 8590.474084
4 48 8678.569443
4 49 8766.664805
4 50 8854.760168
4 51 8942.855533
4 52 9030.950899
4 53 9119.046267
4 54 9207.141636
4 55 9295.237006
4 56 9383.332377
4 57 9471.427749
4 58 9559.523122
4 59 9647.618495
4 60 9735.713869
4 61 9823.809242
4 62 9911.904617
4 63 10000.000000
5 0 0.000000
5 1 8933.276768
5 2 5194.468800
5 3 4393.529396
5 4 4741.588574
5 5 4912.930403
5 6 4984.486503
5 7 5065.169524
5 8 5154.213504
5 9 5242.943214
5 10 5330.994434
5 11 5419.037327
5 12 5507.133604
5 13 5595.233147
5 14 5683.328606
5 15 5771.423600
5 16 5859.518889
5 17 5947.614224
5 18 6035.709535
5 19 6123.804839
5 20 6211.900142
5 21 6299.995446
5 22 6388.090750
5 23 6476.186054
5 24 6564.281359
5 25 6652.376666
5 26 6740.471974
5 27 6828.567285
5 28 6916.662598
5 29 7004.757913
5 30 7092.853231
5 31 7180.948551
5 32 7269.043875
5 33 7357.139201
5 34 7445.234530
5 35 7533.329862
5 36 7621.425197
5 37 7709.520534
5 38 7797.615875
5 39 7885.711217
5 40 7973.806563
5 41 8061.901911
5 42 8149.997262
5 43 8238.092614
5 44 8326.187969
5 45 8414.283327
5 46 8502.378686
5 47 8590.474047
5 48 8678.569410
5 49 8766.664775
5 50 8854.760141
5 51 8942.855508
5 52 9030.950877
5 53 9119.046248
5 54 9207.141619
5 55 9295.236991
5 56 9383.332364
5 57 9471.427738
5 58 9559.523113
5 59 9647.618488
5 60 9735.713864
5 61 9823.809239
5 62 9911.904615
5 63 10000.000000
6 0 0.000000
6 1 8933.274071
6 2 5194.468203
6 3 4393.528927
6 4 4741.588036
6 5 4912.929868
6 6 4984.485978
6 7 5065.169010
6 8 5154.213002
6 9 5242.942726
6 10 5330.993962
6 11 5419.036871
6 12 5507.133166
6 13 5595.232726
6 14 5683.328203
6 15 5771.423215
6 16 5859.518522
6 17 5947.613875
6 18 6035.709204
6 19 6123.804525
6 20 6211.899846
6 21 6299.995166
6 22 6388.090486
6 23 6476.185805
6 24 6564.281126
6 25 6652.376447
6 26 6740.471769
6 27 6828.567092
6 28 6916.662418
6 29 7004.757745
6 30 7092.853074
6 31 7180.948405
6 32 7269.043738
6 33 7357.139074
6 34 7445.234412
6 35 7533.329752
6 36 7621.425095
6 37 7709.520440
6 38 7797.615787
6 39 7885.711136
6 40 7973.806488
6 41 8061.901842
6 42 8149.997198
6 43 8238.092555
6 44 8326.187915
6 45 8414.283277
6 46 8502.378640
6 47 8590.474005
6 48 8678.569372
6 49 8766.664740
6 50 8854.760109
6 51 8942.855480
6 52 9030.950852
6 53 9119.046225
6 54 9207.141599
6 55 9295.236974
6 56 9383.332349
6 57 9471.427726
6 58 9559.523103
6 59 9647.618480
6 60 9735.713858
6 61 9823.809235
6 62 9911.904614
6 63 10000.000000
7 0 0.000000
7 1 8933.271535
7 2 5194.467662
7 3 4393.528498
7 4 4741.587538
7 5 4912.929370
7 6 4984.485487
7 7 5065.168526
7 8 5154.212528
7 9 5242.942263
7 10 5330.993511
7 11 5419.036433
7 12 5507.132743
7 13 5595.232318
7 14 5683.327811
7 15 5771.422838
7 16 5859.518161
7 17 5947.613531
7 18 6035.708876
7 19 6123.804213
7 20 6211.899549
7 21 6299.994885
7 22 6388.090220
7 23 6476.185554
7 24 6564.280888
7 25 6652.376223
7 26 6740.471558
7 27 6828.566894
7 28 6916.662231
7 29 7004.757570
7 30 7092.852910
7 31 7180.948251
7 32 7269.043595
7 33 7357.138940
7 34 7445.234287
7 35 7533.329635
7 36 7621.424986
7 37 7709.520338
7 38 7797.615693
7 39 7885.711049
7 40 7973.806407
7 41 8061.901766
7 42 8149.997128
7 43 8238.092491
7 44 8326.187856
7 45 8414.283222
7 46 8502.378590
7 47 8590.473959
7 48 8678.569329
7 49 8766.664701
7 50 8854.760074
7 51 8942.855448
7 52 9030.950824
7 53 9119.046200
7 54 9207.141577
7 55 9295.236954
7 56 9383.332333
7 57 9471.427712
7 58 9559.523091
7 59 9647.618471
7 60 9735.713851
7 61 9823.809231
7 62 9911.904612
7 63 10000.000000
8 0 0.000000
8 1 8933.269152
8 2 5194.467175
8 3 4393.528107
8 4 4741.587078
8 5 4912.928908
8 6 4984.485028
8 7 5065.168071
8 8 5154.212079
8 9 5242.941822
8 10 5330.993081
8 11 5419.036014
8 12 5507.132335
8 13 5595.231923
8 14 5683.327430
8 15 5771.422472
8 16 5859.517809
8 17 5947.613193
8 18 6035.708552
8 19 6123.803904
8 20 6211.899255
8 21 6299.994605
8 22 6388.089953
8 23 6476.185301
8 24 6564.280649
8 25 6652.375996
8 26 6740.471344
8 27 6828.566692
8 28 6916.662041
8 29 7004.757391
8 30 7092.852741
8 31 7180.948093
8 32 7269.043446
8 33 7357.138801
8 34 7445.234156
8 35 7533.329513
8 36 7621.424872
8 37 7709.520232
8 38 7797.615593
8 39 7885.710956
8 40 7973.806320
8 41 8061.901686
8 42 8149.997053
8 43 8238.092422
8 44 8326.187792
8 45 8414.283163
8 46 8502.378536
8 47 8590.473909
8 48 8678.569284
8 49 8766.664660
8 50 8854.760036
8 51 8942.855414
8 52 9030.950793
8 53 9119.046172
8 54 9207.141552
8 55 9295.236933
8 56 9383.332314
8 57 9471.427696
8 58 9559.523078
8 59 9647.618461
8 60 9735.713844
8 61 9823.809226
8 62 9911.904610
8 63 10000.000000
9 0 0.000000
9 1 8933.266911
9 2 5194.466736
9 3 4393.527751
9 4 4741.586653
9 5 4912.928479
9 6 4984.484599
9 7 5065.167643
9 8 5154.211655
9 9 5242.941404
9 10 5330.992670
9 11 5419.035612
9 12 5507.131943
9 13 5595.231543
9 14 5683.327061
9 15 5771.422115
9 16 5859.517465
9 17 5947.612862
9 18 6035.708235
9 19 6123.803600
9 20 6211.898964
9 21 6299.994327
9 22 6388.089689
9 23 6476.185050
9 24 6564.280410
9 25 6652.375769
9 26 6740.471129
9 27 6828.566489
9 28 6916.661849
9 29 7004.757209
9 30 7092.852570
9 31 7180.947932
9 32 7269.043294
9 33 7357.138658
9 34 7445.234022
9 35 7533.329387
9 36 7621.424754
9 37 7709.520121
9 38 7797.615490
9 39 7885.710860
9 40 7973.806231
9 41 8061.901603
9 42 8149.996976
9 43 8238.092350
9 44 8326.187725
9 45 8414.283101
9 46 8502.378478
9 47 8590.473857
9 48 8678.569236
9 49 8766.664616
9 50 8854.759996
9 51 8942.855378
9 52 9030.950760
9 53 9119.046143
9 54 9207.141526
9 55 9295.236910
9 56 9383.332295
9 57 9471.427680
9 58 9559.523065
9 59 9647.618450
9 60 9735.713836
9 61 9823.809222
9 62 9911.904608
9 63 10000.000000
10 0 0.000000
10 1 8933.264804
10 2 5194.466341
10 3 4393.527428
10 4 4741.586260
10 5 4912.928080
10 6 4984.484199
10 7 5065.167241
10 8 5154.211255
10 9 5242.941008
10 10 5330.992279
10 11 5419.035228
10 12 5507.131568
10 13 5595.231176
10 14 5683.326705
10 15 5771.421770
10 16 5859.517131
10 17 5947.612540
10 18 6035.707925
10 19 6123.803302
10 20 6211.898678
10 21 6299.994054
10 22 6388.089428
10 23 6476.184800
10 24 6564.280172
10 25 6652.375543
10 26 6740.470914
10 27 6828.566285
10 28 6916.661655
10 29 7004.757026
10 30 7092.852397
10 31 7180.947768
10 32 7269.043140
10 33 7357.138513
10 34 7445.233885
10 35 7533.329259
10 36 7621.424633
10 37 7709.520008
10 38 7797.615384
10 39 7885.710761
10 40 7973.806138
10 41 8061.901516
10 42 8149.996895
10 43 8238.092275
10 44 8326.187656
10 45 8414.283037
10 46 8502.378419
10 47 8590.473802
10 48 8678.569185
10 49 8766.664570
10 50 8854.759954
10 51 8942.855340
10 52 9030.950726
10 53 9119.046112
10 54 9207.141499
10 55 9295.236886
10 56 9383.332274
10 57 9471.427662
10 58 9559.523051
10 59 9647.618439
10 60 9735.713828
10 61 9823.809217
10 62 9911.904606
10 63 10000.000000
11 0 0.000000
11 1 8933.262825
11 2 5194.465987
11 3 4393.527133
11 4 4741.585898
11 5 4912.927710
11 6 4984.483824
11 7 5065.166863
11 8 5154.210877
11 9 5242.940632
11 10 5330.991907
11 11 5419.034861
11 12 5507.131208
11 13 5595.230824
11 14 5683.326362
11 15 5771.421436
11 16 5859.516808
11 17 5947.612227
11 18 6035.707623
11 19 6123.803011
11 20 6211.898399
11 21 6299.993785
11 22 6388.089171
11 23 6476.184554
11 24 6564.279937
11 25 6652.375319
11 26 6740.470701
11 27 6828.566082
11 28 6916.661463
11 29 7004.756844
11 30 7092.852224
11 31 7180.947605
11 32 7269.042986
11 33 7357.138366
11 34 7445.233748
11 35 7533.329129
11 36 7621.424511
11 37 7709.519894
11 38 7797.615276
11 39 7885.710660
11 40 7973.806044
11 41 8061.901428
11 42 8149.996813
11 43 8238.092198
11 44 8326.187584
11 45 8414.282971
11 46 8502.378358
11 47 8590.473745
11 48 8678.569133
11 49 8766.664522
11 50 8854.759911
11 51 8942.855300
11 52 9030.950690
11 53 9119.046080
11 54 9207.141471
11 55 9295.236862
11 56 9383.332253
11 57 9471.427644
11 58 9559.523036
11 59 9647.618428
11 60 9735.713819
11 61 9823.809211
11 62 9911.904603
11 63 10000.000000
12 0 0.000000
12 1 8933.260966
12 2 5194.465669
12 3 4393.526866
12 4 4741.585563
12 5 4912.927366
12 6 4984.483475
12 7 5065.166509
12 8 5154.210521
12 9 5242.940276
12 10 5330.991554
12 11 5419.034512
12 12 5507.130864
12 13 5595.230487
12 14 5683.326032
12 15 5771.421115
12 16 5859.516495
12 17 5947.611924
12 18 6035.707330
12 19 6123.802728
12 20 6211.898126
12 21 6299.993524
12 22 6388.088919
12 23 6476.184313
12 24 6564.279707
12 25 6652.375099
12 26 6740.470491
12 27 6828.565882
12 28 6916.661273
12 29 7004.756663
12 30 7092.852052
12 31 7180.947442
12 32 7269.042831
12 33 7357.138221
12 34 7445.233610
12 35 7533.328999
12 36 7621.424389
12 37 7709.519778
12 38 7797.615168
12 39 7885.710558
12 40 7973.805948
12 41 8061.901339
12 42 8149.996730
12 43 8238.092121
12 44 8326.187512
12 45 8414.282904
12 46 8502.378296
12 47 8590.473688
12 48 8678.569081
12 49 8766.664474
12 50 8854.759867
12 51 8942.855260
12 52 9030.950654
12 53 9119.046048
12 54 9207.141442
12 55 9295.236836
12 56 9383.332231
12 57 9471.427626
12 58 9559.523021
12 59 9647.618416
12 60 9735.713811
12 61 9823.809206
12 62 9911.904601
12 63 10000.000000
13 0 0.000000
13 1 8933.259220
13 2 5194.465385
13 3 4393.526624
13 4 4741.585254
13 5 4912.927048
13 6 4984.483149
13 7 5065.166176
13 8 5154.210185
13 9 5242.939940
13 10 5330.991219
13 11 5419.034180
13 12 5507.130536
13 13 5595.230165
13 14 5683.325716
13 15 5771.420806
13 16 5859.516195
13 17 5947.611632
13 18 6035.707047
13 19 6123.802455
13 20 6211.897862
13 21 6299.993269
13 22 6388.088674
13 23 6476.184079
13 24 6564.279482
13 25 6652.374884
13 26 6740.470285
13 27 6828.565685
13 28 6916.661085
13 29 7004.756484
13 30 7092.851883
13 31 7180.947281
13 32 7269.042679
13 33 7357.138076
13 34 7445.233473
13 35 7533.328870
13 36 7621.424267
13 37 7709.519664
13 38 7797.615060
13 39 7885.710457
13 40 7973.805853
13 41 8061.901250
13 42 8149.996646
13 43 8238.092043
13 44 8326.187439
13 45 8414.282836
13 46 8502.378233
13 47 8590.473630
13 48 8678.569027
13 49 8766.664425
13 50 8854.759822
13 51 8942.855219
13 52 9030.950617
13 53 9119.046015
13 54 9207.141413
13 55 9295.236811
13 56 9383.332209
13 57 9471.427607
13 58 9559.523005
13 59 9647.618404
13 60 9735.713802
13 61 9823.809200
13 62 9911.904599
13 63 10000.000000
14 0 0.000000
14 1 8933.257584
14 2 5194.465131
14 3 4393.526404
14 4 4741.584970
14 5 4912.926753
14 6 4984.482845
14 7 5065.165865
14 8 5154.209870
14 9 5242.939623
14 10 5330.990902
14 11 5419.033865
14 12 5507.130225
14 13 5595.229857
14 14 5683.325415
14 15 5771.420511
14 16 5859.515907
14 17 5947.611352
14 18 6035.706775
14 19 6123.802191
14 20 6211.897607
14 21 6299.993023
14 22 6388.088437
14 23 6476.183851
14 24 6564.279263
14 25 6652.374674
14 26 6740.470084
14 27 6828.565494
14 28 6916.660902
14 29 7004.756310
14 30 7092.851717
14 31 7180.947123
14 32 7269.042529
14 33 7357.137934
14 34 7445.233339
14 35 7533.328743
14 36 7621.424147
14 37 7709.519550
14 38 7797.614953
14 39 7885.710356
14 40 7973.805759
14 41 8061.901161
14 42 8149.996563
14 43 8238.091965
14 44 8326.187367
14 45 8414.282769
14 46 8502.378171
14 47 8590.473572
14 48 8678.568974
14 49 8766.664376
14 50 8854.759777
14 51 8942.855179
14 52 9030.950580
14 53 9119.045982
14 54 9207.141383
14 55 9295.236785
14 56 9383.332187
14 57 9471.427588
14 58 9559.522990
14 59 9647.618391
14 60 9735.713793
14 61 9823.809195
14 62 9911.904596
14 63 10000.000000
15 0 0.000000
15 1 8933.256052
15 2 5194.464904
15 3 4393.526206
15 4 4741.584707
15 5 4912.926480
15 6 4984.482562
15 7 5065.165574
15 8 5154.209574
15 9 5242.939325
15 10 5330.990603
15 11 5419.033567
15 12 5507.129929
15 13 5595.229566
15 14 5683.325127
15 15 5771.420229
15 16 5859.515631
15 17 5947.611084
15 18 6035.706514
15 19 6123.801938
15 20 6211.897362
15 21 6299.992786
15 22 6388.088209
15 23 6476.183631
15 24 6564.279051
15 25 6652.374471
15 26 6740.469890
15 27 6828.565308
15 28 6916.660724
15 29 7004.756140
15 30 7092.851555
15 31 7180.946969
15 32 7269.042383
15 33 7357.137795
15 34 7445.233207
15 35 7533.328618
15 36 7621.424029
15 37 7709.519439
15 38 7797.614848
15 39 7885.710257
15 40 7973.805665
15 41 8061.901073
15 42 8149.996481
15 43 8238.091888
15 44 8326.187295
15 45 8414.282702
15 46 8502.378109
15 47 8590.473515
15 48 8678.568921
15 49 8766.664327
15 50 8854.759733
15 51 8942.855138
15 52 9030.950544
15 53 9119.045949
15 54 9207.141354
15 55 9295.236759
15 56 9383.332164
15 57 9471.427569
15 58 9559.522974
15 59 9647.618379
15 60 9735.713784
15 61 9823.809189
15 62 9911.904594
15 63 10000.000000
16 0 0.000000
16 1 8933.254620
16 2 5194.464702
16 3 4393.526026
16 4 4741.584466
16 5 4912.926227
16 6 4984.482299
16 7 5065.165303
16 8 5154.209298
16 9 5242.939045
16 10 5330.990322
16 11 5419.033286
16 12 5507.129650
16 13 5595.229289
16 14 5683.324855
16 15 5771.419962
16 16 5859.515370
16 17 5947.610828
16 18 6035.706265
16 19 6123.801696
16 20 6211.897128
16 21 6299.992559
16 22 6388.087990
16 23 6476.183419
16 24 6564.278848
16 25 6652.374276
16 26 6740.469702
16 27 6828.565128
16 28 6916.660553
16 29 7004.755976
16 30 7092.851399
16 31 7180.946820
16 32 7269.042241
16 33 7357.137660
16 34 7445.233079
16 35 7533.328497
16 36 7621.423914
16 37 7709.519330
16 38 7797.614745
16 39 7885.710160
16 40 7973.805574
16 41 8061.900988
16 42 8149.996401
16 43 8238.091813
16 44 8326.187225
16 45 8414.282637
16 46 8502.378048
16 47 8590.473459
16 48 8678.568869
16 49 8766.664279
16 50 8854.759689
16 51 8942.855098
16 52 9030.950507
16 53 9119.045916
16 54 9207.141325
16 55 9295.236734
16 56 9383.332142
16 57 9471.427551
16 58 9559.522959
16 59 9647.618367
16 60 9735.713775
16 61 9823.809184
16 62 9911.904592
16 63 10000.000000
17 0 0.000000
17 1 8933.253285
17 2 5194.464521
17 3 4393.525863
17 4 4741.584244
17 5 4912.925994
17 6 4984.482056
17 7 5065.165050
17 8 5154.209039
17 9 5242.938783
17 10 5330.990058
17 11 5419.033022
17 12 5507.129387
17 13 5595.229029
17 14 5683.324598
17 15 5771.419709
17 16 5859.515121
17 17 5947.610585
17 18 6035.706028
17 19 6123.801466
17 20 6211.896904
17 21 6299.992343
17 22 6388.087781
17 23 6476.183218
17 24 6564.278654
17 25 6652.374089
17 26 6740.469523
17 27 6828.564956
17 28 6916.660387
17 29 7004.755818
17 30 7092.851248
17 31 7180.946676
17 32 7269.042104
17 33 7357.137530
17 34 7445.232955
17 35 7533.328379
17 36 7621.423802
17 37 7709.519224
17 38 7797.614646
17 39 7885.710066
17 40 7973.805486
17 41 8061.900905
17 42 8149.996323
17 43 8238.091740
17 44 8326.187157
17 45 8414.282573
17 46 8502.377989
17 47 8590.473404
17 48 8678.568818
17 49 8766.664232
17 50 8854.759646
17 51 8942.855059
17 52 9030.950472
17 53 9119.045885
17 54 9207.141297
17 55 9295.236709
17 56 9383.332121
17 57 9471.427533
17 58 9559.522944
17 59 9647.618356
17 60 9735.713767
17 61 9823.809178
17 62 9911.904589
17 63 10000.000000
18 0 0.000000
18 1 8933.252043
18 2 5194.464360
18 3 4393.525716
18 4 4741.584039
18 5 4912.925779
18 6 4984.481830
18 7 5065.164815
18 8 5154.208798
18 9 5242.938538
18 10 5330.989811
18 11 5419.032775
18 12 5507.129140
18 13 5595.228784
18 14 5683.324356
18 15 5771.419471
18 16 5859.514888
18 17 5947.610356
18 18 6035.705805
18 19 6123.801248
18 20 6211.896693
18 21 6299.992138
18 22 6388.087582
18 23 6476.183026
18 24 6564.278469
18 25 6652.373911
18 26 6740.469352
18 27 6828.564791
18 28 6916.660230
18 29 7004.755667
18 30 7092.851104
18 31 7180.946539
18 32 7269.041972
18 33 7357.137405
18 34 7445.232836
18 35 7533.328266
18 36 7621.423695
18 37 7709.519123
18 38 7797.614550
18 39 7885.709976
18 40 7973.805401
18 41 8061.900824
18 42 8149.996247
18 43 8238.091669
18 44 8326.187091
18 45 8414.282511
18 46 8502.377931
18 47 8590.473350
18 48 8678.568769
18 49 8766.664187
18 50 8854.759604
18 51 8942.855021
18 52 9030.950438
18 53 9119.045854
18 54 9207.141269
18 55 9295.236685
18 56 9383.332100
18 57 9471.427515
18 58 9559.522930
18 59 9647.618344
18 60 9735.713759
18 61 9823.809173
18 62 9911.904587
18 63 10000.000000
19 0 0.000000
19 1 8933.250891
19 2 5194.464216
19 3 4393.525584
19 4 4741.583852
19 5 4912.925581
19 6 4984.481622
19 7 5065.164598
19 8 5154.208575
19 9 5242.938311
19 10 5330.989581
19 11 5419.032544
19 12 5507.128910
19 13 5595.228555
19 14 5683.324129
19 15 5771.419247
19 16 5859.514668
19 17 5947.610141
19 18 6035.705594
19 19 6123.801043
19 20 6211.896494
19 21 6299.991944
19 22 6388.087395
19 23 6476.182845
19 24 6564.278294
19 25 6652.373742
19 26 6740.469189
19 27 6828.564636
19 28 6916.660080
19 29 7004.755524
19 30 7092.850967
19 31 7180.946408
19 32 7269.041847
19 33 7357.137286
19 34 7445.232723
19 35 7533.328159
19 36 7621.423593
19 37 7709.519026
19 38 7797.614458
19 39 7885.709889
19 40 7973.805319
19 41 8061.900747
19 42 8149.996175
19 43 8238.091602
19 44 8326.187027
19 45 8414.282452
19 46 8502.377876
19 47 8590.473299
19 48 8678.568721
19 49 8766.664143
19 50 8854.759564
19 51 8942.854985
19 52 9030.950405
19 53 9119.045824
19 54 9207.141243
19 55 9295.236662
19 56 9383.332080
19 57 9471.427498
19 58 9559.522916
19 59 9647.618333
19 60 9735.713750
19 61 9823.809168
19 62 9911.904585
19 63 10000.000000
20 0 0.000000
20 1 8933.249829
20 2 5194.464087
20 3 4393.525464
20 4 4741.583681
20 5 4912.925400
20 6 4984.481430
20 7 5065.164397
20 8 5154.208368
20 9 5242.938100
20 10 5330.989368
20 11 5419.032330
20 12 5507.128696
20 13 5595.228342
20 14 5683.323918
20 15 5771.419039
20 16 5859.514463
20 17 5947.609940
20 18 6035.705398
20 19 6123.800851
20 20 6211.896307
20 21 6299.991763
20 22 6388.087219
20 23 6476.182675
20 24 6564.278130
20 25 6652.373584
20 26 6740.469037
20 27 6828.564489
20 28 6916.659940
20 29 7004.755389
20 30 7092.850837
20 31 7180.946284
20 32 7269.041729
20 33 7357.137173
20 34 7445.232616
20 35 7533.328057
20 36 7621.423496
20 37 7709.518935
20 38 7797.614371
20 39 7885.709807
20 40 7973.805241
20 41 8061.900674
20 42 8149.996106
20 43 8238.091537
20 44 8326.186967
20 45 8414.282396
20 46 8502.377823
20 47 8590.473250
20 48 8678.568676
20 49 8766.664101
20 50 8854.759526
20 51 8942.854950
20 52 9030.950373
20 53 9119.045796
20 54 9207.141218
20 55 9295.236639
20 56 9383.332061
20 57 9471.427482
20 58 9559.522902
20 59 9647.618323
20 60 9735.713743
20 61 9823.809163
20 62 9911.904583
20 63 10000.000000
21 0 0.000000
21 1 8933.248852
21 2 5194.463972
21 3 4393.525356
21 4 4741.583524
21 5 4912.925234
21 6 4984.481255
21 7 5065.164213
21 8 5154.208178
21 9 5242.937906
21 10 5330.989172
21 11 5419.032132
21 12 5507.128498
21 13 5595.228145
21 14 5683.323723
21 15 5771.418846
21 16 5859.514273
21 17 5947.609754
21 18 6035.705216
21 19 6123.800673
21 20 6211.896133
21 21 6299.991595
21 22 6388.087056
21 23 6476.182516
21 24 6564.277976
21 25 6652.373436
21 26 6740.468894
21 27 6828.564352
21 28 6916.659808
21 29 7004.755263
21 30 7092.850716
21 31 7180.946168
21 32 7269.041619
21 33 7357.137068
21 34 7445.232515
21 35 7533.327961
21 36 7621.423405
21 37 7709.518848
21 38 7797.614290
21 39 7885.709730
21 40 7973.805168
21 41 8061.900606
21 42 8149.996042
21 43 8238.091476
21 44 8326.186910
21 45 8414.282342
21 46 8502.377774
21 47 8590.473204
21 48 8678.568633
21 49 8766.664062
21 50 8854.759490
21 51 8942.854917
21 52 9030.950343
21 53 9119.045769
21 54 9207.141194
21 55 9295.236618
21 56 9383.332042
21 57 9471.427466
21 58 9559.522889
21 59 9647.618313
21 60 9735.713735
21 61 9823.809158
21 62 9911.904581
21 63 10000.000000
22 0 0.000000
22 1 8933.247961
22 2 5194.463869
22 3 4393.525259
22 4 4741.583382
22 5 4912.925083
22 6 4984.481095
22 7 5065.164045
22 8 5154.208005
22 9 5242.937729
22 10 5330.988991
22 11 5419.031950
22 12 5507.128316
22 13 5595.227964
22 14 5683.323543
22 15 5771.418669
22 16 5859.514098
22 17 5947.609582
22 18 6035.705047
22 19 6123.800509
22 20 6211.895973
22 21 6299.991439
22 22 6388.086904
22 23 6476.182370
22 24 6564.277835
22 25 6652.373299
22 26 6740.468763
22 27 6828.564225
22 28 6916.659686
22 29 7004.755146
22 30 7092.850604
22 31 7180.946061
22 32 7269.041516
22 33 7357.136970
22 34 7445.232422
22 35 7533.327872
22 36 7621.423321
22 37 7709.518768
22 38 7797.614213
22 39 7885.709658
22 40 7973.805100
22 41 8061.900541
22 42 8149.995981
22 43 8238.091419
22 44 8326.186857
22 45 8414.282292
22 46 8502.377727
22 47 8590.473161
22 48 8678.568593
22 49 8766.664025
22 50 8854.759456
22 51 8942.854886
22 52 9030.950315
22 53 9119.045743
22 54 9207.141171
22 55 9295.236598
22 56 9383.332025
22 57 9471.427452
22 58 9559.522878
22 59 9647.618303
22 60 9735.713729
22 61 9823.809154
22 62 9911.904579
22 63 10000.000000
23 0 0.000000
23 1 8933.247153
23 2 5194.463777
23 3 4393.525172
23 4 4741.583253
23 5 4912.924946
23 6 4984.480949
23 7 5065.163892
23 8 5154.207847
23 9 5242.937567
23 10 5330.988828
23 11 5419.031785
23 12 5507.128151
23 13 5595.227799
23 14 5683.323380
23 15 5771.418507
23 16 5859.513939
23 17 5947.609426
23 18 6035.704894
23 19 6123.800359
23 20 6211.895827
23 21 6299.991296
23 22 6388.086766
23 23 6476.182236
23 24 6564.277705
23 25 6652.373174
23 26 6740.468642
23 27 6828.564108
23 28 6916.659574
23 29 7004.755038
23 30 7092.850501
23 31 7180.945962
23 32 7269.041421
23 33 7357.136879
23 34 7445.232335
23 35 7533.327790
23 36 7621.423243
23 37 7709.518694
23 38 7797.614143
23 39 7885.709591
23 40 7973.805037
23 41 8061.900482
23 42 8149.995925
23 43 8238.091367
23 44 8326.186807
23 45 8414.282246
23 46 8502.377684
23 47 8590.473121
23 48 8678.568556
23 49 8766.663991
23 50 8854.759424
23 51 8942.854857
23 52 9030.950289
23 53 9119.045720
23 54 9207.141150
23 55 9295.236580
23 56 9383.332009
23 57 9471.427438
23 58 9559.522866
23 59 9647.618294
23 60 9735.713722
23 61 9823.809150
23 62 9911.904577
23 63 10000.000000
24 0 0.000000
24 1 8933.246429
24 2 5194.463695
24 3 4393.525093
24 4 4741.583137
24 5 4912.924823
24 6 4984.480818
24 7 5065.163755
24 8 5154.207704
24 9 5242.937422
24 10 5330.988680
24 11 5419.031636
24 12 5507.128001
24 13 5595.227650
24 14 5683.323232
24 15 5771.418361
24 16 5859.513795
24 17 5947.609284
24 18 6035.704755
24 19 6123.800223
24 20 6211.895695
24 21 6299.991167
24 22 6388.086641
24 23 6476.182114
24 24 6564.277587
24 25 6652.373060
24 26 6740.468532
24 27 6828.564003
24 28 6916.659472
24 29 7004.754940
24 30 7092.850407
24 31 7180.945872
24 32 7269.041335
24 33 7357.136797
24 34 7445.232257
24 35 7533.327715
24 36 7621.423172
24 37 7709.518626
24 38 7797.614079
24 39 7885.709530
24 40 7973.804980
24 41 8061.900428
24 42 8149.995874
24 43 8238.091319
24 44 8326.186762
24 45 8414.282204
24 46 8502.377645
24 47 8590.473084
24 48 8678.568522
24 49 8766.663960
24 50 8854.759396
24 51 8942.854831
24 52 9030.950265
24 53 9119.045699
24 54 9207.141131
24 55 9295.236563
24 56 9383.331995
24 57 9471.427426
24 58 9559.522856
24 59 9647.618286
24 60 9735.713716
24 61 9823.809146
24 62 9911.904576
24 63 10000.000000
25 0 0.000000
25 1 8933.245786
25 2 5194.463621
25 3 4393.525023
25 4 4741.583034
25 5 4912.924712
25 6 4984.480702
25 7 5065.163632
25 8 5154.207578
25 9 5242.937292
25 10 5330.988548
25 11 5419.031503
25 12 5507.127868
25 13 5595.227517
25 14 5683.323100
25 15 5771.418230
25 16 5859.513666
25 17 5947.609158
25 18 6035.704631
25 19 6123.800102
25 20 6211.895576
25 21 6299.991052
25 22 6388.086529
25 23 6476.182006
25 24 6564.277482
25 25 6652.372958
25 26 6740.468434
25 27 6828.563908
25 28 6916.659381
25 29 7004.754853
25 30 7092.850323
25 31 7180.945791
25 32 7269.041258
25 33 7357.136723
25 34 7445.232187
25 35 7533.327648
25 36 7621.423108
25 37 7709.518565
25 38 7797.614021
25 39 7885.709476
25 40 7973.804928
25 41 8061.900379
25 42 8149.995828
25 43 8238.091276
25 44 8326.186722
25 45 8414.282166
25 46 8502.377609
25 47 8590.473051
25 48 8678.568492
25 49 8766.663931
25 50 8854.759370
25 51 8942.854807
25 52 9030.950244
25 53 9119.045679
25 54 9207.141114
25 55 9295.236548
25 56 9383.331982
25 57 9471.427415
25 58 9559.522847
25 59 9647.618279
25 60 9735.713711
25 61 9823.809143
25 62 9911.904574
25 63 10000.000000
26 0 0.000000
26 1 8933.245224
26 2 5194.463554
26 3 4393.524961
26 4 4741.582942
26 5 4912.924615
26 6 4984.480599
26 7 5065.163524
26 8 5154.207466
26 9 5242.937178
26 10 5330.988432
26 11 5419.031387
26 12 5507.127751
26 13 5595.227401
26 14 5683.322984
26 15 5771.418116
26 16 5859.513553
26 17 5947.609047
26 18 6035.704522
26 19 6123.799996
26 20 6211.895472
26 21 6299.990951
26 22 6388.086430
26 23 6476.181910
26 24 6564.277390
26 25 6652.372869
26 26 6740.468347
26 27 6828.563825
26 28 6916.659301
26 29 7004.754776
26 30 7092.850249
26 31 7180.945720
26 32 7269.041190
26 33 7357.136658
26 34 7445.232125
26 35 7533.327589
26 36 7621.423051
26 37 7709.518512
26 38 7797.613971
26 39 7885.709427
26 40 7973.804882
26 41 8061.900336
26 42 8149.995787
26 43 8238.091237
26 44 8326.186686
26 45 8414.282133
26 46 8502.377578
26 47 8590.473022
26 48 8678.568465
26 49 8766.663906
26 50 8854.759347
26 51 8942.854786
26 52 9030.950224
26 53 9119.045662
26 54 9207.141099
26 55 9295.236535
26 56 9383.331970
26 57 9471.427405
26 58 9559.522839
26 59 9647.618273
26 60 9735.713706
26 61 9823.809140
26 62 9911.904573
26 63 10000.000000
27 0 0.000000
27 1 8933.244743
27 2 5194.463495
27 3 4393.524906
27 4 4741.582862
27 5 4912.924530
27 6 4984.480509
27 7 5065.163430
27 8 5154.207369
27 9 5242.937079
27 10 5330.988332
27 11 5419.031286
27 12 5507.127651
27 13 5595.227300
27 14 5683.322885
27 15 5771.418017
27 16 5859.513456
27 17 5947.608951
27 18 6035.704429
27 19 6123.799904
27 20 6211.895383
27 21 6299.990864
27 22 6388.086346
27 23 6476.181828
27 24 6564.277310
27 25 6652.372792
27 26 6740.468273
27 27 6828.563753
27 28 6916.659232
27 29 7004.754709
27 30 7092.850185
27 31 7180.945659
27 32 7269.041132
27 33 7357.136602
27 34 7445.232071
27 35 7533.327538
27 36 7621.423003
27 37 7709.518465
27 38 7797.613926
27 39 7885.709386
27 40 7973.804843
27 41 8061.900298
27 42 8149.995752
27 43 8238.091204
27 44 8326.186655
27 45 8414.282103
27 46 8502.377551
27 47 8590.472997
27 48 8678.568441
27 49 8766.663885
27 50 8854.759327
27 51 8942.854768
27 52 9030.950208
27 53 9119.045647
27 54 9207.141085
27 55 9295.236523
27 56 9383.331960
27 57 9471.427396
27 58 9559.522832
27 59 9647.618267
27 60 9735.713702
27 61 9823.809137
27 62 9911.904572
27 63 10000.000000
28 0 0.000000
28 1 8933.244342
28 2 5194.463441
28 3 4393.524858
28 4 4741.582793
28 5 4912.924458
28 6 4984.480433
28 7 5065.163350
28 8 5154.207287
28 9 5242.936996
28 10 5330.988248
28 11 5419.031202
28 12 5507.127566
28 13 5595.227216
28 14 5683.322801
28 15 5771.417935
28 16 5859.513375
28 17 5947.608871
28 18 6035.704350
28 19 6123.799827
28 20 6211.895308
28 21 6299.990791
28 22 6388.086275
28 23 6476.181759
28 24 6564.277244
28 25 6652.372727
28 26 6740.468211
28 27 6828.563693
28 28 6916.659174
28 29 7004.754654
28 30 7092.850132
28 31 7180.945608
28 32 7269.041083
28 33 7357.136555
28 34 7445.232026
28 35 7533.327495
28 36 7621.422962
28 37 7709.518427
28 38 7797.613890
28 39 7885.709351
28 40 7973.804810
28 41 8061.900267
28 42 8149.995723
28 43 8238.091176
28 44 8326.186628
28 45 8414.282079
28 46 8502.377528
28 47 8590.472975
28 48 8678.568421
28 49 8766.663866
28 50 8854.759310
28 51 8942.854752
28 52 9030.950194
28 53 9119.045634
28 54 9207.141074
28 55 9295.236513
28 56 9383.331951
28 57 9471.427389
28 58 9559.522826
28 59 9647.618262
28 60 9735.713699
28 61 9823.809135
28 62 9911.904571
28 63 10000.000000
29 0 0.000000
29 1 8933.244021
29 2 5194.463394
29 3 4393.524816
29 4 4741.582735
29 5 4912.924397
29 6 4984.480370
29 7 5065.163285
29 8 5154.207221
29 9 5242.936928
29 10 5330.988180
29 11 5419.031133
29 12 5507.127498
29 13 5595.227148
29 14 5683.322734
29 15 5771.417868
29 16 5859.513309
29 17 5947.608807
29 18 6035.704287
29 19 6123.799766
29 20 6211.895248
29 21 6299.990733
29 22 6388.086218
29 23 6476.181704
29 24 6564.277190
29 25 6652.372676
29 26 6740.468161
29 27 6828.563645
29 28 6916.659128
29 29 7004.754609
29 30 7092.850089
29 31 7180.945567
29 32 7269.041043
29 33 7357.136518
29 34 7445.231990
29 35 7533.327460
29 36 7621.422929
29 37 7709.518395
29 38 7797.613860
29 39 7885.709322
29 40 7973.804783
29 41 8061.900242
29 42 8149.995699
29 43 8238.091154
29 44 8326.186607
29 45 8414.282059
29 46 8502.377509
29 47 8590.472958
29 48 8678.568405
29 49 8766.663852
29 50 8854.759296
29 51 8942.854740
29 52 9030.950183
29 53 9119.045624
29 54 9207.141065
29 55 9295.236505
29 56 9383.331944
29 57 9471.427383
29 58 9559.522821
29 59 9647.618259
29 60 9735.713696
29 61 9823.809134
29 62 9911.904570
29 63 10000.000000
30 0 0.000000
30 1 8933.243780
30 2 5194.463352
30 3 4393.524780
30 4 4741.582688
30 5 4912.924348
30 6 4984.480320
30 7 5065.163233
30 8 5154.207168
30 9 5242.936876
30 10 5330.988127
30 11 5419.031080
30 12 5507.127445
30 13 5595.227096
30 14 5683.322683
30 15 5771.417818
30 16 5859.513260
30 17 5947.608759
30 18 6035.704240
30 19 6123.799720
30 20 6211.895203
30 21 6299.990689
30 22 6388.086176
30 23 6476.181663
30 24 6564.277150
30 25 6652.372637
30 26 6740.468123
30 27 6828.563609
30 28 6916.659093
30 29 7004.754576
30 30 7092.850057
30 31 7180.945536
30 32 7269.041014
30 33 7357.136489
30 34 7445.231963
30 35 7533.327435
30 36 7621.422904
30 37 7709.518372
30 38 7797.613838
30 39 7885.709301
30 40 7973.804763
30 41 8061.900223
30 42 8149.995681
30 43 8238.091137
30 44 8326.186591
30 45 8414.282044
30 46 8502.377495
30 47 8590.472945
30 48 8678.568393
30 49 8766.663840
30 50 8854.759286
30 51 8942.854731
30 52 9030.950174
30 53 9119.045616
30 54 9207.141058
30 55 9295.236499
30 56 9383.331939
30 57 9471.427378
30 58 9559.522817
30 59 9647.618256
30 60 9735.713694
30 61 9823.809132
30 62 9911.904570
30 63 10000.000000
31 0 0.000000
31 1 8933.243619
31 2 5194.463316
31 3 4393.524750
31 4 4741.582651
31 5 4912.924311
31 6 4984.480282
31 7 5065.163196
31 8 5154.207131
31 9 5242.936838
31 10 5330.988090
31 11 5419.031044
31 12 5507.127409
31 13 5595.227061
31 14 5683.322648
31 15 5771.417784
31 16 5859.513227
31 17 5947.608726
31 18 6035.704208
31 19 6123.799689
31 20 6211.895173
31 21 6299.990660
31 22 6388.086147
31 23 6476.181635
31 24 6564.277123
31 25 6652.372611
31 26 6740.468099
31 27 6828.563585
31 28 6916.659070
31 29 7004.754553
31 30 7092.850035
31 31 7180.945515
31 32 7269.040994
31 33 7357.136470
31 34 7445.231945
31 35 7533.327417
31 36 7621.422888
31 37 7709.518356
31 38 7797.613823
31 39 7885.709287
31 40 7973.804749
31 41 8061.900210
31 42 8149.995669
31 43 8238.091125
31 44 8326.186581
31 45 8414.282034
31 46 8502.377486
31 47 8590.472936
31 48 8678.568385
31 49 8766.663833
31 50 8854.759279
31 51 8942.854724
31 52 9030.950168
31 53 9119.045611
31 54 9207.141053
31 55 9295.236495
31 56 9383.331935
31 57 9471.427375
31 58 9559.522815
31 59 9647.618254
31 60 9735.713692
31 61 9823.809131
31 62 9911.904569
31 63 10000.000000
32 0 0.000000
32 1 8933.243537
32 2 5194.463285
32 3 4393.524727
32 4 4741.582626
32 5 4912.924286
32 6 4984.480258
32 7 5065.163172
32 8 5154.207108
32 9 5242.936816
32 10 5330.988069
32 11 5419.031023
32 12 5507.127389
32 13 5595.227042
32 14 5683.322629
32 15 5771.417766
32 16 5859.513209
32 17 5947.608709
32 18 6035.704192
32 19 6123.799673
32 20 6211.895158
32 21 6299.990645
32 22 6388.086133
32 23 6476.181622
32 24 6564.277110
32 25 6652.372599
32 26 6740.468086
32 27 6828.563573
32 28 6916.659058
32 29 7004.754542
32 30 7092.850025
32 31 7180.945505
32 32 7269.040984
32 33 7357.136461
32 34 7445.231936
32 35 7533.327409
32 36 7621.422879
32 37 7709.518348
32 38 7797.613815
32 39 7885.709280
32 40 7973.804743
32 41 8061.900203
32 42 8149.995662
32 43 8238.091120
32 44 8326.186575
32 45 8414.282029
32 46 8502.377481
32 47 8590.472932
32 48 8678.568381
32 49 8766.663829
32 50 8854.759275
32 51 8942.854721
32 52 9030.950165
32 53 9119.045608
32 54 9207.141051
32 55 9295.236493
32 56 9383.331933
32 57 9471.427374
32 58 9559.522813
32 59 9647.618253
32 60 9735.713692
32 61 9823.809131
32 62 9911.904569
32 63 10000.000000
33 0 0.000000
33 1 8933.243536
33 2 5194.463259
33 3 4393.524709
33 4 4741.582611
33 5 4912.924272
33 6 4984.480247
33 7 5065.163163
33 8 5154.207100
33 9 5242.936810
33 10 5330.988063
33 11 5419.031019
33 12 5507.127386
33 13 5595.227039
33 14 5683.322627
33 15 5771.417764
33 16 5859.513208
33 17 5947.608708
33 18 6035.704191
33 19 6123.799672
33 20 6211.895157
33 21 6299.990645
33 22 6388.086133
33 23 6476.181622
33 24 6564.277110
33 25 6652.372599
33 26 6740.468086
33 27 6828.563573
33 28 6916.659059
33 29 7004.754543
33 30 7092.850025
33 31 7180.945505
33 32 7269.040984
33 33 7357.136461
33 34 7445.231936
33 35 7533.327409
33 36 7621.422880
33 37 7709.518348
33 38 7797.613815
33 39 7885.709280
33 40 7973.804742
33 41 8061.900203
33 42 8149.995662
33 43 8238.091119
33 44 8326.186575
33 45 8414.282029
33 46 8502.377481
33 47 8590.472931
33 48 8678.568381
33 49 8766.663829
33 50 8854.759275
33 51 8942.854721
33 52 9030.950165
33 53 9119.045608
33 54 9207.141051
33 55 9295.236492
33 56 9383.331933
33 57 9471.427374
33 58 9559.522813
33 59 9647.618253
33 60 9735.713692
33 61 9823.809131
33 62 9911.904569
33 63 10000.000000
34 0 0.000000
34 1 8933.243615
34 2 5194.463238
34 3 4393.524698
34 4 4741.582607
34 5 4912.924271
34 6 4984.480249
34 7 5065.163168
34 8 5154.207107
34 9 5242.936818
34 10 5330.988074
34 11 5419.031030
34 12 5507.127398
34 13 5595.227052
34 14 5683.322641
34 15 5771.417778
34 16 5859.513222
34 17 5947.608723
34 18 6035.704206
34 19 6123.799687
34 20 6211.895172
34 21 6299.990659
34 22 6388.086147
34 23 6476.181636
34 24 6564.277124
34 25 6652.372612
34 26 6740.468099
34 27 6828.563585
34 28 6916.659070
34 29 7004.754554
34 30 7092.850036
34 31 7180.945516
34 32 7269.040994
34 33 7357.136471
34 34 7445.231945
34 35 7533.327417
34 36 7621.422888
34 37 7709.518356
34 38 7797.613822
34 39 7885.709287
34 40 7973.804749
34 41 8061.900209
34 42 8149.995668
34 43 8238.091125
34 44 8326.186580
34 45 8414.282033
34 46 8502.377485
34 47 8590.472935
34 48 8678.568384
34 49 8766.663832
34 50 8854.759278
34 51 8942.854723
34 52 9030.950167
34 53 9119.045611
34 54 9207.141053
34 55 9295.236494
34 56 9383.331935
34 57 9471.427375
34 58 9559.522814
34 59 9647.618253
34 60 9735.713692
34 61 9823.809131
34 62 9911.904569
34 63 10000.000000
35 0 0.000000
35 1 8933.243774
35 2 5194.463224
35 3 4393.524693
35 4 4741.582614
35 5 4912.924282
35 6 4984.480264
35 7 5065.163187
35 8 5154.207129
35 9 5242.936843
35 10 5330.988100
35 11 5419.031058
35 12 5507.127427
35 13 5595.227082
35 14 5683.322671
35 15 5771.417809
35 16 5859.513253
35 17 5947.608753
35 18 6035.704236
35 19 6123.799717
35 20 6211.895202
35 21 6299.990688
35 22 6388.086176
35 23 6476.181663
35 24 6564.277151
35 25 6652.372638
35 26 6740.468125
35 27 6828.563610
35 28 6916.659094
35 29 7004.754577
35 30 7092.850058
35 31 7180.945537
35 32 7269.041014
35 33 7357.136490
35 34 7445.231963
35 35 7533.327435
35 36 7621.422904
35 37 7709.518372
35 38 7797.613837
35 39 7885.709301
35 40 7973.804762
35 41 8061.900222
35 42 8149.995680
35 43 8238.091136
35 44 8326.186590
35 45 8414.282043
35 46 8502.377494
35 47 8590.472944
35 48 8678.568392
35 49 8766.663839
35 50 8854.759285
35 51 8942.854729
35 52 9030.950173
35 53 9119.045615
35 54 9207.141057
35 55 9295.236498
35 56 9383.331938
35 57 9471.427378
35 58 9559.522817
35 59 9647.618255
35 60 9735.713693
35 61 9823.809132
35 62 9911.904570
35 63 10000.000000
36 0 0.000000
36 1 8933.244014
36 2 5194.463216
36 3 4393.524695
36 4 4741.582632
36 5 4912.924304
36 6 4984.480292
36 7 5065.163220
36 8 5154.207166
36 9 5242.936883
36 10 5330.988142
36 11 5419.031102
36 12 5507.127472
36 13 5595.227128
36 14 5683.322718
36 15 5771.417856
36 16 5859.513300
36 17 5947.608800
36 18 6035.704282
36 19 6123.799763
36 20 6211.895246
36 21 6299.990732
36 22 6388.086218
36 23 6476.181705
36 24 6564.277191
36 25 6652.372677
36 26 6740.468162
36 27 6828.563646
36 28 6916.659129
36 29 7004.754611
36 30 7092.850090
36 31 7180.945568
36 32 7269.041044
36 33 7357.136518
36 34 7445.231990
36 35 7533.327461
36 36 7621.422929
36 37 7709.518395
36 38 7797.613859
36 39 7885.709321
36 40 7973.804782
36 41 8061.900240
36 42 8149.995697
36 43 8238.091152
36 44 8326.186605
36 45 8414.282057
36 46 8502.377507
36 47 8590.472956
36 48 8678.568403
36 49 8766.663849
36 50 8854.759294
36 51 8942.854738
36 52 9030.950181
36 53 9119.045622
36 54 9207.141063
36 55 9295.236503
36 56 9383.331943
36 57 9471.427382
36 58 9559.522820
36 59 9647.618258
36 60 9735.713695
36 61 9823.809133
36 62 9911.904570
36 63 10000.000000
37 0 0.000000
37 1 8933.244334
37 2 5194.463215
37 3 4393.524704
37 4 4741.582663
37 5 4912.924340
37 6 4984.480334
37 7 5065.163268
37 8 5154.207218
37 9 5242.936938
37 10 5330.988200
37 11 5419.031162
37 12 5507.127534
37 13 5595.227190
37 14 5683.322781
37 15 5771.417919
37 16 5859.513363
37 17 5947.608862
37 18 6035.704344
37 19 6123.799823
37 20 6211.895306
37 21 6299.990790
37 22 6388.086275
37 23 6476.181760
37 24 6564.277245
37 25 6652.372729
37 26 6740.468213
37 27 6828.563695
37 28 6916.659176
37 29 7004.754655
37 30 7092.850133
37 31 7180.945609
37 32 7269.041084
37 33 7357.136556
37 34 7445.232026
37 35 7533.327495
37 36 7621.422961
37 37 7709.518426
37 38 7797.613888
37 39 7885.709349
37 40 7973.804808
37 41 8061.900265
37 42 8149.995720
37 43 8238.091174
37 44 8326.186626
37 45 8414.282076
37 46 8502.377525
37 47 8590.472973
37 48 8678.568419
37 49 8766.663863
37 50 8854.759307
37 51 8942.854750
37 52 9030.950191
37 53 9119.045632
37 54 9207.141072
37 55 9295.236511
37 56 9383.331949
37 57 9471.427387
37 58 9559.522824
37 59 9647.618261
37 60 9735.713698
37 61 9823.809135
37 62 9911.904571
37 63 10000.000000
38 0 0.000000
38 1 8933.244737
38 2 5194.463221
38 3 4393.524721
38 4 4741.582705
38 5 4912.924388
38 6 4984.480390
38 7 5065.163330
38 8 5154.207286
38 9 5242.937010
38 10 5330.988275
38 11 5419.031239
38 12 5507.127612
38 13 5595.227269
38 14 5683.322860
38 15 5771.417998
38 16 5859.513442
38 17 5947.608940
38 18 6035.704421
38 19 6123.799899
38 20 6211.895380
38 21 6299.990863
38 22 6388.086346
38 23 6476.181829
38 24 6564.277311
38 25 6652.372794
38 26 6740.468275
38 27 6828.563755
38 28 6916.659234
38 29 7004.754711
38 30 7092.850187
38 31 7180.945660
38 32 7269.041132
38 33 7357.136603
38 34 7445.232071
38 35 7533.327537
38 36 7621.423002
38 37 7709.518464
38 38 7797.613925
38 39 7885.709384
38 40 7973.804840
38 41 8061.900296
38 42 8149.995749
38 43 8238.091201
38 44 8326.186651
38 45 8414.282100
38 46 8502.377547
38 47 8590.472993
38 48 8678.568438
38 49 8766.663881
38 50 8854.759323
38 51 8942.854764
38 52 9030.950205
38 53 9119.045644
38 54 9207.141082
38 55 9295.236520
38 56 9383.331957
38 57 9471.427394
38 58 9559.522830
38 59 9647.618266
38 60 9735.713701
38 61 9823.809137
38 62 9911.904572
38 63 10000.000000
39 0 0.000000
39 1 8933.245222
39 2 5194.463236
39 3 4393.524746
39 4 4741.582759
39 5 4912.924450
39 6 4984.480460
39 7 5065.163408
39 8 5154.207369
39 9 5242.937097
39 10 5330.988365
39 11 5419.031332
39 12 5507.127707
39 13 5595.227365
39 14 5683.322956
39 15 5771.418094
39 16 5859.513536
39 17 5947.609034
39 18 6035.704513
39 19 6123.799990
39 20 6211.895469
39 21 6299.990949
39 22 6388.086430
39 23 6476.181911
39 24 6564.277391
39 25 6652.372871
39 26 6740.468349
39 27 6828.563827
39 28 6916.659303
39 29 7004.754777
39 30 7092.850250
39 31 7180.945721
39 32 7269.041191
39 33 7357.136658
39 34 7445.232124
39 35 7533.327588
39 36 7621.423050
39 37 7709.518510
39 38 7797.613968
39 39 7885.709424
39 40 7973.804879
39 41 8061.900332
39 42 8149.995783
39 43 8238.091233
39 44 8326.186681
39 45 8414.282128
39 46 8502.377573
39 47 8590.473017
39 48 8678.568460
39 49 8766.663902
39 50 8854.759342
39 51 8942.854782
39 52 9030.950220
39 53 9119.045658
39 54 9207.141095
39 55 9295.236531
39 56 9383.331967
39 57 9471.427402
39 58 9559.522837
39 59 9647.618271
39 60 9735.713705
39 61 9823.809139
39 62 9911.904573
39 63 10000.000000
40 0 0.000000
40 1 8933.245791
40 2 5194.463260
40 3 4393.524780
40 4 4741.582827
40 5 4912.924526
40 6 4984.480545
40 7 5065.163501
40 8 5154.207468
40 9 5242.937201
40 10 5330.988473
40 11 5419.031442
40 12 5507.127818
40 13 5595.227477
40 14 5683.323068
40 15 5771.418205
40 16 5859.513647
40 17 5947.609143
40 18 6035.704621
40 19 6123.800095
40 20 6211.895572
40 21 6299.991050
40 22 6388.086528
40 23 6476.182006
40 24 6564.277483
40 25 6652.372960
40 26 6740.468435
40 27 6828.563910
40 28 6916.659383
40 29 7004.754854
40 30 7092.850324
40 31 7180.945792
40 32 7269.041258
40 33 7357.136723
40 34 7445.232185
40 35 7533.327646
40 36 7621.423105
40 37 7709.518562
40 38 7797.614018
40 39 7885.709472
40 40 7973.804924
40 41 8061.900374
40 42 8149.995823
40 43 8238.091270
40 44 8326.186716
40 45 8414.282160
40 46 8502.377603
40 47 8590.473045
40 48 8678.568486
40 49 8766.663926
40 50 8854.759364
40 51 8942.854802
40 52 9030.950238
40 53 9119.045674
40 54 9207.141109
40 55 9295.236544
40 56 9383.331978
40 57 9471.427411
40 58 9559.522844
40 59 9647.618277
40 60 9735.713709
40 61 9823.809142
40 62 9911.904574
40 63 10000.000000
41 0 0.000000
41 1 8933.246443
41 2 5194.463294
41 3 4393.524824
41 4 4741.582908
41 5 4912.924615
41 6 4984.480645
41 7 5065.163610
41 8 5154.207584
41 9 5242.937321
41 10 5330.988597
41 11 5419.031568
41 12 5507.127946
41 13 5595.227605
41 14 5683.323197
41 15 5771.418333
41 16 5859.513774
41 17 5947.609268
41 18 6035.704744
41 19 6123.800215
41 20 6211.895690
41 21 6299.991165
41 22 6388.086640
41 23 6476.182114
41 24 6564.277588
41 25 6652.373061
41 26 6740.468533
41 27 6828.564004
41 28 6916.659473
41 29 7004.754941
41 30 7092.850407
41 31 7180.945872
41 32 7269.041334
41 33 7357.136795
41 34 7445.232255
41 35 7533.327712
41 36 7621.423168
41 37 7709.518622
41 38 7797.614074
41 39 7885.709525
41 40 7973.804974
41 41 8061.900421
41 42 8149.995867
41 43 8238.091312
41 44 8326.186755
41 45 8414.282197
41 46 8502.377637
41 47 8590.473077
41 48 8678.568515
41 49 8766.663952
41 50 8854.759389
41 51 8942.854824
41 52 9030.950259
41 53 9119.045693
41 54 9207.141126
41 55 9295.236558
41 56 9383.331990
41 57 9471.427422
41 58 9559.522853
41 59 9647.618284
41 60 9735.713714
41 61 9823.809145
41 62 9911.904575
41 63 10000.000000
42 0 0.000000
42 1 8933.247182
42 2 5194.463341
42 3 4393.524878
42 4 4741.583003
42 5 4912.924720
42 6 4984.480761
42 7 5065.163735
42 8 5154.207715
42 9 5242.937458
42 10 5330.988737
42 11 5419.031711
42 12 5507.128091
42 13 5595.227751
42 14 5683.323341
42 15 5771.418477
42 16 5859.513916
42 17 5947.609409
42 18 6035.704881
42 19 6123.800350
42 20 6211.895821
42 21 6299.991293
42 22 6388.086764
42 23 6476.182235
42 24 6564.277705
42 25 6652.373174
42 26 6740.468642
42 27 6828.564109
42 28 6916.659574
42 29 7004.755038
42 30 7092.850500
42 31 7180.945960
42 32 7269.041419
42 33 7357.136876
42 34 7445.232331
42 35 7533.327785
42 36 7621.423237
42 37 7709.518688
42 38 7797.614136
42 39 7885.709584
42 40 7973.805029
42 41 8061.900474
42 42 8149.995916
42 43 8238.091358
42 44 8326.186798
42 45 8414.282237
42 46 8502.377675
42 47 8590.473112
42 48 8678.568547
42 49 8766.663982
42 50 8854.759416
42 51 8942.854849
42 52 9030.950281
42 53 9119.045713
42 54 9207.141144
42 55 9295.236574
42 56 9383.332004
42 57 9471.427434
42 58 9559.522863
42 59 9647.618291
42 60 9735.713720
42 61 9823.809149
42 62 9911.904577
42 63 10000.000000
43 0 0.000000
43 1 8933.248007
43 2 5194.463401
43 3 4393.524944
43 4 4741.583114
43 5 4912.924841
43 6 4984.480893
43 7 5065.163877
43 8 5154.207864
43 9 5242.937612
43 10 5330.988895
43 11 5419.031871
43 12 5507.128252
43 13 5595.227912
43 14 5683.323503
43 15 5771.418637
43 16 5859.514074
43 17 5947.609564
43 18 6035.705034
43 19 6123.800499
43 20 6211.895967
43 21 6299.991434
43 22 6388.086902
43 23 6476.182368
43 24 6564.277834
43 25 6652.373299
43 26 6740.468762
43 27 6828.564224
43 28 6916.659685
43 29 7004.755144
43 30 7092.850601
43 31 7180.946057
43 32 7269.041512
43 33 7357.136965
43 34 7445.232416
43 35 7533.327865
43 36 7621.423313
43 37 7709.518760
43 38 7797.614205
43 39 7885.709648
43 40 7973.805090
43 41 8061.900531
43 42 8149.995970
43 43 8238.091408
43 44 8326.186845
43 45 8414.282281
43 46 8502.377716
43 47 8590.473150
43 48 8678.568583
43 49 8766.664015
43 50 8854.759446
43 51 8942.854876
43 52 9030.950306
43 53 9119.045735
43 54 9207.141163
43 55 9295.236591
43 56 9383.332019
43 57 9471.427446
43 58 9559.522873
43 59 9647.618299
43 60 9735.713726
43 61 9823.809152
43 62 9911.904578
43 63 10000.000000
44 0 0.000000
44 1 8933.248920
44 2 5194.463476
44 3 4393.525023
44 4 4741.583240
44 5 4912.924978
44 6 4984.481041
44 7 5065.164036
44 8 5154.208030
44 9 5242.937783
44 10 5330.989070
44 11 5419.032049
44 12 5507.128430
44 13 5595.228091
44 14 5683.323680
44 15 5771.418812
44 16 5859.514247
44 17 5947.609734
44 18 6035.705201
44 19 6123.800663
44 20 6211.896126
44 21 6299.991589
44 22 6388.087052
44 23 6476.182514
44 24 6564.277974
44 25 6652.373434
44 26 6740.468892
44 27 6828.564349
44 28 6916.659805
44 29 7004.755259
44 30 7092.850712
44 31 7180.946163
44 32 7269.041612
44 33 7357.137060
44 34 7445.232507
44 35 7533.327952
44 36 7621.423395
44 37 7709.518838
44 38 7797.614278
44 39 7885.709718
44 40 7973.805156
44 41 8061.900593
44 42 8149.996028
44 43 8238.091463
44 44 8326.186896
44 45 8414.282329
44 46 8502.377760
44 47 8590.473191
44 48 8678.568620
44 49 8766.664049
44 50 8854.759478
44 51 8942.854905
44 52 9030.950332
44 53 9119.045759
44 54 9207.141184
44 55 9295.236610
44 56 9383.332035
44 57 9471.427460
44 58 9559.522884
44 59 9647.618308
44 60 9735.713732
44 61 9823.809156
44 62 9911.904580
44 63 10000.000000
45 0 0.000000
45 1 8933.249925
45 2 5194.463567
45 3 4393.525115
45 4 4741.583383
45 5 4912.925132
45 6 4984.481208
45 7 5065.164212
45 8 5154.208214
45 9 5242.937972
45 10 5330.989263
45 11 5419.032243
45 12 5507.128626
45 13 5595.228286
45 14 5683.323874
45 15 5771.419004
45 16 5859.514436
45 17 5947.609920
45 18 6035.705382
45 19 6123.800840
45 20 6211.896298
45 21 6299.991756
45 22 6388.087214
45 23 6476.182670
45 24 6564.278126
45 25 6652.373580
45 26 6740.469033
45 27 6828.564484
45 28 6916.659934
45 29 7004.755383
45 30 7092.850830
45 31 7180.946276
45 32 7269.041720
45 33 7357.137163
45 34 7445.232605
45 35 7533.328045
45 36 7621.423483
45 37 7709.518921
45 38 7797.614357
45 39 7885.709792
45 40 7973.805226
45 41 8061.900658
45 42 8149.996090
45 43 8238.091521
45 44 8326.186950
45 45 8414.282379
45 46 8502.377807
45 47 8590.473234
45 48 8678.568661
45 49 8766.664086
45 50 8854.759512
45 51 8942.854936
45 52 9030.950360
45 53 9119.045784
45 54 9207.141207
45 55 9295.236630
45 56 9383.332052
45 57 9471.427474
45 58 9559.522896
45 59 9647.618318
45 60 9735.713739
45 61 9823.809161
45 62 9911.904582
45 63 10000.000000
46 0 0.000000
46 1 8933.251022
46 2 5194.463677
46 3 4393.525223
46 4 4741.583544
46 5 4912.925305
46 6 4984.481392
46 7 5065.164407
46 8 5154.208416
46 9 5242.938179
46 10 5330.989473
46 11 5419.032455
46 12 5507.128838
46 13 5595.228497
46 14 5683.324083
46 15 5771.419211
46 16 5859.514639
46 17 5947.610119
46 18 6035.705577
46 19 6123.801030
46 20 6211.896483
46 21 6299.991936
46 22 6388.087388
46 23 6476.182838
46 24 6564.278288
46 25 6652.373736
46 26 6740.469183
46 27 6828.564628
46 28 6916.660072
46 29 7004.755515
46 30 7092.850956
46 31 7180.946396
46 32 7269.041835
46 33 7357.137272
46 34 7445.232708
46 35 7533.328143
46 36 7621.423576
46 37 7709.519009
46 38 7797.614440
46 39 7885.709870
46 40 7973.805299
46 41 8061.900728
46 42 8149.996155
46 43 8238.091582
46 44 8326.187007
46 45 8414.282432
46 46 8502.377856
46 47 8590.473280
46 48 8678.568703
46 49 8766.664125
46 50 8854.759547
46 51 8942.854969
46 52 9030.950389
46 53 9119.045810
46 54 9207.141230
46 55 9295.236650
46 56 9383.332070
46 57 9471.427489
46 58 9559.522908
46 59 9647.618327
46 60 9735.713746
46 61 9823.809165
46 62 9911.904584
46 63 10000.000000
47 0 0.000000
47 1 8933.252215
47 2 5194.463808
47 3 4393.525348
47 4 4741.583725
47 5 4912.925496
47 6 4984.481596
47 7 5065.164621
47 8 5154.208636
47 9 5242.938404
47 10 5330.989701
47 11 5419.032685
47 12 5507.129067
47 13 5595.228725
47 14 5683.324309
47 15 5771.419433
47 16 5859.514858
47 17 5947.610333
47 18 6035.705786
47 19 6123.801233
47 20 6211.896681
47 21 6299.992127
47 22 6388.087573
47 23 6476.183017
47 24 6564.278460
47 25 6652.373902
47 26 6740.469342
47 27 6828.564781
47 28 6916.660218
47 29 7004.755655
47 30 7092.851089
47 31 7180.946523
47 32 7269.041956
47 33 7357.137387
47 34 7445.232817
47 35 7533.328246
47 36 7621.423674
47 37 7709.519101
47 38 7797.614527
47 39 7885.709953
47 40 7973.805377
47 41 8061.900800
47 42 8149.996223
47 43 8238.091645
47 44 8326.187067
47 45 8414.282488
47 46 8502.377908
47 47 8590.473328
47 48 8678.568747
47 49 8766.664166
47 50 8854.759584
47 51 8942.855002
47 52 9030.950420
47 53 9119.045837
47 54 9207.141255
47 55 9295.236672
47 56 9383.332088
47 57 9471.427505
47 58 9559.522921
47 59 9647.618337
47 60 9735.713754
47 61 9823.809170
47 62 9911.904586
47 63 10000.000000
48 0 0.000000
48 1 8933.253506
48 2 5194.463963
48 3 4393.525491
48 4 4741.583926
48 5 4912.925709
48 6 4984.481819
48 7 5065.164854
48 8 5154.208876
48 9 5242.938648
48 10 5330.989947
48 11 5419.032932
48 12 5507.129314
48 13 5595.228970
48 14 5683.324550
48 15 5771.419671
48 16 5859.515091
48 17 5947.610561
48 18 6035.706008
48 19 6123.801449
48 20 6211.896890
48 21 6299.992330
48 22 6388.087769
48 23 6476.183206
48 24 6564.278642
48 25 6652.374076
48 26 6740.469509
48 27 6828.564941
48 28 6916.660372
48 29 7004.755801
48 30 7092.851229
48 31 7180.946656
48 32 7269.042082
48 33 7357.137507
48 34 7445.232931
48 35 7533.328354
48 36 7621.423776
48 37 7709.519198
48 38 7797.614618
48 39 7885.710038
48 40 7973.805457
48 41 8061.900876
48 42 8149.996294
48 43 8238.091712
48 44 8326.187129
48 45 8414.282545
48 46 8502.377961
48 47 8590.473377
48 48 8678.568793
48 49 8766.664208
48 50 8854.759623
48 51 8942.855037
48 52 9030.950452
48 53 9119.045866
48 54 9207.141280
48 55 9295.236694
48 56 9383.332107
48 57 9471.427521
48 58 9559.522934
48 59 9647.618348
48 60 9735.713761
48 61 9823.809174
48 62 9911.904588
48 63 10000.000000
49 0 0.000000
49 1 8933.254900
49 2 5194.464143
49 3 4393.525654
49 4 4741.584149
49 5 4912.925943
49 6 4984.482064
49 7 5065.165108
49 8 5154.209136
49 9 5242.938912
49 10 5330.990212
49 11 5419.033197
49 12 5507.129577
49 13 5595.229230
49 14 5683.324807
49 15 5771.419923
49 16 5859.515338
49 17 5947.610802
49 18 6035.706243
49 19 6123.801677
49 20 6211.897111
49 21 6299.992543
49 22 6388.087974
49 23 6476.183404
49 24 6564.278832
49 25 6652.374259
49 26 6740.469684
49 27 6828.565108
49 28 6916.660531
49 29 7004.755953
49 30 7092.851374
49 31 7180.946794
49 32 7269.042213
49 33 7357.137631
49 34 7445.233049
49 35 7533.328466
49 36 7621.423882
49 37 7709.519297
49 38 7797.614712
49 39 7885.710126
49 40 7973.805540
49 41 8061.900954
49 42 8149.996367
49 43 8238.091779
49 44 8326.187192
49 45 8414.282604
49 46 8502.378016
49 47 8590.473428
49 48 8678.568839
49 49 8766.664251
49 50 8854.759662
49 51 8942.855073
49 52 9030.950484
49 53 9119.045895
49 54 9207.141305
49 55 9295.236716
49 56 9383.332127
49 57 9471.427537
49 58 9559.522948
49 59 9647.618358
49 60 9735.713769
49 61 9823.809179
49 62 9911.904590
49 63 10000.000000
50 0 0.000000
50 1 8933.256401
50 2 5194.464352
50 3 4393.525838
50 4 4741.584395
50 5 4912.926200
50 6 4984.482331
50 7 5065.165383
50 8 5154.209416
50 9 5242.939194
50 10 5330.990496
50 11 5419.033479
50 12 5507.129858
50 13 5595.229507
50 14 5683.325080
50 15 5771.420190
50 16 5859.515599
50 17 5947.611056
50 18 6035.706490
50 19 6123.801916
50 20 6211.897342
50 21 6299.992766
50 22 6388.088189
50 23 6476.183611
50 24 6564.279030
50 25 6652.374449
50 26 6740.469866
50 27 6828.565282
50 28 6916.660697
50 29 7004.756111
50 30 7092.851524
50 31 7180.946937
50 32 7269.042349
50 33 7357.137760
50 34 7445.233170
50 35 7533.328580
50 36 7621.423990
50 37 7709.519399
50 38 7797.614808
50 39 7885.710216
50 40 7973.805625
50 41 8061.901033
50 42 8149.996441
50 43 8238.091849
50 44 8326.187256
50 45 8414.282664
50 46 8502.378072
50 47 8590.473479
50 48 8678.568887
50 49 8766.664294
50 50 8854.759701
50 51 8942.855109
50 52 9030.950516
50 53 9119.045924
50 54 9207.141331
50 55 9295.236739
50 56 9383.332146
50 57 9471.427554
50 58 9559.522961
50 59 9647.618369
50 60 9735.713777
50 61 9823.809184
50 62 9911.904592
50 63 10000.000000
51 0 0.000000
51 1 8933.258012
51 2 5194.464592
51 3 4393.526047
51 4 4741.584666
51 5 4912.926481
51 6 4984.482621
51 7 5065.165681
51 8 5154.209717
51 9 5242.939497
51 10 5330.990799
51 11 5419.033780
51 12 5507.130155
51 13 5595.229800
51 14 5683.325367
51 15 5771.420471
51 16 5859.515873
51 17 5947.611322
51 18 6035.706748
51 19 6123.802166
51 20 6211.897583
51 21 6299.992999
51 22 6388.088413
51 23 6476.183825
51 24 6564.279236
51 25 6652.374645
51 26 6740.470054
51 27 6828.565461
51 28 6916.660868
51 29 7004.756273
51 30 7092.851678
51 31 7180.947083
51 32 7269.042487
51 33 7357.137891
51 34 7445.233294
51 35 7533.328697
51 36 7621.424100
51 37 7709.519503
51 38 7797.614905
51 39 7885.710308
51 40 7973.805711
51 41 8061.901113
51 42 8149.996516
51 43 8238.091919
51 44 8326.187322
51 45 8414.282725
51 46 8502.378128
51 47 8590.473531
51 48 8678.568934
51 49 8766.664338
51 50 8854.759741
51 51 8942.855145
51 52 9030.950549
51 53 9119.045953
51 54 9207.141357
51 55 9295.236762
51 56 9383.332166
51 57 9471.427571
51 58 9559.522975
51 59 9647.618380
51 60 9735.713784
51 61 9823.809189
51 62 9911.904594
51 63 10000.000000
52 0 0.000000
52 1 8933.259741
52 2 5194.464867
52 3 4393.526281
52 4 4741.584965
52 5 4912.926789
52 6 4984.482936
52 7 5065.166002
52 8 5154.210041
52 9 5242.939821
52 10 5330.991121
52 11 5419.034099
52 12 5507.130470
52 13 5595.230109
52 14 5683.325670
52 15 5771.420766
52 16 5859.516160
52 17 5947.611600
52 18 6035.707017
52 19 6123.802426
52 20 6211.897833
52 21 6299.993239
52 22 6388.088644
52 23 6476.184046
52 24 6564.279447
52 25 6652.374847
52 26 6740.470246
52 27 6828.565645
52 28 6916.661042
52 29 7004.756439
52 30 7092.851836
52 31 7180.947232
52 32 7269.042628
52 33 7357.138024
52 34 7445.233420
52 35 7533.328815
52 36 7621.424211
52 37 7709.519607
52 38 7797.615004
52 39 7885.710400
52 40 7973.805797
52 41 8061.901194
52 42 8149.996591
52 43 8238.091989
52 44 8326.187387
52 45 8414.282785
52 46 8502.378184
52 47 8590.473582
52 48 8678.568982
52 49 8766.664381
52 50 8854.759781
52 51 8942.855181
52 52 9030.950582
52 53 9119.045982
52 54 9207.141383
52 55 9295.236784
52 56 9383.332186
52 57 9471.427587
52 58 9559.522989
52 59 9647.618390
52 60 9735.713792
52 61 9823.809194
52 62 9911.904596
52 63 10000.000000
53 0 0.000000
53 1 8933.261592
53 2 5194.465180
53 3 4393.526544
53 4 4741.585292
53 5 4912.927124
53 6 4984.483277
53 7 5065.166347
53 8 5154.210387
53 9 5242.940166
53 10 5330.991463
53 11 5419.034437
53 12 5507.130801
53 13 5595.230434
53 14 5683.325986
53 15 5771.421074
53 16 5859.516458
53 17 5947.611890
53 18 6035.707296
53 19 6123.802694
53 20 6211.898092
53 21 6299.993487
53 22 6388.088881
53 23 6476.184273
53 24 6564.279664
53 25 6652.375054
53 26 6740.470443
53 27 6828.565831
53 28 6916.661219
53 29 7004.756607
53 30 7092.851995
53 31 7180.947382
53 32 7269.042770
53 33 7357.138158
53 34 7445.233546
53 35 7533.328934
53 36 7621.424323
53 37 7709.519712
53 38 7797.615102
53 39 7885.710492
53 40 7973.805883
53 41 8061.901274
53 42 8149.996666
53 43 8238.092058
53 44 8326.187451
53 45 8414.282845
53 46 8502.378239
53 47 8590.473633
53 48 8678.569029
53 49 8766.664424
53 50 8854.759820
53 51 8942.855217
53 52 9030.950614
53 53 9119.046011
53 54 9207.141408
53 55 9295.236806
53 56 9383.332205
53 57 9471.427603
53 58 9559.523002
53 59 9647.618401
53 60 9735.713800
53 61 9823.809199
53 62 9911.904598
53 63 10000.000000
54 0 0.000000
54 1 8933.263571
54 2 5194.465535
54 3 4393.526837
54 4 4741.585651
54 5 4912.927490
54 6 4984.483645
54 7 5065.166717
54 8 5154.210756
54 9 5242.940533
54 10 5330.991825
54 11 5419.034793
54 12 5507.131150
54 13 5595.230774
54 14 5683.326317
54 15 5771.421395
54 16 5859.516769
54 17 5947.612189
54 18 6035.707584
54 19 6123.802971
54 20 6211.898357
54 21 6299.993741
54 22 6388.089124
54 23 6476.184505
54 24 6564.279884
54 25 6652.375263
54 26 6740.470642
54 27 6828.566020
54 28 6916.661398
54 29 7004.756776
54 30 7092.852154
54 31 7180.947533
54 32 7269.042912
54 33 7357.138291
54 34 7445.233671
54 35 7533.329052
54 36 7621.424434
54 37 7709.519816
54 38 7797.615199
54 39 7885.710583
54 40 7973.805968
54 41 8061.901353
54 42 8149.996739
54 43 8238.092127
54 44 8326.187515
54 45 8414.282903
54 46 8502.378293
54 47 8590.473683
54 48 8678.569074
54 49 8766.664466
54 50 8854.759858
54 51 8942.855251
54 52 9030.950645
54 53 9119.046039
54 54 9207.141433
54 55 9295.236828
54 56 9383.332223
54 57 9471.427619
54 58 9559.523015
54 59 9647.618411
54 60 9735.713807
54 61 9823.809203
54 62 9911.904600
54 63 10000.000000
55 0 0.000000
55 1 8933.265688
55 2 5194.465936
55 3 4393.527164
55 4 4741.586044
55 5 4912.927887
55 6 4984.484043
55 7 5065.167114
55 8 5154.211151
55 9 5242.940922
55 10 5330.992208
55 11 5419.035167
55 12 5507.131515
55 13 5595.231129
55 14 5683.326662
55 15 5771.421728
55 16 5859.517090
55 17 5947.612498
55 18 6035.707881
55 19 6123.803255
55 20 6211.898629
55 21 6299.994000
55 22 6388.089370
55 23 6476.184739
55 24 6564.280107
55 25 6652.375475
55 26 6740.470842
55 27 6828.566209
55 28 6916.661577
55 29 7004.756945
55 30 7092.852313
55 31 7180.947683
55 32 7269.043053
55 33 7357.138424
55 34 7445.233796
55 35 7533.329169
55 36 7621.424543
55 37 7709.519918
55 38 7797.615294
55 39 7885.710672
55 40 7973.806050
55 41 8061.901430
55 42 8149.996811
55 43 8238.092193
55 44 8326.187576
55 45 8414.282960
55 46 8502.378345
55 47 8590.473731
55 48 8678.569118
55 49 8766.664506
55 50 8854.759895
55 51 8942.855284
55 52 9030.950674
55 53 9119.046065
55 54 9207.141457
55 55 9295.236848
55 56 9383.332241
55 57 9471.427634
55 58 9559.523027
55 59 9647.618420
55 60 9735.713814
55 61 9823.809208
55 62 9911.904602
55 63 10000.000000
56 0 0.000000
56 1 8933.267948
56 2 5194.466386
56 3 4393.527526
56 4 4741.586472
56 5 4912.928318
56 6 4984.484471
56 7 5065.167540
56 8 5154.211571
56 9 5242.941335
56 10 5330.992611
56 11 5419.035561
56 12 5507.131898
56 13 5595.231500
56 14 5683.327019
56 15 5771.422073
56 16 5859.517421
56 17 5947.612815
56 18 6035.708184
56 19 6123.803545
56 20 6211.898905
56 21 6299.994263
56 22 6388.089620
56 23 6476.184976
56 24 6564.280331
56 25 6652.375687
56 26 6740.471042
56 27 6828.566398
56 28 6916.661755
56 29 7004.757112
56 30 7092.852471
56 31 7180.947830
56 32 7269.043191
56 33 7357.138553
56 34 7445.233917
56 35 7533.329282
56 36 7621.424648
56 37 7709.520016
56 38 7797.615386
56 39 7885.710757
56 40 7973.806130
56 41 8061.901504
56 42 8149.996879
56 43 8238.092256
56 44 8326.187634
56 45 8414.283014
56 46 8502.378395
56 47 8590.473777
56 48 8678.569160
56 49 8766.664544
56 50 8854.759929
56 51 8942.855315
56 52 9030.950702
56 53 9119.046090
56 54 9207.141479
56 55 9295.236868
56 56 9383.332258
56 57 9471.427648
56 58 9559.523038
56 59 9647.618429
56 60 9735.713821
56 61 9823.809212
56 62 9911.904604
56 63 10000.000000
57 0 0.000000
57 1 8933.270363
57 2 5194.466891
57 3 4393.527927
57 4 4741.586940
57 5 4912.928786
57 6 4984.484933
57 7 5065.167996
57 8 5154.212018
57 9 5242.941772
57 10 5330.993037
57 11 5419.035974
57 12 5507.132297
57 13 5595.231885
57 14 5683.327390
57 15 5771.422428
57 16 5859.517761
57 17 5947.613140
57 18 6035.708494
57 19 6123.803839
57 20 6211.899184
57 21 6299.994528
57 22 6388.089870
57 23 6476.185213
57 24 6564.280555
57 25 6652.375897
57 26 6740.471240
57 27 6828.566584
57 28 6916.661929
57 29 7004.757276
57 30 7092.852624
57 31 7180.947974
57 32 7269.043325
57 33 7357.138678
57 34 7445.234034
57 35 7533.329391
57 36 7621.424750
57 37 7709.520111
57 38 7797.615474
57 39 7885.710838
57 40 7973.806205
57 41 8061.901573
57 42 8149.996944
57 43 8238.092316
57 44 8326.187689
57 45 8414.283064
57 46 8502.378441
57 47 8590.473819
57 48 8678.569199
57 49 8766.664579
57 50 8854.759961
57 51 8942.855344
57 52 9030.950728
57 53 9119.046113
57 54 9207.141499
57 55 9295.236886
57 56 9383.332273
57 57 9471.427661
57 58 9559.523049
57 59 9647.618438
57 60 9735.713827
57 61 9823.809216
57 62 9911.904605
57 63 10000.000000
58 0 0.000000
58 1 8933.272940
58 2 5194.467454
58 3 4393.528370
58 4 4741.587448
58 5 4912.929292
58 6 4984.485430
58 7 5065.168482
58 8 5154.212493
58 9 5242.942233
58 10 5330.993484
58 11 5419.036406
58 12 5507.132713
58 13 5595.232284
58 14 5683.327772
58 15 5771.422793
58 16 5859.518108
58 17 5947.613470
58 18 6035.708807
58 19 6123.804136
58 20 6211.899465
58 21 6299.994793
58 22 6388.090120
58 23 6476.185447
58 24 6564.280775
58 25 6652.376104
58 26 6740.471434
58 27 6828.566765
58 28 6916.662099
58 29 7004.757434
58 30 7092.852772
58 31 7180.948111
58 32 7269.043453
58 33 7357.138798
58 34 7445.234144
58 35 7533.329493
58 36 7621.424845
58 37 7709.520199
58 38 7797.615555
58 39 7885.710914
58 40 7973.806275
58 41 8061.901638
58 42 8149.997003
58 43 8238.092370
58 44 8326.187740
58 45 8414.283111
58 46 8502.378483
58 47 8590.473858
58 48 8678.569234
58 49 8766.664611
58 50 8854.759990
58 51 8942.855370
58 52 9030.950752
58 53 9119.046134
58 54 9207.141517
58 55 9295.236902
58 56 9383.332287
58 57 9471.427672
58 58 9559.523058
58 59 9647.618445
58 60 9735.713832
58 61 9823.809219
58 62 9911.904607
58 63 10000.000000
59 0 0.000000
59 1 8933.275684
59 2 5194.468076
59 3 4393.528854
59 4 4741.587998
59 5 4912.929836
59 6 4984.485960
59 7 5065.168999
59 8 5154.212994
59 9 5242.942718
59 10 5330.993951
59 11 5419.036854
59 12 5507.133142
59 13 5595.232694
59 14 5683.328162
59 15 5771.423163
59 16 5859.518460
59 17 5947.613803
59 18 6035.709121
59 19 6123.804432
59 20 6211.899742
59 21 6299.995053
59 22 6388.090364
59 23 6476.185676
59 24 6564.280989
59 25 6652.376303
59 26 6740.471620
59 27 6828.566938
59 28 6916.662260
59 29 7004.757583
59 30 7092.852910
59 31 7180.948240
59 32 7269.043572
59 33 7357.138908
59 34 7445.234246
59 35 7533.329588
59 36 7621.424932
59 37 7709.520279
59 38 7797.615629
59 39 7885.710982
59 40 7973.806338
59 41 8061.901696
59 42 8149.997056
59 43 8238.092419
59 44 8326.187784
59 45 8414.283151
59 46 8502.378521
59 47 8590.473892
59 48 8678.569265
59 49 8766.664639
59 50 8854.760015
59 51 8942.855393
59 52 9030.950772
59 53 9119.046152
59 54 9207.141533
59 55 9295.236915
59 56 9383.332298
59 57 9471.427682
59 58 9559.523066
59 59 9647.618451
59 60 9735.713837
59 61 9823.809222
59 62 9911.904608
59 63 10000.000000
60 0 0.000000
60 1 8933.278620
60 2 5194.468771
60 3 4393.529391
60 4 4741.588601
60 5 4912.930430
60 6 4984.486534
60 7 5065.169555
60 8 5154.213531
60 9 5242.943234
60 10 5330.994446
60 11 5419.037327
60 12 5507.133592
60 13 5595.233121
60 14 5683.328567
60 15 5771.423546
60 16 5859.518821
60 17 5947.614142
60 18 6035.709439
60 19 6123.804730
60 20 6211.900021
60 21 6299.995314
60 22 6388.090607
60 23 6476.185901
60 24 6564.281198
60 25 6652.376497
60 26 6740.471799
60 27 6828.567105
60 28 6916.662413
60 29 7004.757725
60 30 7092.853041
60 31 7180.948360
60 32 7269.043683
60 33 7357.139010
60 34 7445.234340
60 35 7533.329674
60 36 7621.425011
60 37 7709.520352
60 38 7797.615696
60 39 7885.711043
60 40 7973.806393
60 41 8061.901746
60 42 8149.997103
60 43 8238.092461
60 44 8326.187823
60 45 8414.283187
60 46 8502.378553
60 47 8590.473921
60 48 8678.569291
60 49 8766.664663
60 50 8854.760037
60 51 8942.855412
60 52 9030.950789
60 53 9119.046167
60 54 9207.141546
60 55 9295.236927
60 56 9383.332308
60 57 9471.427690
60 58 9559.523073
60 59 9647.618457
60 60 9735.713840
60 61 9823.809224
60 62 9911.904609
60 63 10000.000000
61 0 0.000000
61 1 8933.281867
61 2 5194.469611
61 3 4393.530035
61 4 4741.589315
61 5 4912.931130
61 6 4984.487209
61 7 5065.170205
61 8 5154.214155
61 9 5242.943832
61 10 5330.995016
61 11 5419.037869
61 12 5507.134107
61 13 5595.233608
61 14 5683.329026
61 15 5771.423978
61 16 5859.519225
61 17 5947.614521
61 18 6035.709793
61 19 6123.805059
61 20 6211.900327
61 21 6299.995597
61 22 6388.090869
61 23 6476.186143
61 24 6564.281421
61 25 6652.376702
61 26 6740.471987
61 27 6828.567277
61 28 6916.662571
61 29 7004.757869
61 30 7092.853172
61 31 7180.948480
61 32 7269.043792
61 33 7357.139109
61 34 7445.234430
61 35 7533.329756
61 36 7621.425085
61 37 7709.520419
61 38 7797.615757
61 39 7885.711098
61 40 7973.806443
61 41 8061.901792
61 42 8149.997144
61 43 8238.092498
61 44 8326.187856
61 45 8414.283217
61 46 8502.378580
61 47 8590.473945
61 48 8678.569313
61 49 8766.664683
61 50 8854.760054
61 51 8942.855428
61 52 9030.950803
61 53 9119.046179
61 54 9207.141557
61 55 9295.236936
61 56 9383.332316
61 57 9471.427697
61 58 9559.523079
61 59 9647.618461
61 60 9735.713843
61 61 9823.809226
61 62 9911.904610
61 63 10000.000000
62 0 0.000000
62 1 8933.285258
62 2 5194.470491
62 3 4393.530706
62 4 4741.590052
62 5 4912.931850
62 6 4984.487898
62 7 5065.170864
62 8 5154.214784
62 9 5242.944430
62 10 5330.995583
62 11 5419.038405
62 12 5507.134611
62 13 5595.234082
62 14 5683.329469
62 15 5771.424391
62 16 5859.519610
62 17 5947.614877
62 18 6035.710122
62 19 6123.805363
62 20 6211.900606
62 21 6299.995853
62 22 6388.091103
62 23 6476.186357
62 24 6564.281616
62 25 6652.376879
62 26 6740.472148
62 27 6828.567422
62 28 6916.662702
62 29 7004.757988
62 30 7092.853279
62 31 7180.948576
62 32 7269.043878
62 33 7357.139186
62 34 7445.234499
62 35 7533.329817
62 36 7621.425140
62 37 7709.520468
62 38 7797.615801
62 39 7885.711137
62 40 7973.806478
62 41 8061.901823
62 42 8149.997171
62 43 8238.092523
62 44 8326.187878
62 45 8414.283236
62 46 8502.378597
62 47 8590.473961
62 48 8678.569326
62 49 8766.664695
62 50 8854.760065
62 51 8942.855437
62 52 9030.950811
62 53 9119.046187
62 54 9207.141563
62 55 9295.236941
62 56 9383.332321
62 57 9471.427701
62 58 9559.523082
62 59 9647.618463
62 60 9735.713845
62 61 9823.809227
62 62 9911.904610
62 63 10000.000000
63 0 0.000000
63 1 8933.285258
63 2 5194.470491
63 3 4393.530706
63 4 4741.590052
63 5 4912.931850
63 6 4984.487898
63 7 5065.170864
63 8 5154.214784
63 9 5242.944430
63 10 5330.995583
63 11 5419.038405
63 12 5507.134611
63 13 5595.234082
63 14 5683.329469
63 15 5771.424391
63 16 5859.519610
63 17 5947.614877
63 18 6035.710122
63 19 6123.805363
63 20 6211.900606
63 21 6299.995853
63 22 6388.091103
63 23 6476.186357
63 24 6564.281616
63 25 6652.376879
63 26 6740.472148
63 27 6828.567422
63 28 6916.662702
63 29 7004.757988
63 30 7092.853279
63 31 7180.948576
63 32 7269.043878
63 33 7357.139186
63 34 7445.234499
63 35 7533.329817
63 36 7621.425140
63 37 7709.520468
63 38 7797.615801
63 39 7885.711137
63 40 7973.806478
63 41 8061.901823
63 42 8149.997171
63 43 8238.092523
63 44 8326.187878
63 45 8414.283236
63 46 8502.378597
63 47 8590.473961
63 48 8678.569326
63 49 8766.664695
63 50 8854.760065
63 51 8942.855437
63 52 9030.950811
63 53 9119.046187
63 54 9207.141563
63 55 9295.236941
63 56 9383.332321
63 57 9471.427701
63 58 9559.523082
63 59 9647.618463
63 60 9735.713845
63 61 9823.809227
63 62 9911.904610
63 63 10000.000000
