0 0 0.000000
0 1 16001.038468
0 2 9086.195152
0 3 7505.939489
0 4 8011.329116
0 5 8194.712662
0 6 8196.310522
0 7 8214.598762
0 8 8248.172463
0 9 8281.169159
0 10 8312.921181
0 11 8344.657949
0 12 8376.493005
0 13 8408.334099
0 14 8440.167665
0 15 8472.000376
0 16 8503.833641
0 17 8535.666998
0 18 8567.500313
0 19 8599.333616
0 20 8631.166921
0 21 8663.000225
0 22 8694.833528
0 23 8726.666830
0 24 8758.500132
0 25 8790.333435
0 26 8822.166737
0 27 8854.000040
0 28 8885.833344
0 29 8917.666649
0 30 8949.499955
0 31 8981.333263
0 32 9013.166572
0 33 9044.999882
0 34 9076.833194
0 35 9108.666508
0 36 9140.499824
0 37 9172.333142
0 38 9204.166462
0 39 9235.999784
0 40 9267.833107
0 41 9299.666433
0 42 9331.499761
0 43 9363.333090
0 44 9395.166422
0 45 9426.999755
0 46 9458.833090
0 47 9490.666427
0 48 9522.499766
0 49 9554.333106
0 50 9586.166448
0 51 9617.999791
0 52 9649.833135
0 53 9681.666481
0 54 9713.499828
0 55 9745.333176
0 56 9777.166524
0 57 9808.999874
0 58 9840.833224
0 59 9872.666575
0 60 9904.499926
0 61 9936.333277
0 62 9968.166629
0 63 10000.000000
1 0 0.000000
1 1 16001.038468
1 2 9086.195152
1 3 7505.939489
1 4 8011.329116
1 5 8194.712662
1 6 8196.310522
1 7 8214.598762
1 8 8248.172463
1 9 8281.169159
1 10 8312.921181
1 11 8344.657949
1 12 8376.493005
1 13 8408.334099
1 14 8440.167665
1 15 8472.000376
1 16 8503.833641
1 17 8535.666998
1 18 8567.500313
1 19 8599.333616
1 20 8631.166921
1 21 8663.000225
1 22 8694.833528
1 23 8726.666830
1 24 8758.500132
1 25 8790.333435
1 26 8822.166737
1 27 8854.000040
1 28 8885.833344
1 29 8917.666649
1 30 8949.499955
1 31 8981.333263
1 32 9013.166572
1 33 9044.999882
1 34 9076.833194
1 35 9108.666508
1 36 9140.499824
1 37 9172.333142
1 38 9204.166462
1 39 9235.999784
1 40 9267.833107
1 41 9299.666433
1 42 9331.499761
1 43 9363.333090
1 44 9395.166422
1 45 9426.999755
1 46 9458.833090
1 47 9490.666427
1 48 9522.499766
1 49 9554.333106
1 50 9586.166448
1 51 9617.999791
1 52 9649.833135
1 53 9681.666481
1 54 9713.499828
1 55 9745.333176
1 56 9777.166524
1 57 9808.999874
1 58 9840.833224
1 59 9872.666575
1 60 9904.499926
1 61 9936.333277
1 62 9968.166629
1 63 10000.000000
2 0 0.000000
2 1 16001.035998
2 2 9086.194479
2 3 7505.938965
2 4 8011.328536
2 5 8194.712084
2 6 8196.309958
2 7 8214.598209
2 8 8248.171921
2 9 8281.168629
2 10 8312.920663
2 11 8344.657445
2 12 8376.492514
2 13 8408.333622
2 14 8440.167201
2 15 8471.999926
2 16 8503.833205
2 17 8535.666577
2 18 8567.499906
2 19 8599.333224
2 20 8631.166543
2 21 8662.999861
2 22 8694.833179
2 23 8726.666495
2 24 8758.499812
2 25 8790.333128
2 26 8822.166444
2 27 8853.999761
2 28 8885.833078
2 29 8917.666395
2 30 8949.499714
2 31 8981.333034
2 32 9013.166355
2 33 9044.999677
2 34 9076.833001
2 35 9108.666325
2 36 9140.499652
2 37 9172.332980
2 38 9204.166310
2 39 9235.999641
2 40 9267.832974
2 41 9299.666308
2 42 9331.499644
2 43 9363.332982
2 44 9395.166321
2 45 9426.999662
2 46 9458.833004
2 47 9490.666348
2 48 9522.499693
2 49 9554.333039
2 50 9586.166387
2 51 9617.999736
2 52 9649.833086
2 53 9681.666437
2 54 9713.499789
2 55 9745.333141
2 56 9777.166495
2 57 9808.999849
2 58 9840.833204
2 59 9872.666559
2 60 9904.499914
2 61 9936.333269
2 62 9968.166626
2 63 10000.000000
3 0 0.000000
3 1 16001.033603
3 2 9086.193820
3 3 7505.938449
3 4 8011.327964
3 5 8194.711515
3 6 8196.309400
3 7 8214.597661
3 8 8248.171384
3 9 8281.168103
3 10 8312.920149
3 11 8344.656942
3 12 8376.492024
3 13 8408.333144
3 14 8440.166737
3 15 8471.999475
3 16 8503.832768
3 17 8535.666153
3 18 8567.499496
3 19 8599.332827
3 20 8631.166160
3 21 8662.999492
3 22 8694.832823
3 23 8726.666154
3 24 8758.499483
3 25 8790.332813
3 26 8822.166142
3 27 8853.999472
3 28 8885.832802
3 29 8917.666132
3 30 8949.499463
3 31 8981.332795
3 32 9013.166128
3 33 9044.999461
3 34 9076.832796
3 35 9108.666132
3 36 9140.499469
3 37 9172.332807
3 38 9204.166147
3 39 9235.999487
3 40 9267.832829
3 41 9299.666173
3 42 9331.499517
3 43 9363.332863
3 44 9395.166211
3 45 9426.999559
3 46 9458.832909
3 47 9490.666260
3 48 9522.499612
3 49 9554.332965
3 50 9586.166319
3 51 9617.999674
3 52 9649.833030
3 53 9681.666387
3 54 9713.499744
3 55 9745.333103
3 56 9777.166461
3 57 9808.999821
3 58 9840.833181
3 59 9872.666541
3 60 9904.499901
3 61 9936.333261
3 62 9968.166623
3 63 10000.000000
4 0 0.000000
4 1 16001.031389
4 2 9086.193245
4 3 7505.938000
4 4 8011.327465
4 5 8194.711017
4 6 8196.308912
4 7 8214.597183
4 8 8248.170915
4 9 8281.167643
4 10 8312.919699
4 11 8344.656503
4 12 8376.491595
4 13 8408.332727
4 14 8440.166330
4 15 8471.999080
4 16 8503.832385
4 17 8535.665781
4 18 8567.499136
4 19 8599.332480
4 20 8631.165824
4 21 8662.999169
4 22 8694.832512
4 23 8726.665854
4 24 8758.499195
4 25 8790.332537
4 26 8822.165878
4 27 8853.999219
4 28 8885.832560
4 29 8917.665901
4 30 8949.499243
4 31 8981.332585
4 32 9013.165928
4 33 9044.999272
4 34 9076.832616
4 35 9108.665961
4 36 9140.499307
4 37 9172.332654
4 38 9204.166003
4 39 9235.999352
4 40 9267.832702
4 41 9299.666053
4 42 9331.499405
4 43 9363.332758
4 44 9395.166113
4 45 9426.999468
4 46 9458.832824
4 47 9490.666181
4 48 9522.499539
4 49 9554.332898
4 50 9586.166258
4 51 9617.999619
4 52 9649.832980
4 53 9681.666342
4 54 9713.499705
4 55 9745.333068
4 56 9777.166431
4 57 9808.999795
4 58 9840.833160
4 59 9872.666525
4 60 9904.499889
4 61 9936.333254
4 62 9968.166620
4 63 10000.000000
5 0 0.000000
5 1 16001.029288
5 2 9086.192711
5 3 7505.937582
5 4 8011.326999
5 5 8194.710553
5 6 8196.308456
5 7 8214.596735
5 8 8248.170475
5 9 8281.167211
5 10 8312.919276
5 11 8344.656089
5 12 8376.491191
5 13 8408.332333
5 14 8440.165947
5 15 8471.998707
5 16 8503.832022
5 17 8535.665429
5 18 8567.498795
5 19 8599.332150
5 20 8631.165506
5 21 8662.998861
5 22 8694.832215
5 23 8726.665568
5 24 8758.498921
5 25 8790.332272
5 26 8822.165624
5 27 8853.998976
5 28 8885.832327
5 29 8917.665679
5 30 8949.499030
5 31 8981.332382
5 32 9013.165735
5 33 9044.999088
5 34 9076.832441
5 35 9108.665795
5 36 9140.499150
5 37 9172.332506
5 38 9204.165862
5 39 9235.999219
5 40 9267.832577
5 41 9299.665935
5 42 9331.499295
5 43 9363.332655
5 44 9395.166016
5 45 9426.999378
5 46 9458.832740
5 47 9490.666104
5 48 9522.499468
5 49 9554.332832
5 50 9586.166198
5 51 9617.999564
5 52 9649.832930
5 53 9681.666297
5 54 9713.499665
5 55 9745.333033
5 56 9777.166401
5 57 9808.999770
5 58 9840.833139
5 59 9872.666508
5 60 9904.499878
5 61 9936.333247
5 62 9968.166617
5 63 10000.000000
6 0 0.000000
6 1 16001.027289
6 2 9086.192208
6 3 7505.937188
6 4 8011.326559
6 5 8194.710114
6 6 8196.308025
6 7 8214.596310
6 8 8248.170057
6 9 8281.166801
6 10 8312.918874
6 11 8344.655695
6 12 8376.490806
6 13 8408.331957
6 14 8440.165580
6 15 8471.998350
6 16 8503.831674
6 17 8535.665092
6 18 8567.498467
6 19 8599.331832
6 20 8631.165198
6 21 8662.998563
6 22 8694.831928
6 23 8726.665291
6 24 8758.498653
6 25 8790.332015
6 26 8822.165377
6 27 8853.998738
6 28 8885.832100
6 29 8917.665461
6 30 8949.498822
6 31 8981.332183
6 32 9013.165545
6 33 9044.998906
6 34 9076.832269
6 35 9108.665631
6 36 9140.498994
6 37 9172.332358
6 38 9204.165722
6 39 9235.999086
6 40 9267.832452
6 41 9299.665817
6 42 9331.499184
6 43 9363.332551
6 44 9395.165918
6 45 9426.999287
6 46 9458.832655
6 47 9490.666025
6 48 9522.499394
6 49 9554.332765
6 50 9586.166136
6 51 9617.999507
6 52 9649.832879
6 53 9681.666251
6 54 9713.499624
6 55 9745.332997
6 56 9777.166370
6 57 9808.999743
6 58 9840.833117
6 59 9872.666491
6 60 9904.499865
6 61 9936.333239
6 62 9968.166614
6 63 10000.000000
7 0 0.000000
7 1 16001.025393
7 2 9086.191738
7 3 7505.936819
7 4 8011.326147
7 5 8194.709701
7 6 8196.307619
7 7 8214.595910
7 8 8248.169663
7 9 8281.166414
7 10 8312.918493
7 11 8344.655322
7 12 8376.490441
7 13 8408.331599
7 14 8440.165231
7 15 8471.998009
7 16 8503.831343
7 17 8535.664769
7 18 8567.498154
7 19 8599.331528
7 20 8631.164903
7 21 8662.998278
7 22 8694.831652
7 23 8726.665024
7 24 8758.498396
7 25 8790.331767
7 26 8822.165138
7 27 8853.998509
7 28 8885.831879
7 29 8917.665249
7 30 8949.498619
7 31 8981.331989
7 32 9013.165359
7 33 9044.998729
7 34 9076.832100
7 35 9108.665470
7 36 9140.498841
7 37 9172.332212
7 38 9204.165584
7 39 9235.998956
7 40 9267.832328
7 41 9299.665701
7 42 9331.499074
7 43 9363.332447
7 44 9395.165821
7 45 9426.999196
7 46 9458.832570
7 47 9490.665946
7 48 9522.499321
7 49 9554.332697
7 50 9586.166074
7 51 9617.999450
7 52 9649.832828
7 53 9681.666205
7 54 9713.499583
7 55 9745.332960
7 56 9777.166339
7 57 9808.999717
7 58 9840.833095
7 59 9872.666474
7 60 9904.499853
7 61 9936.333231
7 62 9968.166610
7 63 10000.000000
8 0 0.000000
8 1 16001.023596
8 2 9086.191300
8 3 7505.936474
8 4 8011.325761
8 5 8194.709315
8 6 8196.307238
8 7 8214.595534
8 8 8248.169292
8 9 8281.166048
8 10 8312.918134
8 11 8344.654970
8 12 8376.490095
8 13 8408.331261
8 14 8440.164900
8 15 8471.997686
8 16 8503.831027
8 17 8535.664462
8 18 8567.497855
8 19 8599.331238
8 20 8631.164621
8 21 8662.998005
8 22 8694.831387
8 23 8726.664768
8 24 8758.498149
8 25 8790.331529
8 26 8822.164908
8 27 8853.998287
8 28 8885.831666
8 29 8917.665044
8 30 8949.498423
8 31 8981.331801
8 32 9013.165179
8 33 9044.998557
8 34 9076.831935
8 35 9108.665313
8 36 9140.498691
8 37 9172.332070
8 38 9204.165448
8 39 9235.998827
8 40 9267.832206
8 41 9299.665586
8 42 9331.498965
8 43 9363.332345
8 44 9395.165725
8 45 9426.999106
8 46 9458.832487
8 47 9490.665868
8 48 9522.499249
8 49 9554.332630
8 50 9586.166012
8 51 9617.999394
8 52 9649.832776
8 53 9681.666159
8 54 9713.499541
8 55 9745.332924
8 56 9777.166307
8 57 9808.999690
8 58 9840.833074
8 59 9872.666457
8 60 9904.499840
8 61 9936.333223
8 62 9968.166607
8 63 10000.000000
9 0 0.000000
9 1 16001.021896
9 2 9086.190892
9 3 7505.936152
9 4 8011.325399
9 5 8194.708953
9 6 8196.306881
9 7 8214.595181
9 8 8248.168943
9 9 8281.165704
9 10 8312.917796
9 11 8344.654637
9 12 8376.489768
9 13 8408.330940
9 14 8440.164586
9 15 8471.997380
9 16 8503.830728
9 17 8535.664170
9 18 8567.497571
9 19 8599.330961
9 20 8631.164352
9 21 8662.997744
9 22 8694.831134
9 23 8726.664523
9 24 8758.497912
9 25 8790.331300
9 26 8822.164687
9 27 8853.998074
9 28 8885.831461
9 29 8917.664847
9 30 8949.498233
9 31 8981.331619
9 32 9013.165004
9 33 9044.998390
9 34 9076.831775
9 35 9108.665160
9 36 9140.498546
9 37 9172.331931
9 38 9204.165316
9 39 9235.998702
9 40 9267.832088
9 41 9299.665473
9 42 9331.498859
9 43 9363.332245
9 44 9395.165631
9 45 9426.999017
9 46 9458.832404
9 47 9490.665791
9 48 9522.499177
9 49 9554.332564
9 50 9586.165951
9 51 9617.999338
9 52 9649.832726
9 53 9681.666113
9 54 9713.499501
9 55 9745.332888
9 56 9777.166276
9 57 9808.999664
9 58 9840.833052
9 59 9872.666440
9 60 9904.499828
9 61 9936.333216
9 62 9968.166604
9 63 10000.000000
10 0 0.000000
10 1 16001.020289
10 2 9086.190512
10 3 7505.935852
10 4 8011.325062
10 5 8194.708615
10 6 8196.306546
10 7 8214.594849
10 8 8248.168616
10 9 8281.165381
10 10 8312.917477
10 11 8344.654323
10 12 8376.489459
10 13 8408.330637
10 14 8440.164289
10 15 8471.997089
10 16 8503.830444
10 17 8535.663892
10 18 8567.497300
10 19 8599.330697
10 20 8631.164096
10 21 8662.997494
10 22 8694.830892
10 23 8726.664289
10 24 8758.497685
10 25 8790.331080
10 26 8822.164475
10 27 8853.997869
10 28 8885.831263
10 29 8917.664657
10 30 8949.498050
10 31 8981.331443
10 32 9013.164835
10 33 9044.998228
10 34 9076.831620
10 35 9108.665012
10 36 9140.498404
10 37 9172.331796
10 38 9204.165188
10 39 9235.998580
10 40 9267.831972
10 41 9299.665363
10 42 9331.498755
10 43 9363.332147
10 44 9395.165539
10 45 9426.998931
10 46 9458.832323
10 47 9490.665715
10 48 9522.499107
10 49 9554.332499
10 50 9586.165891
10 51 9617.999283
10 52 9649.832676
10 53 9681.666068
10 54 9713.499460
10 55 9745.332853
10 56 9777.166245
10 57 9808.999638
10 58 9840.833031
10 59 9872.666423
10 60 9904.499816
10 61 9936.333208
10 62 9968.166601
10 63 10000.000000
11 0 0.000000
11 1 16001.018774
11 2 9086.190160
11 3 7505.935574
11 4 8011.324748
11 5 8194.708299
11 6 8196.306233
11 7 8214.594539
11 8 8248.168308
11 9 8281.165077
11 10 8312.917177
11 11 8344.654027
11 12 8376.489168
11 13 8408.330351
11 14 8440.164009
11 15 8471.996814
11 16 8503.830174
11 17 8535.663629
11 18 8567.497043
11 19 8599.330446
11 20 8631.163852
11 21 8662.997257
11 22 8694.830661
11 23 8726.664065
11 24 8758.497467
11 25 8790.330870
11 26 8822.164271
11 27 8853.997673
11 28 8885.831073
11 29 8917.664474
11 30 8949.497874
11 31 8981.331273
11 32 9013.164672
11 33 9044.998071
11 34 9076.831470
11 35 9108.664869
11 36 9140.498267
11 37 9172.331665
11 38 9204.165063
11 39 9235.998461
11 40 9267.831859
11 41 9299.665256
11 42 9331.498654
11 43 9363.332052
11 44 9395.165449
11 45 9426.998846
11 46 9458.832244
11 47 9490.665641
11 48 9522.499038
11 49 9554.332435
11 50 9586.165832
11 51 9617.999230
11 52 9649.832627
11 53 9681.666024
11 54 9713.499421
11 55 9745.332818
11 56 9777.166215
11 57 9808.999612
11 58 9840.833010
11 59 9872.666407
11 60 9904.499804
11 61 9936.333201
11 62 9968.166598
11 63 10000.000000
12 0 0.000000
12 1 16001.017347
12 2 9086.189834
12 3 7505.935315
12 4 8011.324455
12 5 8194.708004
12 6 8196.305941
12 7 8214.594249
12 8 8248.168020
12 9 8281.164792
12 10 8312.916895
12 11 8344.653749
12 12 8376.488894
12 13 8408.330082
12 14 8440.163744
12 15 8471.996554
12 16 8503.829920
12 17 8535.663380
12 18 8567.496799
12 19 8599.330209
12 20 8631.163620
12 21 8662.997031
12 22 8694.830441
12 23 8726.663851
12 24 8758.497260
12 25 8790.330669
12 26 8822.164077
12 27 8853.997485
12 28 8885.830892
12 29 8917.664298
12 30 8949.497705
12 31 8981.331110
12 32 9013.164516
12 33 9044.997921
12 34 9076.831326
12 35 9108.664731
12 36 9140.498135
12 37 9172.331539
12 38 9204.164943
12 39 9235.998346
12 40 9267.831750
12 41 9299.665153
12 42 9331.498556
12 43 9363.331959
12 44 9395.165361
12 45 9426.998764
12 46 9458.832166
12 47 9490.665569
12 48 9522.498971
12 49 9554.332373
12 50 9586.165775
12 51 9617.999177
12 52 9649.832579
12 53 9681.665981
12 54 9713.499382
12 55 9745.332784
12 56 9777.166186
12 57 9808.999587
12 58 9840.832989
12 59 9872.666390
12 60 9904.499792
12 61 9936.333193
12 62 9968.166595
12 63 10000.000000
13 0 0.000000
13 1 16001.016006
13 2 9086.189532
13 3 7505.935075
13 4 8011.324183
13 5 8194.707730
13 6 8196.305669
13 7 8214.593978
13 8 8248.167751
13 9 8281.164525
13 10 8312.916631
13 11 8344.653488
13 12 8376.488637
13 13 8408.329828
13 14 8440.163494
13 15 8471.996308
13 16 8503.829679
13 17 8535.663144
13 18 8567.496569
13 19 8599.329983
13 20 8631.163400
13 21 8662.996817
13 22 8694.830233
13 23 8726.663648
13 24 8758.497063
13 25 8790.330478
13 26 8822.163892
13 27 8853.997305
13 28 8885.830718
13 29 8917.664131
13 30 8949.497543
13 31 8981.330955
13 32 9013.164366
13 33 9044.997777
13 34 9076.831187
13 35 9108.664598
13 36 9140.498008
13 37 9172.331417
13 38 9204.164827
13 39 9235.998236
13 40 9267.831644
13 41 9299.665053
13 42 9331.498461
13 43 9363.331869
13 44 9395.165277
13 45 9426.998684
13 46 9458.832092
13 47 9490.665499
13 48 9522.498906
13 49 9554.332313
13 50 9586.165720
13 51 9617.999126
13 52 9649.832532
13 53 9681.665939
13 54 9713.499345
13 55 9745.332751
13 56 9777.166157
13 57 9808.999563
13 58 9840.832969
13 59 9872.666375
13 60 9904.499781
13 61 9936.333186
13 62 9968.166592
13 63 10000.000000
14 0 0.000000
14 1 16001.014749
14 2 9086.189254
14 3 7505.934853
14 4 8011.323931
14 5 8194.707476
14 6 8196.305415
14 7 8214.593725
14 8 8248.167500
14 9 8281.164276
14 10 8312.916384
14 11 8344.653243
14 12 8376.488395
14 13 8408.329590
14 14 8440.163259
14 15 8471.996078
14 16 8503.829453
14 17 8535.662922
14 18 8567.496351
14 19 8599.329770
14 20 8631.163192
14 21 8662.996614
14 22 8694.830035
14 23 8726.663456
14 24 8758.496876
14 25 8790.330296
14 26 8822.163715
14 27 8853.997134
14 28 8885.830553
14 29 8917.663971
14 30 8949.497389
14 31 8981.330806
14 32 9013.164223
14 33 9044.997639
14 34 9076.831055
14 35 9108.664471
14 36 9140.497886
14 37 9172.331301
14 38 9204.164715
14 39 9235.998129
14 40 9267.831543
14 41 9299.664957
14 42 9331.498370
14 43 9363.331783
14 44 9395.165195
14 45 9426.998608
14 46 9458.832020
14 47 9490.665432
14 48 9522.498843
14 49 9554.332255
14 50 9586.165666
14 51 9617.999077
14 52 9649.832488
14 53 9681.665898
14 54 9713.499309
14 55 9745.332719
14 56 9777.166129
14 57 9808.999539
14 58 9840.832950
14 59 9872.666360
14 60 9904.499769
14 61 9936.333179
14 62 9968.166589
14 63 10000.000000
15 0 0.000000
15 1 16001.013572
15 2 9086.188998
15 3 7505.934648
15 4 8011.323698
15 5 8194.707240
15 6 8196.305180
15 7 8214.593491
15 8 8248.167266
15 9 8281.164043
15 10 8312.916153
15 11 8344.653015
15 12 8376.488169
15 13 8408.329367
15 14 8440.163039
15 15 8471.995861
15 16 8503.829240
15 17 8535.662713
15 18 8567.496146
15 19 8599.329570
15 20 8631.162996
15 21 8662.996422
15 22 8694.829848
15 23 8726.663274
15 24 8758.496699
15 25 8790.330124
15 26 8822.163548
15 27 8853.996972
15 28 8885.830396
15 29 8917.663819
15 30 8949.497242
15 31 8981.330664
15 32 9013.164086
15 33 9044.997508
15 34 9076.830929
15 35 9108.664349
15 36 9140.497770
15 37 9172.331189
15 38 9204.164609
15 39 9235.998028
15 40 9267.831446
15 41 9299.664865
15 42 9331.498283
15 43 9363.331700
15 44 9395.165117
15 45 9426.998534
15 46 9458.831951
15 47 9490.665367
15 48 9522.498783
15 49 9554.332199
15 50 9586.165614
15 51 9617.999029
15 52 9649.832444
15 53 9681.665859
15 54 9713.499274
15 55 9745.332688
15 56 9777.166103
15 57 9808.999517
15 58 9840.832931
15 59 9872.666345
15 60 9904.499759
15 61 9936.333173
15 62 9968.166586
15 63 10000.000000
16 0 0.000000
16 1 16001.012475
16 2 9086.188763
16 3 7505.934460
16 4 8011.323483
16 5 8194.707023
16 6 8196.304963
16 7 8214.593273
16 8 8248.167049
16 9 8281.163827
16 10 8312.915938
16 11 8344.652802
16 12 8376.487958
16 13 8408.329158
16 14 8440.162834
16 15 8471.995658
16 16 8503.829040
16 17 8535.662517
16 18 8567.495954
16 19 8599.329382
16 20 8631.162812
16 21 8662.996242
16 22 8694.829672
16 23 8726.663102
16 24 8758.496532
16 25 8790.329962
16 26 8822.163391
16 27 8853.996819
16 28 8885.830248
16 29 8917.663675
16 30 8949.497103
16 31 8981.330530
16 32 9013.163957
16 33 9044.997383
16 34 9076.830809
16 35 9108.664234
16 36 9140.497659
16 37 9172.331083
16 38 9204.164508
16 39 9235.997931
16 40 9267.831354
16 41 9299.664777
16 42 9331.498199
16 43 9363.331621
16 44 9395.165043
16 45 9426.998464
16 46 9458.831885
16 47 9490.665305
16 48 9522.498725
16 49 9554.332145
16 50 9586.165565
16 51 9617.998984
16 52 9649.832403
16 53 9681.665822
16 54 9713.499240
16 55 9745.332659
16 56 9777.166077
16 57 9808.999495
16 58 9840.832913
16 59 9872.666331
16 60 9904.499748
16 61 9936.333166
16 62 9968.166584
16 63 10000.000000
17 0 0.000000
17 1 16001.011455
17 2 9086.188548
17 3 7505.934287
17 4 8011.323285
17 5 8194.706822
17 6 8196.304762
17 7 8214.593072
17 8 8248.166849
17 9 8281.163627
17 10 8312.915739
17 11 8344.652604
17 12 8376.487762
17 13 8408.328964
17 14 8440.162642
17 15 8471.995469
17 16 8503.828854
17 17 8535.662334
17 18 8567.495774
17 19 8599.329205
17 20 8631.162639
17 21 8662.996073
17 22 8694.829508
17 23 8726.662941
17 24 8758.496375
17 25 8790.329809
17 26 8822.163242
17 27 8853.996675
17 28 8885.830108
17 29 8917.663540
17 30 8949.496972
17 31 8981.330404
17 32 9013.163835
17 33 9044.997265
17 34 9076.830695
17 35 9108.664125
17 36 9140.497554
17 37 9172.330983
17 38 9204.164412
17 39 9235.997839
17 40 9267.831267
17 41 9299.664694
17 42 9331.498120
17 43 9363.331546
17 44 9395.164972
17 45 9426.998397
17 46 9458.831822
17 47 9490.665246
17 48 9522.498670
17 49 9554.332094
17 50 9586.165518
17 51 9617.998941
17 52 9649.832364
17 53 9681.665786
17 54 9713.499208
17 55 9745.332631
17 56 9777.166052
17 57 9808.999474
17 58 9840.832896
17 59 9872.666317
17 60 9904.499739
17 61 9936.333160
17 62 9968.166581
17 63 10000.000000
18 0 0.000000
18 1 16001.010509
18 2 9086.188351
18 3 7505.934129
18 4 8011.323103
18 5 8194.706638
18 6 8196.304578
18 7 8214.592887
18 8 8248.166663
18 9 8281.163442
18 10 8312.915555
18 11 8344.652421
18 12 8376.487581
18 13 8408.328784
18 14 8440.162464
18 15 8471.995294
18 16 8503.828681
18 17 8535.662163
18 18 8567.495607
18 19 8599.329041
18 20 8631.162478
18 21 8662.995916
18 22 8694.829353
18 23 8726.662791
18 24 8758.496229
18 25 8790.329666
18 26 8822.163103
18 27 8853.996540
18 28 8885.829977
18 29 8917.663413
18 30 8949.496849
18 31 8981.330285
18 32 9013.163720
18 33 9044.997154
18 34 9076.830589
18 35 9108.664023
18 36 9140.497456
18 37 9172.330889
18 38 9204.164321
18 39 9235.997753
18 40 9267.831184
18 41 9299.664615
18 42 9331.498046
18 43 9363.331476
18 44 9395.164905
18 45 9426.998334
18 46 9458.831763
18 47 9490.665191
18 48 9522.498619
18 49 9554.332046
18 50 9586.165473
18 51 9617.998900
18 52 9649.832326
18 53 9681.665752
18 54 9713.499178
18 55 9745.332604
18 56 9777.166029
18 57 9808.999455
18 58 9840.832880
18 59 9872.666305
18 60 9904.499729
18 61 9936.333154
18 62 9968.166579
18 63 10000.000000
19 0 0.000000
19 1 16001.009637
19 2 9086.188173
19 3 7505.933985
19 4 8011.322938
19 5 8194.706470
19 6 8196.304408
19 7 8214.592717
19 8 8248.166493
19 9 8281.163272
19 10 8312.915385
19 11 8344.652252
19 12 8376.487413
19 13 8408.328618
19 14 8440.162299
19 15 8471.995131
19 16 8503.828520
19 17 8535.662006
19 18 8567.495451
19 19 8599.328888
19 20 8631.162328
19 21 8662.995769
19 22 8694.829210
19 23 8726.662651
19 24 8758.496092
19 25 8790.329533
19 26 8822.162974
19 27 8853.996414
19 28 8885.829854
19 29 8917.663294
19 30 8949.496734
19 31 8981.330173
19 32 9013.163612
19 33 9044.997051
19 34 9076.830489
19 35 9108.663927
19 36 9140.497364
19 37 9172.330800
19 38 9204.164236
19 39 9235.997672
19 40 9267.831107
19 41 9299.664541
19 42 9331.497975
19 43 9363.331409
19 44 9395.164842
19 45 9426.998275
19 46 9458.831707
19 47 9490.665139
19 48 9522.498570
19 49 9554.332001
19 50 9586.165431
19 51 9617.998861
19 52 9649.832291
19 53 9681.665721
19 54 9713.499150
19 55 9745.332579
19 56 9777.166007
19 57 9808.999436
19 58 9840.832864
19 59 9872.666293
19 60 9904.499721
19 61 9936.333149
19 62 9968.166577
19 63 10000.000000
20 0 0.000000
20 1 16001.008837
20 2 9086.188012
20 3 7505.933855
20 4 8011.322787
20 5 8194.706317
20 6 8196.304254
20 7 8214.592562
20 8 8248.166338
20 9 8281.163117
20 10 8312.915230
20 11 8344.652098
20 12 8376.487259
20 13 8408.328465
20 14 8440.162148
20 15 8471.994981
20 16 8503.828373
20 17 8535.661860
20 18 8567.495308
20 19 8599.328747
20 20 8631.162190
20 21 8662.995634
20 22 8694.829077
20 23 8726.662521
20 24 8758.495965
20 25 8790.329409
20 26 8822.162853
20 27 8853.996297
20 28 8885.829741
20 29 8917.663184
20 30 8949.496627
20 31 8981.330070
20 32 9013.163513
20 33 9044.996955
20 34 9076.830396
20 35 9108.663837
20 36 9140.497278
20 37 9172.330718
20 38 9204.164157
20 39 9235.997596
20 40 9267.831035
20 41 9299.664473
20 42 9331.497910
20 43 9363.331347
20 44 9395.164783
20 45 9426.998219
20 46 9458.831655
20 47 9490.665090
20 48 9522.498524
20 49 9554.331958
20 50 9586.165392
20 51 9617.998825
20 52 9649.832258
20 53 9681.665691
20 54 9713.499123
20 55 9745.332555
20 56 9777.165987
20 57 9808.999419
20 58 9840.832850
20 59 9872.666281
20 60 9904.499713
20 61 9936.333144
20 62 9968.166575
20 63 10000.000000
21 0 0.000000
21 1 16001.008107
21 2 9086.187868
21 3 7505.933738
21 4 8011.322652
21 5 8194.706179
21 6 8196.304115
21 7 8214.592422
21 8 8248.166197
21 9 8281.162975
21 10 8312.915089
21 11 8344.651956
21 12 8376.487119
21 13 8408.328326
21 14 8440.162010
21 15 8471.994845
21 16 8503.828238
21 17 8535.661727
21 18 8567.495177
21 19 8599.328618
21 20 8631.162063
21 21 8662.995509
21 22 8694.828956
21 23 8726.662402
21 24 8758.495849
21 25 8790.329296
21 26 8822.162743
21 27 8853.996190
21 28 8885.829636
21 29 8917.663083
21 30 8949.496529
21 31 8981.329975
21 32 9013.163421
21 33 9044.996866
21 34 9076.830310
21 35 9108.663755
21 36 9140.497198
21 37 9172.330641
21 38 9204.164084
21 39 9235.997526
21 40 9267.830968
21 41 9299.664409
21 42 9331.497850
21 43 9363.331290
21 44 9395.164729
21 45 9426.998168
21 46 9458.831606
21 47 9490.665044
21 48 9522.498482
21 49 9554.331919
21 50 9586.165356
21 51 9617.998792
21 52 9649.832228
21 53 9681.665663
21 54 9713.499098
21 55 9745.332533
21 56 9777.165968
21 57 9808.999403
21 58 9840.832837
21 59 9872.666271
21 60 9904.499705
21 61 9936.333139
21 62 9968.166573
21 63 10000.000000
22 0 0.000000
22 1 16001.007446
22 2 9086.187739
22 3 7505.933633
22 4 8011.322530
22 5 8194.706054
22 6 8196.303989
22 7 8214.592295
22 8 8248.166069
22 9 8281.162847
22 10 8312.914961
22 11 8344.651829
22 12 8376.486991
22 13 8408.328199
22 14 8440.161884
22 15 8471.994720
22 16 8503.828115
22 17 8535.661605
22 18 8567.495057
22 19 8599.328501
22 20 8631.161948
22 21 8662.995396
22 22 8694.828845
22 23 8726.662294
22 24 8758.495743
22 25 8790.329192
22 26 8822.162642
22 27 8853.996091
22 28 8885.829541
22 29 8917.662990
22 30 8949.496439
22 31 8981.329888
22 32 9013.163336
22 33 9044.996784
22 34 9076.830232
22 35 9108.663679
22 36 9140.497125
22 37 9172.330572
22 38 9204.164017
22 39 9235.997462
22 40 9267.830907
22 41 9299.664351
22 42 9331.497794
22 43 9363.331237
22 44 9395.164679
22 45 9426.998121
22 46 9458.831562
22 47 9490.665003
22 48 9522.498443
22 49 9554.331883
22 50 9586.165322
22 51 9617.998761
22 52 9649.832200
22 53 9681.665638
22 54 9713.499076
22 55 9745.332513
22 56 9777.165951
22 57 9808.999388
22 58 9840.832825
22 59 9872.666261
22 60 9904.499698
22 61 9936.333135
22 62 9968.166571
22 63 10000.000000
23 0 0.000000
23 1 16001.006852
23 2 9086.187625
23 3 7505.933540
23 4 8011.322421
23 5 8194.705944
23 6 8196.303877
23 7 8214.592182
23 8 8248.165955
23 9 8281.162733
23 10 8312.914846
23 11 8344.651714
23 12 8376.486877
23 13 8408.328086
23 14 8440.161772
23 15 8471.994609
23 16 8503.828004
23 17 8535.661496
23 18 8567.494950
23 19 8599.328395
23 20 8631.161843
23 21 8662.995294
23 22 8694.828744
23 23 8726.662196
23 24 8758.495647
23 25 8790.329099
23 26 8822.162551
23 27 8853.996003
23 28 8885.829454
23 29 8917.662906
23 30 8949.496358
23 31 8981.329809
23 32 9013.163260
23 33 9044.996710
23 34 9076.830160
23 35 9108.663610
23 36 9140.497059
23 37 9172.330508
23 38 9204.163956
23 39 9235.997404
23 40 9267.830851
23 41 9299.664297
23 42 9331.497743
23 43 9363.331189
23 44 9395.164634
23 45 9426.998078
23 46 9458.831522
23 47 9490.664965
23 48 9522.498408
23 49 9554.331850
23 50 9586.165292
23 51 9617.998733
23 52 9649.832174
23 53 9681.665615
23 54 9713.499055
23 55 9745.332495
23 56 9777.165935
23 57 9808.999374
23 58 9840.832813
23 59 9872.666253
23 60 9904.499692
23 61 9936.333131
23 62 9968.166569
23 63 10000.000000
24 0 0.000000
24 1 16001.006324
24 2 9086.187525
24 3 7505.933458
24 4 8011.322326
24 5 8194.705846
24 6 8196.303779
24 7 8214.592082
24 8 8248.165854
24 9 8281.162632
24 10 8312.914745
24 11 8344.651613
24 12 8376.486776
24 13 8408.327985
24 14 8440.161671
24 15 8471.994509
24 16 8503.827906
24 17 8535.661399
24 18 8567.494854
24 19 8599.328300
24 20 8631.161750
24 21 8662.995202
24 22 8694.828655
24 23 8726.662108
24 24 8758.495561
24 25 8790.329015
24 26 8822.162469
24 27 8853.995923
24 28 8885.829377
24 29 8917.662831
24 30 8949.496285
24 31 8981.329738
24 32 9013.163191
24 33 9044.996644
24 34 9076.830097
24 35 9108.663549
24 36 9140.497000
24 37 9172.330451
24 38 9204.163902
24 39 9235.997351
24 40 9267.830801
24 41 9299.664250
24 42 9331.497698
24 43 9363.331146
24 44 9395.164593
24 45 9426.998039
24 46 9458.831485
24 47 9490.664931
24 48 9522.498376
24 49 9554.331820
24 50 9586.165264
24 51 9617.998708
24 52 9649.832151
24 53 9681.665594
24 54 9713.499036
24 55 9745.332479
24 56 9777.165920
24 57 9808.999362
24 58 9840.832803
24 59 9872.666245
24 60 9904.499686
24 61 9936.333127
24 62 9968.166568
24 63 10000.000000
25 0 0.000000
25 1 16001.005862
25 2 9086.187439
25 3 7505.933388
25 4 8011.322243
25 5 8194.705761
25 6 8196.303693
25 7 8214.591995
25 8 8248.165767
25 9 8281.162543
25 10 8312.914656
25 11 8344.651524
25 12 8376.486687
25 13 8408.327896
25 14 8440.161583
25 15 8471.994422
25 16 8503.827819
25 17 8535.661313
25 18 8567.494769
25 19 8599.328217
25 20 8631.161669
25 21 8662.995122
25 22 8694.828576
25 23 8726.662031
25 24 8758.495486
25 25 8790.328941
25 26 8822.162397
25 27 8853.995853
25 28 8885.829309
25 29 8917.662764
25 30 8949.496220
25 31 8981.329676
25 32 9013.163131
25 33 9044.996586
25 34 9076.830040
25 35 9108.663494
25 36 9140.496948
25 37 9172.330401
25 38 9204.163853
25 39 9235.997305
25 40 9267.830757
25 41 9299.664207
25 42 9331.497658
25 43 9363.331107
25 44 9395.164556
25 45 9426.998005
25 46 9458.831453
25 47 9490.664900
25 48 9522.498347
25 49 9554.331794
25 50 9586.165240
25 51 9617.998685
25 52 9649.832131
25 53 9681.665575
25 54 9713.499020
25 55 9745.332464
25 56 9777.165908
25 57 9808.999351
25 58 9840.832795
25 59 9872.666238
25 60 9904.499681
25 61 9936.333124
25 62 9968.166567
25 63 10000.000000
26 0 0.000000
26 1 16001.005464
26 2 9086.187365
26 3 7505.933328
26 4 8011.322173
26 5 8194.705689
26 6 8196.303619
26 7 8214.591920
26 8 8248.165691
26 9 8281.162467
26 10 8312.914580
26 11 8344.651448
26 12 8376.486611
26 13 8408.327820
26 14 8440.161508
26 15 8471.994347
26 16 8503.827745
26 17 8535.661240
26 18 8567.494697
26 19 8599.328145
26 20 8631.161598
26 21 8662.995053
26 22 8694.828508
26 23 8726.661964
26 24 8758.495420
26 25 8790.328877
26 26 8822.162335
26 27 8853.995792
26 28 8885.829249
26 29 8917.662707
26 30 8949.496164
26 31 8981.329621
26 32 9013.163078
26 33 9044.996535
26 34 9076.829991
26 35 9108.663447
26 36 9140.496902
26 37 9172.330357
26 38 9204.163811
26 39 9235.997265
26 40 9267.830718
26 41 9299.664171
26 42 9331.497623
26 43 9363.331074
26 44 9395.164525
26 45 9426.997975
26 46 9458.831425
26 47 9490.664874
26 48 9522.498323
26 49 9554.331771
26 50 9586.165219
26 51 9617.998666
26 52 9649.832113
26 53 9681.665559
26 54 9713.499005
26 55 9745.332451
26 56 9777.165897
26 57 9808.999342
26 58 9840.832787
26 59 9872.666232
26 60 9904.499676
26 61 9936.333121
26 62 9968.166566
26 63 10000.000000
27 0 0.000000
27 1 16001.005130
27 2 9086.187305
27 3 7505.933278
27 4 8011.322114
27 5 8194.705629
27 6 8196.303558
27 7 8214.591858
27 8 8248.165628
27 9 8281.162404
27 10 8312.914516
27 11 8344.651384
27 12 8376.486547
27 13 8408.327757
27 14 8440.161444
27 15 8471.994284
27 16 8503.827682
27 17 8535.661178
27 18 8567.494636
27 19 8599.328085
27 20 8631.161539
27 21 8662.994994
27 22 8694.828451
27 23 8726.661908
27 24 8758.495365
27 25 8790.328823
27 26 8822.162282
27 27 8853.995741
27 28 8885.829199
27 29 8917.662658
27 30 8949.496117
27 31 8981.329576
27 32 9013.163034
27 33 9044.996492
27 34 9076.829950
27 35 9108.663407
27 36 9140.496864
27 37 9172.330320
27 38 9204.163776
27 39 9235.997231
27 40 9267.830685
27 41 9299.664139
27 42 9331.497593
27 43 9363.331046
27 44 9395.164498
27 45 9426.997950
27 46 9458.831401
27 47 9490.664852
27 48 9522.498302
27 49 9554.331752
27 50 9586.165201
27 51 9617.998649
27 52 9649.832098
27 53 9681.665546
27 54 9713.498993
27 55 9745.332440
27 56 9777.165887
27 57 9808.999334
27 58 9840.832780
27 59 9872.666226
27 60 9904.499673
27 61 9936.333119
27 62 9968.166565
27 63 10000.000000
28 0 0.000000
28 1 16001.004859
28 2 9086.187257
28 3 7505.933239
28 4 8011.322067
28 5 8194.705581
28 6 8196.303509
28 7 8214.591808
28 8 8248.165578
28 9 8281.162353
28 10 8312.914464
28 11 8344.651332
28 12 8376.486495
28 13 8408.327705
28 14 8440.161393
28 15 8471.994233
28 16 8503.827632
28 17 8535.661128
28 18 8567.494586
28 19 8599.328036
28 20 8631.161490
28 21 8662.994947
28 22 8694.828404
28 23 8726.661862
28 24 8758.495320
28 25 8790.328780
28 26 8822.162239
28 27 8853.995699
28 28 8885.829159
28 29 8917.662619
28 30 8949.496078
28 31 8981.329538
28 32 9013.162998
28 33 9044.996457
28 34 9076.829916
28 35 9108.663374
28 36 9140.496832
28 37 9172.330289
28 38 9204.163746
28 39 9235.997203
28 40 9267.830659
28 41 9299.664114
28 42 9331.497569
28 43 9363.331023
28 44 9395.164476
28 45 9426.997929
28 46 9458.831382
28 47 9490.664834
28 48 9522.498285
28 49 9554.331736
28 50 9586.165186
28 51 9617.998636
28 52 9649.832085
28 53 9681.665534
28 54 9713.498983
28 55 9745.332431
28 56 9777.165879
28 57 9808.999327
28 58 9840.832775
28 59 9872.666222
28 60 9904.499669
28 61 9936.333117
28 62 9968.166564
28 63 10000.000000
29 0 0.000000
29 1 16001.004650
29 2 9086.187221
29 3 7505.933209
29 4 8011.322032
29 5 8194.705544
29 6 8196.303471
29 7 8214.591770
29 8 8248.165539
29 9 8281.162314
29 10 8312.914425
29 11 8344.651292
29 12 8376.486456
29 13 8408.327665
29 14 8440.161353
29 15 8471.994193
29 16 8503.827593
29 17 8535.661089
29 18 8567.494548
29 19 8599.327998
29 20 8631.161453
29 21 8662.994910
29 22 8694.828368
29 23 8726.661827
29 24 8758.495286
29 25 8790.328746
29 26 8822.162206
29 27 8853.995666
29 28 8885.829127
29 29 8917.662588
29 30 8949.496049
29 31 8981.329509
29 32 9013.162970
29 33 9044.996430
29 34 9076.829889
29 35 9108.663349
29 36 9140.496808
29 37 9172.330266
29 38 9204.163724
29 39 9235.997181
29 40 9267.830638
29 41 9299.664094
29 42 9331.497550
29 43 9363.331005
29 44 9395.164459
29 45 9426.997913
29 46 9458.831367
29 47 9490.664819
29 48 9522.498272
29 49 9554.331723
29 50 9586.165175
29 51 9617.998625
29 52 9649.832076
29 53 9681.665526
29 54 9713.498975
29 55 9745.332425
29 56 9777.165873
29 57 9808.999322
29 58 9840.832771
29 59 9872.666219
29 60 9904.499667
29 61 9936.333116
29 62 9968.166563
29 63 10000.000000
30 0 0.000000
30 1 16001.004504
30 2 9086.187197
30 3 7505.933189
30 4 8011.322007
30 5 8194.705519
30 6 8196.303446
30 7 8214.591744
30 8 8248.165513
30 9 8281.162287
30 10 8312.914398
30 11 8344.651265
30 12 8376.486428
30 13 8408.327638
30 14 8440.161326
30 15 8471.994166
30 16 8503.827565
30 17 8535.661062
30 18 8567.494521
30 19 8599.327972
30 20 8631.161427
30 21 8662.994884
30 22 8694.828343
30 23 8726.661802
30 24 8758.495261
30 25 8790.328722
30 26 8822.162183
30 27 8853.995644
30 28 8885.829105
30 29 8917.662566
30 30 8949.496027
30 31 8981.329489
30 32 9013.162950
30 33 9044.996410
30 34 9076.829871
30 35 9108.663331
30 36 9140.496790
30 37 9172.330249
30 38 9204.163708
30 39 9235.997166
30 40 9267.830623
30 41 9299.664080
30 42 9331.497536
30 43 9363.330992
30 44 9395.164447
30 45 9426.997902
30 46 9458.831356
30 47 9490.664809
30 48 9522.498262
30 49 9554.331714
30 50 9586.165166
30 51 9617.998618
30 52 9649.832069
30 53 9681.665519
30 54 9713.498970
30 55 9745.332420
30 56 9777.165869
30 57 9808.999318
30 58 9840.832768
30 59 9872.666216
30 60 9904.499665
30 61 9936.333114
30 62 9968.166563
30 63 10000.000000
31 0 0.000000
31 1 16001.004419
31 2 9086.187185
31 3 7505.933179
31 4 8011.321994
31 5 8194.705506
31 6 8196.303432
31 7 8214.591730
31 8 8248.165498
31 9 8281.162272
31 10 8312.914383
31 11 8344.651250
31 12 8376.486413
31 13 8408.327622
31 14 8440.161310
31 15 8471.994150
31 16 8503.827550
31 17 8535.661047
31 18 8567.494505
31 19 8599.327957
31 20 8631.161412
31 21 8662.994869
31 22 8694.828328
31 23 8726.661787
31 24 8758.495247
31 25 8790.328708
31 26 8822.162169
31 27 8853.995630
31 28 8885.829092
31 29 8917.662553
31 30 8949.496015
31 31 8981.329477
31 32 9013.162938
31 33 9044.996399
31 34 9076.829860
31 35 9108.663320
31 36 9140.496780
31 37 9172.330239
31 38 9204.163698
31 39 9235.997157
31 40 9267.830614
31 41 9299.664072
31 42 9331.497528
31 43 9363.330984
31 44 9395.164440
31 45 9426.997895
31 46 9458.831349
31 47 9490.664803
31 48 9522.498256
31 49 9554.331709
31 50 9586.165161
31 51 9617.998613
31 52 9649.832065
31 53 9681.665516
31 54 9713.498966
31 55 9745.332417
31 56 9777.165867
31 57 9808.999316
31 58 9840.832766
31 59 9872.666215
31 60 9904.499664
31 61 9936.333114
31 62 9968.166563
31 63 10000.000000
32 0 0.000000
32 1 16001.004396
32 2 9086.187184
32 3 7505.933178
32 4 8011.321993
32 5 8194.705504
32 6 8196.303430
32 7 8214.591727
32 8 8248.165495
32 9 8281.162269
32 10 8312.914380
32 11 8344.651246
32 12 8376.486409
32 13 8408.327619
32 14 8440.161307
32 15 8471.994147
32 16 8503.827546
32 17 8535.661043
32 18 8567.494502
32 19 8599.327953
32 20 8631.161408
32 21 8662.994865
32 22 8694.828324
32 23 8726.661783
32 24 8758.495243
32 25 8790.328704
32 26 8822.162165
32 27 8853.995626
32 28 8885.829088
32 29 8917.662550
32 30 8949.496011
32 31 8981.329473
32 32 9013.162934
32 33 9044.996395
32 34 9076.829856
32 35 9108.663317
32 36 9140.496777
32 37 9172.330236
32 38 9204.163695
32 39 9235.997154
32 40 9267.830612
32 41 9299.664069
32 42 9331.497526
32 43 9363.330982
32 44 9395.164438
32 45 9426.997893
32 46 9458.831347
32 47 9490.664801
32 48 9522.498254
32 49 9554.331707
32 50 9586.165160
32 51 9617.998612
32 52 9649.832063
32 53 9681.665514
32 54 9713.498965
32 55 9745.332416
32 56 9777.165866
32 57 9808.999316
32 58 9840.832765
32 59 9872.666215
32 60 9904.499664
32 61 9936.333114
32 62 9968.166562
32 63 10000.000000
33 0 0.000000
33 1 16001.004435
33 2 9086.187195
33 3 7505.933187
33 4 8011.322002
33 5 8194.705513
33 6 8196.303439
33 7 8214.591736
33 8 8248.165504
33 9 8281.162278
33 10 8312.914388
33 11 8344.651255
33 12 8376.486418
33 13 8408.327627
33 14 8440.161315
33 15 8471.994155
33 16 8503.827554
33 17 8535.661050
33 18 8567.494509
33 19 8599.327960
33 20 8631.161415
33 21 8662.994872
33 22 8694.828331
33 23 8726.661790
33 24 8758.495249
33 25 8790.328710
33 26 8822.162171
33 27 8853.995632
33 28 8885.829093
33 29 8917.662555
33 30 8949.496016
33 31 8981.329478
33 32 9013.162939
33 33 9044.996400
33 34 9076.829861
33 35 9108.663321
33 36 9140.496781
33 37 9172.330240
33 38 9204.163699
33 39 9235.997157
33 40 9267.830615
33 41 9299.664072
33 42 9331.497529
33 43 9363.330985
33 44 9395.164440
33 45 9426.997895
33 46 9458.831349
33 47 9490.664803
33 48 9522.498256
33 49 9554.331709
33 50 9586.165161
33 51 9617.998613
33 52 9649.832065
33 53 9681.665516
33 54 9713.498966
33 55 9745.332417
33 56 9777.165867
33 57 9808.999316
33 58 9840.832766
33 59 9872.666215
33 60 9904.499664
33 61 9936.333114
33 62 9968.166563
33 63 10000.000000
34 0 0.000000
34 1 16001.004536
34 2 9086.187217
34 3 7505.933205
34 4 8011.322022
34 5 8194.705534
34 6 8196.303460
34 7 8214.591757
34 8 8248.165525
34 9 8281.162299
34 10 8312.914409
34 11 8344.651276
34 12 8376.486438
34 13 8408.327647
34 14 8440.161335
34 15 8471.994174
34 16 8503.827573
34 17 8535.661069
34 18 8567.494528
34 19 8599.327978
34 20 8631.161433
34 21 8662.994890
34 22 8694.828348
34 23 8726.661807
34 24 8758.495266
34 25 8790.328726
34 26 8822.162186
34 27 8853.995647
34 28 8885.829108
34 29 8917.662569
34 30 8949.496030
34 31 8981.329491
34 32 9013.162952
34 33 9044.996412
34 34 9076.829872
34 35 9108.663332
34 36 9140.496792
34 37 9172.330250
34 38 9204.163709
34 39 9235.997167
34 40 9267.830624
34 41 9299.664081
34 42 9331.497537
34 43 9363.330993
34 44 9395.164448
34 45 9426.997902
34 46 9458.831356
34 47 9490.664809
34 48 9522.498262
34 49 9554.331715
34 50 9586.165166
34 51 9617.998618
34 52 9649.832069
34 53 9681.665519
34 54 9713.498970
34 55 9745.332420
34 56 9777.165869
34 57 9808.999319
34 58 9840.832768
34 59 9872.666217
34 60 9904.499665
34 61 9936.333115
34 62 9968.166563
34 63 10000.000000
35 0 0.000000
35 1 16001.004698
35 2 9086.187252
35 3 7505.933233
35 4 8011.322054
35 5 8194.705566
35 6 8196.303492
35 7 8214.591790
35 8 8248.165558
35 9 8281.162332
35 10 8312.914442
35 11 8344.651308
35 12 8376.486471
35 13 8408.327680
35 14 8440.161367
35 15 8471.994206
35 16 8503.827605
35 17 8535.661100
35 18 8567.494558
35 19 8599.328008
35 20 8631.161462
35 21 8662.994919
35 22 8694.828376
35 23 8726.661834
35 24 8758.495293
35 25 8790.328752
35 26 8822.162212
35 27 8853.995672
35 28 8885.829132
35 29 8917.662592
35 30 8949.496053
35 31 8981.329513
35 32 9013.162973
35 33 9044.996433
35 34 9076.829892
35 35 9108.663351
35 36 9140.496810
35 37 9172.330268
35 38 9204.163725
35 39 9235.997183
35 40 9267.830639
35 41 9299.664095
35 42 9331.497551
35 43 9363.331006
35 44 9395.164460
35 45 9426.997914
35 46 9458.831367
35 47 9490.664820
35 48 9522.498272
35 49 9554.331723
35 50 9586.165175
35 51 9617.998625
35 52 9649.832076
35 53 9681.665526
35 54 9713.498975
35 55 9745.332425
35 56 9777.165873
35 57 9808.999322
35 58 9840.832771
35 59 9872.666219
35 60 9904.499667
35 61 9936.333116
35 62 9968.166563
35 63 10000.000000
36 0 0.000000
36 1 16001.004923
36 2 9086.187298
36 3 7505.933271
36 4 8011.322097
36 5 8194.705610
36 6 8196.303537
36 7 8214.591835
36 8 8248.165603
36 9 8281.162376
36 10 8312.914487
36 11 8344.651353
36 12 8376.486515
36 13 8408.327724
36 14 8440.161411
36 15 8471.994249
36 16 8503.827647
36 17 8535.661143
36 18 8567.494600
36 19 8599.328049
36 20 8631.161503
36 21 8662.994958
36 22 8694.828415
36 23 8726.661872
36 24 8758.495330
36 25 8790.328788
36 26 8822.162247
36 27 8853.995706
36 28 8885.829165
36 29 8917.662625
36 30 8949.496084
36 31 8981.329543
36 32 9013.163002
36 33 9044.996461
36 34 9076.829919
36 35 9108.663377
36 36 9140.496835
36 37 9172.330292
36 38 9204.163749
36 39 9235.997205
36 40 9267.830660
36 41 9299.664115
36 42 9331.497570
36 43 9363.331024
36 44 9395.164477
36 45 9426.997930
36 46 9458.831382
36 47 9490.664834
36 48 9522.498285
36 49 9554.331736
36 50 9586.165186
36 51 9617.998636
36 52 9649.832085
36 53 9681.665534
36 54 9713.498983
36 55 9745.332431
36 56 9777.165879
36 57 9808.999327
36 58 9840.832775
36 59 9872.666222
36 60 9904.499669
36 61 9936.333117
36 62 9968.166564
36 63 10000.000000
37 0 0.000000
37 1 16001.005211
37 2 9086.187356
37 3 7505.933319
37 4 8011.322151
37 5 8194.705666
37 6 8196.303593
37 7 8214.591891
37 8 8248.165660
37 9 8281.162434
37 10 8312.914544
37 11 8344.651410
37 12 8376.486572
37 13 8408.327780
37 14 8440.161467
37 15 8471.994305
37 16 8503.827702
37 17 8535.661197
37 18 8567.494653
37 19 8599.328101
37 20 8631.161554
37 21 8662.995008
37 22 8694.828464
37 23 8726.661920
37 24 8758.495377
37 25 8790.328834
37 26 8822.162292
37 27 8853.995750
37 28 8885.829208
37 29 8917.662666
37 30 8949.496124
37 31 8981.329582
37 32 9013.163039
37 33 9044.996497
37 34 9076.829954
37 35 9108.663411
37 36 9140.496867
37 37 9172.330323
37 38 9204.163778
37 39 9235.997233
37 40 9267.830687
37 41 9299.664141
37 42 9331.497594
37 43 9363.331047
37 44 9395.164499
37 45 9426.997951
37 46 9458.831402
37 47 9490.664852
37 48 9522.498302
37 49 9554.331752
37 50 9586.165201
37 51 9617.998650
37 52 9649.832098
37 53 9681.665546
37 54 9713.498993
37 55 9745.332440
37 56 9777.165887
37 57 9808.999334
37 58 9840.832780
37 59 9872.666226
37 60 9904.499673
37 61 9936.333119
37 62 9968.166565
37 63 10000.000000
38 0 0.000000
38 1 16001.005562
38 2 9086.187427
38 3 7505.933377
38 4 8011.322218
38 5 8194.705733
38 6 8196.303661
38 7 8214.591960
38 8 8248.165729
38 9 8281.162503
38 10 8312.914613
38 11 8344.651479
38 12 8376.486641
38 13 8408.327849
38 14 8440.161535
38 15 8471.994372
38 16 8503.827769
38 17 8535.661262
38 18 8567.494718
38 19 8599.328165
38 20 8631.161616
38 21 8662.995070
38 22 8694.828524
38 23 8726.661979
38 24 8758.495434
38 25 8790.328890
38 26 8822.162346
38 27 8853.995803
38 28 8885.829259
38 29 8917.662716
38 30 8949.496172
38 31 8981.329629
38 32 9013.163085
38 33 9044.996541
38 34 9076.829996
38 35 9108.663451
38 36 9140.496906
38 37 9172.330360
38 38 9204.163814
38 39 9235.997267
38 40 9267.830720
38 41 9299.664172
38 42 9331.497624
38 43 9363.331075
38 44 9395.164526
38 45 9426.997976
38 46 9458.831426
38 47 9490.664875
38 48 9522.498323
38 49 9554.331771
38 50 9586.165219
38 51 9617.998666
38 52 9649.832113
38 53 9681.665559
38 54 9713.499005
38 55 9745.332451
38 56 9777.165897
38 57 9808.999342
38 58 9840.832787
38 59 9872.666232
38 60 9904.499676
38 61 9936.333121
38 62 9968.166566
38 63 10000.000000
39 0 0.000000
39 1 16001.005977
39 2 9086.187511
39 3 7505.933446
39 4 8011.322296
39 5 8194.705813
39 6 8196.303742
39 7 8214.592042
39 8 8248.165811
39 9 8281.162585
39 10 8312.914695
39 11 8344.651561
39 12 8376.486723
39 13 8408.327930
39 14 8440.161615
39 15 8471.994451
39 16 8503.827847
39 17 8535.661339
39 18 8567.494794
39 19 8599.328240
39 20 8631.161690
39 21 8662.995142
39 22 8694.828594
39 23 8726.662048
39 24 8758.495501
39 25 8790.328956
39 26 8822.162410
39 27 8853.995865
39 28 8885.829320
39 29 8917.662775
39 30 8949.496229
39 31 8981.329684
39 32 9013.163138
39 33 9044.996592
39 34 9076.830046
39 35 9108.663499
39 36 9140.496952
39 37 9172.330405
39 38 9204.163857
39 39 9235.997308
39 40 9267.830759
39 41 9299.664209
39 42 9331.497659
39 43 9363.331109
39 44 9395.164558
39 45 9426.998006
39 46 9458.831454
39 47 9490.664901
39 48 9522.498348
39 49 9554.331794
39 50 9586.165240
39 51 9617.998685
39 52 9649.832131
39 53 9681.665575
39 54 9713.499020
39 55 9745.332464
39 56 9777.165908
39 57 9808.999351
39 58 9840.832794
39 59 9872.666238
39 60 9904.499681
39 61 9936.333124
39 62 9968.166567
39 63 10000.000000
40 0 0.000000
40 1 16001.006457
40 2 9086.187608
40 3 7505.933525
40 4 8011.322387
40 5 8194.705906
40 6 8196.303835
40 7 8214.592136
40 8 8248.165905
40 9 8281.162680
40 10 8312.914790
40 11 8344.651656
40 12 8376.486816
40 13 8408.328023
40 14 8440.161707
40 15 8471.994543
40 16 8503.827937
40 17 8535.661429
40 18 8567.494882
40 19 8599.328326
40 20 8631.161775
40 21 8662.995225
40 22 8694.828676
40 23 8726.662127
40 24 8758.495579
40 25 8790.329031
40 26 8822.162484
40 27 8853.995937
40 28 8885.829389
40 29 8917.662842
40 30 8949.496295
40 31 8981.329747
40 32 9013.163200
40 33 9044.996651
40 34 9076.830103
40 35 9108.663554
40 36 9140.497005
40 37 9172.330455
40 38 9204.163905
40 39 9235.997355
40 40 9267.830803
40 41 9299.664252
40 42 9331.497700
40 43 9363.331147
40 44 9395.164594
40 45 9426.998040
40 46 9458.831486
40 47 9490.664931
40 48 9522.498376
40 49 9554.331820
40 50 9586.165264
40 51 9617.998708
40 52 9649.832151
40 53 9681.665594
40 54 9713.499036
40 55 9745.332478
40 56 9777.165920
40 57 9808.999362
40 58 9840.832803
40 59 9872.666245
40 60 9904.499686
40 61 9936.333127
40 62 9968.166568
40 63 10000.000000
41 0 0.000000
41 1 16001.007002
41 2 9086.187719
41 3 7505.933615
41 4 8011.322490
41 5 8194.706011
41 6 8196.303942
41 7 8214.592243
41 8 8248.166013
41 9 8281.162787
41 10 8312.914897
41 11 8344.651763
41 12 8376.486923
41 13 8408.328129
41 14 8440.161812
41 15 8471.994647
41 16 8503.828040
41 17 8535.661530
41 18 8567.494981
41 19 8599.328424
41 20 8631.161870
41 21 8662.995319
41 22 8694.828768
41 23 8726.662217
41 24 8758.495667
41 25 8790.329117
41 26 8822.162567
41 27 8853.996018
41 28 8885.829468
41 29 8917.662919
41 30 8949.496369
41 31 8981.329819
41 32 9013.163269
41 33 9044.996718
41 34 9076.830168
41 35 9108.663616
41 36 9140.497065
41 37 9172.330513
41 38 9204.163960
41 39 9235.997407
41 40 9267.830854
41 41 9299.664300
41 42 9331.497745
41 43 9363.331190
41 44 9395.164635
41 45 9426.998079
41 46 9458.831522
41 47 9490.664965
41 48 9522.498408
41 49 9554.331850
41 50 9586.165291
41 51 9617.998733
41 52 9649.832174
41 53 9681.665614
41 54 9713.499055
41 55 9745.332495
41 56 9777.165934
41 57 9808.999374
41 58 9840.832813
41 59 9872.666252
41 60 9904.499692
41 61 9936.333131
41 62 9968.166570
41 63 10000.000000
42 0 0.000000
42 1 16001.007615
42 2 9086.187845
42 3 7505.933717
42 4 8011.322607
42 5 8194.706130
42 6 8196.304061
42 7 8214.592363
42 8 8248.166133
42 9 8281.162908
42 10 8312.915018
42 11 8344.651883
42 12 8376.487042
42 13 8408.328247
42 14 8440.161929
42 15 8471.994763
42 16 8503.828154
42 17 8535.661642
42 18 8567.495092
42 19 8599.328533
42 20 8631.161978
42 21 8662.995424
42 22 8694.828870
42 23 8726.662317
42 24 8758.495765
42 25 8790.329212
42 26 8822.162660
42 27 8853.996108
42 28 8885.829556
42 29 8917.663004
42 30 8949.496451
42 31 8981.329899
42 32 9013.163346
42 33 9044.996793
42 34 9076.830239
42 35 9108.663685
42 36 9140.497131
42 37 9172.330576
42 38 9204.164021
42 39 9235.997466
42 40 9267.830909
42 41 9299.664353
42 42 9331.497796
42 43 9363.331238
42 44 9395.164680
42 45 9426.998121
42 46 9458.831562
42 47 9490.665003
42 48 9522.498443
42 49 9554.331882
42 50 9586.165322
42 51 9617.998761
42 52 9649.832199
42 53 9681.665637
42 54 9713.499075
42 55 9745.332513
42 56 9777.165950
42 57 9808.999387
42 58 9840.832824
42 59 9872.666261
42 60 9904.499698
42 61 9936.333135
42 62 9968.166571
42 63 10000.000000
43 0 0.000000
43 1 16001.008295
43 2 9086.187986
43 3 7505.933831
43 4 8011.322737
43 5 8194.706263
43 6 8196.304195
43 7 8214.592497
43 8 8248.166267
43 9 8281.163042
43 10 8312.915152
43 11 8344.652016
43 12 8376.487175
43 13 8408.328379
43 14 8440.162059
43 15 8471.994891
43 16 8503.828281
43 17 8535.661767
43 18 8567.495215
43 19 8599.328654
43 20 8631.162096
43 21 8662.995540
43 22 8694.828984
43 23 8726.662428
43 24 8758.495873
43 25 8790.329318
43 26 8822.162763
43 27 8853.996208
43 28 8885.829653
43 29 8917.663098
43 30 8949.496542
43 31 8981.329987
43 32 9013.163431
43 33 9044.996875
43 34 9076.830318
43 35 9108.663761
43 36 9140.497204
43 37 9172.330647
43 38 9204.164088
43 39 9235.997530
43 40 9267.830971
43 41 9299.664411
43 42 9331.497851
43 43 9363.331291
43 44 9395.164730
43 45 9426.998168
43 46 9458.831606
43 47 9490.665044
43 48 9522.498481
43 49 9554.331918
43 50 9586.165355
43 51 9617.998791
43 52 9649.832227
43 53 9681.665662
43 54 9713.499098
43 55 9745.332533
43 56 9777.165967
43 57 9808.999402
43 58 9840.832836
43 59 9872.666271
43 60 9904.499705
43 61 9936.333139
43 62 9968.166573
43 63 10000.000000
44 0 0.000000
44 1 16001.009045
44 2 9086.188142
44 3 7505.933958
44 4 8011.322882
44 5 8194.706410
44 6 8196.304342
44 7 8214.592645
44 8 8248.166416
44 9 8281.163190
44 10 8312.915299
44 11 8344.652163
44 12 8376.487321
44 13 8408.328523
44 14 8440.162202
44 15 8471.995032
44 16 8503.828420
44 17 8535.661904
44 18 8567.495349
44 19 8599.328786
44 20 8631.162225
44 21 8662.995667
44 22 8694.829108
44 23 8726.662549
44 24 8758.495991
44 25 8790.329433
44 26 8822.162875
44 27 8853.996317
44 28 8885.829758
44 29 8917.663200
44 30 8949.496641
44 31 8981.330083
44 32 9013.163524
44 33 9044.996964
44 34 9076.830404
44 35 9108.663844
44 36 9140.497284
44 37 9172.330723
44 38 9204.164161
44 39 9235.997600
44 40 9267.831037
44 41 9299.664475
44 42 9331.497911
44 43 9363.331348
44 44 9395.164784
44 45 9426.998219
44 46 9458.831654
44 47 9490.665089
44 48 9522.498523
44 49 9554.331957
44 50 9586.165391
44 51 9617.998824
44 52 9649.832257
44 53 9681.665690
44 54 9713.499122
44 55 9745.332554
44 56 9777.165986
44 57 9808.999418
44 58 9840.832850
44 59 9872.666281
44 60 9904.499712
44 61 9936.333144
44 62 9968.166575
44 63 10000.000000
45 0 0.000000
45 1 16001.009866
45 2 9086.188315
45 3 7505.934098
45 4 8011.323041
45 5 8194.706572
45 6 8196.304505
45 7 8214.592807
45 8 8248.166578
45 9 8281.163352
45 10 8312.915461
45 11 8344.652323
45 12 8376.487480
45 13 8408.328681
45 14 8440.162358
45 15 8471.995186
45 16 8503.828572
45 17 8535.662053
45 18 8567.495496
45 19 8599.328930
45 20 8631.162366
45 21 8662.995804
45 22 8694.829243
45 23 8726.662681
45 24 8758.496119
45 25 8790.329558
45 26 8822.162996
45 27 8853.996435
45 28 8885.829873
45 29 8917.663311
45 30 8949.496749
45 31 8981.330186
45 32 9013.163624
45 33 9044.997061
45 34 9076.830497
45 35 9108.663934
45 36 9140.497370
45 37 9172.330805
45 38 9204.164240
45 39 9235.997675
45 40 9267.831109
45 41 9299.664543
45 42 9331.497976
45 43 9363.331409
45 44 9395.164842
45 45 9426.998274
45 46 9458.831706
45 47 9490.665137
45 48 9522.498569
45 49 9554.331999
45 50 9586.165430
45 51 9617.998860
45 52 9649.832290
45 53 9681.665719
45 54 9713.499148
45 55 9745.332577
45 56 9777.166006
45 57 9808.999435
45 58 9840.832864
45 59 9872.666292
45 60 9904.499720
45 61 9936.333149
45 62 9968.166577
45 63 10000.000000
46 0 0.000000
46 1 16001.010760
46 2 9086.188506
46 3 7505.934251
46 4 8011.323216
46 5 8194.706749
46 6 8196.304682
46 7 8214.592985
46 8 8248.166756
46 9 8281.163529
46 10 8312.915637
46 11 8344.652498
46 12 8376.487653
46 13 8408.328852
46 14 8440.162527
46 15 8471.995353
46 16 8503.828736
46 17 8535.662215
46 18 8567.495655
46 19 8599.329085
46 20 8631.162519
46 21 8662.995953
46 22 8694.829388
46 23 8726.662823
46 24 8758.496258
46 25 8790.329692
46 26 8822.163127
46 27 8853.996562
46 28 8885.829996
46 29 8917.663430
46 30 8949.496864
46 31 8981.330298
46 32 9013.163731
46 33 9044.997165
46 34 9076.830597
46 35 9108.664030
46 36 9140.497462
46 37 9172.330893
46 38 9204.164325
46 39 9235.997756
46 40 9267.831186
46 41 9299.664616
46 42 9331.498046
46 43 9363.331475
46 44 9395.164904
46 45 9426.998333
46 46 9458.831761
46 47 9490.665189
46 48 9522.498617
46 49 9554.332044
46 50 9586.165471
46 51 9617.998898
46 52 9649.832324
46 53 9681.665750
46 54 9713.499176
46 55 9745.332602
46 56 9777.166028
46 57 9808.999453
46 58 9840.832879
46 59 9872.666304
46 60 9904.499729
46 61 9936.333154
46 62 9968.166579
46 63 10000.000000
47 0 0.000000
47 1 16001.011727
47 2 9086.188715
47 3 7505.934419
47 4 8011.323407
47 5 8194.706942
47 6 8196.304875
47 7 8214.593178
47 8 8248.166948
47 9 8281.163721
47 10 8312.915828
47 11 8344.652687
47 12 8376.487840
47 13 8408.329037
47 14 8440.162710
47 15 8471.995533
47 16 8503.828913
47 17 8535.662389
47 18 8567.495825
47 19 8599.329253
47 20 8631.162683
47 21 8662.996113
47 22 8694.829544
47 23 8726.662975
47 24 8758.496406
47 25 8790.329837
47 26 8822.163267
47 27 8853.996698
47 28 8885.830128
47 29 8917.663558
47 30 8949.496988
47 31 8981.330417
47 32 9013.163846
47 33 9044.997275
47 34 9076.830704
47 35 9108.664132
47 36 9140.497560
47 37 9172.330988
47 38 9204.164415
47 39 9235.997842
47 40 9267.831268
47 41 9299.664694
47 42 9331.498120
47 43 9363.331546
47 44 9395.164971
47 45 9426.998396
47 46 9458.831820
47 47 9490.665244
47 48 9522.498668
47 49 9554.332092
47 50 9586.165515
47 51 9617.998938
47 52 9649.832361
47 53 9681.665784
47 54 9713.499206
47 55 9745.332629
47 56 9777.166051
47 57 9808.999473
47 58 9840.832895
47 59 9872.666316
47 60 9904.499738
47 61 9936.333160
47 62 9968.166582
47 63 10000.000000
48 0 0.000000
48 1 16001.012771
48 2 9086.188944
48 3 7505.934603
48 4 8011.323615
48 5 8194.707152
48 6 8196.305085
48 7 8214.593388
48 8 8248.167157
48 9 8281.163929
48 10 8312.916034
48 11 8344.652891
48 12 8376.488042
48 13 8408.329236
48 14 8440.162907
48 15 8471.995727
48 16 8503.829104
48 17 8535.662576
48 18 8567.496009
48 19 8599.329432
48 20 8631.162858
48 21 8662.996285
48 22 8694.829711
48 23 8726.663138
48 24 8758.496564
48 25 8790.329991
48 26 8822.163417
48 27 8853.996843
48 28 8885.830268
48 29 8917.663694
48 30 8949.497119
48 31 8981.330544
48 32 9013.163969
48 33 9044.997393
48 34 9076.830817
48 35 9108.664241
48 36 9140.497664
48 37 9172.331087
48 38 9204.164510
48 39 9235.997933
48 40 9267.831355
48 41 9299.664777
48 42 9331.498198
48 43 9363.331620
48 44 9395.165041
48 45 9426.998461
48 46 9458.831882
48 47 9490.665302
48 48 9522.498722
48 49 9554.332142
48 50 9586.165561
48 51 9617.998981
48 52 9649.832400
48 53 9681.665819
48 54 9713.499238
48 55 9745.332656
48 56 9777.166075
48 57 9808.999493
48 58 9840.832911
48 59 9872.666330
48 60 9904.499748
48 61 9936.333166
48 62 9968.166584
48 63 10000.000000
49 0 0.000000
49 1 16001.013892
49 2 9086.189193
49 3 7505.934801
49 4 8011.323840
49 5 8194.707380
49 6 8196.305312
49 7 8214.593613
49 8 8248.167382
49 9 8281.164152
49 10 8312.916255
49 11 8344.653111
49 12 8376.488259
49 13 8408.329450
49 14 8440.163117
49 15 8471.995934
49 16 8503.829307
49 17 8535.662775
49 18 8567.496204
49 19 8599.329623
49 20 8631.163045
49 21 8662.996467
49 22 8694.829889
49 23 8726.663311
49 24 8758.496733
49 25 8790.330154
49 26 8822.163575
49 27 8853.996996
49 28 8885.830417
49 29 8917.663838
49 30 8949.497258
49 31 8981.330678
49 32 9013.164098
49 33 9044.997517
49 34 9076.830937
49 35 9108.664355
49 36 9140.497774
49 37 9172.331193
49 38 9204.164611
49 39 9235.998029
49 40 9267.831446
49 41 9299.664864
49 42 9331.498281
49 43 9363.331698
49 44 9395.165114
49 45 9426.998531
49 46 9458.831947
49 47 9490.665363
49 48 9522.498779
49 49 9554.332195
49 50 9586.165610
49 51 9617.999025
49 52 9649.832440
49 53 9681.665856
49 54 9713.499270
49 55 9745.332685
49 56 9777.166100
49 57 9808.999514
49 58 9840.832929
49 59 9872.666343
49 60 9904.499758
49 61 9936.333172
49 62 9968.166587
49 63 10000.000000
50 0 0.000000
50 1 16001.015093
50 2 9086.189463
50 3 7505.935017
50 4 8011.324084
50 5 8194.707625
50 6 8196.305556
50 7 8214.593857
50 8 8248.167624
50 9 8281.164392
50 10 8312.916493
50 11 8344.653345
50 12 8376.488491
50 13 8408.329679
50 14 8440.163342
50 15 8471.996155
50 16 8503.829524
50 17 8535.662988
50 18 8567.496412
50 19 8599.329827
50 20 8631.163243
50 21 8662.996661
50 22 8694.830078
50 23 8726.663494
50 24 8758.496911
50 25 8790.330327
50 26 8822.163743
50 27 8853.997159
50 28 8885.830574
50 29 8917.663990
50 30 8949.497405
50 31 8981.330819
50 32 9013.164234
50 33 9044.997648
50 34 9076.831062
50 35 9108.664476
50 36 9140.497890
50 37 9172.331303
50 38 9204.164716
50 39 9235.998129
50 40 9267.831542
50 41 9299.664955
50 42 9331.498367
50 43 9363.331779
50 44 9395.165191
50 45 9426.998603
50 46 9458.832015
50 47 9490.665427
50 48 9522.498838
50 49 9554.332250
50 50 9586.165661
50 51 9617.999072
50 52 9649.832483
50 53 9681.665894
50 54 9713.499305
50 55 9745.332715
50 56 9777.166126
50 57 9808.999537
50 58 9840.832947
50 59 9872.666358
50 60 9904.499768
50 61 9936.333179
50 62 9968.166589
50 63 10000.000000
51 0 0.000000
51 1 16001.016377
51 2 9086.189756
51 3 7505.935250
51 4 8011.324347
51 5 8194.707890
51 6 8196.305819
51 7 8214.594118
51 8 8248.167883
51 9 8281.164649
51 10 8312.916747
51 11 8344.653597
51 12 8376.488738
51 13 8408.329923
51 14 8440.163582
51 15 8471.996390
51 16 8503.829755
51 17 8535.663214
51 18 8567.496633
51 19 8599.330042
51 20 8631.163454
51 21 8662.996866
51 22 8694.830277
51 23 8726.663688
51 24 8758.497099
51 25 8790.330510
51 26 8822.163920
51 27 8853.997330
51 28 8885.830740
51 29 8917.664149
51 30 8949.497559
51 31 8981.330968
51 32 9013.164377
51 33 9044.997785
51 34 9076.831194
51 35 9108.664602
51 36 9140.498011
51 37 9172.331419
51 38 9204.164827
51 39 9235.998234
51 40 9267.831642
51 41 9299.665050
51 42 9331.498457
51 43 9363.331864
51 44 9395.165272
51 45 9426.998679
51 46 9458.832086
51 47 9490.665493
51 48 9522.498900
51 49 9554.332307
51 50 9586.165713
51 51 9617.999120
51 52 9649.832527
51 53 9681.665933
51 54 9713.499340
51 55 9745.332747
51 56 9777.166153
51 57 9808.999560
51 58 9840.832966
51 59 9872.666373
51 60 9904.499779
51 61 9936.333186
51 62 9968.166592
51 63 10000.000000
52 0 0.000000
52 1 16001.017745
52 2 9086.190073
52 3 7505.935501
52 4 8011.324630
52 5 8194.708175
52 6 8196.306102
52 7 8214.594398
52 8 8248.168161
52 9 8281.164924
52 10 8312.917018
52 11 8344.653864
52 12 8376.489002
52 13 8408.330182
52 14 8440.163837
52 15 8471.996640
52 16 8503.829999
52 17 8535.663453
52 18 8567.496867
52 19 8599.330270
52 20 8631.163676
52 21 8662.997082
52 22 8694.830488
52 23 8726.663893
52 24 8758.497297
52 25 8790.330702
52 26 8822.164106
52 27 8853.997510
52 28 8885.830913
52 29 8917.664317
52 30 8949.497720
52 31 8981.331123
52 32 9013.164526
52 33 9044.997929
52 34 9076.831331
52 35 9108.664734
52 36 9140.498136
52 37 9172.331539
52 38 9204.164941
52 39 9235.998344
52 40 9267.831746
52 41 9299.665148
52 42 9331.498550
52 43 9363.331952
52 44 9395.165355
52 45 9426.998757
52 46 9458.832159
52 47 9490.665561
52 48 9522.498963
52 49 9554.332366
52 50 9586.165768
52 51 9617.999170
52 52 9649.832572
52 53 9681.665974
52 54 9713.499377
52 55 9745.332779
52 56 9777.166181
52 57 9808.999583
52 58 9840.832986
52 59 9872.666388
52 60 9904.499790
52 61 9936.333193
52 62 9968.166595
52 63 10000.000000
53 0 0.000000
53 1 16001.019200
53 2 9086.190415
53 3 7505.935772
53 4 8011.324935
53 5 8194.708481
53 6 8196.306404
53 7 8214.594698
53 8 8248.168458
53 9 8281.165217
53 10 8312.917308
53 11 8344.654149
53 12 8376.489282
53 13 8408.330457
53 14 8440.164107
53 15 8471.996905
53 16 8503.830258
53 17 8535.663706
53 18 8567.497114
53 19 8599.330511
53 20 8631.163910
53 21 8662.997310
53 22 8694.830709
53 23 8726.664108
53 24 8758.497506
53 25 8790.330903
53 26 8822.164301
53 27 8853.997698
53 28 8885.831095
53 29 8917.664492
53 30 8949.497889
53 31 8981.331285
53 32 9013.164682
53 33 9044.998078
53 34 9076.831474
53 35 9108.664871
53 36 9140.498267
53 37 9172.331664
53 38 9204.165060
53 39 9235.998457
53 40 9267.831853
53 41 9299.665250
53 42 9331.498647
53 43 9363.332043
53 44 9395.165440
53 45 9426.998837
53 46 9458.832234
53 47 9490.665632
53 48 9522.499029
53 49 9554.332426
53 50 9586.165824
53 51 9617.999221
53 52 9649.832619
53 53 9681.666016
53 54 9713.499414
53 55 9745.332812
53 56 9777.166210
53 57 9808.999608
53 58 9840.833006
53 59 9872.666404
53 60 9904.499802
53 61 9936.333200
53 62 9968.166598
53 63 10000.000000
54 0 0.000000
54 1 16001.020744
54 2 9086.190783
54 3 7505.936063
54 4 8011.325261
54 5 8194.708808
54 6 8196.306728
54 7 8214.595018
54 8 8248.168774
54 9 8281.165529
54 10 8312.917616
54 11 8344.654452
54 12 8376.489580
54 13 8408.330749
54 14 8440.164393
54 15 8471.997184
54 16 8503.830532
54 17 8535.663973
54 18 8567.497374
54 19 8599.330765
54 20 8631.164157
54 21 8662.997550
54 22 8694.830941
54 23 8726.664333
54 24 8758.497724
54 25 8790.331114
54 26 8822.164505
54 27 8853.997895
54 28 8885.831284
54 29 8917.664674
54 30 8949.498064
54 31 8981.331454
54 32 9013.164843
54 33 9044.998233
54 34 9076.831623
54 35 9108.665013
54 36 9140.498403
54 37 9172.331793
54 38 9204.165183
54 39 9235.998573
54 40 9267.831964
54 41 9299.665355
54 42 9331.498746
54 43 9363.332137
54 44 9395.165528
54 45 9426.998920
54 46 9458.832312
54 47 9490.665704
54 48 9522.499096
54 49 9554.332488
54 50 9586.165881
54 51 9617.999274
54 52 9649.832666
54 53 9681.666059
54 54 9713.499453
54 55 9745.332846
54 56 9777.166239
54 57 9808.999633
54 58 9840.833026
54 59 9872.666420
54 60 9904.499813
54 61 9936.333207
54 62 9968.166601
54 63 10000.000000
55 0 0.000000
55 1 16001.022381
55 2 9086.191179
55 3 7505.936375
55 4 8011.325611
55 5 8194.709158
55 6 8196.307073
55 7 8214.595360
55 8 8248.169111
55 9 8281.165862
55 10 8312.917942
55 11 8344.654774
55 12 8376.489895
55 13 8408.331058
55 14 8440.164695
55 15 8471.997480
55 16 8503.830820
55 17 8535.664255
55 18 8567.497648
55 19 8599.331031
55 20 8631.164416
55 21 8662.997801
55 22 8694.831185
55 23 8726.664569
55 24 8758.497952
55 25 8790.331334
55 26 8822.164717
55 27 8853.998099
55 28 8885.831482
55 29 8917.664864
55 30 8949.498246
55 31 8981.331628
55 32 9013.165011
55 33 9044.998393
55 34 9076.831776
55 35 9108.665159
55 36 9140.498542
55 37 9172.331926
55 38 9204.165309
55 39 9235.998694
55 40 9267.832078
55 41 9299.665463
55 42 9331.498848
55 43 9363.332233
55 44 9395.165619
55 45 9426.999005
55 46 9458.832391
55 47 9490.665777
55 48 9522.499164
55 49 9554.332552
55 50 9586.165939
55 51 9617.999327
55 52 9649.832715
55 53 9681.666103
55 54 9713.499491
55 55 9745.332880
55 56 9777.166269
55 57 9808.999658
55 58 9840.833047
55 59 9872.666436
55 60 9904.499825
55 61 9936.333214
55 62 9968.166604
55 63 10000.000000
56 0 0.000000
56 1 16001.024112
56 2 9086.191604
56 3 7505.936709
56 4 8011.325985
56 5 8194.709532
56 6 8196.307442
56 7 8214.595724
56 8 8248.169470
56 9 8281.166215
56 10 8312.918289
56 11 8344.655114
56 12 8376.490229
56 13 8408.331385
56 14 8440.165015
56 15 8471.997792
56 16 8503.831124
56 17 8535.664551
56 18 8567.497936
56 19 8599.331311
56 20 8631.164687
56 21 8662.998064
56 22 8694.831440
56 23 8726.664815
56 24 8758.498190
56 25 8790.331564
56 26 8822.164938
56 27 8853.998312
56 28 8885.831686
56 29 8917.665061
56 30 8949.498435
56 31 8981.331809
56 32 9013.165184
56 33 9044.998559
56 34 9076.831934
56 35 9108.665310
56 36 9140.498686
56 37 9172.332062
56 38 9204.165439
56 39 9235.998817
56 40 9267.832194
56 41 9299.665573
56 42 9331.498951
56 43 9363.332331
56 44 9395.165710
56 45 9426.999091
56 46 9458.832471
56 47 9490.665852
56 48 9522.499234
56 49 9554.332616
56 50 9586.165998
56 51 9617.999381
56 52 9649.832764
56 53 9681.666147
56 54 9713.499531
56 55 9745.332915
56 56 9777.166299
56 57 9808.999683
56 58 9840.833068
56 59 9872.666452
56 60 9904.499837
56 61 9936.333222
56 62 9968.166607
56 63 10000.000000
57 0 0.000000
57 1 16001.025941
57 2 9086.192060
57 3 7505.937067
57 4 8011.326384
57 5 8194.709931
57 6 8196.307835
57 7 8214.596111
57 8 8248.169851
57 9 8281.166589
57 10 8312.918657
57 11 8344.655475
57 12 8376.490582
57 13 8408.331730
57 14 8440.165352
57 15 8471.998120
57 16 8503.831444
57 17 8535.664862
57 18 8567.498238
57 19 8599.331604
57 20 8631.164972
57 21 8662.998339
57 22 8694.831706
57 23 8726.665072
57 24 8758.498437
57 25 8790.331803
57 26 8822.165168
57 27 8853.998533
57 28 8885.831899
57 29 8917.665264
57 30 8949.498630
57 31 8981.331996
57 32 9013.165362
57 33 9044.998729
57 34 9076.832097
57 35 9108.665465
57 36 9140.498833
57 37 9172.332202
57 38 9204.165572
57 39 9235.998942
57 40 9267.832313
57 41 9299.665685
57 42 9331.499057
57 43 9363.332430
57 44 9395.165804
57 45 9426.999178
57 46 9458.832553
57 47 9490.665928
57 48 9522.499304
57 49 9554.332680
57 50 9586.166057
57 51 9617.999435
57 52 9649.832813
57 53 9681.666191
57 54 9713.499570
57 55 9745.332949
57 56 9777.166329
57 57 9808.999709
57 58 9840.833089
57 59 9872.666469
57 60 9904.499849
57 61 9936.333229
57 62 9968.166610
57 63 10000.000000
58 0 0.000000
58 1 16001.027871
58 2 9086.192547
58 3 7505.937449
58 4 8011.326810
58 5 8194.710357
58 6 8196.308252
58 7 8214.596522
58 8 8248.170255
58 9 8281.166986
58 10 8312.919046
58 11 8344.655855
58 12 8376.490954
58 13 8408.332094
58 14 8440.165706
58 15 8471.998466
58 16 8503.831780
58 17 8535.665188
58 18 8567.498555
58 19 8599.331911
58 20 8631.165269
58 21 8662.998626
58 22 8694.831983
58 23 8726.665339
58 24 8758.498695
58 25 8790.332051
58 26 8822.165406
58 27 8853.998762
58 28 8885.832118
58 29 8917.665474
58 30 8949.498831
58 31 8981.332188
58 32 9013.165546
58 33 9044.998904
58 34 9076.832263
58 35 9108.665623
58 36 9140.498983
58 37 9172.332345
58 38 9204.165707
58 39 9235.999070
58 40 9267.832434
58 41 9299.665798
58 42 9331.499164
58 43 9363.332530
58 44 9395.165897
58 45 9426.999265
58 46 9458.832634
58 47 9490.666004
58 48 9522.499374
58 49 9554.332745
58 50 9586.166117
58 51 9617.999489
58 52 9649.832862
58 53 9681.666235
58 54 9713.499609
58 55 9745.332984
58 56 9777.166359
58 57 9808.999734
58 58 9840.833109
58 59 9872.666485
58 60 9904.499861
58 61 9936.333236
58 62 9968.166613
58 63 10000.000000
59 0 0.000000
59 1 16001.029901
59 2 9086.193066
59 3 7505.937855
59 4 8011.327261
59 5 8194.710807
59 6 8196.308694
59 7 8214.596956
59 8 8248.170681
59 9 8281.167404
59 10 8312.919455
59 11 8344.656255
59 12 8376.491345
59 13 8408.332475
59 14 8440.166077
59 15 8471.998827
59 16 8503.832131
59 17 8535.665528
59 18 8567.498884
59 19 8599.332230
59 20 8631.165577
59 21 8662.998923
59 22 8694.832270
59 23 8726.665615
59 24 8758.498960
59 25 8790.332306
59 26 8822.165651
59 27 8853.998996
59 28 8885.832342
59 29 8917.665689
59 30 8949.499036
59 31 8981.332383
59 32 9013.165732
59 33 9044.999081
59 34 9076.832431
59 35 9108.665782
59 36 9140.499135
59 37 9172.332488
59 38 9204.165842
59 39 9235.999197
59 40 9267.832554
59 41 9299.665911
59 42 9331.499270
59 43 9363.332630
59 44 9395.165990
59 45 9426.999352
59 46 9458.832715
59 47 9490.666079
59 48 9522.499443
59 49 9554.332809
59 50 9586.166175
59 51 9617.999542
59 52 9649.832910
59 53 9681.666279
59 54 9713.499648
59 55 9745.333017
59 56 9777.166388
59 57 9808.999758
59 58 9840.833129
59 59 9872.666501
59 60 9904.499872
59 61 9936.333244
59 62 9968.166616
59 63 10000.000000
60 0 0.000000
60 1 16001.032041
60 2 9086.193623
60 3 7505.938290
60 4 8011.327745
60 5 8194.711288
60 6 8196.309166
60 7 8214.597419
60 8 8248.171136
60 9 8281.167849
60 10 8312.919891
60 11 8344.656681
60 12 8376.491760
60 13 8408.332879
60 14 8440.166470
60 15 8471.999209
60 16 8503.832501
60 17 8535.665887
60 18 8567.499232
60 19 8599.332566
60 20 8631.165901
60 21 8662.999236
60 22 8694.832571
60 23 8726.665905
60 24 8758.499239
60 25 8790.332572
60 26 8822.165907
60 27 8853.999241
60 28 8885.832576
60 29 8917.665912
60 30 8949.499249
60 31 8981.332586
60 32 9013.165925
60 33 9044.999264
60 34 9076.832605
60 35 9108.665947
60 36 9140.499290
60 37 9172.332635
60 38 9204.165981
60 39 9235.999328
60 40 9267.832677
60 41 9299.666027
60 42 9331.499378
60 43 9363.332731
60 44 9395.166085
60 45 9426.999440
60 46 9458.832797
60 47 9490.666154
60 48 9522.499513
60 49 9554.332873
60 50 9586.166234
60 51 9617.999595
60 52 9649.832958
60 53 9681.666322
60 54 9713.499686
60 55 9745.333051
60 56 9777.166417
60 57 9808.999783
60 58 9840.833149
60 59 9872.666516
60 60 9904.499884
60 61 9936.333251
60 62 9968.166619
60 63 10000.000000
61 0 0.000000
61 1 16001.034359
61 2 9086.194262
61 3 7505.938790
61 4 8011.328298
61 5 8194.711840
61 6 8196.309706
61 7 8214.597949
61 8 8248.171656
61 9 8281.168358
61 10 8312.920389
61 11 8344.657167
61 12 8376.492234
61 13 8408.333341
61 14 8440.166920
61 15 8471.999645
61 16 8503.832925
61 17 8535.666298
61 18 8567.499629
61 19 8599.332949
61 20 8631.166271
61 21 8662.999593
61 22 8694.832915
61 23 8726.666235
61 24 8758.499556
61 25 8790.332877
61 26 8822.166198
61 27 8853.999520
61 28 8885.832843
61 29 8917.666167
61 30 8949.499491
61 31 8981.332817
61 32 9013.166144
61 33 9044.999473
61 34 9076.832803
61 35 9108.666134
61 36 9140.499467
61 37 9172.332802
61 38 9204.166138
61 39 9235.999476
61 40 9267.832816
61 41 9299.666158
61 42 9331.499501
61 43 9363.332845
61 44 9395.166191
61 45 9426.999539
61 46 9458.832888
61 47 9490.666239
61 48 9522.499591
61 49 9554.332945
61 50 9586.166299
61 51 9617.999655
61 52 9649.833012
61 53 9681.666370
61 54 9713.499729
61 55 9745.333089
61 56 9777.166449
61 57 9808.999810
61 58 9840.833172
61 59 9872.666534
61 60 9904.499896
61 61 9936.333259
61 62 9968.166622
61 63 10000.000000
62 0 0.000000
62 1 16001.036750
62 2 9086.194913
62 3 7505.939298
62 4 8011.328861
62 5 8194.712399
62 6 8196.310253
62 7 8214.598485
62 8 8248.172181
62 9 8281.168871
62 10 8312.920890
62 11 8344.657656
62 12 8376.492710
62 13 8408.333803
62 14 8440.167369
62 15 8472.000081
62 16 8503.833347
62 17 8535.666706
62 18 8567.500023
62 19 8599.333329
62 20 8631.166637
62 21 8662.999945
62 22 8694.833252
62 23 8726.666559
62 24 8758.499866
62 25 8790.333174
62 26 8822.166482
62 27 8853.999791
62 28 8885.833101
62 29 8917.666412
62 30 8949.499724
62 31 8981.333038
62 32 9013.166354
62 33 9044.999671
62 34 9076.832990
62 35 9108.666311
62 36 9140.499634
62 37 9172.332959
62 38 9204.166286
62 39 9235.999615
62 40 9267.832945
62 41 9299.666278
62 42 9331.499613
62 43 9363.332950
62 44 9395.166289
62 45 9426.999629
62 46 9458.832972
62 47 9490.666316
62 48 9522.499662
62 49 9554.333009
62 50 9586.166358
62 51 9617.999708
62 52 9649.833060
62 53 9681.666413
62 54 9713.499767
62 55 9745.333122
62 56 9777.166478
62 57 9808.999834
62 58 9840.833191
62 59 9872.666549
62 60 9904.499908
62 61 9936.333265
62 62 9968.166625
62 63 10000.000000
63 0 0.000000
63 1 16001.036750
63 2 9086.194913
63 3 7505.939298
63 4 8011.328861
63 5 8194.712399
63 6 8196.310253
63 7 8214.598485
63 8 8248.172181
63 9 8281.168871
63 10 8312.920890
63 11 8344.657656
63 12 8376.492710
63 13 8408.333803
63 14 8440.167369
63 15 8472.000081
63 16 8503.833347
63 17 8535.666706
63 18 8567.500023
63 19 8599.333329
63 20 8631.166637
63 21 8662.999945
63 22 8694.833252
63 23 8726.666559
63 24 8758.499866
63 25 8790.333174
63 26 8822.166482
63 27 8853.999791
63 28 8885.833101
63 29 8917.666412
63 30 8949.499724
63 31 8981.333038
63 32 9013.166354
63 33 9044.999671
63 34 9076.832990
63 35 9108.666311
63 36 9140.499634
63 37 9172.332959
63 38 9204.166286
63 39 9235.999615
63 40 9267.832945
63 41 9299.666278
63 42 9331.499613
63 43 9363.332950
63 44 9395.166289
63 45 9426.999629
63 46 9458.832972
63 47 9490.666316
63 48 9522.499662
63 49 9554.333009
63 50 9586.166358
63 51 9617.999708
63 52 9649.833060
63 53 9681.666413
63 54 9713.499767
63 55 9745.333122
63 56 9777.166478
63 57 9808.999834
63 58 9840.833191
63 59 9872.666549
63 60 9904.499908
63 61 9936.333265
63 62 9968.166625
63 63 10000.000000
