0 0 0.000000
0 1 0.000000
0 2 0.000000
0 3 0.000000
0 4 0.000000
0 5 0.000000
0 6 0.000000
0 7 0.000000
0 8 0.000000
0 9 0.000000
0 10 0.000000
0 11 0.000000
0 12 0.000000
0 13 0.000000
0 14 0.000000
0 15 0.000000
0 16 0.000000
0 17 0.000000
0 18 0.000000
0 19 0.000000
0 20 0.000000
0 21 0.000000
0 22 0.000000
0 23 0.000000
0 24 0.000000
0 25 0.000000
0 26 0.000000
0 27 0.000000
0 28 0.000000
0 29 0.000000
0 30 0.000000
0 31 0.000000
0 32 0.000000
0 33 0.000000
0 34 0.000000
0 35 0.000000
0 36 0.000000
0 37 0.000000
0 38 0.000000
0 39 0.000000
0 40 0.000000
0 41 0.000000
0 42 0.000000
0 43 0.000000
0 44 0.000000
0 45 0.000000
0 46 0.000000
0 47 0.000000
0 48 0.000000
0 49 0.000000
0 50 0.000000
0 51 0.000000
0 52 0.000000
0 53 0.000000
0 54 0.000000
0 55 0.000000
0 56 0.000000
0 57 0.000000
0 58 0.000000
0 59 0.000000
0 60 0.000000
0 61 0.000000
0 62 0.000000
0 63 0.000000
1 0 -0.312489
1 1 -0.312489
1 2 -0.229874
1 3 -0.225827
1 4 -0.232181
1 5 -0.232814
1 6 -0.232341
1 7 -0.232268
1 8 -0.232302
1 9 -0.232310
1 10 -0.232308
1 11 -0.232307
1 12 -0.232308
1 13 -0.232308
1 14 -0.232308
1 15 -0.232308
1 16 -0.232308
1 17 -0.232308
1 18 -0.232308
1 19 -0.232309
1 20 -0.232309
1 21 -0.232309
1 22 -0.232309
1 23 -0.232309
1 24 -0.232309
1 25 -0.232309
1 26 -0.232309
1 27 -0.232309
1 28 -0.232309
1 29 -0.232309
1 30 -0.232309
1 31 -0.232309
1 32 -0.232309
1 33 -0.232309
1 34 -0.232309
1 35 -0.232309
1 36 -0.232309
1 37 -0.232310
1 38 -0.232310
1 39 -0.232310
1 40 -0.232310
1 41 -0.232310
1 42 -0.232310
1 43 -0.232310
1 44 -0.232310
1 45 -0.232310
1 46 -0.232310
1 47 -0.232310
1 48 -0.232310
1 49 -0.232310
1 50 -0.232310
1 51 -0.232310
1 52 -0.232310
1 53 -0.232310
1 54 -0.232310
1 55 -0.232310
1 56 -0.232310
1 57 -0.232310
1 58 -0.232310
1 59 -0.232310
1 60 -0.232310
1 61 -0.232310
1 62 -0.232310
1 63 -0.232310
2 0 -0.312488
2 1 -0.312488
2 2 -0.229874
2 3 -0.225827
2 4 -0.232181
2 5 -0.232813
2 6 -0.232341
2 7 -0.232268
2 8 -0.232302
2 9 -0.232309
2 10 -0.232307
2 11 -0.232307
2 12 -0.232307
2 13 -0.232307
2 14 -0.232307
2 15 -0.232307
2 16 -0.232308
2 17 -0.232308
2 18 -0.232308
2 19 -0.232308
2 20 -0.232308
2 21 -0.232308
2 22 -0.232308
2 23 -0.232308
2 24 -0.232308
2 25 -0.232308
2 26 -0.232308
2 27 -0.232308
2 28 -0.232308
2 29 -0.232309
2 30 -0.232309
2 31 -0.232309
2 32 -0.232309
2 33 -0.232309
2 34 -0.232309
2 35 -0.232309
2 36 -0.232309
2 37 -0.232309
2 38 -0.232309
2 39 -0.232309
2 40 -0.232309
2 41 -0.232309
2 42 -0.232309
2 43 -0.232309
2 44 -0.232309
2 45 -0.232309
2 46 -0.232309
2 47 -0.232309
2 48 -0.232309
2 49 -0.232309
2 50 -0.232309
2 51 -0.232309
2 52 -0.232309
2 53 -0.232309
2 54 -0.232309
2 55 -0.232309
2 56 -0.232309
2 57 -0.232309
2 58 -0.232309
2 59 -0.232309
2 60 -0.232309
2 61 -0.232309
2 62 -0.232309
2 63 -0.232309
3 0 -0.312488
3 1 -0.312488
3 2 -0.229873
3 3 -0.225826
3 4 -0.232181
3 5 -0.232813
3 6 -0.232340
3 7 -0.232267
3 8 -0.232301
3 9 -0.232309
3 10 -0.232307
3 11 -0.232306
3 12 -0.232306
3 13 -0.232307
3 14 -0.232307
3 15 -0.232307
3 16 -0.232307
3 17 -0.232307
3 18 -0.232307
3 19 -0.232307
3 20 -0.232307
3 21 -0.232307
3 22 -0.232307
3 23 -0.232308
3 24 -0.232308
3 25 -0.232308
3 26 -0.232308
3 27 -0.232308
3 28 -0.232308
3 29 -0.232308
3 30 -0.232308
3 31 -0.232308
3 32 -0.232308
3 33 -0.232308
3 34 -0.232308
3 35 -0.232308
3 36 -0.232308
3 37 -0.232308
3 38 -0.232308
3 39 -0.232308
3 40 -0.232308
3 41 -0.232308
3 42 -0.232308
3 43 -0.232308
3 44 -0.232308
3 45 -0.232308
3 46 -0.232308
3 47 -0.232308
3 48 -0.232308
3 49 -0.232308
3 50 -0.232308
3 51 -0.232308
3 52 -0.232308
3 53 -0.232308
3 54 -0.232308
3 55 -0.232308
3 56 -0.232308
3 57 -0.232308
3 58 -0.232308
3 59 -0.232308
3 60 -0.232308
3 61 -0.232308
3 62 -0.232308
3 63 -0.232308
4 0 -0.312488
4 1 -0.312488
4 2 -0.229873
4 3 -0.225826
4 4 -0.232180
4 5 -0.232813
4 6 -0.232340
4 7 -0.232267
4 8 -0.232301
4 9 -0.232308
4 10 -0.232306
4 11 -0.232306
4 12 -0.232306
4 13 -0.232306
4 14 -0.232306
4 15 -0.232306
4 16 -0.232306
4 17 -0.232306
4 18 -0.232307
4 19 -0.232307
4 20 -0.232307
4 21 -0.232307
4 22 -0.232307
4 23 -0.232307
4 24 -0.232307
4 25 -0.232307
4 26 -0.232307
4 27 -0.232307
4 28 -0.232307
4 29 -0.232307
4 30 -0.232307
4 31 -0.232307
4 32 -0.232307
4 33 -0.232307
4 34 -0.232307
4 35 -0.232307
4 36 -0.232307
4 37 -0.232307
4 38 -0.232307
4 39 -0.232307
4 40 -0.232307
4 41 -0.232307
4 42 -0.232307
4 43 -0.232307
4 44 -0.232307
4 45 -0.232308
4 46 -0.232308
4 47 -0.232308
4 48 -0.232308
4 49 -0.232308
4 50 -0.232308
4 51 -0.232308
4 52 -0.232308
4 53 -0.232308
4 54 -0.232308
4 55 -0.232308
4 56 -0.232308
4 57 -0.232308
4 58 -0.232308
4 59 -0.232308
4 60 -0.232308
4 61 -0.232308
4 62 -0.232308
4 63 -0.232308
5 0 -0.312487
5 1 -0.312487
5 2 -0.229873
5 3 -0.225826
5 4 -0.232180
5 5 -0.232812
5 6 -0.232339
5 7 -0.232266
5 8 -0.232300
5 9 -0.232308
5 10 -0.232306
5 11 -0.232305
5 12 -0.232305
5 13 -0.232306
5 14 -0.232306
5 15 -0.232306
5 16 -0.232306
5 17 -0.232306
5 18 -0.232306
5 19 -0.232306
5 20 -0.232306
5 21 -0.232306
5 22 -0.232306
5 23 -0.232306
5 24 -0.232306
5 25 -0.232306
5 26 -0.232306
5 27 -0.232306
5 28 -0.232306
5 29 -0.232307
5 30 -0.232307
5 31 -0.232307
5 32 -0.232307
5 33 -0.232307
5 34 -0.232307
5 35 -0.232307
5 36 -0.232307
5 37 -0.232307
5 38 -0.232307
5 39 -0.232307
5 40 -0.232307
5 41 -0.232307
5 42 -0.232307
5 43 -0.232307
5 44 -0.232307
5 45 -0.232307
5 46 -0.232307
5 47 -0.232307
5 48 -0.232307
5 49 -0.232307
5 50 -0.232307
5 51 -0.232307
5 52 -0.232307
5 53 -0.232307
5 54 -0.232307
5 55 -0.232307
5 56 -0.232307
5 57 -0.232307
5 58 -0.232307
5 59 -0.232307
5 60 -0.232307
5 61 -0.232307
5 62 -0.232307
5 63 -0.232307
6 0 -0.312487
6 1 -0.312487
6 2 -0.229872
6 3 -0.225825
6 4 -0.232180
6 5 -0.232812
6 6 -0.232339
6 7 -0.232266
6 8 -0.232300
6 9 -0.232308
6 10 -0.232305
6 11 -0.232305
6 12 -0.232305
6 13 -0.232305
6 14 -0.232305
6 15 -0.232305
6 16 -0.232305
6 17 -0.232305
6 18 -0.232305
6 19 -0.232306
6 20 -0.232306
6 21 -0.232306
6 22 -0.232306
6 23 -0.232306
6 24 -0.232306
6 25 -0.232306
6 26 -0.232306
6 27 -0.232306
6 28 -0.232306
6 29 -0.232306
6 30 -0.232306
6 31 -0.232306
6 32 -0.232306
6 33 -0.232306
6 34 -0.232306
6 35 -0.232306
6 36 -0.232306
6 37 -0.232306
6 38 -0.232306
6 39 -0.232306
6 40 -0.232306
6 41 -0.232306
6 42 -0.232306
6 43 -0.232306
6 44 -0.232306
6 45 -0.232306
6 46 -0.232306
6 47 -0.232306
6 48 -0.232306
6 49 -0.232306
6 50 -0.232306
6 51 -0.232306
6 52 -0.232306
6 53 -0.232306
6 54 -0.232306
6 55 -0.232306
6 56 -0.232306
6 57 -0.232306
6 58 -0.232306
6 59 -0.232306
6 60 -0.232306
6 61 -0.232306
6 62 -0.232306
6 63 -0.232306
7 0 -0.312487
7 1 -0.312487
7 2 -0.229872
7 3 -0.225825
7 4 -0.232179
7 5 -0.232812
7 6 -0.232339
7 7 -0.232266
7 8 -0.232300
7 9 -0.232307
7 10 -0.232305
7 11 -0.232304
7 12 -0.232304
7 13 -0.232305
7 14 -0.232305
7 15 -0.232305
7 16 -0.232305
7 17 -0.232305
7 18 -0.232305
7 19 -0.232305
7 20 -0.232305
7 21 -0.232305
7 22 -0.232305
7 23 -0.232305
7 24 -0.232305
7 25 -0.232305
7 26 -0.232305
7 27 -0.232305
7 28 -0.232305
7 29 -0.232305
7 30 -0.232305
7 31 -0.232305
7 32 -0.232305
7 33 -0.232305
7 34 -0.232305
7 35 -0.232305
7 36 -0.232305
7 37 -0.232306
7 38 -0.232306
7 39 -0.232306
7 40 -0.232306
7 41 -0.232306
7 42 -0.232306
7 43 -0.232306
7 44 -0.232306
7 45 -0.232306
7 46 -0.232306
7 47 -0.232306
7 48 -0.232306
7 49 -0.232306
7 50 -0.232306
7 51 -0.232306
7 52 -0.232306
7 53 -0.232306
7 54 -0.232306
7 55 -0.232306
7 56 -0.232306
7 57 -0.232306
7 58 -0.232306
7 59 -0.232306
7 60 -0.232306
7 61 -0.232306
7 62 -0.232306
7 63 -0.232306
8 0 -0.312487
8 1 -0.312487
8 2 -0.229872
8 3 -0.225825
8 4 -0.232179
8 5 -0.232811
8 6 -0.232338
8 7 -0.232265
8 8 -0.232299
8 9 -0.232307
8 10 -0.232304
8 11 -0.232304
8 12 -0.232304
8 13 -0.232304
8 14 -0.232304
8 15 -0.232304
8 16 -0.232304
8 17 -0.232304
8 18 -0.232304
8 19 -0.232304
8 20 -0.232305
8 21 -0.232305
8 22 -0.232305
8 23 -0.232305
8 24 -0.232305
8 25 -0.232305
8 26 -0.232305
8 27 -0.232305
8 28 -0.232305
8 29 -0.232305
8 30 -0.232305
8 31 -0.232305
8 32 -0.232305
8 33 -0.232305
8 34 -0.232305
8 35 -0.232305
8 36 -0.232305
8 37 -0.232305
8 38 -0.232305
8 39 -0.232305
8 40 -0.232305
8 41 -0.232305
8 42 -0.232305
8 43 -0.232305
8 44 -0.232305
8 45 -0.232305
8 46 -0.232305
8 47 -0.232305
8 48 -0.232305
8 49 -0.232305
8 50 -0.232305
8 51 -0.232305
8 52 -0.232305
8 53 -0.232305
8 54 -0.232305
8 55 -0.232305
8 56 -0.232305
8 57 -0.232305
8 58 -0.232305
8 59 -0.232305
8 60 -0.232305
8 61 -0.232305
8 62 -0.232305
8 63 -0.232305
9 0 -0.312486
9 1 -0.312486
9 2 -0.229872
9 3 -0.225825
9 4 -0.232179
9 5 -0.232811
9 6 -0.232338
9 7 -0.232265
9 8 -0.232299
9 9 -0.232306
9 10 -0.232304
9 11 -0.232303
9 12 -0.232304
9 13 -0.232304
9 14 -0.232304
9 15 -0.232304
9 16 -0.232304
9 17 -0.232304
9 18 -0.232304
9 19 -0.232304
9 20 -0.232304
9 21 -0.232304
9 22 -0.232304
9 23 -0.232304
9 24 -0.232304
9 25 -0.232304
9 26 -0.232304
9 27 -0.232304
9 28 -0.232304
9 29 -0.232304
9 30 -0.232304
9 31 -0.232304
9 32 -0.232304
9 33 -0.232304
9 34 -0.232304
9 35 -0.232304
9 36 -0.232304
9 37 -0.232304
9 38 -0.232304
9 39 -0.232304
9 40 -0.232304
9 41 -0.232304
9 42 -0.232304
9 43 -0.232304
9 44 -0.232304
9 45 -0.232304
9 46 -0.232304
9 47 -0.232304
9 48 -0.232304
9 49 -0.232304
9 50 -0.232304
9 51 -0.232304
9 52 -0.232304
9 53 -0.232304
9 54 -0.232304
9 55 -0.232304
9 56 -0.232304
9 57 -0.232304
9 58 -0.232304
9 59 -0.232305
9 60 -0.232305
9 61 -0.232305
9 62 -0.232305
9 63 -0.232305
10 0 -0.312486
10 1 -0.312486
10 2 -0.229871
10 3 -0.225824
10 4 -0.232178
10 5 -0.232811
10 6 -0.232338
10 7 -0.232265
10 8 -0.232298
10 9 -0.232306
10 10 -0.232304
10 11 -0.232303
10 12 -0.232303
10 13 -0.232303
10 14 -0.232303
10 15 -0.232303
10 16 -0.232303
10 17 -0.232303
10 18 -0.232304
10 19 -0.232304
10 20 -0.232304
10 21 -0.232304
10 22 -0.232304
10 23 -0.232304
10 24 -0.232304
10 25 -0.232304
10 26 -0.232304
10 27 -0.232304
10 28 -0.232304
10 29 -0.232304
10 30 -0.232304
10 31 -0.232304
10 32 -0.232304
10 33 -0.232304
10 34 -0.232304
10 35 -0.232304
10 36 -0.232304
10 37 -0.232304
10 38 -0.232304
10 39 -0.232304
10 40 -0.232304
10 41 -0.232304
10 42 -0.232304
10 43 -0.232304
10 44 -0.232304
10 45 -0.232304
10 46 -0.232304
10 47 -0.232304
10 48 -0.232304
10 49 -0.232304
10 50 -0.232304
10 51 -0.232304
10 52 -0.232304
10 53 -0.232304
10 54 -0.232304
10 55 -0.232304
10 56 -0.232304
10 57 -0.232304
10 58 -0.232304
10 59 -0.232304
10 60 -0.232304
10 61 -0.232304
10 62 -0.232304
10 63 -0.232304
11 0 -0.312486
11 1 -0.312486
11 2 -0.229871
11 3 -0.225824
11 4 -0.232178
11 5 -0.232810
11 6 -0.232337
11 7 -0.232264
11 8 -0.232298
11 9 -0.232306
11 10 -0.232303
11 11 -0.232303
11 12 -0.232303
11 13 -0.232303
11 14 -0.232303
11 15 -0.232303
11 16 -0.232303
11 17 -0.232303
11 18 -0.232303
11 19 -0.232303
11 20 -0.232303
11 21 -0.232303
11 22 -0.232303
11 23 -0.232303
11 24 -0.232303
11 25 -0.232303
11 26 -0.232303
11 27 -0.232303
11 28 -0.232303
11 29 -0.232303
11 30 -0.232303
11 31 -0.232303
11 32 -0.232303
11 33 -0.232303
11 34 -0.232303
11 35 -0.232303
11 36 -0.232303
11 37 -0.232303
11 38 -0.232303
11 39 -0.232303
11 40 -0.232303
11 41 -0.232303
11 42 -0.232303
11 43 -0.232303
11 44 -0.232303
11 45 -0.232303
11 46 -0.232303
11 47 -0.232303
11 48 -0.232303
11 49 -0.232303
11 50 -0.232303
11 51 -0.232303
11 52 -0.232303
11 53 -0.232303
11 54 -0.232303
11 55 -0.232303
11 56 -0.232303
11 57 -0.232303
11 58 -0.232303
11 59 -0.232303
11 60 -0.232303
11 61 -0.232303
11 62 -0.232303
11 63 -0.232303
12 0 -0.312486
12 1 -0.312486
12 2 -0.229871
12 3 -0.225824
12 4 -0.232178
12 5 -0.232810
12 6 -0.232337
12 7 -0.232264
12 8 -0.232298
12 9 -0.232305
12 10 -0.232303
12 11 -0.232302
12 12 -0.232303
12 13 -0.232303
12 14 -0.232303
12 15 -0.232303
12 16 -0.232303
12 17 -0.232303
12 18 -0.232303
12 19 -0.232303
12 20 -0.232303
12 21 -0.232303
12 22 -0.232303
12 23 -0.232303
12 24 -0.232303
12 25 -0.232303
12 26 -0.232303
12 27 -0.232303
12 28 -0.232303
12 29 -0.232303
12 30 -0.232303
12 31 -0.232303
12 32 -0.232303
12 33 -0.232303
12 34 -0.232303
12 35 -0.232303
12 36 -0.232303
12 37 -0.232303
12 38 -0.232303
12 39 -0.232303
12 40 -0.232303
12 41 -0.232303
12 42 -0.232303
12 43 -0.232303
12 44 -0.232303
12 45 -0.232303
12 46 -0.232303
12 47 -0.232303
12 48 -0.232303
12 49 -0.232303
12 50 -0.232303
12 51 -0.232303
12 52 -0.232303
12 53 -0.232303
12 54 -0.232303
12 55 -0.232303
12 56 -0.232303
12 57 -0.232303
12 58 -0.232303
12 59 -0.232303
12 60 -0.232303
12 61 -0.232303
12 62 -0.232303
12 63 -0.232303
13 0 -0.312485
13 1 -0.312485
13 2 -0.229871
13 3 -0.225824
13 4 -0.232178
13 5 -0.232810
13 6 -0.232337
13 7 -0.232264
13 8 -0.232298
13 9 -0.232305
13 10 -0.232303
13 11 -0.232302
13 12 -0.232302
13 13 -0.232302
13 14 -0.232302
13 15 -0.232302
13 16 -0.232302
13 17 -0.232302
13 18 -0.232302
13 19 -0.232302
13 20 -0.232302
13 21 -0.232302
13 22 -0.232302
13 23 -0.232302
13 24 -0.232302
13 25 -0.232302
13 26 -0.232302
13 27 -0.232302
13 28 -0.232302
13 29 -0.232302
13 30 -0.232302
13 31 -0.232302
13 32 -0.232302
13 33 -0.232302
13 34 -0.232302
13 35 -0.232302
13 36 -0.232302
13 37 -0.232302
13 38 -0.232302
13 39 -0.232302
13 40 -0.232302
13 41 -0.232302
13 42 -0.232302
13 43 -0.232302
13 44 -0.232302
13 45 -0.232302
13 46 -0.232302
13 47 -0.232302
13 48 -0.232302
13 49 -0.232302
13 50 -0.232302
13 51 -0.232302
13 52 -0.232302
13 53 -0.232302
13 54 -0.232302
13 55 -0.232302
13 56 -0.232302
13 57 -0.232302
13 58 -0.232302
13 59 -0.232302
13 60 -0.232302
13 61 -0.232302
13 62 -0.232302
13 63 -0.232302
14 0 -0.312485
14 1 -0.312485
14 2 -0.229871
14 3 -0.225823
14 4 -0.232177
14 5 -0.232810
14 6 -0.232337
14 7 -0.232263
14 8 -0.232297
14 9 -0.232305
14 10 -0.232302
14 11 -0.232302
14 12 -0.232302
14 13 -0.232302
14 14 -0.232302
14 15 -0.232302
14 16 -0.232302
14 17 -0.232302
14 18 -0.232302
14 19 -0.232302
14 20 -0.232302
14 21 -0.232302
14 22 -0.232302
14 23 -0.232302
14 24 -0.232302
14 25 -0.232302
14 26 -0.232302
14 27 -0.232302
14 28 -0.232302
14 29 -0.232302
14 30 -0.232302
14 31 -0.232302
14 32 -0.232302
14 33 -0.232302
14 34 -0.232302
14 35 -0.232302
14 36 -0.232302
14 37 -0.232302
14 38 -0.232302
14 39 -0.232302
14 40 -0.232302
14 41 -0.232302
14 42 -0.232302
14 43 -0.232302
14 44 -0.232302
14 45 -0.232302
14 46 -0.232302
14 47 -0.232302
14 48 -0.232302
14 49 -0.232302
14 50 -0.232302
14 51 -0.232302
14 52 -0.232302
14 53 -0.232302
14 54 -0.232302
14 55 -0.232302
14 56 -0.232302
14 57 -0.232302
14 58 -0.232302
14 59 -0.232302
14 60 -0.232302
14 61 -0.232302
14 62 -0.232302
14 63 -0.232302
15 0 -0.312485
15 1 -0.312485
15 2 -0.229870
15 3 -0.225823
15 4 -0.232177
15 5 -0.232809
15 6 -0.232337
15 7 -0.232263
15 8 -0.232297
15 9 -0.232305
15 10 -0.232302
15 11 -0.232302
15 12 -0.232302
15 13 -0.232302
15 14 -0.232302
15 15 -0.232302
15 16 -0.232302
15 17 -0.232302
15 18 -0.232302
15 19 -0.232302
15 20 -0.232302
15 21 -0.232302
15 22 -0.232302
15 23 -0.232302
15 24 -0.232302
15 25 -0.232302
15 26 -0.232302
15 27 -0.232302
15 28 -0.232302
15 29 -0.232302
15 30 -0.232302
15 31 -0.232302
15 32 -0.232302
15 33 -0.232302
15 34 -0.232302
15 35 -0.232302
15 36 -0.232302
15 37 -0.232302
15 38 -0.232302
15 39 -0.232302
15 40 -0.232302
15 41 -0.232302
15 42 -0.232302
15 43 -0.232302
15 44 -0.232302
15 45 -0.232302
15 46 -0.232302
15 47 -0.232302
15 48 -0.232302
15 49 -0.232302
15 50 -0.232302
15 51 -0.232302
15 52 -0.232302
15 53 -0.232302
15 54 -0.232302
15 55 -0.232302
15 56 -0.232302
15 57 -0.232302
15 58 -0.232302
15 59 -0.232302
15 60 -0.232302
15 61 -0.232302
15 62 -0.232302
15 63 -0.232302
16 0 -0.312485
16 1 -0.312485
16 2 -0.229870
16 3 -0.225823
16 4 -0.232177
16 5 -0.232809
16 6 -0.232336
16 7 -0.232263
16 8 -0.232297
16 9 -0.232304
16 10 -0.232302
16 11 -0.232301
16 12 -0.232301
16 13 -0.232301
16 14 -0.232301
16 15 -0.232301
16 16 -0.232301
16 17 -0.232301
16 18 -0.232301
16 19 -0.232301
16 20 -0.232301
16 21 -0.232301
16 22 -0.232301
16 23 -0.232301
16 24 -0.232301
16 25 -0.232301
16 26 -0.232301
16 27 -0.232301
16 28 -0.232301
16 29 -0.232301
16 30 -0.232301
16 31 -0.232301
16 32 -0.232301
16 33 -0.232301
16 34 -0.232301
16 35 -0.232301
16 36 -0.232301
16 37 -0.232301
16 38 -0.232301
16 39 -0.232301
16 40 -0.232301
16 41 -0.232301
16 42 -0.232301
16 43 -0.232301
16 44 -0.232301
16 45 -0.232301
16 46 -0.232301
16 47 -0.232301
16 48 -0.232301
16 49 -0.232301
16 50 -0.232301
16 51 -0.232301
16 52 -0.232301
16 53 -0.232301
16 54 -0.232301
16 55 -0.232301
16 56 -0.232301
16 57 -0.232301
16 58 -0.232301
16 59 -0.232301
16 60 -0.232301
16 61 -0.232301
16 62 -0.232301
16 63 -0.232301
17 0 -0.312485
17 1 -0.312485
17 2 -0.229870
17 3 -0.225823
17 4 -0.232177
17 5 -0.232809
17 6 -0.232336
17 7 -0.232263
17 8 -0.232297
17 9 -0.232304
17 10 -0.232302
17 11 -0.232301
17 12 -0.232301
17 13 -0.232301
17 14 -0.232301
17 15 -0.232301
17 16 -0.232301
17 17 -0.232301
17 18 -0.232301
17 19 -0.232301
17 20 -0.232301
17 21 -0.232301
17 22 -0.232301
17 23 -0.232301
17 24 -0.232301
17 25 -0.232301
17 26 -0.232301
17 27 -0.232301
17 28 -0.232301
17 29 -0.232301
17 30 -0.232301
17 31 -0.232301
17 32 -0.232301
17 33 -0.232301
17 34 -0.232301
17 35 -0.232301
17 36 -0.232301
17 37 -0.232301
17 38 -0.232301
17 39 -0.232301
17 40 -0.232301
17 41 -0.232301
17 42 -0.232301
17 43 -0.232301
17 44 -0.232301
17 45 -0.232301
17 46 -0.232301
17 47 -0.232301
17 48 -0.232301
17 49 -0.232301
17 50 -0.232301
17 51 -0.232301
17 52 -0.232301
17 53 -0.232301
17 54 -0.232301
17 55 -0.232301
17 56 -0.232301
17 57 -0.232301
17 58 -0.232301
17 59 -0.232301
17 60 -0.232301
17 61 -0.232301
17 62 -0.232301
17 63 -0.232301
18 0 -0.312485
18 1 -0.312485
18 2 -0.229870
18 3 -0.225823
18 4 -0.232177
18 5 -0.232809
18 6 -0.232336
18 7 -0.232263
18 8 -0.232296
18 9 -0.232304
18 10 -0.232302
18 11 -0.232301
18 12 -0.232301
18 13 -0.232301
18 14 -0.232301
18 15 -0.232301
18 16 -0.232301
18 17 -0.232301
18 18 -0.232301
18 19 -0.232301
18 20 -0.232301
18 21 -0.232301
18 22 -0.232301
18 23 -0.232301
18 24 -0.232301
18 25 -0.232301
18 26 -0.232301
18 27 -0.232301
18 28 -0.232301
18 29 -0.232301
18 30 -0.232301
18 31 -0.232301
18 32 -0.232301
18 33 -0.232301
18 34 -0.232301
18 35 -0.232301
18 36 -0.232301
18 37 -0.232301
18 38 -0.232301
18 39 -0.232301
18 40 -0.232301
18 41 -0.232301
18 42 -0.232301
18 43 -0.232301
18 44 -0.232301
18 45 -0.232301
18 46 -0.232301
18 47 -0.232301
18 48 -0.232301
18 49 -0.232301
18 50 -0.232301
18 51 -0.232301
18 52 -0.232301
18 53 -0.232301
18 54 -0.232301
18 55 -0.232301
18 56 -0.232301
18 57 -0.232301
18 58 -0.232301
18 59 -0.232301
18 60 -0.232301
18 61 -0.232301
18 62 -0.232301
18 63 -0.232301
19 0 -0.312485
19 1 -0.312485
19 2 -0.229870
19 3 -0.225823
19 4 -0.232177
19 5 -0.232809
19 6 -0.232336
19 7 -0.232262
19 8 -0.232296
19 9 -0.232304
19 10 -0.232301
19 11 -0.232301
19 12 -0.232301
19 13 -0.232301
19 14 -0.232301
19 15 -0.232301
19 16 -0.232301
19 17 -0.232301
19 18 -0.232301
19 19 -0.232300
19 20 -0.232300
19 21 -0.232300
19 22 -0.232300
19 23 -0.232300
19 24 -0.232300
19 25 -0.232300
19 26 -0.232300
19 27 -0.232300
19 28 -0.232300
19 29 -0.232300
19 30 -0.232300
19 31 -0.232300
19 32 -0.232300
19 33 -0.232300
19 34 -0.232300
19 35 -0.232300
19 36 -0.232300
19 37 -0.232300
19 38 -0.232300
19 39 -0.232300
19 40 -0.232300
19 41 -0.232300
19 42 -0.232300
19 43 -0.232300
19 44 -0.232300
19 45 -0.232300
19 46 -0.232300
19 47 -0.232300
19 48 -0.232300
19 49 -0.232300
19 50 -0.232300
19 51 -0.232300
19 52 -0.232300
19 53 -0.232300
19 54 -0.232300
19 55 -0.232300
19 56 -0.232300
19 57 -0.232300
19 58 -0.232300
19 59 -0.232300
19 60 -0.232300
19 61 -0.232300
19 62 -0.232300
19 63 -0.232300
20 0 -0.312484
20 1 -0.312484
20 2 -0.229870
20 3 -0.225823
20 4 -0.232177
20 5 -0.232809
20 6 -0.232336
20 7 -0.232262
20 8 -0.232296
20 9 -0.232304
20 10 -0.232301
20 11 -0.232300
20 12 -0.232300
20 13 -0.232300
20 14 -0.232300
20 15 -0.232300
20 16 -0.232300
20 17 -0.232300
20 18 -0.232300
20 19 -0.232300
20 20 -0.232300
20 21 -0.232300
20 22 -0.232300
20 23 -0.232300
20 24 -0.232300
20 25 -0.232300
20 26 -0.232300
20 27 -0.232300
20 28 -0.232300
20 29 -0.232300
20 30 -0.232300
20 31 -0.232300
20 32 -0.232300
20 33 -0.232300
20 34 -0.232300
20 35 -0.232300
20 36 -0.232300
20 37 -0.232300
20 38 -0.232300
20 39 -0.232300
20 40 -0.232300
20 41 -0.232300
20 42 -0.232300
20 43 -0.232300
20 44 -0.232300
20 45 -0.232300
20 46 -0.232300
20 47 -0.232300
20 48 -0.232300
20 49 -0.232300
20 50 -0.232300
20 51 -0.232300
20 52 -0.232300
20 53 -0.232300
20 54 -0.232300
20 55 -0.232300
20 56 -0.232300
20 57 -0.232300
20 58 -0.232300
20 59 -0.232300
20 60 -0.232300
20 61 -0.232300
20 62 -0.232300
20 63 -0.232300
21 0 -0.312484
21 1 -0.312484
21 2 -0.229870
21 3 -0.225822
21 4 -0.232176
21 5 -0.232809
21 6 -0.232336
21 7 -0.232262
21 8 -0.232296
21 9 -0.232303
21 10 -0.232301
21 11 -0.232300
21 12 -0.232300
21 13 -0.232300
21 14 -0.232300
21 15 -0.232300
21 16 -0.232300
21 17 -0.232300
21 18 -0.232300
21 19 -0.232300
21 20 -0.232300
21 21 -0.232300
21 22 -0.232300
21 23 -0.232300
21 24 -0.232300
21 25 -0.232300
21 26 -0.232300
21 27 -0.232300
21 28 -0.232300
21 29 -0.232300
21 30 -0.232300
21 31 -0.232300
21 32 -0.232300
21 33 -0.232300
21 34 -0.232300
21 35 -0.232300
21 36 -0.232300
21 37 -0.232300
21 38 -0.232300
21 39 -0.232300
21 40 -0.232300
21 41 -0.232300
21 42 -0.232300
21 43 -0.232300
21 44 -0.232300
21 45 -0.232300
21 46 -0.232300
21 47 -0.232300
21 48 -0.232300
21 49 -0.232300
21 50 -0.232300
21 51 -0.232300
21 52 -0.232300
21 53 -0.232300
21 54 -0.232300
21 55 -0.232300
21 56 -0.232300
21 57 -0.232300
21 58 -0.232300
21 59 -0.232300
21 60 -0.232300
21 61 -0.232300
21 62 -0.232300
21 63 -0.232300
22 0 -0.312484
22 1 -0.312484
22 2 -0.229870
22 3 -0.225822
22 4 -0.232176
22 5 -0.232808
22 6 -0.232335
22 7 -0.232262
22 8 -0.232296
22 9 -0.232303
22 10 -0.232301
22 11 -0.232300
22 12 -0.232300
22 13 -0.232300
22 14 -0.232300
22 15 -0.232300
22 16 -0.232300
22 17 -0.232300
22 18 -0.232300
22 19 -0.232300
22 20 -0.232300
22 21 -0.232300
22 22 -0.232300
22 23 -0.232300
22 24 -0.232300
22 25 -0.232300
22 26 -0.232300
22 27 -0.232300
22 28 -0.232300
22 29 -0.232300
22 30 -0.232300
22 31 -0.232300
22 32 -0.232300
22 33 -0.232300
22 34 -0.232299
22 35 -0.232299
22 36 -0.232299
22 37 -0.232299
22 38 -0.232299
22 39 -0.232299
22 40 -0.232299
22 41 -0.232299
22 42 -0.232299
22 43 -0.232299
22 44 -0.232299
22 45 -0.232299
22 46 -0.232299
22 47 -0.232299
22 48 -0.232299
22 49 -0.232299
22 50 -0.232299
22 51 -0.232299
22 52 -0.232299
22 53 -0.232299
22 54 -0.232299
22 55 -0.232299
22 56 -0.232299
22 57 -0.232299
22 58 -0.232299
22 59 -0.232299
22 60 -0.232299
22 61 -0.232299
22 62 -0.232299
22 63 -0.232299
23 0 -0.312484
23 1 -0.312484
23 2 -0.229870
23 3 -0.225822
23 4 -0.232176
23 5 -0.232808
23 6 -0.232335
23 7 -0.232262
23 8 -0.232296
23 9 -0.232303
23 10 -0.232301
23 11 -0.232300
23 12 -0.232300
23 13 -0.232300
23 14 -0.232300
23 15 -0.232300
23 16 -0.232300
23 17 -0.232300
23 18 -0.232300
23 19 -0.232300
23 20 -0.232300
23 21 -0.232300
23 22 -0.232300
23 23 -0.232300
23 24 -0.232299
23 25 -0.232299
23 26 -0.232299
23 27 -0.232299
23 28 -0.232299
23 29 -0.232299
23 30 -0.232299
23 31 -0.232299
23 32 -0.232299
23 33 -0.232299
23 34 -0.232299
23 35 -0.232299
23 36 -0.232299
23 37 -0.232299
23 38 -0.232299
23 39 -0.232299
23 40 -0.232299
23 41 -0.232299
23 42 -0.232299
23 43 -0.232299
23 44 -0.232299
23 45 -0.232299
23 46 -0.232299
23 47 -0.232299
23 48 -0.232299
23 49 -0.232299
23 50 -0.232299
23 51 -0.232299
23 52 -0.232299
23 53 -0.232299
23 54 -0.232299
23 55 -0.232299
23 56 -0.232299
23 57 -0.232299
23 58 -0.232299
23 59 -0.232299
23 60 -0.232299
23 61 -0.232299
23 62 -0.232299
23 63 -0.232299
24 0 -0.312484
24 1 -0.312484
24 2 -0.229870
24 3 -0.225822
24 4 -0.232176
24 5 -0.232808
24 6 -0.232335
24 7 -0.232262
24 8 -0.232296
24 9 -0.232303
24 10 -0.232301
24 11 -0.232300
24 12 -0.232300
24 13 -0.232300
24 14 -0.232300
24 15 -0.232300
24 16 -0.232300
24 17 -0.232300
24 18 -0.232300
24 19 -0.232300
24 20 -0.232299
24 21 -0.232299
24 22 -0.232299
24 23 -0.232299
24 24 -0.232299
24 25 -0.232299
24 26 -0.232299
24 27 -0.232299
24 28 -0.232299
24 29 -0.232299
24 30 -0.232299
24 31 -0.232299
24 32 -0.232299
24 33 -0.232299
24 34 -0.232299
24 35 -0.232299
24 36 -0.232299
24 37 -0.232299
24 38 -0.232299
24 39 -0.232299
24 40 -0.232299
24 41 -0.232299
24 42 -0.232299
24 43 -0.232299
24 44 -0.232299
24 45 -0.232299
24 46 -0.232299
24 47 -0.232299
24 48 -0.232299
24 49 -0.232299
24 50 -0.232299
24 51 -0.232299
24 52 -0.232299
24 53 -0.232299
24 54 -0.232299
24 55 -0.232299
24 56 -0.232299
24 57 -0.232299
24 58 -0.232299
24 59 -0.232299
24 60 -0.232299
24 61 -0.232299
24 62 -0.232299
24 63 -0.232299
25 0 -0.312484
25 1 -0.312484
25 2 -0.229870
25 3 -0.225822
25 4 -0.232176
25 5 -0.232808
25 6 -0.232335
25 7 -0.232262
25 8 -0.232295
25 9 -0.232303
25 10 -0.232300
25 11 -0.232300
25 12 -0.232300
25 13 -0.232300
25 14 -0.232300
25 15 -0.232300
25 16 -0.232300
25 17 -0.232299
25 18 -0.232299
25 19 -0.232299
25 20 -0.232299
25 21 -0.232299
25 22 -0.232299
25 23 -0.232299
25 24 -0.232299
25 25 -0.232299
25 26 -0.232299
25 27 -0.232299
25 28 -0.232299
25 29 -0.232299
25 30 -0.232299
25 31 -0.232299
25 32 -0.232299
25 33 -0.232299
25 34 -0.232299
25 35 -0.232299
25 36 -0.232299
25 37 -0.232299
25 38 -0.232299
25 39 -0.232299
25 40 -0.232299
25 41 -0.232299
25 42 -0.232299
25 43 -0.232299
25 44 -0.232299
25 45 -0.232299
25 46 -0.232299
25 47 -0.232299
25 48 -0.232299
25 49 -0.232299
25 50 -0.232299
25 51 -0.232299
25 52 -0.232299
25 53 -0.232299
25 54 -0.232299
25 55 -0.232299
25 56 -0.232299
25 57 -0.232299
25 58 -0.232299
25 59 -0.232299
25 60 -0.232299
25 61 -0.232299
25 62 -0.232299
25 63 -0.232299
26 0 -0.312484
26 1 -0.312484
26 2 -0.229869
26 3 -0.225822
26 4 -0.232176
26 5 -0.232808
26 6 -0.232335
26 7 -0.232262
26 8 -0.232295
26 9 -0.232303
26 10 -0.232300
26 11 -0.232300
26 12 -0.232300
26 13 -0.232300
26 14 -0.232300
26 15 -0.232299
26 16 -0.232299
26 17 -0.232299
26 18 -0.232299
26 19 -0.232299
26 20 -0.232299
26 21 -0.232299
26 22 -0.232299
26 23 -0.232299
26 24 -0.232299
26 25 -0.232299
26 26 -0.232299
26 27 -0.232299
26 28 -0.232299
26 29 -0.232299
26 30 -0.232299
26 31 -0.232299
26 32 -0.232299
26 33 -0.232299
26 34 -0.232299
26 35 -0.232299
26 36 -0.232299
26 37 -0.232299
26 38 -0.232299
26 39 -0.232299
26 40 -0.232299
26 41 -0.232299
26 42 -0.232299
26 43 -0.232299
26 44 -0.232299
26 45 -0.232299
26 46 -0.232299
26 47 -0.232299
26 48 -0.232299
26 49 -0.232299
26 50 -0.232299
26 51 -0.232299
26 52 -0.232299
26 53 -0.232299
26 54 -0.232299
26 55 -0.232299
26 56 -0.232299
26 57 -0.232299
26 58 -0.232299
26 59 -0.232299
26 60 -0.232299
26 61 -0.232299
26 62 -0.232299
26 63 -0.232299
27 0 -0.312484
27 1 -0.312484
27 2 -0.229869
27 3 -0.225822
27 4 -0.232176
27 5 -0.232808
27 6 -0.232335
27 7 -0.232262
27 8 -0.232295
27 9 -0.232303
27 10 -0.232300
27 11 -0.232299
27 12 -0.232300
27 13 -0.232300
27 14 -0.232299
27 15 -0.232299
27 16 -0.232299
27 17 -0.232299
27 18 -0.232299
27 19 -0.232299
27 20 -0.232299
27 21 -0.232299
27 22 -0.232299
27 23 -0.232299
27 24 -0.232299
27 25 -0.232299
27 26 -0.232299
27 27 -0.232299
27 28 -0.232299
27 29 -0.232299
27 30 -0.232299
27 31 -0.232299
27 32 -0.232299
27 33 -0.232299
27 34 -0.232299
27 35 -0.232299
27 36 -0.232299
27 37 -0.232299
27 38 -0.232299
27 39 -0.232299
27 40 -0.232299
27 41 -0.232299
27 42 -0.232299
27 43 -0.232299
27 44 -0.232299
27 45 -0.232299
27 46 -0.232299
27 47 -0.232299
27 48 -0.232299
27 49 -0.232299
27 50 -0.232298
27 51 -0.232298
27 52 -0.232298
27 53 -0.232298
27 54 -0.232298
27 55 -0.232298
27 56 -0.232298
27 57 -0.232298
27 58 -0.232298
27 59 -0.232298
27 60 -0.232298
27 61 -0.232298
27 62 -0.232298
27 63 -0.232298
28 0 -0.312484
28 1 -0.312484
28 2 -0.229869
28 3 -0.225822
28 4 -0.232176
28 5 -0.232808
28 6 -0.232335
28 7 -0.232261
28 8 -0.232295
28 9 -0.232303
28 10 -0.232300
28 11 -0.232299
28 12 -0.232299
28 13 -0.232299
28 14 -0.232299
28 15 -0.232299
28 16 -0.232299
28 17 -0.232299
28 18 -0.232299
28 19 -0.232299
28 20 -0.232299
28 21 -0.232299
28 22 -0.232299
28 23 -0.232299
28 24 -0.232299
28 25 -0.232299
28 26 -0.232299
28 27 -0.232299
28 28 -0.232299
28 29 -0.232299
28 30 -0.232299
28 31 -0.232299
28 32 -0.232299
28 33 -0.232299
28 34 -0.232299
28 35 -0.232299
28 36 -0.232299
28 37 -0.232299
28 38 -0.232299
28 39 -0.232298
28 40 -0.232298
28 41 -0.232298
28 42 -0.232298
28 43 -0.232298
28 44 -0.232298
28 45 -0.232298
28 46 -0.232298
28 47 -0.232298
28 48 -0.232298
28 49 -0.232298
28 50 -0.232298
28 51 -0.232298
28 52 -0.232298
28 53 -0.232298
28 54 -0.232298
28 55 -0.232298
28 56 -0.232298
28 57 -0.232298
28 58 -0.232298
28 59 -0.232298
28 60 -0.232298
28 61 -0.232298
28 62 -0.232298
28 63 -0.232298
29 0 -0.312484
29 1 -0.312484
29 2 -0.229869
29 3 -0.225822
29 4 -0.232176
29 5 -0.232808
29 6 -0.232335
29 7 -0.232261
29 8 -0.232295
29 9 -0.232303
29 10 -0.232300
29 11 -0.232299
29 12 -0.232299
29 13 -0.232299
29 14 -0.232299
29 15 -0.232299
29 16 -0.232299
29 17 -0.232299
29 18 -0.232299
29 19 -0.232299
29 20 -0.232299
29 21 -0.232299
29 22 -0.232299
29 23 -0.232299
29 24 -0.232299
29 25 -0.232299
29 26 -0.232299
29 27 -0.232299
29 28 -0.232299
29 29 -0.232299
29 30 -0.232299
29 31 -0.232299
29 32 -0.232299
29 33 -0.232299
29 34 -0.232298
29 35 -0.232298
29 36 -0.232298
29 37 -0.232298
29 38 -0.232298
29 39 -0.232298
29 40 -0.232298
29 41 -0.232298
29 42 -0.232298
29 43 -0.232298
29 44 -0.232298
29 45 -0.232298
29 46 -0.232298
29 47 -0.232298
29 48 -0.232298
29 49 -0.232298
29 50 -0.232298
29 51 -0.232298
29 52 -0.232298
29 53 -0.232298
29 54 -0.232298
29 55 -0.232298
29 56 -0.232298
29 57 -0.232298
29 58 -0.232298
29 59 -0.232298
29 60 -0.232298
29 61 -0.232298
29 62 -0.232298
29 63 -0.232298
30 0 -0.312484
30 1 -0.312484
30 2 -0.229869
30 3 -0.225822
30 4 -0.232176
30 5 -0.232808
30 6 -0.232335
30 7 -0.232261
30 8 -0.232295
30 9 -0.232303
30 10 -0.232300
30 11 -0.232299
30 12 -0.232299
30 13 -0.232299
30 14 -0.232299
30 15 -0.232299
30 16 -0.232299
30 17 -0.232299
30 18 -0.232299
30 19 -0.232299
30 20 -0.232299
30 21 -0.232299
30 22 -0.232299
30 23 -0.232299
30 24 -0.232299
30 25 -0.232299
30 26 -0.232299
30 27 -0.232299
30 28 -0.232299
30 29 -0.232299
30 30 -0.232299
30 31 -0.232299
30 32 -0.232298
30 33 -0.232298
30 34 -0.232298
30 35 -0.232298
30 36 -0.232298
30 37 -0.232298
30 38 -0.232298
30 39 -0.232298
30 40 -0.232298
30 41 -0.232298
30 42 -0.232298
30 43 -0.232298
30 44 -0.232298
30 45 -0.232298
30 46 -0.232298
30 47 -0.232298
30 48 -0.232298
30 49 -0.232298
30 50 -0.232298
30 51 -0.232298
30 52 -0.232298
30 53 -0.232298
30 54 -0.232298
30 55 -0.232298
30 56 -0.232298
30 57 -0.232298
30 58 -0.232298
30 59 -0.232298
30 60 -0.232298
30 61 -0.232298
30 62 -0.232298
30 63 -0.232298
31 0 -0.312484
31 1 -0.312484
31 2 -0.229869
31 3 -0.225822
31 4 -0.232176
31 5 -0.232808
31 6 -0.232335
31 7 -0.232261
31 8 -0.232295
31 9 -0.232303
31 10 -0.232300
31 11 -0.232299
31 12 -0.232299
31 13 -0.232299
31 14 -0.232299
31 15 -0.232299
31 16 -0.232299
31 17 -0.232299
31 18 -0.232299
31 19 -0.232299
31 20 -0.232299
31 21 -0.232299
31 22 -0.232299
31 23 -0.232299
31 24 -0.232299
31 25 -0.232299
31 26 -0.232299
31 27 -0.232299
31 28 -0.232299
31 29 -0.232299
31 30 -0.232298
31 31 -0.232298
31 32 -0.232298
31 33 -0.232298
31 34 -0.232298
31 35 -0.232298
31 36 -0.232298
31 37 -0.232298
31 38 -0.232298
31 39 -0.232298
31 40 -0.232298
31 41 -0.232298
31 42 -0.232298
31 43 -0.232298
31 44 -0.232298
31 45 -0.232298
31 46 -0.232298
31 47 -0.232298
31 48 -0.232298
31 49 -0.232298
31 50 -0.232298
31 51 -0.232298
31 52 -0.232298
31 53 -0.232298
31 54 -0.232298
31 55 -0.232298
31 56 -0.232298
31 57 -0.232298
31 58 -0.232298
31 59 -0.232298
31 60 -0.232298
31 61 -0.232298
31 62 -0.232298
31 63 -0.232298
32 0 -0.312484
32 1 -0.312484
32 2 -0.229869
32 3 -0.225822
32 4 -0.232176
32 5 -0.232808
32 6 -0.232335
32 7 -0.232261
32 8 -0.232295
32 9 -0.232303
32 10 -0.232300
32 11 -0.232299
32 12 -0.232299
32 13 -0.232299
32 14 -0.232299
32 15 -0.232299
32 16 -0.232299
32 17 -0.232299
32 18 -0.232299
32 19 -0.232299
32 20 -0.232299
32 21 -0.232299
32 22 -0.232299
32 23 -0.232299
32 24 -0.232299
32 25 -0.232299
32 26 -0.232299
32 27 -0.232299
32 28 -0.232299
32 29 -0.232299
32 30 -0.232298
32 31 -0.232298
32 32 -0.232298
32 33 -0.232298
32 34 -0.232298
32 35 -0.232298
32 36 -0.232298
32 37 -0.232298
32 38 -0.232298
32 39 -0.232298
32 40 -0.232298
32 41 -0.232298
32 42 -0.232298
32 43 -0.232298
32 44 -0.232298
32 45 -0.232298
32 46 -0.232298
32 47 -0.232298
32 48 -0.232298
32 49 -0.232298
32 50 -0.232298
32 51 -0.232298
32 52 -0.232298
32 53 -0.232298
32 54 -0.232298
32 55 -0.232298
32 56 -0.232298
32 57 -0.232298
32 58 -0.232298
32 59 -0.232298
32 60 -0.232298
32 61 -0.232298
32 62 -0.232298
32 63 -0.232298
33 0 -0.312484
33 1 -0.312484
33 2 -0.229869
33 3 -0.225822
33 4 -0.232176
33 5 -0.232808
33 6 -0.232335
33 7 -0.232261
33 8 -0.232295
33 9 -0.232303
33 10 -0.232300
33 11 -0.232299
33 12 -0.232299
33 13 -0.232299
33 14 -0.232299
33 15 -0.232299
33 16 -0.232299
33 17 -0.232299
33 18 -0.232299
33 19 -0.232299
33 20 -0.232299
33 21 -0.232299
33 22 -0.232299
33 23 -0.232299
33 24 -0.232299
33 25 -0.232299
33 26 -0.232299
33 27 -0.232299
33 28 -0.232299
33 29 -0.232299
33 30 -0.232299
33 31 -0.232298
33 32 -0.232298
33 33 -0.232298
33 34 -0.232298
33 35 -0.232298
33 36 -0.232298
33 37 -0.232298
33 38 -0.232298
33 39 -0.232298
33 40 -0.232298
33 41 -0.232298
33 42 -0.232298
33 43 -0.232298
33 44 -0.232298
33 45 -0.232298
33 46 -0.232298
33 47 -0.232298
33 48 -0.232298
33 49 -0.232298
33 50 -0.232298
33 51 -0.232298
33 52 -0.232298
33 53 -0.232298
33 54 -0.232298
33 55 -0.232298
33 56 -0.232298
33 57 -0.232298
33 58 -0.232298
33 59 -0.232298
33 60 -0.232298
33 61 -0.232298
33 62 -0.232298
33 63 -0.232298
34 0 -0.312484
34 1 -0.312484
34 2 -0.229869
34 3 -0.225822
34 4 -0.232176
34 5 -0.232808
34 6 -0.232335
34 7 -0.232261
34 8 -0.232295
34 9 -0.232303
34 10 -0.232300
34 11 -0.232299
34 12 -0.232299
34 13 -0.232299
34 14 -0.232299
34 15 -0.232299
34 16 -0.232299
34 17 -0.232299
34 18 -0.232299
34 19 -0.232299
34 20 -0.232299
34 21 -0.232299
34 22 -0.232299
34 23 -0.232299
34 24 -0.232299
34 25 -0.232299
34 26 -0.232299
34 27 -0.232299
34 28 -0.232299
34 29 -0.232299
34 30 -0.232299
34 31 -0.232299
34 32 -0.232298
34 33 -0.232298
34 34 -0.232298
34 35 -0.232298
34 36 -0.232298
34 37 -0.232298
34 38 -0.232298
34 39 -0.232298
34 40 -0.232298
34 41 -0.232298
34 42 -0.232298
34 43 -0.232298
34 44 -0.232298
34 45 -0.232298
34 46 -0.232298
34 47 -0.232298
34 48 -0.232298
34 49 -0.232298
34 50 -0.232298
34 51 -0.232298
34 52 -0.232298
34 53 -0.232298
34 54 -0.232298
34 55 -0.232298
34 56 -0.232298
34 57 -0.232298
34 58 -0.232298
34 59 -0.232298
34 60 -0.232298
34 61 -0.232298
34 62 -0.232298
34 63 -0.232298
35 0 -0.312484
35 1 -0.312484
35 2 -0.229869
35 3 -0.225822
35 4 -0.232176
35 5 -0.232808
35 6 -0.232335
35 7 -0.232261
35 8 -0.232295
35 9 -0.232303
35 10 -0.232300
35 11 -0.232299
35 12 -0.232299
35 13 -0.232299
35 14 -0.232299
35 15 -0.232299
35 16 -0.232299
35 17 -0.232299
35 18 -0.232299
35 19 -0.232299
35 20 -0.232299
35 21 -0.232299
35 22 -0.232299
35 23 -0.232299
35 24 -0.232299
35 25 -0.232299
35 26 -0.232299
35 27 -0.232299
35 28 -0.232299
35 29 -0.232299
35 30 -0.232299
35 31 -0.232299
35 32 -0.232299
35 33 -0.232299
35 34 -0.232298
35 35 -0.232298
35 36 -0.232298
35 37 -0.232298
35 38 -0.232298
35 39 -0.232298
35 40 -0.232298
35 41 -0.232298
35 42 -0.232298
35 43 -0.232298
35 44 -0.232298
35 45 -0.232298
35 46 -0.232298
35 47 -0.232298
35 48 -0.232298
35 49 -0.232298
35 50 -0.232298
35 51 -0.232298
35 52 -0.232298
35 53 -0.232298
35 54 -0.232298
35 55 -0.232298
35 56 -0.232298
35 57 -0.232298
35 58 -0.232298
35 59 -0.232298
35 60 -0.232298
35 61 -0.232298
35 62 -0.232298
35 63 -0.232298
36 0 -0.312484
36 1 -0.312484
36 2 -0.229869
36 3 -0.225822
36 4 -0.232176
36 5 -0.232808
36 6 -0.232335
36 7 -0.232261
36 8 -0.232295
36 9 -0.232303
36 10 -0.232300
36 11 -0.232299
36 12 -0.232299
36 13 -0.232299
36 14 -0.232299
36 15 -0.232299
36 16 -0.232299
36 17 -0.232299
36 18 -0.232299
36 19 -0.232299
36 20 -0.232299
36 21 -0.232299
36 22 -0.232299
36 23 -0.232299
36 24 -0.232299
36 25 -0.232299
36 26 -0.232299
36 27 -0.232299
36 28 -0.232299
36 29 -0.232299
36 30 -0.232299
36 31 -0.232299
36 32 -0.232299
36 33 -0.232299
36 34 -0.232299
36 35 -0.232299
36 36 -0.232299
36 37 -0.232299
36 38 -0.232299
36 39 -0.232298
36 40 -0.232298
36 41 -0.232298
36 42 -0.232298
36 43 -0.232298
36 44 -0.232298
36 45 -0.232298
36 46 -0.232298
36 47 -0.232298
36 48 -0.232298
36 49 -0.232298
36 50 -0.232298
36 51 -0.232298
36 52 -0.232298
36 53 -0.232298
36 54 -0.232298
36 55 -0.232298
36 56 -0.232298
36 57 -0.232298
36 58 -0.232298
36 59 -0.232298
36 60 -0.232298
36 61 -0.232298
36 62 -0.232298
36 63 -0.232298
37 0 -0.312484
37 1 -0.312484
37 2 -0.229869
37 3 -0.225822
37 4 -0.232176
37 5 -0.232808
37 6 -0.232335
37 7 -0.232262
37 8 -0.232295
37 9 -0.232303
37 10 -0.232300
37 11 -0.232300
37 12 -0.232300
37 13 -0.232300
37 14 -0.232299
37 15 -0.232299
37 16 -0.232299
37 17 -0.232299
37 18 -0.232299
37 19 -0.232299
37 20 -0.232299
37 21 -0.232299
37 22 -0.232299
37 23 -0.232299
37 24 -0.232299
37 25 -0.232299
37 26 -0.232299
37 27 -0.232299
37 28 -0.232299
37 29 -0.232299
37 30 -0.232299
37 31 -0.232299
37 32 -0.232299
37 33 -0.232299
37 34 -0.232299
37 35 -0.232299
37 36 -0.232299
37 37 -0.232299
37 38 -0.232299
37 39 -0.232299
37 40 -0.232299
37 41 -0.232299
37 42 -0.232299
37 43 -0.232299
37 44 -0.232299
37 45 -0.232299
37 46 -0.232299
37 47 -0.232299
37 48 -0.232299
37 49 -0.232299
37 50 -0.232299
37 51 -0.232299
37 52 -0.232298
37 53 -0.232298
37 54 -0.232298
37 55 -0.232298
37 56 -0.232298
37 57 -0.232298
37 58 -0.232298
37 59 -0.232298
37 60 -0.232298
37 61 -0.232298
37 62 -0.232298
37 63 -0.232298
38 0 -0.312484
38 1 -0.312484
38 2 -0.229869
38 3 -0.225822
38 4 -0.232176
38 5 -0.232808
38 6 -0.232335
38 7 -0.232262
38 8 -0.232295
38 9 -0.232303
38 10 -0.232300
38 11 -0.232300
38 12 -0.232300
38 13 -0.232300
38 14 -0.232300
38 15 -0.232299
38 16 -0.232299
38 17 -0.232299
38 18 -0.232299
38 19 -0.232299
38 20 -0.232299
38 21 -0.232299
38 22 -0.232299
38 23 -0.232299
38 24 -0.232299
38 25 -0.232299
38 26 -0.232299
38 27 -0.232299
38 28 -0.232299
38 29 -0.232299
38 30 -0.232299
38 31 -0.232299
38 32 -0.232299
38 33 -0.232299
38 34 -0.232299
38 35 -0.232299
38 36 -0.232299
38 37 -0.232299
38 38 -0.232299
38 39 -0.232299
38 40 -0.232299
38 41 -0.232299
38 42 -0.232299
38 43 -0.232299
38 44 -0.232299
38 45 -0.232299
38 46 -0.232299
38 47 -0.232299
38 48 -0.232299
38 49 -0.232299
38 50 -0.232299
38 51 -0.232299
38 52 -0.232299
38 53 -0.232299
38 54 -0.232299
38 55 -0.232299
38 56 -0.232299
38 57 -0.232299
38 58 -0.232299
38 59 -0.232299
38 60 -0.232299
38 61 -0.232299
38 62 -0.232299
38 63 -0.232299
39 0 -0.312484
39 1 -0.312484
39 2 -0.229870
39 3 -0.225822
39 4 -0.232176
39 5 -0.232808
39 6 -0.232335
39 7 -0.232262
39 8 -0.232296
39 9 -0.232303
39 10 -0.232300
39 11 -0.232300
39 12 -0.232300
39 13 -0.232300
39 14 -0.232300
39 15 -0.232300
39 16 -0.232300
39 17 -0.232299
39 18 -0.232299
39 19 -0.232299
39 20 -0.232299
39 21 -0.232299
39 22 -0.232299
39 23 -0.232299
39 24 -0.232299
39 25 -0.232299
39 26 -0.232299
39 27 -0.232299
39 28 -0.232299
39 29 -0.232299
39 30 -0.232299
39 31 -0.232299
39 32 -0.232299
39 33 -0.232299
39 34 -0.232299
39 35 -0.232299
39 36 -0.232299
39 37 -0.232299
39 38 -0.232299
39 39 -0.232299
39 40 -0.232299
39 41 -0.232299
39 42 -0.232299
39 43 -0.232299
39 44 -0.232299
39 45 -0.232299
39 46 -0.232299
39 47 -0.232299
39 48 -0.232299
39 49 -0.232299
39 50 -0.232299
39 51 -0.232299
39 52 -0.232299
39 53 -0.232299
39 54 -0.232299
39 55 -0.232299
39 56 -0.232299
39 57 -0.232299
39 58 -0.232299
39 59 -0.232299
39 60 -0.232299
39 61 -0.232299
39 62 -0.232299
39 63 -0.232299
40 0 -0.312484
40 1 -0.312484
40 2 -0.229870
40 3 -0.225822
40 4 -0.232176
40 5 -0.232808
40 6 -0.232335
40 7 -0.232262
40 8 -0.232296
40 9 -0.232303
40 10 -0.232301
40 11 -0.232300
40 12 -0.232300
40 13 -0.232300
40 14 -0.232300
40 15 -0.232300
40 16 -0.232300
40 17 -0.232300
40 18 -0.232300
40 19 -0.232300
40 20 -0.232299
40 21 -0.232299
40 22 -0.232299
40 23 -0.232299
40 24 -0.232299
40 25 -0.232299
40 26 -0.232299
40 27 -0.232299
40 28 -0.232299
40 29 -0.232299
40 30 -0.232299
40 31 -0.232299
40 32 -0.232299
40 33 -0.232299
40 34 -0.232299
40 35 -0.232299
40 36 -0.232299
40 37 -0.232299
40 38 -0.232299
40 39 -0.232299
40 40 -0.232299
40 41 -0.232299
40 42 -0.232299
40 43 -0.232299
40 44 -0.232299
40 45 -0.232299
40 46 -0.232299
40 47 -0.232299
40 48 -0.232299
40 49 -0.232299
40 50 -0.232299
40 51 -0.232299
40 52 -0.232299
40 53 -0.232299
40 54 -0.232299
40 55 -0.232299
40 56 -0.232299
40 57 -0.232299
40 58 -0.232299
40 59 -0.232299
40 60 -0.232299
40 61 -0.232299
40 62 -0.232299
40 63 -0.232299
41 0 -0.312484
41 1 -0.312484
41 2 -0.229870
41 3 -0.225822
41 4 -0.232176
41 5 -0.232808
41 6 -0.232335
41 7 -0.232262
41 8 -0.232296
41 9 -0.232303
41 10 -0.232301
41 11 -0.232300
41 12 -0.232300
41 13 -0.232300
41 14 -0.232300
41 15 -0.232300
41 16 -0.232300
41 17 -0.232300
41 18 -0.232300
41 19 -0.232300
41 20 -0.232300
41 21 -0.232300
41 22 -0.232300
41 23 -0.232300
41 24 -0.232300
41 25 -0.232299
41 26 -0.232299
41 27 -0.232299
41 28 -0.232299
41 29 -0.232299
41 30 -0.232299
41 31 -0.232299
41 32 -0.232299
41 33 -0.232299
41 34 -0.232299
41 35 -0.232299
41 36 -0.232299
41 37 -0.232299
41 38 -0.232299
41 39 -0.232299
41 40 -0.232299
41 41 -0.232299
41 42 -0.232299
41 43 -0.232299
41 44 -0.232299
41 45 -0.232299
41 46 -0.232299
41 47 -0.232299
41 48 -0.232299
41 49 -0.232299
41 50 -0.232299
41 51 -0.232299
41 52 -0.232299
41 53 -0.232299
41 54 -0.232299
41 55 -0.232299
41 56 -0.232299
41 57 -0.232299
41 58 -0.232299
41 59 -0.232299
41 60 -0.232299
41 61 -0.232299
41 62 -0.232299
41 63 -0.232299
42 0 -0.312484
42 1 -0.312484
42 2 -0.229870
42 3 -0.225822
42 4 -0.232176
42 5 -0.232808
42 6 -0.232335
42 7 -0.232262
42 8 -0.232296
42 9 -0.232303
42 10 -0.232301
42 11 -0.232300
42 12 -0.232300
42 13 -0.232300
42 14 -0.232300
42 15 -0.232300
42 16 -0.232300
42 17 -0.232300
42 18 -0.232300
42 19 -0.232300
42 20 -0.232300
42 21 -0.232300
42 22 -0.232300
42 23 -0.232300
42 24 -0.232300
42 25 -0.232300
42 26 -0.232300
42 27 -0.232300
42 28 -0.232300
42 29 -0.232300
42 30 -0.232300
42 31 -0.232300
42 32 -0.232300
42 33 -0.232300
42 34 -0.232300
42 35 -0.232300
42 36 -0.232299
42 37 -0.232299
42 38 -0.232299
42 39 -0.232299
42 40 -0.232299
42 41 -0.232299
42 42 -0.232299
42 43 -0.232299
42 44 -0.232299
42 45 -0.232299
42 46 -0.232299
42 47 -0.232299
42 48 -0.232299
42 49 -0.232299
42 50 -0.232299
42 51 -0.232299
42 52 -0.232299
42 53 -0.232299
42 54 -0.232299
42 55 -0.232299
42 56 -0.232299
42 57 -0.232299
42 58 -0.232299
42 59 -0.232299
42 60 -0.232299
42 61 -0.232299
42 62 -0.232299
42 63 -0.232299
43 0 -0.312484
43 1 -0.312484
43 2 -0.229870
43 3 -0.225822
43 4 -0.232176
43 5 -0.232809
43 6 -0.232336
43 7 -0.232262
43 8 -0.232296
43 9 -0.232303
43 10 -0.232301
43 11 -0.232300
43 12 -0.232300
43 13 -0.232300
43 14 -0.232300
43 15 -0.232300
43 16 -0.232300
43 17 -0.232300
43 18 -0.232300
43 19 -0.232300
43 20 -0.232300
43 21 -0.232300
43 22 -0.232300
43 23 -0.232300
43 24 -0.232300
43 25 -0.232300
43 26 -0.232300
43 27 -0.232300
43 28 -0.232300
43 29 -0.232300
43 30 -0.232300
43 31 -0.232300
43 32 -0.232300
43 33 -0.232300
43 34 -0.232300
43 35 -0.232300
43 36 -0.232300
43 37 -0.232300
43 38 -0.232300
43 39 -0.232300
43 40 -0.232300
43 41 -0.232300
43 42 -0.232300
43 43 -0.232300
43 44 -0.232300
43 45 -0.232300
43 46 -0.232300
43 47 -0.232300
43 48 -0.232300
43 49 -0.232300
43 50 -0.232300
43 51 -0.232300
43 52 -0.232300
43 53 -0.232300
43 54 -0.232300
43 55 -0.232300
43 56 -0.232300
43 57 -0.232300
43 58 -0.232300
43 59 -0.232300
43 60 -0.232300
43 61 -0.232300
43 62 -0.232300
43 63 -0.232300
44 0 -0.312484
44 1 -0.312484
44 2 -0.229870
44 3 -0.225823
44 4 -0.232177
44 5 -0.232809
44 6 -0.232336
44 7 -0.232262
44 8 -0.232296
44 9 -0.232304
44 10 -0.232301
44 11 -0.232300
44 12 -0.232301
44 13 -0.232301
44 14 -0.232300
44 15 -0.232300
44 16 -0.232300
44 17 -0.232300
44 18 -0.232300
44 19 -0.232300
44 20 -0.232300
44 21 -0.232300
44 22 -0.232300
44 23 -0.232300
44 24 -0.232300
44 25 -0.232300
44 26 -0.232300
44 27 -0.232300
44 28 -0.232300
44 29 -0.232300
44 30 -0.232300
44 31 -0.232300
44 32 -0.232300
44 33 -0.232300
44 34 -0.232300
44 35 -0.232300
44 36 -0.232300
44 37 -0.232300
44 38 -0.232300
44 39 -0.232300
44 40 -0.232300
44 41 -0.232300
44 42 -0.232300
44 43 -0.232300
44 44 -0.232300
44 45 -0.232300
44 46 -0.232300
44 47 -0.232300
44 48 -0.232300
44 49 -0.232300
44 50 -0.232300
44 51 -0.232300
44 52 -0.232300
44 53 -0.232300
44 54 -0.232300
44 55 -0.232300
44 56 -0.232300
44 57 -0.232300
44 58 -0.232300
44 59 -0.232300
44 60 -0.232300
44 61 -0.232300
44 62 -0.232300
44 63 -0.232300
45 0 -0.312485
45 1 -0.312485
45 2 -0.229870
45 3 -0.225823
45 4 -0.232177
45 5 -0.232809
45 6 -0.232336
45 7 -0.232262
45 8 -0.232296
45 9 -0.232304
45 10 -0.232301
45 11 -0.232301
45 12 -0.232301
45 13 -0.232301
45 14 -0.232301
45 15 -0.232301
45 16 -0.232301
45 17 -0.232301
45 18 -0.232301
45 19 -0.232301
45 20 -0.232301
45 21 -0.232300
45 22 -0.232300
45 23 -0.232300
45 24 -0.232300
45 25 -0.232300
45 26 -0.232300
45 27 -0.232300
45 28 -0.232300
45 29 -0.232300
45 30 -0.232300
45 31 -0.232300
45 32 -0.232300
45 33 -0.232300
45 34 -0.232300
45 35 -0.232300
45 36 -0.232300
45 37 -0.232300
45 38 -0.232300
45 39 -0.232300
45 40 -0.232300
45 41 -0.232300
45 42 -0.232300
45 43 -0.232300
45 44 -0.232300
45 45 -0.232300
45 46 -0.232300
45 47 -0.232300
45 48 -0.232300
45 49 -0.232300
45 50 -0.232300
45 51 -0.232300
45 52 -0.232300
45 53 -0.232300
45 54 -0.232300
45 55 -0.232300
45 56 -0.232300
45 57 -0.232300
45 58 -0.232300
45 59 -0.232300
45 60 -0.232300
45 61 -0.232300
45 62 -0.232300
45 63 -0.232300
46 0 -0.312485
46 1 -0.312485
46 2 -0.229870
46 3 -0.225823
46 4 -0.232177
46 5 -0.232809
46 6 -0.232336
46 7 -0.232263
46 8 -0.232296
46 9 -0.232304
46 10 -0.232302
46 11 -0.232301
46 12 -0.232301
46 13 -0.232301
46 14 -0.232301
46 15 -0.232301
46 16 -0.232301
46 17 -0.232301
46 18 -0.232301
46 19 -0.232301
46 20 -0.232301
46 21 -0.232301
46 22 -0.232301
46 23 -0.232301
46 24 -0.232301
46 25 -0.232301
46 26 -0.232301
46 27 -0.232301
46 28 -0.232301
46 29 -0.232301
46 30 -0.232301
46 31 -0.232301
46 32 -0.232301
46 33 -0.232301
46 34 -0.232301
46 35 -0.232301
46 36 -0.232301
46 37 -0.232301
46 38 -0.232301
46 39 -0.232301
46 40 -0.232301
46 41 -0.232301
46 42 -0.232301
46 43 -0.232301
46 44 -0.232301
46 45 -0.232301
46 46 -0.232301
46 47 -0.232301
46 48 -0.232301
46 49 -0.232301
46 50 -0.232301
46 51 -0.232301
46 52 -0.232301
46 53 -0.232301
46 54 -0.232301
46 55 -0.232301
46 56 -0.232301
46 57 -0.232301
46 58 -0.232301
46 59 -0.232301
46 60 -0.232301
46 61 -0.232301
46 62 -0.232301
46 63 -0.232301
47 0 -0.312485
47 1 -0.312485
47 2 -0.229870
47 3 -0.225823
47 4 -0.232177
47 5 -0.232809
47 6 -0.232336
47 7 -0.232263
47 8 -0.232297
47 9 -0.232304
47 10 -0.232302
47 11 -0.232301
47 12 -0.232301
47 13 -0.232301
47 14 -0.232301
47 15 -0.232301
47 16 -0.232301
47 17 -0.232301
47 18 -0.232301
47 19 -0.232301
47 20 -0.232301
47 21 -0.232301
47 22 -0.232301
47 23 -0.232301
47 24 -0.232301
47 25 -0.232301
47 26 -0.232301
47 27 -0.232301
47 28 -0.232301
47 29 -0.232301
47 30 -0.232301
47 31 -0.232301
47 32 -0.232301
47 33 -0.232301
47 34 -0.232301
47 35 -0.232301
47 36 -0.232301
47 37 -0.232301
47 38 -0.232301
47 39 -0.232301
47 40 -0.232301
47 41 -0.232301
47 42 -0.232301
47 43 -0.232301
47 44 -0.232301
47 45 -0.232301
47 46 -0.232301
47 47 -0.232301
47 48 -0.232301
47 49 -0.232301
47 50 -0.232301
47 51 -0.232301
47 52 -0.232301
47 53 -0.232301
47 54 -0.232301
47 55 -0.232301
47 56 -0.232301
47 57 -0.232301
47 58 -0.232301
47 59 -0.232301
47 60 -0.232301
47 61 -0.232301
47 62 -0.232301
47 63 -0.232301
48 0 -0.312485
48 1 -0.312485
48 2 -0.229870
48 3 -0.225823
48 4 -0.232177
48 5 -0.232809
48 6 -0.232336
48 7 -0.232263
48 8 -0.232297
48 9 -0.232304
48 10 -0.232302
48 11 -0.232301
48 12 -0.232301
48 13 -0.232301
48 14 -0.232301
48 15 -0.232301
48 16 -0.232301
48 17 -0.232301
48 18 -0.232301
48 19 -0.232301
48 20 -0.232301
48 21 -0.232301
48 22 -0.232301
48 23 -0.232301
48 24 -0.232301
48 25 -0.232301
48 26 -0.232301
48 27 -0.232301
48 28 -0.232301
48 29 -0.232301
48 30 -0.232301
48 31 -0.232301
48 32 -0.232301
48 33 -0.232301
48 34 -0.232301
48 35 -0.232301
48 36 -0.232301
48 37 -0.232301
48 38 -0.232301
48 39 -0.232301
48 40 -0.232301
48 41 -0.232301
48 42 -0.232301
48 43 -0.232301
48 44 -0.232301
48 45 -0.232301
48 46 -0.232301
48 47 -0.232301
48 48 -0.232301
48 49 -0.232301
48 50 -0.232301
48 51 -0.232301
48 52 -0.232301
48 53 -0.232301
48 54 -0.232301
48 55 -0.232301
48 56 -0.232301
48 57 -0.232301
48 58 -0.232301
48 59 -0.232301
48 60 -0.232301
48 61 -0.232301
48 62 -0.232301
48 63 -0.232301
49 0 -0.312485
49 1 -0.312485
49 2 -0.229871
49 3 -0.225823
49 4 -0.232177
49 5 -0.232810
49 6 -0.232337
49 7 -0.232263
49 8 -0.232297
49 9 -0.232305
49 10 -0.232302
49 11 -0.232302
49 12 -0.232302
49 13 -0.232302
49 14 -0.232302
49 15 -0.232302
49 16 -0.232302
49 17 -0.232302
49 18 -0.232302
49 19 -0.232302
49 20 -0.232302
49 21 -0.232302
49 22 -0.232302
49 23 -0.232302
49 24 -0.232302
49 25 -0.232302
49 26 -0.232302
49 27 -0.232302
49 28 -0.232302
49 29 -0.232302
49 30 -0.232302
49 31 -0.232302
49 32 -0.232302
49 33 -0.232302
49 34 -0.232302
49 35 -0.232302
49 36 -0.232302
49 37 -0.232302
49 38 -0.232302
49 39 -0.232302
49 40 -0.232302
49 41 -0.232302
49 42 -0.232302
49 43 -0.232302
49 44 -0.232302
49 45 -0.232302
49 46 -0.232302
49 47 -0.232302
49 48 -0.232302
49 49 -0.232302
49 50 -0.232302
49 51 -0.232302
49 52 -0.232302
49 53 -0.232302
49 54 -0.232302
49 55 -0.232302
49 56 -0.232302
49 57 -0.232302
49 58 -0.232302
49 59 -0.232302
49 60 -0.232302
49 61 -0.232302
49 62 -0.232302
49 63 -0.232302
50 0 -0.312485
50 1 -0.312485
50 2 -0.229871
50 3 -0.225823
50 4 -0.232177
50 5 -0.232810
50 6 -0.232337
50 7 -0.232263
50 8 -0.232297
50 9 -0.232305
50 10 -0.232303
50 11 -0.232302
50 12 -0.232302
50 13 -0.232302
50 14 -0.232302
50 15 -0.232302
50 16 -0.232302
50 17 -0.232302
50 18 -0.232302
50 19 -0.232302
50 20 -0.232302
50 21 -0.232302
50 22 -0.232302
50 23 -0.232302
50 24 -0.232302
50 25 -0.232302
50 26 -0.232302
50 27 -0.232302
50 28 -0.232302
50 29 -0.232302
50 30 -0.232302
50 31 -0.232302
50 32 -0.232302
50 33 -0.232302
50 34 -0.232302
50 35 -0.232302
50 36 -0.232302
50 37 -0.232302
50 38 -0.232302
50 39 -0.232302
50 40 -0.232302
50 41 -0.232302
50 42 -0.232302
50 43 -0.232302
50 44 -0.232302
50 45 -0.232302
50 46 -0.232302
50 47 -0.232302
50 48 -0.232302
50 49 -0.232302
50 50 -0.232302
50 51 -0.232302
50 52 -0.232302
50 53 -0.232302
50 54 -0.232302
50 55 -0.232302
50 56 -0.232302
50 57 -0.232302
50 58 -0.232302
50 59 -0.232302
50 60 -0.232302
50 61 -0.232302
50 62 -0.232302
50 63 -0.232302
51 0 -0.312485
51 1 -0.312485
51 2 -0.229871
51 3 -0.225824
51 4 -0.232178
51 5 -0.232810
51 6 -0.232337
51 7 -0.232264
51 8 -0.232298
51 9 -0.232305
51 10 -0.232303
51 11 -0.232302
51 12 -0.232302
51 13 -0.232302
51 14 -0.232302
51 15 -0.232302
51 16 -0.232302
51 17 -0.232302
51 18 -0.232302
51 19 -0.232302
51 20 -0.232302
51 21 -0.232302
51 22 -0.232302
51 23 -0.232302
51 24 -0.232302
51 25 -0.232302
51 26 -0.232302
51 27 -0.232302
51 28 -0.232302
51 29 -0.232302
51 30 -0.232302
51 31 -0.232302
51 32 -0.232302
51 33 -0.232302
51 34 -0.232302
51 35 -0.232302
51 36 -0.232302
51 37 -0.232302
51 38 -0.232302
51 39 -0.232302
51 40 -0.232302
51 41 -0.232302
51 42 -0.232302
51 43 -0.232302
51 44 -0.232302
51 45 -0.232303
51 46 -0.232303
51 47 -0.232303
51 48 -0.232303
51 49 -0.232303
51 50 -0.232303
51 51 -0.232303
51 52 -0.232303
51 53 -0.232303
51 54 -0.232303
51 55 -0.232303
51 56 -0.232303
51 57 -0.232303
51 58 -0.232303
51 59 -0.232303
51 60 -0.232303
51 61 -0.232303
51 62 -0.232303
51 63 -0.232303
52 0 -0.312486
52 1 -0.312486
52 2 -0.229871
52 3 -0.225824
52 4 -0.232178
52 5 -0.232810
52 6 -0.232337
52 7 -0.232264
52 8 -0.232298
52 9 -0.232305
52 10 -0.232303
52 11 -0.232302
52 12 -0.232303
52 13 -0.232303
52 14 -0.232303
52 15 -0.232303
52 16 -0.232303
52 17 -0.232303
52 18 -0.232303
52 19 -0.232303
52 20 -0.232303
52 21 -0.232303
52 22 -0.232303
52 23 -0.232303
52 24 -0.232303
52 25 -0.232303
52 26 -0.232303
52 27 -0.232303
52 28 -0.232303
52 29 -0.232303
52 30 -0.232303
52 31 -0.232303
52 32 -0.232303
52 33 -0.232303
52 34 -0.232303
52 35 -0.232303
52 36 -0.232303
52 37 -0.232303
52 38 -0.232303
52 39 -0.232303
52 40 -0.232303
52 41 -0.232303
52 42 -0.232303
52 43 -0.232303
52 44 -0.232303
52 45 -0.232303
52 46 -0.232303
52 47 -0.232303
52 48 -0.232303
52 49 -0.232303
52 50 -0.232303
52 51 -0.232303
52 52 -0.232303
52 53 -0.232303
52 54 -0.232303
52 55 -0.232303
52 56 -0.232303
52 57 -0.232303
52 58 -0.232303
52 59 -0.232303
52 60 -0.232303
52 61 -0.232303
52 62 -0.232303
52 63 -0.232303
53 0 -0.312486
53 1 -0.312486
53 2 -0.229871
53 3 -0.225824
53 4 -0.232178
53 5 -0.232810
53 6 -0.232338
53 7 -0.232264
53 8 -0.232298
53 9 -0.232306
53 10 -0.232303
53 11 -0.232303
53 12 -0.232303
53 13 -0.232303
53 14 -0.232303
53 15 -0.232303
53 16 -0.232303
53 17 -0.232303
53 18 -0.232303
53 19 -0.232303
53 20 -0.232303
53 21 -0.232303
53 22 -0.232303
53 23 -0.232303
53 24 -0.232303
53 25 -0.232303
53 26 -0.232303
53 27 -0.232303
53 28 -0.232303
53 29 -0.232303
53 30 -0.232303
53 31 -0.232303
53 32 -0.232303
53 33 -0.232303
53 34 -0.232303
53 35 -0.232303
53 36 -0.232303
53 37 -0.232303
53 38 -0.232303
53 39 -0.232303
53 40 -0.232303
53 41 -0.232303
53 42 -0.232303
53 43 -0.232303
53 44 -0.232303
53 45 -0.232303
53 46 -0.232303
53 47 -0.232303
53 48 -0.232303
53 49 -0.232303
53 50 -0.232303
53 51 -0.232303
53 52 -0.232303
53 53 -0.232303
53 54 -0.232303
53 55 -0.232303
53 56 -0.232303
53 57 -0.232303
53 58 -0.232303
53 59 -0.232303
53 60 -0.232303
53 61 -0.232303
53 62 -0.232303
53 63 -0.232303
54 0 -0.312486
54 1 -0.312486
54 2 -0.229871
54 3 -0.225824
54 4 -0.232178
54 5 -0.232811
54 6 -0.232338
54 7 -0.232265
54 8 -0.232299
54 9 -0.232306
54 10 -0.232304
54 11 -0.232303
54 12 -0.232303
54 13 -0.232303
54 14 -0.232303
54 15 -0.232304
54 16 -0.232304
54 17 -0.232304
54 18 -0.232304
54 19 -0.232304
54 20 -0.232304
54 21 -0.232304
54 22 -0.232304
54 23 -0.232304
54 24 -0.232304
54 25 -0.232304
54 26 -0.232304
54 27 -0.232304
54 28 -0.232304
54 29 -0.232304
54 30 -0.232304
54 31 -0.232304
54 32 -0.232304
54 33 -0.232304
54 34 -0.232304
54 35 -0.232304
54 36 -0.232304
54 37 -0.232304
54 38 -0.232304
54 39 -0.232304
54 40 -0.232304
54 41 -0.232304
54 42 -0.232304
54 43 -0.232304
54 44 -0.232304
54 45 -0.232304
54 46 -0.232304
54 47 -0.232304
54 48 -0.232304
54 49 -0.232304
54 50 -0.232304
54 51 -0.232304
54 52 -0.232304
54 53 -0.232304
54 54 -0.232304
54 55 -0.232304
54 56 -0.232304
54 57 -0.232304
54 58 -0.232304
54 59 -0.232304
54 60 -0.232304
54 61 -0.232304
54 62 -0.232304
54 63 -0.232304
55 0 -0.312486
55 1 -0.312486
55 2 -0.229872
55 3 -0.225825
55 4 -0.232179
55 5 -0.232811
55 6 -0.232338
55 7 -0.232265
55 8 -0.232299
55 9 -0.232306
55 10 -0.232304
55 11 -0.232304
55 12 -0.232304
55 13 -0.232304
55 14 -0.232304
55 15 -0.232304
55 16 -0.232304
55 17 -0.232304
55 18 -0.232304
55 19 -0.232304
55 20 -0.232304
55 21 -0.232304
55 22 -0.232304
55 23 -0.232304
55 24 -0.232304
55 25 -0.232304
55 26 -0.232304
55 27 -0.232304
55 28 -0.232304
55 29 -0.232304
55 30 -0.232304
55 31 -0.232304
55 32 -0.232304
55 33 -0.232304
55 34 -0.232304
55 35 -0.232304
55 36 -0.232304
55 37 -0.232304
55 38 -0.232304
55 39 -0.232304
55 40 -0.232304
55 41 -0.232304
55 42 -0.232304
55 43 -0.232304
55 44 -0.232304
55 45 -0.232305
55 46 -0.232305
55 47 -0.232305
55 48 -0.232305
55 49 -0.232305
55 50 -0.232305
55 51 -0.232305
55 52 -0.232305
55 53 -0.232305
55 54 -0.232305
55 55 -0.232305
55 56 -0.232305
55 57 -0.232305
55 58 -0.232305
55 59 -0.232305
55 60 -0.232305
55 61 -0.232305
55 62 -0.232305
55 63 -0.232305
56 0 -0.312487
56 1 -0.312487
56 2 -0.229872
56 3 -0.225825
56 4 -0.232179
56 5 -0.232811
56 6 -0.232338
56 7 -0.232265
56 8 -0.232299
56 9 -0.232307
56 10 -0.232305
56 11 -0.232304
56 12 -0.232304
56 13 -0.232304
56 14 -0.232304
56 15 -0.232304
56 16 -0.232304
56 17 -0.232304
56 18 -0.232305
56 19 -0.232305
56 20 -0.232305
56 21 -0.232305
56 22 -0.232305
56 23 -0.232305
56 24 -0.232305
56 25 -0.232305
56 26 -0.232305
56 27 -0.232305
56 28 -0.232305
56 29 -0.232305
56 30 -0.232305
56 31 -0.232305
56 32 -0.232305
56 33 -0.232305
56 34 -0.232305
56 35 -0.232305
56 36 -0.232305
56 37 -0.232305
56 38 -0.232305
56 39 -0.232305
56 40 -0.232305
56 41 -0.232305
56 42 -0.232305
56 43 -0.232305
56 44 -0.232305
56 45 -0.232305
56 46 -0.232305
56 47 -0.232305
56 48 -0.232305
56 49 -0.232305
56 50 -0.232305
56 51 -0.232305
56 52 -0.232305
56 53 -0.232305
56 54 -0.232305
56 55 -0.232305
56 56 -0.232305
56 57 -0.232305
56 58 -0.232305
56 59 -0.232305
56 60 -0.232305
56 61 -0.232305
56 62 -0.232305
56 63 -0.232305
57 0 -0.312487
57 1 -0.312487
57 2 -0.229872
57 3 -0.225825
57 4 -0.232179
57 5 -0.232812
57 6 -0.232339
57 7 -0.232266
57 8 -0.232300
57 9 -0.232307
57 10 -0.232305
57 11 -0.232304
57 12 -0.232305
57 13 -0.232305
57 14 -0.232305
57 15 -0.232305
57 16 -0.232305
57 17 -0.232305
57 18 -0.232305
57 19 -0.232305
57 20 -0.232305
57 21 -0.232305
57 22 -0.232305
57 23 -0.232305
57 24 -0.232305
57 25 -0.232305
57 26 -0.232305
57 27 -0.232305
57 28 -0.232305
57 29 -0.232305
57 30 -0.232305
57 31 -0.232305
57 32 -0.232305
57 33 -0.232306
57 34 -0.232306
57 35 -0.232306
57 36 -0.232306
57 37 -0.232306
57 38 -0.232306
57 39 -0.232306
57 40 -0.232306
57 41 -0.232306
57 42 -0.232306
57 43 -0.232306
57 44 -0.232306
57 45 -0.232306
57 46 -0.232306
57 47 -0.232306
57 48 -0.232306
57 49 -0.232306
57 50 -0.232306
57 51 -0.232306
57 52 -0.232306
57 53 -0.232306
57 54 -0.232306
57 55 -0.232306
57 56 -0.232306
57 57 -0.232306
57 58 -0.232306
57 59 -0.232306
57 60 -0.232306
57 61 -0.232306
57 62 -0.232306
57 63 -0.232306
58 0 -0.312487
58 1 -0.312487
58 2 -0.229872
58 3 -0.225825
58 4 -0.232180
58 5 -0.232812
58 6 -0.232339
58 7 -0.232266
58 8 -0.232300
58 9 -0.232308
58 10 -0.232305
58 11 -0.232305
58 12 -0.232305
58 13 -0.232305
58 14 -0.232305
58 15 -0.232305
58 16 -0.232305
58 17 -0.232305
58 18 -0.232306
58 19 -0.232306
58 20 -0.232306
58 21 -0.232306
58 22 -0.232306
58 23 -0.232306
58 24 -0.232306
58 25 -0.232306
58 26 -0.232306
58 27 -0.232306
58 28 -0.232306
58 29 -0.232306
58 30 -0.232306
58 31 -0.232306
58 32 -0.232306
58 33 -0.232306
58 34 -0.232306
58 35 -0.232306
58 36 -0.232306
58 37 -0.232306
58 38 -0.232306
58 39 -0.232306
58 40 -0.232306
58 41 -0.232306
58 42 -0.232306
58 43 -0.232306
58 44 -0.232306
58 45 -0.232306
58 46 -0.232306
58 47 -0.232306
58 48 -0.232306
58 49 -0.232306
58 50 -0.232306
58 51 -0.232306
58 52 -0.232306
58 53 -0.232306
58 54 -0.232306
58 55 -0.232306
58 56 -0.232306
58 57 -0.232306
58 58 -0.232306
58 59 -0.232306
58 60 -0.232306
58 61 -0.232306
58 62 -0.232306
58 63 -0.232306
59 0 -0.312487
59 1 -0.312487
59 2 -0.229873
59 3 -0.225826
59 4 -0.232180
59 5 -0.232812
59 6 -0.232340
59 7 -0.232266
59 8 -0.232300
59 9 -0.232308
59 10 -0.232306
59 11 -0.232305
59 12 -0.232306
59 13 -0.232306
59 14 -0.232306
59 15 -0.232306
59 16 -0.232306
59 17 -0.232306
59 18 -0.232306
59 19 -0.232306
59 20 -0.232306
59 21 -0.232306
59 22 -0.232306
59 23 -0.232306
59 24 -0.232306
59 25 -0.232306
59 26 -0.232307
59 27 -0.232307
59 28 -0.232307
59 29 -0.232307
59 30 -0.232307
59 31 -0.232307
59 32 -0.232307
59 33 -0.232307
59 34 -0.232307
59 35 -0.232307
59 36 -0.232307
59 37 -0.232307
59 38 -0.232307
59 39 -0.232307
59 40 -0.232307
59 41 -0.232307
59 42 -0.232307
59 43 -0.232307
59 44 -0.232307
59 45 -0.232307
59 46 -0.232307
59 47 -0.232307
59 48 -0.232307
59 49 -0.232307
59 50 -0.232307
59 51 -0.232307
59 52 -0.232307
59 53 -0.232307
59 54 -0.232307
59 55 -0.232307
59 56 -0.232307
59 57 -0.232307
59 58 -0.232307
59 59 -0.232307
59 60 -0.232307
59 61 -0.232307
59 62 -0.232307
59 63 -0.232307
60 0 -0.312488
60 1 -0.312488
60 2 -0.229873
60 3 -0.225826
60 4 -0.232180
60 5 -0.232813
60 6 -0.232340
60 7 -0.232267
60 8 -0.232301
60 9 -0.232309
60 10 -0.232306
60 11 -0.232306
60 12 -0.232306
60 13 -0.232306
60 14 -0.232306
60 15 -0.232306
60 16 -0.232306
60 17 -0.232307
60 18 -0.232307
60 19 -0.232307
60 20 -0.232307
60 21 -0.232307
60 22 -0.232307
60 23 -0.232307
60 24 -0.232307
60 25 -0.232307
60 26 -0.232307
60 27 -0.232307
60 28 -0.232307
60 29 -0.232307
60 30 -0.232307
60 31 -0.232307
60 32 -0.232307
60 33 -0.232307
60 34 -0.232307
60 35 -0.232307
60 36 -0.232307
60 37 -0.232307
60 38 -0.232307
60 39 -0.232307
60 40 -0.232308
60 41 -0.232308
60 42 -0.232308
60 43 -0.232308
60 44 -0.232308
60 45 -0.232308
60 46 -0.232308
60 47 -0.232308
60 48 -0.232308
60 49 -0.232308
60 50 -0.232308
60 51 -0.232308
60 52 -0.232308
60 53 -0.232308
60 54 -0.232308
60 55 -0.232308
60 56 -0.232308
60 57 -0.232308
60 58 -0.232308
60 59 -0.232308
60 60 -0.232308
60 61 -0.232308
60 62 -0.232308
60 63 -0.232308
61 0 -0.312488
61 1 -0.312488
61 2 -0.229873
61 3 -0.225826
61 4 -0.232181
61 5 -0.232813
61 6 -0.232340
61 7 -0.232267
61 8 -0.232301
61 9 -0.232309
61 10 -0.232307
61 11 -0.232306
61 12 -0.232307
61 13 -0.232307
61 14 -0.232307
61 15 -0.232307
61 16 -0.232307
61 17 -0.232307
61 18 -0.232307
61 19 -0.232307
61 20 -0.232307
61 21 -0.232308
61 22 -0.232308
61 23 -0.232308
61 24 -0.232308
61 25 -0.232308
61 26 -0.232308
61 27 -0.232308
61 28 -0.232308
61 29 -0.232308
61 30 -0.232308
61 31 -0.232308
61 32 -0.232308
61 33 -0.232308
61 34 -0.232308
61 35 -0.232308
61 36 -0.232308
61 37 -0.232308
61 38 -0.232308
61 39 -0.232308
61 40 -0.232308
61 41 -0.232308
61 42 -0.232308
61 43 -0.232308
61 44 -0.232308
61 45 -0.232308
61 46 -0.232308
61 47 -0.232308
61 48 -0.232308
61 49 -0.232308
61 50 -0.232308
61 51 -0.232308
61 52 -0.232308
61 53 -0.232308
61 54 -0.232308
61 55 -0.232308
61 56 -0.232308
61 57 -0.232308
61 58 -0.232308
61 59 -0.232308
61 60 -0.232308
61 61 -0.232308
61 62 -0.232308
61 63 -0.232308
62 0 -0.312488
62 1 -0.312488
62 2 -0.229874
62 3 -0.225827
62 4 -0.232181
62 5 -0.232814
62 6 -0.232341
62 7 -0.232268
62 8 -0.232302
62 9 -0.232309
62 10 -0.232307
62 11 -0.232307
62 12 -0.232307
62 13 -0.232307
62 14 -0.232307
62 15 -0.232308
62 16 -0.232308
62 17 -0.232308
62 18 -0.232308
62 19 -0.232308
62 20 -0.232308
62 21 -0.232308
62 22 -0.232308
62 23 -0.232308
62 24 -0.232308
62 25 -0.232308
62 26 -0.232308
62 27 -0.232309
62 28 -0.232309
62 29 -0.232309
62 30 -0.232309
62 31 -0.232309
62 32 -0.232309
62 33 -0.232309
62 34 -0.232309
62 35 -0.232309
62 36 -0.232309
62 37 -0.232309
62 38 -0.232309
62 39 -0.232309
62 40 -0.232309
62 41 -0.232309
62 42 -0.232309
62 43 -0.232309
62 44 -0.232309
62 45 -0.232309
62 46 -0.232309
62 47 -0.232309
62 48 -0.232309
62 49 -0.232309
62 50 -0.232309
62 51 -0.232309
62 52 -0.232309
62 53 -0.232309
62 54 -0.232309
62 55 -0.232309
62 56 -0.232309
62 57 -0.232309
62 58 -0.232309
62 59 -0.232309
62 60 -0.232309
62 61 -0.232309
62 62 -0.232309
62 63 -0.232309
63 0 0.000000
63 1 0.000000
63 2 0.000000
63 3 0.000000
63 4 0.000000
63 5 0.000000
63 6 0.000000
63 7 0.000000
63 8 0.000000
63 9 0.000000
63 10 0.000000
63 11 0.000000
63 12 0.000000
63 13 0.000000
63 14 0.000000
63 15 0.000000
63 16 0.000000
63 17 0.000000
63 18 0.000000
63 19 0.000000
63 20 0.000000
63 21 0.000000
63 22 0.000000
63 23 0.000000
63 24 0.000000
63 25 0.000000
63 26 0.000000
63 27 0.000000
63 28 0.000000
63 29 0.000000
63 30 0.000000
63 31 0.000000
63 32 0.000000
63 33 0.000000
63 34 0.000000
63 35 0.000000
63 36 0.000000
63 37 0.000000
63 38 0.000000
63 39 0.000000
63 40 0.000000
63 41 0.000000
63 42 0.000000
63 43 0.000000
63 44 0.000000
63 45 0.000000
63 46 0.000000
63 47 0.000000
63 48 0.000000
63 49 0.000000
63 50 0.000000
63 51 0.000000
63 52 0.000000
63 53 0.000000
63 54 0.000000
63 55 0.000000
63 56 0.000000
63 57 0.000000
63 58 0.000000
63 59 0.000000
63 60 0.000000
63 61 0.000000
63 62 0.000000
63 63 0.000000
