0 0 0.000000
0 1 0.000000
0 2 0.000000
0 3 0.000000
0 4 0.000000
0 5 0.000000
0 6 0.000000
0 7 0.000000
0 8 0.000000
0 9 0.000000
0 10 0.000000
0 11 0.000000
0 12 0.000000
0 13 0.000000
0 14 0.000000
0 15 0.000000
0 16 0.000000
0 17 0.000000
0 18 0.000000
0 19 0.000000
0 20 0.000000
0 21 0.000000
0 22 0.000000
0 23 0.000000
0 24 0.000000
0 25 0.000000
0 26 0.000000
0 27 0.000000
0 28 0.000000
0 29 0.000000
0 30 0.000000
0 31 0.000000
0 32 0.000000
0 33 0.000000
0 34 0.000000
0 35 0.000000
0 36 0.000000
0 37 0.000000
0 38 0.000000
0 39 0.000000
0 40 0.000000
0 41 0.000000
0 42 0.000000
0 43 0.000000
0 44 0.000000
0 45 0.000000
0 46 0.000000
0 47 0.000000
0 48 0.000000
0 49 0.000000
0 50 0.000000
0 51 0.000000
0 52 0.000000
0 53 0.000000
0 54 0.000000
0 55 0.000000
0 56 0.000000
0 57 0.000000
0 58 0.000000
0 59 0.000000
0 60 0.000000
0 61 0.000000
0 62 0.000000
0 63 0.000000
1 0 -0.494613
1 1 -0.494613
1 2 -0.363495
1 3 -0.357056
1 4 -0.367168
1 5 -0.368177
1 6 -0.367422
1 7 -0.367305
1 8 -0.367360
1 9 -0.367372
1 10 -0.367368
1 11 -0.367367
1 12 -0.367368
1 13 -0.367368
1 14 -0.367368
1 15 -0.367368
1 16 -0.367368
1 17 -0.367368
1 18 -0.367369
1 19 -0.367369
1 20 -0.367369
1 21 -0.367369
1 22 -0.367369
1 23 -0.367369
1 24 -0.367369
1 25 -0.367369
1 26 -0.367369
1 27 -0.367369
1 28 -0.367370
1 29 -0.367370
1 30 -0.367370
1 31 -0.367370
1 32 -0.367370
1 33 -0.367370
1 34 -0.367370
1 35 -0.367370
1 36 -0.367370
1 37 -0.367370
1 38 -0.367370
1 39 -0.367370
1 40 -0.367370
1 41 -0.367370
1 42 -0.367370
1 43 -0.367370
1 44 -0.367370
1 45 -0.367370
1 46 -0.367370
1 47 -0.367370
1 48 -0.367370
1 49 -0.367370
1 50 -0.367370
1 51 -0.367370
1 52 -0.367370
1 53 -0.367370
1 54 -0.367370
1 55 -0.367370
1 56 -0.367370
1 57 -0.367370
1 58 -0.367370
1 59 -0.367370
1 60 -0.367370
1 61 -0.367370
1 62 -0.367370
1 63 -0.367370
2 0 -0.494613
2 1 -0.494613
2 2 -0.363495
2 3 -0.357056
2 4 -0.367167
2 5 -0.368176
2 6 -0.367422
2 7 -0.367305
2 8 -0.367359
2 9 -0.367371
2 10 -0.367368
2 11 -0.367367
2 12 -0.367367
2 13 -0.367367
2 14 -0.367368
2 15 -0.367368
2 16 -0.367368
2 17 -0.367368
2 18 -0.367368
2 19 -0.367368
2 20 -0.367368
2 21 -0.367368
2 22 -0.367368
2 23 -0.367368
2 24 -0.367369
2 25 -0.367369
2 26 -0.367369
2 27 -0.367369
2 28 -0.367369
2 29 -0.367369
2 30 -0.367369
2 31 -0.367369
2 32 -0.367369
2 33 -0.367369
2 34 -0.367369
2 35 -0.367369
2 36 -0.367369
2 37 -0.367369
2 38 -0.367369
2 39 -0.367369
2 40 -0.367369
2 41 -0.367369
2 42 -0.367370
2 43 -0.367370
2 44 -0.367370
2 45 -0.367370
2 46 -0.367370
2 47 -0.367370
2 48 -0.367370
2 49 -0.367370
2 50 -0.367370
2 51 -0.367370
2 52 -0.367370
2 53 -0.367370
2 54 -0.367370
2 55 -0.367370
2 56 -0.367370
2 57 -0.367370
2 58 -0.367370
2 59 -0.367370
2 60 -0.367370
2 61 -0.367370
2 62 -0.367370
2 63 -0.367370
3 0 -0.494613
3 1 -0.494613
3 2 -0.363495
3 3 -0.357056
3 4 -0.367167
3 5 -0.368176
3 6 -0.367421
3 7 -0.367304
3 8 -0.367359
3 9 -0.367371
3 10 -0.367367
3 11 -0.367366
3 12 -0.367367
3 13 -0.367367
3 14 -0.367367
3 15 -0.367367
3 16 -0.367367
3 17 -0.367367
3 18 -0.367367
3 19 -0.367368
3 20 -0.367368
3 21 -0.367368
3 22 -0.367368
3 23 -0.367368
3 24 -0.367368
3 25 -0.367368
3 26 -0.367368
3 27 -0.367368
3 28 -0.367368
3 29 -0.367368
3 30 -0.367368
3 31 -0.367368
3 32 -0.367368
3 33 -0.367369
3 34 -0.367369
3 35 -0.367369
3 36 -0.367369
3 37 -0.367369
3 38 -0.367369
3 39 -0.367369
3 40 -0.367369
3 41 -0.367369
3 42 -0.367369
3 43 -0.367369
3 44 -0.367369
3 45 -0.367369
3 46 -0.367369
3 47 -0.367369
3 48 -0.367369
3 49 -0.367369
3 50 -0.367369
3 51 -0.367369
3 52 -0.367369
3 53 -0.367369
3 54 -0.367369
3 55 -0.367369
3 56 -0.367369
3 57 -0.367369
3 58 -0.367369
3 59 -0.367369
3 60 -0.367369
3 61 -0.367369
3 62 -0.367369
3 63 -0.367369
4 0 -0.494613
4 1 -0.494613
4 2 -0.363495
4 3 -0.357055
4 4 -0.367167
4 5 -0.368176
4 6 -0.367421
4 7 -0.367304
4 8 -0.367358
4 9 -0.367371
4 10 -0.367367
4 11 -0.367366
4 12 -0.367366
4 13 -0.367366
4 14 -0.367367
4 15 -0.367367
4 16 -0.367367
4 17 -0.367367
4 18 -0.367367
4 19 -0.367367
4 20 -0.367367
4 21 -0.367367
4 22 -0.367367
4 23 -0.367367
4 24 -0.367367
4 25 -0.367367
4 26 -0.367368
4 27 -0.367368
4 28 -0.367368
4 29 -0.367368
4 30 -0.367368
4 31 -0.367368
4 32 -0.367368
4 33 -0.367368
4 34 -0.367368
4 35 -0.367368
4 36 -0.367368
4 37 -0.367368
4 38 -0.367368
4 39 -0.367368
4 40 -0.367368
4 41 -0.367368
4 42 -0.367368
4 43 -0.367368
4 44 -0.367368
4 45 -0.367368
4 46 -0.367368
4 47 -0.367368
4 48 -0.367368
4 49 -0.367368
4 50 -0.367368
4 51 -0.367368
4 52 -0.367368
4 53 -0.367368
4 54 -0.367368
4 55 -0.367368
4 56 -0.367368
4 57 -0.367368
4 58 -0.367368
4 59 -0.367368
4 60 -0.367368
4 61 -0.367368
4 62 -0.367368
4 63 -0.367368
5 0 -0.494612
5 1 -0.494612
5 2 -0.363494
5 3 -0.357055
5 4 -0.367166
5 5 -0.368175
5 6 -0.367421
5 7 -0.367304
5 8 -0.367358
5 9 -0.367370
5 10 -0.367367
5 11 -0.367365
5 12 -0.367366
5 13 -0.367366
5 14 -0.367366
5 15 -0.367366
5 16 -0.367366
5 17 -0.367366
5 18 -0.367366
5 19 -0.367367
5 20 -0.367367
5 21 -0.367367
5 22 -0.367367
5 23 -0.367367
5 24 -0.367367
5 25 -0.367367
5 26 -0.367367
5 27 -0.367367
5 28 -0.367367
5 29 -0.367367
5 30 -0.367367
5 31 -0.367367
5 32 -0.367367
5 33 -0.367367
5 34 -0.367367
5 35 -0.367367
5 36 -0.367367
5 37 -0.367367
5 38 -0.367367
5 39 -0.367367
5 40 -0.367367
5 41 -0.367367
5 42 -0.367368
5 43 -0.367368
5 44 -0.367368
5 45 -0.367368
5 46 -0.367368
5 47 -0.367368
5 48 -0.367368
5 49 -0.367368
5 50 -0.367368
5 51 -0.367368
5 52 -0.367368
5 53 -0.367368
5 54 -0.367368
5 55 -0.367368
5 56 -0.367368
5 57 -0.367368
5 58 -0.367368
5 59 -0.367368
5 60 -0.367368
5 61 -0.367368
5 62 -0.367368
5 63 -0.367368
6 0 -0.494612
6 1 -0.494612
6 2 -0.363494
6 3 -0.357055
6 4 -0.367166
6 5 -0.368175
6 6 -0.367420
6 7 -0.367303
6 8 -0.367358
6 9 -0.367370
6 10 -0.367366
6 11 -0.367365
6 12 -0.367365
6 13 -0.367366
6 14 -0.367366
6 15 -0.367366
6 16 -0.367366
6 17 -0.367366
6 18 -0.367366
6 19 -0.367366
6 20 -0.367366
6 21 -0.367366
6 22 -0.367366
6 23 -0.367366
6 24 -0.367366
6 25 -0.367366
6 26 -0.367366
6 27 -0.367366
6 28 -0.367367
6 29 -0.367367
6 30 -0.367367
6 31 -0.367367
6 32 -0.367367
6 33 -0.367367
6 34 -0.367367
6 35 -0.367367
6 36 -0.367367
6 37 -0.367367
6 38 -0.367367
6 39 -0.367367
6 40 -0.367367
6 41 -0.367367
6 42 -0.367367
6 43 -0.367367
6 44 -0.367367
6 45 -0.367367
6 46 -0.367367
6 47 -0.367367
6 48 -0.367367
6 49 -0.367367
6 50 -0.367367
6 51 -0.367367
6 52 -0.367367
6 53 -0.367367
6 54 -0.367367
6 55 -0.367367
6 56 -0.367367
6 57 -0.367367
6 58 -0.367367
6 59 -0.367367
6 60 -0.367367
6 61 -0.367367
6 62 -0.367367
6 63 -0.367367
7 0 -0.494612
7 1 -0.494612
7 2 -0.363494
7 3 -0.357055
7 4 -0.367166
7 5 -0.368175
7 6 -0.367420
7 7 -0.367303
7 8 -0.367357
7 9 -0.367369
7 10 -0.367366
7 11 -0.367365
7 12 -0.367365
7 13 -0.367365
7 14 -0.367365
7 15 -0.367365
7 16 -0.367365
7 17 -0.367365
7 18 -0.367366
7 19 -0.367366
7 20 -0.367366
7 21 -0.367366
7 22 -0.367366
7 23 -0.367366
7 24 -0.367366
7 25 -0.367366
7 26 -0.367366
7 27 -0.367366
7 28 -0.367366
7 29 -0.367366
7 30 -0.367366
7 31 -0.367366
7 32 -0.367366
7 33 -0.367366
7 34 -0.367366
7 35 -0.367366
7 36 -0.367366
7 37 -0.367366
7 38 -0.367366
7 39 -0.367366
7 40 -0.367366
7 41 -0.367366
7 42 -0.367366
7 43 -0.367366
7 44 -0.367366
7 45 -0.367366
7 46 -0.367366
7 47 -0.367366
7 48 -0.367366
7 49 -0.367366
7 50 -0.367366
7 51 -0.367366
7 52 -0.367366
7 53 -0.367366
7 54 -0.367366
7 55 -0.367366
7 56 -0.367366
7 57 -0.367366
7 58 -0.367366
7 59 -0.367366
7 60 -0.367366
7 61 -0.367366
7 62 -0.367366
7 63 -0.367366
8 0 -0.494612
8 1 -0.494612
8 2 -0.363494
8 3 -0.357054
8 4 -0.367166
8 5 -0.368174
8 6 -0.367420
8 7 -0.367303
8 8 -0.367357
8 9 -0.367369
8 10 -0.367365
8 11 -0.367364
8 12 -0.367365
8 13 -0.367365
8 14 -0.367365
8 15 -0.367365
8 16 -0.367365
8 17 -0.367365
8 18 -0.367365
8 19 -0.367365
8 20 -0.367365
8 21 -0.367365
8 22 -0.367365
8 23 -0.367365
8 24 -0.367365
8 25 -0.367365
8 26 -0.367365
8 27 -0.367365
8 28 -0.367365
8 29 -0.367365
8 30 -0.367366
8 31 -0.367366
8 32 -0.367366
8 33 -0.367366
8 34 -0.367366
8 35 -0.367366
8 36 -0.367366
8 37 -0.367366
8 38 -0.367366
8 39 -0.367366
8 40 -0.367366
8 41 -0.367366
8 42 -0.367366
8 43 -0.367366
8 44 -0.367366
8 45 -0.367366
8 46 -0.367366
8 47 -0.367366
8 48 -0.367366
8 49 -0.367366
8 50 -0.367366
8 51 -0.367366
8 52 -0.367366
8 53 -0.367366
8 54 -0.367366
8 55 -0.367366
8 56 -0.367366
8 57 -0.367366
8 58 -0.367366
8 59 -0.367366
8 60 -0.367366
8 61 -0.367366
8 62 -0.367366
8 63 -0.367366
9 0 -0.494612
9 1 -0.494612
9 2 -0.363494
9 3 -0.357054
9 4 -0.367165
9 5 -0.368174
9 6 -0.367420
9 7 -0.367302
9 8 -0.367357
9 9 -0.367369
9 10 -0.367365
9 11 -0.367364
9 12 -0.367364
9 13 -0.367364
9 14 -0.367365
9 15 -0.367365
9 16 -0.367365
9 17 -0.367365
9 18 -0.367365
9 19 -0.367365
9 20 -0.367365
9 21 -0.367365
9 22 -0.367365
9 23 -0.367365
9 24 -0.367365
9 25 -0.367365
9 26 -0.367365
9 27 -0.367365
9 28 -0.367365
9 29 -0.367365
9 30 -0.367365
9 31 -0.367365
9 32 -0.367365
9 33 -0.367365
9 34 -0.367365
9 35 -0.367365
9 36 -0.367365
9 37 -0.367365
9 38 -0.367365
9 39 -0.367365
9 40 -0.367365
9 41 -0.367365
9 42 -0.367365
9 43 -0.367365
9 44 -0.367365
9 45 -0.367365
9 46 -0.367365
9 47 -0.367365
9 48 -0.367365
9 49 -0.367365
9 50 -0.367365
9 51 -0.367365
9 52 -0.367365
9 53 -0.367365
9 54 -0.367365
9 55 -0.367365
9 56 -0.367365
9 57 -0.367365
9 58 -0.367365
9 59 -0.367365
9 60 -0.367365
9 61 -0.367365
9 62 -0.367365
9 63 -0.367365
10 0 -0.494611
10 1 -0.494611
10 2 -0.363493
10 3 -0.357054
10 4 -0.367165
10 5 -0.368174
10 6 -0.367419
10 7 -0.367302
10 8 -0.367356
10 9 -0.367369
10 10 -0.367365
10 11 -0.367364
10 12 -0.367364
10 13 -0.367364
10 14 -0.367364
10 15 -0.367364
10 16 -0.367364
10 17 -0.367364
10 18 -0.367364
10 19 -0.367364
10 20 -0.367364
10 21 -0.367364
10 22 -0.367364
10 23 -0.367364
10 24 -0.367364
10 25 -0.367364
10 26 -0.367364
10 27 -0.367365
10 28 -0.367365
10 29 -0.367365
10 30 -0.367365
10 31 -0.367365
10 32 -0.367365
10 33 -0.367365
10 34 -0.367365
10 35 -0.367365
10 36 -0.367365
10 37 -0.367365
10 38 -0.367365
10 39 -0.367365
10 40 -0.367365
10 41 -0.367365
10 42 -0.367365
10 43 -0.367365
10 44 -0.367365
10 45 -0.367365
10 46 -0.367365
10 47 -0.367365
10 48 -0.367365
10 49 -0.367365
10 50 -0.367365
10 51 -0.367365
10 52 -0.367365
10 53 -0.367365
10 54 -0.367365
10 55 -0.367365
10 56 -0.367365
10 57 -0.367365
10 58 -0.367365
10 59 -0.367365
10 60 -0.367365
10 61 -0.367365
10 62 -0.367365
10 63 -0.367365
11 0 -0.494611
11 1 -0.494611
11 2 -0.363493
11 3 -0.357054
11 4 -0.367165
11 5 -0.368174
11 6 -0.367419
11 7 -0.367302
11 8 -0.367356
11 9 -0.367368
11 10 -0.367365
11 11 -0.367363
11 12 -0.367364
11 13 -0.367364
11 14 -0.367364
11 15 -0.367364
11 16 -0.367364
11 17 -0.367364
11 18 -0.367364
11 19 -0.367364
11 20 -0.367364
11 21 -0.367364
11 22 -0.367364
11 23 -0.367364
11 24 -0.367364
11 25 -0.367364
11 26 -0.367364
11 27 -0.367364
11 28 -0.367364
11 29 -0.367364
11 30 -0.367364
11 31 -0.367364
11 32 -0.367364
11 33 -0.367364
11 34 -0.367364
11 35 -0.367364
11 36 -0.367364
11 37 -0.367364
11 38 -0.367364
11 39 -0.367364
11 40 -0.367364
11 41 -0.367364
11 42 -0.367364
11 43 -0.367364
11 44 -0.367364
11 45 -0.367364
11 46 -0.367364
11 47 -0.367364
11 48 -0.367364
11 49 -0.367364
11 50 -0.367364
11 51 -0.367364
11 52 -0.367364
11 53 -0.367364
11 54 -0.367364
11 55 -0.367364
11 56 -0.367364
11 57 -0.367364
11 58 -0.367364
11 59 -0.367364
11 60 -0.367364
11 61 -0.367364
11 62 -0.367364
11 63 -0.367364
12 0 -0.494611
12 1 -0.494611
12 2 -0.363493
12 3 -0.357054
12 4 -0.367165
12 5 -0.368173
12 6 -0.367419
12 7 -0.367302
12 8 -0.367356
12 9 -0.367368
12 10 -0.367364
12 11 -0.367363
12 12 -0.367363
12 13 -0.367364
12 14 -0.367364
12 15 -0.367364
12 16 -0.367364
12 17 -0.367364
12 18 -0.367364
12 19 -0.367364
12 20 -0.367364
12 21 -0.367364
12 22 -0.367364
12 23 -0.367364
12 24 -0.367364
12 25 -0.367364
12 26 -0.367364
12 27 -0.367364
12 28 -0.367364
12 29 -0.367364
12 30 -0.367364
12 31 -0.367364
12 32 -0.367364
12 33 -0.367364
12 34 -0.367364
12 35 -0.367364
12 36 -0.367364
12 37 -0.367364
12 38 -0.367364
12 39 -0.367364
12 40 -0.367364
12 41 -0.367364
12 42 -0.367364
12 43 -0.367364
12 44 -0.367364
12 45 -0.367364
12 46 -0.367364
12 47 -0.367364
12 48 -0.367364
12 49 -0.367364
12 50 -0.367364
12 51 -0.367364
12 52 -0.367364
12 53 -0.367364
12 54 -0.367364
12 55 -0.367364
12 56 -0.367364
12 57 -0.367364
12 58 -0.367364
12 59 -0.367364
12 60 -0.367364
12 61 -0.367364
12 62 -0.367364
12 63 -0.367364
13 0 -0.494611
13 1 -0.494611
13 2 -0.363493
13 3 -0.357053
13 4 -0.367165
13 5 -0.368173
13 6 -0.367419
13 7 -0.367301
13 8 -0.367356
13 9 -0.367368
13 10 -0.367364
13 11 -0.367363
13 12 -0.367363
13 13 -0.367363
13 14 -0.367363
13 15 -0.367363
13 16 -0.367363
13 17 -0.367363
13 18 -0.367363
13 19 -0.367363
13 20 -0.367363
13 21 -0.367363
13 22 -0.367363
13 23 -0.367363
13 24 -0.367363
13 25 -0.367363
13 26 -0.367363
13 27 -0.367363
13 28 -0.367363
13 29 -0.367363
13 30 -0.367363
13 31 -0.367363
13 32 -0.367363
13 33 -0.367363
13 34 -0.367363
13 35 -0.367363
13 36 -0.367363
13 37 -0.367363
13 38 -0.367363
13 39 -0.367363
13 40 -0.367363
13 41 -0.367363
13 42 -0.367363
13 43 -0.367363
13 44 -0.367363
13 45 -0.367363
13 46 -0.367363
13 47 -0.367363
13 48 -0.367363
13 49 -0.367363
13 50 -0.367363
13 51 -0.367363
13 52 -0.367363
13 53 -0.367363
13 54 -0.367363
13 55 -0.367363
13 56 -0.367363
13 57 -0.367363
13 58 -0.367363
13 59 -0.367363
13 60 -0.367363
13 61 -0.367363
13 62 -0.367363
13 63 -0.367363
14 0 -0.494611
14 1 -0.494611
14 2 -0.363493
14 3 -0.357053
14 4 -0.367164
14 5 -0.368173
14 6 -0.367419
14 7 -0.367301
14 8 -0.367355
14 9 -0.367367
14 10 -0.367364
14 11 -0.367363
14 12 -0.367363
14 13 -0.367363
14 14 -0.367363
14 15 -0.367363
14 16 -0.367363
14 17 -0.367363
14 18 -0.367363
14 19 -0.367363
14 20 -0.367363
14 21 -0.367363
14 22 -0.367363
14 23 -0.367363
14 24 -0.367363
14 25 -0.367363
14 26 -0.367363
14 27 -0.367363
14 28 -0.367363
14 29 -0.367363
14 30 -0.367363
14 31 -0.367363
14 32 -0.367363
14 33 -0.367363
14 34 -0.367363
14 35 -0.367363
14 36 -0.367363
14 37 -0.367363
14 38 -0.367363
14 39 -0.367363
14 40 -0.367363
14 41 -0.367363
14 42 -0.367363
14 43 -0.367363
14 44 -0.367363
14 45 -0.367363
14 46 -0.367363
14 47 -0.367363
14 48 -0.367363
14 49 -0.367363
14 50 -0.367363
14 51 -0.367363
14 52 -0.367363
14 53 -0.367363
14 54 -0.367363
14 55 -0.367363
14 56 -0.367363
14 57 -0.367363
14 58 -0.367363
14 59 -0.367363
14 60 -0.367363
14 61 -0.367363
14 62 -0.367363
14 63 -0.367363
15 0 -0.494611
15 1 -0.494611
15 2 -0.363493
15 3 -0.357053
15 4 -0.367164
15 5 -0.368173
15 6 -0.367418
15 7 -0.367301
15 8 -0.367355
15 9 -0.367367
15 10 -0.367364
15 11 -0.367362
15 12 -0.367363
15 13 -0.367363
15 14 -0.367363
15 15 -0.367363
15 16 -0.367363
15 17 -0.367363
15 18 -0.367363
15 19 -0.367363
15 20 -0.367363
15 21 -0.367363
15 22 -0.367363
15 23 -0.367363
15 24 -0.367363
15 25 -0.367363
15 26 -0.367363
15 27 -0.367363
15 28 -0.367363
15 29 -0.367363
15 30 -0.367363
15 31 -0.367363
15 32 -0.367363
15 33 -0.367363
15 34 -0.367363
15 35 -0.367363
15 36 -0.367363
15 37 -0.367363
15 38 -0.367363
15 39 -0.367363
15 40 -0.367363
15 41 -0.367363
15 42 -0.367363
15 43 -0.367363
15 44 -0.367363
15 45 -0.367363
15 46 -0.367363
15 47 -0.367363
15 48 -0.367363
15 49 -0.367363
15 50 -0.367362
15 51 -0.367362
15 52 -0.367362
15 53 -0.367362
15 54 -0.367362
15 55 -0.367362
15 56 -0.367362
15 57 -0.367362
15 58 -0.367362
15 59 -0.367362
15 60 -0.367362
15 61 -0.367362
15 62 -0.367362
15 63 -0.367362
16 0 -0.494610
16 1 -0.494610
16 2 -0.363492
16 3 -0.357053
16 4 -0.367164
16 5 -0.368173
16 6 -0.367418
16 7 -0.367301
16 8 -0.367355
16 9 -0.367367
16 10 -0.367363
16 11 -0.367362
16 12 -0.367362
16 13 -0.367362
16 14 -0.367362
16 15 -0.367362
16 16 -0.367362
16 17 -0.367362
16 18 -0.367362
16 19 -0.367362
16 20 -0.367362
16 21 -0.367362
16 22 -0.367362
16 23 -0.367362
16 24 -0.367362
16 25 -0.367362
16 26 -0.367362
16 27 -0.367362
16 28 -0.367362
16 29 -0.367362
16 30 -0.367362
16 31 -0.367362
16 32 -0.367362
16 33 -0.367362
16 34 -0.367362
16 35 -0.367362
16 36 -0.367362
16 37 -0.367362
16 38 -0.367362
16 39 -0.367362
16 40 -0.367362
16 41 -0.367362
16 42 -0.367362
16 43 -0.367362
16 44 -0.367362
16 45 -0.367362
16 46 -0.367362
16 47 -0.367362
16 48 -0.367362
16 49 -0.367362
16 50 -0.367362
16 51 -0.367362
16 52 -0.367362
16 53 -0.367362
16 54 -0.367362
16 55 -0.367362
16 56 -0.367362
16 57 -0.367362
16 58 -0.367362
16 59 -0.367362
16 60 -0.367362
16 61 -0.367362
16 62 -0.367362
16 63 -0.367362
17 0 -0.494610
17 1 -0.494610
17 2 -0.363492
17 3 -0.357053
17 4 -0.367164
17 5 -0.368173
17 6 -0.367418
17 7 -0.367301
17 8 -0.367355
17 9 -0.367367
17 10 -0.367363
17 11 -0.367362
17 12 -0.367362
17 13 -0.367362
17 14 -0.367362
17 15 -0.367362
17 16 -0.367362
17 17 -0.367362
17 18 -0.367362
17 19 -0.367362
17 20 -0.367362
17 21 -0.367362
17 22 -0.367362
17 23 -0.367362
17 24 -0.367362
17 25 -0.367362
17 26 -0.367362
17 27 -0.367362
17 28 -0.367362
17 29 -0.367362
17 30 -0.367362
17 31 -0.367362
17 32 -0.367362
17 33 -0.367362
17 34 -0.367362
17 35 -0.367362
17 36 -0.367362
17 37 -0.367362
17 38 -0.367362
17 39 -0.367362
17 40 -0.367362
17 41 -0.367362
17 42 -0.367362
17 43 -0.367362
17 44 -0.367362
17 45 -0.367362
17 46 -0.367362
17 47 -0.367362
17 48 -0.367362
17 49 -0.367362
17 50 -0.367362
17 51 -0.367362
17 52 -0.367362
17 53 -0.367362
17 54 -0.367362
17 55 -0.367362
17 56 -0.367362
17 57 -0.367362
17 58 -0.367362
17 59 -0.367362
17 60 -0.367362
17 61 -0.367362
17 62 -0.367362
17 63 -0.367362
18 0 -0.494610
18 1 -0.494610
18 2 -0.363492
18 3 -0.357053
18 4 -0.367164
18 5 -0.368172
18 6 -0.367418
18 7 -0.367300
18 8 -0.367355
18 9 -0.367367
18 10 -0.367363
18 11 -0.367362
18 12 -0.367362
18 13 -0.367362
18 14 -0.367362
18 15 -0.367362
18 16 -0.367362
18 17 -0.367362
18 18 -0.367362
18 19 -0.367362
18 20 -0.367362
18 21 -0.367362
18 22 -0.367362
18 23 -0.367362
18 24 -0.367362
18 25 -0.367362
18 26 -0.367362
18 27 -0.367362
18 28 -0.367362
18 29 -0.367362
18 30 -0.367362
18 31 -0.367362
18 32 -0.367362
18 33 -0.367362
18 34 -0.367362
18 35 -0.367362
18 36 -0.367362
18 37 -0.367362
18 38 -0.367361
18 39 -0.367361
18 40 -0.367361
18 41 -0.367361
18 42 -0.367361
18 43 -0.367361
18 44 -0.367361
18 45 -0.367361
18 46 -0.367361
18 47 -0.367361
18 48 -0.367361
18 49 -0.367361
18 50 -0.367361
18 51 -0.367361
18 52 -0.367361
18 53 -0.367361
18 54 -0.367361
18 55 -0.367361
18 56 -0.367361
18 57 -0.367361
18 58 -0.367361
18 59 -0.367361
18 60 -0.367361
18 61 -0.367361
18 62 -0.367361
18 63 -0.367361
19 0 -0.494610
19 1 -0.494610
19 2 -0.363492
19 3 -0.357053
19 4 -0.367164
19 5 -0.368172
19 6 -0.367418
19 7 -0.367300
19 8 -0.367355
19 9 -0.367366
19 10 -0.367363
19 11 -0.367362
19 12 -0.367362
19 13 -0.367362
19 14 -0.367362
19 15 -0.367362
19 16 -0.367362
19 17 -0.367362
19 18 -0.367362
19 19 -0.367362
19 20 -0.367362
19 21 -0.367362
19 22 -0.367361
19 23 -0.367361
19 24 -0.367361
19 25 -0.367361
19 26 -0.367361
19 27 -0.367361
19 28 -0.367361
19 29 -0.367361
19 30 -0.367361
19 31 -0.367361
19 32 -0.367361
19 33 -0.367361
19 34 -0.367361
19 35 -0.367361
19 36 -0.367361
19 37 -0.367361
19 38 -0.367361
19 39 -0.367361
19 40 -0.367361
19 41 -0.367361
19 42 -0.367361
19 43 -0.367361
19 44 -0.367361
19 45 -0.367361
19 46 -0.367361
19 47 -0.367361
19 48 -0.367361
19 49 -0.367361
19 50 -0.367361
19 51 -0.367361
19 52 -0.367361
19 53 -0.367361
19 54 -0.367361
19 55 -0.367361
19 56 -0.367361
19 57 -0.367361
19 58 -0.367361
19 59 -0.367361
19 60 -0.367361
19 61 -0.367361
19 62 -0.367361
19 63 -0.367361
20 0 -0.494610
20 1 -0.494610
20 2 -0.363492
20 3 -0.357052
20 4 -0.367164
20 5 -0.368172
20 6 -0.367418
20 7 -0.367300
20 8 -0.367354
20 9 -0.367366
20 10 -0.367363
20 11 -0.367361
20 12 -0.367362
20 13 -0.367362
20 14 -0.367362
20 15 -0.367361
20 16 -0.367361
20 17 -0.367361
20 18 -0.367361
20 19 -0.367361
20 20 -0.367361
20 21 -0.367361
20 22 -0.367361
20 23 -0.367361
20 24 -0.367361
20 25 -0.367361
20 26 -0.367361
20 27 -0.367361
20 28 -0.367361
20 29 -0.367361
20 30 -0.367361
20 31 -0.367361
20 32 -0.367361
20 33 -0.367361
20 34 -0.367361
20 35 -0.367361
20 36 -0.367361
20 37 -0.367361
20 38 -0.367361
20 39 -0.367361
20 40 -0.367361
20 41 -0.367361
20 42 -0.367361
20 43 -0.367361
20 44 -0.367361
20 45 -0.367361
20 46 -0.367361
20 47 -0.367361
20 48 -0.367361
20 49 -0.367361
20 50 -0.367361
20 51 -0.367361
20 52 -0.367361
20 53 -0.367361
20 54 -0.367361
20 55 -0.367361
20 56 -0.367361
20 57 -0.367361
20 58 -0.367361
20 59 -0.367361
20 60 -0.367361
20 61 -0.367361
20 62 -0.367361
20 63 -0.367361
21 0 -0.494610
21 1 -0.494610
21 2 -0.363492
21 3 -0.357052
21 4 -0.367163
21 5 -0.368172
21 6 -0.367417
21 7 -0.367300
21 8 -0.367354
21 9 -0.367366
21 10 -0.367362
21 11 -0.367361
21 12 -0.367361
21 13 -0.367361
21 14 -0.367361
21 15 -0.367361
21 16 -0.367361
21 17 -0.367361
21 18 -0.367361
21 19 -0.367361
21 20 -0.367361
21 21 -0.367361
21 22 -0.367361
21 23 -0.367361
21 24 -0.367361
21 25 -0.367361
21 26 -0.367361
21 27 -0.367361
21 28 -0.367361
21 29 -0.367361
21 30 -0.367361
21 31 -0.367361
21 32 -0.367361
21 33 -0.367361
21 34 -0.367361
21 35 -0.367361
21 36 -0.367361
21 37 -0.367361
21 38 -0.367361
21 39 -0.367361
21 40 -0.367361
21 41 -0.367361
21 42 -0.367361
21 43 -0.367361
21 44 -0.367361
21 45 -0.367361
21 46 -0.367361
21 47 -0.367361
21 48 -0.367361
21 49 -0.367361
21 50 -0.367361
21 51 -0.367361
21 52 -0.367361
21 53 -0.367361
21 54 -0.367361
21 55 -0.367361
21 56 -0.367361
21 57 -0.367361
21 58 -0.367361
21 59 -0.367361
21 60 -0.367361
21 61 -0.367361
21 62 -0.367361
21 63 -0.367361
22 0 -0.494610
22 1 -0.494610
22 2 -0.363492
22 3 -0.357052
22 4 -0.367163
22 5 -0.368172
22 6 -0.367417
22 7 -0.367300
22 8 -0.367354
22 9 -0.367366
22 10 -0.367362
22 11 -0.367361
22 12 -0.367361
22 13 -0.367361
22 14 -0.367361
22 15 -0.367361
22 16 -0.367361
22 17 -0.367361
22 18 -0.367361
22 19 -0.367361
22 20 -0.367361
22 21 -0.367361
22 22 -0.367361
22 23 -0.367361
22 24 -0.367361
22 25 -0.367361
22 26 -0.367361
22 27 -0.367361
22 28 -0.367361
22 29 -0.367361
22 30 -0.367361
22 31 -0.367361
22 32 -0.367361
22 33 -0.367361
22 34 -0.367361
22 35 -0.367361
22 36 -0.367360
22 37 -0.367360
22 38 -0.367360
22 39 -0.367360
22 40 -0.367360
22 41 -0.367360
22 42 -0.367360
22 43 -0.367360
22 44 -0.367360
22 45 -0.367360
22 46 -0.367360
22 47 -0.367360
22 48 -0.367360
22 49 -0.367360
22 50 -0.367360
22 51 -0.367360
22 52 -0.367360
22 53 -0.367360
22 54 -0.367360
22 55 -0.367360
22 56 -0.367360
22 57 -0.367360
22 58 -0.367360
22 59 -0.367360
22 60 -0.367360
22 61 -0.367360
22 62 -0.367360
22 63 -0.367360
23 0 -0.494610
23 1 -0.494610
23 2 -0.363492
23 3 -0.357052
23 4 -0.367163
23 5 -0.368172
23 6 -0.367417
23 7 -0.367300
23 8 -0.367354
23 9 -0.367366
23 10 -0.367362
23 11 -0.367361
23 12 -0.367361
23 13 -0.367361
23 14 -0.367361
23 15 -0.367361
23 16 -0.367361
23 17 -0.367361
23 18 -0.367361
23 19 -0.367361
23 20 -0.367361
23 21 -0.367361
23 22 -0.367361
23 23 -0.367361
23 24 -0.367361
23 25 -0.367361
23 26 -0.367361
23 27 -0.367361
23 28 -0.367360
23 29 -0.367360
23 30 -0.367360
23 31 -0.367360
23 32 -0.367360
23 33 -0.367360
23 34 -0.367360
23 35 -0.367360
23 36 -0.367360
23 37 -0.367360
23 38 -0.367360
23 39 -0.367360
23 40 -0.367360
23 41 -0.367360
23 42 -0.367360
23 43 -0.367360
23 44 -0.367360
23 45 -0.367360
23 46 -0.367360
23 47 -0.367360
23 48 -0.367360
23 49 -0.367360
23 50 -0.367360
23 51 -0.367360
23 52 -0.367360
23 53 -0.367360
23 54 -0.367360
23 55 -0.367360
23 56 -0.367360
23 57 -0.367360
23 58 -0.367360
23 59 -0.367360
23 60 -0.367360
23 61 -0.367360
23 62 -0.367360
23 63 -0.367360
24 0 -0.494610
24 1 -0.494610
24 2 -0.363492
24 3 -0.357052
24 4 -0.367163
24 5 -0.368172
24 6 -0.367417
24 7 -0.367300
24 8 -0.367354
24 9 -0.367366
24 10 -0.367362
24 11 -0.367361
24 12 -0.367361
24 13 -0.367361
24 14 -0.367361
24 15 -0.367361
24 16 -0.367361
24 17 -0.367361
24 18 -0.367361
24 19 -0.367361
24 20 -0.367361
24 21 -0.367361
24 22 -0.367361
24 23 -0.367360
24 24 -0.367360
24 25 -0.367360
24 26 -0.367360
24 27 -0.367360
24 28 -0.367360
24 29 -0.367360
24 30 -0.367360
24 31 -0.367360
24 32 -0.367360
24 33 -0.367360
24 34 -0.367360
24 35 -0.367360
24 36 -0.367360
24 37 -0.367360
24 38 -0.367360
24 39 -0.367360
24 40 -0.367360
24 41 -0.367360
24 42 -0.367360
24 43 -0.367360
24 44 -0.367360
24 45 -0.367360
24 46 -0.367360
24 47 -0.367360
24 48 -0.367360
24 49 -0.367360
24 50 -0.367360
24 51 -0.367360
24 52 -0.367360
24 53 -0.367360
24 54 -0.367360
24 55 -0.367360
24 56 -0.367360
24 57 -0.367360
24 58 -0.367360
24 59 -0.367360
24 60 -0.367360
24 61 -0.367360
24 62 -0.367360
24 63 -0.367360
25 0 -0.494610
25 1 -0.494610
25 2 -0.363492
25 3 -0.357052
25 4 -0.367163
25 5 -0.368172
25 6 -0.367417
25 7 -0.367300
25 8 -0.367354
25 9 -0.367366
25 10 -0.367362
25 11 -0.367361
25 12 -0.367361
25 13 -0.367361
25 14 -0.367361
25 15 -0.367361
25 16 -0.367361
25 17 -0.367361
25 18 -0.367361
25 19 -0.367361
25 20 -0.367360
25 21 -0.367360
25 22 -0.367360
25 23 -0.367360
25 24 -0.367360
25 25 -0.367360
25 26 -0.367360
25 27 -0.367360
25 28 -0.367360
25 29 -0.367360
25 30 -0.367360
25 31 -0.367360
25 32 -0.367360
25 33 -0.367360
25 34 -0.367360
25 35 -0.367360
25 36 -0.367360
25 37 -0.367360
25 38 -0.367360
25 39 -0.367360
25 40 -0.367360
25 41 -0.367360
25 42 -0.367360
25 43 -0.367360
25 44 -0.367360
25 45 -0.367360
25 46 -0.367360
25 47 -0.367360
25 48 -0.367360
25 49 -0.367360
25 50 -0.367360
25 51 -0.367360
25 52 -0.367360
25 53 -0.367360
25 54 -0.367360
25 55 -0.367360
25 56 -0.367360
25 57 -0.367360
25 58 -0.367360
25 59 -0.367360
25 60 -0.367360
25 61 -0.367360
25 62 -0.367360
25 63 -0.367360
26 0 -0.494610
26 1 -0.494610
26 2 -0.363492
26 3 -0.357052
26 4 -0.367163
26 5 -0.368172
26 6 -0.367417
26 7 -0.367300
26 8 -0.367354
26 9 -0.367366
26 10 -0.367362
26 11 -0.367361
26 12 -0.367361
26 13 -0.367361
26 14 -0.367361
26 15 -0.367361
26 16 -0.367361
26 17 -0.367361
26 18 -0.367360
26 19 -0.367360
26 20 -0.367360
26 21 -0.367360
26 22 -0.367360
26 23 -0.367360
26 24 -0.367360
26 25 -0.367360
26 26 -0.367360
26 27 -0.367360
26 28 -0.367360
26 29 -0.367360
26 30 -0.367360
26 31 -0.367360
26 32 -0.367360
26 33 -0.367360
26 34 -0.367360
26 35 -0.367360
26 36 -0.367360
26 37 -0.367360
26 38 -0.367360
26 39 -0.367360
26 40 -0.367360
26 41 -0.367360
26 42 -0.367360
26 43 -0.367360
26 44 -0.367360
26 45 -0.367360
26 46 -0.367360
26 47 -0.367360
26 48 -0.367360
26 49 -0.367360
26 50 -0.367360
26 51 -0.367360
26 52 -0.367360
26 53 -0.367360
26 54 -0.367360
26 55 -0.367360
26 56 -0.367360
26 57 -0.367360
26 58 -0.367360
26 59 -0.367360
26 60 -0.367360
26 61 -0.367360
26 62 -0.367360
26 63 -0.367360
27 0 -0.494609
27 1 -0.494609
27 2 -0.363492
27 3 -0.357052
27 4 -0.367163
27 5 -0.368172
27 6 -0.367417
27 7 -0.367300
27 8 -0.367354
27 9 -0.367366
27 10 -0.367362
27 11 -0.367361
27 12 -0.367361
27 13 -0.367361
27 14 -0.367361
27 15 -0.367361
27 16 -0.367361
27 17 -0.367360
27 18 -0.367360
27 19 -0.367360
27 20 -0.367360
27 21 -0.367360
27 22 -0.367360
27 23 -0.367360
27 24 -0.367360
27 25 -0.367360
27 26 -0.367360
27 27 -0.367360
27 28 -0.367360
27 29 -0.367360
27 30 -0.367360
27 31 -0.367360
27 32 -0.367360
27 33 -0.367360
27 34 -0.367360
27 35 -0.367360
27 36 -0.367360
27 37 -0.367360
27 38 -0.367360
27 39 -0.367360
27 40 -0.367360
27 41 -0.367360
27 42 -0.367360
27 43 -0.367360
27 44 -0.367360
27 45 -0.367360
27 46 -0.367360
27 47 -0.367360
27 48 -0.367360
27 49 -0.367360
27 50 -0.367359
27 51 -0.367359
27 52 -0.367359
27 53 -0.367359
27 54 -0.367359
27 55 -0.367359
27 56 -0.367359
27 57 -0.367359
27 58 -0.367359
27 59 -0.367359
27 60 -0.367359
27 61 -0.367359
27 62 -0.367359
27 63 -0.367359
28 0 -0.494609
28 1 -0.494609
28 2 -0.363492
28 3 -0.357052
28 4 -0.367163
28 5 -0.368172
28 6 -0.367417
28 7 -0.367299
28 8 -0.367354
28 9 -0.367366
28 10 -0.367362
28 11 -0.367361
28 12 -0.367361
28 13 -0.367361
28 14 -0.367361
28 15 -0.367361
28 16 -0.367360
28 17 -0.367360
28 18 -0.367360
28 19 -0.367360
28 20 -0.367360
28 21 -0.367360
28 22 -0.367360
28 23 -0.367360
28 24 -0.367360
28 25 -0.367360
28 26 -0.367360
28 27 -0.367360
28 28 -0.367360
28 29 -0.367360
28 30 -0.367360
28 31 -0.367360
28 32 -0.367360
28 33 -0.367360
28 34 -0.367360
28 35 -0.367360
28 36 -0.367360
28 37 -0.367360
28 38 -0.367360
28 39 -0.367360
28 40 -0.367360
28 41 -0.367360
28 42 -0.367359
28 43 -0.367359
28 44 -0.367359
28 45 -0.367359
28 46 -0.367359
28 47 -0.367359
28 48 -0.367359
28 49 -0.367359
28 50 -0.367359
28 51 -0.367359
28 52 -0.367359
28 53 -0.367359
28 54 -0.367359
28 55 -0.367359
28 56 -0.367359
28 57 -0.367359
28 58 -0.367359
28 59 -0.367359
28 60 -0.367359
28 61 -0.367359
28 62 -0.367359
28 63 -0.367359
29 0 -0.494609
29 1 -0.494609
29 2 -0.363491
29 3 -0.357052
29 4 -0.367163
29 5 -0.368172
29 6 -0.367417
29 7 -0.367299
29 8 -0.367354
29 9 -0.367366
29 10 -0.367362
29 11 -0.367360
29 12 -0.367361
29 13 -0.367361
29 14 -0.367361
29 15 -0.367360
29 16 -0.367360
29 17 -0.367360
29 18 -0.367360
29 19 -0.367360
29 20 -0.367360
29 21 -0.367360
29 22 -0.367360
29 23 -0.367360
29 24 -0.367360
29 25 -0.367360
29 26 -0.367360
29 27 -0.367360
29 28 -0.367360
29 29 -0.367360
29 30 -0.367360
29 31 -0.367360
29 32 -0.367360
29 33 -0.367360
29 34 -0.367360
29 35 -0.367360
29 36 -0.367360
29 37 -0.367360
29 38 -0.367359
29 39 -0.367359
29 40 -0.367359
29 41 -0.367359
29 42 -0.367359
29 43 -0.367359
29 44 -0.367359
29 45 -0.367359
29 46 -0.367359
29 47 -0.367359
29 48 -0.367359
29 49 -0.367359
29 50 -0.367359
29 51 -0.367359
29 52 -0.367359
29 53 -0.367359
29 54 -0.367359
29 55 -0.367359
29 56 -0.367359
29 57 -0.367359
29 58 -0.367359
29 59 -0.367359
29 60 -0.367359
29 61 -0.367359
29 62 -0.367359
29 63 -0.367359
30 0 -0.494609
30 1 -0.494609
30 2 -0.363491
30 3 -0.357052
30 4 -0.367163
30 5 -0.368171
30 6 -0.367417
30 7 -0.367299
30 8 -0.367354
30 9 -0.367365
30 10 -0.367362
30 11 -0.367360
30 12 -0.367361
30 13 -0.367361
30 14 -0.367361
30 15 -0.367360
30 16 -0.367360
30 17 -0.367360
30 18 -0.367360
30 19 -0.367360
30 20 -0.367360
30 21 -0.367360
30 22 -0.367360
30 23 -0.367360
30 24 -0.367360
30 25 -0.367360
30 26 -0.367360
30 27 -0.367360
30 28 -0.367360
30 29 -0.367360
30 30 -0.367360
30 31 -0.367360
30 32 -0.367360
30 33 -0.367360
30 34 -0.367360
30 35 -0.367360
30 36 -0.367359
30 37 -0.367359
30 38 -0.367359
30 39 -0.367359
30 40 -0.367359
30 41 -0.367359
30 42 -0.367359
30 43 -0.367359
30 44 -0.367359
30 45 -0.367359
30 46 -0.367359
30 47 -0.367359
30 48 -0.367359
30 49 -0.367359
30 50 -0.367359
30 51 -0.367359
30 52 -0.367359
30 53 -0.367359
30 54 -0.367359
30 55 -0.367359
30 56 -0.367359
30 57 -0.367359
30 58 -0.367359
30 59 -0.367359
30 60 -0.367359
30 61 -0.367359
30 62 -0.367359
30 63 -0.367359
31 0 -0.494609
31 1 -0.494609
31 2 -0.363491
31 3 -0.357052
31 4 -0.367163
31 5 -0.368171
31 6 -0.367417
31 7 -0.367299
31 8 -0.367354
31 9 -0.367365
31 10 -0.367362
31 11 -0.367360
31 12 -0.367361
31 13 -0.367361
31 14 -0.367360
31 15 -0.367360
31 16 -0.367360
31 17 -0.367360
31 18 -0.367360
31 19 -0.367360
31 20 -0.367360
31 21 -0.367360
31 22 -0.367360
31 23 -0.367360
31 24 -0.367360
31 25 -0.367360
31 26 -0.367360
31 27 -0.367360
31 28 -0.367360
31 29 -0.367360
31 30 -0.367360
31 31 -0.367360
31 32 -0.367360
31 33 -0.367360
31 34 -0.367360
31 35 -0.367359
31 36 -0.367359
31 37 -0.367359
31 38 -0.367359
31 39 -0.367359
31 40 -0.367359
31 41 -0.367359
31 42 -0.367359
31 43 -0.367359
31 44 -0.367359
31 45 -0.367359
31 46 -0.367359
31 47 -0.367359
31 48 -0.367359
31 49 -0.367359
31 50 -0.367359
31 51 -0.367359
31 52 -0.367359
31 53 -0.367359
31 54 -0.367359
31 55 -0.367359
31 56 -0.367359
31 57 -0.367359
31 58 -0.367359
31 59 -0.367359
31 60 -0.367359
31 61 -0.367359
31 62 -0.367359
31 63 -0.367359
32 0 -0.494609
32 1 -0.494609
32 2 -0.363491
32 3 -0.357052
32 4 -0.367163
32 5 -0.368171
32 6 -0.367417
32 7 -0.367299
32 8 -0.367354
32 9 -0.367365
32 10 -0.367362
32 11 -0.367360
32 12 -0.367361
32 13 -0.367361
32 14 -0.367360
32 15 -0.367360
32 16 -0.367360
32 17 -0.367360
32 18 -0.367360
32 19 -0.367360
32 20 -0.367360
32 21 -0.367360
32 22 -0.367360
32 23 -0.367360
32 24 -0.367360
32 25 -0.367360
32 26 -0.367360
32 27 -0.367360
32 28 -0.367360
32 29 -0.367360
32 30 -0.367360
32 31 -0.367360
32 32 -0.367360
32 33 -0.367360
32 34 -0.367359
32 35 -0.367359
32 36 -0.367359
32 37 -0.367359
32 38 -0.367359
32 39 -0.367359
32 40 -0.367359
32 41 -0.367359
32 42 -0.367359
32 43 -0.367359
32 44 -0.367359
32 45 -0.367359
32 46 -0.367359
32 47 -0.367359
32 48 -0.367359
32 49 -0.367359
32 50 -0.367359
32 51 -0.367359
32 52 -0.367359
32 53 -0.367359
32 54 -0.367359
32 55 -0.367359
32 56 -0.367359
32 57 -0.367359
32 58 -0.367359
32 59 -0.367359
32 60 -0.367359
32 61 -0.367359
32 62 -0.367359
32 63 -0.367359
33 0 -0.494609
33 1 -0.494609
33 2 -0.363491
33 3 -0.357052
33 4 -0.367163
33 5 -0.368171
33 6 -0.367417
33 7 -0.367299
33 8 -0.367354
33 9 -0.367365
33 10 -0.367362
33 11 -0.367360
33 12 -0.367361
33 13 -0.367361
33 14 -0.367360
33 15 -0.367360
33 16 -0.367360
33 17 -0.367360
33 18 -0.367360
33 19 -0.367360
33 20 -0.367360
33 21 -0.367360
33 22 -0.367360
33 23 -0.367360
33 24 -0.367360
33 25 -0.367360
33 26 -0.367360
33 27 -0.367360
33 28 -0.367360
33 29 -0.367360
33 30 -0.367360
33 31 -0.367360
33 32 -0.367360
33 33 -0.367360
33 34 -0.367360
33 35 -0.367359
33 36 -0.367359
33 37 -0.367359
33 38 -0.367359
33 39 -0.367359
33 40 -0.367359
33 41 -0.367359
33 42 -0.367359
33 43 -0.367359
33 44 -0.367359
33 45 -0.367359
33 46 -0.367359
33 47 -0.367359
33 48 -0.367359
33 49 -0.367359
33 50 -0.367359
33 51 -0.367359
33 52 -0.367359
33 53 -0.367359
33 54 -0.367359
33 55 -0.367359
33 56 -0.367359
33 57 -0.367359
33 58 -0.367359
33 59 -0.367359
33 60 -0.367359
33 61 -0.367359
33 62 -0.367359
33 63 -0.367359
34 0 -0.494609
34 1 -0.494609
34 2 -0.363491
34 3 -0.357052
34 4 -0.367163
34 5 -0.368172
34 6 -0.367417
34 7 -0.367299
34 8 -0.367354
34 9 -0.367365
34 10 -0.367362
34 11 -0.367360
34 12 -0.367361
34 13 -0.367361
34 14 -0.367361
34 15 -0.367360
34 16 -0.367360
34 17 -0.367360
34 18 -0.367360
34 19 -0.367360
34 20 -0.367360
34 21 -0.367360
34 22 -0.367360
34 23 -0.367360
34 24 -0.367360
34 25 -0.367360
34 26 -0.367360
34 27 -0.367360
34 28 -0.367360
34 29 -0.367360
34 30 -0.367360
34 31 -0.367360
34 32 -0.367360
34 33 -0.367360
34 34 -0.367360
34 35 -0.367360
34 36 -0.367359
34 37 -0.367359
34 38 -0.367359
34 39 -0.367359
34 40 -0.367359
34 41 -0.367359
34 42 -0.367359
34 43 -0.367359
34 44 -0.367359
34 45 -0.367359
34 46 -0.367359
34 47 -0.367359
34 48 -0.367359
34 49 -0.367359
34 50 -0.367359
34 51 -0.367359
34 52 -0.367359
34 53 -0.367359
34 54 -0.367359
34 55 -0.367359
34 56 -0.367359
34 57 -0.367359
34 58 -0.367359
34 59 -0.367359
34 60 -0.367359
34 61 -0.367359
34 62 -0.367359
34 63 -0.367359
35 0 -0.494609
35 1 -0.494609
35 2 -0.363491
35 3 -0.357052
35 4 -0.367163
35 5 -0.368172
35 6 -0.367417
35 7 -0.367299
35 8 -0.367354
35 9 -0.367366
35 10 -0.367362
35 11 -0.367360
35 12 -0.367361
35 13 -0.367361
35 14 -0.367361
35 15 -0.367360
35 16 -0.367360
35 17 -0.367360
35 18 -0.367360
35 19 -0.367360
35 20 -0.367360
35 21 -0.367360
35 22 -0.367360
35 23 -0.367360
35 24 -0.367360
35 25 -0.367360
35 26 -0.367360
35 27 -0.367360
35 28 -0.367360
35 29 -0.367360
35 30 -0.367360
35 31 -0.367360
35 32 -0.367360
35 33 -0.367360
35 34 -0.367360
35 35 -0.367360
35 36 -0.367360
35 37 -0.367360
35 38 -0.367359
35 39 -0.367359
35 40 -0.367359
35 41 -0.367359
35 42 -0.367359
35 43 -0.367359
35 44 -0.367359
35 45 -0.367359
35 46 -0.367359
35 47 -0.367359
35 48 -0.367359
35 49 -0.367359
35 50 -0.367359
35 51 -0.367359
35 52 -0.367359
35 53 -0.367359
35 54 -0.367359
35 55 -0.367359
35 56 -0.367359
35 57 -0.367359
35 58 -0.367359
35 59 -0.367359
35 60 -0.367359
35 61 -0.367359
35 62 -0.367359
35 63 -0.367359
36 0 -0.494609
36 1 -0.494609
36 2 -0.363492
36 3 -0.357052
36 4 -0.367163
36 5 -0.368172
36 6 -0.367417
36 7 -0.367300
36 8 -0.367354
36 9 -0.367366
36 10 -0.367362
36 11 -0.367361
36 12 -0.367361
36 13 -0.367361
36 14 -0.367361
36 15 -0.367361
36 16 -0.367360
36 17 -0.367360
36 18 -0.367360
36 19 -0.367360
36 20 -0.367360
36 21 -0.367360
36 22 -0.367360
36 23 -0.367360
36 24 -0.367360
36 25 -0.367360
36 26 -0.367360
36 27 -0.367360
36 28 -0.367360
36 29 -0.367360
36 30 -0.367360
36 31 -0.367360
36 32 -0.367360
36 33 -0.367360
36 34 -0.367360
36 35 -0.367360
36 36 -0.367360
36 37 -0.367360
36 38 -0.367360
36 39 -0.367360
36 40 -0.367360
36 41 -0.367360
36 42 -0.367360
36 43 -0.367359
36 44 -0.367359
36 45 -0.367359
36 46 -0.367359
36 47 -0.367359
36 48 -0.367359
36 49 -0.367359
36 50 -0.367359
36 51 -0.367359
36 52 -0.367359
36 53 -0.367359
36 54 -0.367359
36 55 -0.367359
36 56 -0.367359
36 57 -0.367359
36 58 -0.367359
36 59 -0.367359
36 60 -0.367359
36 61 -0.367359
36 62 -0.367359
36 63 -0.367359
37 0 -0.494609
37 1 -0.494609
37 2 -0.363492
37 3 -0.357052
37 4 -0.367163
37 5 -0.368172
37 6 -0.367417
37 7 -0.367300
37 8 -0.367354
37 9 -0.367366
37 10 -0.367362
37 11 -0.367361
37 12 -0.367361
37 13 -0.367361
37 14 -0.367361
37 15 -0.367361
37 16 -0.367361
37 17 -0.367360
37 18 -0.367360
37 19 -0.367360
37 20 -0.367360
37 21 -0.367360
37 22 -0.367360
37 23 -0.367360
37 24 -0.367360
37 25 -0.367360
37 26 -0.367360
37 27 -0.367360
37 28 -0.367360
37 29 -0.367360
37 30 -0.367360
37 31 -0.367360
37 32 -0.367360
37 33 -0.367360
37 34 -0.367360
37 35 -0.367360
37 36 -0.367360
37 37 -0.367360
37 38 -0.367360
37 39 -0.367360
37 40 -0.367360
37 41 -0.367360
37 42 -0.367360
37 43 -0.367360
37 44 -0.367360
37 45 -0.367360
37 46 -0.367360
37 47 -0.367360
37 48 -0.367360
37 49 -0.367360
37 50 -0.367360
37 51 -0.367359
37 52 -0.367359
37 53 -0.367359
37 54 -0.367359
37 55 -0.367359
37 56 -0.367359
37 57 -0.367359
37 58 -0.367359
37 59 -0.367359
37 60 -0.367359
37 61 -0.367359
37 62 -0.367359
37 63 -0.367359
38 0 -0.494610
38 1 -0.494610
38 2 -0.363492
38 3 -0.357052
38 4 -0.367163
38 5 -0.368172
38 6 -0.367417
38 7 -0.367300
38 8 -0.367354
38 9 -0.367366
38 10 -0.367362
38 11 -0.367361
38 12 -0.367361
38 13 -0.367361
38 14 -0.367361
38 15 -0.367361
38 16 -0.367361
38 17 -0.367361
38 18 -0.367361
38 19 -0.367360
38 20 -0.367360
38 21 -0.367360
38 22 -0.367360
38 23 -0.367360
38 24 -0.367360
38 25 -0.367360
38 26 -0.367360
38 27 -0.367360
38 28 -0.367360
38 29 -0.367360
38 30 -0.367360
38 31 -0.367360
38 32 -0.367360
38 33 -0.367360
38 34 -0.367360
38 35 -0.367360
38 36 -0.367360
38 37 -0.367360
38 38 -0.367360
38 39 -0.367360
38 40 -0.367360
38 41 -0.367360
38 42 -0.367360
38 43 -0.367360
38 44 -0.367360
38 45 -0.367360
38 46 -0.367360
38 47 -0.367360
38 48 -0.367360
38 49 -0.367360
38 50 -0.367360
38 51 -0.367360
38 52 -0.367360
38 53 -0.367360
38 54 -0.367360
38 55 -0.367360
38 56 -0.367360
38 57 -0.367360
38 58 -0.367360
38 59 -0.367360
38 60 -0.367360
38 61 -0.367360
38 62 -0.367360
38 63 -0.367360
39 0 -0.494610
39 1 -0.494610
39 2 -0.363492
39 3 -0.357052
39 4 -0.367163
39 5 -0.368172
39 6 -0.367417
39 7 -0.367300
39 8 -0.367354
39 9 -0.367366
39 10 -0.367362
39 11 -0.367361
39 12 -0.367361
39 13 -0.367361
39 14 -0.367361
39 15 -0.367361
39 16 -0.367361
39 17 -0.367361
39 18 -0.367361
39 19 -0.367361
39 20 -0.367361
39 21 -0.367360
39 22 -0.367360
39 23 -0.367360
39 24 -0.367360
39 25 -0.367360
39 26 -0.367360
39 27 -0.367360
39 28 -0.367360
39 29 -0.367360
39 30 -0.367360
39 31 -0.367360
39 32 -0.367360
39 33 -0.367360
39 34 -0.367360
39 35 -0.367360
39 36 -0.367360
39 37 -0.367360
39 38 -0.367360
39 39 -0.367360
39 40 -0.367360
39 41 -0.367360
39 42 -0.367360
39 43 -0.367360
39 44 -0.367360
39 45 -0.367360
39 46 -0.367360
39 47 -0.367360
39 48 -0.367360
39 49 -0.367360
39 50 -0.367360
39 51 -0.367360
39 52 -0.367360
39 53 -0.367360
39 54 -0.367360
39 55 -0.367360
39 56 -0.367360
39 57 -0.367360
39 58 -0.367360
39 59 -0.367360
39 60 -0.367360
39 61 -0.367360
39 62 -0.367360
39 63 -0.367360
40 0 -0.494610
40 1 -0.494610
40 2 -0.363492
40 3 -0.357052
40 4 -0.367163
40 5 -0.368172
40 6 -0.367417
40 7 -0.367300
40 8 -0.367354
40 9 -0.367366
40 10 -0.367362
40 11 -0.367361
40 12 -0.367361
40 13 -0.367361
40 14 -0.367361
40 15 -0.367361
40 16 -0.367361
40 17 -0.367361
40 18 -0.367361
40 19 -0.367361
40 20 -0.367361
40 21 -0.367361
40 22 -0.367361
40 23 -0.367361
40 24 -0.367360
40 25 -0.367360
40 26 -0.367360
40 27 -0.367360
40 28 -0.367360
40 29 -0.367360
40 30 -0.367360
40 31 -0.367360
40 32 -0.367360
40 33 -0.367360
40 34 -0.367360
40 35 -0.367360
40 36 -0.367360
40 37 -0.367360
40 38 -0.367360
40 39 -0.367360
40 40 -0.367360
40 41 -0.367360
40 42 -0.367360
40 43 -0.367360
40 44 -0.367360
40 45 -0.367360
40 46 -0.367360
40 47 -0.367360
40 48 -0.367360
40 49 -0.367360
40 50 -0.367360
40 51 -0.367360
40 52 -0.367360
40 53 -0.367360
40 54 -0.367360
40 55 -0.367360
40 56 -0.367360
40 57 -0.367360
40 58 -0.367360
40 59 -0.367360
40 60 -0.367360
40 61 -0.367360
40 62 -0.367360
40 63 -0.367360
41 0 -0.494610
41 1 -0.494610
41 2 -0.363492
41 3 -0.357052
41 4 -0.367163
41 5 -0.368172
41 6 -0.367417
41 7 -0.367300
41 8 -0.367354
41 9 -0.367366
41 10 -0.367362
41 11 -0.367361
41 12 -0.367361
41 13 -0.367361
41 14 -0.367361
41 15 -0.367361
41 16 -0.367361
41 17 -0.367361
41 18 -0.367361
41 19 -0.367361
41 20 -0.367361
41 21 -0.367361
41 22 -0.367361
41 23 -0.367361
41 24 -0.367361
41 25 -0.367361
41 26 -0.367361
41 27 -0.367361
41 28 -0.367361
41 29 -0.367360
41 30 -0.367360
41 31 -0.367360
41 32 -0.367360
41 33 -0.367360
41 34 -0.367360
41 35 -0.367360
41 36 -0.367360
41 37 -0.367360
41 38 -0.367360
41 39 -0.367360
41 40 -0.367360
41 41 -0.367360
41 42 -0.367360
41 43 -0.367360
41 44 -0.367360
41 45 -0.367360
41 46 -0.367360
41 47 -0.367360
41 48 -0.367360
41 49 -0.367360
41 50 -0.367360
41 51 -0.367360
41 52 -0.367360
41 53 -0.367360
41 54 -0.367360
41 55 -0.367360
41 56 -0.367360
41 57 -0.367360
41 58 -0.367360
41 59 -0.367360
41 60 -0.367360
41 61 -0.367360
41 62 -0.367360
41 63 -0.367360
42 0 -0.494610
42 1 -0.494610
42 2 -0.363492
42 3 -0.357052
42 4 -0.367163
42 5 -0.368172
42 6 -0.367417
42 7 -0.367300
42 8 -0.367354
42 9 -0.367366
42 10 -0.367362
42 11 -0.367361
42 12 -0.367361
42 13 -0.367361
42 14 -0.367361
42 15 -0.367361
42 16 -0.367361
42 17 -0.367361
42 18 -0.367361
42 19 -0.367361
42 20 -0.367361
42 21 -0.367361
42 22 -0.367361
42 23 -0.367361
42 24 -0.367361
42 25 -0.367361
42 26 -0.367361
42 27 -0.367361
42 28 -0.367361
42 29 -0.367361
42 30 -0.367361
42 31 -0.367361
42 32 -0.367361
42 33 -0.367361
42 34 -0.367361
42 35 -0.367361
42 36 -0.367361
42 37 -0.367361
42 38 -0.367360
42 39 -0.367360
42 40 -0.367360
42 41 -0.367360
42 42 -0.367360
42 43 -0.367360
42 44 -0.367360
42 45 -0.367360
42 46 -0.367360
42 47 -0.367360
42 48 -0.367360
42 49 -0.367360
42 50 -0.367360
42 51 -0.367360
42 52 -0.367360
42 53 -0.367360
42 54 -0.367360
42 55 -0.367360
42 56 -0.367360
42 57 -0.367360
42 58 -0.367360
42 59 -0.367360
42 60 -0.367360
42 61 -0.367360
42 62 -0.367360
42 63 -0.367360
43 0 -0.494610
43 1 -0.494610
43 2 -0.363492
43 3 -0.357052
43 4 -0.367163
43 5 -0.368172
43 6 -0.367417
43 7 -0.367300
43 8 -0.367354
43 9 -0.367366
43 10 -0.367362
43 11 -0.367361
43 12 -0.367361
43 13 -0.367361
43 14 -0.367361
43 15 -0.367361
43 16 -0.367361
43 17 -0.367361
43 18 -0.367361
43 19 -0.367361
43 20 -0.367361
43 21 -0.367361
43 22 -0.367361
43 23 -0.367361
43 24 -0.367361
43 25 -0.367361
43 26 -0.367361
43 27 -0.367361
43 28 -0.367361
43 29 -0.367361
43 30 -0.367361
43 31 -0.367361
43 32 -0.367361
43 33 -0.367361
43 34 -0.367361
43 35 -0.367361
43 36 -0.367361
43 37 -0.367361
43 38 -0.367361
43 39 -0.367361
43 40 -0.367361
43 41 -0.367361
43 42 -0.367361
43 43 -0.367361
43 44 -0.367361
43 45 -0.367361
43 46 -0.367361
43 47 -0.367361
43 48 -0.367361
43 49 -0.367361
43 50 -0.367361
43 51 -0.367361
43 52 -0.367361
43 53 -0.367361
43 54 -0.367361
43 55 -0.367361
43 56 -0.367361
43 57 -0.367361
43 58 -0.367361
43 59 -0.367361
43 60 -0.367361
43 61 -0.367361
43 62 -0.367361
43 63 -0.367361
44 0 -0.494610
44 1 -0.494610
44 2 -0.363492
44 3 -0.357052
44 4 -0.367164
44 5 -0.368172
44 6 -0.367418
44 7 -0.367300
44 8 -0.367354
44 9 -0.367366
44 10 -0.367363
44 11 -0.367361
44 12 -0.367362
44 13 -0.367362
44 14 -0.367362
44 15 -0.367362
44 16 -0.367361
44 17 -0.367361
44 18 -0.367361
44 19 -0.367361
44 20 -0.367361
44 21 -0.367361
44 22 -0.367361
44 23 -0.367361
44 24 -0.367361
44 25 -0.367361
44 26 -0.367361
44 27 -0.367361
44 28 -0.367361
44 29 -0.367361
44 30 -0.367361
44 31 -0.367361
44 32 -0.367361
44 33 -0.367361
44 34 -0.367361
44 35 -0.367361
44 36 -0.367361
44 37 -0.367361
44 38 -0.367361
44 39 -0.367361
44 40 -0.367361
44 41 -0.367361
44 42 -0.367361
44 43 -0.367361
44 44 -0.367361
44 45 -0.367361
44 46 -0.367361
44 47 -0.367361
44 48 -0.367361
44 49 -0.367361
44 50 -0.367361
44 51 -0.367361
44 52 -0.367361
44 53 -0.367361
44 54 -0.367361
44 55 -0.367361
44 56 -0.367361
44 57 -0.367361
44 58 -0.367361
44 59 -0.367361
44 60 -0.367361
44 61 -0.367361
44 62 -0.367361
44 63 -0.367361
45 0 -0.494610
45 1 -0.494610
45 2 -0.363492
45 3 -0.357053
45 4 -0.367164
45 5 -0.368172
45 6 -0.367418
45 7 -0.367300
45 8 -0.367355
45 9 -0.367367
45 10 -0.367363
45 11 -0.367362
45 12 -0.367362
45 13 -0.367362
45 14 -0.367362
45 15 -0.367362
45 16 -0.367362
45 17 -0.367362
45 18 -0.367362
45 19 -0.367362
45 20 -0.367362
45 21 -0.367362
45 22 -0.367362
45 23 -0.367361
45 24 -0.367361
45 25 -0.367361
45 26 -0.367361
45 27 -0.367361
45 28 -0.367361
45 29 -0.367361
45 30 -0.367361
45 31 -0.367361
45 32 -0.367361
45 33 -0.367361
45 34 -0.367361
45 35 -0.367361
45 36 -0.367361
45 37 -0.367361
45 38 -0.367361
45 39 -0.367361
45 40 -0.367361
45 41 -0.367361
45 42 -0.367361
45 43 -0.367361
45 44 -0.367361
45 45 -0.367361
45 46 -0.367361
45 47 -0.367361
45 48 -0.367361
45 49 -0.367361
45 50 -0.367361
45 51 -0.367361
45 52 -0.367361
45 53 -0.367361
45 54 -0.367361
45 55 -0.367361
45 56 -0.367361
45 57 -0.367361
45 58 -0.367361
45 59 -0.367361
45 60 -0.367361
45 61 -0.367361
45 62 -0.367361
45 63 -0.367361
46 0 -0.494610
46 1 -0.494610
46 2 -0.363492
46 3 -0.357053
46 4 -0.367164
46 5 -0.368172
46 6 -0.367418
46 7 -0.367301
46 8 -0.367355
46 9 -0.367367
46 10 -0.367363
46 11 -0.367362
46 12 -0.367362
46 13 -0.367362
46 14 -0.367362
46 15 -0.367362
46 16 -0.367362
46 17 -0.367362
46 18 -0.367362
46 19 -0.367362
46 20 -0.367362
46 21 -0.367362
46 22 -0.367362
46 23 -0.367362
46 24 -0.367362
46 25 -0.367362
46 26 -0.367362
46 27 -0.367362
46 28 -0.367362
46 29 -0.367362
46 30 -0.367362
46 31 -0.367362
46 32 -0.367362
46 33 -0.367362
46 34 -0.367362
46 35 -0.367362
46 36 -0.367362
46 37 -0.367362
46 38 -0.367362
46 39 -0.367362
46 40 -0.367362
46 41 -0.367362
46 42 -0.367362
46 43 -0.367362
46 44 -0.367361
46 45 -0.367361
46 46 -0.367361
46 47 -0.367361
46 48 -0.367361
46 49 -0.367361
46 50 -0.367361
46 51 -0.367361
46 52 -0.367361
46 53 -0.367361
46 54 -0.367361
46 55 -0.367361
46 56 -0.367361
46 57 -0.367361
46 58 -0.367361
46 59 -0.367361
46 60 -0.367361
46 61 -0.367361
46 62 -0.367361
46 63 -0.367361
47 0 -0.494610
47 1 -0.494610
47 2 -0.363492
47 3 -0.357053
47 4 -0.367164
47 5 -0.368173
47 6 -0.367418
47 7 -0.367301
47 8 -0.367355
47 9 -0.367367
47 10 -0.367363
47 11 -0.367362
47 12 -0.367362
47 13 -0.367362
47 14 -0.367362
47 15 -0.367362
47 16 -0.367362
47 17 -0.367362
47 18 -0.367362
47 19 -0.367362
47 20 -0.367362
47 21 -0.367362
47 22 -0.367362
47 23 -0.367362
47 24 -0.367362
47 25 -0.367362
47 26 -0.367362
47 27 -0.367362
47 28 -0.367362
47 29 -0.367362
47 30 -0.367362
47 31 -0.367362
47 32 -0.367362
47 33 -0.367362
47 34 -0.367362
47 35 -0.367362
47 36 -0.367362
47 37 -0.367362
47 38 -0.367362
47 39 -0.367362
47 40 -0.367362
47 41 -0.367362
47 42 -0.367362
47 43 -0.367362
47 44 -0.367362
47 45 -0.367362
47 46 -0.367362
47 47 -0.367362
47 48 -0.367362
47 49 -0.367362
47 50 -0.367362
47 51 -0.367362
47 52 -0.367362
47 53 -0.367362
47 54 -0.367362
47 55 -0.367362
47 56 -0.367362
47 57 -0.367362
47 58 -0.367362
47 59 -0.367362
47 60 -0.367362
47 61 -0.367362
47 62 -0.367362
47 63 -0.367362
48 0 -0.494610
48 1 -0.494610
48 2 -0.363492
48 3 -0.357053
48 4 -0.367164
48 5 -0.368173
48 6 -0.367418
48 7 -0.367301
48 8 -0.367355
48 9 -0.367367
48 10 -0.367363
48 11 -0.367362
48 12 -0.367362
48 13 -0.367362
48 14 -0.367362
48 15 -0.367362
48 16 -0.367362
48 17 -0.367362
48 18 -0.367362
48 19 -0.367362
48 20 -0.367362
48 21 -0.367362
48 22 -0.367362
48 23 -0.367362
48 24 -0.367362
48 25 -0.367362
48 26 -0.367362
48 27 -0.367362
48 28 -0.367362
48 29 -0.367362
48 30 -0.367362
48 31 -0.367362
48 32 -0.367362
48 33 -0.367362
48 34 -0.367362
48 35 -0.367362
48 36 -0.367362
48 37 -0.367362
48 38 -0.367362
48 39 -0.367362
48 40 -0.367362
48 41 -0.367362
48 42 -0.367362
48 43 -0.367362
48 44 -0.367362
48 45 -0.367362
48 46 -0.367362
48 47 -0.367362
48 48 -0.367362
48 49 -0.367362
48 50 -0.367362
48 51 -0.367362
48 52 -0.367362
48 53 -0.367362
48 54 -0.367362
48 55 -0.367362
48 56 -0.367362
48 57 -0.367362
48 58 -0.367362
48 59 -0.367362
48 60 -0.367362
48 61 -0.367362
48 62 -0.367362
48 63 -0.367362
49 0 -0.494611
49 1 -0.494611
49 2 -0.363493
49 3 -0.357053
49 4 -0.367164
49 5 -0.368173
49 6 -0.367418
49 7 -0.367301
49 8 -0.367355
49 9 -0.367367
49 10 -0.367364
49 11 -0.367362
49 12 -0.367363
49 13 -0.367363
49 14 -0.367363
49 15 -0.367363
49 16 -0.367363
49 17 -0.367363
49 18 -0.367363
49 19 -0.367363
49 20 -0.367363
49 21 -0.367363
49 22 -0.367363
49 23 -0.367363
49 24 -0.367363
49 25 -0.367363
49 26 -0.367363
49 27 -0.367363
49 28 -0.367363
49 29 -0.367363
49 30 -0.367363
49 31 -0.367363
49 32 -0.367363
49 33 -0.367363
49 34 -0.367363
49 35 -0.367363
49 36 -0.367363
49 37 -0.367363
49 38 -0.367363
49 39 -0.367363
49 40 -0.367363
49 41 -0.367363
49 42 -0.367363
49 43 -0.367363
49 44 -0.367363
49 45 -0.367363
49 46 -0.367363
49 47 -0.367363
49 48 -0.367363
49 49 -0.367363
49 50 -0.367363
49 51 -0.367363
49 52 -0.367363
49 53 -0.367363
49 54 -0.367363
49 55 -0.367363
49 56 -0.367363
49 57 -0.367363
49 58 -0.367363
49 59 -0.367363
49 60 -0.367363
49 61 -0.367363
49 62 -0.367363
49 63 -0.367363
50 0 -0.494611
50 1 -0.494611
50 2 -0.363493
50 3 -0.357053
50 4 -0.367164
50 5 -0.368173
50 6 -0.367419
50 7 -0.367301
50 8 -0.367356
50 9 -0.367368
50 10 -0.367364
50 11 -0.367363
50 12 -0.367363
50 13 -0.367363
50 14 -0.367363
50 15 -0.367363
50 16 -0.367363
50 17 -0.367363
50 18 -0.367363
50 19 -0.367363
50 20 -0.367363
50 21 -0.367363
50 22 -0.367363
50 23 -0.367363
50 24 -0.367363
50 25 -0.367363
50 26 -0.367363
50 27 -0.367363
50 28 -0.367363
50 29 -0.367363
50 30 -0.367363
50 31 -0.367363
50 32 -0.367363
50 33 -0.367363
50 34 -0.367363
50 35 -0.367363
50 36 -0.367363
50 37 -0.367363
50 38 -0.367363
50 39 -0.367363
50 40 -0.367363
50 41 -0.367363
50 42 -0.367363
50 43 -0.367363
50 44 -0.367363
50 45 -0.367363
50 46 -0.367363
50 47 -0.367363
50 48 -0.367363
50 49 -0.367363
50 50 -0.367363
50 51 -0.367363
50 52 -0.367363
50 53 -0.367363
50 54 -0.367363
50 55 -0.367363
50 56 -0.367363
50 57 -0.367363
50 58 -0.367363
50 59 -0.367363
50 60 -0.367363
50 61 -0.367363
50 62 -0.367363
50 63 -0.367363
51 0 -0.494611
51 1 -0.494611
51 2 -0.363493
51 3 -0.357053
51 4 -0.367165
51 5 -0.368173
51 6 -0.367419
51 7 -0.367302
51 8 -0.367356
51 9 -0.367368
51 10 -0.367364
51 11 -0.367363
51 12 -0.367363
51 13 -0.367363
51 14 -0.367363
51 15 -0.367363
51 16 -0.367363
51 17 -0.367363
51 18 -0.367363
51 19 -0.367363
51 20 -0.367363
51 21 -0.367363
51 22 -0.367363
51 23 -0.367363
51 24 -0.367363
51 25 -0.367363
51 26 -0.367363
51 27 -0.367363
51 28 -0.367363
51 29 -0.367363
51 30 -0.367363
51 31 -0.367363
51 32 -0.367363
51 33 -0.367363
51 34 -0.367363
51 35 -0.367363
51 36 -0.367363
51 37 -0.367363
51 38 -0.367363
51 39 -0.367363
51 40 -0.367363
51 41 -0.367363
51 42 -0.367363
51 43 -0.367363
51 44 -0.367363
51 45 -0.367363
51 46 -0.367363
51 47 -0.367363
51 48 -0.367363
51 49 -0.367363
51 50 -0.367363
51 51 -0.367363
51 52 -0.367363
51 53 -0.367363
51 54 -0.367363
51 55 -0.367363
51 56 -0.367363
51 57 -0.367363
51 58 -0.367363
51 59 -0.367363
51 60 -0.367363
51 61 -0.367363
51 62 -0.367363
51 63 -0.367363
52 0 -0.494611
52 1 -0.494611
52 2 -0.363493
52 3 -0.357054
52 4 -0.367165
52 5 -0.368174
52 6 -0.367419
52 7 -0.367302
52 8 -0.367356
52 9 -0.367368
52 10 -0.367364
52 11 -0.367363
52 12 -0.367363
52 13 -0.367364
52 14 -0.367364
52 15 -0.367364
52 16 -0.367364
52 17 -0.367364
52 18 -0.367364
52 19 -0.367364
52 20 -0.367364
52 21 -0.367364
52 22 -0.367364
52 23 -0.367364
52 24 -0.367364
52 25 -0.367364
52 26 -0.367364
52 27 -0.367364
52 28 -0.367364
52 29 -0.367364
52 30 -0.367364
52 31 -0.367364
52 32 -0.367364
52 33 -0.367364
52 34 -0.367364
52 35 -0.367364
52 36 -0.367364
52 37 -0.367364
52 38 -0.367364
52 39 -0.367364
52 40 -0.367364
52 41 -0.367364
52 42 -0.367364
52 43 -0.367364
52 44 -0.367364
52 45 -0.367364
52 46 -0.367364
52 47 -0.367364
52 48 -0.367364
52 49 -0.367364
52 50 -0.367364
52 51 -0.367364
52 52 -0.367364
52 53 -0.367364
52 54 -0.367364
52 55 -0.367364
52 56 -0.367364
52 57 -0.367364
52 58 -0.367364
52 59 -0.367364
52 60 -0.367364
52 61 -0.367364
52 62 -0.367364
52 63 -0.367364
53 0 -0.494611
53 1 -0.494611
53 2 -0.363493
53 3 -0.357054
53 4 -0.367165
53 5 -0.368174
53 6 -0.367419
53 7 -0.367302
53 8 -0.367356
53 9 -0.367368
53 10 -0.367365
53 11 -0.367363
53 12 -0.367364
53 13 -0.367364
53 14 -0.367364
53 15 -0.367364
53 16 -0.367364
53 17 -0.367364
53 18 -0.367364
53 19 -0.367364
53 20 -0.367364
53 21 -0.367364
53 22 -0.367364
53 23 -0.367364
53 24 -0.367364
53 25 -0.367364
53 26 -0.367364
53 27 -0.367364
53 28 -0.367364
53 29 -0.367364
53 30 -0.367364
53 31 -0.367364
53 32 -0.367364
53 33 -0.367364
53 34 -0.367364
53 35 -0.367364
53 36 -0.367364
53 37 -0.367364
53 38 -0.367364
53 39 -0.367364
53 40 -0.367364
53 41 -0.367364
53 42 -0.367364
53 43 -0.367364
53 44 -0.367364
53 45 -0.367364
53 46 -0.367364
53 47 -0.367364
53 48 -0.367364
53 49 -0.367364
53 50 -0.367364
53 51 -0.367364
53 52 -0.367364
53 53 -0.367364
53 54 -0.367364
53 55 -0.367364
53 56 -0.367364
53 57 -0.367364
53 58 -0.367364
53 59 -0.367364
53 60 -0.367364
53 61 -0.367364
53 62 -0.367364
53 63 -0.367364
54 0 -0.494611
54 1 -0.494611
54 2 -0.363493
54 3 -0.357054
54 4 -0.367165
54 5 -0.368174
54 6 -0.367419
54 7 -0.367302
54 8 -0.367357
54 9 -0.367369
54 10 -0.367365
54 11 -0.367364
54 12 -0.367364
54 13 -0.367364
54 14 -0.367364
54 15 -0.367364
54 16 -0.367364
54 17 -0.367364
54 18 -0.367364
54 19 -0.367364
54 20 -0.367364
54 21 -0.367364
54 22 -0.367364
54 23 -0.367364
54 24 -0.367365
54 25 -0.367365
54 26 -0.367365
54 27 -0.367365
54 28 -0.367365
54 29 -0.367365
54 30 -0.367365
54 31 -0.367365
54 32 -0.367365
54 33 -0.367365
54 34 -0.367365
54 35 -0.367365
54 36 -0.367365
54 37 -0.367365
54 38 -0.367365
54 39 -0.367365
54 40 -0.367365
54 41 -0.367365
54 42 -0.367365
54 43 -0.367365
54 44 -0.367365
54 45 -0.367365
54 46 -0.367365
54 47 -0.367365
54 48 -0.367365
54 49 -0.367365
54 50 -0.367365
54 51 -0.367365
54 52 -0.367365
54 53 -0.367365
54 54 -0.367365
54 55 -0.367365
54 56 -0.367365
54 57 -0.367365
54 58 -0.367365
54 59 -0.367365
54 60 -0.367365
54 61 -0.367365
54 62 -0.367365
54 63 -0.367365
55 0 -0.494612
55 1 -0.494612
55 2 -0.363494
55 3 -0.357054
55 4 -0.367165
55 5 -0.368174
55 6 -0.367420
55 7 -0.367303
55 8 -0.367357
55 9 -0.367369
55 10 -0.367365
55 11 -0.367364
55 12 -0.367364
55 13 -0.367365
55 14 -0.367365
55 15 -0.367365
55 16 -0.367365
55 17 -0.367365
55 18 -0.367365
55 19 -0.367365
55 20 -0.367365
55 21 -0.367365
55 22 -0.367365
55 23 -0.367365
55 24 -0.367365
55 25 -0.367365
55 26 -0.367365
55 27 -0.367365
55 28 -0.367365
55 29 -0.367365
55 30 -0.367365
55 31 -0.367365
55 32 -0.367365
55 33 -0.367365
55 34 -0.367365
55 35 -0.367365
55 36 -0.367365
55 37 -0.367365
55 38 -0.367365
55 39 -0.367365
55 40 -0.367365
55 41 -0.367365
55 42 -0.367365
55 43 -0.367365
55 44 -0.367365
55 45 -0.367365
55 46 -0.367365
55 47 -0.367365
55 48 -0.367365
55 49 -0.367365
55 50 -0.367365
55 51 -0.367365
55 52 -0.367365
55 53 -0.367365
55 54 -0.367365
55 55 -0.367365
55 56 -0.367365
55 57 -0.367365
55 58 -0.367365
55 59 -0.367365
55 60 -0.367365
55 61 -0.367365
55 62 -0.367365
55 63 -0.367365
56 0 -0.494612
56 1 -0.494612
56 2 -0.363494
56 3 -0.357054
56 4 -0.367166
56 5 -0.368174
56 6 -0.367420
56 7 -0.367303
56 8 -0.367357
56 9 -0.367369
56 10 -0.367366
56 11 -0.367364
56 12 -0.367365
56 13 -0.367365
56 14 -0.367365
56 15 -0.367365
56 16 -0.367365
56 17 -0.367365
56 18 -0.367365
56 19 -0.367365
56 20 -0.367365
56 21 -0.367365
56 22 -0.367365
56 23 -0.367365
56 24 -0.367365
56 25 -0.367365
56 26 -0.367365
56 27 -0.367366
56 28 -0.367366
56 29 -0.367366
56 30 -0.367366
56 31 -0.367366
56 32 -0.367366
56 33 -0.367366
56 34 -0.367366
56 35 -0.367366
56 36 -0.367366
56 37 -0.367366
56 38 -0.367366
56 39 -0.367366
56 40 -0.367366
56 41 -0.367366
56 42 -0.367366
56 43 -0.367366
56 44 -0.367366
56 45 -0.367366
56 46 -0.367366
56 47 -0.367366
56 48 -0.367366
56 49 -0.367366
56 50 -0.367366
56 51 -0.367366
56 52 -0.367366
56 53 -0.367366
56 54 -0.367366
56 55 -0.367366
56 56 -0.367366
56 57 -0.367366
56 58 -0.367366
56 59 -0.367366
56 60 -0.367366
56 61 -0.367366
56 62 -0.367366
56 63 -0.367366
57 0 -0.494612
57 1 -0.494612
57 2 -0.363494
57 3 -0.357055
57 4 -0.367166
57 5 -0.368175
57 6 -0.367420
57 7 -0.367303
57 8 -0.367357
57 9 -0.367370
57 10 -0.367366
57 11 -0.367365
57 12 -0.367365
57 13 -0.367365
57 14 -0.367365
57 15 -0.367365
57 16 -0.367365
57 17 -0.367366
57 18 -0.367366
57 19 -0.367366
57 20 -0.367366
57 21 -0.367366
57 22 -0.367366
57 23 -0.367366
57 24 -0.367366
57 25 -0.367366
57 26 -0.367366
57 27 -0.367366
57 28 -0.367366
57 29 -0.367366
57 30 -0.367366
57 31 -0.367366
57 32 -0.367366
57 33 -0.367366
57 34 -0.367366
57 35 -0.367366
57 36 -0.367366
57 37 -0.367366
57 38 -0.367366
57 39 -0.367366
57 40 -0.367366
57 41 -0.367366
57 42 -0.367366
57 43 -0.367366
57 44 -0.367366
57 45 -0.367366
57 46 -0.367366
57 47 -0.367366
57 48 -0.367366
57 49 -0.367366
57 50 -0.367366
57 51 -0.367366
57 52 -0.367366
57 53 -0.367366
57 54 -0.367366
57 55 -0.367367
57 56 -0.367367
57 57 -0.367367
57 58 -0.367367
57 59 -0.367367
57 60 -0.367367
57 61 -0.367367
57 62 -0.367367
57 63 -0.367367
58 0 -0.494612
58 1 -0.494612
58 2 -0.363494
58 3 -0.357055
58 4 -0.367166
58 5 -0.368175
58 6 -0.367421
58 7 -0.367303
58 8 -0.367358
58 9 -0.367370
58 10 -0.367366
58 11 -0.367365
58 12 -0.367366
58 13 -0.367366
58 14 -0.367366
58 15 -0.367366
58 16 -0.367366
58 17 -0.367366
58 18 -0.367366
58 19 -0.367366
58 20 -0.367366
58 21 -0.367366
58 22 -0.367366
58 23 -0.367366
58 24 -0.367366
58 25 -0.367366
58 26 -0.367367
58 27 -0.367367
58 28 -0.367367
58 29 -0.367367
58 30 -0.367367
58 31 -0.367367
58 32 -0.367367
58 33 -0.367367
58 34 -0.367367
58 35 -0.367367
58 36 -0.367367
58 37 -0.367367
58 38 -0.367367
58 39 -0.367367
58 40 -0.367367
58 41 -0.367367
58 42 -0.367367
58 43 -0.367367
58 44 -0.367367
58 45 -0.367367
58 46 -0.367367
58 47 -0.367367
58 48 -0.367367
58 49 -0.367367
58 50 -0.367367
58 51 -0.367367
58 52 -0.367367
58 53 -0.367367
58 54 -0.367367
58 55 -0.367367
58 56 -0.367367
58 57 -0.367367
58 58 -0.367367
58 59 -0.367367
58 60 -0.367367
58 61 -0.367367
58 62 -0.367367
58 63 -0.367367
59 0 -0.494613
59 1 -0.494613
59 2 -0.363494
59 3 -0.357055
59 4 -0.367166
59 5 -0.368175
59 6 -0.367421
59 7 -0.367304
59 8 -0.367358
59 9 -0.367370
59 10 -0.367367
59 11 -0.367366
59 12 -0.367366
59 13 -0.367366
59 14 -0.367366
59 15 -0.367366
59 16 -0.367366
59 17 -0.367366
59 18 -0.367367
59 19 -0.367367
59 20 -0.367367
59 21 -0.367367
59 22 -0.367367
59 23 -0.367367
59 24 -0.367367
59 25 -0.367367
59 26 -0.367367
59 27 -0.367367
59 28 -0.367367
59 29 -0.367367
59 30 -0.367367
59 31 -0.367367
59 32 -0.367367
59 33 -0.367367
59 34 -0.367367
59 35 -0.367367
59 36 -0.367367
59 37 -0.367367
59 38 -0.367368
59 39 -0.367368
59 40 -0.367368
59 41 -0.367368
59 42 -0.367368
59 43 -0.367368
59 44 -0.367368
59 45 -0.367368
59 46 -0.367368
59 47 -0.367368
59 48 -0.367368
59 49 -0.367368
59 50 -0.367368
59 51 -0.367368
59 52 -0.367368
59 53 -0.367368
59 54 -0.367368
59 55 -0.367368
59 56 -0.367368
59 57 -0.367368
59 58 -0.367368
59 59 -0.367368
59 60 -0.367368
59 61 -0.367368
59 62 -0.367368
59 63 -0.367368
60 0 -0.494613
60 1 -0.494613
60 2 -0.363495
60 3 -0.357055
60 4 -0.367167
60 5 -0.368176
60 6 -0.367421
60 7 -0.367304
60 8 -0.367358
60 9 -0.367371
60 10 -0.367367
60 11 -0.367366
60 12 -0.367366
60 13 -0.367367
60 14 -0.367367
60 15 -0.367367
60 16 -0.367367
60 17 -0.367367
60 18 -0.367367
60 19 -0.367367
60 20 -0.367367
60 21 -0.367367
60 22 -0.367367
60 23 -0.367367
60 24 -0.367368
60 25 -0.367368
60 26 -0.367368
60 27 -0.367368
60 28 -0.367368
60 29 -0.367368
60 30 -0.367368
60 31 -0.367368
60 32 -0.367368
60 33 -0.367368
60 34 -0.367368
60 35 -0.367368
60 36 -0.367368
60 37 -0.367368
60 38 -0.367368
60 39 -0.367368
60 40 -0.367368
60 41 -0.367368
60 42 -0.367368
60 43 -0.367368
60 44 -0.367368
60 45 -0.367368
60 46 -0.367368
60 47 -0.367368
60 48 -0.367368
60 49 -0.367368
60 50 -0.367368
60 51 -0.367368
60 52 -0.367368
60 53 -0.367368
60 54 -0.367368
60 55 -0.367368
60 56 -0.367368
60 57 -0.367368
60 58 -0.367368
60 59 -0.367368
60 60 -0.367368
60 61 -0.367368
60 62 -0.367368
60 63 -0.367368
61 0 -0.494613
61 1 -0.494613
61 2 -0.363495
61 3 -0.357056
61 4 -0.367167
61 5 -0.368176
61 6 -0.367422
61 7 -0.367304
61 8 -0.367359
61 9 -0.367371
61 10 -0.367367
61 11 -0.367366
61 12 -0.367367
61 13 -0.367367
61 14 -0.367367
61 15 -0.367367
61 16 -0.367367
61 17 -0.367367
61 18 -0.367368
61 19 -0.367368
61 20 -0.367368
61 21 -0.367368
61 22 -0.367368
61 23 -0.367368
61 24 -0.367368
61 25 -0.367368
61 26 -0.367368
61 27 -0.367368
61 28 -0.367368
61 29 -0.367368
61 30 -0.367368
61 31 -0.367369
61 32 -0.367369
61 33 -0.367369
61 34 -0.367369
61 35 -0.367369
61 36 -0.367369
61 37 -0.367369
61 38 -0.367369
61 39 -0.367369
61 40 -0.367369
61 41 -0.367369
61 42 -0.367369
61 43 -0.367369
61 44 -0.367369
61 45 -0.367369
61 46 -0.367369
61 47 -0.367369
61 48 -0.367369
61 49 -0.367369
61 50 -0.367369
61 51 -0.367369
61 52 -0.367369
61 53 -0.367369
61 54 -0.367369
61 55 -0.367369
61 56 -0.367369
61 57 -0.367369
61 58 -0.367369
61 59 -0.367369
61 60 -0.367369
61 61 -0.367369
61 62 -0.367369
61 63 -0.367369
62 0 -0.494613
62 1 -0.494613
62 2 -0.363495
62 3 -0.357056
62 4 -0.367167
62 5 -0.368176
62 6 -0.367422
62 7 -0.367305
62 8 -0.367359
62 9 -0.367371
62 10 -0.367368
62 11 -0.367367
62 12 -0.367367
62 13 -0.367367
62 14 -0.367368
62 15 -0.367368
62 16 -0.367368
62 17 -0.367368
62 18 -0.367368
62 19 -0.367368
62 20 -0.367368
62 21 -0.367368
62 22 -0.367369
62 23 -0.367369
62 24 -0.367369
62 25 -0.367369
62 26 -0.367369
62 27 -0.367369
62 28 -0.367369
62 29 -0.367369
62 30 -0.367369
62 31 -0.367369
62 32 -0.367369
62 33 -0.367369
62 34 -0.367369
62 35 -0.367369
62 36 -0.367369
62 37 -0.367369
62 38 -0.367369
62 39 -0.367370
62 40 -0.367370
62 41 -0.367370
62 42 -0.367370
62 43 -0.367370
62 44 -0.367370
62 45 -0.367370
62 46 -0.367370
62 47 -0.367370
62 48 -0.367370
62 49 -0.367370
62 50 -0.367370
62 51 -0.367370
62 52 -0.367370
62 53 -0.367370
62 54 -0.367370
62 55 -0.367370
62 56 -0.367370
62 57 -0.367370
62 58 -0.367370
62 59 -0.367370
62 60 -0.367370
62 61 -0.367370
62 62 -0.367370
62 63 -0.367370
63 0 0.000000
63 1 0.000000
63 2 0.000000
63 3 0.000000
63 4 0.000000
63 5 0.000000
63 6 0.000000
63 7 0.000000
63 8 0.000000
63 9 0.000000
63 10 0.000000
63 11 0.000000
63 12 0.000000
63 13 0.000000
63 14 0.000000
63 15 0.000000
63 16 0.000000
63 17 0.000000
63 18 0.000000
63 19 0.000000
63 20 0.000000
63 21 0.000000
63 22 0.000000
63 23 0.000000
63 24 0.000000
63 25 0.000000
63 26 0.000000
63 27 0.000000
63 28 0.000000
63 29 0.000000
63 30 0.000000
63 31 0.000000
63 32 0.000000
63 33 0.000000
63 34 0.000000
63 35 0.000000
63 36 0.000000
63 37 0.000000
63 38 0.000000
63 39 0.000000
63 40 0.000000
63 41 0.000000
63 42 0.000000
63 43 0.000000
63 44 0.000000
63 45 0.000000
63 46 0.000000
63 47 0.000000
63 48 0.000000
63 49 0.000000
63 50 0.000000
63 51 0.000000
63 52 0.000000
63 53 0.000000
63 54 0.000000
63 55 0.000000
63 56 0.000000
63 57 0.000000
63 58 0.000000
63 59 0.000000
63 60 0.000000
63 61 0.000000
63 62 0.000000
63 63 0.000000
