0 0 0.000000
0 1 0.000000
0 2 0.000000
0 3 0.000000
0 4 0.000000
0 5 0.000000
0 6 0.000000
0 7 0.000000
0 8 0.000000
0 9 0.000000
0 10 0.000000
0 11 0.000000
0 12 0.000000
0 13 0.000000
0 14 0.000000
0 15 0.000000
0 16 0.000000
0 17 0.000000
0 18 0.000000
0 19 0.000000
0 20 0.000000
0 21 0.000000
0 22 0.000000
0 23 0.000000
0 24 0.000000
0 25 0.000000
0 26 0.000000
0 27 0.000000
0 28 0.000000
0 29 0.000000
0 30 0.000000
0 31 0.000000
0 32 0.000000
0 33 0.000000
0 34 0.000000
0 35 0.000000
0 36 0.000000
0 37 0.000000
0 38 0.000000
0 39 0.000000
0 40 0.000000
0 41 0.000000
0 42 0.000000
0 43 0.000000
0 44 0.000000
0 45 0.000000
0 46 0.000000
0 47 0.000000
0 48 0.000000
0 49 0.000000
0 50 0.000000
0 51 0.000000
0 52 0.000000
0 53 0.000000
0 54 0.000000
0 55 0.000000
0 56 0.000000
0 57 0.000000
0 58 0.000000
0 59 0.000000
0 60 0.000000
0 61 0.000000
0 62 0.000000
0 63 0.000000
1 0 -0.500322
1 1 -0.500322
1 2 -0.367683
1 3 -0.361169
1 4 -0.371398
1 5 -0.372419
1 6 -0.371656
1 7 -0.371537
1 8 -0.371593
1 9 -0.371605
1 10 -0.371601
1 11 -0.371600
1 12 -0.371601
1 13 -0.371601
1 14 -0.371601
1 15 -0.371601
1 16 -0.371601
1 17 -0.371602
1 18 -0.371602
1 19 -0.371602
1 20 -0.371602
1 21 -0.371602
1 22 -0.371602
1 23 -0.371602
1 24 -0.371602
1 25 -0.371602
1 26 -0.371603
1 27 -0.371603
1 28 -0.371603
1 29 -0.371603
1 30 -0.371603
1 31 -0.371603
1 32 -0.371603
1 33 -0.371603
1 34 -0.371603
1 35 -0.371603
1 36 -0.371603
1 37 -0.371603
1 38 -0.371603
1 39 -0.371603
1 40 -0.371603
1 41 -0.371603
1 42 -0.371603
1 43 -0.371603
1 44 -0.371603
1 45 -0.371603
1 46 -0.371603
1 47 -0.371603
1 48 -0.371604
1 49 -0.371604
1 50 -0.371604
1 51 -0.371604
1 52 -0.371604
1 53 -0.371604
1 54 -0.371604
1 55 -0.371604
1 56 -0.371604
1 57 -0.371604
1 58 -0.371604
1 59 -0.371604
1 60 -0.371604
1 61 -0.371604
1 62 -0.371604
1 63 -0.371604
2 0 -0.500321
2 1 -0.500321
2 2 -0.367683
2 3 -0.361169
2 4 -0.371398
2 5 -0.372419
2 6 -0.371656
2 7 -0.371537
2 8 -0.371592
2 9 -0.371604
2 10 -0.371601
2 11 -0.371600
2 12 -0.371600
2 13 -0.371601
2 14 -0.371601
2 15 -0.371601
2 16 -0.371601
2 17 -0.371601
2 18 -0.371601
2 19 -0.371601
2 20 -0.371601
2 21 -0.371601
2 22 -0.371602
2 23 -0.371602
2 24 -0.371602
2 25 -0.371602
2 26 -0.371602
2 27 -0.371602
2 28 -0.371602
2 29 -0.371602
2 30 -0.371602
2 31 -0.371602
2 32 -0.371602
2 33 -0.371602
2 34 -0.371602
2 35 -0.371602
2 36 -0.371602
2 37 -0.371602
2 38 -0.371603
2 39 -0.371603
2 40 -0.371603
2 41 -0.371603
2 42 -0.371603
2 43 -0.371603
2 44 -0.371603
2 45 -0.371603
2 46 -0.371603
2 47 -0.371603
2 48 -0.371603
2 49 -0.371603
2 50 -0.371603
2 51 -0.371603
2 52 -0.371603
2 53 -0.371603
2 54 -0.371603
2 55 -0.371603
2 56 -0.371603
2 57 -0.371603
2 58 -0.371603
2 59 -0.371603
2 60 -0.371603
2 61 -0.371603
2 62 -0.371603
2 63 -0.371603
3 0 -0.500321
3 1 -0.500321
3 2 -0.367683
3 3 -0.361169
3 4 -0.371398
3 5 -0.372418
3 6 -0.371655
3 7 -0.371537
3 8 -0.371592
3 9 -0.371604
3 10 -0.371600
3 11 -0.371599
3 12 -0.371600
3 13 -0.371600
3 14 -0.371600
3 15 -0.371600
3 16 -0.371600
3 17 -0.371600
3 18 -0.371601
3 19 -0.371601
3 20 -0.371601
3 21 -0.371601
3 22 -0.371601
3 23 -0.371601
3 24 -0.371601
3 25 -0.371601
3 26 -0.371601
3 27 -0.371601
3 28 -0.371601
3 29 -0.371601
3 30 -0.371602
3 31 -0.371602
3 32 -0.371602
3 33 -0.371602
3 34 -0.371602
3 35 -0.371602
3 36 -0.371602
3 37 -0.371602
3 38 -0.371602
3 39 -0.371602
3 40 -0.371602
3 41 -0.371602
3 42 -0.371602
3 43 -0.371602
3 44 -0.371602
3 45 -0.371602
3 46 -0.371602
3 47 -0.371602
3 48 -0.371602
3 49 -0.371602
3 50 -0.371602
3 51 -0.371602
3 52 -0.371602
3 53 -0.371602
3 54 -0.371602
3 55 -0.371602
3 56 -0.371602
3 57 -0.371602
3 58 -0.371602
3 59 -0.371602
3 60 -0.371602
3 61 -0.371602
3 62 -0.371602
3 63 -0.371602
4 0 -0.500321
4 1 -0.500321
4 2 -0.367683
4 3 -0.361168
4 4 -0.371398
4 5 -0.372418
4 6 -0.371655
4 7 -0.371536
4 8 -0.371591
4 9 -0.371604
4 10 -0.371600
4 11 -0.371599
4 12 -0.371599
4 13 -0.371600
4 14 -0.371600
4 15 -0.371600
4 16 -0.371600
4 17 -0.371600
4 18 -0.371600
4 19 -0.371600
4 20 -0.371600
4 21 -0.371600
4 22 -0.371600
4 23 -0.371600
4 24 -0.371601
4 25 -0.371601
4 26 -0.371601
4 27 -0.371601
4 28 -0.371601
4 29 -0.371601
4 30 -0.371601
4 31 -0.371601
4 32 -0.371601
4 33 -0.371601
4 34 -0.371601
4 35 -0.371601
4 36 -0.371601
4 37 -0.371601
4 38 -0.371601
4 39 -0.371601
4 40 -0.371601
4 41 -0.371601
4 42 -0.371601
4 43 -0.371601
4 44 -0.371601
4 45 -0.371601
4 46 -0.371601
4 47 -0.371601
4 48 -0.371601
4 49 -0.371601
4 50 -0.371601
4 51 -0.371601
4 52 -0.371601
4 53 -0.371601
4 54 -0.371601
4 55 -0.371601
4 56 -0.371601
4 57 -0.371601
4 58 -0.371601
4 59 -0.371602
4 60 -0.371602
4 61 -0.371602
4 62 -0.371602
4 63 -0.371602
5 0 -0.500321
5 1 -0.500321
5 2 -0.367682
5 3 -0.361168
5 4 -0.371397
5 5 -0.372418
5 6 -0.371655
5 7 -0.371536
5 8 -0.371591
5 9 -0.371603
5 10 -0.371600
5 11 -0.371599
5 12 -0.371599
5 13 -0.371599
5 14 -0.371599
5 15 -0.371599
5 16 -0.371599
5 17 -0.371600
5 18 -0.371600
5 19 -0.371600
5 20 -0.371600
5 21 -0.371600
5 22 -0.371600
5 23 -0.371600
5 24 -0.371600
5 25 -0.371600
5 26 -0.371600
5 27 -0.371600
5 28 -0.371600
5 29 -0.371600
5 30 -0.371600
5 31 -0.371600
5 32 -0.371600
5 33 -0.371600
5 34 -0.371600
5 35 -0.371600
5 36 -0.371601
5 37 -0.371601
5 38 -0.371601
5 39 -0.371601
5 40 -0.371601
5 41 -0.371601
5 42 -0.371601
5 43 -0.371601
5 44 -0.371601
5 45 -0.371601
5 46 -0.371601
5 47 -0.371601
5 48 -0.371601
5 49 -0.371601
5 50 -0.371601
5 51 -0.371601
5 52 -0.371601
5 53 -0.371601
5 54 -0.371601
5 55 -0.371601
5 56 -0.371601
5 57 -0.371601
5 58 -0.371601
5 59 -0.371601
5 60 -0.371601
5 61 -0.371601
5 62 -0.371601
5 63 -0.371601
6 0 -0.500320
6 1 -0.500320
6 2 -0.367682
6 3 -0.361168
6 4 -0.371397
6 5 -0.372418
6 6 -0.371654
6 7 -0.371536
6 8 -0.371591
6 9 -0.371603
6 10 -0.371599
6 11 -0.371598
6 12 -0.371599
6 13 -0.371599
6 14 -0.371599
6 15 -0.371599
6 16 -0.371599
6 17 -0.371599
6 18 -0.371599
6 19 -0.371599
6 20 -0.371599
6 21 -0.371599
6 22 -0.371599
6 23 -0.371599
6 24 -0.371599
6 25 -0.371600
6 26 -0.371600
6 27 -0.371600
6 28 -0.371600
6 29 -0.371600
6 30 -0.371600
6 31 -0.371600
6 32 -0.371600
6 33 -0.371600
6 34 -0.371600
6 35 -0.371600
6 36 -0.371600
6 37 -0.371600
6 38 -0.371600
6 39 -0.371600
6 40 -0.371600
6 41 -0.371600
6 42 -0.371600
6 43 -0.371600
6 44 -0.371600
6 45 -0.371600
6 46 -0.371600
6 47 -0.371600
6 48 -0.371600
6 49 -0.371600
6 50 -0.371600
6 51 -0.371600
6 52 -0.371600
6 53 -0.371600
6 54 -0.371600
6 55 -0.371600
6 56 -0.371600
6 57 -0.371600
6 58 -0.371600
6 59 -0.371600
6 60 -0.371600
6 61 -0.371600
6 62 -0.371600
6 63 -0.371600
7 0 -0.500320
7 1 -0.500320
7 2 -0.367682
7 3 -0.361168
7 4 -0.371397
7 5 -0.372417
7 6 -0.371654
7 7 -0.371535
7 8 -0.371590
7 9 -0.371603
7 10 -0.371599
7 11 -0.371598
7 12 -0.371598
7 13 -0.371598
7 14 -0.371598
7 15 -0.371598
7 16 -0.371599
7 17 -0.371599
7 18 -0.371599
7 19 -0.371599
7 20 -0.371599
7 21 -0.371599
7 22 -0.371599
7 23 -0.371599
7 24 -0.371599
7 25 -0.371599
7 26 -0.371599
7 27 -0.371599
7 28 -0.371599
7 29 -0.371599
7 30 -0.371599
7 31 -0.371599
7 32 -0.371599
7 33 -0.371599
7 34 -0.371599
7 35 -0.371599
7 36 -0.371599
7 37 -0.371599
7 38 -0.371599
7 39 -0.371599
7 40 -0.371599
7 41 -0.371599
7 42 -0.371599
7 43 -0.371599
7 44 -0.371599
7 45 -0.371600
7 46 -0.371600
7 47 -0.371600
7 48 -0.371600
7 49 -0.371600
7 50 -0.371600
7 51 -0.371600
7 52 -0.371600
7 53 -0.371600
7 54 -0.371600
7 55 -0.371600
7 56 -0.371600
7 57 -0.371600
7 58 -0.371600
7 59 -0.371600
7 60 -0.371600
7 61 -0.371600
7 62 -0.371600
7 63 -0.371600
8 0 -0.500320
8 1 -0.500320
8 2 -0.367682
8 3 -0.361167
8 4 -0.371396
8 5 -0.372417
8 6 -0.371654
8 7 -0.371535
8 8 -0.371590
8 9 -0.371602
8 10 -0.371599
8 11 -0.371598
8 12 -0.371598
8 13 -0.371598
8 14 -0.371598
8 15 -0.371598
8 16 -0.371598
8 17 -0.371598
8 18 -0.371598
8 19 -0.371598
8 20 -0.371598
8 21 -0.371598
8 22 -0.371598
8 23 -0.371598
8 24 -0.371598
8 25 -0.371599
8 26 -0.371599
8 27 -0.371599
8 28 -0.371599
8 29 -0.371599
8 30 -0.371599
8 31 -0.371599
8 32 -0.371599
8 33 -0.371599
8 34 -0.371599
8 35 -0.371599
8 36 -0.371599
8 37 -0.371599
8 38 -0.371599
8 39 -0.371599
8 40 -0.371599
8 41 -0.371599
8 42 -0.371599
8 43 -0.371599
8 44 -0.371599
8 45 -0.371599
8 46 -0.371599
8 47 -0.371599
8 48 -0.371599
8 49 -0.371599
8 50 -0.371599
8 51 -0.371599
8 52 -0.371599
8 53 -0.371599
8 54 -0.371599
8 55 -0.371599
8 56 -0.371599
8 57 -0.371599
8 58 -0.371599
8 59 -0.371599
8 60 -0.371599
8 61 -0.371599
8 62 -0.371599
8 63 -0.371599
9 0 -0.500320
9 1 -0.500320
9 2 -0.367682
9 3 -0.361167
9 4 -0.371396
9 5 -0.372417
9 6 -0.371653
9 7 -0.371535
9 8 -0.371590
9 9 -0.371602
9 10 -0.371598
9 11 -0.371597
9 12 -0.371597
9 13 -0.371598
9 14 -0.371598
9 15 -0.371598
9 16 -0.371598
9 17 -0.371598
9 18 -0.371598
9 19 -0.371598
9 20 -0.371598
9 21 -0.371598
9 22 -0.371598
9 23 -0.371598
9 24 -0.371598
9 25 -0.371598
9 26 -0.371598
9 27 -0.371598
9 28 -0.371598
9 29 -0.371598
9 30 -0.371598
9 31 -0.371598
9 32 -0.371598
9 33 -0.371598
9 34 -0.371598
9 35 -0.371598
9 36 -0.371598
9 37 -0.371598
9 38 -0.371598
9 39 -0.371598
9 40 -0.371598
9 41 -0.371598
9 42 -0.371598
9 43 -0.371598
9 44 -0.371598
9 45 -0.371598
9 46 -0.371598
9 47 -0.371598
9 48 -0.371598
9 49 -0.371598
9 50 -0.371598
9 51 -0.371598
9 52 -0.371598
9 53 -0.371598
9 54 -0.371598
9 55 -0.371598
9 56 -0.371598
9 57 -0.371598
9 58 -0.371598
9 59 -0.371598
9 60 -0.371598
9 61 -0.371598
9 62 -0.371598
9 63 -0.371598
10 0 -0.500320
10 1 -0.500320
10 2 -0.367681
10 3 -0.361167
10 4 -0.371396
10 5 -0.372417
10 6 -0.371653
10 7 -0.371535
10 8 -0.371590
10 9 -0.371602
10 10 -0.371598
10 11 -0.371597
10 12 -0.371597
10 13 -0.371597
10 14 -0.371597
10 15 -0.371597
10 16 -0.371597
10 17 -0.371597
10 18 -0.371597
10 19 -0.371597
10 20 -0.371597
10 21 -0.371598
10 22 -0.371598
10 23 -0.371598
10 24 -0.371598
10 25 -0.371598
10 26 -0.371598
10 27 -0.371598
10 28 -0.371598
10 29 -0.371598
10 30 -0.371598
10 31 -0.371598
10 32 -0.371598
10 33 -0.371598
10 34 -0.371598
10 35 -0.371598
10 36 -0.371598
10 37 -0.371598
10 38 -0.371598
10 39 -0.371598
10 40 -0.371598
10 41 -0.371598
10 42 -0.371598
10 43 -0.371598
10 44 -0.371598
10 45 -0.371598
10 46 -0.371598
10 47 -0.371598
10 48 -0.371598
10 49 -0.371598
10 50 -0.371598
10 51 -0.371598
10 52 -0.371598
10 53 -0.371598
10 54 -0.371598
10 55 -0.371598
10 56 -0.371598
10 57 -0.371598
10 58 -0.371598
10 59 -0.371598
10 60 -0.371598
10 61 -0.371598
10 62 -0.371598
10 63 -0.371598
11 0 -0.500319
11 1 -0.500319
11 2 -0.367681
11 3 -0.361167
11 4 -0.371396
11 5 -0.372416
11 6 -0.371653
11 7 -0.371534
11 8 -0.371589
11 9 -0.371601
11 10 -0.371598
11 11 -0.371597
11 12 -0.371597
11 13 -0.371597
11 14 -0.371597
11 15 -0.371597
11 16 -0.371597
11 17 -0.371597
11 18 -0.371597
11 19 -0.371597
11 20 -0.371597
11 21 -0.371597
11 22 -0.371597
11 23 -0.371597
11 24 -0.371597
11 25 -0.371597
11 26 -0.371597
11 27 -0.371597
11 28 -0.371597
11 29 -0.371597
11 30 -0.371597
11 31 -0.371597
11 32 -0.371597
11 33 -0.371597
11 34 -0.371597
11 35 -0.371597
11 36 -0.371597
11 37 -0.371597
11 38 -0.371597
11 39 -0.371597
11 40 -0.371597
11 41 -0.371597
11 42 -0.371597
11 43 -0.371597
11 44 -0.371597
11 45 -0.371597
11 46 -0.371597
11 47 -0.371597
11 48 -0.371597
11 49 -0.371597
11 50 -0.371597
11 51 -0.371597
11 52 -0.371597
11 53 -0.371597
11 54 -0.371597
11 55 -0.371597
11 56 -0.371597
11 57 -0.371597
11 58 -0.371597
11 59 -0.371597
11 60 -0.371597
11 61 -0.371597
11 62 -0.371597
11 63 -0.371597
12 0 -0.500319
12 1 -0.500319
12 2 -0.367681
12 3 -0.361167
12 4 -0.371396
12 5 -0.372416
12 6 -0.371653
12 7 -0.371534
12 8 -0.371589
12 9 -0.371601
12 10 -0.371597
12 11 -0.371596
12 12 -0.371597
12 13 -0.371597
12 14 -0.371597
12 15 -0.371597
12 16 -0.371597
12 17 -0.371597
12 18 -0.371597
12 19 -0.371597
12 20 -0.371597
12 21 -0.371597
12 22 -0.371597
12 23 -0.371597
12 24 -0.371597
12 25 -0.371597
12 26 -0.371597
12 27 -0.371597
12 28 -0.371597
12 29 -0.371597
12 30 -0.371597
12 31 -0.371597
12 32 -0.371597
12 33 -0.371597
12 34 -0.371597
12 35 -0.371597
12 36 -0.371597
12 37 -0.371597
12 38 -0.371597
12 39 -0.371597
12 40 -0.371597
12 41 -0.371597
12 42 -0.371597
12 43 -0.371597
12 44 -0.371597
12 45 -0.371597
12 46 -0.371597
12 47 -0.371597
12 48 -0.371597
12 49 -0.371597
12 50 -0.371597
12 51 -0.371597
12 52 -0.371597
12 53 -0.371597
12 54 -0.371597
12 55 -0.371597
12 56 -0.371597
12 57 -0.371597
12 58 -0.371597
12 59 -0.371597
12 60 -0.371597
12 61 -0.371597
12 62 -0.371597
12 63 -0.371597
13 0 -0.500319
13 1 -0.500319
13 2 -0.367681
13 3 -0.361166
13 4 -0.371395
13 5 -0.372416
13 6 -0.371653
13 7 -0.371534
13 8 -0.371589
13 9 -0.371601
13 10 -0.371597
13 11 -0.371596
13 12 -0.371596
13 13 -0.371596
13 14 -0.371596
13 15 -0.371596
13 16 -0.371596
13 17 -0.371596
13 18 -0.371596
13 19 -0.371596
13 20 -0.371596
13 21 -0.371596
13 22 -0.371596
13 23 -0.371596
13 24 -0.371596
13 25 -0.371596
13 26 -0.371596
13 27 -0.371596
13 28 -0.371596
13 29 -0.371596
13 30 -0.371596
13 31 -0.371596
13 32 -0.371596
13 33 -0.371596
13 34 -0.371596
13 35 -0.371596
13 36 -0.371596
13 37 -0.371596
13 38 -0.371596
13 39 -0.371596
13 40 -0.371596
13 41 -0.371596
13 42 -0.371596
13 43 -0.371596
13 44 -0.371596
13 45 -0.371596
13 46 -0.371596
13 47 -0.371596
13 48 -0.371596
13 49 -0.371596
13 50 -0.371596
13 51 -0.371596
13 52 -0.371596
13 53 -0.371596
13 54 -0.371596
13 55 -0.371596
13 56 -0.371596
13 57 -0.371596
13 58 -0.371596
13 59 -0.371596
13 60 -0.371596
13 61 -0.371596
13 62 -0.371596
13 63 -0.371596
14 0 -0.500319
14 1 -0.500319
14 2 -0.367681
14 3 -0.361166
14 4 -0.371395
14 5 -0.372416
14 6 -0.371652
14 7 -0.371534
14 8 -0.371589
14 9 -0.371601
14 10 -0.371597
14 11 -0.371596
14 12 -0.371596
14 13 -0.371596
14 14 -0.371596
14 15 -0.371596
14 16 -0.371596
14 17 -0.371596
14 18 -0.371596
14 19 -0.371596
14 20 -0.371596
14 21 -0.371596
14 22 -0.371596
14 23 -0.371596
14 24 -0.371596
14 25 -0.371596
14 26 -0.371596
14 27 -0.371596
14 28 -0.371596
14 29 -0.371596
14 30 -0.371596
14 31 -0.371596
14 32 -0.371596
14 33 -0.371596
14 34 -0.371596
14 35 -0.371596
14 36 -0.371596
14 37 -0.371596
14 38 -0.371596
14 39 -0.371596
14 40 -0.371596
14 41 -0.371596
14 42 -0.371596
14 43 -0.371596
14 44 -0.371596
14 45 -0.371596
14 46 -0.371596
14 47 -0.371596
14 48 -0.371596
14 49 -0.371596
14 50 -0.371596
14 51 -0.371596
14 52 -0.371596
14 53 -0.371596
14 54 -0.371596
14 55 -0.371596
14 56 -0.371596
14 57 -0.371596
14 58 -0.371596
14 59 -0.371596
14 60 -0.371596
14 61 -0.371596
14 62 -0.371596
14 63 -0.371596
15 0 -0.500319
15 1 -0.500319
15 2 -0.367681
15 3 -0.361166
15 4 -0.371395
15 5 -0.372416
15 6 -0.371652
15 7 -0.371533
15 8 -0.371588
15 9 -0.371600
15 10 -0.371597
15 11 -0.371596
15 12 -0.371596
15 13 -0.371596
15 14 -0.371596
15 15 -0.371596
15 16 -0.371596
15 17 -0.371596
15 18 -0.371596
15 19 -0.371596
15 20 -0.371596
15 21 -0.371596
15 22 -0.371596
15 23 -0.371596
15 24 -0.371596
15 25 -0.371596
15 26 -0.371596
15 27 -0.371596
15 28 -0.371596
15 29 -0.371596
15 30 -0.371596
15 31 -0.371596
15 32 -0.371596
15 33 -0.371596
15 34 -0.371596
15 35 -0.371596
15 36 -0.371596
15 37 -0.371596
15 38 -0.371596
15 39 -0.371596
15 40 -0.371596
15 41 -0.371596
15 42 -0.371596
15 43 -0.371596
15 44 -0.371596
15 45 -0.371596
15 46 -0.371596
15 47 -0.371596
15 48 -0.371596
15 49 -0.371596
15 50 -0.371596
15 51 -0.371596
15 52 -0.371596
15 53 -0.371596
15 54 -0.371596
15 55 -0.371596
15 56 -0.371596
15 57 -0.371596
15 58 -0.371596
15 59 -0.371596
15 60 -0.371596
15 61 -0.371596
15 62 -0.371596
15 63 -0.371596
16 0 -0.500319
16 1 -0.500319
16 2 -0.367680
16 3 -0.361166
16 4 -0.371395
16 5 -0.372415
16 6 -0.371652
16 7 -0.371533
16 8 -0.371588
16 9 -0.371600
16 10 -0.371596
16 11 -0.371595
16 12 -0.371596
16 13 -0.371596
16 14 -0.371596
16 15 -0.371596
16 16 -0.371596
16 17 -0.371596
16 18 -0.371595
16 19 -0.371595
16 20 -0.371595
16 21 -0.371595
16 22 -0.371595
16 23 -0.371595
16 24 -0.371595
16 25 -0.371595
16 26 -0.371595
16 27 -0.371595
16 28 -0.371595
16 29 -0.371595
16 30 -0.371595
16 31 -0.371595
16 32 -0.371595
16 33 -0.371595
16 34 -0.371595
16 35 -0.371595
16 36 -0.371595
16 37 -0.371595
16 38 -0.371595
16 39 -0.371595
16 40 -0.371595
16 41 -0.371595
16 42 -0.371595
16 43 -0.371595
16 44 -0.371595
16 45 -0.371595
16 46 -0.371595
16 47 -0.371595
16 48 -0.371595
16 49 -0.371595
16 50 -0.371595
16 51 -0.371595
16 52 -0.371595
16 53 -0.371595
16 54 -0.371595
16 55 -0.371595
16 56 -0.371595
16 57 -0.371595
16 58 -0.371595
16 59 -0.371595
16 60 -0.371595
16 61 -0.371595
16 62 -0.371595
16 63 -0.371595
17 0 -0.500319
17 1 -0.500319
17 2 -0.367680
17 3 -0.361166
17 4 -0.371395
17 5 -0.372415
17 6 -0.371652
17 7 -0.371533
17 8 -0.371588
17 9 -0.371600
17 10 -0.371596
17 11 -0.371595
17 12 -0.371595
17 13 -0.371595
17 14 -0.371595
17 15 -0.371595
17 16 -0.371595
17 17 -0.371595
17 18 -0.371595
17 19 -0.371595
17 20 -0.371595
17 21 -0.371595
17 22 -0.371595
17 23 -0.371595
17 24 -0.371595
17 25 -0.371595
17 26 -0.371595
17 27 -0.371595
17 28 -0.371595
17 29 -0.371595
17 30 -0.371595
17 31 -0.371595
17 32 -0.371595
17 33 -0.371595
17 34 -0.371595
17 35 -0.371595
17 36 -0.371595
17 37 -0.371595
17 38 -0.371595
17 39 -0.371595
17 40 -0.371595
17 41 -0.371595
17 42 -0.371595
17 43 -0.371595
17 44 -0.371595
17 45 -0.371595
17 46 -0.371595
17 47 -0.371595
17 48 -0.371595
17 49 -0.371595
17 50 -0.371595
17 51 -0.371595
17 52 -0.371595
17 53 -0.371595
17 54 -0.371595
17 55 -0.371595
17 56 -0.371595
17 57 -0.371595
17 58 -0.371595
17 59 -0.371595
17 60 -0.371595
17 61 -0.371595
17 62 -0.371595
17 63 -0.371595
18 0 -0.500318
18 1 -0.500318
18 2 -0.367680
18 3 -0.361166
18 4 -0.371395
18 5 -0.372415
18 6 -0.371652
18 7 -0.371533
18 8 -0.371588
18 9 -0.371600
18 10 -0.371596
18 11 -0.371595
18 12 -0.371595
18 13 -0.371595
18 14 -0.371595
18 15 -0.371595
18 16 -0.371595
18 17 -0.371595
18 18 -0.371595
18 19 -0.371595
18 20 -0.371595
18 21 -0.371595
18 22 -0.371595
18 23 -0.371595
18 24 -0.371595
18 25 -0.371595
18 26 -0.371595
18 27 -0.371595
18 28 -0.371595
18 29 -0.371595
18 30 -0.371595
18 31 -0.371595
18 32 -0.371595
18 33 -0.371595
18 34 -0.371595
18 35 -0.371595
18 36 -0.371595
18 37 -0.371595
18 38 -0.371595
18 39 -0.371595
18 40 -0.371595
18 41 -0.371595
18 42 -0.371595
18 43 -0.371595
18 44 -0.371595
18 45 -0.371595
18 46 -0.371595
18 47 -0.371595
18 48 -0.371595
18 49 -0.371595
18 50 -0.371595
18 51 -0.371595
18 52 -0.371595
18 53 -0.371595
18 54 -0.371595
18 55 -0.371595
18 56 -0.371595
18 57 -0.371595
18 58 -0.371595
18 59 -0.371595
18 60 -0.371595
18 61 -0.371595
18 62 -0.371595
18 63 -0.371595
19 0 -0.500318
19 1 -0.500318
19 2 -0.367680
19 3 -0.361166
19 4 -0.371394
19 5 -0.372415
19 6 -0.371651
19 7 -0.371533
19 8 -0.371588
19 9 -0.371600
19 10 -0.371596
19 11 -0.371595
19 12 -0.371595
19 13 -0.371595
19 14 -0.371595
19 15 -0.371595
19 16 -0.371595
19 17 -0.371595
19 18 -0.371595
19 19 -0.371595
19 20 -0.371595
19 21 -0.371595
19 22 -0.371595
19 23 -0.371595
19 24 -0.371595
19 25 -0.371595
19 26 -0.371595
19 27 -0.371595
19 28 -0.371595
19 29 -0.371594
19 30 -0.371594
19 31 -0.371594
19 32 -0.371594
19 33 -0.371594
19 34 -0.371594
19 35 -0.371594
19 36 -0.371594
19 37 -0.371594
19 38 -0.371594
19 39 -0.371594
19 40 -0.371594
19 41 -0.371594
19 42 -0.371594
19 43 -0.371594
19 44 -0.371594
19 45 -0.371594
19 46 -0.371594
19 47 -0.371594
19 48 -0.371594
19 49 -0.371594
19 50 -0.371594
19 51 -0.371594
19 52 -0.371594
19 53 -0.371594
19 54 -0.371594
19 55 -0.371594
19 56 -0.371594
19 57 -0.371594
19 58 -0.371594
19 59 -0.371594
19 60 -0.371594
19 61 -0.371594
19 62 -0.371594
19 63 -0.371594
20 0 -0.500318
20 1 -0.500318
20 2 -0.367680
20 3 -0.361165
20 4 -0.371394
20 5 -0.372415
20 6 -0.371651
20 7 -0.371533
20 8 -0.371587
20 9 -0.371600
20 10 -0.371596
20 11 -0.371595
20 12 -0.371595
20 13 -0.371595
20 14 -0.371595
20 15 -0.371595
20 16 -0.371595
20 17 -0.371595
20 18 -0.371595
20 19 -0.371595
20 20 -0.371594
20 21 -0.371594
20 22 -0.371594
20 23 -0.371594
20 24 -0.371594
20 25 -0.371594
20 26 -0.371594
20 27 -0.371594
20 28 -0.371594
20 29 -0.371594
20 30 -0.371594
20 31 -0.371594
20 32 -0.371594
20 33 -0.371594
20 34 -0.371594
20 35 -0.371594
20 36 -0.371594
20 37 -0.371594
20 38 -0.371594
20 39 -0.371594
20 40 -0.371594
20 41 -0.371594
20 42 -0.371594
20 43 -0.371594
20 44 -0.371594
20 45 -0.371594
20 46 -0.371594
20 47 -0.371594
20 48 -0.371594
20 49 -0.371594
20 50 -0.371594
20 51 -0.371594
20 52 -0.371594
20 53 -0.371594
20 54 -0.371594
20 55 -0.371594
20 56 -0.371594
20 57 -0.371594
20 58 -0.371594
20 59 -0.371594
20 60 -0.371594
20 61 -0.371594
20 62 -0.371594
20 63 -0.371594
21 0 -0.500318
21 1 -0.500318
21 2 -0.367680
21 3 -0.361165
21 4 -0.371394
21 5 -0.372415
21 6 -0.371651
21 7 -0.371533
21 8 -0.371587
21 9 -0.371599
21 10 -0.371596
21 11 -0.371594
21 12 -0.371595
21 13 -0.371595
21 14 -0.371595
21 15 -0.371594
21 16 -0.371594
21 17 -0.371594
21 18 -0.371594
21 19 -0.371594
21 20 -0.371594
21 21 -0.371594
21 22 -0.371594
21 23 -0.371594
21 24 -0.371594
21 25 -0.371594
21 26 -0.371594
21 27 -0.371594
21 28 -0.371594
21 29 -0.371594
21 30 -0.371594
21 31 -0.371594
21 32 -0.371594
21 33 -0.371594
21 34 -0.371594
21 35 -0.371594
21 36 -0.371594
21 37 -0.371594
21 38 -0.371594
21 39 -0.371594
21 40 -0.371594
21 41 -0.371594
21 42 -0.371594
21 43 -0.371594
21 44 -0.371594
21 45 -0.371594
21 46 -0.371594
21 47 -0.371594
21 48 -0.371594
21 49 -0.371594
21 50 -0.371594
21 51 -0.371594
21 52 -0.371594
21 53 -0.371594
21 54 -0.371594
21 55 -0.371594
21 56 -0.371594
21 57 -0.371594
21 58 -0.371594
21 59 -0.371594
21 60 -0.371594
21 61 -0.371594
21 62 -0.371594
21 63 -0.371594
22 0 -0.500318
22 1 -0.500318
22 2 -0.367680
22 3 -0.361165
22 4 -0.371394
22 5 -0.372415
22 6 -0.371651
22 7 -0.371532
22 8 -0.371587
22 9 -0.371599
22 10 -0.371595
22 11 -0.371594
22 12 -0.371594
22 13 -0.371594
22 14 -0.371594
22 15 -0.371594
22 16 -0.371594
22 17 -0.371594
22 18 -0.371594
22 19 -0.371594
22 20 -0.371594
22 21 -0.371594
22 22 -0.371594
22 23 -0.371594
22 24 -0.371594
22 25 -0.371594
22 26 -0.371594
22 27 -0.371594
22 28 -0.371594
22 29 -0.371594
22 30 -0.371594
22 31 -0.371594
22 32 -0.371594
22 33 -0.371594
22 34 -0.371594
22 35 -0.371594
22 36 -0.371594
22 37 -0.371594
22 38 -0.371594
22 39 -0.371594
22 40 -0.371594
22 41 -0.371594
22 42 -0.371594
22 43 -0.371594
22 44 -0.371594
22 45 -0.371594
22 46 -0.371594
22 47 -0.371594
22 48 -0.371594
22 49 -0.371594
22 50 -0.371594
22 51 -0.371593
22 52 -0.371593
22 53 -0.371593
22 54 -0.371593
22 55 -0.371593
22 56 -0.371593
22 57 -0.371593
22 58 -0.371593
22 59 -0.371593
22 60 -0.371593
22 61 -0.371593
22 62 -0.371593
22 63 -0.371593
23 0 -0.500318
23 1 -0.500318
23 2 -0.367680
23 3 -0.361165
23 4 -0.371394
23 5 -0.372415
23 6 -0.371651
23 7 -0.371532
23 8 -0.371587
23 9 -0.371599
23 10 -0.371595
23 11 -0.371594
23 12 -0.371594
23 13 -0.371594
23 14 -0.371594
23 15 -0.371594
23 16 -0.371594
23 17 -0.371594
23 18 -0.371594
23 19 -0.371594
23 20 -0.371594
23 21 -0.371594
23 22 -0.371594
23 23 -0.371594
23 24 -0.371594
23 25 -0.371594
23 26 -0.371594
23 27 -0.371594
23 28 -0.371594
23 29 -0.371594
23 30 -0.371594
23 31 -0.371594
23 32 -0.371594
23 33 -0.371594
23 34 -0.371593
23 35 -0.371593
23 36 -0.371593
23 37 -0.371593
23 38 -0.371593
23 39 -0.371593
23 40 -0.371593
23 41 -0.371593
23 42 -0.371593
23 43 -0.371593
23 44 -0.371593
23 45 -0.371593
23 46 -0.371593
23 47 -0.371593
23 48 -0.371593
23 49 -0.371593
23 50 -0.371593
23 51 -0.371593
23 52 -0.371593
23 53 -0.371593
23 54 -0.371593
23 55 -0.371593
23 56 -0.371593
23 57 -0.371593
23 58 -0.371593
23 59 -0.371593
23 60 -0.371593
23 61 -0.371593
23 62 -0.371593
23 63 -0.371593
24 0 -0.500318
24 1 -0.500318
24 2 -0.367680
24 3 -0.361165
24 4 -0.371394
24 5 -0.372414
24 6 -0.371651
24 7 -0.371532
24 8 -0.371587
24 9 -0.371599
24 10 -0.371595
24 11 -0.371594
24 12 -0.371594
24 13 -0.371594
24 14 -0.371594
24 15 -0.371594
24 16 -0.371594
24 17 -0.371594
24 18 -0.371594
24 19 -0.371594
24 20 -0.371594
24 21 -0.371594
24 22 -0.371594
24 23 -0.371594
24 24 -0.371594
24 25 -0.371594
24 26 -0.371594
24 27 -0.371594
24 28 -0.371593
24 29 -0.371593
24 30 -0.371593
24 31 -0.371593
24 32 -0.371593
24 33 -0.371593
24 34 -0.371593
24 35 -0.371593
24 36 -0.371593
24 37 -0.371593
24 38 -0.371593
24 39 -0.371593
24 40 -0.371593
24 41 -0.371593
24 42 -0.371593
24 43 -0.371593
24 44 -0.371593
24 45 -0.371593
24 46 -0.371593
24 47 -0.371593
24 48 -0.371593
24 49 -0.371593
24 50 -0.371593
24 51 -0.371593
24 52 -0.371593
24 53 -0.371593
24 54 -0.371593
24 55 -0.371593
24 56 -0.371593
24 57 -0.371593
24 58 -0.371593
24 59 -0.371593
24 60 -0.371593
24 61 -0.371593
24 62 -0.371593
24 63 -0.371593
25 0 -0.500318
25 1 -0.500318
25 2 -0.367680
25 3 -0.361165
25 4 -0.371394
25 5 -0.372414
25 6 -0.371651
25 7 -0.371532
25 8 -0.371587
25 9 -0.371599
25 10 -0.371595
25 11 -0.371594
25 12 -0.371594
25 13 -0.371594
25 14 -0.371594
25 15 -0.371594
25 16 -0.371594
25 17 -0.371594
25 18 -0.371594
25 19 -0.371594
25 20 -0.371594
25 21 -0.371594
25 22 -0.371594
25 23 -0.371594
25 24 -0.371593
25 25 -0.371593
25 26 -0.371593
25 27 -0.371593
25 28 -0.371593
25 29 -0.371593
25 30 -0.371593
25 31 -0.371593
25 32 -0.371593
25 33 -0.371593
25 34 -0.371593
25 35 -0.371593
25 36 -0.371593
25 37 -0.371593
25 38 -0.371593
25 39 -0.371593
25 40 -0.371593
25 41 -0.371593
25 42 -0.371593
25 43 -0.371593
25 44 -0.371593
25 45 -0.371593
25 46 -0.371593
25 47 -0.371593
25 48 -0.371593
25 49 -0.371593
25 50 -0.371593
25 51 -0.371593
25 52 -0.371593
25 53 -0.371593
25 54 -0.371593
25 55 -0.371593
25 56 -0.371593
25 57 -0.371593
25 58 -0.371593
25 59 -0.371593
25 60 -0.371593
25 61 -0.371593
25 62 -0.371593
25 63 -0.371593
26 0 -0.500318
26 1 -0.500318
26 2 -0.367680
26 3 -0.361165
26 4 -0.371394
26 5 -0.372414
26 6 -0.371651
26 7 -0.371532
26 8 -0.371587
26 9 -0.371599
26 10 -0.371595
26 11 -0.371594
26 12 -0.371594
26 13 -0.371594
26 14 -0.371594
26 15 -0.371594
26 16 -0.371594
26 17 -0.371594
26 18 -0.371594
26 19 -0.371594
26 20 -0.371594
26 21 -0.371593
26 22 -0.371593
26 23 -0.371593
26 24 -0.371593
26 25 -0.371593
26 26 -0.371593
26 27 -0.371593
26 28 -0.371593
26 29 -0.371593
26 30 -0.371593
26 31 -0.371593
26 32 -0.371593
26 33 -0.371593
26 34 -0.371593
26 35 -0.371593
26 36 -0.371593
26 37 -0.371593
26 38 -0.371593
26 39 -0.371593
26 40 -0.371593
26 41 -0.371593
26 42 -0.371593
26 43 -0.371593
26 44 -0.371593
26 45 -0.371593
26 46 -0.371593
26 47 -0.371593
26 48 -0.371593
26 49 -0.371593
26 50 -0.371593
26 51 -0.371593
26 52 -0.371593
26 53 -0.371593
26 54 -0.371593
26 55 -0.371593
26 56 -0.371593
26 57 -0.371593
26 58 -0.371593
26 59 -0.371593
26 60 -0.371593
26 61 -0.371593
26 62 -0.371593
26 63 -0.371593
27 0 -0.500318
27 1 -0.500318
27 2 -0.367680
27 3 -0.361165
27 4 -0.371394
27 5 -0.372414
27 6 -0.371651
27 7 -0.371532
27 8 -0.371587
27 9 -0.371599
27 10 -0.371595
27 11 -0.371594
27 12 -0.371594
27 13 -0.371594
27 14 -0.371594
27 15 -0.371594
27 16 -0.371594
27 17 -0.371594
27 18 -0.371594
27 19 -0.371594
27 20 -0.371593
27 21 -0.371593
27 22 -0.371593
27 23 -0.371593
27 24 -0.371593
27 25 -0.371593
27 26 -0.371593
27 27 -0.371593
27 28 -0.371593
27 29 -0.371593
27 30 -0.371593
27 31 -0.371593
27 32 -0.371593
27 33 -0.371593
27 34 -0.371593
27 35 -0.371593
27 36 -0.371593
27 37 -0.371593
27 38 -0.371593
27 39 -0.371593
27 40 -0.371593
27 41 -0.371593
27 42 -0.371593
27 43 -0.371593
27 44 -0.371593
27 45 -0.371593
27 46 -0.371593
27 47 -0.371593
27 48 -0.371593
27 49 -0.371593
27 50 -0.371593
27 51 -0.371593
27 52 -0.371593
27 53 -0.371593
27 54 -0.371593
27 55 -0.371593
27 56 -0.371593
27 57 -0.371593
27 58 -0.371593
27 59 -0.371593
27 60 -0.371593
27 61 -0.371593
27 62 -0.371593
27 63 -0.371593
28 0 -0.500318
28 1 -0.500318
28 2 -0.367680
28 3 -0.361165
28 4 -0.371394
28 5 -0.372414
28 6 -0.371651
28 7 -0.371532
28 8 -0.371587
28 9 -0.371599
28 10 -0.371595
28 11 -0.371594
28 12 -0.371594
28 13 -0.371594
28 14 -0.371594
28 15 -0.371594
28 16 -0.371594
28 17 -0.371594
28 18 -0.371593
28 19 -0.371593
28 20 -0.371593
28 21 -0.371593
28 22 -0.371593
28 23 -0.371593
28 24 -0.371593
28 25 -0.371593
28 26 -0.371593
28 27 -0.371593
28 28 -0.371593
28 29 -0.371593
28 30 -0.371593
28 31 -0.371593
28 32 -0.371593
28 33 -0.371593
28 34 -0.371593
28 35 -0.371593
28 36 -0.371593
28 37 -0.371593
28 38 -0.371593
28 39 -0.371593
28 40 -0.371593
28 41 -0.371593
28 42 -0.371593
28 43 -0.371593
28 44 -0.371593
28 45 -0.371593
28 46 -0.371593
28 47 -0.371593
28 48 -0.371593
28 49 -0.371593
28 50 -0.371593
28 51 -0.371593
28 52 -0.371593
28 53 -0.371593
28 54 -0.371593
28 55 -0.371593
28 56 -0.371593
28 57 -0.371593
28 58 -0.371593
28 59 -0.371593
28 60 -0.371593
28 61 -0.371593
28 62 -0.371593
28 63 -0.371593
29 0 -0.500318
29 1 -0.500318
29 2 -0.367680
29 3 -0.361165
29 4 -0.371394
29 5 -0.372414
29 6 -0.371651
29 7 -0.371532
29 8 -0.371587
29 9 -0.371599
29 10 -0.371595
29 11 -0.371594
29 12 -0.371594
29 13 -0.371594
29 14 -0.371594
29 15 -0.371594
29 16 -0.371594
29 17 -0.371593
29 18 -0.371593
29 19 -0.371593
29 20 -0.371593
29 21 -0.371593
29 22 -0.371593
29 23 -0.371593
29 24 -0.371593
29 25 -0.371593
29 26 -0.371593
29 27 -0.371593
29 28 -0.371593
29 29 -0.371593
29 30 -0.371593
29 31 -0.371593
29 32 -0.371593
29 33 -0.371593
29 34 -0.371593
29 35 -0.371593
29 36 -0.371593
29 37 -0.371593
29 38 -0.371593
29 39 -0.371593
29 40 -0.371593
29 41 -0.371593
29 42 -0.371593
29 43 -0.371593
29 44 -0.371593
29 45 -0.371593
29 46 -0.371593
29 47 -0.371593
29 48 -0.371592
29 49 -0.371592
29 50 -0.371592
29 51 -0.371592
29 52 -0.371592
29 53 -0.371592
29 54 -0.371592
29 55 -0.371592
29 56 -0.371592
29 57 -0.371592
29 58 -0.371592
29 59 -0.371592
29 60 -0.371592
29 61 -0.371592
29 62 -0.371592
29 63 -0.371592
30 0 -0.500318
30 1 -0.500318
30 2 -0.367680
30 3 -0.361165
30 4 -0.371394
30 5 -0.372414
30 6 -0.371651
30 7 -0.371532
30 8 -0.371587
30 9 -0.371599
30 10 -0.371595
30 11 -0.371594
30 12 -0.371594
30 13 -0.371594
30 14 -0.371594
30 15 -0.371594
30 16 -0.371594
30 17 -0.371593
30 18 -0.371593
30 19 -0.371593
30 20 -0.371593
30 21 -0.371593
30 22 -0.371593
30 23 -0.371593
30 24 -0.371593
30 25 -0.371593
30 26 -0.371593
30 27 -0.371593
30 28 -0.371593
30 29 -0.371593
30 30 -0.371593
30 31 -0.371593
30 32 -0.371593
30 33 -0.371593
30 34 -0.371593
30 35 -0.371593
30 36 -0.371593
30 37 -0.371593
30 38 -0.371593
30 39 -0.371593
30 40 -0.371593
30 41 -0.371593
30 42 -0.371593
30 43 -0.371593
30 44 -0.371592
30 45 -0.371592
30 46 -0.371592
30 47 -0.371592
30 48 -0.371592
30 49 -0.371592
30 50 -0.371592
30 51 -0.371592
30 52 -0.371592
30 53 -0.371592
30 54 -0.371592
30 55 -0.371592
30 56 -0.371592
30 57 -0.371592
30 58 -0.371592
30 59 -0.371592
30 60 -0.371592
30 61 -0.371592
30 62 -0.371592
30 63 -0.371592
31 0 -0.500318
31 1 -0.500318
31 2 -0.367680
31 3 -0.361165
31 4 -0.371394
31 5 -0.372414
31 6 -0.371651
31 7 -0.371532
31 8 -0.371587
31 9 -0.371599
31 10 -0.371595
31 11 -0.371594
31 12 -0.371594
31 13 -0.371594
31 14 -0.371594
31 15 -0.371594
31 16 -0.371594
31 17 -0.371593
31 18 -0.371593
31 19 -0.371593
31 20 -0.371593
31 21 -0.371593
31 22 -0.371593
31 23 -0.371593
31 24 -0.371593
31 25 -0.371593
31 26 -0.371593
31 27 -0.371593
31 28 -0.371593
31 29 -0.371593
31 30 -0.371593
31 31 -0.371593
31 32 -0.371593
31 33 -0.371593
31 34 -0.371593
31 35 -0.371593
31 36 -0.371593
31 37 -0.371593
31 38 -0.371593
31 39 -0.371593
31 40 -0.371593
31 41 -0.371593
31 42 -0.371592
31 43 -0.371592
31 44 -0.371592
31 45 -0.371592
31 46 -0.371592
31 47 -0.371592
31 48 -0.371592
31 49 -0.371592
31 50 -0.371592
31 51 -0.371592
31 52 -0.371592
31 53 -0.371592
31 54 -0.371592
31 55 -0.371592
31 56 -0.371592
31 57 -0.371592
31 58 -0.371592
31 59 -0.371592
31 60 -0.371592
31 61 -0.371592
31 62 -0.371592
31 63 -0.371592
32 0 -0.500318
32 1 -0.500318
32 2 -0.367680
32 3 -0.361165
32 4 -0.371394
32 5 -0.372414
32 6 -0.371651
32 7 -0.371532
32 8 -0.371587
32 9 -0.371599
32 10 -0.371595
32 11 -0.371594
32 12 -0.371594
32 13 -0.371594
32 14 -0.371594
32 15 -0.371594
32 16 -0.371593
32 17 -0.371593
32 18 -0.371593
32 19 -0.371593
32 20 -0.371593
32 21 -0.371593
32 22 -0.371593
32 23 -0.371593
32 24 -0.371593
32 25 -0.371593
32 26 -0.371593
32 27 -0.371593
32 28 -0.371593
32 29 -0.371593
32 30 -0.371593
32 31 -0.371593
32 32 -0.371593
32 33 -0.371593
32 34 -0.371593
32 35 -0.371593
32 36 -0.371593
32 37 -0.371593
32 38 -0.371593
32 39 -0.371593
32 40 -0.371593
32 41 -0.371593
32 42 -0.371592
32 43 -0.371592
32 44 -0.371592
32 45 -0.371592
32 46 -0.371592
32 47 -0.371592
32 48 -0.371592
32 49 -0.371592
32 50 -0.371592
32 51 -0.371592
32 52 -0.371592
32 53 -0.371592
32 54 -0.371592
32 55 -0.371592
32 56 -0.371592
32 57 -0.371592
32 58 -0.371592
32 59 -0.371592
32 60 -0.371592
32 61 -0.371592
32 62 -0.371592
32 63 -0.371592
33 0 -0.500318
33 1 -0.500318
33 2 -0.367680
33 3 -0.361165
33 4 -0.371394
33 5 -0.372414
33 6 -0.371651
33 7 -0.371532
33 8 -0.371587
33 9 -0.371599
33 10 -0.371595
33 11 -0.371594
33 12 -0.371594
33 13 -0.371594
33 14 -0.371594
33 15 -0.371594
33 16 -0.371594
33 17 -0.371593
33 18 -0.371593
33 19 -0.371593
33 20 -0.371593
33 21 -0.371593
33 22 -0.371593
33 23 -0.371593
33 24 -0.371593
33 25 -0.371593
33 26 -0.371593
33 27 -0.371593
33 28 -0.371593
33 29 -0.371593
33 30 -0.371593
33 31 -0.371593
33 32 -0.371593
33 33 -0.371593
33 34 -0.371593
33 35 -0.371593
33 36 -0.371593
33 37 -0.371593
33 38 -0.371593
33 39 -0.371593
33 40 -0.371593
33 41 -0.371593
33 42 -0.371592
33 43 -0.371592
33 44 -0.371592
33 45 -0.371592
33 46 -0.371592
33 47 -0.371592
33 48 -0.371592
33 49 -0.371592
33 50 -0.371592
33 51 -0.371592
33 52 -0.371592
33 53 -0.371592
33 54 -0.371592
33 55 -0.371592
33 56 -0.371592
33 57 -0.371592
33 58 -0.371592
33 59 -0.371592
33 60 -0.371592
33 61 -0.371592
33 62 -0.371592
33 63 -0.371592
34 0 -0.500318
34 1 -0.500318
34 2 -0.367680
34 3 -0.361165
34 4 -0.371394
34 5 -0.372414
34 6 -0.371651
34 7 -0.371532
34 8 -0.371587
34 9 -0.371599
34 10 -0.371595
34 11 -0.371594
34 12 -0.371594
34 13 -0.371594
34 14 -0.371594
34 15 -0.371594
34 16 -0.371594
34 17 -0.371593
34 18 -0.371593
34 19 -0.371593
34 20 -0.371593
34 21 -0.371593
34 22 -0.371593
34 23 -0.371593
34 24 -0.371593
34 25 -0.371593
34 26 -0.371593
34 27 -0.371593
34 28 -0.371593
34 29 -0.371593
34 30 -0.371593
34 31 -0.371593
34 32 -0.371593
34 33 -0.371593
34 34 -0.371593
34 35 -0.371593
34 36 -0.371593
34 37 -0.371593
34 38 -0.371593
34 39 -0.371593
34 40 -0.371593
34 41 -0.371593
34 42 -0.371593
34 43 -0.371593
34 44 -0.371592
34 45 -0.371592
34 46 -0.371592
34 47 -0.371592
34 48 -0.371592
34 49 -0.371592
34 50 -0.371592
34 51 -0.371592
34 52 -0.371592
34 53 -0.371592
34 54 -0.371592
34 55 -0.371592
34 56 -0.371592
34 57 -0.371592
34 58 -0.371592
34 59 -0.371592
34 60 -0.371592
34 61 -0.371592
34 62 -0.371592
34 63 -0.371592
35 0 -0.500318
35 1 -0.500318
35 2 -0.367680
35 3 -0.361165
35 4 -0.371394
35 5 -0.372414
35 6 -0.371651
35 7 -0.371532
35 8 -0.371587
35 9 -0.371599
35 10 -0.371595
35 11 -0.371594
35 12 -0.371594
35 13 -0.371594
35 14 -0.371594
35 15 -0.371594
35 16 -0.371594
35 17 -0.371594
35 18 -0.371593
35 19 -0.371593
35 20 -0.371593
35 21 -0.371593
35 22 -0.371593
35 23 -0.371593
35 24 -0.371593
35 25 -0.371593
35 26 -0.371593
35 27 -0.371593
35 28 -0.371593
35 29 -0.371593
35 30 -0.371593
35 31 -0.371593
35 32 -0.371593
35 33 -0.371593
35 34 -0.371593
35 35 -0.371593
35 36 -0.371593
35 37 -0.371593
35 38 -0.371593
35 39 -0.371593
35 40 -0.371593
35 41 -0.371593
35 42 -0.371593
35 43 -0.371593
35 44 -0.371593
35 45 -0.371593
35 46 -0.371593
35 47 -0.371593
35 48 -0.371593
35 49 -0.371592
35 50 -0.371592
35 51 -0.371592
35 52 -0.371592
35 53 -0.371592
35 54 -0.371592
35 55 -0.371592
35 56 -0.371592
35 57 -0.371592
35 58 -0.371592
35 59 -0.371592
35 60 -0.371592
35 61 -0.371592
35 62 -0.371592
35 63 -0.371592
36 0 -0.500318
36 1 -0.500318
36 2 -0.367680
36 3 -0.361165
36 4 -0.371394
36 5 -0.372414
36 6 -0.371651
36 7 -0.371532
36 8 -0.371587
36 9 -0.371599
36 10 -0.371595
36 11 -0.371594
36 12 -0.371594
36 13 -0.371594
36 14 -0.371594
36 15 -0.371594
36 16 -0.371594
36 17 -0.371594
36 18 -0.371594
36 19 -0.371593
36 20 -0.371593
36 21 -0.371593
36 22 -0.371593
36 23 -0.371593
36 24 -0.371593
36 25 -0.371593
36 26 -0.371593
36 27 -0.371593
36 28 -0.371593
36 29 -0.371593
36 30 -0.371593
36 31 -0.371593
36 32 -0.371593
36 33 -0.371593
36 34 -0.371593
36 35 -0.371593
36 36 -0.371593
36 37 -0.371593
36 38 -0.371593
36 39 -0.371593
36 40 -0.371593
36 41 -0.371593
36 42 -0.371593
36 43 -0.371593
36 44 -0.371593
36 45 -0.371593
36 46 -0.371593
36 47 -0.371593
36 48 -0.371593
36 49 -0.371593
36 50 -0.371593
36 51 -0.371593
36 52 -0.371593
36 53 -0.371593
36 54 -0.371593
36 55 -0.371593
36 56 -0.371593
36 57 -0.371593
36 58 -0.371593
36 59 -0.371593
36 60 -0.371593
36 61 -0.371593
36 62 -0.371593
36 63 -0.371593
37 0 -0.500318
37 1 -0.500318
37 2 -0.367680
37 3 -0.361165
37 4 -0.371394
37 5 -0.372414
37 6 -0.371651
37 7 -0.371532
37 8 -0.371587
37 9 -0.371599
37 10 -0.371595
37 11 -0.371594
37 12 -0.371594
37 13 -0.371594
37 14 -0.371594
37 15 -0.371594
37 16 -0.371594
37 17 -0.371594
37 18 -0.371594
37 19 -0.371594
37 20 -0.371593
37 21 -0.371593
37 22 -0.371593
37 23 -0.371593
37 24 -0.371593
37 25 -0.371593
37 26 -0.371593
37 27 -0.371593
37 28 -0.371593
37 29 -0.371593
37 30 -0.371593
37 31 -0.371593
37 32 -0.371593
37 33 -0.371593
37 34 -0.371593
37 35 -0.371593
37 36 -0.371593
37 37 -0.371593
37 38 -0.371593
37 39 -0.371593
37 40 -0.371593
37 41 -0.371593
37 42 -0.371593
37 43 -0.371593
37 44 -0.371593
37 45 -0.371593
37 46 -0.371593
37 47 -0.371593
37 48 -0.371593
37 49 -0.371593
37 50 -0.371593
37 51 -0.371593
37 52 -0.371593
37 53 -0.371593
37 54 -0.371593
37 55 -0.371593
37 56 -0.371593
37 57 -0.371593
37 58 -0.371593
37 59 -0.371593
37 60 -0.371593
37 61 -0.371593
37 62 -0.371593
37 63 -0.371593
38 0 -0.500318
38 1 -0.500318
38 2 -0.367680
38 3 -0.361165
38 4 -0.371394
38 5 -0.372414
38 6 -0.371651
38 7 -0.371532
38 8 -0.371587
38 9 -0.371599
38 10 -0.371595
38 11 -0.371594
38 12 -0.371594
38 13 -0.371594
38 14 -0.371594
38 15 -0.371594
38 16 -0.371594
38 17 -0.371594
38 18 -0.371594
38 19 -0.371594
38 20 -0.371594
38 21 -0.371594
38 22 -0.371593
38 23 -0.371593
38 24 -0.371593
38 25 -0.371593
38 26 -0.371593
38 27 -0.371593
38 28 -0.371593
38 29 -0.371593
38 30 -0.371593
38 31 -0.371593
38 32 -0.371593
38 33 -0.371593
38 34 -0.371593
38 35 -0.371593
38 36 -0.371593
38 37 -0.371593
38 38 -0.371593
38 39 -0.371593
38 40 -0.371593
38 41 -0.371593
38 42 -0.371593
38 43 -0.371593
38 44 -0.371593
38 45 -0.371593
38 46 -0.371593
38 47 -0.371593
38 48 -0.371593
38 49 -0.371593
38 50 -0.371593
38 51 -0.371593
38 52 -0.371593
38 53 -0.371593
38 54 -0.371593
38 55 -0.371593
38 56 -0.371593
38 57 -0.371593
38 58 -0.371593
38 59 -0.371593
38 60 -0.371593
38 61 -0.371593
38 62 -0.371593
38 63 -0.371593
39 0 -0.500318
39 1 -0.500318
39 2 -0.367680
39 3 -0.361165
39 4 -0.371394
39 5 -0.372414
39 6 -0.371651
39 7 -0.371532
39 8 -0.371587
39 9 -0.371599
39 10 -0.371595
39 11 -0.371594
39 12 -0.371594
39 13 -0.371594
39 14 -0.371594
39 15 -0.371594
39 16 -0.371594
39 17 -0.371594
39 18 -0.371594
39 19 -0.371594
39 20 -0.371594
39 21 -0.371594
39 22 -0.371594
39 23 -0.371594
39 24 -0.371593
39 25 -0.371593
39 26 -0.371593
39 27 -0.371593
39 28 -0.371593
39 29 -0.371593
39 30 -0.371593
39 31 -0.371593
39 32 -0.371593
39 33 -0.371593
39 34 -0.371593
39 35 -0.371593
39 36 -0.371593
39 37 -0.371593
39 38 -0.371593
39 39 -0.371593
39 40 -0.371593
39 41 -0.371593
39 42 -0.371593
39 43 -0.371593
39 44 -0.371593
39 45 -0.371593
39 46 -0.371593
39 47 -0.371593
39 48 -0.371593
39 49 -0.371593
39 50 -0.371593
39 51 -0.371593
39 52 -0.371593
39 53 -0.371593
39 54 -0.371593
39 55 -0.371593
39 56 -0.371593
39 57 -0.371593
39 58 -0.371593
39 59 -0.371593
39 60 -0.371593
39 61 -0.371593
39 62 -0.371593
39 63 -0.371593
40 0 -0.500318
40 1 -0.500318
40 2 -0.367680
40 3 -0.361165
40 4 -0.371394
40 5 -0.372414
40 6 -0.371651
40 7 -0.371532
40 8 -0.371587
40 9 -0.371599
40 10 -0.371595
40 11 -0.371594
40 12 -0.371594
40 13 -0.371594
40 14 -0.371594
40 15 -0.371594
40 16 -0.371594
40 17 -0.371594
40 18 -0.371594
40 19 -0.371594
40 20 -0.371594
40 21 -0.371594
40 22 -0.371594
40 23 -0.371594
40 24 -0.371594
40 25 -0.371594
40 26 -0.371594
40 27 -0.371594
40 28 -0.371593
40 29 -0.371593
40 30 -0.371593
40 31 -0.371593
40 32 -0.371593
40 33 -0.371593
40 34 -0.371593
40 35 -0.371593
40 36 -0.371593
40 37 -0.371593
40 38 -0.371593
40 39 -0.371593
40 40 -0.371593
40 41 -0.371593
40 42 -0.371593
40 43 -0.371593
40 44 -0.371593
40 45 -0.371593
40 46 -0.371593
40 47 -0.371593
40 48 -0.371593
40 49 -0.371593
40 50 -0.371593
40 51 -0.371593
40 52 -0.371593
40 53 -0.371593
40 54 -0.371593
40 55 -0.371593
40 56 -0.371593
40 57 -0.371593
40 58 -0.371593
40 59 -0.371593
40 60 -0.371593
40 61 -0.371593
40 62 -0.371593
40 63 -0.371593
41 0 -0.500318
41 1 -0.500318
41 2 -0.367680
41 3 -0.361165
41 4 -0.371394
41 5 -0.372415
41 6 -0.371651
41 7 -0.371532
41 8 -0.371587
41 9 -0.371599
41 10 -0.371595
41 11 -0.371594
41 12 -0.371594
41 13 -0.371594
41 14 -0.371594
41 15 -0.371594
41 16 -0.371594
41 17 -0.371594
41 18 -0.371594
41 19 -0.371594
41 20 -0.371594
41 21 -0.371594
41 22 -0.371594
41 23 -0.371594
41 24 -0.371594
41 25 -0.371594
41 26 -0.371594
41 27 -0.371594
41 28 -0.371594
41 29 -0.371594
41 30 -0.371594
41 31 -0.371594
41 32 -0.371594
41 33 -0.371594
41 34 -0.371594
41 35 -0.371593
41 36 -0.371593
41 37 -0.371593
41 38 -0.371593
41 39 -0.371593
41 40 -0.371593
41 41 -0.371593
41 42 -0.371593
41 43 -0.371593
41 44 -0.371593
41 45 -0.371593
41 46 -0.371593
41 47 -0.371593
41 48 -0.371593
41 49 -0.371593
41 50 -0.371593
41 51 -0.371593
41 52 -0.371593
41 53 -0.371593
41 54 -0.371593
41 55 -0.371593
41 56 -0.371593
41 57 -0.371593
41 58 -0.371593
41 59 -0.371593
41 60 -0.371593
41 61 -0.371593
41 62 -0.371593
41 63 -0.371593
42 0 -0.500318
42 1 -0.500318
42 2 -0.367680
42 3 -0.361165
42 4 -0.371394
42 5 -0.372415
42 6 -0.371651
42 7 -0.371532
42 8 -0.371587
42 9 -0.371599
42 10 -0.371595
42 11 -0.371594
42 12 -0.371594
42 13 -0.371594
42 14 -0.371594
42 15 -0.371594
42 16 -0.371594
42 17 -0.371594
42 18 -0.371594
42 19 -0.371594
42 20 -0.371594
42 21 -0.371594
42 22 -0.371594
42 23 -0.371594
42 24 -0.371594
42 25 -0.371594
42 26 -0.371594
42 27 -0.371594
42 28 -0.371594
42 29 -0.371594
42 30 -0.371594
42 31 -0.371594
42 32 -0.371594
42 33 -0.371594
42 34 -0.371594
42 35 -0.371594
42 36 -0.371594
42 37 -0.371594
42 38 -0.371594
42 39 -0.371594
42 40 -0.371594
42 41 -0.371594
42 42 -0.371594
42 43 -0.371594
42 44 -0.371594
42 45 -0.371594
42 46 -0.371594
42 47 -0.371594
42 48 -0.371594
42 49 -0.371594
42 50 -0.371594
42 51 -0.371594
42 52 -0.371594
42 53 -0.371594
42 54 -0.371594
42 55 -0.371594
42 56 -0.371593
42 57 -0.371593
42 58 -0.371593
42 59 -0.371593
42 60 -0.371593
42 61 -0.371593
42 62 -0.371593
42 63 -0.371593
43 0 -0.500318
43 1 -0.500318
43 2 -0.367680
43 3 -0.361165
43 4 -0.371394
43 5 -0.372415
43 6 -0.371651
43 7 -0.371533
43 8 -0.371587
43 9 -0.371599
43 10 -0.371596
43 11 -0.371594
43 12 -0.371595
43 13 -0.371595
43 14 -0.371595
43 15 -0.371595
43 16 -0.371594
43 17 -0.371594
43 18 -0.371594
43 19 -0.371594
43 20 -0.371594
43 21 -0.371594
43 22 -0.371594
43 23 -0.371594
43 24 -0.371594
43 25 -0.371594
43 26 -0.371594
43 27 -0.371594
43 28 -0.371594
43 29 -0.371594
43 30 -0.371594
43 31 -0.371594
43 32 -0.371594
43 33 -0.371594
43 34 -0.371594
43 35 -0.371594
43 36 -0.371594
43 37 -0.371594
43 38 -0.371594
43 39 -0.371594
43 40 -0.371594
43 41 -0.371594
43 42 -0.371594
43 43 -0.371594
43 44 -0.371594
43 45 -0.371594
43 46 -0.371594
43 47 -0.371594
43 48 -0.371594
43 49 -0.371594
43 50 -0.371594
43 51 -0.371594
43 52 -0.371594
43 53 -0.371594
43 54 -0.371594
43 55 -0.371594
43 56 -0.371594
43 57 -0.371594
43 58 -0.371594
43 59 -0.371594
43 60 -0.371594
43 61 -0.371594
43 62 -0.371594
43 63 -0.371594
44 0 -0.500318
44 1 -0.500318
44 2 -0.367680
44 3 -0.361166
44 4 -0.371394
44 5 -0.372415
44 6 -0.371651
44 7 -0.371533
44 8 -0.371588
44 9 -0.371600
44 10 -0.371596
44 11 -0.371595
44 12 -0.371595
44 13 -0.371595
44 14 -0.371595
44 15 -0.371595
44 16 -0.371595
44 17 -0.371595
44 18 -0.371595
44 19 -0.371595
44 20 -0.371595
44 21 -0.371594
44 22 -0.371594
44 23 -0.371594
44 24 -0.371594
44 25 -0.371594
44 26 -0.371594
44 27 -0.371594
44 28 -0.371594
44 29 -0.371594
44 30 -0.371594
44 31 -0.371594
44 32 -0.371594
44 33 -0.371594
44 34 -0.371594
44 35 -0.371594
44 36 -0.371594
44 37 -0.371594
44 38 -0.371594
44 39 -0.371594
44 40 -0.371594
44 41 -0.371594
44 42 -0.371594
44 43 -0.371594
44 44 -0.371594
44 45 -0.371594
44 46 -0.371594
44 47 -0.371594
44 48 -0.371594
44 49 -0.371594
44 50 -0.371594
44 51 -0.371594
44 52 -0.371594
44 53 -0.371594
44 54 -0.371594
44 55 -0.371594
44 56 -0.371594
44 57 -0.371594
44 58 -0.371594
44 59 -0.371594
44 60 -0.371594
44 61 -0.371594
44 62 -0.371594
44 63 -0.371594
45 0 -0.500318
45 1 -0.500318
45 2 -0.367680
45 3 -0.361166
45 4 -0.371395
45 5 -0.372415
45 6 -0.371652
45 7 -0.371533
45 8 -0.371588
45 9 -0.371600
45 10 -0.371596
45 11 -0.371595
45 12 -0.371595
45 13 -0.371595
45 14 -0.371595
45 15 -0.371595
45 16 -0.371595
45 17 -0.371595
45 18 -0.371595
45 19 -0.371595
45 20 -0.371595
45 21 -0.371595
45 22 -0.371595
45 23 -0.371595
45 24 -0.371595
45 25 -0.371595
45 26 -0.371595
45 27 -0.371595
45 28 -0.371595
45 29 -0.371595
45 30 -0.371595
45 31 -0.371594
45 32 -0.371594
45 33 -0.371594
45 34 -0.371594
45 35 -0.371594
45 36 -0.371594
45 37 -0.371594
45 38 -0.371594
45 39 -0.371594
45 40 -0.371594
45 41 -0.371594
45 42 -0.371594
45 43 -0.371594
45 44 -0.371594
45 45 -0.371594
45 46 -0.371594
45 47 -0.371594
45 48 -0.371594
45 49 -0.371594
45 50 -0.371594
45 51 -0.371594
45 52 -0.371594
45 53 -0.371594
45 54 -0.371594
45 55 -0.371594
45 56 -0.371594
45 57 -0.371594
45 58 -0.371594
45 59 -0.371594
45 60 -0.371594
45 61 -0.371594
45 62 -0.371594
45 63 -0.371594
46 0 -0.500318
46 1 -0.500318
46 2 -0.367680
46 3 -0.361166
46 4 -0.371395
46 5 -0.372415
46 6 -0.371652
46 7 -0.371533
46 8 -0.371588
46 9 -0.371600
46 10 -0.371596
46 11 -0.371595
46 12 -0.371595
46 13 -0.371595
46 14 -0.371595
46 15 -0.371595
46 16 -0.371595
46 17 -0.371595
46 18 -0.371595
46 19 -0.371595
46 20 -0.371595
46 21 -0.371595
46 22 -0.371595
46 23 -0.371595
46 24 -0.371595
46 25 -0.371595
46 26 -0.371595
46 27 -0.371595
46 28 -0.371595
46 29 -0.371595
46 30 -0.371595
46 31 -0.371595
46 32 -0.371595
46 33 -0.371595
46 34 -0.371595
46 35 -0.371595
46 36 -0.371595
46 37 -0.371595
46 38 -0.371595
46 39 -0.371595
46 40 -0.371595
46 41 -0.371595
46 42 -0.371595
46 43 -0.371595
46 44 -0.371595
46 45 -0.371595
46 46 -0.371595
46 47 -0.371595
46 48 -0.371595
46 49 -0.371595
46 50 -0.371595
46 51 -0.371595
46 52 -0.371595
46 53 -0.371595
46 54 -0.371595
46 55 -0.371595
46 56 -0.371595
46 57 -0.371595
46 58 -0.371595
46 59 -0.371595
46 60 -0.371595
46 61 -0.371595
46 62 -0.371595
46 63 -0.371595
47 0 -0.500319
47 1 -0.500319
47 2 -0.367680
47 3 -0.361166
47 4 -0.371395
47 5 -0.372415
47 6 -0.371652
47 7 -0.371533
47 8 -0.371588
47 9 -0.371600
47 10 -0.371596
47 11 -0.371595
47 12 -0.371595
47 13 -0.371595
47 14 -0.371595
47 15 -0.371595
47 16 -0.371595
47 17 -0.371595
47 18 -0.371595
47 19 -0.371595
47 20 -0.371595
47 21 -0.371595
47 22 -0.371595
47 23 -0.371595
47 24 -0.371595
47 25 -0.371595
47 26 -0.371595
47 27 -0.371595
47 28 -0.371595
47 29 -0.371595
47 30 -0.371595
47 31 -0.371595
47 32 -0.371595
47 33 -0.371595
47 34 -0.371595
47 35 -0.371595
47 36 -0.371595
47 37 -0.371595
47 38 -0.371595
47 39 -0.371595
47 40 -0.371595
47 41 -0.371595
47 42 -0.371595
47 43 -0.371595
47 44 -0.371595
47 45 -0.371595
47 46 -0.371595
47 47 -0.371595
47 48 -0.371595
47 49 -0.371595
47 50 -0.371595
47 51 -0.371595
47 52 -0.371595
47 53 -0.371595
47 54 -0.371595
47 55 -0.371595
47 56 -0.371595
47 57 -0.371595
47 58 -0.371595
47 59 -0.371595
47 60 -0.371595
47 61 -0.371595
47 62 -0.371595
47 63 -0.371595
48 0 -0.500319
48 1 -0.500319
48 2 -0.367681
48 3 -0.361166
48 4 -0.371395
48 5 -0.372415
48 6 -0.371652
48 7 -0.371533
48 8 -0.371588
48 9 -0.371600
48 10 -0.371597
48 11 -0.371595
48 12 -0.371596
48 13 -0.371596
48 14 -0.371596
48 15 -0.371596
48 16 -0.371596
48 17 -0.371596
48 18 -0.371596
48 19 -0.371596
48 20 -0.371596
48 21 -0.371595
48 22 -0.371595
48 23 -0.371595
48 24 -0.371595
48 25 -0.371595
48 26 -0.371595
48 27 -0.371595
48 28 -0.371595
48 29 -0.371595
48 30 -0.371595
48 31 -0.371595
48 32 -0.371595
48 33 -0.371595
48 34 -0.371595
48 35 -0.371595
48 36 -0.371595
48 37 -0.371595
48 38 -0.371595
48 39 -0.371595
48 40 -0.371595
48 41 -0.371595
48 42 -0.371595
48 43 -0.371595
48 44 -0.371595
48 45 -0.371595
48 46 -0.371595
48 47 -0.371595
48 48 -0.371595
48 49 -0.371595
48 50 -0.371595
48 51 -0.371595
48 52 -0.371595
48 53 -0.371595
48 54 -0.371595
48 55 -0.371595
48 56 -0.371595
48 57 -0.371595
48 58 -0.371595
48 59 -0.371595
48 60 -0.371595
48 61 -0.371595
48 62 -0.371595
48 63 -0.371595
49 0 -0.500319
49 1 -0.500319
49 2 -0.367681
49 3 -0.361166
49 4 -0.371395
49 5 -0.372416
49 6 -0.371652
49 7 -0.371534
49 8 -0.371588
49 9 -0.371601
49 10 -0.371597
49 11 -0.371596
49 12 -0.371596
49 13 -0.371596
49 14 -0.371596
49 15 -0.371596
49 16 -0.371596
49 17 -0.371596
49 18 -0.371596
49 19 -0.371596
49 20 -0.371596
49 21 -0.371596
49 22 -0.371596
49 23 -0.371596
49 24 -0.371596
49 25 -0.371596
49 26 -0.371596
49 27 -0.371596
49 28 -0.371596
49 29 -0.371596
49 30 -0.371596
49 31 -0.371596
49 32 -0.371596
49 33 -0.371596
49 34 -0.371596
49 35 -0.371596
49 36 -0.371596
49 37 -0.371596
49 38 -0.371596
49 39 -0.371596
49 40 -0.371596
49 41 -0.371596
49 42 -0.371596
49 43 -0.371596
49 44 -0.371596
49 45 -0.371596
49 46 -0.371596
49 47 -0.371596
49 48 -0.371596
49 49 -0.371596
49 50 -0.371596
49 51 -0.371596
49 52 -0.371596
49 53 -0.371596
49 54 -0.371596
49 55 -0.371596
49 56 -0.371596
49 57 -0.371596
49 58 -0.371596
49 59 -0.371596
49 60 -0.371596
49 61 -0.371596
49 62 -0.371596
49 63 -0.371596
50 0 -0.500319
50 1 -0.500319
50 2 -0.367681
50 3 -0.361166
50 4 -0.371395
50 5 -0.372416
50 6 -0.371652
50 7 -0.371534
50 8 -0.371589
50 9 -0.371601
50 10 -0.371597
50 11 -0.371596
50 12 -0.371596
50 13 -0.371596
50 14 -0.371596
50 15 -0.371596
50 16 -0.371596
50 17 -0.371596
50 18 -0.371596
50 19 -0.371596
50 20 -0.371596
50 21 -0.371596
50 22 -0.371596
50 23 -0.371596
50 24 -0.371596
50 25 -0.371596
50 26 -0.371596
50 27 -0.371596
50 28 -0.371596
50 29 -0.371596
50 30 -0.371596
50 31 -0.371596
50 32 -0.371596
50 33 -0.371596
50 34 -0.371596
50 35 -0.371596
50 36 -0.371596
50 37 -0.371596
50 38 -0.371596
50 39 -0.371596
50 40 -0.371596
50 41 -0.371596
50 42 -0.371596
50 43 -0.371596
50 44 -0.371596
50 45 -0.371596
50 46 -0.371596
50 47 -0.371596
50 48 -0.371596
50 49 -0.371596
50 50 -0.371596
50 51 -0.371596
50 52 -0.371596
50 53 -0.371596
50 54 -0.371596
50 55 -0.371596
50 56 -0.371596
50 57 -0.371596
50 58 -0.371596
50 59 -0.371596
50 60 -0.371596
50 61 -0.371596
50 62 -0.371596
50 63 -0.371596
51 0 -0.500319
51 1 -0.500319
51 2 -0.367681
51 3 -0.361166
51 4 -0.371395
51 5 -0.372416
51 6 -0.371653
51 7 -0.371534
51 8 -0.371589
51 9 -0.371601
51 10 -0.371597
51 11 -0.371596
51 12 -0.371596
51 13 -0.371596
51 14 -0.371596
51 15 -0.371596
51 16 -0.371596
51 17 -0.371596
51 18 -0.371596
51 19 -0.371596
51 20 -0.371596
51 21 -0.371596
51 22 -0.371596
51 23 -0.371596
51 24 -0.371596
51 25 -0.371596
51 26 -0.371596
51 27 -0.371596
51 28 -0.371596
51 29 -0.371596
51 30 -0.371596
51 31 -0.371596
51 32 -0.371596
51 33 -0.371596
51 34 -0.371596
51 35 -0.371597
51 36 -0.371597
51 37 -0.371597
51 38 -0.371597
51 39 -0.371597
51 40 -0.371597
51 41 -0.371597
51 42 -0.371597
51 43 -0.371597
51 44 -0.371597
51 45 -0.371597
51 46 -0.371597
51 47 -0.371597
51 48 -0.371597
51 49 -0.371597
51 50 -0.371597
51 51 -0.371597
51 52 -0.371597
51 53 -0.371597
51 54 -0.371597
51 55 -0.371597
51 56 -0.371597
51 57 -0.371597
51 58 -0.371597
51 59 -0.371597
51 60 -0.371597
51 61 -0.371597
51 62 -0.371597
51 63 -0.371597
52 0 -0.500319
52 1 -0.500319
52 2 -0.367681
52 3 -0.361167
52 4 -0.371396
52 5 -0.372416
52 6 -0.371653
52 7 -0.371534
52 8 -0.371589
52 9 -0.371601
52 10 -0.371597
52 11 -0.371596
52 12 -0.371597
52 13 -0.371597
52 14 -0.371597
52 15 -0.371597
52 16 -0.371597
52 17 -0.371597
52 18 -0.371597
52 19 -0.371597
52 20 -0.371597
52 21 -0.371597
52 22 -0.371597
52 23 -0.371597
52 24 -0.371597
52 25 -0.371597
52 26 -0.371597
52 27 -0.371597
52 28 -0.371597
52 29 -0.371597
52 30 -0.371597
52 31 -0.371597
52 32 -0.371597
52 33 -0.371597
52 34 -0.371597
52 35 -0.371597
52 36 -0.371597
52 37 -0.371597
52 38 -0.371597
52 39 -0.371597
52 40 -0.371597
52 41 -0.371597
52 42 -0.371597
52 43 -0.371597
52 44 -0.371597
52 45 -0.371597
52 46 -0.371597
52 47 -0.371597
52 48 -0.371597
52 49 -0.371597
52 50 -0.371597
52 51 -0.371597
52 52 -0.371597
52 53 -0.371597
52 54 -0.371597
52 55 -0.371597
52 56 -0.371597
52 57 -0.371597
52 58 -0.371597
52 59 -0.371597
52 60 -0.371597
52 61 -0.371597
52 62 -0.371597
52 63 -0.371597
53 0 -0.500319
53 1 -0.500319
53 2 -0.367681
53 3 -0.361167
53 4 -0.371396
53 5 -0.372416
53 6 -0.371653
53 7 -0.371534
53 8 -0.371589
53 9 -0.371601
53 10 -0.371598
53 11 -0.371597
53 12 -0.371597
53 13 -0.371597
53 14 -0.371597
53 15 -0.371597
53 16 -0.371597
53 17 -0.371597
53 18 -0.371597
53 19 -0.371597
53 20 -0.371597
53 21 -0.371597
53 22 -0.371597
53 23 -0.371597
53 24 -0.371597
53 25 -0.371597
53 26 -0.371597
53 27 -0.371597
53 28 -0.371597
53 29 -0.371597
53 30 -0.371597
53 31 -0.371597
53 32 -0.371597
53 33 -0.371597
53 34 -0.371597
53 35 -0.371597
53 36 -0.371597
53 37 -0.371597
53 38 -0.371597
53 39 -0.371597
53 40 -0.371597
53 41 -0.371597
53 42 -0.371597
53 43 -0.371597
53 44 -0.371597
53 45 -0.371597
53 46 -0.371597
53 47 -0.371597
53 48 -0.371597
53 49 -0.371597
53 50 -0.371597
53 51 -0.371597
53 52 -0.371597
53 53 -0.371597
53 54 -0.371597
53 55 -0.371597
53 56 -0.371597
53 57 -0.371597
53 58 -0.371597
53 59 -0.371597
53 60 -0.371597
53 61 -0.371597
53 62 -0.371597
53 63 -0.371597
54 0 -0.500320
54 1 -0.500320
54 2 -0.367681
54 3 -0.361167
54 4 -0.371396
54 5 -0.372417
54 6 -0.371653
54 7 -0.371535
54 8 -0.371590
54 9 -0.371602
54 10 -0.371598
54 11 -0.371597
54 12 -0.371597
54 13 -0.371597
54 14 -0.371597
54 15 -0.371597
54 16 -0.371597
54 17 -0.371597
54 18 -0.371598
54 19 -0.371598
54 20 -0.371598
54 21 -0.371598
54 22 -0.371598
54 23 -0.371598
54 24 -0.371598
54 25 -0.371598
54 26 -0.371598
54 27 -0.371598
54 28 -0.371598
54 29 -0.371598
54 30 -0.371598
54 31 -0.371598
54 32 -0.371598
54 33 -0.371598
54 34 -0.371598
54 35 -0.371598
54 36 -0.371598
54 37 -0.371598
54 38 -0.371598
54 39 -0.371598
54 40 -0.371598
54 41 -0.371598
54 42 -0.371598
54 43 -0.371598
54 44 -0.371598
54 45 -0.371598
54 46 -0.371598
54 47 -0.371598
54 48 -0.371598
54 49 -0.371598
54 50 -0.371598
54 51 -0.371598
54 52 -0.371598
54 53 -0.371598
54 54 -0.371598
54 55 -0.371598
54 56 -0.371598
54 57 -0.371598
54 58 -0.371598
54 59 -0.371598
54 60 -0.371598
54 61 -0.371598
54 62 -0.371598
54 63 -0.371598
55 0 -0.500320
55 1 -0.500320
55 2 -0.367682
55 3 -0.361167
55 4 -0.371396
55 5 -0.372417
55 6 -0.371654
55 7 -0.371535
55 8 -0.371590
55 9 -0.371602
55 10 -0.371598
55 11 -0.371597
55 12 -0.371598
55 13 -0.371598
55 14 -0.371598
55 15 -0.371598
55 16 -0.371598
55 17 -0.371598
55 18 -0.371598
55 19 -0.371598
55 20 -0.371598
55 21 -0.371598
55 22 -0.371598
55 23 -0.371598
55 24 -0.371598
55 25 -0.371598
55 26 -0.371598
55 27 -0.371598
55 28 -0.371598
55 29 -0.371598
55 30 -0.371598
55 31 -0.371598
55 32 -0.371598
55 33 -0.371598
55 34 -0.371598
55 35 -0.371598
55 36 -0.371598
55 37 -0.371598
55 38 -0.371598
55 39 -0.371598
55 40 -0.371598
55 41 -0.371598
55 42 -0.371598
55 43 -0.371598
55 44 -0.371598
55 45 -0.371598
55 46 -0.371598
55 47 -0.371598
55 48 -0.371598
55 49 -0.371598
55 50 -0.371598
55 51 -0.371598
55 52 -0.371599
55 53 -0.371599
55 54 -0.371599
55 55 -0.371599
55 56 -0.371599
55 57 -0.371599
55 58 -0.371599
55 59 -0.371599
55 60 -0.371599
55 61 -0.371599
55 62 -0.371599
55 63 -0.371599
56 0 -0.500320
56 1 -0.500320
56 2 -0.367682
56 3 -0.361167
56 4 -0.371397
56 5 -0.372417
56 6 -0.371654
56 7 -0.371535
56 8 -0.371590
56 9 -0.371602
56 10 -0.371599
56 11 -0.371598
56 12 -0.371598
56 13 -0.371598
56 14 -0.371598
56 15 -0.371598
56 16 -0.371598
56 17 -0.371598
56 18 -0.371598
56 19 -0.371598
56 20 -0.371598
56 21 -0.371598
56 22 -0.371598
56 23 -0.371599
56 24 -0.371599
56 25 -0.371599
56 26 -0.371599
56 27 -0.371599
56 28 -0.371599
56 29 -0.371599
56 30 -0.371599
56 31 -0.371599
56 32 -0.371599
56 33 -0.371599
56 34 -0.371599
56 35 -0.371599
56 36 -0.371599
56 37 -0.371599
56 38 -0.371599
56 39 -0.371599
56 40 -0.371599
56 41 -0.371599
56 42 -0.371599
56 43 -0.371599
56 44 -0.371599
56 45 -0.371599
56 46 -0.371599
56 47 -0.371599
56 48 -0.371599
56 49 -0.371599
56 50 -0.371599
56 51 -0.371599
56 52 -0.371599
56 53 -0.371599
56 54 -0.371599
56 55 -0.371599
56 56 -0.371599
56 57 -0.371599
56 58 -0.371599
56 59 -0.371599
56 60 -0.371599
56 61 -0.371599
56 62 -0.371599
56 63 -0.371599
57 0 -0.500320
57 1 -0.500320
57 2 -0.367682
57 3 -0.361168
57 4 -0.371397
57 5 -0.372417
57 6 -0.371654
57 7 -0.371536
57 8 -0.371590
57 9 -0.371603
57 10 -0.371599
57 11 -0.371598
57 12 -0.371598
57 13 -0.371598
57 14 -0.371599
57 15 -0.371599
57 16 -0.371599
57 17 -0.371599
57 18 -0.371599
57 19 -0.371599
57 20 -0.371599
57 21 -0.371599
57 22 -0.371599
57 23 -0.371599
57 24 -0.371599
57 25 -0.371599
57 26 -0.371599
57 27 -0.371599
57 28 -0.371599
57 29 -0.371599
57 30 -0.371599
57 31 -0.371599
57 32 -0.371599
57 33 -0.371599
57 34 -0.371599
57 35 -0.371599
57 36 -0.371599
57 37 -0.371599
57 38 -0.371599
57 39 -0.371599
57 40 -0.371599
57 41 -0.371600
57 42 -0.371600
57 43 -0.371600
57 44 -0.371600
57 45 -0.371600
57 46 -0.371600
57 47 -0.371600
57 48 -0.371600
57 49 -0.371600
57 50 -0.371600
57 51 -0.371600
57 52 -0.371600
57 53 -0.371600
57 54 -0.371600
57 55 -0.371600
57 56 -0.371600
57 57 -0.371600
57 58 -0.371600
57 59 -0.371600
57 60 -0.371600
57 61 -0.371600
57 62 -0.371600
57 63 -0.371600
58 0 -0.500321
58 1 -0.500321
58 2 -0.367682
58 3 -0.361168
58 4 -0.371397
58 5 -0.372418
58 6 -0.371654
58 7 -0.371536
58 8 -0.371591
58 9 -0.371603
58 10 -0.371599
58 11 -0.371598
58 12 -0.371599
58 13 -0.371599
58 14 -0.371599
58 15 -0.371599
58 16 -0.371599
58 17 -0.371599
58 18 -0.371599
58 19 -0.371599
58 20 -0.371599
58 21 -0.371599
58 22 -0.371599
58 23 -0.371600
58 24 -0.371600
58 25 -0.371600
58 26 -0.371600
58 27 -0.371600
58 28 -0.371600
58 29 -0.371600
58 30 -0.371600
58 31 -0.371600
58 32 -0.371600
58 33 -0.371600
58 34 -0.371600
58 35 -0.371600
58 36 -0.371600
58 37 -0.371600
58 38 -0.371600
58 39 -0.371600
58 40 -0.371600
58 41 -0.371600
58 42 -0.371600
58 43 -0.371600
58 44 -0.371600
58 45 -0.371600
58 46 -0.371600
58 47 -0.371600
58 48 -0.371600
58 49 -0.371600
58 50 -0.371600
58 51 -0.371600
58 52 -0.371600
58 53 -0.371600
58 54 -0.371600
58 55 -0.371600
58 56 -0.371600
58 57 -0.371600
58 58 -0.371600
58 59 -0.371600
58 60 -0.371600
58 61 -0.371600
58 62 -0.371600
58 63 -0.371600
59 0 -0.500321
59 1 -0.500321
59 2 -0.367683
59 3 -0.361168
59 4 -0.371397
59 5 -0.372418
59 6 -0.371655
59 7 -0.371536
59 8 -0.371591
59 9 -0.371603
59 10 -0.371600
59 11 -0.371599
59 12 -0.371599
59 13 -0.371599
59 14 -0.371599
59 15 -0.371599
59 16 -0.371600
59 17 -0.371600
59 18 -0.371600
59 19 -0.371600
59 20 -0.371600
59 21 -0.371600
59 22 -0.371600
59 23 -0.371600
59 24 -0.371600
59 25 -0.371600
59 26 -0.371600
59 27 -0.371600
59 28 -0.371600
59 29 -0.371600
59 30 -0.371600
59 31 -0.371600
59 32 -0.371600
59 33 -0.371600
59 34 -0.371601
59 35 -0.371601
59 36 -0.371601
59 37 -0.371601
59 38 -0.371601
59 39 -0.371601
59 40 -0.371601
59 41 -0.371601
59 42 -0.371601
59 43 -0.371601
59 44 -0.371601
59 45 -0.371601
59 46 -0.371601
59 47 -0.371601
59 48 -0.371601
59 49 -0.371601
59 50 -0.371601
59 51 -0.371601
59 52 -0.371601
59 53 -0.371601
59 54 -0.371601
59 55 -0.371601
59 56 -0.371601
59 57 -0.371601
59 58 -0.371601
59 59 -0.371601
59 60 -0.371601
59 61 -0.371601
59 62 -0.371601
59 63 -0.371601
60 0 -0.500321
60 1 -0.500321
60 2 -0.367683
60 3 -0.361168
60 4 -0.371398
60 5 -0.372418
60 6 -0.371655
60 7 -0.371536
60 8 -0.371592
60 9 -0.371604
60 10 -0.371600
60 11 -0.371599
60 12 -0.371599
60 13 -0.371600
60 14 -0.371600
60 15 -0.371600
60 16 -0.371600
60 17 -0.371600
60 18 -0.371600
60 19 -0.371600
60 20 -0.371600
60 21 -0.371600
60 22 -0.371601
60 23 -0.371601
60 24 -0.371601
60 25 -0.371601
60 26 -0.371601
60 27 -0.371601
60 28 -0.371601
60 29 -0.371601
60 30 -0.371601
60 31 -0.371601
60 32 -0.371601
60 33 -0.371601
60 34 -0.371601
60 35 -0.371601
60 36 -0.371601
60 37 -0.371601
60 38 -0.371601
60 39 -0.371601
60 40 -0.371601
60 41 -0.371601
60 42 -0.371601
60 43 -0.371601
60 44 -0.371601
60 45 -0.371601
60 46 -0.371601
60 47 -0.371601
60 48 -0.371601
60 49 -0.371601
60 50 -0.371602
60 51 -0.371602
60 52 -0.371602
60 53 -0.371602
60 54 -0.371602
60 55 -0.371602
60 56 -0.371602
60 57 -0.371602
60 58 -0.371602
60 59 -0.371602
60 60 -0.371602
60 61 -0.371602
60 62 -0.371602
60 63 -0.371602
61 0 -0.500321
61 1 -0.500321
61 2 -0.367683
61 3 -0.361169
61 4 -0.371398
61 5 -0.372419
61 6 -0.371655
61 7 -0.371537
61 8 -0.371592
61 9 -0.371604
61 10 -0.371601
61 11 -0.371600
61 12 -0.371600
61 13 -0.371600
61 14 -0.371600
61 15 -0.371600
61 16 -0.371600
61 17 -0.371601
61 18 -0.371601
61 19 -0.371601
61 20 -0.371601
61 21 -0.371601
61 22 -0.371601
61 23 -0.371601
61 24 -0.371601
61 25 -0.371601
61 26 -0.371601
61 27 -0.371601
61 28 -0.371601
61 29 -0.371602
61 30 -0.371602
61 31 -0.371602
61 32 -0.371602
61 33 -0.371602
61 34 -0.371602
61 35 -0.371602
61 36 -0.371602
61 37 -0.371602
61 38 -0.371602
61 39 -0.371602
61 40 -0.371602
61 41 -0.371602
61 42 -0.371602
61 43 -0.371602
61 44 -0.371602
61 45 -0.371602
61 46 -0.371602
61 47 -0.371602
61 48 -0.371602
61 49 -0.371602
61 50 -0.371602
61 51 -0.371602
61 52 -0.371602
61 53 -0.371602
61 54 -0.371602
61 55 -0.371602
61 56 -0.371602
61 57 -0.371602
61 58 -0.371602
61 59 -0.371602
61 60 -0.371602
61 61 -0.371602
61 62 -0.371602
61 63 -0.371602
62 0 -0.500322
62 1 -0.500322
62 2 -0.367683
62 3 -0.361169
62 4 -0.371398
62 5 -0.372419
62 6 -0.371656
62 7 -0.371537
62 8 -0.371592
62 9 -0.371605
62 10 -0.371601
62 11 -0.371600
62 12 -0.371600
62 13 -0.371601
62 14 -0.371601
62 15 -0.371601
62 16 -0.371601
62 17 -0.371601
62 18 -0.371601
62 19 -0.371601
62 20 -0.371601
62 21 -0.371602
62 22 -0.371602
62 23 -0.371602
62 24 -0.371602
62 25 -0.371602
62 26 -0.371602
62 27 -0.371602
62 28 -0.371602
62 29 -0.371602
62 30 -0.371602
62 31 -0.371602
62 32 -0.371602
62 33 -0.371602
62 34 -0.371602
62 35 -0.371602
62 36 -0.371603
62 37 -0.371603
62 38 -0.371603
62 39 -0.371603
62 40 -0.371603
62 41 -0.371603
62 42 -0.371603
62 43 -0.371603
62 44 -0.371603
62 45 -0.371603
62 46 -0.371603
62 47 -0.371603
62 48 -0.371603
62 49 -0.371603
62 50 -0.371603
62 51 -0.371603
62 52 -0.371603
62 53 -0.371603
62 54 -0.371603
62 55 -0.371603
62 56 -0.371603
62 57 -0.371603
62 58 -0.371603
62 59 -0.371603
62 60 -0.371603
62 61 -0.371603
62 62 -0.371603
62 63 -0.371603
63 0 0.000000
63 1 0.000000
63 2 0.000000
63 3 0.000000
63 4 0.000000
63 5 0.000000
63 6 0.000000
63 7 0.000000
63 8 0.000000
63 9 0.000000
63 10 0.000000
63 11 0.000000
63 12 0.000000
63 13 0.000000
63 14 0.000000
63 15 0.000000
63 16 0.000000
63 17 0.000000
63 18 0.000000
63 19 0.000000
63 20 0.000000
63 21 0.000000
63 22 0.000000
63 23 0.000000
63 24 0.000000
63 25 0.000000
63 26 0.000000
63 27 0.000000
63 28 0.000000
63 29 0.000000
63 30 0.000000
63 31 0.000000
63 32 0.000000
63 33 0.000000
63 34 0.000000
63 35 0.000000
63 36 0.000000
63 37 0.000000
63 38 0.000000
63 39 0.000000
63 40 0.000000
63 41 0.000000
63 42 0.000000
63 43 0.000000
63 44 0.000000
63 45 0.000000
63 46 0.000000
63 47 0.000000
63 48 0.000000
63 49 0.000000
63 50 0.000000
63 51 0.000000
63 52 0.000000
63 53 0.000000
63 54 0.000000
63 55 0.000000
63 56 0.000000
63 57 0.000000
63 58 0.000000
63 59 0.000000
63 60 0.000000
63 61 0.000000
63 62 0.000000
63 63 0.000000
