0 0 0.000000
0 1 0.000000
0 2 0.000000
0 3 0.000000
0 4 0.000000
0 5 0.000000
0 6 0.000000
0 7 0.000000
0 8 0.000000
0 9 0.000000
0 10 0.000000
0 11 0.000000
0 12 0.000000
0 13 0.000000
0 14 0.000000
0 15 0.000000
0 16 0.000000
0 17 0.000000
0 18 0.000000
0 19 0.000000
0 20 0.000000
0 21 0.000000
0 22 0.000000
0 23 0.000000
0 24 0.000000
0 25 0.000000
0 26 0.000000
0 27 0.000000
0 28 0.000000
0 29 0.000000
0 30 0.000000
0 31 0.000000
0 32 0.000000
0 33 0.000000
0 34 0.000000
0 35 0.000000
0 36 0.000000
0 37 0.000000
0 38 0.000000
0 39 0.000000
0 40 0.000000
0 41 0.000000
0 42 0.000000
0 43 0.000000
0 44 0.000000
0 45 0.000000
0 46 0.000000
0 47 0.000000
0 48 0.000000
0 49 0.000000
0 50 0.000000
0 51 0.000000
0 52 0.000000
0 53 0.000000
0 54 0.000000
0 55 0.000000
0 56 0.000000
0 57 0.000000
0 58 0.000000
0 59 0.000000
0 60 0.000000
0 61 0.000000
0 62 0.000000
0 63 0.000000
1 0 -0.567668
1 1 -0.567668
1 2 -0.417094
1 3 -0.409695
1 4 -0.421314
1 5 -0.422474
1 6 -0.421606
1 7 -0.421472
1 8 -0.421534
1 9 -0.421548
1 10 -0.421544
1 11 -0.421543
1 12 -0.421543
1 13 -0.421544
1 14 -0.421544
1 15 -0.421544
1 16 -0.421544
1 17 -0.421544
1 18 -0.421544
1 19 -0.421544
1 20 -0.421545
1 21 -0.421545
1 22 -0.421545
1 23 -0.421545
1 24 -0.421545
1 25 -0.421545
1 26 -0.421545
1 27 -0.421545
1 28 -0.421545
1 29 -0.421545
1 30 -0.421546
1 31 -0.421546
1 32 -0.421546
1 33 -0.421546
1 34 -0.421546
1 35 -0.421546
1 36 -0.421546
1 37 -0.421546
1 38 -0.421546
1 39 -0.421546
1 40 -0.421546
1 41 -0.421546
1 42 -0.421546
1 43 -0.421546
1 44 -0.421546
1 45 -0.421546
1 46 -0.421546
1 47 -0.421546
1 48 -0.421546
1 49 -0.421546
1 50 -0.421546
1 51 -0.421546
1 52 -0.421546
1 53 -0.421546
1 54 -0.421546
1 55 -0.421546
1 56 -0.421546
1 57 -0.421546
1 58 -0.421547
1 59 -0.421547
1 60 -0.421547
1 61 -0.421547
1 62 -0.421547
1 63 -0.421547
2 0 -0.567668
2 1 -0.567668
2 2 -0.417094
2 3 -0.409695
2 4 -0.421314
2 5 -0.422473
2 6 -0.421606
2 7 -0.421471
2 8 -0.421534
2 9 -0.421548
2 10 -0.421544
2 11 -0.421543
2 12 -0.421543
2 13 -0.421543
2 14 -0.421543
2 15 -0.421543
2 16 -0.421544
2 17 -0.421544
2 18 -0.421544
2 19 -0.421544
2 20 -0.421544
2 21 -0.421544
2 22 -0.421544
2 23 -0.421544
2 24 -0.421544
2 25 -0.421545
2 26 -0.421545
2 27 -0.421545
2 28 -0.421545
2 29 -0.421545
2 30 -0.421545
2 31 -0.421545
2 32 -0.421545
2 33 -0.421545
2 34 -0.421545
2 35 -0.421545
2 36 -0.421545
2 37 -0.421545
2 38 -0.421545
2 39 -0.421545
2 40 -0.421545
2 41 -0.421545
2 42 -0.421545
2 43 -0.421546
2 44 -0.421546
2 45 -0.421546
2 46 -0.421546
2 47 -0.421546
2 48 -0.421546
2 49 -0.421546
2 50 -0.421546
2 51 -0.421546
2 52 -0.421546
2 53 -0.421546
2 54 -0.421546
2 55 -0.421546
2 56 -0.421546
2 57 -0.421546
2 58 -0.421546
2 59 -0.421546
2 60 -0.421546
2 61 -0.421546
2 62 -0.421546
2 63 -0.421546
3 0 -0.567668
3 1 -0.567668
3 2 -0.417094
3 3 -0.409695
3 4 -0.421313
3 5 -0.422473
3 6 -0.421606
3 7 -0.421471
3 8 -0.421534
3 9 -0.421547
3 10 -0.421543
3 11 -0.421542
3 12 -0.421543
3 13 -0.421543
3 14 -0.421543
3 15 -0.421543
3 16 -0.421543
3 17 -0.421543
3 18 -0.421543
3 19 -0.421543
3 20 -0.421544
3 21 -0.421544
3 22 -0.421544
3 23 -0.421544
3 24 -0.421544
3 25 -0.421544
3 26 -0.421544
3 27 -0.421544
3 28 -0.421544
3 29 -0.421544
3 30 -0.421544
3 31 -0.421544
3 32 -0.421544
3 33 -0.421544
3 34 -0.421544
3 35 -0.421545
3 36 -0.421545
3 37 -0.421545
3 38 -0.421545
3 39 -0.421545
3 40 -0.421545
3 41 -0.421545
3 42 -0.421545
3 43 -0.421545
3 44 -0.421545
3 45 -0.421545
3 46 -0.421545
3 47 -0.421545
3 48 -0.421545
3 49 -0.421545
3 50 -0.421545
3 51 -0.421545
3 52 -0.421545
3 53 -0.421545
3 54 -0.421545
3 55 -0.421545
3 56 -0.421545
3 57 -0.421545
3 58 -0.421545
3 59 -0.421545
3 60 -0.421545
3 61 -0.421545
3 62 -0.421545
3 63 -0.421545
4 0 -0.567667
4 1 -0.567667
4 2 -0.417094
4 3 -0.409695
4 4 -0.421313
4 5 -0.422473
4 6 -0.421605
4 7 -0.421471
4 8 -0.421533
4 9 -0.421547
4 10 -0.421543
4 11 -0.421542
4 12 -0.421542
4 13 -0.421542
4 14 -0.421542
4 15 -0.421543
4 16 -0.421543
4 17 -0.421543
4 18 -0.421543
4 19 -0.421543
4 20 -0.421543
4 21 -0.421543
4 22 -0.421543
4 23 -0.421543
4 24 -0.421543
4 25 -0.421543
4 26 -0.421543
4 27 -0.421544
4 28 -0.421544
4 29 -0.421544
4 30 -0.421544
4 31 -0.421544
4 32 -0.421544
4 33 -0.421544
4 34 -0.421544
4 35 -0.421544
4 36 -0.421544
4 37 -0.421544
4 38 -0.421544
4 39 -0.421544
4 40 -0.421544
4 41 -0.421544
4 42 -0.421544
4 43 -0.421544
4 44 -0.421544
4 45 -0.421544
4 46 -0.421544
4 47 -0.421544
4 48 -0.421544
4 49 -0.421544
4 50 -0.421544
4 51 -0.421544
4 52 -0.421544
4 53 -0.421544
4 54 -0.421544
4 55 -0.421544
4 56 -0.421544
4 57 -0.421544
4 58 -0.421544
4 59 -0.421544
4 60 -0.421544
4 61 -0.421544
4 62 -0.421544
4 63 -0.421544
5 0 -0.567667
5 1 -0.567667
5 2 -0.417093
5 3 -0.409694
5 4 -0.421313
5 5 -0.422473
5 6 -0.421605
5 7 -0.421470
5 8 -0.421533
5 9 -0.421547
5 10 -0.421543
5 11 -0.421541
5 12 -0.421542
5 13 -0.421542
5 14 -0.421542
5 15 -0.421542
5 16 -0.421542
5 17 -0.421542
5 18 -0.421542
5 19 -0.421542
5 20 -0.421543
5 21 -0.421543
5 22 -0.421543
5 23 -0.421543
5 24 -0.421543
5 25 -0.421543
5 26 -0.421543
5 27 -0.421543
5 28 -0.421543
5 29 -0.421543
5 30 -0.421543
5 31 -0.421543
5 32 -0.421543
5 33 -0.421543
5 34 -0.421543
5 35 -0.421543
5 36 -0.421543
5 37 -0.421543
5 38 -0.421543
5 39 -0.421543
5 40 -0.421543
5 41 -0.421544
5 42 -0.421544
5 43 -0.421544
5 44 -0.421544
5 45 -0.421544
5 46 -0.421544
5 47 -0.421544
5 48 -0.421544
5 49 -0.421544
5 50 -0.421544
5 51 -0.421544
5 52 -0.421544
5 53 -0.421544
5 54 -0.421544
5 55 -0.421544
5 56 -0.421544
5 57 -0.421544
5 58 -0.421544
5 59 -0.421544
5 60 -0.421544
5 61 -0.421544
5 62 -0.421544
5 63 -0.421544
6 0 -0.567667
6 1 -0.567667
6 2 -0.417093
6 3 -0.409694
6 4 -0.421312
6 5 -0.422472
6 6 -0.421605
6 7 -0.421470
6 8 -0.421533
6 9 -0.421546
6 10 -0.421542
6 11 -0.421541
6 12 -0.421541
6 13 -0.421542
6 14 -0.421542
6 15 -0.421542
6 16 -0.421542
6 17 -0.421542
6 18 -0.421542
6 19 -0.421542
6 20 -0.421542
6 21 -0.421542
6 22 -0.421542
6 23 -0.421542
6 24 -0.421542
6 25 -0.421542
6 26 -0.421542
6 27 -0.421542
6 28 -0.421543
6 29 -0.421543
6 30 -0.421543
6 31 -0.421543
6 32 -0.421543
6 33 -0.421543
6 34 -0.421543
6 35 -0.421543
6 36 -0.421543
6 37 -0.421543
6 38 -0.421543
6 39 -0.421543
6 40 -0.421543
6 41 -0.421543
6 42 -0.421543
6 43 -0.421543
6 44 -0.421543
6 45 -0.421543
6 46 -0.421543
6 47 -0.421543
6 48 -0.421543
6 49 -0.421543
6 50 -0.421543
6 51 -0.421543
6 52 -0.421543
6 53 -0.421543
6 54 -0.421543
6 55 -0.421543
6 56 -0.421543
6 57 -0.421543
6 58 -0.421543
6 59 -0.421543
6 60 -0.421543
6 61 -0.421543
6 62 -0.421543
6 63 -0.421543
7 0 -0.567667
7 1 -0.567667
7 2 -0.417093
7 3 -0.409694
7 4 -0.421312
7 5 -0.422472
7 6 -0.421605
7 7 -0.421470
7 8 -0.421532
7 9 -0.421546
7 10 -0.421542
7 11 -0.421541
7 12 -0.421541
7 13 -0.421541
7 14 -0.421541
7 15 -0.421541
7 16 -0.421541
7 17 -0.421541
7 18 -0.421542
7 19 -0.421542
7 20 -0.421542
7 21 -0.421542
7 22 -0.421542
7 23 -0.421542
7 24 -0.421542
7 25 -0.421542
7 26 -0.421542
7 27 -0.421542
7 28 -0.421542
7 29 -0.421542
7 30 -0.421542
7 31 -0.421542
7 32 -0.421542
7 33 -0.421542
7 34 -0.421542
7 35 -0.421542
7 36 -0.421542
7 37 -0.421542
7 38 -0.421542
7 39 -0.421542
7 40 -0.421542
7 41 -0.421542
7 42 -0.421542
7 43 -0.421542
7 44 -0.421542
7 45 -0.421542
7 46 -0.421542
7 47 -0.421542
7 48 -0.421542
7 49 -0.421542
7 50 -0.421542
7 51 -0.421542
7 52 -0.421542
7 53 -0.421543
7 54 -0.421543
7 55 -0.421543
7 56 -0.421543
7 57 -0.421543
7 58 -0.421543
7 59 -0.421543
7 60 -0.421543
7 61 -0.421543
7 62 -0.421543
7 63 -0.421543
8 0 -0.567667
8 1 -0.567667
8 2 -0.417093
8 3 -0.409694
8 4 -0.421312
8 5 -0.422472
8 6 -0.421604
8 7 -0.421470
8 8 -0.421532
8 9 -0.421546
8 10 -0.421542
8 11 -0.421540
8 12 -0.421541
8 13 -0.421541
8 14 -0.421541
8 15 -0.421541
8 16 -0.421541
8 17 -0.421541
8 18 -0.421541
8 19 -0.421541
8 20 -0.421541
8 21 -0.421541
8 22 -0.421541
8 23 -0.421541
8 24 -0.421541
8 25 -0.421541
8 26 -0.421541
8 27 -0.421541
8 28 -0.421542
8 29 -0.421542
8 30 -0.421542
8 31 -0.421542
8 32 -0.421542
8 33 -0.421542
8 34 -0.421542
8 35 -0.421542
8 36 -0.421542
8 37 -0.421542
8 38 -0.421542
8 39 -0.421542
8 40 -0.421542
8 41 -0.421542
8 42 -0.421542
8 43 -0.421542
8 44 -0.421542
8 45 -0.421542
8 46 -0.421542
8 47 -0.421542
8 48 -0.421542
8 49 -0.421542
8 50 -0.421542
8 51 -0.421542
8 52 -0.421542
8 53 -0.421542
8 54 -0.421542
8 55 -0.421542
8 56 -0.421542
8 57 -0.421542
8 58 -0.421542
8 59 -0.421542
8 60 -0.421542
8 61 -0.421542
8 62 -0.421542
8 63 -0.421542
9 0 -0.567666
9 1 -0.567666
9 2 -0.417093
9 3 -0.409693
9 4 -0.421312
9 5 -0.422472
9 6 -0.421604
9 7 -0.421469
9 8 -0.421532
9 9 -0.421546
9 10 -0.421541
9 11 -0.421540
9 12 -0.421540
9 13 -0.421541
9 14 -0.421541
9 15 -0.421541
9 16 -0.421541
9 17 -0.421541
9 18 -0.421541
9 19 -0.421541
9 20 -0.421541
9 21 -0.421541
9 22 -0.421541
9 23 -0.421541
9 24 -0.421541
9 25 -0.421541
9 26 -0.421541
9 27 -0.421541
9 28 -0.421541
9 29 -0.421541
9 30 -0.421541
9 31 -0.421541
9 32 -0.421541
9 33 -0.421541
9 34 -0.421541
9 35 -0.421541
9 36 -0.421541
9 37 -0.421541
9 38 -0.421541
9 39 -0.421541
9 40 -0.421541
9 41 -0.421541
9 42 -0.421541
9 43 -0.421541
9 44 -0.421541
9 45 -0.421541
9 46 -0.421541
9 47 -0.421541
9 48 -0.421541
9 49 -0.421541
9 50 -0.421541
9 51 -0.421541
9 52 -0.421541
9 53 -0.421541
9 54 -0.421541
9 55 -0.421541
9 56 -0.421541
9 57 -0.421541
9 58 -0.421541
9 59 -0.421541
9 60 -0.421541
9 61 -0.421541
9 62 -0.421541
9 63 -0.421541
10 0 -0.567666
10 1 -0.567666
10 2 -0.417092
10 3 -0.409693
10 4 -0.421312
10 5 -0.422471
10 6 -0.421604
10 7 -0.421469
10 8 -0.421531
10 9 -0.421545
10 10 -0.421541
10 11 -0.421540
10 12 -0.421540
10 13 -0.421540
10 14 -0.421540
10 15 -0.421540
10 16 -0.421540
10 17 -0.421540
10 18 -0.421540
10 19 -0.421540
10 20 -0.421540
10 21 -0.421540
10 22 -0.421540
10 23 -0.421541
10 24 -0.421541
10 25 -0.421541
10 26 -0.421541
10 27 -0.421541
10 28 -0.421541
10 29 -0.421541
10 30 -0.421541
10 31 -0.421541
10 32 -0.421541
10 33 -0.421541
10 34 -0.421541
10 35 -0.421541
10 36 -0.421541
10 37 -0.421541
10 38 -0.421541
10 39 -0.421541
10 40 -0.421541
10 41 -0.421541
10 42 -0.421541
10 43 -0.421541
10 44 -0.421541
10 45 -0.421541
10 46 -0.421541
10 47 -0.421541
10 48 -0.421541
10 49 -0.421541
10 50 -0.421541
10 51 -0.421541
10 52 -0.421541
10 53 -0.421541
10 54 -0.421541
10 55 -0.421541
10 56 -0.421541
10 57 -0.421541
10 58 -0.421541
10 59 -0.421541
10 60 -0.421541
10 61 -0.421541
10 62 -0.421541
10 63 -0.421541
11 0 -0.567666
11 1 -0.567666
11 2 -0.417092
11 3 -0.409693
11 4 -0.421311
11 5 -0.422471
11 6 -0.421604
11 7 -0.421469
11 8 -0.421531
11 9 -0.421545
11 10 -0.421541
11 11 -0.421539
11 12 -0.421540
11 13 -0.421540
11 14 -0.421540
11 15 -0.421540
11 16 -0.421540
11 17 -0.421540
11 18 -0.421540
11 19 -0.421540
11 20 -0.421540
11 21 -0.421540
11 22 -0.421540
11 23 -0.421540
11 24 -0.421540
11 25 -0.421540
11 26 -0.421540
11 27 -0.421540
11 28 -0.421540
11 29 -0.421540
11 30 -0.421540
11 31 -0.421540
11 32 -0.421540
11 33 -0.421540
11 34 -0.421540
11 35 -0.421540
11 36 -0.421540
11 37 -0.421540
11 38 -0.421540
11 39 -0.421540
11 40 -0.421540
11 41 -0.421540
11 42 -0.421540
11 43 -0.421540
11 44 -0.421540
11 45 -0.421540
11 46 -0.421540
11 47 -0.421540
11 48 -0.421540
11 49 -0.421540
11 50 -0.421540
11 51 -0.421540
11 52 -0.421540
11 53 -0.421540
11 54 -0.421540
11 55 -0.421540
11 56 -0.421540
11 57 -0.421540
11 58 -0.421540
11 59 -0.421540
11 60 -0.421540
11 61 -0.421540
11 62 -0.421540
11 63 -0.421540
12 0 -0.567666
12 1 -0.567666
12 2 -0.417092
12 3 -0.409693
12 4 -0.421311
12 5 -0.422471
12 6 -0.421603
12 7 -0.421469
12 8 -0.421531
12 9 -0.421545
12 10 -0.421541
12 11 -0.421539
12 12 -0.421540
12 13 -0.421540
12 14 -0.421540
12 15 -0.421540
12 16 -0.421540
12 17 -0.421540
12 18 -0.421540
12 19 -0.421540
12 20 -0.421540
12 21 -0.421540
12 22 -0.421540
12 23 -0.421540
12 24 -0.421540
12 25 -0.421540
12 26 -0.421540
12 27 -0.421540
12 28 -0.421540
12 29 -0.421540
12 30 -0.421540
12 31 -0.421540
12 32 -0.421540
12 33 -0.421540
12 34 -0.421540
12 35 -0.421540
12 36 -0.421540
12 37 -0.421540
12 38 -0.421540
12 39 -0.421540
12 40 -0.421540
12 41 -0.421540
12 42 -0.421540
12 43 -0.421540
12 44 -0.421540
12 45 -0.421540
12 46 -0.421540
12 47 -0.421540
12 48 -0.421540
12 49 -0.421540
12 50 -0.421540
12 51 -0.421540
12 52 -0.421540
12 53 -0.421540
12 54 -0.421540
12 55 -0.421540
12 56 -0.421540
12 57 -0.421540
12 58 -0.421540
12 59 -0.421540
12 60 -0.421540
12 61 -0.421540
12 62 -0.421540
12 63 -0.421540
13 0 -0.567666
13 1 -0.567666
13 2 -0.417092
13 3 -0.409693
13 4 -0.421311
13 5 -0.422471
13 6 -0.421603
13 7 -0.421468
13 8 -0.421531
13 9 -0.421545
13 10 -0.421540
13 11 -0.421539
13 12 -0.421539
13 13 -0.421539
13 14 -0.421539
13 15 -0.421539
13 16 -0.421539
13 17 -0.421539
13 18 -0.421539
13 19 -0.421539
13 20 -0.421539
13 21 -0.421539
13 22 -0.421539
13 23 -0.421539
13 24 -0.421539
13 25 -0.421539
13 26 -0.421539
13 27 -0.421539
13 28 -0.421539
13 29 -0.421539
13 30 -0.421539
13 31 -0.421539
13 32 -0.421539
13 33 -0.421539
13 34 -0.421539
13 35 -0.421539
13 36 -0.421539
13 37 -0.421539
13 38 -0.421539
13 39 -0.421539
13 40 -0.421539
13 41 -0.421539
13 42 -0.421539
13 43 -0.421539
13 44 -0.421539
13 45 -0.421539
13 46 -0.421539
13 47 -0.421539
13 48 -0.421539
13 49 -0.421539
13 50 -0.421539
13 51 -0.421539
13 52 -0.421539
13 53 -0.421539
13 54 -0.421539
13 55 -0.421539
13 56 -0.421539
13 57 -0.421539
13 58 -0.421539
13 59 -0.421539
13 60 -0.421539
13 61 -0.421539
13 62 -0.421539
13 63 -0.421539
14 0 -0.567666
14 1 -0.567666
14 2 -0.417092
14 3 -0.409693
14 4 -0.421311
14 5 -0.422471
14 6 -0.421603
14 7 -0.421468
14 8 -0.421531
14 9 -0.421544
14 10 -0.421540
14 11 -0.421539
14 12 -0.421539
14 13 -0.421539
14 14 -0.421539
14 15 -0.421539
14 16 -0.421539
14 17 -0.421539
14 18 -0.421539
14 19 -0.421539
14 20 -0.421539
14 21 -0.421539
14 22 -0.421539
14 23 -0.421539
14 24 -0.421539
14 25 -0.421539
14 26 -0.421539
14 27 -0.421539
14 28 -0.421539
14 29 -0.421539
14 30 -0.421539
14 31 -0.421539
14 32 -0.421539
14 33 -0.421539
14 34 -0.421539
14 35 -0.421539
14 36 -0.421539
14 37 -0.421539
14 38 -0.421539
14 39 -0.421539
14 40 -0.421539
14 41 -0.421539
14 42 -0.421539
14 43 -0.421539
14 44 -0.421539
14 45 -0.421539
14 46 -0.421539
14 47 -0.421539
14 48 -0.421539
14 49 -0.421539
14 50 -0.421539
14 51 -0.421539
14 52 -0.421539
14 53 -0.421539
14 54 -0.421539
14 55 -0.421539
14 56 -0.421539
14 57 -0.421539
14 58 -0.421539
14 59 -0.421539
14 60 -0.421539
14 61 -0.421539
14 62 -0.421539
14 63 -0.421539
15 0 -0.567665
15 1 -0.567665
15 2 -0.417092
15 3 -0.409692
15 4 -0.421311
15 5 -0.422470
15 6 -0.421603
15 7 -0.421468
15 8 -0.421530
15 9 -0.421544
15 10 -0.421540
15 11 -0.421539
15 12 -0.421539
15 13 -0.421539
15 14 -0.421539
15 15 -0.421539
15 16 -0.421539
15 17 -0.421539
15 18 -0.421539
15 19 -0.421539
15 20 -0.421539
15 21 -0.421539
15 22 -0.421539
15 23 -0.421539
15 24 -0.421539
15 25 -0.421539
15 26 -0.421539
15 27 -0.421539
15 28 -0.421539
15 29 -0.421539
15 30 -0.421539
15 31 -0.421539
15 32 -0.421539
15 33 -0.421539
15 34 -0.421539
15 35 -0.421539
15 36 -0.421539
15 37 -0.421539
15 38 -0.421539
15 39 -0.421539
15 40 -0.421539
15 41 -0.421539
15 42 -0.421539
15 43 -0.421539
15 44 -0.421539
15 45 -0.421539
15 46 -0.421539
15 47 -0.421539
15 48 -0.421539
15 49 -0.421539
15 50 -0.421539
15 51 -0.421539
15 52 -0.421539
15 53 -0.421539
15 54 -0.421539
15 55 -0.421539
15 56 -0.421539
15 57 -0.421539
15 58 -0.421539
15 59 -0.421539
15 60 -0.421539
15 61 -0.421539
15 62 -0.421539
15 63 -0.421539
16 0 -0.567665
16 1 -0.567665
16 2 -0.417091
16 3 -0.409692
16 4 -0.421311
16 5 -0.422470
16 6 -0.421603
16 7 -0.421468
16 8 -0.421530
16 9 -0.421544
16 10 -0.421540
16 11 -0.421538
16 12 -0.421539
16 13 -0.421539
16 14 -0.421539
16 15 -0.421539
16 16 -0.421539
16 17 -0.421539
16 18 -0.421539
16 19 -0.421539
16 20 -0.421539
16 21 -0.421538
16 22 -0.421538
16 23 -0.421538
16 24 -0.421538
16 25 -0.421538
16 26 -0.421538
16 27 -0.421538
16 28 -0.421538
16 29 -0.421538
16 30 -0.421538
16 31 -0.421538
16 32 -0.421538
16 33 -0.421538
16 34 -0.421538
16 35 -0.421538
16 36 -0.421538
16 37 -0.421538
16 38 -0.421538
16 39 -0.421538
16 40 -0.421538
16 41 -0.421538
16 42 -0.421538
16 43 -0.421538
16 44 -0.421538
16 45 -0.421538
16 46 -0.421538
16 47 -0.421538
16 48 -0.421538
16 49 -0.421538
16 50 -0.421538
16 51 -0.421538
16 52 -0.421538
16 53 -0.421538
16 54 -0.421538
16 55 -0.421538
16 56 -0.421538
16 57 -0.421538
16 58 -0.421538
16 59 -0.421538
16 60 -0.421538
16 61 -0.421538
16 62 -0.421538
16 63 -0.421538
17 0 -0.567665
17 1 -0.567665
17 2 -0.417091
17 3 -0.409692
17 4 -0.421310
17 5 -0.422470
17 6 -0.421603
17 7 -0.421468
17 8 -0.421530
17 9 -0.421544
17 10 -0.421539
17 11 -0.421538
17 12 -0.421538
17 13 -0.421538
17 14 -0.421538
17 15 -0.421538
17 16 -0.421538
17 17 -0.421538
17 18 -0.421538
17 19 -0.421538
17 20 -0.421538
17 21 -0.421538
17 22 -0.421538
17 23 -0.421538
17 24 -0.421538
17 25 -0.421538
17 26 -0.421538
17 27 -0.421538
17 28 -0.421538
17 29 -0.421538
17 30 -0.421538
17 31 -0.421538
17 32 -0.421538
17 33 -0.421538
17 34 -0.421538
17 35 -0.421538
17 36 -0.421538
17 37 -0.421538
17 38 -0.421538
17 39 -0.421538
17 40 -0.421538
17 41 -0.421538
17 42 -0.421538
17 43 -0.421538
17 44 -0.421538
17 45 -0.421538
17 46 -0.421538
17 47 -0.421538
17 48 -0.421538
17 49 -0.421538
17 50 -0.421538
17 51 -0.421538
17 52 -0.421538
17 53 -0.421538
17 54 -0.421538
17 55 -0.421538
17 56 -0.421538
17 57 -0.421538
17 58 -0.421538
17 59 -0.421538
17 60 -0.421538
17 61 -0.421538
17 62 -0.421538
17 63 -0.421538
18 0 -0.567665
18 1 -0.567665
18 2 -0.417091
18 3 -0.409692
18 4 -0.421310
18 5 -0.422470
18 6 -0.421602
18 7 -0.421467
18 8 -0.421530
18 9 -0.421544
18 10 -0.421539
18 11 -0.421538
18 12 -0.421538
18 13 -0.421538
18 14 -0.421538
18 15 -0.421538
18 16 -0.421538
18 17 -0.421538
18 18 -0.421538
18 19 -0.421538
18 20 -0.421538
18 21 -0.421538
18 22 -0.421538
18 23 -0.421538
18 24 -0.421538
18 25 -0.421538
18 26 -0.421538
18 27 -0.421538
18 28 -0.421538
18 29 -0.421538
18 30 -0.421538
18 31 -0.421538
18 32 -0.421538
18 33 -0.421538
18 34 -0.421538
18 35 -0.421538
18 36 -0.421538
18 37 -0.421538
18 38 -0.421538
18 39 -0.421538
18 40 -0.421538
18 41 -0.421538
18 42 -0.421538
18 43 -0.421538
18 44 -0.421538
18 45 -0.421538
18 46 -0.421538
18 47 -0.421538
18 48 -0.421538
18 49 -0.421538
18 50 -0.421538
18 51 -0.421538
18 52 -0.421538
18 53 -0.421538
18 54 -0.421538
18 55 -0.421538
18 56 -0.421538
18 57 -0.421538
18 58 -0.421538
18 59 -0.421538
18 60 -0.421538
18 61 -0.421538
18 62 -0.421538
18 63 -0.421538
19 0 -0.567665
19 1 -0.567665
19 2 -0.417091
19 3 -0.409692
19 4 -0.421310
19 5 -0.422470
19 6 -0.421602
19 7 -0.421467
19 8 -0.421530
19 9 -0.421543
19 10 -0.421539
19 11 -0.421538
19 12 -0.421538
19 13 -0.421538
19 14 -0.421538
19 15 -0.421538
19 16 -0.421538
19 17 -0.421538
19 18 -0.421538
19 19 -0.421538
19 20 -0.421538
19 21 -0.421538
19 22 -0.421538
19 23 -0.421538
19 24 -0.421538
19 25 -0.421538
19 26 -0.421538
19 27 -0.421538
19 28 -0.421538
19 29 -0.421538
19 30 -0.421538
19 31 -0.421538
19 32 -0.421538
19 33 -0.421537
19 34 -0.421537
19 35 -0.421537
19 36 -0.421537
19 37 -0.421537
19 38 -0.421537
19 39 -0.421537
19 40 -0.421537
19 41 -0.421537
19 42 -0.421537
19 43 -0.421537
19 44 -0.421537
19 45 -0.421537
19 46 -0.421537
19 47 -0.421537
19 48 -0.421537
19 49 -0.421537
19 50 -0.421537
19 51 -0.421537
19 52 -0.421537
19 53 -0.421537
19 54 -0.421537
19 55 -0.421537
19 56 -0.421537
19 57 -0.421537
19 58 -0.421537
19 59 -0.421537
19 60 -0.421537
19 61 -0.421537
19 62 -0.421537
19 63 -0.421537
20 0 -0.567665
20 1 -0.567665
20 2 -0.417091
20 3 -0.409692
20 4 -0.421310
20 5 -0.422470
20 6 -0.421602
20 7 -0.421467
20 8 -0.421530
20 9 -0.421543
20 10 -0.421539
20 11 -0.421538
20 12 -0.421538
20 13 -0.421538
20 14 -0.421538
20 15 -0.421538
20 16 -0.421538
20 17 -0.421538
20 18 -0.421538
20 19 -0.421538
20 20 -0.421538
20 21 -0.421538
20 22 -0.421538
20 23 -0.421537
20 24 -0.421537
20 25 -0.421537
20 26 -0.421537
20 27 -0.421537
20 28 -0.421537
20 29 -0.421537
20 30 -0.421537
20 31 -0.421537
20 32 -0.421537
20 33 -0.421537
20 34 -0.421537
20 35 -0.421537
20 36 -0.421537
20 37 -0.421537
20 38 -0.421537
20 39 -0.421537
20 40 -0.421537
20 41 -0.421537
20 42 -0.421537
20 43 -0.421537
20 44 -0.421537
20 45 -0.421537
20 46 -0.421537
20 47 -0.421537
20 48 -0.421537
20 49 -0.421537
20 50 -0.421537
20 51 -0.421537
20 52 -0.421537
20 53 -0.421537
20 54 -0.421537
20 55 -0.421537
20 56 -0.421537
20 57 -0.421537
20 58 -0.421537
20 59 -0.421537
20 60 -0.421537
20 61 -0.421537
20 62 -0.421537
20 63 -0.421537
21 0 -0.567665
21 1 -0.567665
21 2 -0.417091
21 3 -0.409692
21 4 -0.421310
21 5 -0.422470
21 6 -0.421602
21 7 -0.421467
21 8 -0.421529
21 9 -0.421543
21 10 -0.421539
21 11 -0.421537
21 12 -0.421538
21 13 -0.421538
21 14 -0.421538
21 15 -0.421538
21 16 -0.421538
21 17 -0.421538
21 18 -0.421537
21 19 -0.421537
21 20 -0.421537
21 21 -0.421537
21 22 -0.421537
21 23 -0.421537
21 24 -0.421537
21 25 -0.421537
21 26 -0.421537
21 27 -0.421537
21 28 -0.421537
21 29 -0.421537
21 30 -0.421537
21 31 -0.421537
21 32 -0.421537
21 33 -0.421537
21 34 -0.421537
21 35 -0.421537
21 36 -0.421537
21 37 -0.421537
21 38 -0.421537
21 39 -0.421537
21 40 -0.421537
21 41 -0.421537
21 42 -0.421537
21 43 -0.421537
21 44 -0.421537
21 45 -0.421537
21 46 -0.421537
21 47 -0.421537
21 48 -0.421537
21 49 -0.421537
21 50 -0.421537
21 51 -0.421537
21 52 -0.421537
21 53 -0.421537
21 54 -0.421537
21 55 -0.421537
21 56 -0.421537
21 57 -0.421537
21 58 -0.421537
21 59 -0.421537
21 60 -0.421537
21 61 -0.421537
21 62 -0.421537
21 63 -0.421537
22 0 -0.567665
22 1 -0.567665
22 2 -0.417091
22 3 -0.409692
22 4 -0.421310
22 5 -0.422470
22 6 -0.421602
22 7 -0.421467
22 8 -0.421529
22 9 -0.421543
22 10 -0.421539
22 11 -0.421537
22 12 -0.421538
22 13 -0.421538
22 14 -0.421538
22 15 -0.421537
22 16 -0.421537
22 17 -0.421537
22 18 -0.421537
22 19 -0.421537
22 20 -0.421537
22 21 -0.421537
22 22 -0.421537
22 23 -0.421537
22 24 -0.421537
22 25 -0.421537
22 26 -0.421537
22 27 -0.421537
22 28 -0.421537
22 29 -0.421537
22 30 -0.421537
22 31 -0.421537
22 32 -0.421537
22 33 -0.421537
22 34 -0.421537
22 35 -0.421537
22 36 -0.421537
22 37 -0.421537
22 38 -0.421537
22 39 -0.421537
22 40 -0.421537
22 41 -0.421537
22 42 -0.421537
22 43 -0.421537
22 44 -0.421537
22 45 -0.421537
22 46 -0.421537
22 47 -0.421537
22 48 -0.421537
22 49 -0.421537
22 50 -0.421537
22 51 -0.421537
22 52 -0.421537
22 53 -0.421537
22 54 -0.421537
22 55 -0.421537
22 56 -0.421537
22 57 -0.421537
22 58 -0.421537
22 59 -0.421537
22 60 -0.421537
22 61 -0.421537
22 62 -0.421537
22 63 -0.421537
23 0 -0.567665
23 1 -0.567665
23 2 -0.417091
23 3 -0.409692
23 4 -0.421310
23 5 -0.422469
23 6 -0.421602
23 7 -0.421467
23 8 -0.421529
23 9 -0.421543
23 10 -0.421539
23 11 -0.421537
23 12 -0.421537
23 13 -0.421537
23 14 -0.421537
23 15 -0.421537
23 16 -0.421537
23 17 -0.421537
23 18 -0.421537
23 19 -0.421537
23 20 -0.421537
23 21 -0.421537
23 22 -0.421537
23 23 -0.421537
23 24 -0.421537
23 25 -0.421537
23 26 -0.421537
23 27 -0.421537
23 28 -0.421537
23 29 -0.421537
23 30 -0.421537
23 31 -0.421537
23 32 -0.421537
23 33 -0.421537
23 34 -0.421537
23 35 -0.421537
23 36 -0.421537
23 37 -0.421537
23 38 -0.421537
23 39 -0.421536
23 40 -0.421536
23 41 -0.421536
23 42 -0.421536
23 43 -0.421536
23 44 -0.421536
23 45 -0.421536
23 46 -0.421536
23 47 -0.421536
23 48 -0.421536
23 49 -0.421536
23 50 -0.421536
23 51 -0.421536
23 52 -0.421536
23 53 -0.421536
23 54 -0.421536
23 55 -0.421536
23 56 -0.421536
23 57 -0.421536
23 58 -0.421536
23 59 -0.421536
23 60 -0.421536
23 61 -0.421536
23 62 -0.421536
23 63 -0.421536
24 0 -0.567665
24 1 -0.567665
24 2 -0.417091
24 3 -0.409692
24 4 -0.421310
24 5 -0.422469
24 6 -0.421602
24 7 -0.421467
24 8 -0.421529
24 9 -0.421543
24 10 -0.421538
24 11 -0.421537
24 12 -0.421537
24 13 -0.421537
24 14 -0.421537
24 15 -0.421537
24 16 -0.421537
24 17 -0.421537
24 18 -0.421537
24 19 -0.421537
24 20 -0.421537
24 21 -0.421537
24 22 -0.421537
24 23 -0.421537
24 24 -0.421537
24 25 -0.421537
24 26 -0.421537
24 27 -0.421537
24 28 -0.421537
24 29 -0.421537
24 30 -0.421537
24 31 -0.421537
24 32 -0.421536
24 33 -0.421536
24 34 -0.421536
24 35 -0.421536
24 36 -0.421536
24 37 -0.421536
24 38 -0.421536
24 39 -0.421536
24 40 -0.421536
24 41 -0.421536
24 42 -0.421536
24 43 -0.421536
24 44 -0.421536
24 45 -0.421536
24 46 -0.421536
24 47 -0.421536
24 48 -0.421536
24 49 -0.421536
24 50 -0.421536
24 51 -0.421536
24 52 -0.421536
24 53 -0.421536
24 54 -0.421536
24 55 -0.421536
24 56 -0.421536
24 57 -0.421536
24 58 -0.421536
24 59 -0.421536
24 60 -0.421536
24 61 -0.421536
24 62 -0.421536
24 63 -0.421536
25 0 -0.567664
25 1 -0.567664
25 2 -0.417091
25 3 -0.409691
25 4 -0.421310
25 5 -0.422469
25 6 -0.421602
25 7 -0.421467
25 8 -0.421529
25 9 -0.421543
25 10 -0.421538
25 11 -0.421537
25 12 -0.421537
25 13 -0.421537
25 14 -0.421537
25 15 -0.421537
25 16 -0.421537
25 17 -0.421537
25 18 -0.421537
25 19 -0.421537
25 20 -0.421537
25 21 -0.421537
25 22 -0.421537
25 23 -0.421537
25 24 -0.421537
25 25 -0.421537
25 26 -0.421537
25 27 -0.421536
25 28 -0.421536
25 29 -0.421536
25 30 -0.421536
25 31 -0.421536
25 32 -0.421536
25 33 -0.421536
25 34 -0.421536
25 35 -0.421536
25 36 -0.421536
25 37 -0.421536
25 38 -0.421536
25 39 -0.421536
25 40 -0.421536
25 41 -0.421536
25 42 -0.421536
25 43 -0.421536
25 44 -0.421536
25 45 -0.421536
25 46 -0.421536
25 47 -0.421536
25 48 -0.421536
25 49 -0.421536
25 50 -0.421536
25 51 -0.421536
25 52 -0.421536
25 53 -0.421536
25 54 -0.421536
25 55 -0.421536
25 56 -0.421536
25 57 -0.421536
25 58 -0.421536
25 59 -0.421536
25 60 -0.421536
25 61 -0.421536
25 62 -0.421536
25 63 -0.421536
26 0 -0.567664
26 1 -0.567664
26 2 -0.417091
26 3 -0.409691
26 4 -0.421310
26 5 -0.422469
26 6 -0.421602
26 7 -0.421467
26 8 -0.421529
26 9 -0.421543
26 10 -0.421538
26 11 -0.421537
26 12 -0.421537
26 13 -0.421537
26 14 -0.421537
26 15 -0.421537
26 16 -0.421537
26 17 -0.421537
26 18 -0.421537
26 19 -0.421537
26 20 -0.421537
26 21 -0.421537
26 22 -0.421537
26 23 -0.421537
26 24 -0.421537
26 25 -0.421536
26 26 -0.421536
26 27 -0.421536
26 28 -0.421536
26 29 -0.421536
26 30 -0.421536
26 31 -0.421536
26 32 -0.421536
26 33 -0.421536
26 34 -0.421536
26 35 -0.421536
26 36 -0.421536
26 37 -0.421536
26 38 -0.421536
26 39 -0.421536
26 40 -0.421536
26 41 -0.421536
26 42 -0.421536
26 43 -0.421536
26 44 -0.421536
26 45 -0.421536
26 46 -0.421536
26 47 -0.421536
26 48 -0.421536
26 49 -0.421536
26 50 -0.421536
26 51 -0.421536
26 52 -0.421536
26 53 -0.421536
26 54 -0.421536
26 55 -0.421536
26 56 -0.421536
26 57 -0.421536
26 58 -0.421536
26 59 -0.421536
26 60 -0.421536
26 61 -0.421536
26 62 -0.421536
26 63 -0.421536
27 0 -0.567664
27 1 -0.567664
27 2 -0.417091
27 3 -0.409691
27 4 -0.421310
27 5 -0.422469
27 6 -0.421602
27 7 -0.421467
27 8 -0.421529
27 9 -0.421543
27 10 -0.421538
27 11 -0.421537
27 12 -0.421537
27 13 -0.421537
27 14 -0.421537
27 15 -0.421537
27 16 -0.421537
27 17 -0.421537
27 18 -0.421537
27 19 -0.421537
27 20 -0.421537
27 21 -0.421537
27 22 -0.421537
27 23 -0.421536
27 24 -0.421536
27 25 -0.421536
27 26 -0.421536
27 27 -0.421536
27 28 -0.421536
27 29 -0.421536
27 30 -0.421536
27 31 -0.421536
27 32 -0.421536
27 33 -0.421536
27 34 -0.421536
27 35 -0.421536
27 36 -0.421536
27 37 -0.421536
27 38 -0.421536
27 39 -0.421536
27 40 -0.421536
27 41 -0.421536
27 42 -0.421536
27 43 -0.421536
27 44 -0.421536
27 45 -0.421536
27 46 -0.421536
27 47 -0.421536
27 48 -0.421536
27 49 -0.421536
27 50 -0.421536
27 51 -0.421536
27 52 -0.421536
27 53 -0.421536
27 54 -0.421536
27 55 -0.421536
27 56 -0.421536
27 57 -0.421536
27 58 -0.421536
27 59 -0.421536
27 60 -0.421536
27 61 -0.421536
27 62 -0.421536
27 63 -0.421536
28 0 -0.567664
28 1 -0.567664
28 2 -0.417091
28 3 -0.409691
28 4 -0.421310
28 5 -0.422469
28 6 -0.421602
28 7 -0.421467
28 8 -0.421529
28 9 -0.421543
28 10 -0.421538
28 11 -0.421537
28 12 -0.421537
28 13 -0.421537
28 14 -0.421537
28 15 -0.421537
28 16 -0.421537
28 17 -0.421537
28 18 -0.421537
28 19 -0.421537
28 20 -0.421537
28 21 -0.421536
28 22 -0.421536
28 23 -0.421536
28 24 -0.421536
28 25 -0.421536
28 26 -0.421536
28 27 -0.421536
28 28 -0.421536
28 29 -0.421536
28 30 -0.421536
28 31 -0.421536
28 32 -0.421536
28 33 -0.421536
28 34 -0.421536
28 35 -0.421536
28 36 -0.421536
28 37 -0.421536
28 38 -0.421536
28 39 -0.421536
28 40 -0.421536
28 41 -0.421536
28 42 -0.421536
28 43 -0.421536
28 44 -0.421536
28 45 -0.421536
28 46 -0.421536
28 47 -0.421536
28 48 -0.421536
28 49 -0.421536
28 50 -0.421536
28 51 -0.421536
28 52 -0.421536
28 53 -0.421536
28 54 -0.421536
28 55 -0.421536
28 56 -0.421536
28 57 -0.421536
28 58 -0.421536
28 59 -0.421536
28 60 -0.421536
28 61 -0.421536
28 62 -0.421536
28 63 -0.421536
29 0 -0.567664
29 1 -0.567664
29 2 -0.417091
29 3 -0.409691
29 4 -0.421310
29 5 -0.422469
29 6 -0.421601
29 7 -0.421466
29 8 -0.421529
29 9 -0.421543
29 10 -0.421538
29 11 -0.421537
29 12 -0.421537
29 13 -0.421537
29 14 -0.421537
29 15 -0.421537
29 16 -0.421537
29 17 -0.421537
29 18 -0.421537
29 19 -0.421537
29 20 -0.421536
29 21 -0.421536
29 22 -0.421536
29 23 -0.421536
29 24 -0.421536
29 25 -0.421536
29 26 -0.421536
29 27 -0.421536
29 28 -0.421536
29 29 -0.421536
29 30 -0.421536
29 31 -0.421536
29 32 -0.421536
29 33 -0.421536
29 34 -0.421536
29 35 -0.421536
29 36 -0.421536
29 37 -0.421536
29 38 -0.421536
29 39 -0.421536
29 40 -0.421536
29 41 -0.421536
29 42 -0.421536
29 43 -0.421536
29 44 -0.421536
29 45 -0.421536
29 46 -0.421536
29 47 -0.421536
29 48 -0.421536
29 49 -0.421536
29 50 -0.421536
29 51 -0.421536
29 52 -0.421536
29 53 -0.421536
29 54 -0.421536
29 55 -0.421536
29 56 -0.421536
29 57 -0.421536
29 58 -0.421536
29 59 -0.421536
29 60 -0.421535
29 61 -0.421535
29 62 -0.421535
29 63 -0.421535
30 0 -0.567664
30 1 -0.567664
30 2 -0.417091
30 3 -0.409691
30 4 -0.421309
30 5 -0.422469
30 6 -0.421601
30 7 -0.421466
30 8 -0.421529
30 9 -0.421542
30 10 -0.421538
30 11 -0.421537
30 12 -0.421537
30 13 -0.421537
30 14 -0.421537
30 15 -0.421537
30 16 -0.421537
30 17 -0.421537
30 18 -0.421537
30 19 -0.421536
30 20 -0.421536
30 21 -0.421536
30 22 -0.421536
30 23 -0.421536
30 24 -0.421536
30 25 -0.421536
30 26 -0.421536
30 27 -0.421536
30 28 -0.421536
30 29 -0.421536
30 30 -0.421536
30 31 -0.421536
30 32 -0.421536
30 33 -0.421536
30 34 -0.421536
30 35 -0.421536
30 36 -0.421536
30 37 -0.421536
30 38 -0.421536
30 39 -0.421536
30 40 -0.421536
30 41 -0.421536
30 42 -0.421536
30 43 -0.421536
30 44 -0.421536
30 45 -0.421536
30 46 -0.421536
30 47 -0.421536
30 48 -0.421536
30 49 -0.421536
30 50 -0.421536
30 51 -0.421535
30 52 -0.421535
30 53 -0.421535
30 54 -0.421535
30 55 -0.421535
30 56 -0.421535
30 57 -0.421535
30 58 -0.421535
30 59 -0.421535
30 60 -0.421535
30 61 -0.421535
30 62 -0.421535
30 63 -0.421535
31 0 -0.567664
31 1 -0.567664
31 2 -0.417091
31 3 -0.409691
31 4 -0.421309
31 5 -0.422469
31 6 -0.421601
31 7 -0.421466
31 8 -0.421529
31 9 -0.421542
31 10 -0.421538
31 11 -0.421537
31 12 -0.421537
31 13 -0.421537
31 14 -0.421537
31 15 -0.421537
31 16 -0.421537
31 17 -0.421537
31 18 -0.421537
31 19 -0.421536
31 20 -0.421536
31 21 -0.421536
31 22 -0.421536
31 23 -0.421536
31 24 -0.421536
31 25 -0.421536
31 26 -0.421536
31 27 -0.421536
31 28 -0.421536
31 29 -0.421536
31 30 -0.421536
31 31 -0.421536
31 32 -0.421536
31 33 -0.421536
31 34 -0.421536
31 35 -0.421536
31 36 -0.421536
31 37 -0.421536
31 38 -0.421536
31 39 -0.421536
31 40 -0.421536
31 41 -0.421536
31 42 -0.421536
31 43 -0.421536
31 44 -0.421536
31 45 -0.421536
31 46 -0.421536
31 47 -0.421536
31 48 -0.421536
31 49 -0.421535
31 50 -0.421535
31 51 -0.421535
31 52 -0.421535
31 53 -0.421535
31 54 -0.421535
31 55 -0.421535
31 56 -0.421535
31 57 -0.421535
31 58 -0.421535
31 59 -0.421535
31 60 -0.421535
31 61 -0.421535
31 62 -0.421535
31 63 -0.421535
32 0 -0.567664
32 1 -0.567664
32 2 -0.417091
32 3 -0.409691
32 4 -0.421309
32 5 -0.422469
32 6 -0.421601
32 7 -0.421466
32 8 -0.421529
32 9 -0.421542
32 10 -0.421538
32 11 -0.421537
32 12 -0.421537
32 13 -0.421537
32 14 -0.421537
32 15 -0.421537
32 16 -0.421537
32 17 -0.421537
32 18 -0.421537
32 19 -0.421536
32 20 -0.421536
32 21 -0.421536
32 22 -0.421536
32 23 -0.421536
32 24 -0.421536
32 25 -0.421536
32 26 -0.421536
32 27 -0.421536
32 28 -0.421536
32 29 -0.421536
32 30 -0.421536
32 31 -0.421536
32 32 -0.421536
32 33 -0.421536
32 34 -0.421536
32 35 -0.421536
32 36 -0.421536
32 37 -0.421536
32 38 -0.421536
32 39 -0.421536
32 40 -0.421536
32 41 -0.421536
32 42 -0.421536
32 43 -0.421536
32 44 -0.421536
32 45 -0.421536
32 46 -0.421536
32 47 -0.421536
32 48 -0.421535
32 49 -0.421535
32 50 -0.421535
32 51 -0.421535
32 52 -0.421535
32 53 -0.421535
32 54 -0.421535
32 55 -0.421535
32 56 -0.421535
32 57 -0.421535
32 58 -0.421535
32 59 -0.421535
32 60 -0.421535
32 61 -0.421535
32 62 -0.421535
32 63 -0.421535
33 0 -0.567664
33 1 -0.567664
33 2 -0.417091
33 3 -0.409691
33 4 -0.421309
33 5 -0.422469
33 6 -0.421601
33 7 -0.421466
33 8 -0.421529
33 9 -0.421542
33 10 -0.421538
33 11 -0.421537
33 12 -0.421537
33 13 -0.421537
33 14 -0.421537
33 15 -0.421537
33 16 -0.421537
33 17 -0.421537
33 18 -0.421537
33 19 -0.421536
33 20 -0.421536
33 21 -0.421536
33 22 -0.421536
33 23 -0.421536
33 24 -0.421536
33 25 -0.421536
33 26 -0.421536
33 27 -0.421536
33 28 -0.421536
33 29 -0.421536
33 30 -0.421536
33 31 -0.421536
33 32 -0.421536
33 33 -0.421536
33 34 -0.421536
33 35 -0.421536
33 36 -0.421536
33 37 -0.421536
33 38 -0.421536
33 39 -0.421536
33 40 -0.421536
33 41 -0.421536
33 42 -0.421536
33 43 -0.421536
33 44 -0.421536
33 45 -0.421536
33 46 -0.421536
33 47 -0.421536
33 48 -0.421536
33 49 -0.421535
33 50 -0.421535
33 51 -0.421535
33 52 -0.421535
33 53 -0.421535
33 54 -0.421535
33 55 -0.421535
33 56 -0.421535
33 57 -0.421535
33 58 -0.421535
33 59 -0.421535
33 60 -0.421535
33 61 -0.421535
33 62 -0.421535
33 63 -0.421535
34 0 -0.567664
34 1 -0.567664
34 2 -0.417091
34 3 -0.409691
34 4 -0.421309
34 5 -0.422469
34 6 -0.421601
34 7 -0.421466
34 8 -0.421529
34 9 -0.421542
34 10 -0.421538
34 11 -0.421537
34 12 -0.421537
34 13 -0.421537
34 14 -0.421537
34 15 -0.421537
34 16 -0.421537
34 17 -0.421537
34 18 -0.421537
34 19 -0.421537
34 20 -0.421536
34 21 -0.421536
34 22 -0.421536
34 23 -0.421536
34 24 -0.421536
34 25 -0.421536
34 26 -0.421536
34 27 -0.421536
34 28 -0.421536
34 29 -0.421536
34 30 -0.421536
34 31 -0.421536
34 32 -0.421536
34 33 -0.421536
34 34 -0.421536
34 35 -0.421536
34 36 -0.421536
34 37 -0.421536
34 38 -0.421536
34 39 -0.421536
34 40 -0.421536
34 41 -0.421536
34 42 -0.421536
34 43 -0.421536
34 44 -0.421536
34 45 -0.421536
34 46 -0.421536
34 47 -0.421536
34 48 -0.421536
34 49 -0.421536
34 50 -0.421536
34 51 -0.421536
34 52 -0.421535
34 53 -0.421535
34 54 -0.421535
34 55 -0.421535
34 56 -0.421535
34 57 -0.421535
34 58 -0.421535
34 59 -0.421535
34 60 -0.421535
34 61 -0.421535
34 62 -0.421535
34 63 -0.421535
35 0 -0.567664
35 1 -0.567664
35 2 -0.417091
35 3 -0.409691
35 4 -0.421310
35 5 -0.422469
35 6 -0.421601
35 7 -0.421466
35 8 -0.421529
35 9 -0.421543
35 10 -0.421538
35 11 -0.421537
35 12 -0.421537
35 13 -0.421537
35 14 -0.421537
35 15 -0.421537
35 16 -0.421537
35 17 -0.421537
35 18 -0.421537
35 19 -0.421537
35 20 -0.421536
35 21 -0.421536
35 22 -0.421536
35 23 -0.421536
35 24 -0.421536
35 25 -0.421536
35 26 -0.421536
35 27 -0.421536
35 28 -0.421536
35 29 -0.421536
35 30 -0.421536
35 31 -0.421536
35 32 -0.421536
35 33 -0.421536
35 34 -0.421536
35 35 -0.421536
35 36 -0.421536
35 37 -0.421536
35 38 -0.421536
35 39 -0.421536
35 40 -0.421536
35 41 -0.421536
35 42 -0.421536
35 43 -0.421536
35 44 -0.421536
35 45 -0.421536
35 46 -0.421536
35 47 -0.421536
35 48 -0.421536
35 49 -0.421536
35 50 -0.421536
35 51 -0.421536
35 52 -0.421536
35 53 -0.421536
35 54 -0.421536
35 55 -0.421536
35 56 -0.421536
35 57 -0.421536
35 58 -0.421536
35 59 -0.421536
35 60 -0.421536
35 61 -0.421536
35 62 -0.421536
35 63 -0.421536
36 0 -0.567664
36 1 -0.567664
36 2 -0.417091
36 3 -0.409691
36 4 -0.421310
36 5 -0.422469
36 6 -0.421602
36 7 -0.421467
36 8 -0.421529
36 9 -0.421543
36 10 -0.421538
36 11 -0.421537
36 12 -0.421537
36 13 -0.421537
36 14 -0.421537
36 15 -0.421537
36 16 -0.421537
36 17 -0.421537
36 18 -0.421537
36 19 -0.421537
36 20 -0.421537
36 21 -0.421536
36 22 -0.421536
36 23 -0.421536
36 24 -0.421536
36 25 -0.421536
36 26 -0.421536
36 27 -0.421536
36 28 -0.421536
36 29 -0.421536
36 30 -0.421536
36 31 -0.421536
36 32 -0.421536
36 33 -0.421536
36 34 -0.421536
36 35 -0.421536
36 36 -0.421536
36 37 -0.421536
36 38 -0.421536
36 39 -0.421536
36 40 -0.421536
36 41 -0.421536
36 42 -0.421536
36 43 -0.421536
36 44 -0.421536
36 45 -0.421536
36 46 -0.421536
36 47 -0.421536
36 48 -0.421536
36 49 -0.421536
36 50 -0.421536
36 51 -0.421536
36 52 -0.421536
36 53 -0.421536
36 54 -0.421536
36 55 -0.421536
36 56 -0.421536
36 57 -0.421536
36 58 -0.421536
36 59 -0.421536
36 60 -0.421536
36 61 -0.421536
36 62 -0.421536
36 63 -0.421536
37 0 -0.567664
37 1 -0.567664
37 2 -0.417091
37 3 -0.409691
37 4 -0.421310
37 5 -0.422469
37 6 -0.421602
37 7 -0.421467
37 8 -0.421529
37 9 -0.421543
37 10 -0.421538
37 11 -0.421537
37 12 -0.421537
37 13 -0.421537
37 14 -0.421537
37 15 -0.421537
37 16 -0.421537
37 17 -0.421537
37 18 -0.421537
37 19 -0.421537
37 20 -0.421537
37 21 -0.421537
37 22 -0.421537
37 23 -0.421536
37 24 -0.421536
37 25 -0.421536
37 26 -0.421536
37 27 -0.421536
37 28 -0.421536
37 29 -0.421536
37 30 -0.421536
37 31 -0.421536
37 32 -0.421536
37 33 -0.421536
37 34 -0.421536
37 35 -0.421536
37 36 -0.421536
37 37 -0.421536
37 38 -0.421536
37 39 -0.421536
37 40 -0.421536
37 41 -0.421536
37 42 -0.421536
37 43 -0.421536
37 44 -0.421536
37 45 -0.421536
37 46 -0.421536
37 47 -0.421536
37 48 -0.421536
37 49 -0.421536
37 50 -0.421536
37 51 -0.421536
37 52 -0.421536
37 53 -0.421536
37 54 -0.421536
37 55 -0.421536
37 56 -0.421536
37 57 -0.421536
37 58 -0.421536
37 59 -0.421536
37 60 -0.421536
37 61 -0.421536
37 62 -0.421536
37 63 -0.421536
38 0 -0.567664
38 1 -0.567664
38 2 -0.417091
38 3 -0.409691
38 4 -0.421310
38 5 -0.422469
38 6 -0.421602
38 7 -0.421467
38 8 -0.421529
38 9 -0.421543
38 10 -0.421538
38 11 -0.421537
38 12 -0.421537
38 13 -0.421537
38 14 -0.421537
38 15 -0.421537
38 16 -0.421537
38 17 -0.421537
38 18 -0.421537
38 19 -0.421537
38 20 -0.421537
38 21 -0.421537
38 22 -0.421537
38 23 -0.421537
38 24 -0.421537
38 25 -0.421536
38 26 -0.421536
38 27 -0.421536
38 28 -0.421536
38 29 -0.421536
38 30 -0.421536
38 31 -0.421536
38 32 -0.421536
38 33 -0.421536
38 34 -0.421536
38 35 -0.421536
38 36 -0.421536
38 37 -0.421536
38 38 -0.421536
38 39 -0.421536
38 40 -0.421536
38 41 -0.421536
38 42 -0.421536
38 43 -0.421536
38 44 -0.421536
38 45 -0.421536
38 46 -0.421536
38 47 -0.421536
38 48 -0.421536
38 49 -0.421536
38 50 -0.421536
38 51 -0.421536
38 52 -0.421536
38 53 -0.421536
38 54 -0.421536
38 55 -0.421536
38 56 -0.421536
38 57 -0.421536
38 58 -0.421536
38 59 -0.421536
38 60 -0.421536
38 61 -0.421536
38 62 -0.421536
38 63 -0.421536
39 0 -0.567664
39 1 -0.567664
39 2 -0.417091
39 3 -0.409691
39 4 -0.421310
39 5 -0.422469
39 6 -0.421602
39 7 -0.421467
39 8 -0.421529
39 9 -0.421543
39 10 -0.421538
39 11 -0.421537
39 12 -0.421537
39 13 -0.421537
39 14 -0.421537
39 15 -0.421537
39 16 -0.421537
39 17 -0.421537
39 18 -0.421537
39 19 -0.421537
39 20 -0.421537
39 21 -0.421537
39 22 -0.421537
39 23 -0.421537
39 24 -0.421537
39 25 -0.421537
39 26 -0.421537
39 27 -0.421537
39 28 -0.421536
39 29 -0.421536
39 30 -0.421536
39 31 -0.421536
39 32 -0.421536
39 33 -0.421536
39 34 -0.421536
39 35 -0.421536
39 36 -0.421536
39 37 -0.421536
39 38 -0.421536
39 39 -0.421536
39 40 -0.421536
39 41 -0.421536
39 42 -0.421536
39 43 -0.421536
39 44 -0.421536
39 45 -0.421536
39 46 -0.421536
39 47 -0.421536
39 48 -0.421536
39 49 -0.421536
39 50 -0.421536
39 51 -0.421536
39 52 -0.421536
39 53 -0.421536
39 54 -0.421536
39 55 -0.421536
39 56 -0.421536
39 57 -0.421536
39 58 -0.421536
39 59 -0.421536
39 60 -0.421536
39 61 -0.421536
39 62 -0.421536
39 63 -0.421536
40 0 -0.567665
40 1 -0.567665
40 2 -0.417091
40 3 -0.409692
40 4 -0.421310
40 5 -0.422469
40 6 -0.421602
40 7 -0.421467
40 8 -0.421529
40 9 -0.421543
40 10 -0.421538
40 11 -0.421537
40 12 -0.421537
40 13 -0.421537
40 14 -0.421537
40 15 -0.421537
40 16 -0.421537
40 17 -0.421537
40 18 -0.421537
40 19 -0.421537
40 20 -0.421537
40 21 -0.421537
40 22 -0.421537
40 23 -0.421537
40 24 -0.421537
40 25 -0.421537
40 26 -0.421537
40 27 -0.421537
40 28 -0.421537
40 29 -0.421537
40 30 -0.421537
40 31 -0.421537
40 32 -0.421536
40 33 -0.421536
40 34 -0.421536
40 35 -0.421536
40 36 -0.421536
40 37 -0.421536
40 38 -0.421536
40 39 -0.421536
40 40 -0.421536
40 41 -0.421536
40 42 -0.421536
40 43 -0.421536
40 44 -0.421536
40 45 -0.421536
40 46 -0.421536
40 47 -0.421536
40 48 -0.421536
40 49 -0.421536
40 50 -0.421536
40 51 -0.421536
40 52 -0.421536
40 53 -0.421536
40 54 -0.421536
40 55 -0.421536
40 56 -0.421536
40 57 -0.421536
40 58 -0.421536
40 59 -0.421536
40 60 -0.421536
40 61 -0.421536
40 62 -0.421536
40 63 -0.421536
41 0 -0.567665
41 1 -0.567665
41 2 -0.417091
41 3 -0.409692
41 4 -0.421310
41 5 -0.422469
41 6 -0.421602
41 7 -0.421467
41 8 -0.421529
41 9 -0.421543
41 10 -0.421539
41 11 -0.421537
41 12 -0.421537
41 13 -0.421537
41 14 -0.421537
41 15 -0.421537
41 16 -0.421537
41 17 -0.421537
41 18 -0.421537
41 19 -0.421537
41 20 -0.421537
41 21 -0.421537
41 22 -0.421537
41 23 -0.421537
41 24 -0.421537
41 25 -0.421537
41 26 -0.421537
41 27 -0.421537
41 28 -0.421537
41 29 -0.421537
41 30 -0.421537
41 31 -0.421537
41 32 -0.421537
41 33 -0.421537
41 34 -0.421537
41 35 -0.421537
41 36 -0.421537
41 37 -0.421537
41 38 -0.421537
41 39 -0.421537
41 40 -0.421536
41 41 -0.421536
41 42 -0.421536
41 43 -0.421536
41 44 -0.421536
41 45 -0.421536
41 46 -0.421536
41 47 -0.421536
41 48 -0.421536
41 49 -0.421536
41 50 -0.421536
41 51 -0.421536
41 52 -0.421536
41 53 -0.421536
41 54 -0.421536
41 55 -0.421536
41 56 -0.421536
41 57 -0.421536
41 58 -0.421536
41 59 -0.421536
41 60 -0.421536
41 61 -0.421536
41 62 -0.421536
41 63 -0.421536
42 0 -0.567665
42 1 -0.567665
42 2 -0.417091
42 3 -0.409692
42 4 -0.421310
42 5 -0.422470
42 6 -0.421602
42 7 -0.421467
42 8 -0.421529
42 9 -0.421543
42 10 -0.421539
42 11 -0.421537
42 12 -0.421538
42 13 -0.421538
42 14 -0.421538
42 15 -0.421537
42 16 -0.421537
42 17 -0.421537
42 18 -0.421537
42 19 -0.421537
42 20 -0.421537
42 21 -0.421537
42 22 -0.421537
42 23 -0.421537
42 24 -0.421537
42 25 -0.421537
42 26 -0.421537
42 27 -0.421537
42 28 -0.421537
42 29 -0.421537
42 30 -0.421537
42 31 -0.421537
42 32 -0.421537
42 33 -0.421537
42 34 -0.421537
42 35 -0.421537
42 36 -0.421537
42 37 -0.421537
42 38 -0.421537
42 39 -0.421537
42 40 -0.421537
42 41 -0.421537
42 42 -0.421537
42 43 -0.421537
42 44 -0.421537
42 45 -0.421537
42 46 -0.421537
42 47 -0.421537
42 48 -0.421537
42 49 -0.421537
42 50 -0.421537
42 51 -0.421537
42 52 -0.421537
42 53 -0.421537
42 54 -0.421537
42 55 -0.421537
42 56 -0.421537
42 57 -0.421537
42 58 -0.421537
42 59 -0.421537
42 60 -0.421537
42 61 -0.421537
42 62 -0.421537
42 63 -0.421537
43 0 -0.567665
43 1 -0.567665
43 2 -0.417091
43 3 -0.409692
43 4 -0.421310
43 5 -0.422470
43 6 -0.421602
43 7 -0.421467
43 8 -0.421529
43 9 -0.421543
43 10 -0.421539
43 11 -0.421537
43 12 -0.421538
43 13 -0.421538
43 14 -0.421538
43 15 -0.421538
43 16 -0.421538
43 17 -0.421538
43 18 -0.421537
43 19 -0.421537
43 20 -0.421537
43 21 -0.421537
43 22 -0.421537
43 23 -0.421537
43 24 -0.421537
43 25 -0.421537
43 26 -0.421537
43 27 -0.421537
43 28 -0.421537
43 29 -0.421537
43 30 -0.421537
43 31 -0.421537
43 32 -0.421537
43 33 -0.421537
43 34 -0.421537
43 35 -0.421537
43 36 -0.421537
43 37 -0.421537
43 38 -0.421537
43 39 -0.421537
43 40 -0.421537
43 41 -0.421537
43 42 -0.421537
43 43 -0.421537
43 44 -0.421537
43 45 -0.421537
43 46 -0.421537
43 47 -0.421537
43 48 -0.421537
43 49 -0.421537
43 50 -0.421537
43 51 -0.421537
43 52 -0.421537
43 53 -0.421537
43 54 -0.421537
43 55 -0.421537
43 56 -0.421537
43 57 -0.421537
43 58 -0.421537
43 59 -0.421537
43 60 -0.421537
43 61 -0.421537
43 62 -0.421537
43 63 -0.421537
44 0 -0.567665
44 1 -0.567665
44 2 -0.417091
44 3 -0.409692
44 4 -0.421310
44 5 -0.422470
44 6 -0.421602
44 7 -0.421467
44 8 -0.421530
44 9 -0.421543
44 10 -0.421539
44 11 -0.421538
44 12 -0.421538
44 13 -0.421538
44 14 -0.421538
44 15 -0.421538
44 16 -0.421538
44 17 -0.421538
44 18 -0.421538
44 19 -0.421538
44 20 -0.421538
44 21 -0.421538
44 22 -0.421538
44 23 -0.421538
44 24 -0.421537
44 25 -0.421537
44 26 -0.421537
44 27 -0.421537
44 28 -0.421537
44 29 -0.421537
44 30 -0.421537
44 31 -0.421537
44 32 -0.421537
44 33 -0.421537
44 34 -0.421537
44 35 -0.421537
44 36 -0.421537
44 37 -0.421537
44 38 -0.421537
44 39 -0.421537
44 40 -0.421537
44 41 -0.421537
44 42 -0.421537
44 43 -0.421537
44 44 -0.421537
44 45 -0.421537
44 46 -0.421537
44 47 -0.421537
44 48 -0.421537
44 49 -0.421537
44 50 -0.421537
44 51 -0.421537
44 52 -0.421537
44 53 -0.421537
44 54 -0.421537
44 55 -0.421537
44 56 -0.421537
44 57 -0.421537
44 58 -0.421537
44 59 -0.421537
44 60 -0.421537
44 61 -0.421537
44 62 -0.421537
44 63 -0.421537
45 0 -0.567665
45 1 -0.567665
45 2 -0.417091
45 3 -0.409692
45 4 -0.421310
45 5 -0.422470
45 6 -0.421602
45 7 -0.421467
45 8 -0.421530
45 9 -0.421543
45 10 -0.421539
45 11 -0.421538
45 12 -0.421538
45 13 -0.421538
45 14 -0.421538
45 15 -0.421538
45 16 -0.421538
45 17 -0.421538
45 18 -0.421538
45 19 -0.421538
45 20 -0.421538
45 21 -0.421538
45 22 -0.421538
45 23 -0.421538
45 24 -0.421538
45 25 -0.421538
45 26 -0.421538
45 27 -0.421538
45 28 -0.421538
45 29 -0.421538
45 30 -0.421538
45 31 -0.421538
45 32 -0.421538
45 33 -0.421538
45 34 -0.421538
45 35 -0.421537
45 36 -0.421537
45 37 -0.421537
45 38 -0.421537
45 39 -0.421537
45 40 -0.421537
45 41 -0.421537
45 42 -0.421537
45 43 -0.421537
45 44 -0.421537
45 45 -0.421537
45 46 -0.421537
45 47 -0.421537
45 48 -0.421537
45 49 -0.421537
45 50 -0.421537
45 51 -0.421537
45 52 -0.421537
45 53 -0.421537
45 54 -0.421537
45 55 -0.421537
45 56 -0.421537
45 57 -0.421537
45 58 -0.421537
45 59 -0.421537
45 60 -0.421537
45 61 -0.421537
45 62 -0.421537
45 63 -0.421537
46 0 -0.567665
46 1 -0.567665
46 2 -0.417091
46 3 -0.409692
46 4 -0.421310
46 5 -0.422470
46 6 -0.421602
46 7 -0.421467
46 8 -0.421530
46 9 -0.421544
46 10 -0.421539
46 11 -0.421538
46 12 -0.421538
46 13 -0.421538
46 14 -0.421538
46 15 -0.421538
46 16 -0.421538
46 17 -0.421538
46 18 -0.421538
46 19 -0.421538
46 20 -0.421538
46 21 -0.421538
46 22 -0.421538
46 23 -0.421538
46 24 -0.421538
46 25 -0.421538
46 26 -0.421538
46 27 -0.421538
46 28 -0.421538
46 29 -0.421538
46 30 -0.421538
46 31 -0.421538
46 32 -0.421538
46 33 -0.421538
46 34 -0.421538
46 35 -0.421538
46 36 -0.421538
46 37 -0.421538
46 38 -0.421538
46 39 -0.421538
46 40 -0.421538
46 41 -0.421538
46 42 -0.421538
46 43 -0.421538
46 44 -0.421538
46 45 -0.421538
46 46 -0.421538
46 47 -0.421538
46 48 -0.421538
46 49 -0.421538
46 50 -0.421538
46 51 -0.421538
46 52 -0.421538
46 53 -0.421538
46 54 -0.421538
46 55 -0.421538
46 56 -0.421538
46 57 -0.421538
46 58 -0.421538
46 59 -0.421538
46 60 -0.421538
46 61 -0.421538
46 62 -0.421538
46 63 -0.421538
47 0 -0.567665
47 1 -0.567665
47 2 -0.417091
47 3 -0.409692
47 4 -0.421310
47 5 -0.422470
47 6 -0.421603
47 7 -0.421468
47 8 -0.421530
47 9 -0.421544
47 10 -0.421539
47 11 -0.421538
47 12 -0.421538
47 13 -0.421538
47 14 -0.421538
47 15 -0.421538
47 16 -0.421538
47 17 -0.421538
47 18 -0.421538
47 19 -0.421538
47 20 -0.421538
47 21 -0.421538
47 22 -0.421538
47 23 -0.421538
47 24 -0.421538
47 25 -0.421538
47 26 -0.421538
47 27 -0.421538
47 28 -0.421538
47 29 -0.421538
47 30 -0.421538
47 31 -0.421538
47 32 -0.421538
47 33 -0.421538
47 34 -0.421538
47 35 -0.421538
47 36 -0.421538
47 37 -0.421538
47 38 -0.421538
47 39 -0.421538
47 40 -0.421538
47 41 -0.421538
47 42 -0.421538
47 43 -0.421538
47 44 -0.421538
47 45 -0.421538
47 46 -0.421538
47 47 -0.421538
47 48 -0.421538
47 49 -0.421538
47 50 -0.421538
47 51 -0.421538
47 52 -0.421538
47 53 -0.421538
47 54 -0.421538
47 55 -0.421538
47 56 -0.421538
47 57 -0.421538
47 58 -0.421538
47 59 -0.421538
47 60 -0.421538
47 61 -0.421538
47 62 -0.421538
47 63 -0.421538
48 0 -0.567665
48 1 -0.567665
48 2 -0.417092
48 3 -0.409692
48 4 -0.421311
48 5 -0.422470
48 6 -0.421603
48 7 -0.421468
48 8 -0.421530
48 9 -0.421544
48 10 -0.421540
48 11 -0.421538
48 12 -0.421539
48 13 -0.421539
48 14 -0.421539
48 15 -0.421539
48 16 -0.421539
48 17 -0.421539
48 18 -0.421539
48 19 -0.421539
48 20 -0.421539
48 21 -0.421539
48 22 -0.421539
48 23 -0.421539
48 24 -0.421538
48 25 -0.421538
48 26 -0.421538
48 27 -0.421538
48 28 -0.421538
48 29 -0.421538
48 30 -0.421538
48 31 -0.421538
48 32 -0.421538
48 33 -0.421538
48 34 -0.421538
48 35 -0.421538
48 36 -0.421538
48 37 -0.421538
48 38 -0.421538
48 39 -0.421538
48 40 -0.421538
48 41 -0.421538
48 42 -0.421538
48 43 -0.421538
48 44 -0.421538
48 45 -0.421538
48 46 -0.421538
48 47 -0.421538
48 48 -0.421538
48 49 -0.421538
48 50 -0.421538
48 51 -0.421538
48 52 -0.421538
48 53 -0.421538
48 54 -0.421538
48 55 -0.421538
48 56 -0.421538
48 57 -0.421538
48 58 -0.421538
48 59 -0.421538
48 60 -0.421538
48 61 -0.421538
48 62 -0.421538
48 63 -0.421538
49 0 -0.567665
49 1 -0.567665
49 2 -0.417092
49 3 -0.409692
49 4 -0.421311
49 5 -0.422470
49 6 -0.421603
49 7 -0.421468
49 8 -0.421530
49 9 -0.421544
49 10 -0.421540
49 11 -0.421539
49 12 -0.421539
49 13 -0.421539
49 14 -0.421539
49 15 -0.421539
49 16 -0.421539
49 17 -0.421539
49 18 -0.421539
49 19 -0.421539
49 20 -0.421539
49 21 -0.421539
49 22 -0.421539
49 23 -0.421539
49 24 -0.421539
49 25 -0.421539
49 26 -0.421539
49 27 -0.421539
49 28 -0.421539
49 29 -0.421539
49 30 -0.421539
49 31 -0.421539
49 32 -0.421539
49 33 -0.421539
49 34 -0.421539
49 35 -0.421539
49 36 -0.421539
49 37 -0.421539
49 38 -0.421539
49 39 -0.421539
49 40 -0.421539
49 41 -0.421539
49 42 -0.421539
49 43 -0.421539
49 44 -0.421539
49 45 -0.421539
49 46 -0.421539
49 47 -0.421539
49 48 -0.421539
49 49 -0.421539
49 50 -0.421539
49 51 -0.421539
49 52 -0.421539
49 53 -0.421539
49 54 -0.421539
49 55 -0.421539
49 56 -0.421539
49 57 -0.421539
49 58 -0.421539
49 59 -0.421539
49 60 -0.421539
49 61 -0.421539
49 62 -0.421539
49 63 -0.421539
50 0 -0.567666
50 1 -0.567666
50 2 -0.417092
50 3 -0.409693
50 4 -0.421311
50 5 -0.422471
50 6 -0.421603
50 7 -0.421468
50 8 -0.421531
50 9 -0.421544
50 10 -0.421540
50 11 -0.421539
50 12 -0.421539
50 13 -0.421539
50 14 -0.421539
50 15 -0.421539
50 16 -0.421539
50 17 -0.421539
50 18 -0.421539
50 19 -0.421539
50 20 -0.421539
50 21 -0.421539
50 22 -0.421539
50 23 -0.421539
50 24 -0.421539
50 25 -0.421539
50 26 -0.421539
50 27 -0.421539
50 28 -0.421539
50 29 -0.421539
50 30 -0.421539
50 31 -0.421539
50 32 -0.421539
50 33 -0.421539
50 34 -0.421539
50 35 -0.421539
50 36 -0.421539
50 37 -0.421539
50 38 -0.421539
50 39 -0.421539
50 40 -0.421539
50 41 -0.421539
50 42 -0.421539
50 43 -0.421539
50 44 -0.421539
50 45 -0.421539
50 46 -0.421539
50 47 -0.421539
50 48 -0.421539
50 49 -0.421539
50 50 -0.421539
50 51 -0.421539
50 52 -0.421539
50 53 -0.421539
50 54 -0.421539
50 55 -0.421539
50 56 -0.421539
50 57 -0.421539
50 58 -0.421539
50 59 -0.421539
50 60 -0.421539
50 61 -0.421539
50 62 -0.421539
50 63 -0.421539
51 0 -0.567666
51 1 -0.567666
51 2 -0.417092
51 3 -0.409693
51 4 -0.421311
51 5 -0.422471
51 6 -0.421603
51 7 -0.421468
51 8 -0.421531
51 9 -0.421545
51 10 -0.421540
51 11 -0.421539
51 12 -0.421539
51 13 -0.421539
51 14 -0.421539
51 15 -0.421539
51 16 -0.421539
51 17 -0.421539
51 18 -0.421539
51 19 -0.421539
51 20 -0.421539
51 21 -0.421539
51 22 -0.421539
51 23 -0.421539
51 24 -0.421539
51 25 -0.421539
51 26 -0.421539
51 27 -0.421539
51 28 -0.421539
51 29 -0.421539
51 30 -0.421539
51 31 -0.421539
51 32 -0.421539
51 33 -0.421539
51 34 -0.421539
51 35 -0.421539
51 36 -0.421539
51 37 -0.421539
51 38 -0.421540
51 39 -0.421540
51 40 -0.421540
51 41 -0.421540
51 42 -0.421540
51 43 -0.421540
51 44 -0.421540
51 45 -0.421540
51 46 -0.421540
51 47 -0.421540
51 48 -0.421540
51 49 -0.421540
51 50 -0.421540
51 51 -0.421540
51 52 -0.421540
51 53 -0.421540
51 54 -0.421540
51 55 -0.421540
51 56 -0.421540
51 57 -0.421540
51 58 -0.421540
51 59 -0.421540
51 60 -0.421540
51 61 -0.421540
51 62 -0.421540
51 63 -0.421540
52 0 -0.567666
52 1 -0.567666
52 2 -0.417092
52 3 -0.409693
52 4 -0.421311
52 5 -0.422471
52 6 -0.421603
52 7 -0.421469
52 8 -0.421531
52 9 -0.421545
52 10 -0.421541
52 11 -0.421539
52 12 -0.421540
52 13 -0.421540
52 14 -0.421540
52 15 -0.421540
52 16 -0.421540
52 17 -0.421540
52 18 -0.421540
52 19 -0.421540
52 20 -0.421540
52 21 -0.421540
52 22 -0.421540
52 23 -0.421540
52 24 -0.421540
52 25 -0.421540
52 26 -0.421540
52 27 -0.421540
52 28 -0.421540
52 29 -0.421540
52 30 -0.421540
52 31 -0.421540
52 32 -0.421540
52 33 -0.421540
52 34 -0.421540
52 35 -0.421540
52 36 -0.421540
52 37 -0.421540
52 38 -0.421540
52 39 -0.421540
52 40 -0.421540
52 41 -0.421540
52 42 -0.421540
52 43 -0.421540
52 44 -0.421540
52 45 -0.421540
52 46 -0.421540
52 47 -0.421540
52 48 -0.421540
52 49 -0.421540
52 50 -0.421540
52 51 -0.421540
52 52 -0.421540
52 53 -0.421540
52 54 -0.421540
52 55 -0.421540
52 56 -0.421540
52 57 -0.421540
52 58 -0.421540
52 59 -0.421540
52 60 -0.421540
52 61 -0.421540
52 62 -0.421540
52 63 -0.421540
53 0 -0.567666
53 1 -0.567666
53 2 -0.417092
53 3 -0.409693
53 4 -0.421311
53 5 -0.422471
53 6 -0.421604
53 7 -0.421469
53 8 -0.421531
53 9 -0.421545
53 10 -0.421541
53 11 -0.421540
53 12 -0.421540
53 13 -0.421540
53 14 -0.421540
53 15 -0.421540
53 16 -0.421540
53 17 -0.421540
53 18 -0.421540
53 19 -0.421540
53 20 -0.421540
53 21 -0.421540
53 22 -0.421540
53 23 -0.421540
53 24 -0.421540
53 25 -0.421540
53 26 -0.421540
53 27 -0.421540
53 28 -0.421540
53 29 -0.421540
53 30 -0.421540
53 31 -0.421540
53 32 -0.421540
53 33 -0.421540
53 34 -0.421540
53 35 -0.421540
53 36 -0.421540
53 37 -0.421540
53 38 -0.421540
53 39 -0.421540
53 40 -0.421540
53 41 -0.421540
53 42 -0.421540
53 43 -0.421540
53 44 -0.421540
53 45 -0.421540
53 46 -0.421540
53 47 -0.421540
53 48 -0.421540
53 49 -0.421540
53 50 -0.421540
53 51 -0.421540
53 52 -0.421540
53 53 -0.421540
53 54 -0.421540
53 55 -0.421540
53 56 -0.421540
53 57 -0.421540
53 58 -0.421540
53 59 -0.421540
53 60 -0.421540
53 61 -0.421540
53 62 -0.421540
53 63 -0.421540
54 0 -0.567666
54 1 -0.567666
54 2 -0.417092
54 3 -0.409693
54 4 -0.421312
54 5 -0.422471
54 6 -0.421604
54 7 -0.421469
54 8 -0.421531
54 9 -0.421545
54 10 -0.421541
54 11 -0.421540
54 12 -0.421540
54 13 -0.421540
54 14 -0.421540
54 15 -0.421540
54 16 -0.421540
54 17 -0.421540
54 18 -0.421540
54 19 -0.421540
54 20 -0.421540
54 21 -0.421541
54 22 -0.421541
54 23 -0.421541
54 24 -0.421541
54 25 -0.421541
54 26 -0.421541
54 27 -0.421541
54 28 -0.421541
54 29 -0.421541
54 30 -0.421541
54 31 -0.421541
54 32 -0.421541
54 33 -0.421541
54 34 -0.421541
54 35 -0.421541
54 36 -0.421541
54 37 -0.421541
54 38 -0.421541
54 39 -0.421541
54 40 -0.421541
54 41 -0.421541
54 42 -0.421541
54 43 -0.421541
54 44 -0.421541
54 45 -0.421541
54 46 -0.421541
54 47 -0.421541
54 48 -0.421541
54 49 -0.421541
54 50 -0.421541
54 51 -0.421541
54 52 -0.421541
54 53 -0.421541
54 54 -0.421541
54 55 -0.421541
54 56 -0.421541
54 57 -0.421541
54 58 -0.421541
54 59 -0.421541
54 60 -0.421541
54 61 -0.421541
54 62 -0.421541
54 63 -0.421541
55 0 -0.567666
55 1 -0.567666
55 2 -0.417093
55 3 -0.409693
55 4 -0.421312
55 5 -0.422472
55 6 -0.421604
55 7 -0.421469
55 8 -0.421532
55 9 -0.421546
55 10 -0.421541
55 11 -0.421540
55 12 -0.421540
55 13 -0.421541
55 14 -0.421541
55 15 -0.421541
55 16 -0.421541
55 17 -0.421541
55 18 -0.421541
55 19 -0.421541
55 20 -0.421541
55 21 -0.421541
55 22 -0.421541
55 23 -0.421541
55 24 -0.421541
55 25 -0.421541
55 26 -0.421541
55 27 -0.421541
55 28 -0.421541
55 29 -0.421541
55 30 -0.421541
55 31 -0.421541
55 32 -0.421541
55 33 -0.421541
55 34 -0.421541
55 35 -0.421541
55 36 -0.421541
55 37 -0.421541
55 38 -0.421541
55 39 -0.421541
55 40 -0.421541
55 41 -0.421541
55 42 -0.421541
55 43 -0.421541
55 44 -0.421541
55 45 -0.421541
55 46 -0.421541
55 47 -0.421541
55 48 -0.421541
55 49 -0.421541
55 50 -0.421541
55 51 -0.421541
55 52 -0.421541
55 53 -0.421541
55 54 -0.421541
55 55 -0.421541
55 56 -0.421541
55 57 -0.421541
55 58 -0.421541
55 59 -0.421541
55 60 -0.421541
55 61 -0.421541
55 62 -0.421541
55 63 -0.421541
56 0 -0.567667
56 1 -0.567667
56 2 -0.417093
56 3 -0.409694
56 4 -0.421312
56 5 -0.422472
56 6 -0.421604
56 7 -0.421470
56 8 -0.421532
56 9 -0.421546
56 10 -0.421542
56 11 -0.421540
56 12 -0.421541
56 13 -0.421541
56 14 -0.421541
56 15 -0.421541
56 16 -0.421541
56 17 -0.421541
56 18 -0.421541
56 19 -0.421541
56 20 -0.421541
56 21 -0.421541
56 22 -0.421541
56 23 -0.421541
56 24 -0.421541
56 25 -0.421541
56 26 -0.421542
56 27 -0.421542
56 28 -0.421542
56 29 -0.421542
56 30 -0.421542
56 31 -0.421542
56 32 -0.421542
56 33 -0.421542
56 34 -0.421542
56 35 -0.421542
56 36 -0.421542
56 37 -0.421542
56 38 -0.421542
56 39 -0.421542
56 40 -0.421542
56 41 -0.421542
56 42 -0.421542
56 43 -0.421542
56 44 -0.421542
56 45 -0.421542
56 46 -0.421542
56 47 -0.421542
56 48 -0.421542
56 49 -0.421542
56 50 -0.421542
56 51 -0.421542
56 52 -0.421542
56 53 -0.421542
56 54 -0.421542
56 55 -0.421542
56 56 -0.421542
56 57 -0.421542
56 58 -0.421542
56 59 -0.421542
56 60 -0.421542
56 61 -0.421542
56 62 -0.421542
56 63 -0.421542
57 0 -0.567667
57 1 -0.567667
57 2 -0.417093
57 3 -0.409694
57 4 -0.421312
57 5 -0.422472
57 6 -0.421605
57 7 -0.421470
57 8 -0.421532
57 9 -0.421546
57 10 -0.421542
57 11 -0.421541
57 12 -0.421541
57 13 -0.421541
57 14 -0.421541
57 15 -0.421541
57 16 -0.421541
57 17 -0.421542
57 18 -0.421542
57 19 -0.421542
57 20 -0.421542
57 21 -0.421542
57 22 -0.421542
57 23 -0.421542
57 24 -0.421542
57 25 -0.421542
57 26 -0.421542
57 27 -0.421542
57 28 -0.421542
57 29 -0.421542
57 30 -0.421542
57 31 -0.421542
57 32 -0.421542
57 33 -0.421542
57 34 -0.421542
57 35 -0.421542
57 36 -0.421542
57 37 -0.421542
57 38 -0.421542
57 39 -0.421542
57 40 -0.421542
57 41 -0.421542
57 42 -0.421542
57 43 -0.421542
57 44 -0.421542
57 45 -0.421542
57 46 -0.421543
57 47 -0.421543
57 48 -0.421543
57 49 -0.421543
57 50 -0.421543
57 51 -0.421543
57 52 -0.421543
57 53 -0.421543
57 54 -0.421543
57 55 -0.421543
57 56 -0.421543
57 57 -0.421543
57 58 -0.421543
57 59 -0.421543
57 60 -0.421543
57 61 -0.421543
57 62 -0.421543
57 63 -0.421543
58 0 -0.567667
58 1 -0.567667
58 2 -0.417093
58 3 -0.409694
58 4 -0.421313
58 5 -0.422472
58 6 -0.421605
58 7 -0.421470
58 8 -0.421533
58 9 -0.421547
58 10 -0.421542
58 11 -0.421541
58 12 -0.421541
58 13 -0.421542
58 14 -0.421542
58 15 -0.421542
58 16 -0.421542
58 17 -0.421542
58 18 -0.421542
58 19 -0.421542
58 20 -0.421542
58 21 -0.421542
58 22 -0.421542
58 23 -0.421542
58 24 -0.421542
58 25 -0.421542
58 26 -0.421542
58 27 -0.421543
58 28 -0.421543
58 29 -0.421543
58 30 -0.421543
58 31 -0.421543
58 32 -0.421543
58 33 -0.421543
58 34 -0.421543
58 35 -0.421543
58 36 -0.421543
58 37 -0.421543
58 38 -0.421543
58 39 -0.421543
58 40 -0.421543
58 41 -0.421543
58 42 -0.421543
58 43 -0.421543
58 44 -0.421543
58 45 -0.421543
58 46 -0.421543
58 47 -0.421543
58 48 -0.421543
58 49 -0.421543
58 50 -0.421543
58 51 -0.421543
58 52 -0.421543
58 53 -0.421543
58 54 -0.421543
58 55 -0.421543
58 56 -0.421543
58 57 -0.421543
58 58 -0.421543
58 59 -0.421543
58 60 -0.421543
58 61 -0.421543
58 62 -0.421543
58 63 -0.421543
59 0 -0.567667
59 1 -0.567667
59 2 -0.417093
59 3 -0.409694
59 4 -0.421313
59 5 -0.422473
59 6 -0.421605
59 7 -0.421470
59 8 -0.421533
59 9 -0.421547
59 10 -0.421543
59 11 -0.421541
59 12 -0.421542
59 13 -0.421542
59 14 -0.421542
59 15 -0.421542
59 16 -0.421542
59 17 -0.421542
59 18 -0.421542
59 19 -0.421543
59 20 -0.421543
59 21 -0.421543
59 22 -0.421543
59 23 -0.421543
59 24 -0.421543
59 25 -0.421543
59 26 -0.421543
59 27 -0.421543
59 28 -0.421543
59 29 -0.421543
59 30 -0.421543
59 31 -0.421543
59 32 -0.421543
59 33 -0.421543
59 34 -0.421543
59 35 -0.421543
59 36 -0.421543
59 37 -0.421543
59 38 -0.421544
59 39 -0.421544
59 40 -0.421544
59 41 -0.421544
59 42 -0.421544
59 43 -0.421544
59 44 -0.421544
59 45 -0.421544
59 46 -0.421544
59 47 -0.421544
59 48 -0.421544
59 49 -0.421544
59 50 -0.421544
59 51 -0.421544
59 52 -0.421544
59 53 -0.421544
59 54 -0.421544
59 55 -0.421544
59 56 -0.421544
59 57 -0.421544
59 58 -0.421544
59 59 -0.421544
59 60 -0.421544
59 61 -0.421544
59 62 -0.421544
59 63 -0.421544
60 0 -0.567667
60 1 -0.567667
60 2 -0.417094
60 3 -0.409695
60 4 -0.421313
60 5 -0.422473
60 6 -0.421605
60 7 -0.421471
60 8 -0.421533
60 9 -0.421547
60 10 -0.421543
60 11 -0.421542
60 12 -0.421542
60 13 -0.421542
60 14 -0.421543
60 15 -0.421543
60 16 -0.421543
60 17 -0.421543
60 18 -0.421543
60 19 -0.421543
60 20 -0.421543
60 21 -0.421543
60 22 -0.421543
60 23 -0.421543
60 24 -0.421543
60 25 -0.421543
60 26 -0.421544
60 27 -0.421544
60 28 -0.421544
60 29 -0.421544
60 30 -0.421544
60 31 -0.421544
60 32 -0.421544
60 33 -0.421544
60 34 -0.421544
60 35 -0.421544
60 36 -0.421544
60 37 -0.421544
60 38 -0.421544
60 39 -0.421544
60 40 -0.421544
60 41 -0.421544
60 42 -0.421544
60 43 -0.421544
60 44 -0.421544
60 45 -0.421544
60 46 -0.421544
60 47 -0.421544
60 48 -0.421544
60 49 -0.421544
60 50 -0.421544
60 51 -0.421544
60 52 -0.421544
60 53 -0.421544
60 54 -0.421544
60 55 -0.421544
60 56 -0.421544
60 57 -0.421544
60 58 -0.421544
60 59 -0.421544
60 60 -0.421544
60 61 -0.421544
60 62 -0.421544
60 63 -0.421544
61 0 -0.567668
61 1 -0.567668
61 2 -0.417094
61 3 -0.409695
61 4 -0.421313
61 5 -0.422473
61 6 -0.421606
61 7 -0.421471
61 8 -0.421534
61 9 -0.421548
61 10 -0.421543
61 11 -0.421542
61 12 -0.421543
61 13 -0.421543
61 14 -0.421543
61 15 -0.421543
61 16 -0.421543
61 17 -0.421543
61 18 -0.421543
61 19 -0.421543
61 20 -0.421544
61 21 -0.421544
61 22 -0.421544
61 23 -0.421544
61 24 -0.421544
61 25 -0.421544
61 26 -0.421544
61 27 -0.421544
61 28 -0.421544
61 29 -0.421544
61 30 -0.421544
61 31 -0.421544
61 32 -0.421544
61 33 -0.421545
61 34 -0.421545
61 35 -0.421545
61 36 -0.421545
61 37 -0.421545
61 38 -0.421545
61 39 -0.421545
61 40 -0.421545
61 41 -0.421545
61 42 -0.421545
61 43 -0.421545
61 44 -0.421545
61 45 -0.421545
61 46 -0.421545
61 47 -0.421545
61 48 -0.421545
61 49 -0.421545
61 50 -0.421545
61 51 -0.421545
61 52 -0.421545
61 53 -0.421545
61 54 -0.421545
61 55 -0.421545
61 56 -0.421545
61 57 -0.421545
61 58 -0.421545
61 59 -0.421545
61 60 -0.421545
61 61 -0.421545
61 62 -0.421545
61 63 -0.421545
62 0 -0.567668
62 1 -0.567668
62 2 -0.417094
62 3 -0.409695
62 4 -0.421314
62 5 -0.422473
62 6 -0.421606
62 7 -0.421471
62 8 -0.421534
62 9 -0.421548
62 10 -0.421544
62 11 -0.421543
62 12 -0.421543
62 13 -0.421543
62 14 -0.421543
62 15 -0.421544
62 16 -0.421544
62 17 -0.421544
62 18 -0.421544
62 19 -0.421544
62 20 -0.421544
62 21 -0.421544
62 22 -0.421544
62 23 -0.421544
62 24 -0.421544
62 25 -0.421545
62 26 -0.421545
62 27 -0.421545
62 28 -0.421545
62 29 -0.421545
62 30 -0.421545
62 31 -0.421545
62 32 -0.421545
62 33 -0.421545
62 34 -0.421545
62 35 -0.421545
62 36 -0.421545
62 37 -0.421545
62 38 -0.421545
62 39 -0.421545
62 40 -0.421545
62 41 -0.421546
62 42 -0.421546
62 43 -0.421546
62 44 -0.421546
62 45 -0.421546
62 46 -0.421546
62 47 -0.421546
62 48 -0.421546
62 49 -0.421546
62 50 -0.421546
62 51 -0.421546
62 52 -0.421546
62 53 -0.421546
62 54 -0.421546
62 55 -0.421546
62 56 -0.421546
62 57 -0.421546
62 58 -0.421546
62 59 -0.421546
62 60 -0.421546
62 61 -0.421546
62 62 -0.421546
62 63 -0.421546
63 0 0.000000
63 1 0.000000
63 2 0.000000
63 3 0.000000
63 4 0.000000
63 5 0.000000
63 6 0.000000
63 7 0.000000
63 8 0.000000
63 9 0.000000
63 10 0.000000
63 11 0.000000
63 12 0.000000
63 13 0.000000
63 14 0.000000
63 15 0.000000
63 16 0.000000
63 17 0.000000
63 18 0.000000
63 19 0.000000
63 20 0.000000
63 21 0.000000
63 22 0.000000
63 23 0.000000
63 24 0.000000
63 25 0.000000
63 26 0.000000
63 27 0.000000
63 28 0.000000
63 29 0.000000
63 30 0.000000
63 31 0.000000
63 32 0.000000
63 33 0.000000
63 34 0.000000
63 35 0.000000
63 36 0.000000
63 37 0.000000
63 38 0.000000
63 39 0.000000
63 40 0.000000
63 41 0.000000
63 42 0.000000
63 43 0.000000
63 44 0.000000
63 45 0.000000
63 46 0.000000
63 47 0.000000
63 48 0.000000
63 49 0.000000
63 50 0.000000
63 51 0.000000
63 52 0.000000
63 53 0.000000
63 54 0.000000
63 55 0.000000
63 56 0.000000
63 57 0.000000
63 58 0.000000
63 59 0.000000
63 60 0.000000
63 61 0.000000
63 62 0.000000
63 63 0.000000
