0 0 0.000000
0 1 0.000000
0 2 0.000000
0 3 0.000000
0 4 0.000000
0 5 0.000000
0 6 0.000000
0 7 0.000000
0 8 0.000000
0 9 0.000000
0 10 0.000000
0 11 0.000000
0 12 0.000000
0 13 0.000000
0 14 0.000000
0 15 0.000000
0 16 0.000000
0 17 0.000000
0 18 0.000000
0 19 0.000000
0 20 0.000000
0 21 0.000000
0 22 0.000000
0 23 0.000000
0 24 0.000000
0 25 0.000000
0 26 0.000000
0 27 0.000000
0 28 0.000000
0 29 0.000000
0 30 0.000000
0 31 0.000000
0 32 0.000000
0 33 0.000000
0 34 0.000000
0 35 0.000000
0 36 0.000000
0 37 0.000000
0 38 0.000000
0 39 0.000000
0 40 0.000000
0 41 0.000000
0 42 0.000000
0 43 0.000000
0 44 0.000000
0 45 0.000000
0 46 0.000000
0 47 0.000000
0 48 0.000000
0 49 0.000000
0 50 0.000000
0 51 0.000000
0 52 0.000000
0 53 0.000000
0 54 0.000000
0 55 0.000000
0 56 0.000000
0 57 0.000000
0 58 0.000000
0 59 0.000000
0 60 0.000000
0 61 0.000000
0 62 0.000000
0 63 0.000000
1 0 -0.566392
1 1 -0.566392
1 2 -0.416158
1 3 -0.408776
1 4 -0.420368
1 5 -0.421525
1 6 -0.420660
1 7 -0.420525
1 8 -0.420588
1 9 -0.420602
1 10 -0.420598
1 11 -0.420596
1 12 -0.420597
1 13 -0.420597
1 14 -0.420597
1 15 -0.420597
1 16 -0.420598
1 17 -0.420598
1 18 -0.420598
1 19 -0.420598
1 20 -0.420598
1 21 -0.420598
1 22 -0.420598
1 23 -0.420598
1 24 -0.420599
1 25 -0.420599
1 26 -0.420599
1 27 -0.420599
1 28 -0.420599
1 29 -0.420599
1 30 -0.420599
1 31 -0.420599
1 32 -0.420599
1 33 -0.420599
1 34 -0.420599
1 35 -0.420599
1 36 -0.420599
1 37 -0.420600
1 38 -0.420600
1 39 -0.420600
1 40 -0.420600
1 41 -0.420600
1 42 -0.420600
1 43 -0.420600
1 44 -0.420600
1 45 -0.420600
1 46 -0.420600
1 47 -0.420600
1 48 -0.420600
1 49 -0.420600
1 50 -0.420600
1 51 -0.420600
1 52 -0.420600
1 53 -0.420600
1 54 -0.420600
1 55 -0.420600
1 56 -0.420600
1 57 -0.420600
1 58 -0.420600
1 59 -0.420600
1 60 -0.420600
1 61 -0.420600
1 62 -0.420600
1 63 -0.420600
2 0 -0.566392
2 1 -0.566392
2 2 -0.416158
2 3 -0.408775
2 4 -0.420368
2 5 -0.421525
2 6 -0.420659
2 7 -0.420525
2 8 -0.420587
2 9 -0.420601
2 10 -0.420597
2 11 -0.420596
2 12 -0.420597
2 13 -0.420597
2 14 -0.420597
2 15 -0.420597
2 16 -0.420597
2 17 -0.420597
2 18 -0.420597
2 19 -0.420597
2 20 -0.420598
2 21 -0.420598
2 22 -0.420598
2 23 -0.420598
2 24 -0.420598
2 25 -0.420598
2 26 -0.420598
2 27 -0.420598
2 28 -0.420598
2 29 -0.420598
2 30 -0.420598
2 31 -0.420599
2 32 -0.420599
2 33 -0.420599
2 34 -0.420599
2 35 -0.420599
2 36 -0.420599
2 37 -0.420599
2 38 -0.420599
2 39 -0.420599
2 40 -0.420599
2 41 -0.420599
2 42 -0.420599
2 43 -0.420599
2 44 -0.420599
2 45 -0.420599
2 46 -0.420599
2 47 -0.420599
2 48 -0.420599
2 49 -0.420599
2 50 -0.420599
2 51 -0.420599
2 52 -0.420599
2 53 -0.420599
2 54 -0.420599
2 55 -0.420599
2 56 -0.420599
2 57 -0.420599
2 58 -0.420599
2 59 -0.420599
2 60 -0.420599
2 61 -0.420599
2 62 -0.420599
2 63 -0.420599
3 0 -0.566391
3 1 -0.566391
3 2 -0.416157
3 3 -0.408775
3 4 -0.420367
3 5 -0.421525
3 6 -0.420659
3 7 -0.420525
3 8 -0.420587
3 9 -0.420601
3 10 -0.420597
3 11 -0.420596
3 12 -0.420596
3 13 -0.420596
3 14 -0.420596
3 15 -0.420597
3 16 -0.420597
3 17 -0.420597
3 18 -0.420597
3 19 -0.420597
3 20 -0.420597
3 21 -0.420597
3 22 -0.420597
3 23 -0.420597
3 24 -0.420597
3 25 -0.420598
3 26 -0.420598
3 27 -0.420598
3 28 -0.420598
3 29 -0.420598
3 30 -0.420598
3 31 -0.420598
3 32 -0.420598
3 33 -0.420598
3 34 -0.420598
3 35 -0.420598
3 36 -0.420598
3 37 -0.420598
3 38 -0.420598
3 39 -0.420598
3 40 -0.420598
3 41 -0.420598
3 42 -0.420598
3 43 -0.420598
3 44 -0.420598
3 45 -0.420598
3 46 -0.420598
3 47 -0.420598
3 48 -0.420599
3 49 -0.420599
3 50 -0.420599
3 51 -0.420599
3 52 -0.420599
3 53 -0.420599
3 54 -0.420599
3 55 -0.420599
3 56 -0.420599
3 57 -0.420599
3 58 -0.420599
3 59 -0.420599
3 60 -0.420599
3 61 -0.420599
3 62 -0.420599
3 63 -0.420599
4 0 -0.566391
4 1 -0.566391
4 2 -0.416157
4 3 -0.408775
4 4 -0.420367
4 5 -0.421524
4 6 -0.420659
4 7 -0.420524
4 8 -0.420587
4 9 -0.420601
4 10 -0.420597
4 11 -0.420595
4 12 -0.420596
4 13 -0.420596
4 14 -0.420596
4 15 -0.420596
4 16 -0.420596
4 17 -0.420596
4 18 -0.420596
4 19 -0.420597
4 20 -0.420597
4 21 -0.420597
4 22 -0.420597
4 23 -0.420597
4 24 -0.420597
4 25 -0.420597
4 26 -0.420597
4 27 -0.420597
4 28 -0.420597
4 29 -0.420597
4 30 -0.420597
4 31 -0.420597
4 32 -0.420597
4 33 -0.420597
4 34 -0.420597
4 35 -0.420597
4 36 -0.420598
4 37 -0.420598
4 38 -0.420598
4 39 -0.420598
4 40 -0.420598
4 41 -0.420598
4 42 -0.420598
4 43 -0.420598
4 44 -0.420598
4 45 -0.420598
4 46 -0.420598
4 47 -0.420598
4 48 -0.420598
4 49 -0.420598
4 50 -0.420598
4 51 -0.420598
4 52 -0.420598
4 53 -0.420598
4 54 -0.420598
4 55 -0.420598
4 56 -0.420598
4 57 -0.420598
4 58 -0.420598
4 59 -0.420598
4 60 -0.420598
4 61 -0.420598
4 62 -0.420598
4 63 -0.420598
5 0 -0.566391
5 1 -0.566391
5 2 -0.416157
5 3 -0.408775
5 4 -0.420367
5 5 -0.421524
5 6 -0.420659
5 7 -0.420524
5 8 -0.420586
5 9 -0.420600
5 10 -0.420596
5 11 -0.420595
5 12 -0.420595
5 13 -0.420596
5 14 -0.420596
5 15 -0.420596
5 16 -0.420596
5 17 -0.420596
5 18 -0.420596
5 19 -0.420596
5 20 -0.420596
5 21 -0.420596
5 22 -0.420596
5 23 -0.420596
5 24 -0.420596
5 25 -0.420596
5 26 -0.420596
5 27 -0.420597
5 28 -0.420597
5 29 -0.420597
5 30 -0.420597
5 31 -0.420597
5 32 -0.420597
5 33 -0.420597
5 34 -0.420597
5 35 -0.420597
5 36 -0.420597
5 37 -0.420597
5 38 -0.420597
5 39 -0.420597
5 40 -0.420597
5 41 -0.420597
5 42 -0.420597
5 43 -0.420597
5 44 -0.420597
5 45 -0.420597
5 46 -0.420597
5 47 -0.420597
5 48 -0.420597
5 49 -0.420597
5 50 -0.420597
5 51 -0.420597
5 52 -0.420597
5 53 -0.420597
5 54 -0.420597
5 55 -0.420597
5 56 -0.420597
5 57 -0.420597
5 58 -0.420597
5 59 -0.420597
5 60 -0.420597
5 61 -0.420597
5 62 -0.420597
5 63 -0.420597
6 0 -0.566391
6 1 -0.566391
6 2 -0.416157
6 3 -0.408774
6 4 -0.420367
6 5 -0.421524
6 6 -0.420658
6 7 -0.420524
6 8 -0.420586
6 9 -0.420600
6 10 -0.420596
6 11 -0.420595
6 12 -0.420595
6 13 -0.420595
6 14 -0.420595
6 15 -0.420595
6 16 -0.420595
6 17 -0.420595
6 18 -0.420596
6 19 -0.420596
6 20 -0.420596
6 21 -0.420596
6 22 -0.420596
6 23 -0.420596
6 24 -0.420596
6 25 -0.420596
6 26 -0.420596
6 27 -0.420596
6 28 -0.420596
6 29 -0.420596
6 30 -0.420596
6 31 -0.420596
6 32 -0.420596
6 33 -0.420596
6 34 -0.420596
6 35 -0.420596
6 36 -0.420596
6 37 -0.420596
6 38 -0.420596
6 39 -0.420596
6 40 -0.420596
6 41 -0.420596
6 42 -0.420597
6 43 -0.420597
6 44 -0.420597
6 45 -0.420597
6 46 -0.420597
6 47 -0.420597
6 48 -0.420597
6 49 -0.420597
6 50 -0.420597
6 51 -0.420597
6 52 -0.420597
6 53 -0.420597
6 54 -0.420597
6 55 -0.420597
6 56 -0.420597
6 57 -0.420597
6 58 -0.420597
6 59 -0.420597
6 60 -0.420597
6 61 -0.420597
6 62 -0.420597
6 63 -0.420597
7 0 -0.566390
7 1 -0.566390
7 2 -0.416157
7 3 -0.408774
7 4 -0.420366
7 5 -0.421523
7 6 -0.420658
7 7 -0.420523
7 8 -0.420586
7 9 -0.420600
7 10 -0.420595
7 11 -0.420594
7 12 -0.420595
7 13 -0.420595
7 14 -0.420595
7 15 -0.420595
7 16 -0.420595
7 17 -0.420595
7 18 -0.420595
7 19 -0.420595
7 20 -0.420595
7 21 -0.420595
7 22 -0.420595
7 23 -0.420595
7 24 -0.420595
7 25 -0.420595
7 26 -0.420595
7 27 -0.420596
7 28 -0.420596
7 29 -0.420596
7 30 -0.420596
7 31 -0.420596
7 32 -0.420596
7 33 -0.420596
7 34 -0.420596
7 35 -0.420596
7 36 -0.420596
7 37 -0.420596
7 38 -0.420596
7 39 -0.420596
7 40 -0.420596
7 41 -0.420596
7 42 -0.420596
7 43 -0.420596
7 44 -0.420596
7 45 -0.420596
7 46 -0.420596
7 47 -0.420596
7 48 -0.420596
7 49 -0.420596
7 50 -0.420596
7 51 -0.420596
7 52 -0.420596
7 53 -0.420596
7 54 -0.420596
7 55 -0.420596
7 56 -0.420596
7 57 -0.420596
7 58 -0.420596
7 59 -0.420596
7 60 -0.420596
7 61 -0.420596
7 62 -0.420596
7 63 -0.420596
8 0 -0.566390
8 1 -0.566390
8 2 -0.416156
8 3 -0.408774
8 4 -0.420366
8 5 -0.421523
8 6 -0.420658
8 7 -0.420523
8 8 -0.420586
8 9 -0.420599
8 10 -0.420595
8 11 -0.420594
8 12 -0.420594
8 13 -0.420594
8 14 -0.420594
8 15 -0.420595
8 16 -0.420595
8 17 -0.420595
8 18 -0.420595
8 19 -0.420595
8 20 -0.420595
8 21 -0.420595
8 22 -0.420595
8 23 -0.420595
8 24 -0.420595
8 25 -0.420595
8 26 -0.420595
8 27 -0.420595
8 28 -0.420595
8 29 -0.420595
8 30 -0.420595
8 31 -0.420595
8 32 -0.420595
8 33 -0.420595
8 34 -0.420595
8 35 -0.420595
8 36 -0.420595
8 37 -0.420595
8 38 -0.420595
8 39 -0.420595
8 40 -0.420595
8 41 -0.420595
8 42 -0.420595
8 43 -0.420595
8 44 -0.420595
8 45 -0.420595
8 46 -0.420595
8 47 -0.420595
8 48 -0.420595
8 49 -0.420595
8 50 -0.420595
8 51 -0.420595
8 52 -0.420595
8 53 -0.420595
8 54 -0.420596
8 55 -0.420596
8 56 -0.420596
8 57 -0.420596
8 58 -0.420596
8 59 -0.420596
8 60 -0.420596
8 61 -0.420596
8 62 -0.420596
8 63 -0.420596
9 0 -0.566390
9 1 -0.566390
9 2 -0.416156
9 3 -0.408774
9 4 -0.420366
9 5 -0.421523
9 6 -0.420658
9 7 -0.420523
9 8 -0.420585
9 9 -0.420599
9 10 -0.420595
9 11 -0.420594
9 12 -0.420594
9 13 -0.420594
9 14 -0.420594
9 15 -0.420594
9 16 -0.420594
9 17 -0.420594
9 18 -0.420594
9 19 -0.420594
9 20 -0.420594
9 21 -0.420594
9 22 -0.420594
9 23 -0.420594
9 24 -0.420595
9 25 -0.420595
9 26 -0.420595
9 27 -0.420595
9 28 -0.420595
9 29 -0.420595
9 30 -0.420595
9 31 -0.420595
9 32 -0.420595
9 33 -0.420595
9 34 -0.420595
9 35 -0.420595
9 36 -0.420595
9 37 -0.420595
9 38 -0.420595
9 39 -0.420595
9 40 -0.420595
9 41 -0.420595
9 42 -0.420595
9 43 -0.420595
9 44 -0.420595
9 45 -0.420595
9 46 -0.420595
9 47 -0.420595
9 48 -0.420595
9 49 -0.420595
9 50 -0.420595
9 51 -0.420595
9 52 -0.420595
9 53 -0.420595
9 54 -0.420595
9 55 -0.420595
9 56 -0.420595
9 57 -0.420595
9 58 -0.420595
9 59 -0.420595
9 60 -0.420595
9 61 -0.420595
9 62 -0.420595
9 63 -0.420595
10 0 -0.566390
10 1 -0.566390
10 2 -0.416156
10 3 -0.408774
10 4 -0.420366
10 5 -0.421523
10 6 -0.420657
10 7 -0.420523
10 8 -0.420585
10 9 -0.420599
10 10 -0.420595
10 11 -0.420593
10 12 -0.420594
10 13 -0.420594
10 14 -0.420594
10 15 -0.420594
10 16 -0.420594
10 17 -0.420594
10 18 -0.420594
10 19 -0.420594
10 20 -0.420594
10 21 -0.420594
10 22 -0.420594
10 23 -0.420594
10 24 -0.420594
10 25 -0.420594
10 26 -0.420594
10 27 -0.420594
10 28 -0.420594
10 29 -0.420594
10 30 -0.420594
10 31 -0.420594
10 32 -0.420594
10 33 -0.420594
10 34 -0.420594
10 35 -0.420594
10 36 -0.420594
10 37 -0.420594
10 38 -0.420594
10 39 -0.420594
10 40 -0.420594
10 41 -0.420594
10 42 -0.420594
10 43 -0.420594
10 44 -0.420594
10 45 -0.420594
10 46 -0.420594
10 47 -0.420594
10 48 -0.420594
10 49 -0.420594
10 50 -0.420594
10 51 -0.420594
10 52 -0.420594
10 53 -0.420594
10 54 -0.420594
10 55 -0.420594
10 56 -0.420594
10 57 -0.420594
10 58 -0.420594
10 59 -0.420594
10 60 -0.420594
10 61 -0.420594
10 62 -0.420594
10 63 -0.420594
11 0 -0.566390
11 1 -0.566390
11 2 -0.416156
11 3 -0.408773
11 4 -0.420365
11 5 -0.421523
11 6 -0.420657
11 7 -0.420522
11 8 -0.420585
11 9 -0.420599
11 10 -0.420594
11 11 -0.420593
11 12 -0.420593
11 13 -0.420593
11 14 -0.420594
11 15 -0.420594
11 16 -0.420594
11 17 -0.420594
11 18 -0.420594
11 19 -0.420594
11 20 -0.420594
11 21 -0.420594
11 22 -0.420594
11 23 -0.420594
11 24 -0.420594
11 25 -0.420594
11 26 -0.420594
11 27 -0.420594
11 28 -0.420594
11 29 -0.420594
11 30 -0.420594
11 31 -0.420594
11 32 -0.420594
11 33 -0.420594
11 34 -0.420594
11 35 -0.420594
11 36 -0.420594
11 37 -0.420594
11 38 -0.420594
11 39 -0.420594
11 40 -0.420594
11 41 -0.420594
11 42 -0.420594
11 43 -0.420594
11 44 -0.420594
11 45 -0.420594
11 46 -0.420594
11 47 -0.420594
11 48 -0.420594
11 49 -0.420594
11 50 -0.420594
11 51 -0.420594
11 52 -0.420594
11 53 -0.420594
11 54 -0.420594
11 55 -0.420594
11 56 -0.420594
11 57 -0.420594
11 58 -0.420594
11 59 -0.420594
11 60 -0.420594
11 61 -0.420594
11 62 -0.420594
11 63 -0.420594
12 0 -0.566390
12 1 -0.566390
12 2 -0.416156
12 3 -0.408773
12 4 -0.420365
12 5 -0.421522
12 6 -0.420657
12 7 -0.420522
12 8 -0.420585
12 9 -0.420598
12 10 -0.420594
12 11 -0.420593
12 12 -0.420593
12 13 -0.420593
12 14 -0.420593
12 15 -0.420593
12 16 -0.420593
12 17 -0.420593
12 18 -0.420593
12 19 -0.420593
12 20 -0.420593
12 21 -0.420593
12 22 -0.420593
12 23 -0.420593
12 24 -0.420593
12 25 -0.420593
12 26 -0.420593
12 27 -0.420593
12 28 -0.420593
12 29 -0.420593
12 30 -0.420593
12 31 -0.420593
12 32 -0.420593
12 33 -0.420593
12 34 -0.420593
12 35 -0.420593
12 36 -0.420593
12 37 -0.420593
12 38 -0.420593
12 39 -0.420593
12 40 -0.420593
12 41 -0.420593
12 42 -0.420593
12 43 -0.420593
12 44 -0.420593
12 45 -0.420593
12 46 -0.420593
12 47 -0.420593
12 48 -0.420593
12 49 -0.420593
12 50 -0.420593
12 51 -0.420593
12 52 -0.420593
12 53 -0.420593
12 54 -0.420593
12 55 -0.420593
12 56 -0.420593
12 57 -0.420593
12 58 -0.420593
12 59 -0.420593
12 60 -0.420593
12 61 -0.420593
12 62 -0.420593
12 63 -0.420593
13 0 -0.566389
13 1 -0.566389
13 2 -0.416156
13 3 -0.408773
13 4 -0.420365
13 5 -0.421522
13 6 -0.420657
13 7 -0.420522
13 8 -0.420584
13 9 -0.420598
13 10 -0.420594
13 11 -0.420593
13 12 -0.420593
13 13 -0.420593
13 14 -0.420593
13 15 -0.420593
13 16 -0.420593
13 17 -0.420593
13 18 -0.420593
13 19 -0.420593
13 20 -0.420593
13 21 -0.420593
13 22 -0.420593
13 23 -0.420593
13 24 -0.420593
13 25 -0.420593
13 26 -0.420593
13 27 -0.420593
13 28 -0.420593
13 29 -0.420593
13 30 -0.420593
13 31 -0.420593
13 32 -0.420593
13 33 -0.420593
13 34 -0.420593
13 35 -0.420593
13 36 -0.420593
13 37 -0.420593
13 38 -0.420593
13 39 -0.420593
13 40 -0.420593
13 41 -0.420593
13 42 -0.420593
13 43 -0.420593
13 44 -0.420593
13 45 -0.420593
13 46 -0.420593
13 47 -0.420593
13 48 -0.420593
13 49 -0.420593
13 50 -0.420593
13 51 -0.420593
13 52 -0.420593
13 53 -0.420593
13 54 -0.420593
13 55 -0.420593
13 56 -0.420593
13 57 -0.420593
13 58 -0.420593
13 59 -0.420593
13 60 -0.420593
13 61 -0.420593
13 62 -0.420593
13 63 -0.420593
14 0 -0.566389
14 1 -0.566389
14 2 -0.416155
14 3 -0.408773
14 4 -0.420365
14 5 -0.421522
14 6 -0.420656
14 7 -0.420522
14 8 -0.420584
14 9 -0.420598
14 10 -0.420594
14 11 -0.420592
14 12 -0.420593
14 13 -0.420593
14 14 -0.420593
14 15 -0.420593
14 16 -0.420593
14 17 -0.420593
14 18 -0.420593
14 19 -0.420593
14 20 -0.420593
14 21 -0.420593
14 22 -0.420593
14 23 -0.420593
14 24 -0.420593
14 25 -0.420593
14 26 -0.420593
14 27 -0.420593
14 28 -0.420593
14 29 -0.420593
14 30 -0.420593
14 31 -0.420593
14 32 -0.420593
14 33 -0.420593
14 34 -0.420593
14 35 -0.420593
14 36 -0.420593
14 37 -0.420593
14 38 -0.420593
14 39 -0.420593
14 40 -0.420593
14 41 -0.420593
14 42 -0.420593
14 43 -0.420593
14 44 -0.420593
14 45 -0.420593
14 46 -0.420593
14 47 -0.420593
14 48 -0.420593
14 49 -0.420593
14 50 -0.420593
14 51 -0.420593
14 52 -0.420593
14 53 -0.420593
14 54 -0.420593
14 55 -0.420593
14 56 -0.420593
14 57 -0.420593
14 58 -0.420593
14 59 -0.420593
14 60 -0.420593
14 61 -0.420593
14 62 -0.420593
14 63 -0.420593
15 0 -0.566389
15 1 -0.566389
15 2 -0.416155
15 3 -0.408773
15 4 -0.420365
15 5 -0.421522
15 6 -0.420656
15 7 -0.420522
15 8 -0.420584
15 9 -0.420598
15 10 -0.420593
15 11 -0.420592
15 12 -0.420592
15 13 -0.420592
15 14 -0.420592
15 15 -0.420592
15 16 -0.420592
15 17 -0.420592
15 18 -0.420592
15 19 -0.420592
15 20 -0.420592
15 21 -0.420592
15 22 -0.420592
15 23 -0.420592
15 24 -0.420592
15 25 -0.420592
15 26 -0.420592
15 27 -0.420592
15 28 -0.420592
15 29 -0.420592
15 30 -0.420592
15 31 -0.420592
15 32 -0.420592
15 33 -0.420592
15 34 -0.420592
15 35 -0.420592
15 36 -0.420592
15 37 -0.420592
15 38 -0.420592
15 39 -0.420592
15 40 -0.420592
15 41 -0.420592
15 42 -0.420592
15 43 -0.420592
15 44 -0.420592
15 45 -0.420592
15 46 -0.420592
15 47 -0.420592
15 48 -0.420592
15 49 -0.420592
15 50 -0.420592
15 51 -0.420592
15 52 -0.420592
15 53 -0.420592
15 54 -0.420592
15 55 -0.420592
15 56 -0.420592
15 57 -0.420592
15 58 -0.420592
15 59 -0.420592
15 60 -0.420592
15 61 -0.420592
15 62 -0.420592
15 63 -0.420592
16 0 -0.566389
16 1 -0.566389
16 2 -0.416155
16 3 -0.408773
16 4 -0.420365
16 5 -0.421522
16 6 -0.420656
16 7 -0.420521
16 8 -0.420584
16 9 -0.420597
16 10 -0.420593
16 11 -0.420592
16 12 -0.420592
16 13 -0.420592
16 14 -0.420592
16 15 -0.420592
16 16 -0.420592
16 17 -0.420592
16 18 -0.420592
16 19 -0.420592
16 20 -0.420592
16 21 -0.420592
16 22 -0.420592
16 23 -0.420592
16 24 -0.420592
16 25 -0.420592
16 26 -0.420592
16 27 -0.420592
16 28 -0.420592
16 29 -0.420592
16 30 -0.420592
16 31 -0.420592
16 32 -0.420592
16 33 -0.420592
16 34 -0.420592
16 35 -0.420592
16 36 -0.420592
16 37 -0.420592
16 38 -0.420592
16 39 -0.420592
16 40 -0.420592
16 41 -0.420592
16 42 -0.420592
16 43 -0.420592
16 44 -0.420592
16 45 -0.420592
16 46 -0.420592
16 47 -0.420592
16 48 -0.420592
16 49 -0.420592
16 50 -0.420592
16 51 -0.420592
16 52 -0.420592
16 53 -0.420592
16 54 -0.420592
16 55 -0.420592
16 56 -0.420592
16 57 -0.420592
16 58 -0.420592
16 59 -0.420592
16 60 -0.420592
16 61 -0.420592
16 62 -0.420592
16 63 -0.420592
17 0 -0.566389
17 1 -0.566389
17 2 -0.416155
17 3 -0.408773
17 4 -0.420365
17 5 -0.421522
17 6 -0.420656
17 7 -0.420521
17 8 -0.420584
17 9 -0.420597
17 10 -0.420593
17 11 -0.420592
17 12 -0.420592
17 13 -0.420592
17 14 -0.420592
17 15 -0.420592
17 16 -0.420592
17 17 -0.420592
17 18 -0.420592
17 19 -0.420592
17 20 -0.420592
17 21 -0.420592
17 22 -0.420592
17 23 -0.420592
17 24 -0.420592
17 25 -0.420592
17 26 -0.420592
17 27 -0.420592
17 28 -0.420592
17 29 -0.420592
17 30 -0.420592
17 31 -0.420592
17 32 -0.420592
17 33 -0.420592
17 34 -0.420592
17 35 -0.420592
17 36 -0.420592
17 37 -0.420592
17 38 -0.420592
17 39 -0.420592
17 40 -0.420592
17 41 -0.420592
17 42 -0.420592
17 43 -0.420592
17 44 -0.420592
17 45 -0.420592
17 46 -0.420592
17 47 -0.420592
17 48 -0.420592
17 49 -0.420592
17 50 -0.420592
17 51 -0.420592
17 52 -0.420591
17 53 -0.420591
17 54 -0.420591
17 55 -0.420591
17 56 -0.420591
17 57 -0.420591
17 58 -0.420591
17 59 -0.420591
17 60 -0.420591
17 61 -0.420591
17 62 -0.420591
17 63 -0.420591
18 0 -0.566389
18 1 -0.566389
18 2 -0.416155
18 3 -0.408772
18 4 -0.420364
18 5 -0.421521
18 6 -0.420656
18 7 -0.420521
18 8 -0.420583
18 9 -0.420597
18 10 -0.420593
18 11 -0.420591
18 12 -0.420592
18 13 -0.420592
18 14 -0.420592
18 15 -0.420592
18 16 -0.420592
18 17 -0.420592
18 18 -0.420592
18 19 -0.420592
18 20 -0.420592
18 21 -0.420592
18 22 -0.420592
18 23 -0.420591
18 24 -0.420591
18 25 -0.420591
18 26 -0.420591
18 27 -0.420591
18 28 -0.420591
18 29 -0.420591
18 30 -0.420591
18 31 -0.420591
18 32 -0.420591
18 33 -0.420591
18 34 -0.420591
18 35 -0.420591
18 36 -0.420591
18 37 -0.420591
18 38 -0.420591
18 39 -0.420591
18 40 -0.420591
18 41 -0.420591
18 42 -0.420591
18 43 -0.420591
18 44 -0.420591
18 45 -0.420591
18 46 -0.420591
18 47 -0.420591
18 48 -0.420591
18 49 -0.420591
18 50 -0.420591
18 51 -0.420591
18 52 -0.420591
18 53 -0.420591
18 54 -0.420591
18 55 -0.420591
18 56 -0.420591
18 57 -0.420591
18 58 -0.420591
18 59 -0.420591
18 60 -0.420591
18 61 -0.420591
18 62 -0.420591
18 63 -0.420591
19 0 -0.566389
19 1 -0.566389
19 2 -0.416155
19 3 -0.408772
19 4 -0.420364
19 5 -0.421521
19 6 -0.420656
19 7 -0.420521
19 8 -0.420583
19 9 -0.420597
19 10 -0.420593
19 11 -0.420591
19 12 -0.420592
19 13 -0.420592
19 14 -0.420592
19 15 -0.420592
19 16 -0.420591
19 17 -0.420591
19 18 -0.420591
19 19 -0.420591
19 20 -0.420591
19 21 -0.420591
19 22 -0.420591
19 23 -0.420591
19 24 -0.420591
19 25 -0.420591
19 26 -0.420591
19 27 -0.420591
19 28 -0.420591
19 29 -0.420591
19 30 -0.420591
19 31 -0.420591
19 32 -0.420591
19 33 -0.420591
19 34 -0.420591
19 35 -0.420591
19 36 -0.420591
19 37 -0.420591
19 38 -0.420591
19 39 -0.420591
19 40 -0.420591
19 41 -0.420591
19 42 -0.420591
19 43 -0.420591
19 44 -0.420591
19 45 -0.420591
19 46 -0.420591
19 47 -0.420591
19 48 -0.420591
19 49 -0.420591
19 50 -0.420591
19 51 -0.420591
19 52 -0.420591
19 53 -0.420591
19 54 -0.420591
19 55 -0.420591
19 56 -0.420591
19 57 -0.420591
19 58 -0.420591
19 59 -0.420591
19 60 -0.420591
19 61 -0.420591
19 62 -0.420591
19 63 -0.420591
20 0 -0.566389
20 1 -0.566389
20 2 -0.416155
20 3 -0.408772
20 4 -0.420364
20 5 -0.421521
20 6 -0.420656
20 7 -0.420521
20 8 -0.420583
20 9 -0.420597
20 10 -0.420592
20 11 -0.420591
20 12 -0.420591
20 13 -0.420591
20 14 -0.420591
20 15 -0.420591
20 16 -0.420591
20 17 -0.420591
20 18 -0.420591
20 19 -0.420591
20 20 -0.420591
20 21 -0.420591
20 22 -0.420591
20 23 -0.420591
20 24 -0.420591
20 25 -0.420591
20 26 -0.420591
20 27 -0.420591
20 28 -0.420591
20 29 -0.420591
20 30 -0.420591
20 31 -0.420591
20 32 -0.420591
20 33 -0.420591
20 34 -0.420591
20 35 -0.420591
20 36 -0.420591
20 37 -0.420591
20 38 -0.420591
20 39 -0.420591
20 40 -0.420591
20 41 -0.420591
20 42 -0.420591
20 43 -0.420591
20 44 -0.420591
20 45 -0.420591
20 46 -0.420591
20 47 -0.420591
20 48 -0.420591
20 49 -0.420591
20 50 -0.420591
20 51 -0.420591
20 52 -0.420591
20 53 -0.420591
20 54 -0.420591
20 55 -0.420591
20 56 -0.420591
20 57 -0.420591
20 58 -0.420591
20 59 -0.420591
20 60 -0.420591
20 61 -0.420591
20 62 -0.420591
20 63 -0.420591
21 0 -0.566388
21 1 -0.566388
21 2 -0.416155
21 3 -0.408772
21 4 -0.420364
21 5 -0.421521
21 6 -0.420655
21 7 -0.420521
21 8 -0.420583
21 9 -0.420597
21 10 -0.420592
21 11 -0.420591
21 12 -0.420591
21 13 -0.420591
21 14 -0.420591
21 15 -0.420591
21 16 -0.420591
21 17 -0.420591
21 18 -0.420591
21 19 -0.420591
21 20 -0.420591
21 21 -0.420591
21 22 -0.420591
21 23 -0.420591
21 24 -0.420591
21 25 -0.420591
21 26 -0.420591
21 27 -0.420591
21 28 -0.420591
21 29 -0.420591
21 30 -0.420591
21 31 -0.420591
21 32 -0.420591
21 33 -0.420591
21 34 -0.420591
21 35 -0.420591
21 36 -0.420591
21 37 -0.420590
21 38 -0.420590
21 39 -0.420590
21 40 -0.420590
21 41 -0.420590
21 42 -0.420590
21 43 -0.420590
21 44 -0.420590
21 45 -0.420590
21 46 -0.420590
21 47 -0.420590
21 48 -0.420590
21 49 -0.420590
21 50 -0.420590
21 51 -0.420590
21 52 -0.420590
21 53 -0.420590
21 54 -0.420590
21 55 -0.420590
21 56 -0.420590
21 57 -0.420590
21 58 -0.420590
21 59 -0.420590
21 60 -0.420590
21 61 -0.420590
21 62 -0.420590
21 63 -0.420590
22 0 -0.566388
22 1 -0.566388
22 2 -0.416155
22 3 -0.408772
22 4 -0.420364
22 5 -0.421521
22 6 -0.420655
22 7 -0.420521
22 8 -0.420583
22 9 -0.420597
22 10 -0.420592
22 11 -0.420591
22 12 -0.420591
22 13 -0.420591
22 14 -0.420591
22 15 -0.420591
22 16 -0.420591
22 17 -0.420591
22 18 -0.420591
22 19 -0.420591
22 20 -0.420591
22 21 -0.420591
22 22 -0.420591
22 23 -0.420591
22 24 -0.420591
22 25 -0.420591
22 26 -0.420591
22 27 -0.420591
22 28 -0.420590
22 29 -0.420590
22 30 -0.420590
22 31 -0.420590
22 32 -0.420590
22 33 -0.420590
22 34 -0.420590
22 35 -0.420590
22 36 -0.420590
22 37 -0.420590
22 38 -0.420590
22 39 -0.420590
22 40 -0.420590
22 41 -0.420590
22 42 -0.420590
22 43 -0.420590
22 44 -0.420590
22 45 -0.420590
22 46 -0.420590
22 47 -0.420590
22 48 -0.420590
22 49 -0.420590
22 50 -0.420590
22 51 -0.420590
22 52 -0.420590
22 53 -0.420590
22 54 -0.420590
22 55 -0.420590
22 56 -0.420590
22 57 -0.420590
22 58 -0.420590
22 59 -0.420590
22 60 -0.420590
22 61 -0.420590
22 62 -0.420590
22 63 -0.420590
23 0 -0.566388
23 1 -0.566388
23 2 -0.416154
23 3 -0.408772
23 4 -0.420364
23 5 -0.421521
23 6 -0.420655
23 7 -0.420521
23 8 -0.420583
23 9 -0.420596
23 10 -0.420592
23 11 -0.420591
23 12 -0.420591
23 13 -0.420591
23 14 -0.420591
23 15 -0.420591
23 16 -0.420591
23 17 -0.420591
23 18 -0.420591
23 19 -0.420591
23 20 -0.420591
23 21 -0.420591
23 22 -0.420591
23 23 -0.420590
23 24 -0.420590
23 25 -0.420590
23 26 -0.420590
23 27 -0.420590
23 28 -0.420590
23 29 -0.420590
23 30 -0.420590
23 31 -0.420590
23 32 -0.420590
23 33 -0.420590
23 34 -0.420590
23 35 -0.420590
23 36 -0.420590
23 37 -0.420590
23 38 -0.420590
23 39 -0.420590
23 40 -0.420590
23 41 -0.420590
23 42 -0.420590
23 43 -0.420590
23 44 -0.420590
23 45 -0.420590
23 46 -0.420590
23 47 -0.420590
23 48 -0.420590
23 49 -0.420590
23 50 -0.420590
23 51 -0.420590
23 52 -0.420590
23 53 -0.420590
23 54 -0.420590
23 55 -0.420590
23 56 -0.420590
23 57 -0.420590
23 58 -0.420590
23 59 -0.420590
23 60 -0.420590
23 61 -0.420590
23 62 -0.420590
23 63 -0.420590
24 0 -0.566388
24 1 -0.566388
24 2 -0.416154
24 3 -0.408772
24 4 -0.420364
24 5 -0.421521
24 6 -0.420655
24 7 -0.420520
24 8 -0.420583
24 9 -0.420596
24 10 -0.420592
24 11 -0.420591
24 12 -0.420591
24 13 -0.420591
24 14 -0.420591
24 15 -0.420591
24 16 -0.420591
24 17 -0.420591
24 18 -0.420591
24 19 -0.420591
24 20 -0.420590
24 21 -0.420590
24 22 -0.420590
24 23 -0.420590
24 24 -0.420590
24 25 -0.420590
24 26 -0.420590
24 27 -0.420590
24 28 -0.420590
24 29 -0.420590
24 30 -0.420590
24 31 -0.420590
24 32 -0.420590
24 33 -0.420590
24 34 -0.420590
24 35 -0.420590
24 36 -0.420590
24 37 -0.420590
24 38 -0.420590
24 39 -0.420590
24 40 -0.420590
24 41 -0.420590
24 42 -0.420590
24 43 -0.420590
24 44 -0.420590
24 45 -0.420590
24 46 -0.420590
24 47 -0.420590
24 48 -0.420590
24 49 -0.420590
24 50 -0.420590
24 51 -0.420590
24 52 -0.420590
24 53 -0.420590
24 54 -0.420590
24 55 -0.420590
24 56 -0.420590
24 57 -0.420590
24 58 -0.420590
24 59 -0.420590
24 60 -0.420590
24 61 -0.420590
24 62 -0.420590
24 63 -0.420590
25 0 -0.566388
25 1 -0.566388
25 2 -0.416154
25 3 -0.408772
25 4 -0.420364
25 5 -0.421521
25 6 -0.420655
25 7 -0.420520
25 8 -0.420583
25 9 -0.420596
25 10 -0.420592
25 11 -0.420591
25 12 -0.420591
25 13 -0.420591
25 14 -0.420591
25 15 -0.420591
25 16 -0.420591
25 17 -0.420591
25 18 -0.420590
25 19 -0.420590
25 20 -0.420590
25 21 -0.420590
25 22 -0.420590
25 23 -0.420590
25 24 -0.420590
25 25 -0.420590
25 26 -0.420590
25 27 -0.420590
25 28 -0.420590
25 29 -0.420590
25 30 -0.420590
25 31 -0.420590
25 32 -0.420590
25 33 -0.420590
25 34 -0.420590
25 35 -0.420590
25 36 -0.420590
25 37 -0.420590
25 38 -0.420590
25 39 -0.420590
25 40 -0.420590
25 41 -0.420590
25 42 -0.420590
25 43 -0.420590
25 44 -0.420590
25 45 -0.420590
25 46 -0.420590
25 47 -0.420590
25 48 -0.420590
25 49 -0.420590
25 50 -0.420590
25 51 -0.420590
25 52 -0.420590
25 53 -0.420590
25 54 -0.420590
25 55 -0.420590
25 56 -0.420590
25 57 -0.420590
25 58 -0.420590
25 59 -0.420590
25 60 -0.420590
25 61 -0.420590
25 62 -0.420589
25 63 -0.420589
26 0 -0.566388
26 1 -0.566388
26 2 -0.416154
26 3 -0.408772
26 4 -0.420364
26 5 -0.421521
26 6 -0.420655
26 7 -0.420520
26 8 -0.420583
26 9 -0.420596
26 10 -0.420592
26 11 -0.420590
26 12 -0.420591
26 13 -0.420591
26 14 -0.420591
26 15 -0.420591
26 16 -0.420590
26 17 -0.420590
26 18 -0.420590
26 19 -0.420590
26 20 -0.420590
26 21 -0.420590
26 22 -0.420590
26 23 -0.420590
26 24 -0.420590
26 25 -0.420590
26 26 -0.420590
26 27 -0.420590
26 28 -0.420590
26 29 -0.420590
26 30 -0.420590
26 31 -0.420590
26 32 -0.420590
26 33 -0.420590
26 34 -0.420590
26 35 -0.420590
26 36 -0.420590
26 37 -0.420590
26 38 -0.420590
26 39 -0.420590
26 40 -0.420590
26 41 -0.420590
26 42 -0.420590
26 43 -0.420590
26 44 -0.420589
26 45 -0.420589
26 46 -0.420589
26 47 -0.420589
26 48 -0.420589
26 49 -0.420589
26 50 -0.420589
26 51 -0.420589
26 52 -0.420589
26 53 -0.420589
26 54 -0.420589
26 55 -0.420589
26 56 -0.420589
26 57 -0.420589
26 58 -0.420589
26 59 -0.420589
26 60 -0.420589
26 61 -0.420589
26 62 -0.420589
26 63 -0.420589
27 0 -0.566388
27 1 -0.566388
27 2 -0.416154
27 3 -0.408772
27 4 -0.420364
27 5 -0.421521
27 6 -0.420655
27 7 -0.420520
27 8 -0.420582
27 9 -0.420596
27 10 -0.420592
27 11 -0.420590
27 12 -0.420591
27 13 -0.420591
27 14 -0.420591
27 15 -0.420590
27 16 -0.420590
27 17 -0.420590
27 18 -0.420590
27 19 -0.420590
27 20 -0.420590
27 21 -0.420590
27 22 -0.420590
27 23 -0.420590
27 24 -0.420590
27 25 -0.420590
27 26 -0.420590
27 27 -0.420590
27 28 -0.420590
27 29 -0.420590
27 30 -0.420590
27 31 -0.420590
27 32 -0.420590
27 33 -0.420590
27 34 -0.420590
27 35 -0.420590
27 36 -0.420590
27 37 -0.420590
27 38 -0.420589
27 39 -0.420589
27 40 -0.420589
27 41 -0.420589
27 42 -0.420589
27 43 -0.420589
27 44 -0.420589
27 45 -0.420589
27 46 -0.420589
27 47 -0.420589
27 48 -0.420589
27 49 -0.420589
27 50 -0.420589
27 51 -0.420589
27 52 -0.420589
27 53 -0.420589
27 54 -0.420589
27 55 -0.420589
27 56 -0.420589
27 57 -0.420589
27 58 -0.420589
27 59 -0.420589
27 60 -0.420589
27 61 -0.420589
27 62 -0.420589
27 63 -0.420589
28 0 -0.566388
28 1 -0.566388
28 2 -0.416154
28 3 -0.408772
28 4 -0.420364
28 5 -0.421521
28 6 -0.420655
28 7 -0.420520
28 8 -0.420582
28 9 -0.420596
28 10 -0.420592
28 11 -0.420590
28 12 -0.420591
28 13 -0.420591
28 14 -0.420590
28 15 -0.420590
28 16 -0.420590
28 17 -0.420590
28 18 -0.420590
28 19 -0.420590
28 20 -0.420590
28 21 -0.420590
28 22 -0.420590
28 23 -0.420590
28 24 -0.420590
28 25 -0.420590
28 26 -0.420590
28 27 -0.420590
28 28 -0.420590
28 29 -0.420590
28 30 -0.420590
28 31 -0.420590
28 32 -0.420590
28 33 -0.420590
28 34 -0.420590
28 35 -0.420589
28 36 -0.420589
28 37 -0.420589
28 38 -0.420589
28 39 -0.420589
28 40 -0.420589
28 41 -0.420589
28 42 -0.420589
28 43 -0.420589
28 44 -0.420589
28 45 -0.420589
28 46 -0.420589
28 47 -0.420589
28 48 -0.420589
28 49 -0.420589
28 50 -0.420589
28 51 -0.420589
28 52 -0.420589
28 53 -0.420589
28 54 -0.420589
28 55 -0.420589
28 56 -0.420589
28 57 -0.420589
28 58 -0.420589
28 59 -0.420589
28 60 -0.420589
28 61 -0.420589
28 62 -0.420589
28 63 -0.420589
29 0 -0.566388
29 1 -0.566388
29 2 -0.416154
29 3 -0.408772
29 4 -0.420364
29 5 -0.421521
29 6 -0.420655
29 7 -0.420520
29 8 -0.420582
29 9 -0.420596
29 10 -0.420592
29 11 -0.420590
29 12 -0.420590
29 13 -0.420591
29 14 -0.420590
29 15 -0.420590
29 16 -0.420590
29 17 -0.420590
29 18 -0.420590
29 19 -0.420590
29 20 -0.420590
29 21 -0.420590
29 22 -0.420590
29 23 -0.420590
29 24 -0.420590
29 25 -0.420590
29 26 -0.420590
29 27 -0.420590
29 28 -0.420590
29 29 -0.420590
29 30 -0.420590
29 31 -0.420590
29 32 -0.420589
29 33 -0.420589
29 34 -0.420589
29 35 -0.420589
29 36 -0.420589
29 37 -0.420589
29 38 -0.420589
29 39 -0.420589
29 40 -0.420589
29 41 -0.420589
29 42 -0.420589
29 43 -0.420589
29 44 -0.420589
29 45 -0.420589
29 46 -0.420589
29 47 -0.420589
29 48 -0.420589
29 49 -0.420589
29 50 -0.420589
29 51 -0.420589
29 52 -0.420589
29 53 -0.420589
29 54 -0.420589
29 55 -0.420589
29 56 -0.420589
29 57 -0.420589
29 58 -0.420589
29 59 -0.420589
29 60 -0.420589
29 61 -0.420589
29 62 -0.420589
29 63 -0.420589
30 0 -0.566388
30 1 -0.566388
30 2 -0.416154
30 3 -0.408772
30 4 -0.420364
30 5 -0.421521
30 6 -0.420655
30 7 -0.420520
30 8 -0.420582
30 9 -0.420596
30 10 -0.420592
30 11 -0.420590
30 12 -0.420590
30 13 -0.420590
30 14 -0.420590
30 15 -0.420590
30 16 -0.420590
30 17 -0.420590
30 18 -0.420590
30 19 -0.420590
30 20 -0.420590
30 21 -0.420590
30 22 -0.420590
30 23 -0.420590
30 24 -0.420590
30 25 -0.420590
30 26 -0.420590
30 27 -0.420590
30 28 -0.420590
30 29 -0.420590
30 30 -0.420590
30 31 -0.420589
30 32 -0.420589
30 33 -0.420589
30 34 -0.420589
30 35 -0.420589
30 36 -0.420589
30 37 -0.420589
30 38 -0.420589
30 39 -0.420589
30 40 -0.420589
30 41 -0.420589
30 42 -0.420589
30 43 -0.420589
30 44 -0.420589
30 45 -0.420589
30 46 -0.420589
30 47 -0.420589
30 48 -0.420589
30 49 -0.420589
30 50 -0.420589
30 51 -0.420589
30 52 -0.420589
30 53 -0.420589
30 54 -0.420589
30 55 -0.420589
30 56 -0.420589
30 57 -0.420589
30 58 -0.420589
30 59 -0.420589
30 60 -0.420589
30 61 -0.420589
30 62 -0.420589
30 63 -0.420589
31 0 -0.566388
31 1 -0.566388
31 2 -0.416154
31 3 -0.408772
31 4 -0.420364
31 5 -0.421521
31 6 -0.420655
31 7 -0.420520
31 8 -0.420582
31 9 -0.420596
31 10 -0.420592
31 11 -0.420590
31 12 -0.420590
31 13 -0.420590
31 14 -0.420590
31 15 -0.420590
31 16 -0.420590
31 17 -0.420590
31 18 -0.420590
31 19 -0.420590
31 20 -0.420590
31 21 -0.420590
31 22 -0.420590
31 23 -0.420590
31 24 -0.420590
31 25 -0.420590
31 26 -0.420590
31 27 -0.420590
31 28 -0.420590
31 29 -0.420590
31 30 -0.420589
31 31 -0.420589
31 32 -0.420589
31 33 -0.420589
31 34 -0.420589
31 35 -0.420589
31 36 -0.420589
31 37 -0.420589
31 38 -0.420589
31 39 -0.420589
31 40 -0.420589
31 41 -0.420589
31 42 -0.420589
31 43 -0.420589
31 44 -0.420589
31 45 -0.420589
31 46 -0.420589
31 47 -0.420589
31 48 -0.420589
31 49 -0.420589
31 50 -0.420589
31 51 -0.420589
31 52 -0.420589
31 53 -0.420589
31 54 -0.420589
31 55 -0.420589
31 56 -0.420589
31 57 -0.420589
31 58 -0.420589
31 59 -0.420589
31 60 -0.420589
31 61 -0.420589
31 62 -0.420589
31 63 -0.420589
32 0 -0.566388
32 1 -0.566388
32 2 -0.416154
32 3 -0.408772
32 4 -0.420364
32 5 -0.421521
32 6 -0.420655
32 7 -0.420520
32 8 -0.420582
32 9 -0.420596
32 10 -0.420592
32 11 -0.420590
32 12 -0.420590
32 13 -0.420590
32 14 -0.420590
32 15 -0.420590
32 16 -0.420590
32 17 -0.420590
32 18 -0.420590
32 19 -0.420590
32 20 -0.420590
32 21 -0.420590
32 22 -0.420590
32 23 -0.420590
32 24 -0.420590
32 25 -0.420590
32 26 -0.420590
32 27 -0.420590
32 28 -0.420590
32 29 -0.420590
32 30 -0.420589
32 31 -0.420589
32 32 -0.420589
32 33 -0.420589
32 34 -0.420589
32 35 -0.420589
32 36 -0.420589
32 37 -0.420589
32 38 -0.420589
32 39 -0.420589
32 40 -0.420589
32 41 -0.420589
32 42 -0.420589
32 43 -0.420589
32 44 -0.420589
32 45 -0.420589
32 46 -0.420589
32 47 -0.420589
32 48 -0.420589
32 49 -0.420589
32 50 -0.420589
32 51 -0.420589
32 52 -0.420589
32 53 -0.420589
32 54 -0.420589
32 55 -0.420589
32 56 -0.420589
32 57 -0.420589
32 58 -0.420589
32 59 -0.420589
32 60 -0.420589
32 61 -0.420589
32 62 -0.420589
32 63 -0.420589
33 0 -0.566388
33 1 -0.566388
33 2 -0.416154
33 3 -0.408772
33 4 -0.420364
33 5 -0.421521
33 6 -0.420655
33 7 -0.420520
33 8 -0.420582
33 9 -0.420596
33 10 -0.420592
33 11 -0.420590
33 12 -0.420590
33 13 -0.420590
33 14 -0.420590
33 15 -0.420590
33 16 -0.420590
33 17 -0.420590
33 18 -0.420590
33 19 -0.420590
33 20 -0.420590
33 21 -0.420590
33 22 -0.420590
33 23 -0.420590
33 24 -0.420590
33 25 -0.420590
33 26 -0.420590
33 27 -0.420590
33 28 -0.420590
33 29 -0.420590
33 30 -0.420589
33 31 -0.420589
33 32 -0.420589
33 33 -0.420589
33 34 -0.420589
33 35 -0.420589
33 36 -0.420589
33 37 -0.420589
33 38 -0.420589
33 39 -0.420589
33 40 -0.420589
33 41 -0.420589
33 42 -0.420589
33 43 -0.420589
33 44 -0.420589
33 45 -0.420589
33 46 -0.420589
33 47 -0.420589
33 48 -0.420589
33 49 -0.420589
33 50 -0.420589
33 51 -0.420589
33 52 -0.420589
33 53 -0.420589
33 54 -0.420589
33 55 -0.420589
33 56 -0.420589
33 57 -0.420589
33 58 -0.420589
33 59 -0.420589
33 60 -0.420589
33 61 -0.420589
33 62 -0.420589
33 63 -0.420589
34 0 -0.566388
34 1 -0.566388
34 2 -0.416154
34 3 -0.408772
34 4 -0.420364
34 5 -0.421521
34 6 -0.420655
34 7 -0.420520
34 8 -0.420582
34 9 -0.420596
34 10 -0.420592
34 11 -0.420590
34 12 -0.420590
34 13 -0.420590
34 14 -0.420590
34 15 -0.420590
34 16 -0.420590
34 17 -0.420590
34 18 -0.420590
34 19 -0.420590
34 20 -0.420590
34 21 -0.420590
34 22 -0.420590
34 23 -0.420590
34 24 -0.420590
34 25 -0.420590
34 26 -0.420590
34 27 -0.420590
34 28 -0.420590
34 29 -0.420590
34 30 -0.420590
34 31 -0.420589
34 32 -0.420589
34 33 -0.420589
34 34 -0.420589
34 35 -0.420589
34 36 -0.420589
34 37 -0.420589
34 38 -0.420589
34 39 -0.420589
34 40 -0.420589
34 41 -0.420589
34 42 -0.420589
34 43 -0.420589
34 44 -0.420589
34 45 -0.420589
34 46 -0.420589
34 47 -0.420589
34 48 -0.420589
34 49 -0.420589
34 50 -0.420589
34 51 -0.420589
34 52 -0.420589
34 53 -0.420589
34 54 -0.420589
34 55 -0.420589
34 56 -0.420589
34 57 -0.420589
34 58 -0.420589
34 59 -0.420589
34 60 -0.420589
34 61 -0.420589
34 62 -0.420589
34 63 -0.420589
35 0 -0.566388
35 1 -0.566388
35 2 -0.416154
35 3 -0.408772
35 4 -0.420364
35 5 -0.421521
35 6 -0.420655
35 7 -0.420520
35 8 -0.420582
35 9 -0.420596
35 10 -0.420592
35 11 -0.420590
35 12 -0.420590
35 13 -0.420591
35 14 -0.420590
35 15 -0.420590
35 16 -0.420590
35 17 -0.420590
35 18 -0.420590
35 19 -0.420590
35 20 -0.420590
35 21 -0.420590
35 22 -0.420590
35 23 -0.420590
35 24 -0.420590
35 25 -0.420590
35 26 -0.420590
35 27 -0.420590
35 28 -0.420590
35 29 -0.420590
35 30 -0.420590
35 31 -0.420590
35 32 -0.420590
35 33 -0.420589
35 34 -0.420589
35 35 -0.420589
35 36 -0.420589
35 37 -0.420589
35 38 -0.420589
35 39 -0.420589
35 40 -0.420589
35 41 -0.420589
35 42 -0.420589
35 43 -0.420589
35 44 -0.420589
35 45 -0.420589
35 46 -0.420589
35 47 -0.420589
35 48 -0.420589
35 49 -0.420589
35 50 -0.420589
35 51 -0.420589
35 52 -0.420589
35 53 -0.420589
35 54 -0.420589
35 55 -0.420589
35 56 -0.420589
35 57 -0.420589
35 58 -0.420589
35 59 -0.420589
35 60 -0.420589
35 61 -0.420589
35 62 -0.420589
35 63 -0.420589
36 0 -0.566388
36 1 -0.566388
36 2 -0.416154
36 3 -0.408772
36 4 -0.420364
36 5 -0.421521
36 6 -0.420655
36 7 -0.420520
36 8 -0.420582
36 9 -0.420596
36 10 -0.420592
36 11 -0.420590
36 12 -0.420591
36 13 -0.420591
36 14 -0.420590
36 15 -0.420590
36 16 -0.420590
36 17 -0.420590
36 18 -0.420590
36 19 -0.420590
36 20 -0.420590
36 21 -0.420590
36 22 -0.420590
36 23 -0.420590
36 24 -0.420590
36 25 -0.420590
36 26 -0.420590
36 27 -0.420590
36 28 -0.420590
36 29 -0.420590
36 30 -0.420590
36 31 -0.420590
36 32 -0.420590
36 33 -0.420590
36 34 -0.420590
36 35 -0.420589
36 36 -0.420589
36 37 -0.420589
36 38 -0.420589
36 39 -0.420589
36 40 -0.420589
36 41 -0.420589
36 42 -0.420589
36 43 -0.420589
36 44 -0.420589
36 45 -0.420589
36 46 -0.420589
36 47 -0.420589
36 48 -0.420589
36 49 -0.420589
36 50 -0.420589
36 51 -0.420589
36 52 -0.420589
36 53 -0.420589
36 54 -0.420589
36 55 -0.420589
36 56 -0.420589
36 57 -0.420589
36 58 -0.420589
36 59 -0.420589
36 60 -0.420589
36 61 -0.420589
36 62 -0.420589
36 63 -0.420589
37 0 -0.566388
37 1 -0.566388
37 2 -0.416154
37 3 -0.408772
37 4 -0.420364
37 5 -0.421521
37 6 -0.420655
37 7 -0.420520
37 8 -0.420582
37 9 -0.420596
37 10 -0.420592
37 11 -0.420590
37 12 -0.420591
37 13 -0.420591
37 14 -0.420591
37 15 -0.420590
37 16 -0.420590
37 17 -0.420590
37 18 -0.420590
37 19 -0.420590
37 20 -0.420590
37 21 -0.420590
37 22 -0.420590
37 23 -0.420590
37 24 -0.420590
37 25 -0.420590
37 26 -0.420590
37 27 -0.420590
37 28 -0.420590
37 29 -0.420590
37 30 -0.420590
37 31 -0.420590
37 32 -0.420590
37 33 -0.420590
37 34 -0.420590
37 35 -0.420590
37 36 -0.420590
37 37 -0.420590
37 38 -0.420589
37 39 -0.420589
37 40 -0.420589
37 41 -0.420589
37 42 -0.420589
37 43 -0.420589
37 44 -0.420589
37 45 -0.420589
37 46 -0.420589
37 47 -0.420589
37 48 -0.420589
37 49 -0.420589
37 50 -0.420589
37 51 -0.420589
37 52 -0.420589
37 53 -0.420589
37 54 -0.420589
37 55 -0.420589
37 56 -0.420589
37 57 -0.420589
37 58 -0.420589
37 59 -0.420589
37 60 -0.420589
37 61 -0.420589
37 62 -0.420589
37 63 -0.420589
38 0 -0.566388
38 1 -0.566388
38 2 -0.416154
38 3 -0.408772
38 4 -0.420364
38 5 -0.421521
38 6 -0.420655
38 7 -0.420520
38 8 -0.420583
38 9 -0.420596
38 10 -0.420592
38 11 -0.420590
38 12 -0.420591
38 13 -0.420591
38 14 -0.420591
38 15 -0.420591
38 16 -0.420590
38 17 -0.420590
38 18 -0.420590
38 19 -0.420590
38 20 -0.420590
38 21 -0.420590
38 22 -0.420590
38 23 -0.420590
38 24 -0.420590
38 25 -0.420590
38 26 -0.420590
38 27 -0.420590
38 28 -0.420590
38 29 -0.420590
38 30 -0.420590
38 31 -0.420590
38 32 -0.420590
38 33 -0.420590
38 34 -0.420590
38 35 -0.420590
38 36 -0.420590
38 37 -0.420590
38 38 -0.420590
38 39 -0.420590
38 40 -0.420590
38 41 -0.420590
38 42 -0.420590
38 43 -0.420590
38 44 -0.420590
38 45 -0.420589
38 46 -0.420589
38 47 -0.420589
38 48 -0.420589
38 49 -0.420589
38 50 -0.420589
38 51 -0.420589
38 52 -0.420589
38 53 -0.420589
38 54 -0.420589
38 55 -0.420589
38 56 -0.420589
38 57 -0.420589
38 58 -0.420589
38 59 -0.420589
38 60 -0.420589
38 61 -0.420589
38 62 -0.420589
38 63 -0.420589
39 0 -0.566388
39 1 -0.566388
39 2 -0.416154
39 3 -0.408772
39 4 -0.420364
39 5 -0.421521
39 6 -0.420655
39 7 -0.420520
39 8 -0.420583
39 9 -0.420596
39 10 -0.420592
39 11 -0.420591
39 12 -0.420591
39 13 -0.420591
39 14 -0.420591
39 15 -0.420591
39 16 -0.420591
39 17 -0.420591
39 18 -0.420590
39 19 -0.420590
39 20 -0.420590
39 21 -0.420590
39 22 -0.420590
39 23 -0.420590
39 24 -0.420590
39 25 -0.420590
39 26 -0.420590
39 27 -0.420590
39 28 -0.420590
39 29 -0.420590
39 30 -0.420590
39 31 -0.420590
39 32 -0.420590
39 33 -0.420590
39 34 -0.420590
39 35 -0.420590
39 36 -0.420590
39 37 -0.420590
39 38 -0.420590
39 39 -0.420590
39 40 -0.420590
39 41 -0.420590
39 42 -0.420590
39 43 -0.420590
39 44 -0.420590
39 45 -0.420590
39 46 -0.420590
39 47 -0.420590
39 48 -0.420590
39 49 -0.420590
39 50 -0.420590
39 51 -0.420590
39 52 -0.420590
39 53 -0.420590
39 54 -0.420590
39 55 -0.420590
39 56 -0.420590
39 57 -0.420590
39 58 -0.420590
39 59 -0.420590
39 60 -0.420590
39 61 -0.420590
39 62 -0.420590
39 63 -0.420590
40 0 -0.566388
40 1 -0.566388
40 2 -0.416154
40 3 -0.408772
40 4 -0.420364
40 5 -0.421521
40 6 -0.420655
40 7 -0.420520
40 8 -0.420583
40 9 -0.420596
40 10 -0.420592
40 11 -0.420591
40 12 -0.420591
40 13 -0.420591
40 14 -0.420591
40 15 -0.420591
40 16 -0.420591
40 17 -0.420591
40 18 -0.420591
40 19 -0.420591
40 20 -0.420591
40 21 -0.420590
40 22 -0.420590
40 23 -0.420590
40 24 -0.420590
40 25 -0.420590
40 26 -0.420590
40 27 -0.420590
40 28 -0.420590
40 29 -0.420590
40 30 -0.420590
40 31 -0.420590
40 32 -0.420590
40 33 -0.420590
40 34 -0.420590
40 35 -0.420590
40 36 -0.420590
40 37 -0.420590
40 38 -0.420590
40 39 -0.420590
40 40 -0.420590
40 41 -0.420590
40 42 -0.420590
40 43 -0.420590
40 44 -0.420590
40 45 -0.420590
40 46 -0.420590
40 47 -0.420590
40 48 -0.420590
40 49 -0.420590
40 50 -0.420590
40 51 -0.420590
40 52 -0.420590
40 53 -0.420590
40 54 -0.420590
40 55 -0.420590
40 56 -0.420590
40 57 -0.420590
40 58 -0.420590
40 59 -0.420590
40 60 -0.420590
40 61 -0.420590
40 62 -0.420590
40 63 -0.420590
41 0 -0.566388
41 1 -0.566388
41 2 -0.416154
41 3 -0.408772
41 4 -0.420364
41 5 -0.421521
41 6 -0.420655
41 7 -0.420521
41 8 -0.420583
41 9 -0.420596
41 10 -0.420592
41 11 -0.420591
41 12 -0.420591
41 13 -0.420591
41 14 -0.420591
41 15 -0.420591
41 16 -0.420591
41 17 -0.420591
41 18 -0.420591
41 19 -0.420591
41 20 -0.420591
41 21 -0.420591
41 22 -0.420591
41 23 -0.420591
41 24 -0.420590
41 25 -0.420590
41 26 -0.420590
41 27 -0.420590
41 28 -0.420590
41 29 -0.420590
41 30 -0.420590
41 31 -0.420590
41 32 -0.420590
41 33 -0.420590
41 34 -0.420590
41 35 -0.420590
41 36 -0.420590
41 37 -0.420590
41 38 -0.420590
41 39 -0.420590
41 40 -0.420590
41 41 -0.420590
41 42 -0.420590
41 43 -0.420590
41 44 -0.420590
41 45 -0.420590
41 46 -0.420590
41 47 -0.420590
41 48 -0.420590
41 49 -0.420590
41 50 -0.420590
41 51 -0.420590
41 52 -0.420590
41 53 -0.420590
41 54 -0.420590
41 55 -0.420590
41 56 -0.420590
41 57 -0.420590
41 58 -0.420590
41 59 -0.420590
41 60 -0.420590
41 61 -0.420590
41 62 -0.420590
41 63 -0.420590
42 0 -0.566388
42 1 -0.566388
42 2 -0.416155
42 3 -0.408772
42 4 -0.420364
42 5 -0.421521
42 6 -0.420655
42 7 -0.420521
42 8 -0.420583
42 9 -0.420597
42 10 -0.420592
42 11 -0.420591
42 12 -0.420591
42 13 -0.420591
42 14 -0.420591
42 15 -0.420591
42 16 -0.420591
42 17 -0.420591
42 18 -0.420591
42 19 -0.420591
42 20 -0.420591
42 21 -0.420591
42 22 -0.420591
42 23 -0.420591
42 24 -0.420591
42 25 -0.420591
42 26 -0.420591
42 27 -0.420591
42 28 -0.420591
42 29 -0.420590
42 30 -0.420590
42 31 -0.420590
42 32 -0.420590
42 33 -0.420590
42 34 -0.420590
42 35 -0.420590
42 36 -0.420590
42 37 -0.420590
42 38 -0.420590
42 39 -0.420590
42 40 -0.420590
42 41 -0.420590
42 42 -0.420590
42 43 -0.420590
42 44 -0.420590
42 45 -0.420590
42 46 -0.420590
42 47 -0.420590
42 48 -0.420590
42 49 -0.420590
42 50 -0.420590
42 51 -0.420590
42 52 -0.420590
42 53 -0.420590
42 54 -0.420590
42 55 -0.420590
42 56 -0.420590
42 57 -0.420590
42 58 -0.420590
42 59 -0.420590
42 60 -0.420590
42 61 -0.420590
42 62 -0.420590
42 63 -0.420590
43 0 -0.566389
43 1 -0.566389
43 2 -0.416155
43 3 -0.408772
43 4 -0.420364
43 5 -0.421521
43 6 -0.420655
43 7 -0.420521
43 8 -0.420583
43 9 -0.420597
43 10 -0.420592
43 11 -0.420591
43 12 -0.420591
43 13 -0.420591
43 14 -0.420591
43 15 -0.420591
43 16 -0.420591
43 17 -0.420591
43 18 -0.420591
43 19 -0.420591
43 20 -0.420591
43 21 -0.420591
43 22 -0.420591
43 23 -0.420591
43 24 -0.420591
43 25 -0.420591
43 26 -0.420591
43 27 -0.420591
43 28 -0.420591
43 29 -0.420591
43 30 -0.420591
43 31 -0.420591
43 32 -0.420591
43 33 -0.420591
43 34 -0.420591
43 35 -0.420591
43 36 -0.420591
43 37 -0.420591
43 38 -0.420591
43 39 -0.420590
43 40 -0.420590
43 41 -0.420590
43 42 -0.420590
43 43 -0.420590
43 44 -0.420590
43 45 -0.420590
43 46 -0.420590
43 47 -0.420590
43 48 -0.420590
43 49 -0.420590
43 50 -0.420590
43 51 -0.420590
43 52 -0.420590
43 53 -0.420590
43 54 -0.420590
43 55 -0.420590
43 56 -0.420590
43 57 -0.420590
43 58 -0.420590
43 59 -0.420590
43 60 -0.420590
43 61 -0.420590
43 62 -0.420590
43 63 -0.420590
44 0 -0.566389
44 1 -0.566389
44 2 -0.416155
44 3 -0.408772
44 4 -0.420364
44 5 -0.421521
44 6 -0.420656
44 7 -0.420521
44 8 -0.420583
44 9 -0.420597
44 10 -0.420593
44 11 -0.420591
44 12 -0.420591
44 13 -0.420591
44 14 -0.420591
44 15 -0.420591
44 16 -0.420591
44 17 -0.420591
44 18 -0.420591
44 19 -0.420591
44 20 -0.420591
44 21 -0.420591
44 22 -0.420591
44 23 -0.420591
44 24 -0.420591
44 25 -0.420591
44 26 -0.420591
44 27 -0.420591
44 28 -0.420591
44 29 -0.420591
44 30 -0.420591
44 31 -0.420591
44 32 -0.420591
44 33 -0.420591
44 34 -0.420591
44 35 -0.420591
44 36 -0.420591
44 37 -0.420591
44 38 -0.420591
44 39 -0.420591
44 40 -0.420591
44 41 -0.420591
44 42 -0.420591
44 43 -0.420591
44 44 -0.420591
44 45 -0.420591
44 46 -0.420591
44 47 -0.420591
44 48 -0.420591
44 49 -0.420591
44 50 -0.420591
44 51 -0.420591
44 52 -0.420591
44 53 -0.420591
44 54 -0.420591
44 55 -0.420591
44 56 -0.420591
44 57 -0.420591
44 58 -0.420591
44 59 -0.420591
44 60 -0.420591
44 61 -0.420591
44 62 -0.420591
44 63 -0.420591
45 0 -0.566389
45 1 -0.566389
45 2 -0.416155
45 3 -0.408772
45 4 -0.420364
45 5 -0.421521
45 6 -0.420656
45 7 -0.420521
45 8 -0.420583
45 9 -0.420597
45 10 -0.420593
45 11 -0.420591
45 12 -0.420592
45 13 -0.420592
45 14 -0.420592
45 15 -0.420592
45 16 -0.420592
45 17 -0.420591
45 18 -0.420591
45 19 -0.420591
45 20 -0.420591
45 21 -0.420591
45 22 -0.420591
45 23 -0.420591
45 24 -0.420591
45 25 -0.420591
45 26 -0.420591
45 27 -0.420591
45 28 -0.420591
45 29 -0.420591
45 30 -0.420591
45 31 -0.420591
45 32 -0.420591
45 33 -0.420591
45 34 -0.420591
45 35 -0.420591
45 36 -0.420591
45 37 -0.420591
45 38 -0.420591
45 39 -0.420591
45 40 -0.420591
45 41 -0.420591
45 42 -0.420591
45 43 -0.420591
45 44 -0.420591
45 45 -0.420591
45 46 -0.420591
45 47 -0.420591
45 48 -0.420591
45 49 -0.420591
45 50 -0.420591
45 51 -0.420591
45 52 -0.420591
45 53 -0.420591
45 54 -0.420591
45 55 -0.420591
45 56 -0.420591
45 57 -0.420591
45 58 -0.420591
45 59 -0.420591
45 60 -0.420591
45 61 -0.420591
45 62 -0.420591
45 63 -0.420591
46 0 -0.566389
46 1 -0.566389
46 2 -0.416155
46 3 -0.408772
46 4 -0.420364
46 5 -0.421521
46 6 -0.420656
46 7 -0.420521
46 8 -0.420583
46 9 -0.420597
46 10 -0.420593
46 11 -0.420592
46 12 -0.420592
46 13 -0.420592
46 14 -0.420592
46 15 -0.420592
46 16 -0.420592
46 17 -0.420592
46 18 -0.420592
46 19 -0.420592
46 20 -0.420592
46 21 -0.420592
46 22 -0.420592
46 23 -0.420592
46 24 -0.420592
46 25 -0.420591
46 26 -0.420591
46 27 -0.420591
46 28 -0.420591
46 29 -0.420591
46 30 -0.420591
46 31 -0.420591
46 32 -0.420591
46 33 -0.420591
46 34 -0.420591
46 35 -0.420591
46 36 -0.420591
46 37 -0.420591
46 38 -0.420591
46 39 -0.420591
46 40 -0.420591
46 41 -0.420591
46 42 -0.420591
46 43 -0.420591
46 44 -0.420591
46 45 -0.420591
46 46 -0.420591
46 47 -0.420591
46 48 -0.420591
46 49 -0.420591
46 50 -0.420591
46 51 -0.420591
46 52 -0.420591
46 53 -0.420591
46 54 -0.420591
46 55 -0.420591
46 56 -0.420591
46 57 -0.420591
46 58 -0.420591
46 59 -0.420591
46 60 -0.420591
46 61 -0.420591
46 62 -0.420591
46 63 -0.420591
47 0 -0.566389
47 1 -0.566389
47 2 -0.416155
47 3 -0.408773
47 4 -0.420365
47 5 -0.421522
47 6 -0.420656
47 7 -0.420521
47 8 -0.420584
47 9 -0.420597
47 10 -0.420593
47 11 -0.420592
47 12 -0.420592
47 13 -0.420592
47 14 -0.420592
47 15 -0.420592
47 16 -0.420592
47 17 -0.420592
47 18 -0.420592
47 19 -0.420592
47 20 -0.420592
47 21 -0.420592
47 22 -0.420592
47 23 -0.420592
47 24 -0.420592
47 25 -0.420592
47 26 -0.420592
47 27 -0.420592
47 28 -0.420592
47 29 -0.420592
47 30 -0.420592
47 31 -0.420592
47 32 -0.420592
47 33 -0.420592
47 34 -0.420592
47 35 -0.420592
47 36 -0.420592
47 37 -0.420592
47 38 -0.420592
47 39 -0.420592
47 40 -0.420592
47 41 -0.420592
47 42 -0.420592
47 43 -0.420592
47 44 -0.420592
47 45 -0.420592
47 46 -0.420592
47 47 -0.420592
47 48 -0.420592
47 49 -0.420592
47 50 -0.420592
47 51 -0.420592
47 52 -0.420592
47 53 -0.420592
47 54 -0.420592
47 55 -0.420592
47 56 -0.420592
47 57 -0.420592
47 58 -0.420592
47 59 -0.420592
47 60 -0.420592
47 61 -0.420592
47 62 -0.420592
47 63 -0.420592
48 0 -0.566389
48 1 -0.566389
48 2 -0.416155
48 3 -0.408773
48 4 -0.420365
48 5 -0.421522
48 6 -0.420656
48 7 -0.420522
48 8 -0.420584
48 9 -0.420598
48 10 -0.420593
48 11 -0.420592
48 12 -0.420592
48 13 -0.420592
48 14 -0.420592
48 15 -0.420592
48 16 -0.420592
48 17 -0.420592
48 18 -0.420592
48 19 -0.420592
48 20 -0.420592
48 21 -0.420592
48 22 -0.420592
48 23 -0.420592
48 24 -0.420592
48 25 -0.420592
48 26 -0.420592
48 27 -0.420592
48 28 -0.420592
48 29 -0.420592
48 30 -0.420592
48 31 -0.420592
48 32 -0.420592
48 33 -0.420592
48 34 -0.420592
48 35 -0.420592
48 36 -0.420592
48 37 -0.420592
48 38 -0.420592
48 39 -0.420592
48 40 -0.420592
48 41 -0.420592
48 42 -0.420592
48 43 -0.420592
48 44 -0.420592
48 45 -0.420592
48 46 -0.420592
48 47 -0.420592
48 48 -0.420592
48 49 -0.420592
48 50 -0.420592
48 51 -0.420592
48 52 -0.420592
48 53 -0.420592
48 54 -0.420592
48 55 -0.420592
48 56 -0.420592
48 57 -0.420592
48 58 -0.420592
48 59 -0.420592
48 60 -0.420592
48 61 -0.420592
48 62 -0.420592
48 63 -0.420592
49 0 -0.566389
49 1 -0.566389
49 2 -0.416155
49 3 -0.408773
49 4 -0.420365
49 5 -0.421522
49 6 -0.420656
49 7 -0.420522
49 8 -0.420584
49 9 -0.420598
49 10 -0.420593
49 11 -0.420592
49 12 -0.420592
49 13 -0.420592
49 14 -0.420592
49 15 -0.420592
49 16 -0.420592
49 17 -0.420592
49 18 -0.420592
49 19 -0.420592
49 20 -0.420592
49 21 -0.420592
49 22 -0.420592
49 23 -0.420592
49 24 -0.420592
49 25 -0.420592
49 26 -0.420592
49 27 -0.420592
49 28 -0.420592
49 29 -0.420592
49 30 -0.420592
49 31 -0.420592
49 32 -0.420592
49 33 -0.420592
49 34 -0.420592
49 35 -0.420592
49 36 -0.420592
49 37 -0.420592
49 38 -0.420592
49 39 -0.420592
49 40 -0.420592
49 41 -0.420592
49 42 -0.420592
49 43 -0.420592
49 44 -0.420592
49 45 -0.420592
49 46 -0.420592
49 47 -0.420592
49 48 -0.420592
49 49 -0.420592
49 50 -0.420592
49 51 -0.420592
49 52 -0.420592
49 53 -0.420592
49 54 -0.420592
49 55 -0.420592
49 56 -0.420592
49 57 -0.420592
49 58 -0.420592
49 59 -0.420592
49 60 -0.420592
49 61 -0.420592
49 62 -0.420592
49 63 -0.420592
50 0 -0.566389
50 1 -0.566389
50 2 -0.416155
50 3 -0.408773
50 4 -0.420365
50 5 -0.421522
50 6 -0.420657
50 7 -0.420522
50 8 -0.420584
50 9 -0.420598
50 10 -0.420594
50 11 -0.420592
50 12 -0.420593
50 13 -0.420593
50 14 -0.420593
50 15 -0.420593
50 16 -0.420593
50 17 -0.420593
50 18 -0.420593
50 19 -0.420593
50 20 -0.420593
50 21 -0.420593
50 22 -0.420593
50 23 -0.420593
50 24 -0.420593
50 25 -0.420593
50 26 -0.420593
50 27 -0.420593
50 28 -0.420593
50 29 -0.420593
50 30 -0.420593
50 31 -0.420593
50 32 -0.420593
50 33 -0.420593
50 34 -0.420593
50 35 -0.420593
50 36 -0.420593
50 37 -0.420593
50 38 -0.420593
50 39 -0.420593
50 40 -0.420593
50 41 -0.420593
50 42 -0.420593
50 43 -0.420593
50 44 -0.420593
50 45 -0.420593
50 46 -0.420593
50 47 -0.420593
50 48 -0.420593
50 49 -0.420593
50 50 -0.420593
50 51 -0.420593
50 52 -0.420593
50 53 -0.420593
50 54 -0.420593
50 55 -0.420593
50 56 -0.420593
50 57 -0.420593
50 58 -0.420593
50 59 -0.420593
50 60 -0.420593
50 61 -0.420593
50 62 -0.420593
50 63 -0.420593
51 0 -0.566389
51 1 -0.566389
51 2 -0.416156
51 3 -0.408773
51 4 -0.420365
51 5 -0.421522
51 6 -0.420657
51 7 -0.420522
51 8 -0.420584
51 9 -0.420598
51 10 -0.420594
51 11 -0.420593
51 12 -0.420593
51 13 -0.420593
51 14 -0.420593
51 15 -0.420593
51 16 -0.420593
51 17 -0.420593
51 18 -0.420593
51 19 -0.420593
51 20 -0.420593
51 21 -0.420593
51 22 -0.420593
51 23 -0.420593
51 24 -0.420593
51 25 -0.420593
51 26 -0.420593
51 27 -0.420593
51 28 -0.420593
51 29 -0.420593
51 30 -0.420593
51 31 -0.420593
51 32 -0.420593
51 33 -0.420593
51 34 -0.420593
51 35 -0.420593
51 36 -0.420593
51 37 -0.420593
51 38 -0.420593
51 39 -0.420593
51 40 -0.420593
51 41 -0.420593
51 42 -0.420593
51 43 -0.420593
51 44 -0.420593
51 45 -0.420593
51 46 -0.420593
51 47 -0.420593
51 48 -0.420593
51 49 -0.420593
51 50 -0.420593
51 51 -0.420593
51 52 -0.420593
51 53 -0.420593
51 54 -0.420593
51 55 -0.420593
51 56 -0.420593
51 57 -0.420593
51 58 -0.420593
51 59 -0.420593
51 60 -0.420593
51 61 -0.420593
51 62 -0.420593
51 63 -0.420593
52 0 -0.566390
52 1 -0.566390
52 2 -0.416156
52 3 -0.408773
52 4 -0.420365
52 5 -0.421522
52 6 -0.420657
52 7 -0.420522
52 8 -0.420585
52 9 -0.420598
52 10 -0.420594
52 11 -0.420593
52 12 -0.420593
52 13 -0.420593
52 14 -0.420593
52 15 -0.420593
52 16 -0.420593
52 17 -0.420593
52 18 -0.420593
52 19 -0.420593
52 20 -0.420593
52 21 -0.420593
52 22 -0.420593
52 23 -0.420593
52 24 -0.420593
52 25 -0.420593
52 26 -0.420593
52 27 -0.420593
52 28 -0.420593
52 29 -0.420593
52 30 -0.420593
52 31 -0.420593
52 32 -0.420593
52 33 -0.420593
52 34 -0.420593
52 35 -0.420593
52 36 -0.420593
52 37 -0.420593
52 38 -0.420593
52 39 -0.420593
52 40 -0.420593
52 41 -0.420593
52 42 -0.420593
52 43 -0.420594
52 44 -0.420594
52 45 -0.420594
52 46 -0.420594
52 47 -0.420594
52 48 -0.420594
52 49 -0.420594
52 50 -0.420594
52 51 -0.420594
52 52 -0.420594
52 53 -0.420594
52 54 -0.420594
52 55 -0.420594
52 56 -0.420594
52 57 -0.420594
52 58 -0.420594
52 59 -0.420594
52 60 -0.420594
52 61 -0.420594
52 62 -0.420594
52 63 -0.420594
53 0 -0.566390
53 1 -0.566390
53 2 -0.416156
53 3 -0.408774
53 4 -0.420366
53 5 -0.421523
53 6 -0.420657
53 7 -0.420523
53 8 -0.420585
53 9 -0.420599
53 10 -0.420594
53 11 -0.420593
53 12 -0.420593
53 13 -0.420594
53 14 -0.420594
53 15 -0.420594
53 16 -0.420594
53 17 -0.420594
53 18 -0.420594
53 19 -0.420594
53 20 -0.420594
53 21 -0.420594
53 22 -0.420594
53 23 -0.420594
53 24 -0.420594
53 25 -0.420594
53 26 -0.420594
53 27 -0.420594
53 28 -0.420594
53 29 -0.420594
53 30 -0.420594
53 31 -0.420594
53 32 -0.420594
53 33 -0.420594
53 34 -0.420594
53 35 -0.420594
53 36 -0.420594
53 37 -0.420594
53 38 -0.420594
53 39 -0.420594
53 40 -0.420594
53 41 -0.420594
53 42 -0.420594
53 43 -0.420594
53 44 -0.420594
53 45 -0.420594
53 46 -0.420594
53 47 -0.420594
53 48 -0.420594
53 49 -0.420594
53 50 -0.420594
53 51 -0.420594
53 52 -0.420594
53 53 -0.420594
53 54 -0.420594
53 55 -0.420594
53 56 -0.420594
53 57 -0.420594
53 58 -0.420594
53 59 -0.420594
53 60 -0.420594
53 61 -0.420594
53 62 -0.420594
53 63 -0.420594
54 0 -0.566390
54 1 -0.566390
54 2 -0.416156
54 3 -0.408774
54 4 -0.420366
54 5 -0.421523
54 6 -0.420657
54 7 -0.420523
54 8 -0.420585
54 9 -0.420599
54 10 -0.420595
54 11 -0.420593
54 12 -0.420594
54 13 -0.420594
54 14 -0.420594
54 15 -0.420594
54 16 -0.420594
54 17 -0.420594
54 18 -0.420594
54 19 -0.420594
54 20 -0.420594
54 21 -0.420594
54 22 -0.420594
54 23 -0.420594
54 24 -0.420594
54 25 -0.420594
54 26 -0.420594
54 27 -0.420594
54 28 -0.420594
54 29 -0.420594
54 30 -0.420594
54 31 -0.420594
54 32 -0.420594
54 33 -0.420594
54 34 -0.420594
54 35 -0.420594
54 36 -0.420594
54 37 -0.420594
54 38 -0.420594
54 39 -0.420594
54 40 -0.420594
54 41 -0.420594
54 42 -0.420594
54 43 -0.420594
54 44 -0.420594
54 45 -0.420594
54 46 -0.420594
54 47 -0.420594
54 48 -0.420594
54 49 -0.420594
54 50 -0.420594
54 51 -0.420594
54 52 -0.420594
54 53 -0.420594
54 54 -0.420595
54 55 -0.420595
54 56 -0.420595
54 57 -0.420595
54 58 -0.420595
54 59 -0.420595
54 60 -0.420595
54 61 -0.420595
54 62 -0.420595
54 63 -0.420595
55 0 -0.566390
55 1 -0.566390
55 2 -0.416156
55 3 -0.408774
55 4 -0.420366
55 5 -0.421523
55 6 -0.420658
55 7 -0.420523
55 8 -0.420585
55 9 -0.420599
55 10 -0.420595
55 11 -0.420594
55 12 -0.420594
55 13 -0.420594
55 14 -0.420594
55 15 -0.420594
55 16 -0.420594
55 17 -0.420594
55 18 -0.420594
55 19 -0.420594
55 20 -0.420594
55 21 -0.420594
55 22 -0.420595
55 23 -0.420595
55 24 -0.420595
55 25 -0.420595
55 26 -0.420595
55 27 -0.420595
55 28 -0.420595
55 29 -0.420595
55 30 -0.420595
55 31 -0.420595
55 32 -0.420595
55 33 -0.420595
55 34 -0.420595
55 35 -0.420595
55 36 -0.420595
55 37 -0.420595
55 38 -0.420595
55 39 -0.420595
55 40 -0.420595
55 41 -0.420595
55 42 -0.420595
55 43 -0.420595
55 44 -0.420595
55 45 -0.420595
55 46 -0.420595
55 47 -0.420595
55 48 -0.420595
55 49 -0.420595
55 50 -0.420595
55 51 -0.420595
55 52 -0.420595
55 53 -0.420595
55 54 -0.420595
55 55 -0.420595
55 56 -0.420595
55 57 -0.420595
55 58 -0.420595
55 59 -0.420595
55 60 -0.420595
55 61 -0.420595
55 62 -0.420595
55 63 -0.420595
56 0 -0.566390
56 1 -0.566390
56 2 -0.416156
56 3 -0.408774
56 4 -0.420366
56 5 -0.421523
56 6 -0.420658
56 7 -0.420523
56 8 -0.420586
56 9 -0.420599
56 10 -0.420595
56 11 -0.420594
56 12 -0.420594
56 13 -0.420595
56 14 -0.420595
56 15 -0.420595
56 16 -0.420595
56 17 -0.420595
56 18 -0.420595
56 19 -0.420595
56 20 -0.420595
56 21 -0.420595
56 22 -0.420595
56 23 -0.420595
56 24 -0.420595
56 25 -0.420595
56 26 -0.420595
56 27 -0.420595
56 28 -0.420595
56 29 -0.420595
56 30 -0.420595
56 31 -0.420595
56 32 -0.420595
56 33 -0.420595
56 34 -0.420595
56 35 -0.420595
56 36 -0.420595
56 37 -0.420595
56 38 -0.420595
56 39 -0.420595
56 40 -0.420595
56 41 -0.420595
56 42 -0.420595
56 43 -0.420595
56 44 -0.420595
56 45 -0.420595
56 46 -0.420596
56 47 -0.420596
56 48 -0.420596
56 49 -0.420596
56 50 -0.420596
56 51 -0.420596
56 52 -0.420596
56 53 -0.420596
56 54 -0.420596
56 55 -0.420596
56 56 -0.420596
56 57 -0.420596
56 58 -0.420596
56 59 -0.420596
56 60 -0.420596
56 61 -0.420596
56 62 -0.420596
56 63 -0.420596
57 0 -0.566391
57 1 -0.566391
57 2 -0.416157
57 3 -0.408774
57 4 -0.420366
57 5 -0.421524
57 6 -0.420658
57 7 -0.420524
57 8 -0.420586
57 9 -0.420600
57 10 -0.420596
57 11 -0.420594
57 12 -0.420595
57 13 -0.420595
57 14 -0.420595
57 15 -0.420595
57 16 -0.420595
57 17 -0.420595
57 18 -0.420595
57 19 -0.420595
57 20 -0.420595
57 21 -0.420595
57 22 -0.420595
57 23 -0.420595
57 24 -0.420595
57 25 -0.420596
57 26 -0.420596
57 27 -0.420596
57 28 -0.420596
57 29 -0.420596
57 30 -0.420596
57 31 -0.420596
57 32 -0.420596
57 33 -0.420596
57 34 -0.420596
57 35 -0.420596
57 36 -0.420596
57 37 -0.420596
57 38 -0.420596
57 39 -0.420596
57 40 -0.420596
57 41 -0.420596
57 42 -0.420596
57 43 -0.420596
57 44 -0.420596
57 45 -0.420596
57 46 -0.420596
57 47 -0.420596
57 48 -0.420596
57 49 -0.420596
57 50 -0.420596
57 51 -0.420596
57 52 -0.420596
57 53 -0.420596
57 54 -0.420596
57 55 -0.420596
57 56 -0.420596
57 57 -0.420596
57 58 -0.420596
57 59 -0.420596
57 60 -0.420596
57 61 -0.420596
57 62 -0.420596
57 63 -0.420596
58 0 -0.566391
58 1 -0.566391
58 2 -0.416157
58 3 -0.408775
58 4 -0.420367
58 5 -0.421524
58 6 -0.420658
58 7 -0.420524
58 8 -0.420586
58 9 -0.420600
58 10 -0.420596
58 11 -0.420595
58 12 -0.420595
58 13 -0.420595
58 14 -0.420595
58 15 -0.420595
58 16 -0.420595
58 17 -0.420596
58 18 -0.420596
58 19 -0.420596
58 20 -0.420596
58 21 -0.420596
58 22 -0.420596
58 23 -0.420596
58 24 -0.420596
58 25 -0.420596
58 26 -0.420596
58 27 -0.420596
58 28 -0.420596
58 29 -0.420596
58 30 -0.420596
58 31 -0.420596
58 32 -0.420596
58 33 -0.420596
58 34 -0.420596
58 35 -0.420596
58 36 -0.420596
58 37 -0.420596
58 38 -0.420596
58 39 -0.420597
58 40 -0.420597
58 41 -0.420597
58 42 -0.420597
58 43 -0.420597
58 44 -0.420597
58 45 -0.420597
58 46 -0.420597
58 47 -0.420597
58 48 -0.420597
58 49 -0.420597
58 50 -0.420597
58 51 -0.420597
58 52 -0.420597
58 53 -0.420597
58 54 -0.420597
58 55 -0.420597
58 56 -0.420597
58 57 -0.420597
58 58 -0.420597
58 59 -0.420597
58 60 -0.420597
58 61 -0.420597
58 62 -0.420597
58 63 -0.420597
59 0 -0.566391
59 1 -0.566391
59 2 -0.416157
59 3 -0.408775
59 4 -0.420367
59 5 -0.421524
59 6 -0.420659
59 7 -0.420524
59 8 -0.420587
59 9 -0.420600
59 10 -0.420596
59 11 -0.420595
59 12 -0.420595
59 13 -0.420596
59 14 -0.420596
59 15 -0.420596
59 16 -0.420596
59 17 -0.420596
59 18 -0.420596
59 19 -0.420596
59 20 -0.420596
59 21 -0.420596
59 22 -0.420596
59 23 -0.420596
59 24 -0.420596
59 25 -0.420597
59 26 -0.420597
59 27 -0.420597
59 28 -0.420597
59 29 -0.420597
59 30 -0.420597
59 31 -0.420597
59 32 -0.420597
59 33 -0.420597
59 34 -0.420597
59 35 -0.420597
59 36 -0.420597
59 37 -0.420597
59 38 -0.420597
59 39 -0.420597
59 40 -0.420597
59 41 -0.420597
59 42 -0.420597
59 43 -0.420597
59 44 -0.420597
59 45 -0.420597
59 46 -0.420597
59 47 -0.420597
59 48 -0.420597
59 49 -0.420597
59 50 -0.420597
59 51 -0.420597
59 52 -0.420597
59 53 -0.420597
59 54 -0.420597
59 55 -0.420597
59 56 -0.420597
59 57 -0.420597
59 58 -0.420597
59 59 -0.420597
59 60 -0.420597
59 61 -0.420597
59 62 -0.420597
59 63 -0.420597
60 0 -0.566391
60 1 -0.566391
60 2 -0.416157
60 3 -0.408775
60 4 -0.420367
60 5 -0.421524
60 6 -0.420659
60 7 -0.420524
60 8 -0.420587
60 9 -0.420601
60 10 -0.420597
60 11 -0.420595
60 12 -0.420596
60 13 -0.420596
60 14 -0.420596
60 15 -0.420596
60 16 -0.420596
60 17 -0.420596
60 18 -0.420596
60 19 -0.420597
60 20 -0.420597
60 21 -0.420597
60 22 -0.420597
60 23 -0.420597
60 24 -0.420597
60 25 -0.420597
60 26 -0.420597
60 27 -0.420597
60 28 -0.420597
60 29 -0.420597
60 30 -0.420597
60 31 -0.420597
60 32 -0.420597
60 33 -0.420597
60 34 -0.420598
60 35 -0.420598
60 36 -0.420598
60 37 -0.420598
60 38 -0.420598
60 39 -0.420598
60 40 -0.420598
60 41 -0.420598
60 42 -0.420598
60 43 -0.420598
60 44 -0.420598
60 45 -0.420598
60 46 -0.420598
60 47 -0.420598
60 48 -0.420598
60 49 -0.420598
60 50 -0.420598
60 51 -0.420598
60 52 -0.420598
60 53 -0.420598
60 54 -0.420598
60 55 -0.420598
60 56 -0.420598
60 57 -0.420598
60 58 -0.420598
60 59 -0.420598
60 60 -0.420598
60 61 -0.420598
60 62 -0.420598
60 63 -0.420598
61 0 -0.566391
61 1 -0.566391
61 2 -0.416157
61 3 -0.408775
61 4 -0.420367
61 5 -0.421525
61 6 -0.420659
61 7 -0.420525
61 8 -0.420587
61 9 -0.420601
61 10 -0.420597
61 11 -0.420596
61 12 -0.420596
61 13 -0.420596
61 14 -0.420597
61 15 -0.420597
61 16 -0.420597
61 17 -0.420597
61 18 -0.420597
61 19 -0.420597
61 20 -0.420597
61 21 -0.420597
61 22 -0.420597
61 23 -0.420597
61 24 -0.420598
61 25 -0.420598
61 26 -0.420598
61 27 -0.420598
61 28 -0.420598
61 29 -0.420598
61 30 -0.420598
61 31 -0.420598
61 32 -0.420598
61 33 -0.420598
61 34 -0.420598
61 35 -0.420598
61 36 -0.420598
61 37 -0.420598
61 38 -0.420598
61 39 -0.420598
61 40 -0.420598
61 41 -0.420598
61 42 -0.420598
61 43 -0.420598
61 44 -0.420599
61 45 -0.420599
61 46 -0.420599
61 47 -0.420599
61 48 -0.420599
61 49 -0.420599
61 50 -0.420599
61 51 -0.420599
61 52 -0.420599
61 53 -0.420599
61 54 -0.420599
61 55 -0.420599
61 56 -0.420599
61 57 -0.420599
61 58 -0.420599
61 59 -0.420599
61 60 -0.420599
61 61 -0.420599
61 62 -0.420599
61 63 -0.420599
62 0 -0.566392
62 1 -0.566392
62 2 -0.416158
62 3 -0.408775
62 4 -0.420368
62 5 -0.421525
62 6 -0.420660
62 7 -0.420525
62 8 -0.420587
62 9 -0.420601
62 10 -0.420597
62 11 -0.420596
62 12 -0.420597
62 13 -0.420597
62 14 -0.420597
62 15 -0.420597
62 16 -0.420597
62 17 -0.420597
62 18 -0.420597
62 19 -0.420598
62 20 -0.420598
62 21 -0.420598
62 22 -0.420598
62 23 -0.420598
62 24 -0.420598
62 25 -0.420598
62 26 -0.420598
62 27 -0.420598
62 28 -0.420598
62 29 -0.420598
62 30 -0.420599
62 31 -0.420599
62 32 -0.420599
62 33 -0.420599
62 34 -0.420599
62 35 -0.420599
62 36 -0.420599
62 37 -0.420599
62 38 -0.420599
62 39 -0.420599
62 40 -0.420599
62 41 -0.420599
62 42 -0.420599
62 43 -0.420599
62 44 -0.420599
62 45 -0.420599
62 46 -0.420599
62 47 -0.420599
62 48 -0.420599
62 49 -0.420599
62 50 -0.420599
62 51 -0.420599
62 52 -0.420599
62 53 -0.420599
62 54 -0.420599
62 55 -0.420599
62 56 -0.420599
62 57 -0.420599
62 58 -0.420599
62 59 -0.420599
62 60 -0.420599
62 61 -0.420599
62 62 -0.420599
62 63 -0.420599
63 0 0.000000
63 1 0.000000
63 2 0.000000
63 3 0.000000
63 4 0.000000
63 5 0.000000
63 6 0.000000
63 7 0.000000
63 8 0.000000
63 9 0.000000
63 10 0.000000
63 11 0.000000
63 12 0.000000
63 13 0.000000
63 14 0.000000
63 15 0.000000
63 16 0.000000
63 17 0.000000
63 18 0.000000
63 19 0.000000
63 20 0.000000
63 21 0.000000
63 22 0.000000
63 23 0.000000
63 24 0.000000
63 25 0.000000
63 26 0.000000
63 27 0.000000
63 28 0.000000
63 29 0.000000
63 30 0.000000
63 31 0.000000
63 32 0.000000
63 33 0.000000
63 34 0.000000
63 35 0.000000
63 36 0.000000
63 37 0.000000
63 38 0.000000
63 39 0.000000
63 40 0.000000
63 41 0.000000
63 42 0.000000
63 43 0.000000
63 44 0.000000
63 45 0.000000
63 46 0.000000
63 47 0.000000
63 48 0.000000
63 49 0.000000
63 50 0.000000
63 51 0.000000
63 52 0.000000
63 53 0.000000
63 54 0.000000
63 55 0.000000
63 56 0.000000
63 57 0.000000
63 58 0.000000
63 59 0.000000
63 60 0.000000
63 61 0.000000
63 62 0.000000
63 63 0.000000
