0 0 0.000000
0 1 0.000000
0 2 0.000000
0 3 0.000000
0 4 0.000000
0 5 0.000000
0 6 0.000000
0 7 0.000000
0 8 0.000000
0 9 0.000000
0 10 0.000000
0 11 0.000000
0 12 0.000000
0 13 0.000000
0 14 0.000000
0 15 0.000000
0 16 0.000000
0 17 0.000000
0 18 0.000000
0 19 0.000000
0 20 0.000000
0 21 0.000000
0 22 0.000000
0 23 0.000000
0 24 0.000000
0 25 0.000000
0 26 0.000000
0 27 0.000000
0 28 0.000000
0 29 0.000000
0 30 0.000000
0 31 0.000000
0 32 0.000000
0 33 0.000000
0 34 0.000000
0 35 0.000000
0 36 0.000000
0 37 0.000000
0 38 0.000000
0 39 0.000000
0 40 0.000000
0 41 0.000000
0 42 0.000000
0 43 0.000000
0 44 0.000000
0 45 0.000000
0 46 0.000000
0 47 0.000000
0 48 0.000000
0 49 0.000000
0 50 0.000000
0 51 0.000000
0 52 0.000000
0 53 0.000000
0 54 0.000000
0 55 0.000000
0 56 0.000000
0 57 0.000000
0 58 0.000000
0 59 0.000000
0 60 0.000000
0 61 0.000000
0 62 0.000000
0 63 0.000000
1 0 -0.568513
1 1 -0.568513
1 2 -0.417714
1 3 -0.410304
1 4 -0.421940
1 5 -0.423101
1 6 -0.422233
1 7 -0.422098
1 8 -0.422160
1 9 -0.422174
1 10 -0.422170
1 11 -0.422169
1 12 -0.422170
1 13 -0.422170
1 14 -0.422170
1 15 -0.422170
1 16 -0.422170
1 17 -0.422170
1 18 -0.422171
1 19 -0.422171
1 20 -0.422171
1 21 -0.422171
1 22 -0.422171
1 23 -0.422171
1 24 -0.422171
1 25 -0.422171
1 26 -0.422171
1 27 -0.422172
1 28 -0.422172
1 29 -0.422172
1 30 -0.422172
1 31 -0.422172
1 32 -0.422172
1 33 -0.422172
1 34 -0.422172
1 35 -0.422172
1 36 -0.422172
1 37 -0.422172
1 38 -0.422172
1 39 -0.422172
1 40 -0.422172
1 41 -0.422172
1 42 -0.422172
1 43 -0.422172
1 44 -0.422172
1 45 -0.422173
1 46 -0.422173
1 47 -0.422173
1 48 -0.422173
1 49 -0.422173
1 50 -0.422173
1 51 -0.422173
1 52 -0.422173
1 53 -0.422173
1 54 -0.422173
1 55 -0.422173
1 56 -0.422173
1 57 -0.422173
1 58 -0.422173
1 59 -0.422173
1 60 -0.422173
1 61 -0.422173
1 62 -0.422173
1 63 -0.422173
2 0 -0.568512
2 1 -0.568512
2 2 -0.417714
2 3 -0.410303
2 4 -0.421939
2 5 -0.423101
2 6 -0.422232
2 7 -0.422097
2 8 -0.422160
2 9 -0.422174
2 10 -0.422170
2 11 -0.422169
2 12 -0.422169
2 13 -0.422169
2 14 -0.422170
2 15 -0.422170
2 16 -0.422170
2 17 -0.422170
2 18 -0.422170
2 19 -0.422170
2 20 -0.422170
2 21 -0.422170
2 22 -0.422170
2 23 -0.422171
2 24 -0.422171
2 25 -0.422171
2 26 -0.422171
2 27 -0.422171
2 28 -0.422171
2 29 -0.422171
2 30 -0.422171
2 31 -0.422171
2 32 -0.422171
2 33 -0.422171
2 34 -0.422171
2 35 -0.422171
2 36 -0.422171
2 37 -0.422172
2 38 -0.422172
2 39 -0.422172
2 40 -0.422172
2 41 -0.422172
2 42 -0.422172
2 43 -0.422172
2 44 -0.422172
2 45 -0.422172
2 46 -0.422172
2 47 -0.422172
2 48 -0.422172
2 49 -0.422172
2 50 -0.422172
2 51 -0.422172
2 52 -0.422172
2 53 -0.422172
2 54 -0.422172
2 55 -0.422172
2 56 -0.422172
2 57 -0.422172
2 58 -0.422172
2 59 -0.422172
2 60 -0.422172
2 61 -0.422172
2 62 -0.422172
2 63 -0.422172
3 0 -0.568512
3 1 -0.568512
3 2 -0.417713
3 3 -0.410303
3 4 -0.421939
3 5 -0.423101
3 6 -0.422232
3 7 -0.422097
3 8 -0.422160
3 9 -0.422174
3 10 -0.422170
3 11 -0.422168
3 12 -0.422169
3 13 -0.422169
3 14 -0.422169
3 15 -0.422169
3 16 -0.422169
3 17 -0.422169
3 18 -0.422170
3 19 -0.422170
3 20 -0.422170
3 21 -0.422170
3 22 -0.422170
3 23 -0.422170
3 24 -0.422170
3 25 -0.422170
3 26 -0.422170
3 27 -0.422170
3 28 -0.422170
3 29 -0.422170
3 30 -0.422171
3 31 -0.422171
3 32 -0.422171
3 33 -0.422171
3 34 -0.422171
3 35 -0.422171
3 36 -0.422171
3 37 -0.422171
3 38 -0.422171
3 39 -0.422171
3 40 -0.422171
3 41 -0.422171
3 42 -0.422171
3 43 -0.422171
3 44 -0.422171
3 45 -0.422171
3 46 -0.422171
3 47 -0.422171
3 48 -0.422171
3 49 -0.422171
3 50 -0.422171
3 51 -0.422171
3 52 -0.422171
3 53 -0.422171
3 54 -0.422171
3 55 -0.422171
3 56 -0.422171
3 57 -0.422171
3 58 -0.422171
3 59 -0.422171
3 60 -0.422171
3 61 -0.422171
3 62 -0.422171
3 63 -0.422171
4 0 -0.568512
4 1 -0.568512
4 2 -0.417713
4 3 -0.410303
4 4 -0.421939
4 5 -0.423100
4 6 -0.422232
4 7 -0.422097
4 8 -0.422159
4 9 -0.422173
4 10 -0.422169
4 11 -0.422168
4 12 -0.422168
4 13 -0.422169
4 14 -0.422169
4 15 -0.422169
4 16 -0.422169
4 17 -0.422169
4 18 -0.422169
4 19 -0.422169
4 20 -0.422169
4 21 -0.422169
4 22 -0.422169
4 23 -0.422169
4 24 -0.422170
4 25 -0.422170
4 26 -0.422170
4 27 -0.422170
4 28 -0.422170
4 29 -0.422170
4 30 -0.422170
4 31 -0.422170
4 32 -0.422170
4 33 -0.422170
4 34 -0.422170
4 35 -0.422170
4 36 -0.422170
4 37 -0.422170
4 38 -0.422170
4 39 -0.422170
4 40 -0.422170
4 41 -0.422170
4 42 -0.422170
4 43 -0.422170
4 44 -0.422170
4 45 -0.422170
4 46 -0.422170
4 47 -0.422171
4 48 -0.422171
4 49 -0.422171
4 50 -0.422171
4 51 -0.422171
4 52 -0.422171
4 53 -0.422171
4 54 -0.422171
4 55 -0.422171
4 56 -0.422171
4 57 -0.422171
4 58 -0.422171
4 59 -0.422171
4 60 -0.422171
4 61 -0.422171
4 62 -0.422171
4 63 -0.422171
5 0 -0.568512
5 1 -0.568512
5 2 -0.417713
5 3 -0.410303
5 4 -0.421939
5 5 -0.423100
5 6 -0.422231
5 7 -0.422096
5 8 -0.422159
5 9 -0.422173
5 10 -0.422169
5 11 -0.422168
5 12 -0.422168
5 13 -0.422168
5 14 -0.422168
5 15 -0.422168
5 16 -0.422168
5 17 -0.422169
5 18 -0.422169
5 19 -0.422169
5 20 -0.422169
5 21 -0.422169
5 22 -0.422169
5 23 -0.422169
5 24 -0.422169
5 25 -0.422169
5 26 -0.422169
5 27 -0.422169
5 28 -0.422169
5 29 -0.422169
5 30 -0.422169
5 31 -0.422169
5 32 -0.422169
5 33 -0.422169
5 34 -0.422170
5 35 -0.422170
5 36 -0.422170
5 37 -0.422170
5 38 -0.422170
5 39 -0.422170
5 40 -0.422170
5 41 -0.422170
5 42 -0.422170
5 43 -0.422170
5 44 -0.422170
5 45 -0.422170
5 46 -0.422170
5 47 -0.422170
5 48 -0.422170
5 49 -0.422170
5 50 -0.422170
5 51 -0.422170
5 52 -0.422170
5 53 -0.422170
5 54 -0.422170
5 55 -0.422170
5 56 -0.422170
5 57 -0.422170
5 58 -0.422170
5 59 -0.422170
5 60 -0.422170
5 61 -0.422170
5 62 -0.422170
5 63 -0.422170
6 0 -0.568511
6 1 -0.568511
6 2 -0.417713
6 3 -0.410303
6 4 -0.421938
6 5 -0.423100
6 6 -0.422231
6 7 -0.422096
6 8 -0.422159
6 9 -0.422173
6 10 -0.422168
6 11 -0.422167
6 12 -0.422168
6 13 -0.422168
6 14 -0.422168
6 15 -0.422168
6 16 -0.422168
6 17 -0.422168
6 18 -0.422168
6 19 -0.422168
6 20 -0.422168
6 21 -0.422168
6 22 -0.422168
6 23 -0.422168
6 24 -0.422169
6 25 -0.422169
6 26 -0.422169
6 27 -0.422169
6 28 -0.422169
6 29 -0.422169
6 30 -0.422169
6 31 -0.422169
6 32 -0.422169
6 33 -0.422169
6 34 -0.422169
6 35 -0.422169
6 36 -0.422169
6 37 -0.422169
6 38 -0.422169
6 39 -0.422169
6 40 -0.422169
6 41 -0.422169
6 42 -0.422169
6 43 -0.422169
6 44 -0.422169
6 45 -0.422169
6 46 -0.422169
6 47 -0.422169
6 48 -0.422169
6 49 -0.422169
6 50 -0.422169
6 51 -0.422169
6 52 -0.422169
6 53 -0.422169
6 54 -0.422169
6 55 -0.422169
6 56 -0.422169
6 57 -0.422169
6 58 -0.422169
6 59 -0.422169
6 60 -0.422169
6 61 -0.422169
6 62 -0.422169
6 63 -0.422169
7 0 -0.568511
7 1 -0.568511
7 2 -0.417712
7 3 -0.410302
7 4 -0.421938
7 5 -0.423100
7 6 -0.422231
7 7 -0.422096
7 8 -0.422158
7 9 -0.422172
7 10 -0.422168
7 11 -0.422167
7 12 -0.422167
7 13 -0.422167
7 14 -0.422168
7 15 -0.422168
7 16 -0.422168
7 17 -0.422168
7 18 -0.422168
7 19 -0.422168
7 20 -0.422168
7 21 -0.422168
7 22 -0.422168
7 23 -0.422168
7 24 -0.422168
7 25 -0.422168
7 26 -0.422168
7 27 -0.422168
7 28 -0.422168
7 29 -0.422168
7 30 -0.422168
7 31 -0.422168
7 32 -0.422168
7 33 -0.422168
7 34 -0.422168
7 35 -0.422168
7 36 -0.422168
7 37 -0.422169
7 38 -0.422169
7 39 -0.422169
7 40 -0.422169
7 41 -0.422169
7 42 -0.422169
7 43 -0.422169
7 44 -0.422169
7 45 -0.422169
7 46 -0.422169
7 47 -0.422169
7 48 -0.422169
7 49 -0.422169
7 50 -0.422169
7 51 -0.422169
7 52 -0.422169
7 53 -0.422169
7 54 -0.422169
7 55 -0.422169
7 56 -0.422169
7 57 -0.422169
7 58 -0.422169
7 59 -0.422169
7 60 -0.422169
7 61 -0.422169
7 62 -0.422169
7 63 -0.422169
8 0 -0.568511
8 1 -0.568511
8 2 -0.417712
8 3 -0.410302
8 4 -0.421938
8 5 -0.423099
8 6 -0.422231
8 7 -0.422096
8 8 -0.422158
8 9 -0.422172
8 10 -0.422168
8 11 -0.422167
8 12 -0.422167
8 13 -0.422167
8 14 -0.422167
8 15 -0.422167
8 16 -0.422167
8 17 -0.422167
8 18 -0.422167
8 19 -0.422167
8 20 -0.422167
8 21 -0.422168
8 22 -0.422168
8 23 -0.422168
8 24 -0.422168
8 25 -0.422168
8 26 -0.422168
8 27 -0.422168
8 28 -0.422168
8 29 -0.422168
8 30 -0.422168
8 31 -0.422168
8 32 -0.422168
8 33 -0.422168
8 34 -0.422168
8 35 -0.422168
8 36 -0.422168
8 37 -0.422168
8 38 -0.422168
8 39 -0.422168
8 40 -0.422168
8 41 -0.422168
8 42 -0.422168
8 43 -0.422168
8 44 -0.422168
8 45 -0.422168
8 46 -0.422168
8 47 -0.422168
8 48 -0.422168
8 49 -0.422168
8 50 -0.422168
8 51 -0.422168
8 52 -0.422168
8 53 -0.422168
8 54 -0.422168
8 55 -0.422168
8 56 -0.422168
8 57 -0.422168
8 58 -0.422168
8 59 -0.422168
8 60 -0.422168
8 61 -0.422168
8 62 -0.422168
8 63 -0.422168
9 0 -0.568511
9 1 -0.568511
9 2 -0.417712
9 3 -0.410302
9 4 -0.421938
9 5 -0.423099
9 6 -0.422230
9 7 -0.422095
9 8 -0.422158
9 9 -0.422172
9 10 -0.422168
9 11 -0.422166
9 12 -0.422167
9 13 -0.422167
9 14 -0.422167
9 15 -0.422167
9 16 -0.422167
9 17 -0.422167
9 18 -0.422167
9 19 -0.422167
9 20 -0.422167
9 21 -0.422167
9 22 -0.422167
9 23 -0.422167
9 24 -0.422167
9 25 -0.422167
9 26 -0.422167
9 27 -0.422167
9 28 -0.422167
9 29 -0.422167
9 30 -0.422167
9 31 -0.422167
9 32 -0.422167
9 33 -0.422167
9 34 -0.422167
9 35 -0.422167
9 36 -0.422167
9 37 -0.422167
9 38 -0.422167
9 39 -0.422168
9 40 -0.422168
9 41 -0.422168
9 42 -0.422168
9 43 -0.422168
9 44 -0.422168
9 45 -0.422168
9 46 -0.422168
9 47 -0.422168
9 48 -0.422168
9 49 -0.422168
9 50 -0.422168
9 51 -0.422168
9 52 -0.422168
9 53 -0.422168
9 54 -0.422168
9 55 -0.422168
9 56 -0.422168
9 57 -0.422168
9 58 -0.422168
9 59 -0.422168
9 60 -0.422168
9 61 -0.422168
9 62 -0.422168
9 63 -0.422168
10 0 -0.568511
10 1 -0.568511
10 2 -0.417712
10 3 -0.410302
10 4 -0.421938
10 5 -0.423099
10 6 -0.422230
10 7 -0.422095
10 8 -0.422158
10 9 -0.422172
10 10 -0.422167
10 11 -0.422166
10 12 -0.422166
10 13 -0.422166
10 14 -0.422166
10 15 -0.422167
10 16 -0.422167
10 17 -0.422167
10 18 -0.422167
10 19 -0.422167
10 20 -0.422167
10 21 -0.422167
10 22 -0.422167
10 23 -0.422167
10 24 -0.422167
10 25 -0.422167
10 26 -0.422167
10 27 -0.422167
10 28 -0.422167
10 29 -0.422167
10 30 -0.422167
10 31 -0.422167
10 32 -0.422167
10 33 -0.422167
10 34 -0.422167
10 35 -0.422167
10 36 -0.422167
10 37 -0.422167
10 38 -0.422167
10 39 -0.422167
10 40 -0.422167
10 41 -0.422167
10 42 -0.422167
10 43 -0.422167
10 44 -0.422167
10 45 -0.422167
10 46 -0.422167
10 47 -0.422167
10 48 -0.422167
10 49 -0.422167
10 50 -0.422167
10 51 -0.422167
10 52 -0.422167
10 53 -0.422167
10 54 -0.422167
10 55 -0.422167
10 56 -0.422167
10 57 -0.422167
10 58 -0.422167
10 59 -0.422167
10 60 -0.422167
10 61 -0.422167
10 62 -0.422167
10 63 -0.422167
11 0 -0.568510
11 1 -0.568510
11 2 -0.417712
11 3 -0.410302
11 4 -0.421937
11 5 -0.423099
11 6 -0.422230
11 7 -0.422095
11 8 -0.422157
11 9 -0.422171
11 10 -0.422167
11 11 -0.422166
11 12 -0.422166
11 13 -0.422166
11 14 -0.422166
11 15 -0.422166
11 16 -0.422166
11 17 -0.422166
11 18 -0.422166
11 19 -0.422166
11 20 -0.422166
11 21 -0.422166
11 22 -0.422166
11 23 -0.422166
11 24 -0.422166
11 25 -0.422166
11 26 -0.422166
11 27 -0.422166
11 28 -0.422166
11 29 -0.422166
11 30 -0.422166
11 31 -0.422166
11 32 -0.422166
11 33 -0.422166
11 34 -0.422167
11 35 -0.422167
11 36 -0.422167
11 37 -0.422167
11 38 -0.422167
11 39 -0.422167
11 40 -0.422167
11 41 -0.422167
11 42 -0.422167
11 43 -0.422167
11 44 -0.422167
11 45 -0.422167
11 46 -0.422167
11 47 -0.422167
11 48 -0.422167
11 49 -0.422167
11 50 -0.422167
11 51 -0.422167
11 52 -0.422167
11 53 -0.422167
11 54 -0.422167
11 55 -0.422167
11 56 -0.422167
11 57 -0.422167
11 58 -0.422167
11 59 -0.422167
11 60 -0.422167
11 61 -0.422167
11 62 -0.422167
11 63 -0.422167
12 0 -0.568510
12 1 -0.568510
12 2 -0.417712
12 3 -0.410301
12 4 -0.421937
12 5 -0.423099
12 6 -0.422230
12 7 -0.422095
12 8 -0.422157
12 9 -0.422171
12 10 -0.422167
12 11 -0.422165
12 12 -0.422166
12 13 -0.422166
12 14 -0.422166
12 15 -0.422166
12 16 -0.422166
12 17 -0.422166
12 18 -0.422166
12 19 -0.422166
12 20 -0.422166
12 21 -0.422166
12 22 -0.422166
12 23 -0.422166
12 24 -0.422166
12 25 -0.422166
12 26 -0.422166
12 27 -0.422166
12 28 -0.422166
12 29 -0.422166
12 30 -0.422166
12 31 -0.422166
12 32 -0.422166
12 33 -0.422166
12 34 -0.422166
12 35 -0.422166
12 36 -0.422166
12 37 -0.422166
12 38 -0.422166
12 39 -0.422166
12 40 -0.422166
12 41 -0.422166
12 42 -0.422166
12 43 -0.422166
12 44 -0.422166
12 45 -0.422166
12 46 -0.422166
12 47 -0.422166
12 48 -0.422166
12 49 -0.422166
12 50 -0.422166
12 51 -0.422166
12 52 -0.422166
12 53 -0.422166
12 54 -0.422166
12 55 -0.422166
12 56 -0.422166
12 57 -0.422166
12 58 -0.422166
12 59 -0.422166
12 60 -0.422166
12 61 -0.422166
12 62 -0.422166
12 63 -0.422166
13 0 -0.568510
13 1 -0.568510
13 2 -0.417711
13 3 -0.410301
13 4 -0.421937
13 5 -0.423098
13 6 -0.422230
13 7 -0.422094
13 8 -0.422157
13 9 -0.422171
13 10 -0.422167
13 11 -0.422165
13 12 -0.422165
13 13 -0.422166
13 14 -0.422166
13 15 -0.422166
13 16 -0.422166
13 17 -0.422166
13 18 -0.422166
13 19 -0.422166
13 20 -0.422166
13 21 -0.422166
13 22 -0.422166
13 23 -0.422166
13 24 -0.422166
13 25 -0.422166
13 26 -0.422166
13 27 -0.422166
13 28 -0.422166
13 29 -0.422166
13 30 -0.422166
13 31 -0.422166
13 32 -0.422166
13 33 -0.422166
13 34 -0.422166
13 35 -0.422166
13 36 -0.422166
13 37 -0.422166
13 38 -0.422166
13 39 -0.422166
13 40 -0.422166
13 41 -0.422166
13 42 -0.422166
13 43 -0.422166
13 44 -0.422166
13 45 -0.422166
13 46 -0.422166
13 47 -0.422166
13 48 -0.422166
13 49 -0.422166
13 50 -0.422166
13 51 -0.422166
13 52 -0.422166
13 53 -0.422166
13 54 -0.422166
13 55 -0.422166
13 56 -0.422166
13 57 -0.422166
13 58 -0.422166
13 59 -0.422166
13 60 -0.422166
13 61 -0.422166
13 62 -0.422166
13 63 -0.422166
14 0 -0.568510
14 1 -0.568510
14 2 -0.417711
14 3 -0.410301
14 4 -0.421937
14 5 -0.423098
14 6 -0.422229
14 7 -0.422094
14 8 -0.422157
14 9 -0.422171
14 10 -0.422166
14 11 -0.422165
14 12 -0.422165
14 13 -0.422165
14 14 -0.422165
14 15 -0.422165
14 16 -0.422165
14 17 -0.422165
14 18 -0.422165
14 19 -0.422165
14 20 -0.422165
14 21 -0.422165
14 22 -0.422165
14 23 -0.422165
14 24 -0.422165
14 25 -0.422165
14 26 -0.422165
14 27 -0.422165
14 28 -0.422165
14 29 -0.422165
14 30 -0.422165
14 31 -0.422165
14 32 -0.422165
14 33 -0.422165
14 34 -0.422165
14 35 -0.422165
14 36 -0.422165
14 37 -0.422165
14 38 -0.422165
14 39 -0.422165
14 40 -0.422165
14 41 -0.422165
14 42 -0.422165
14 43 -0.422165
14 44 -0.422165
14 45 -0.422165
14 46 -0.422165
14 47 -0.422165
14 48 -0.422165
14 49 -0.422165
14 50 -0.422165
14 51 -0.422165
14 52 -0.422165
14 53 -0.422165
14 54 -0.422165
14 55 -0.422165
14 56 -0.422165
14 57 -0.422165
14 58 -0.422165
14 59 -0.422165
14 60 -0.422165
14 61 -0.422165
14 62 -0.422165
14 63 -0.422165
15 0 -0.568510
15 1 -0.568510
15 2 -0.417711
15 3 -0.410301
15 4 -0.421937
15 5 -0.423098
15 6 -0.422229
15 7 -0.422094
15 8 -0.422157
15 9 -0.422170
15 10 -0.422166
15 11 -0.422165
15 12 -0.422165
15 13 -0.422165
15 14 -0.422165
15 15 -0.422165
15 16 -0.422165
15 17 -0.422165
15 18 -0.422165
15 19 -0.422165
15 20 -0.422165
15 21 -0.422165
15 22 -0.422165
15 23 -0.422165
15 24 -0.422165
15 25 -0.422165
15 26 -0.422165
15 27 -0.422165
15 28 -0.422165
15 29 -0.422165
15 30 -0.422165
15 31 -0.422165
15 32 -0.422165
15 33 -0.422165
15 34 -0.422165
15 35 -0.422165
15 36 -0.422165
15 37 -0.422165
15 38 -0.422165
15 39 -0.422165
15 40 -0.422165
15 41 -0.422165
15 42 -0.422165
15 43 -0.422165
15 44 -0.422165
15 45 -0.422165
15 46 -0.422165
15 47 -0.422165
15 48 -0.422165
15 49 -0.422165
15 50 -0.422165
15 51 -0.422165
15 52 -0.422165
15 53 -0.422165
15 54 -0.422165
15 55 -0.422165
15 56 -0.422165
15 57 -0.422165
15 58 -0.422165
15 59 -0.422165
15 60 -0.422165
15 61 -0.422165
15 62 -0.422165
15 63 -0.422165
16 0 -0.568510
16 1 -0.568510
16 2 -0.417711
16 3 -0.410301
16 4 -0.421936
16 5 -0.423098
16 6 -0.422229
16 7 -0.422094
16 8 -0.422156
16 9 -0.422170
16 10 -0.422166
16 11 -0.422165
16 12 -0.422165
16 13 -0.422165
16 14 -0.422165
16 15 -0.422165
16 16 -0.422165
16 17 -0.422165
16 18 -0.422165
16 19 -0.422165
16 20 -0.422165
16 21 -0.422165
16 22 -0.422165
16 23 -0.422165
16 24 -0.422165
16 25 -0.422165
16 26 -0.422165
16 27 -0.422165
16 28 -0.422165
16 29 -0.422165
16 30 -0.422165
16 31 -0.422165
16 32 -0.422165
16 33 -0.422165
16 34 -0.422165
16 35 -0.422165
16 36 -0.422165
16 37 -0.422165
16 38 -0.422165
16 39 -0.422165
16 40 -0.422165
16 41 -0.422165
16 42 -0.422165
16 43 -0.422165
16 44 -0.422165
16 45 -0.422165
16 46 -0.422165
16 47 -0.422165
16 48 -0.422165
16 49 -0.422165
16 50 -0.422165
16 51 -0.422165
16 52 -0.422165
16 53 -0.422165
16 54 -0.422165
16 55 -0.422165
16 56 -0.422165
16 57 -0.422165
16 58 -0.422165
16 59 -0.422165
16 60 -0.422165
16 61 -0.422165
16 62 -0.422165
16 63 -0.422165
17 0 -0.568510
17 1 -0.568510
17 2 -0.417711
17 3 -0.410301
17 4 -0.421936
17 5 -0.423098
17 6 -0.422229
17 7 -0.422094
17 8 -0.422156
17 9 -0.422170
17 10 -0.422166
17 11 -0.422164
17 12 -0.422165
17 13 -0.422165
17 14 -0.422165
17 15 -0.422165
17 16 -0.422165
17 17 -0.422165
17 18 -0.422165
17 19 -0.422165
17 20 -0.422164
17 21 -0.422164
17 22 -0.422164
17 23 -0.422164
17 24 -0.422164
17 25 -0.422164
17 26 -0.422164
17 27 -0.422164
17 28 -0.422164
17 29 -0.422164
17 30 -0.422164
17 31 -0.422164
17 32 -0.422164
17 33 -0.422164
17 34 -0.422164
17 35 -0.422164
17 36 -0.422164
17 37 -0.422164
17 38 -0.422164
17 39 -0.422164
17 40 -0.422164
17 41 -0.422164
17 42 -0.422164
17 43 -0.422164
17 44 -0.422164
17 45 -0.422164
17 46 -0.422164
17 47 -0.422164
17 48 -0.422164
17 49 -0.422164
17 50 -0.422164
17 51 -0.422164
17 52 -0.422164
17 53 -0.422164
17 54 -0.422164
17 55 -0.422164
17 56 -0.422164
17 57 -0.422164
17 58 -0.422164
17 59 -0.422164
17 60 -0.422164
17 61 -0.422164
17 62 -0.422164
17 63 -0.422164
18 0 -0.568509
18 1 -0.568509
18 2 -0.417711
18 3 -0.410301
18 4 -0.421936
18 5 -0.423098
18 6 -0.422229
18 7 -0.422094
18 8 -0.422156
18 9 -0.422170
18 10 -0.422165
18 11 -0.422164
18 12 -0.422164
18 13 -0.422164
18 14 -0.422164
18 15 -0.422164
18 16 -0.422164
18 17 -0.422164
18 18 -0.422164
18 19 -0.422164
18 20 -0.422164
18 21 -0.422164
18 22 -0.422164
18 23 -0.422164
18 24 -0.422164
18 25 -0.422164
18 26 -0.422164
18 27 -0.422164
18 28 -0.422164
18 29 -0.422164
18 30 -0.422164
18 31 -0.422164
18 32 -0.422164
18 33 -0.422164
18 34 -0.422164
18 35 -0.422164
18 36 -0.422164
18 37 -0.422164
18 38 -0.422164
18 39 -0.422164
18 40 -0.422164
18 41 -0.422164
18 42 -0.422164
18 43 -0.422164
18 44 -0.422164
18 45 -0.422164
18 46 -0.422164
18 47 -0.422164
18 48 -0.422164
18 49 -0.422164
18 50 -0.422164
18 51 -0.422164
18 52 -0.422164
18 53 -0.422164
18 54 -0.422164
18 55 -0.422164
18 56 -0.422164
18 57 -0.422164
18 58 -0.422164
18 59 -0.422164
18 60 -0.422164
18 61 -0.422164
18 62 -0.422164
18 63 -0.422164
19 0 -0.568509
19 1 -0.568509
19 2 -0.417711
19 3 -0.410300
19 4 -0.421936
19 5 -0.423097
19 6 -0.422229
19 7 -0.422093
19 8 -0.422156
19 9 -0.422170
19 10 -0.422165
19 11 -0.422164
19 12 -0.422164
19 13 -0.422164
19 14 -0.422164
19 15 -0.422164
19 16 -0.422164
19 17 -0.422164
19 18 -0.422164
19 19 -0.422164
19 20 -0.422164
19 21 -0.422164
19 22 -0.422164
19 23 -0.422164
19 24 -0.422164
19 25 -0.422164
19 26 -0.422164
19 27 -0.422164
19 28 -0.422164
19 29 -0.422164
19 30 -0.422164
19 31 -0.422164
19 32 -0.422164
19 33 -0.422164
19 34 -0.422164
19 35 -0.422164
19 36 -0.422164
19 37 -0.422164
19 38 -0.422164
19 39 -0.422164
19 40 -0.422164
19 41 -0.422164
19 42 -0.422164
19 43 -0.422164
19 44 -0.422164
19 45 -0.422164
19 46 -0.422164
19 47 -0.422164
19 48 -0.422164
19 49 -0.422164
19 50 -0.422164
19 51 -0.422164
19 52 -0.422164
19 53 -0.422164
19 54 -0.422164
19 55 -0.422164
19 56 -0.422164
19 57 -0.422164
19 58 -0.422164
19 59 -0.422164
19 60 -0.422164
19 61 -0.422164
19 62 -0.422164
19 63 -0.422164
20 0 -0.568509
20 1 -0.568509
20 2 -0.417711
20 3 -0.410300
20 4 -0.421936
20 5 -0.423097
20 6 -0.422228
20 7 -0.422093
20 8 -0.422156
20 9 -0.422170
20 10 -0.422165
20 11 -0.422164
20 12 -0.422164
20 13 -0.422164
20 14 -0.422164
20 15 -0.422164
20 16 -0.422164
20 17 -0.422164
20 18 -0.422164
20 19 -0.422164
20 20 -0.422164
20 21 -0.422164
20 22 -0.422164
20 23 -0.422164
20 24 -0.422164
20 25 -0.422164
20 26 -0.422164
20 27 -0.422164
20 28 -0.422164
20 29 -0.422164
20 30 -0.422164
20 31 -0.422164
20 32 -0.422164
20 33 -0.422163
20 34 -0.422163
20 35 -0.422163
20 36 -0.422163
20 37 -0.422163
20 38 -0.422163
20 39 -0.422163
20 40 -0.422163
20 41 -0.422163
20 42 -0.422163
20 43 -0.422163
20 44 -0.422163
20 45 -0.422163
20 46 -0.422163
20 47 -0.422163
20 48 -0.422163
20 49 -0.422163
20 50 -0.422163
20 51 -0.422163
20 52 -0.422163
20 53 -0.422163
20 54 -0.422163
20 55 -0.422163
20 56 -0.422163
20 57 -0.422163
20 58 -0.422163
20 59 -0.422163
20 60 -0.422163
20 61 -0.422163
20 62 -0.422163
20 63 -0.422163
21 0 -0.568509
21 1 -0.568509
21 2 -0.417711
21 3 -0.410300
21 4 -0.421936
21 5 -0.423097
21 6 -0.422228
21 7 -0.422093
21 8 -0.422156
21 9 -0.422169
21 10 -0.422165
21 11 -0.422164
21 12 -0.422164
21 13 -0.422164
21 14 -0.422164
21 15 -0.422164
21 16 -0.422164
21 17 -0.422164
21 18 -0.422164
21 19 -0.422164
21 20 -0.422164
21 21 -0.422164
21 22 -0.422164
21 23 -0.422164
21 24 -0.422163
21 25 -0.422163
21 26 -0.422163
21 27 -0.422163
21 28 -0.422163
21 29 -0.422163
21 30 -0.422163
21 31 -0.422163
21 32 -0.422163
21 33 -0.422163
21 34 -0.422163
21 35 -0.422163
21 36 -0.422163
21 37 -0.422163
21 38 -0.422163
21 39 -0.422163
21 40 -0.422163
21 41 -0.422163
21 42 -0.422163
21 43 -0.422163
21 44 -0.422163
21 45 -0.422163
21 46 -0.422163
21 47 -0.422163
21 48 -0.422163
21 49 -0.422163
21 50 -0.422163
21 51 -0.422163
21 52 -0.422163
21 53 -0.422163
21 54 -0.422163
21 55 -0.422163
21 56 -0.422163
21 57 -0.422163
21 58 -0.422163
21 59 -0.422163
21 60 -0.422163
21 61 -0.422163
21 62 -0.422163
21 63 -0.422163
22 0 -0.568509
22 1 -0.568509
22 2 -0.417710
22 3 -0.410300
22 4 -0.421936
22 5 -0.423097
22 6 -0.422228
22 7 -0.422093
22 8 -0.422156
22 9 -0.422169
22 10 -0.422165
22 11 -0.422164
22 12 -0.422164
22 13 -0.422164
22 14 -0.422164
22 15 -0.422164
22 16 -0.422164
22 17 -0.422164
22 18 -0.422164
22 19 -0.422164
22 20 -0.422163
22 21 -0.422163
22 22 -0.422163
22 23 -0.422163
22 24 -0.422163
22 25 -0.422163
22 26 -0.422163
22 27 -0.422163
22 28 -0.422163
22 29 -0.422163
22 30 -0.422163
22 31 -0.422163
22 32 -0.422163
22 33 -0.422163
22 34 -0.422163
22 35 -0.422163
22 36 -0.422163
22 37 -0.422163
22 38 -0.422163
22 39 -0.422163
22 40 -0.422163
22 41 -0.422163
22 42 -0.422163
22 43 -0.422163
22 44 -0.422163
22 45 -0.422163
22 46 -0.422163
22 47 -0.422163
22 48 -0.422163
22 49 -0.422163
22 50 -0.422163
22 51 -0.422163
22 52 -0.422163
22 53 -0.422163
22 54 -0.422163
22 55 -0.422163
22 56 -0.422163
22 57 -0.422163
22 58 -0.422163
22 59 -0.422163
22 60 -0.422163
22 61 -0.422163
22 62 -0.422163
22 63 -0.422163
23 0 -0.568509
23 1 -0.568509
23 2 -0.417710
23 3 -0.410300
23 4 -0.421936
23 5 -0.423097
23 6 -0.422228
23 7 -0.422093
23 8 -0.422155
23 9 -0.422169
23 10 -0.422165
23 11 -0.422163
23 12 -0.422164
23 13 -0.422164
23 14 -0.422164
23 15 -0.422164
23 16 -0.422164
23 17 -0.422163
23 18 -0.422163
23 19 -0.422163
23 20 -0.422163
23 21 -0.422163
23 22 -0.422163
23 23 -0.422163
23 24 -0.422163
23 25 -0.422163
23 26 -0.422163
23 27 -0.422163
23 28 -0.422163
23 29 -0.422163
23 30 -0.422163
23 31 -0.422163
23 32 -0.422163
23 33 -0.422163
23 34 -0.422163
23 35 -0.422163
23 36 -0.422163
23 37 -0.422163
23 38 -0.422163
23 39 -0.422163
23 40 -0.422163
23 41 -0.422163
23 42 -0.422163
23 43 -0.422163
23 44 -0.422163
23 45 -0.422163
23 46 -0.422163
23 47 -0.422163
23 48 -0.422163
23 49 -0.422163
23 50 -0.422163
23 51 -0.422163
23 52 -0.422163
23 53 -0.422163
23 54 -0.422163
23 55 -0.422163
23 56 -0.422163
23 57 -0.422163
23 58 -0.422163
23 59 -0.422163
23 60 -0.422163
23 61 -0.422163
23 62 -0.422163
23 63 -0.422163
24 0 -0.568509
24 1 -0.568509
24 2 -0.417710
24 3 -0.410300
24 4 -0.421936
24 5 -0.423097
24 6 -0.422228
24 7 -0.422093
24 8 -0.422155
24 9 -0.422169
24 10 -0.422165
24 11 -0.422163
24 12 -0.422164
24 13 -0.422164
24 14 -0.422164
24 15 -0.422163
24 16 -0.422163
24 17 -0.422163
24 18 -0.422163
24 19 -0.422163
24 20 -0.422163
24 21 -0.422163
24 22 -0.422163
24 23 -0.422163
24 24 -0.422163
24 25 -0.422163
24 26 -0.422163
24 27 -0.422163
24 28 -0.422163
24 29 -0.422163
24 30 -0.422163
24 31 -0.422163
24 32 -0.422163
24 33 -0.422163
24 34 -0.422163
24 35 -0.422163
24 36 -0.422163
24 37 -0.422163
24 38 -0.422163
24 39 -0.422163
24 40 -0.422163
24 41 -0.422163
24 42 -0.422163
24 43 -0.422162
24 44 -0.422162
24 45 -0.422162
24 46 -0.422162
24 47 -0.422162
24 48 -0.422162
24 49 -0.422162
24 50 -0.422162
24 51 -0.422162
24 52 -0.422162
24 53 -0.422162
24 54 -0.422162
24 55 -0.422162
24 56 -0.422162
24 57 -0.422162
24 58 -0.422162
24 59 -0.422162
24 60 -0.422162
24 61 -0.422162
24 62 -0.422162
24 63 -0.422162
25 0 -0.568509
25 1 -0.568509
25 2 -0.417710
25 3 -0.410300
25 4 -0.421936
25 5 -0.423097
25 6 -0.422228
25 7 -0.422093
25 8 -0.422155
25 9 -0.422169
25 10 -0.422165
25 11 -0.422163
25 12 -0.422163
25 13 -0.422163
25 14 -0.422163
25 15 -0.422163
25 16 -0.422163
25 17 -0.422163
25 18 -0.422163
25 19 -0.422163
25 20 -0.422163
25 21 -0.422163
25 22 -0.422163
25 23 -0.422163
25 24 -0.422163
25 25 -0.422163
25 26 -0.422163
25 27 -0.422163
25 28 -0.422163
25 29 -0.422163
25 30 -0.422163
25 31 -0.422163
25 32 -0.422163
25 33 -0.422163
25 34 -0.422163
25 35 -0.422162
25 36 -0.422162
25 37 -0.422162
25 38 -0.422162
25 39 -0.422162
25 40 -0.422162
25 41 -0.422162
25 42 -0.422162
25 43 -0.422162
25 44 -0.422162
25 45 -0.422162
25 46 -0.422162
25 47 -0.422162
25 48 -0.422162
25 49 -0.422162
25 50 -0.422162
25 51 -0.422162
25 52 -0.422162
25 53 -0.422162
25 54 -0.422162
25 55 -0.422162
25 56 -0.422162
25 57 -0.422162
25 58 -0.422162
25 59 -0.422162
25 60 -0.422162
25 61 -0.422162
25 62 -0.422162
25 63 -0.422162
26 0 -0.568509
26 1 -0.568509
26 2 -0.417710
26 3 -0.410300
26 4 -0.421936
26 5 -0.423097
26 6 -0.422228
26 7 -0.422093
26 8 -0.422155
26 9 -0.422169
26 10 -0.422165
26 11 -0.422163
26 12 -0.422163
26 13 -0.422163
26 14 -0.422163
26 15 -0.422163
26 16 -0.422163
26 17 -0.422163
26 18 -0.422163
26 19 -0.422163
26 20 -0.422163
26 21 -0.422163
26 22 -0.422163
26 23 -0.422163
26 24 -0.422163
26 25 -0.422163
26 26 -0.422163
26 27 -0.422163
26 28 -0.422163
26 29 -0.422163
26 30 -0.422163
26 31 -0.422162
26 32 -0.422162
26 33 -0.422162
26 34 -0.422162
26 35 -0.422162
26 36 -0.422162
26 37 -0.422162
26 38 -0.422162
26 39 -0.422162
26 40 -0.422162
26 41 -0.422162
26 42 -0.422162
26 43 -0.422162
26 44 -0.422162
26 45 -0.422162
26 46 -0.422162
26 47 -0.422162
26 48 -0.422162
26 49 -0.422162
26 50 -0.422162
26 51 -0.422162
26 52 -0.422162
26 53 -0.422162
26 54 -0.422162
26 55 -0.422162
26 56 -0.422162
26 57 -0.422162
26 58 -0.422162
26 59 -0.422162
26 60 -0.422162
26 61 -0.422162
26 62 -0.422162
26 63 -0.422162
27 0 -0.568509
27 1 -0.568509
27 2 -0.417710
27 3 -0.410300
27 4 -0.421935
27 5 -0.423097
27 6 -0.422228
27 7 -0.422093
27 8 -0.422155
27 9 -0.422169
27 10 -0.422164
27 11 -0.422163
27 12 -0.422163
27 13 -0.422163
27 14 -0.422163
27 15 -0.422163
27 16 -0.422163
27 17 -0.422163
27 18 -0.422163
27 19 -0.422163
27 20 -0.422163
27 21 -0.422163
27 22 -0.422163
27 23 -0.422163
27 24 -0.422163
27 25 -0.422163
27 26 -0.422163
27 27 -0.422163
27 28 -0.422162
27 29 -0.422162
27 30 -0.422162
27 31 -0.422162
27 32 -0.422162
27 33 -0.422162
27 34 -0.422162
27 35 -0.422162
27 36 -0.422162
27 37 -0.422162
27 38 -0.422162
27 39 -0.422162
27 40 -0.422162
27 41 -0.422162
27 42 -0.422162
27 43 -0.422162
27 44 -0.422162
27 45 -0.422162
27 46 -0.422162
27 47 -0.422162
27 48 -0.422162
27 49 -0.422162
27 50 -0.422162
27 51 -0.422162
27 52 -0.422162
27 53 -0.422162
27 54 -0.422162
27 55 -0.422162
27 56 -0.422162
27 57 -0.422162
27 58 -0.422162
27 59 -0.422162
27 60 -0.422162
27 61 -0.422162
27 62 -0.422162
27 63 -0.422162
28 0 -0.568509
28 1 -0.568509
28 2 -0.417710
28 3 -0.410300
28 4 -0.421935
28 5 -0.423097
28 6 -0.422228
28 7 -0.422093
28 8 -0.422155
28 9 -0.422169
28 10 -0.422164
28 11 -0.422163
28 12 -0.422163
28 13 -0.422163
28 14 -0.422163
28 15 -0.422163
28 16 -0.422163
28 17 -0.422163
28 18 -0.422163
28 19 -0.422163
28 20 -0.422163
28 21 -0.422163
28 22 -0.422163
28 23 -0.422163
28 24 -0.422163
28 25 -0.422163
28 26 -0.422162
28 27 -0.422162
28 28 -0.422162
28 29 -0.422162
28 30 -0.422162
28 31 -0.422162
28 32 -0.422162
28 33 -0.422162
28 34 -0.422162
28 35 -0.422162
28 36 -0.422162
28 37 -0.422162
28 38 -0.422162
28 39 -0.422162
28 40 -0.422162
28 41 -0.422162
28 42 -0.422162
28 43 -0.422162
28 44 -0.422162
28 45 -0.422162
28 46 -0.422162
28 47 -0.422162
28 48 -0.422162
28 49 -0.422162
28 50 -0.422162
28 51 -0.422162
28 52 -0.422162
28 53 -0.422162
28 54 -0.422162
28 55 -0.422162
28 56 -0.422162
28 57 -0.422162
28 58 -0.422162
28 59 -0.422162
28 60 -0.422162
28 61 -0.422162
28 62 -0.422162
28 63 -0.422162
29 0 -0.568509
29 1 -0.568509
29 2 -0.417710
29 3 -0.410300
29 4 -0.421935
29 5 -0.423097
29 6 -0.422228
29 7 -0.422093
29 8 -0.422155
29 9 -0.422169
29 10 -0.422164
29 11 -0.422163
29 12 -0.422163
29 13 -0.422163
29 14 -0.422163
29 15 -0.422163
29 16 -0.422163
29 17 -0.422163
29 18 -0.422163
29 19 -0.422163
29 20 -0.422163
29 21 -0.422163
29 22 -0.422163
29 23 -0.422163
29 24 -0.422163
29 25 -0.422162
29 26 -0.422162
29 27 -0.422162
29 28 -0.422162
29 29 -0.422162
29 30 -0.422162
29 31 -0.422162
29 32 -0.422162
29 33 -0.422162
29 34 -0.422162
29 35 -0.422162
29 36 -0.422162
29 37 -0.422162
29 38 -0.422162
29 39 -0.422162
29 40 -0.422162
29 41 -0.422162
29 42 -0.422162
29 43 -0.422162
29 44 -0.422162
29 45 -0.422162
29 46 -0.422162
29 47 -0.422162
29 48 -0.422162
29 49 -0.422162
29 50 -0.422162
29 51 -0.422162
29 52 -0.422162
29 53 -0.422162
29 54 -0.422162
29 55 -0.422162
29 56 -0.422162
29 57 -0.422162
29 58 -0.422162
29 59 -0.422162
29 60 -0.422162
29 61 -0.422162
29 62 -0.422162
29 63 -0.422162
30 0 -0.568509
30 1 -0.568509
30 2 -0.417710
30 3 -0.410300
30 4 -0.421935
30 5 -0.423097
30 6 -0.422228
30 7 -0.422093
30 8 -0.422155
30 9 -0.422169
30 10 -0.422164
30 11 -0.422163
30 12 -0.422163
30 13 -0.422163
30 14 -0.422163
30 15 -0.422163
30 16 -0.422163
30 17 -0.422163
30 18 -0.422163
30 19 -0.422163
30 20 -0.422163
30 21 -0.422163
30 22 -0.422163
30 23 -0.422163
30 24 -0.422162
30 25 -0.422162
30 26 -0.422162
30 27 -0.422162
30 28 -0.422162
30 29 -0.422162
30 30 -0.422162
30 31 -0.422162
30 32 -0.422162
30 33 -0.422162
30 34 -0.422162
30 35 -0.422162
30 36 -0.422162
30 37 -0.422162
30 38 -0.422162
30 39 -0.422162
30 40 -0.422162
30 41 -0.422162
30 42 -0.422162
30 43 -0.422162
30 44 -0.422162
30 45 -0.422162
30 46 -0.422162
30 47 -0.422162
30 48 -0.422162
30 49 -0.422162
30 50 -0.422162
30 51 -0.422162
30 52 -0.422162
30 53 -0.422162
30 54 -0.422162
30 55 -0.422162
30 56 -0.422162
30 57 -0.422162
30 58 -0.422162
30 59 -0.422162
30 60 -0.422162
30 61 -0.422162
30 62 -0.422162
30 63 -0.422162
31 0 -0.568509
31 1 -0.568509
31 2 -0.417710
31 3 -0.410300
31 4 -0.421935
31 5 -0.423097
31 6 -0.422228
31 7 -0.422093
31 8 -0.422155
31 9 -0.422169
31 10 -0.422164
31 11 -0.422163
31 12 -0.422163
31 13 -0.422163
31 14 -0.422163
31 15 -0.422163
31 16 -0.422163
31 17 -0.422163
31 18 -0.422163
31 19 -0.422163
31 20 -0.422163
31 21 -0.422163
31 22 -0.422163
31 23 -0.422162
31 24 -0.422162
31 25 -0.422162
31 26 -0.422162
31 27 -0.422162
31 28 -0.422162
31 29 -0.422162
31 30 -0.422162
31 31 -0.422162
31 32 -0.422162
31 33 -0.422162
31 34 -0.422162
31 35 -0.422162
31 36 -0.422162
31 37 -0.422162
31 38 -0.422162
31 39 -0.422162
31 40 -0.422162
31 41 -0.422162
31 42 -0.422162
31 43 -0.422162
31 44 -0.422162
31 45 -0.422162
31 46 -0.422162
31 47 -0.422162
31 48 -0.422162
31 49 -0.422162
31 50 -0.422162
31 51 -0.422162
31 52 -0.422162
31 53 -0.422162
31 54 -0.422162
31 55 -0.422162
31 56 -0.422162
31 57 -0.422162
31 58 -0.422162
31 59 -0.422162
31 60 -0.422162
31 61 -0.422162
31 62 -0.422162
31 63 -0.422162
32 0 -0.568509
32 1 -0.568509
32 2 -0.417710
32 3 -0.410300
32 4 -0.421935
32 5 -0.423097
32 6 -0.422228
32 7 -0.422093
32 8 -0.422155
32 9 -0.422169
32 10 -0.422164
32 11 -0.422163
32 12 -0.422163
32 13 -0.422163
32 14 -0.422163
32 15 -0.422163
32 16 -0.422163
32 17 -0.422163
32 18 -0.422163
32 19 -0.422163
32 20 -0.422163
32 21 -0.422163
32 22 -0.422163
32 23 -0.422162
32 24 -0.422162
32 25 -0.422162
32 26 -0.422162
32 27 -0.422162
32 28 -0.422162
32 29 -0.422162
32 30 -0.422162
32 31 -0.422162
32 32 -0.422162
32 33 -0.422162
32 34 -0.422162
32 35 -0.422162
32 36 -0.422162
32 37 -0.422162
32 38 -0.422162
32 39 -0.422162
32 40 -0.422162
32 41 -0.422162
32 42 -0.422162
32 43 -0.422162
32 44 -0.422162
32 45 -0.422162
32 46 -0.422162
32 47 -0.422162
32 48 -0.422162
32 49 -0.422162
32 50 -0.422162
32 51 -0.422162
32 52 -0.422162
32 53 -0.422162
32 54 -0.422162
32 55 -0.422162
32 56 -0.422162
32 57 -0.422162
32 58 -0.422162
32 59 -0.422162
32 60 -0.422162
32 61 -0.422162
32 62 -0.422162
32 63 -0.422162
33 0 -0.568509
33 1 -0.568509
33 2 -0.417710
33 3 -0.410300
33 4 -0.421935
33 5 -0.423097
33 6 -0.422228
33 7 -0.422093
33 8 -0.422155
33 9 -0.422169
33 10 -0.422164
33 11 -0.422163
33 12 -0.422163
33 13 -0.422163
33 14 -0.422163
33 15 -0.422163
33 16 -0.422163
33 17 -0.422163
33 18 -0.422163
33 19 -0.422163
33 20 -0.422163
33 21 -0.422163
33 22 -0.422163
33 23 -0.422162
33 24 -0.422162
33 25 -0.422162
33 26 -0.422162
33 27 -0.422162
33 28 -0.422162
33 29 -0.422162
33 30 -0.422162
33 31 -0.422162
33 32 -0.422162
33 33 -0.422162
33 34 -0.422162
33 35 -0.422162
33 36 -0.422162
33 37 -0.422162
33 38 -0.422162
33 39 -0.422162
33 40 -0.422162
33 41 -0.422162
33 42 -0.422162
33 43 -0.422162
33 44 -0.422162
33 45 -0.422162
33 46 -0.422162
33 47 -0.422162
33 48 -0.422162
33 49 -0.422162
33 50 -0.422162
33 51 -0.422162
33 52 -0.422162
33 53 -0.422162
33 54 -0.422162
33 55 -0.422162
33 56 -0.422162
33 57 -0.422162
33 58 -0.422162
33 59 -0.422162
33 60 -0.422162
33 61 -0.422162
33 62 -0.422162
33 63 -0.422162
34 0 -0.568509
34 1 -0.568509
34 2 -0.417710
34 3 -0.410300
34 4 -0.421935
34 5 -0.423097
34 6 -0.422228
34 7 -0.422093
34 8 -0.422155
34 9 -0.422169
34 10 -0.422164
34 11 -0.422163
34 12 -0.422163
34 13 -0.422163
34 14 -0.422163
34 15 -0.422163
34 16 -0.422163
34 17 -0.422163
34 18 -0.422163
34 19 -0.422163
34 20 -0.422163
34 21 -0.422163
34 22 -0.422163
34 23 -0.422163
34 24 -0.422162
34 25 -0.422162
34 26 -0.422162
34 27 -0.422162
34 28 -0.422162
34 29 -0.422162
34 30 -0.422162
34 31 -0.422162
34 32 -0.422162
34 33 -0.422162
34 34 -0.422162
34 35 -0.422162
34 36 -0.422162
34 37 -0.422162
34 38 -0.422162
34 39 -0.422162
34 40 -0.422162
34 41 -0.422162
34 42 -0.422162
34 43 -0.422162
34 44 -0.422162
34 45 -0.422162
34 46 -0.422162
34 47 -0.422162
34 48 -0.422162
34 49 -0.422162
34 50 -0.422162
34 51 -0.422162
34 52 -0.422162
34 53 -0.422162
34 54 -0.422162
34 55 -0.422162
34 56 -0.422162
34 57 -0.422162
34 58 -0.422162
34 59 -0.422162
34 60 -0.422162
34 61 -0.422162
34 62 -0.422162
34 63 -0.422162
35 0 -0.568509
35 1 -0.568509
35 2 -0.417710
35 3 -0.410300
35 4 -0.421935
35 5 -0.423097
35 6 -0.422228
35 7 -0.422093
35 8 -0.422155
35 9 -0.422169
35 10 -0.422164
35 11 -0.422163
35 12 -0.422163
35 13 -0.422163
35 14 -0.422163
35 15 -0.422163
35 16 -0.422163
35 17 -0.422163
35 18 -0.422163
35 19 -0.422163
35 20 -0.422163
35 21 -0.422163
35 22 -0.422163
35 23 -0.422163
35 24 -0.422163
35 25 -0.422162
35 26 -0.422162
35 27 -0.422162
35 28 -0.422162
35 29 -0.422162
35 30 -0.422162
35 31 -0.422162
35 32 -0.422162
35 33 -0.422162
35 34 -0.422162
35 35 -0.422162
35 36 -0.422162
35 37 -0.422162
35 38 -0.422162
35 39 -0.422162
35 40 -0.422162
35 41 -0.422162
35 42 -0.422162
35 43 -0.422162
35 44 -0.422162
35 45 -0.422162
35 46 -0.422162
35 47 -0.422162
35 48 -0.422162
35 49 -0.422162
35 50 -0.422162
35 51 -0.422162
35 52 -0.422162
35 53 -0.422162
35 54 -0.422162
35 55 -0.422162
35 56 -0.422162
35 57 -0.422162
35 58 -0.422162
35 59 -0.422162
35 60 -0.422162
35 61 -0.422162
35 62 -0.422162
35 63 -0.422162
36 0 -0.568509
36 1 -0.568509
36 2 -0.417710
36 3 -0.410300
36 4 -0.421935
36 5 -0.423097
36 6 -0.422228
36 7 -0.422093
36 8 -0.422155
36 9 -0.422169
36 10 -0.422164
36 11 -0.422163
36 12 -0.422163
36 13 -0.422163
36 14 -0.422163
36 15 -0.422163
36 16 -0.422163
36 17 -0.422163
36 18 -0.422163
36 19 -0.422163
36 20 -0.422163
36 21 -0.422163
36 22 -0.422163
36 23 -0.422163
36 24 -0.422163
36 25 -0.422163
36 26 -0.422162
36 27 -0.422162
36 28 -0.422162
36 29 -0.422162
36 30 -0.422162
36 31 -0.422162
36 32 -0.422162
36 33 -0.422162
36 34 -0.422162
36 35 -0.422162
36 36 -0.422162
36 37 -0.422162
36 38 -0.422162
36 39 -0.422162
36 40 -0.422162
36 41 -0.422162
36 42 -0.422162
36 43 -0.422162
36 44 -0.422162
36 45 -0.422162
36 46 -0.422162
36 47 -0.422162
36 48 -0.422162
36 49 -0.422162
36 50 -0.422162
36 51 -0.422162
36 52 -0.422162
36 53 -0.422162
36 54 -0.422162
36 55 -0.422162
36 56 -0.422162
36 57 -0.422162
36 58 -0.422162
36 59 -0.422162
36 60 -0.422162
36 61 -0.422162
36 62 -0.422162
36 63 -0.422162
37 0 -0.568509
37 1 -0.568509
37 2 -0.417710
37 3 -0.410300
37 4 -0.421935
37 5 -0.423097
37 6 -0.422228
37 7 -0.422093
37 8 -0.422155
37 9 -0.422169
37 10 -0.422164
37 11 -0.422163
37 12 -0.422163
37 13 -0.422163
37 14 -0.422163
37 15 -0.422163
37 16 -0.422163
37 17 -0.422163
37 18 -0.422163
37 19 -0.422163
37 20 -0.422163
37 21 -0.422163
37 22 -0.422163
37 23 -0.422163
37 24 -0.422163
37 25 -0.422163
37 26 -0.422163
37 27 -0.422163
37 28 -0.422162
37 29 -0.422162
37 30 -0.422162
37 31 -0.422162
37 32 -0.422162
37 33 -0.422162
37 34 -0.422162
37 35 -0.422162
37 36 -0.422162
37 37 -0.422162
37 38 -0.422162
37 39 -0.422162
37 40 -0.422162
37 41 -0.422162
37 42 -0.422162
37 43 -0.422162
37 44 -0.422162
37 45 -0.422162
37 46 -0.422162
37 47 -0.422162
37 48 -0.422162
37 49 -0.422162
37 50 -0.422162
37 51 -0.422162
37 52 -0.422162
37 53 -0.422162
37 54 -0.422162
37 55 -0.422162
37 56 -0.422162
37 57 -0.422162
37 58 -0.422162
37 59 -0.422162
37 60 -0.422162
37 61 -0.422162
37 62 -0.422162
37 63 -0.422162
38 0 -0.568509
38 1 -0.568509
38 2 -0.417710
38 3 -0.410300
38 4 -0.421936
38 5 -0.423097
38 6 -0.422228
38 7 -0.422093
38 8 -0.422155
38 9 -0.422169
38 10 -0.422165
38 11 -0.422163
38 12 -0.422163
38 13 -0.422163
38 14 -0.422163
38 15 -0.422163
38 16 -0.422163
38 17 -0.422163
38 18 -0.422163
38 19 -0.422163
38 20 -0.422163
38 21 -0.422163
38 22 -0.422163
38 23 -0.422163
38 24 -0.422163
38 25 -0.422163
38 26 -0.422163
38 27 -0.422163
38 28 -0.422163
38 29 -0.422163
38 30 -0.422163
38 31 -0.422162
38 32 -0.422162
38 33 -0.422162
38 34 -0.422162
38 35 -0.422162
38 36 -0.422162
38 37 -0.422162
38 38 -0.422162
38 39 -0.422162
38 40 -0.422162
38 41 -0.422162
38 42 -0.422162
38 43 -0.422162
38 44 -0.422162
38 45 -0.422162
38 46 -0.422162
38 47 -0.422162
38 48 -0.422162
38 49 -0.422162
38 50 -0.422162
38 51 -0.422162
38 52 -0.422162
38 53 -0.422162
38 54 -0.422162
38 55 -0.422162
38 56 -0.422162
38 57 -0.422162
38 58 -0.422162
38 59 -0.422162
38 60 -0.422162
38 61 -0.422162
38 62 -0.422162
38 63 -0.422162
39 0 -0.568509
39 1 -0.568509
39 2 -0.417710
39 3 -0.410300
39 4 -0.421936
39 5 -0.423097
39 6 -0.422228
39 7 -0.422093
39 8 -0.422155
39 9 -0.422169
39 10 -0.422165
39 11 -0.422163
39 12 -0.422163
39 13 -0.422163
39 14 -0.422163
39 15 -0.422163
39 16 -0.422163
39 17 -0.422163
39 18 -0.422163
39 19 -0.422163
39 20 -0.422163
39 21 -0.422163
39 22 -0.422163
39 23 -0.422163
39 24 -0.422163
39 25 -0.422163
39 26 -0.422163
39 27 -0.422163
39 28 -0.422163
39 29 -0.422163
39 30 -0.422163
39 31 -0.422163
39 32 -0.422163
39 33 -0.422163
39 34 -0.422163
39 35 -0.422163
39 36 -0.422162
39 37 -0.422162
39 38 -0.422162
39 39 -0.422162
39 40 -0.422162
39 41 -0.422162
39 42 -0.422162
39 43 -0.422162
39 44 -0.422162
39 45 -0.422162
39 46 -0.422162
39 47 -0.422162
39 48 -0.422162
39 49 -0.422162
39 50 -0.422162
39 51 -0.422162
39 52 -0.422162
39 53 -0.422162
39 54 -0.422162
39 55 -0.422162
39 56 -0.422162
39 57 -0.422162
39 58 -0.422162
39 59 -0.422162
39 60 -0.422162
39 61 -0.422162
39 62 -0.422162
39 63 -0.422162
40 0 -0.568509
40 1 -0.568509
40 2 -0.417710
40 3 -0.410300
40 4 -0.421936
40 5 -0.423097
40 6 -0.422228
40 7 -0.422093
40 8 -0.422155
40 9 -0.422169
40 10 -0.422165
40 11 -0.422163
40 12 -0.422164
40 13 -0.422164
40 14 -0.422164
40 15 -0.422163
40 16 -0.422163
40 17 -0.422163
40 18 -0.422163
40 19 -0.422163
40 20 -0.422163
40 21 -0.422163
40 22 -0.422163
40 23 -0.422163
40 24 -0.422163
40 25 -0.422163
40 26 -0.422163
40 27 -0.422163
40 28 -0.422163
40 29 -0.422163
40 30 -0.422163
40 31 -0.422163
40 32 -0.422163
40 33 -0.422163
40 34 -0.422163
40 35 -0.422163
40 36 -0.422163
40 37 -0.422163
40 38 -0.422163
40 39 -0.422163
40 40 -0.422163
40 41 -0.422163
40 42 -0.422163
40 43 -0.422163
40 44 -0.422162
40 45 -0.422162
40 46 -0.422162
40 47 -0.422162
40 48 -0.422162
40 49 -0.422162
40 50 -0.422162
40 51 -0.422162
40 52 -0.422162
40 53 -0.422162
40 54 -0.422162
40 55 -0.422162
40 56 -0.422162
40 57 -0.422162
40 58 -0.422162
40 59 -0.422162
40 60 -0.422162
40 61 -0.422162
40 62 -0.422162
40 63 -0.422162
41 0 -0.568509
41 1 -0.568509
41 2 -0.417710
41 3 -0.410300
41 4 -0.421936
41 5 -0.423097
41 6 -0.422228
41 7 -0.422093
41 8 -0.422155
41 9 -0.422169
41 10 -0.422165
41 11 -0.422163
41 12 -0.422164
41 13 -0.422164
41 14 -0.422164
41 15 -0.422164
41 16 -0.422164
41 17 -0.422163
41 18 -0.422163
41 19 -0.422163
41 20 -0.422163
41 21 -0.422163
41 22 -0.422163
41 23 -0.422163
41 24 -0.422163
41 25 -0.422163
41 26 -0.422163
41 27 -0.422163
41 28 -0.422163
41 29 -0.422163
41 30 -0.422163
41 31 -0.422163
41 32 -0.422163
41 33 -0.422163
41 34 -0.422163
41 35 -0.422163
41 36 -0.422163
41 37 -0.422163
41 38 -0.422163
41 39 -0.422163
41 40 -0.422163
41 41 -0.422163
41 42 -0.422163
41 43 -0.422163
41 44 -0.422163
41 45 -0.422163
41 46 -0.422163
41 47 -0.422163
41 48 -0.422163
41 49 -0.422163
41 50 -0.422163
41 51 -0.422163
41 52 -0.422163
41 53 -0.422163
41 54 -0.422163
41 55 -0.422163
41 56 -0.422163
41 57 -0.422163
41 58 -0.422163
41 59 -0.422163
41 60 -0.422163
41 61 -0.422163
41 62 -0.422163
41 63 -0.422163
42 0 -0.568509
42 1 -0.568509
42 2 -0.417710
42 3 -0.410300
42 4 -0.421936
42 5 -0.423097
42 6 -0.422228
42 7 -0.422093
42 8 -0.422156
42 9 -0.422169
42 10 -0.422165
42 11 -0.422164
42 12 -0.422164
42 13 -0.422164
42 14 -0.422164
42 15 -0.422164
42 16 -0.422164
42 17 -0.422164
42 18 -0.422164
42 19 -0.422164
42 20 -0.422163
42 21 -0.422163
42 22 -0.422163
42 23 -0.422163
42 24 -0.422163
42 25 -0.422163
42 26 -0.422163
42 27 -0.422163
42 28 -0.422163
42 29 -0.422163
42 30 -0.422163
42 31 -0.422163
42 32 -0.422163
42 33 -0.422163
42 34 -0.422163
42 35 -0.422163
42 36 -0.422163
42 37 -0.422163
42 38 -0.422163
42 39 -0.422163
42 40 -0.422163
42 41 -0.422163
42 42 -0.422163
42 43 -0.422163
42 44 -0.422163
42 45 -0.422163
42 46 -0.422163
42 47 -0.422163
42 48 -0.422163
42 49 -0.422163
42 50 -0.422163
42 51 -0.422163
42 52 -0.422163
42 53 -0.422163
42 54 -0.422163
42 55 -0.422163
42 56 -0.422163
42 57 -0.422163
42 58 -0.422163
42 59 -0.422163
42 60 -0.422163
42 61 -0.422163
42 62 -0.422163
42 63 -0.422163
43 0 -0.568509
43 1 -0.568509
43 2 -0.417711
43 3 -0.410300
43 4 -0.421936
43 5 -0.423097
43 6 -0.422228
43 7 -0.422093
43 8 -0.422156
43 9 -0.422169
43 10 -0.422165
43 11 -0.422164
43 12 -0.422164
43 13 -0.422164
43 14 -0.422164
43 15 -0.422164
43 16 -0.422164
43 17 -0.422164
43 18 -0.422164
43 19 -0.422164
43 20 -0.422164
43 21 -0.422164
43 22 -0.422164
43 23 -0.422164
43 24 -0.422164
43 25 -0.422163
43 26 -0.422163
43 27 -0.422163
43 28 -0.422163
43 29 -0.422163
43 30 -0.422163
43 31 -0.422163
43 32 -0.422163
43 33 -0.422163
43 34 -0.422163
43 35 -0.422163
43 36 -0.422163
43 37 -0.422163
43 38 -0.422163
43 39 -0.422163
43 40 -0.422163
43 41 -0.422163
43 42 -0.422163
43 43 -0.422163
43 44 -0.422163
43 45 -0.422163
43 46 -0.422163
43 47 -0.422163
43 48 -0.422163
43 49 -0.422163
43 50 -0.422163
43 51 -0.422163
43 52 -0.422163
43 53 -0.422163
43 54 -0.422163
43 55 -0.422163
43 56 -0.422163
43 57 -0.422163
43 58 -0.422163
43 59 -0.422163
43 60 -0.422163
43 61 -0.422163
43 62 -0.422163
43 63 -0.422163
44 0 -0.568509
44 1 -0.568509
44 2 -0.417711
44 3 -0.410300
44 4 -0.421936
44 5 -0.423097
44 6 -0.422229
44 7 -0.422093
44 8 -0.422156
44 9 -0.422170
44 10 -0.422165
44 11 -0.422164
44 12 -0.422164
44 13 -0.422164
44 14 -0.422164
44 15 -0.422164
44 16 -0.422164
44 17 -0.422164
44 18 -0.422164
44 19 -0.422164
44 20 -0.422164
44 21 -0.422164
44 22 -0.422164
44 23 -0.422164
44 24 -0.422164
44 25 -0.422164
44 26 -0.422164
44 27 -0.422164
44 28 -0.422164
44 29 -0.422164
44 30 -0.422164
44 31 -0.422164
44 32 -0.422164
44 33 -0.422164
44 34 -0.422163
44 35 -0.422163
44 36 -0.422163
44 37 -0.422163
44 38 -0.422163
44 39 -0.422163
44 40 -0.422163
44 41 -0.422163
44 42 -0.422163
44 43 -0.422163
44 44 -0.422163
44 45 -0.422163
44 46 -0.422163
44 47 -0.422163
44 48 -0.422163
44 49 -0.422163
44 50 -0.422163
44 51 -0.422163
44 52 -0.422163
44 53 -0.422163
44 54 -0.422163
44 55 -0.422163
44 56 -0.422163
44 57 -0.422163
44 58 -0.422163
44 59 -0.422163
44 60 -0.422163
44 61 -0.422163
44 62 -0.422163
44 63 -0.422163
45 0 -0.568509
45 1 -0.568509
45 2 -0.417711
45 3 -0.410300
45 4 -0.421936
45 5 -0.423098
45 6 -0.422229
45 7 -0.422093
45 8 -0.422156
45 9 -0.422170
45 10 -0.422165
45 11 -0.422164
45 12 -0.422164
45 13 -0.422164
45 14 -0.422164
45 15 -0.422164
45 16 -0.422164
45 17 -0.422164
45 18 -0.422164
45 19 -0.422164
45 20 -0.422164
45 21 -0.422164
45 22 -0.422164
45 23 -0.422164
45 24 -0.422164
45 25 -0.422164
45 26 -0.422164
45 27 -0.422164
45 28 -0.422164
45 29 -0.422164
45 30 -0.422164
45 31 -0.422164
45 32 -0.422164
45 33 -0.422164
45 34 -0.422164
45 35 -0.422164
45 36 -0.422164
45 37 -0.422164
45 38 -0.422164
45 39 -0.422164
45 40 -0.422164
45 41 -0.422164
45 42 -0.422164
45 43 -0.422164
45 44 -0.422164
45 45 -0.422164
45 46 -0.422164
45 47 -0.422164
45 48 -0.422164
45 49 -0.422164
45 50 -0.422164
45 51 -0.422164
45 52 -0.422164
45 53 -0.422164
45 54 -0.422164
45 55 -0.422164
45 56 -0.422164
45 57 -0.422164
45 58 -0.422164
45 59 -0.422164
45 60 -0.422164
45 61 -0.422164
45 62 -0.422164
45 63 -0.422164
46 0 -0.568510
46 1 -0.568510
46 2 -0.417711
46 3 -0.410301
46 4 -0.421936
46 5 -0.423098
46 6 -0.422229
46 7 -0.422094
46 8 -0.422156
46 9 -0.422170
46 10 -0.422166
46 11 -0.422164
46 12 -0.422164
46 13 -0.422165
46 14 -0.422164
46 15 -0.422164
46 16 -0.422164
46 17 -0.422164
46 18 -0.422164
46 19 -0.422164
46 20 -0.422164
46 21 -0.422164
46 22 -0.422164
46 23 -0.422164
46 24 -0.422164
46 25 -0.422164
46 26 -0.422164
46 27 -0.422164
46 28 -0.422164
46 29 -0.422164
46 30 -0.422164
46 31 -0.422164
46 32 -0.422164
46 33 -0.422164
46 34 -0.422164
46 35 -0.422164
46 36 -0.422164
46 37 -0.422164
46 38 -0.422164
46 39 -0.422164
46 40 -0.422164
46 41 -0.422164
46 42 -0.422164
46 43 -0.422164
46 44 -0.422164
46 45 -0.422164
46 46 -0.422164
46 47 -0.422164
46 48 -0.422164
46 49 -0.422164
46 50 -0.422164
46 51 -0.422164
46 52 -0.422164
46 53 -0.422164
46 54 -0.422164
46 55 -0.422164
46 56 -0.422164
46 57 -0.422164
46 58 -0.422164
46 59 -0.422164
46 60 -0.422164
46 61 -0.422164
46 62 -0.422164
46 63 -0.422164
47 0 -0.568510
47 1 -0.568510
47 2 -0.417711
47 3 -0.410301
47 4 -0.421936
47 5 -0.423098
47 6 -0.422229
47 7 -0.422094
47 8 -0.422156
47 9 -0.422170
47 10 -0.422166
47 11 -0.422164
47 12 -0.422165
47 13 -0.422165
47 14 -0.422165
47 15 -0.422165
47 16 -0.422165
47 17 -0.422165
47 18 -0.422165
47 19 -0.422165
47 20 -0.422165
47 21 -0.422165
47 22 -0.422164
47 23 -0.422164
47 24 -0.422164
47 25 -0.422164
47 26 -0.422164
47 27 -0.422164
47 28 -0.422164
47 29 -0.422164
47 30 -0.422164
47 31 -0.422164
47 32 -0.422164
47 33 -0.422164
47 34 -0.422164
47 35 -0.422164
47 36 -0.422164
47 37 -0.422164
47 38 -0.422164
47 39 -0.422164
47 40 -0.422164
47 41 -0.422164
47 42 -0.422164
47 43 -0.422164
47 44 -0.422164
47 45 -0.422164
47 46 -0.422164
47 47 -0.422164
47 48 -0.422164
47 49 -0.422164
47 50 -0.422164
47 51 -0.422164
47 52 -0.422164
47 53 -0.422164
47 54 -0.422164
47 55 -0.422164
47 56 -0.422164
47 57 -0.422164
47 58 -0.422164
47 59 -0.422164
47 60 -0.422164
47 61 -0.422164
47 62 -0.422164
47 63 -0.422164
48 0 -0.568510
48 1 -0.568510
48 2 -0.417711
48 3 -0.410301
48 4 -0.421937
48 5 -0.423098
48 6 -0.422229
48 7 -0.422094
48 8 -0.422156
48 9 -0.422170
48 10 -0.422166
48 11 -0.422165
48 12 -0.422165
48 13 -0.422165
48 14 -0.422165
48 15 -0.422165
48 16 -0.422165
48 17 -0.422165
48 18 -0.422165
48 19 -0.422165
48 20 -0.422165
48 21 -0.422165
48 22 -0.422165
48 23 -0.422165
48 24 -0.422165
48 25 -0.422165
48 26 -0.422165
48 27 -0.422165
48 28 -0.422165
48 29 -0.422165
48 30 -0.422165
48 31 -0.422165
48 32 -0.422165
48 33 -0.422165
48 34 -0.422165
48 35 -0.422165
48 36 -0.422165
48 37 -0.422165
48 38 -0.422165
48 39 -0.422165
48 40 -0.422165
48 41 -0.422165
48 42 -0.422165
48 43 -0.422165
48 44 -0.422165
48 45 -0.422165
48 46 -0.422165
48 47 -0.422165
48 48 -0.422165
48 49 -0.422165
48 50 -0.422165
48 51 -0.422165
48 52 -0.422165
48 53 -0.422165
48 54 -0.422165
48 55 -0.422165
48 56 -0.422165
48 57 -0.422165
48 58 -0.422165
48 59 -0.422165
48 60 -0.422165
48 61 -0.422165
48 62 -0.422165
48 63 -0.422165
49 0 -0.568510
49 1 -0.568510
49 2 -0.417711
49 3 -0.410301
49 4 -0.421937
49 5 -0.423098
49 6 -0.422229
49 7 -0.422094
49 8 -0.422157
49 9 -0.422170
49 10 -0.422166
49 11 -0.422165
49 12 -0.422165
49 13 -0.422165
49 14 -0.422165
49 15 -0.422165
49 16 -0.422165
49 17 -0.422165
49 18 -0.422165
49 19 -0.422165
49 20 -0.422165
49 21 -0.422165
49 22 -0.422165
49 23 -0.422165
49 24 -0.422165
49 25 -0.422165
49 26 -0.422165
49 27 -0.422165
49 28 -0.422165
49 29 -0.422165
49 30 -0.422165
49 31 -0.422165
49 32 -0.422165
49 33 -0.422165
49 34 -0.422165
49 35 -0.422165
49 36 -0.422165
49 37 -0.422165
49 38 -0.422165
49 39 -0.422165
49 40 -0.422165
49 41 -0.422165
49 42 -0.422165
49 43 -0.422165
49 44 -0.422165
49 45 -0.422165
49 46 -0.422165
49 47 -0.422165
49 48 -0.422165
49 49 -0.422165
49 50 -0.422165
49 51 -0.422165
49 52 -0.422165
49 53 -0.422165
49 54 -0.422165
49 55 -0.422165
49 56 -0.422165
49 57 -0.422165
49 58 -0.422165
49 59 -0.422165
49 60 -0.422165
49 61 -0.422165
49 62 -0.422165
49 63 -0.422165
50 0 -0.568510
50 1 -0.568510
50 2 -0.417711
50 3 -0.410301
50 4 -0.421937
50 5 -0.423098
50 6 -0.422229
50 7 -0.422094
50 8 -0.422157
50 9 -0.422171
50 10 -0.422166
50 11 -0.422165
50 12 -0.422165
50 13 -0.422165
50 14 -0.422165
50 15 -0.422165
50 16 -0.422165
50 17 -0.422165
50 18 -0.422165
50 19 -0.422165
50 20 -0.422165
50 21 -0.422165
50 22 -0.422165
50 23 -0.422165
50 24 -0.422165
50 25 -0.422165
50 26 -0.422165
50 27 -0.422165
50 28 -0.422165
50 29 -0.422165
50 30 -0.422165
50 31 -0.422165
50 32 -0.422165
50 33 -0.422165
50 34 -0.422165
50 35 -0.422165
50 36 -0.422165
50 37 -0.422165
50 38 -0.422165
50 39 -0.422165
50 40 -0.422165
50 41 -0.422165
50 42 -0.422165
50 43 -0.422165
50 44 -0.422165
50 45 -0.422165
50 46 -0.422165
50 47 -0.422165
50 48 -0.422165
50 49 -0.422165
50 50 -0.422165
50 51 -0.422165
50 52 -0.422165
50 53 -0.422165
50 54 -0.422165
50 55 -0.422165
50 56 -0.422165
50 57 -0.422165
50 58 -0.422165
50 59 -0.422165
50 60 -0.422165
50 61 -0.422165
50 62 -0.422165
50 63 -0.422165
51 0 -0.568510
51 1 -0.568510
51 2 -0.417711
51 3 -0.410301
51 4 -0.421937
51 5 -0.423098
51 6 -0.422230
51 7 -0.422095
51 8 -0.422157
51 9 -0.422171
51 10 -0.422167
51 11 -0.422165
51 12 -0.422166
51 13 -0.422166
51 14 -0.422166
51 15 -0.422166
51 16 -0.422166
51 17 -0.422166
51 18 -0.422166
51 19 -0.422166
51 20 -0.422166
51 21 -0.422166
51 22 -0.422166
51 23 -0.422166
51 24 -0.422166
51 25 -0.422166
51 26 -0.422166
51 27 -0.422166
51 28 -0.422166
51 29 -0.422166
51 30 -0.422166
51 31 -0.422166
51 32 -0.422166
51 33 -0.422166
51 34 -0.422166
51 35 -0.422166
51 36 -0.422166
51 37 -0.422166
51 38 -0.422166
51 39 -0.422166
51 40 -0.422166
51 41 -0.422166
51 42 -0.422166
51 43 -0.422166
51 44 -0.422166
51 45 -0.422166
51 46 -0.422166
51 47 -0.422166
51 48 -0.422166
51 49 -0.422166
51 50 -0.422166
51 51 -0.422166
51 52 -0.422166
51 53 -0.422166
51 54 -0.422166
51 55 -0.422166
51 56 -0.422166
51 57 -0.422166
51 58 -0.422166
51 59 -0.422166
51 60 -0.422166
51 61 -0.422166
51 62 -0.422166
51 63 -0.422166
52 0 -0.568510
52 1 -0.568510
52 2 -0.417712
52 3 -0.410301
52 4 -0.421937
52 5 -0.423099
52 6 -0.422230
52 7 -0.422095
52 8 -0.422157
52 9 -0.422171
52 10 -0.422167
52 11 -0.422166
52 12 -0.422166
52 13 -0.422166
52 14 -0.422166
52 15 -0.422166
52 16 -0.422166
52 17 -0.422166
52 18 -0.422166
52 19 -0.422166
52 20 -0.422166
52 21 -0.422166
52 22 -0.422166
52 23 -0.422166
52 24 -0.422166
52 25 -0.422166
52 26 -0.422166
52 27 -0.422166
52 28 -0.422166
52 29 -0.422166
52 30 -0.422166
52 31 -0.422166
52 32 -0.422166
52 33 -0.422166
52 34 -0.422166
52 35 -0.422166
52 36 -0.422166
52 37 -0.422166
52 38 -0.422166
52 39 -0.422166
52 40 -0.422166
52 41 -0.422166
52 42 -0.422166
52 43 -0.422166
52 44 -0.422166
52 45 -0.422166
52 46 -0.422166
52 47 -0.422166
52 48 -0.422166
52 49 -0.422166
52 50 -0.422166
52 51 -0.422166
52 52 -0.422166
52 53 -0.422166
52 54 -0.422166
52 55 -0.422166
52 56 -0.422166
52 57 -0.422166
52 58 -0.422166
52 59 -0.422166
52 60 -0.422166
52 61 -0.422166
52 62 -0.422166
52 63 -0.422166
53 0 -0.568511
53 1 -0.568511
53 2 -0.417712
53 3 -0.410302
53 4 -0.421937
53 5 -0.423099
53 6 -0.422230
53 7 -0.422095
53 8 -0.422157
53 9 -0.422171
53 10 -0.422167
53 11 -0.422166
53 12 -0.422166
53 13 -0.422166
53 14 -0.422166
53 15 -0.422166
53 16 -0.422166
53 17 -0.422166
53 18 -0.422166
53 19 -0.422166
53 20 -0.422166
53 21 -0.422166
53 22 -0.422166
53 23 -0.422166
53 24 -0.422166
53 25 -0.422166
53 26 -0.422166
53 27 -0.422166
53 28 -0.422166
53 29 -0.422167
53 30 -0.422167
53 31 -0.422167
53 32 -0.422167
53 33 -0.422167
53 34 -0.422167
53 35 -0.422167
53 36 -0.422167
53 37 -0.422167
53 38 -0.422167
53 39 -0.422167
53 40 -0.422167
53 41 -0.422167
53 42 -0.422167
53 43 -0.422167
53 44 -0.422167
53 45 -0.422167
53 46 -0.422167
53 47 -0.422167
53 48 -0.422167
53 49 -0.422167
53 50 -0.422167
53 51 -0.422167
53 52 -0.422167
53 53 -0.422167
53 54 -0.422167
53 55 -0.422167
53 56 -0.422167
53 57 -0.422167
53 58 -0.422167
53 59 -0.422167
53 60 -0.422167
53 61 -0.422167
53 62 -0.422167
53 63 -0.422167
54 0 -0.568511
54 1 -0.568511
54 2 -0.417712
54 3 -0.410302
54 4 -0.421938
54 5 -0.423099
54 6 -0.422230
54 7 -0.422095
54 8 -0.422158
54 9 -0.422172
54 10 -0.422167
54 11 -0.422166
54 12 -0.422166
54 13 -0.422167
54 14 -0.422167
54 15 -0.422167
54 16 -0.422167
54 17 -0.422167
54 18 -0.422167
54 19 -0.422167
54 20 -0.422167
54 21 -0.422167
54 22 -0.422167
54 23 -0.422167
54 24 -0.422167
54 25 -0.422167
54 26 -0.422167
54 27 -0.422167
54 28 -0.422167
54 29 -0.422167
54 30 -0.422167
54 31 -0.422167
54 32 -0.422167
54 33 -0.422167
54 34 -0.422167
54 35 -0.422167
54 36 -0.422167
54 37 -0.422167
54 38 -0.422167
54 39 -0.422167
54 40 -0.422167
54 41 -0.422167
54 42 -0.422167
54 43 -0.422167
54 44 -0.422167
54 45 -0.422167
54 46 -0.422167
54 47 -0.422167
54 48 -0.422167
54 49 -0.422167
54 50 -0.422167
54 51 -0.422167
54 52 -0.422167
54 53 -0.422167
54 54 -0.422167
54 55 -0.422167
54 56 -0.422167
54 57 -0.422167
54 58 -0.422167
54 59 -0.422167
54 60 -0.422167
54 61 -0.422167
54 62 -0.422167
54 63 -0.422167
55 0 -0.568511
55 1 -0.568511
55 2 -0.417712
55 3 -0.410302
55 4 -0.421938
55 5 -0.423099
55 6 -0.422230
55 7 -0.422095
55 8 -0.422158
55 9 -0.422172
55 10 -0.422168
55 11 -0.422166
55 12 -0.422167
55 13 -0.422167
55 14 -0.422167
55 15 -0.422167
55 16 -0.422167
55 17 -0.422167
55 18 -0.422167
55 19 -0.422167
55 20 -0.422167
55 21 -0.422167
55 22 -0.422167
55 23 -0.422167
55 24 -0.422167
55 25 -0.422167
55 26 -0.422167
55 27 -0.422167
55 28 -0.422167
55 29 -0.422167
55 30 -0.422167
55 31 -0.422167
55 32 -0.422167
55 33 -0.422167
55 34 -0.422167
55 35 -0.422168
55 36 -0.422168
55 37 -0.422168
55 38 -0.422168
55 39 -0.422168
55 40 -0.422168
55 41 -0.422168
55 42 -0.422168
55 43 -0.422168
55 44 -0.422168
55 45 -0.422168
55 46 -0.422168
55 47 -0.422168
55 48 -0.422168
55 49 -0.422168
55 50 -0.422168
55 51 -0.422168
55 52 -0.422168
55 53 -0.422168
55 54 -0.422168
55 55 -0.422168
55 56 -0.422168
55 57 -0.422168
55 58 -0.422168
55 59 -0.422168
55 60 -0.422168
55 61 -0.422168
55 62 -0.422168
55 63 -0.422168
56 0 -0.568511
56 1 -0.568511
56 2 -0.417712
56 3 -0.410302
56 4 -0.421938
56 5 -0.423100
56 6 -0.422231
56 7 -0.422096
56 8 -0.422158
56 9 -0.422172
56 10 -0.422168
56 11 -0.422167
56 12 -0.422167
56 13 -0.422167
56 14 -0.422167
56 15 -0.422167
56 16 -0.422167
56 17 -0.422167
56 18 -0.422167
56 19 -0.422167
56 20 -0.422168
56 21 -0.422168
56 22 -0.422168
56 23 -0.422168
56 24 -0.422168
56 25 -0.422168
56 26 -0.422168
56 27 -0.422168
56 28 -0.422168
56 29 -0.422168
56 30 -0.422168
56 31 -0.422168
56 32 -0.422168
56 33 -0.422168
56 34 -0.422168
56 35 -0.422168
56 36 -0.422168
56 37 -0.422168
56 38 -0.422168
56 39 -0.422168
56 40 -0.422168
56 41 -0.422168
56 42 -0.422168
56 43 -0.422168
56 44 -0.422168
56 45 -0.422168
56 46 -0.422168
56 47 -0.422168
56 48 -0.422168
56 49 -0.422168
56 50 -0.422168
56 51 -0.422168
56 52 -0.422168
56 53 -0.422168
56 54 -0.422168
56 55 -0.422168
56 56 -0.422168
56 57 -0.422168
56 58 -0.422168
56 59 -0.422168
56 60 -0.422168
56 61 -0.422168
56 62 -0.422168
56 63 -0.422168
57 0 -0.568511
57 1 -0.568511
57 2 -0.417713
57 3 -0.410302
57 4 -0.421938
57 5 -0.423100
57 6 -0.422231
57 7 -0.422096
57 8 -0.422159
57 9 -0.422172
57 10 -0.422168
57 11 -0.422167
57 12 -0.422167
57 13 -0.422168
57 14 -0.422168
57 15 -0.422168
57 16 -0.422168
57 17 -0.422168
57 18 -0.422168
57 19 -0.422168
57 20 -0.422168
57 21 -0.422168
57 22 -0.422168
57 23 -0.422168
57 24 -0.422168
57 25 -0.422168
57 26 -0.422168
57 27 -0.422168
57 28 -0.422168
57 29 -0.422168
57 30 -0.422168
57 31 -0.422168
57 32 -0.422168
57 33 -0.422168
57 34 -0.422169
57 35 -0.422169
57 36 -0.422169
57 37 -0.422169
57 38 -0.422169
57 39 -0.422169
57 40 -0.422169
57 41 -0.422169
57 42 -0.422169
57 43 -0.422169
57 44 -0.422169
57 45 -0.422169
57 46 -0.422169
57 47 -0.422169
57 48 -0.422169
57 49 -0.422169
57 50 -0.422169
57 51 -0.422169
57 52 -0.422169
57 53 -0.422169
57 54 -0.422169
57 55 -0.422169
57 56 -0.422169
57 57 -0.422169
57 58 -0.422169
57 59 -0.422169
57 60 -0.422169
57 61 -0.422169
57 62 -0.422169
57 63 -0.422169
58 0 -0.568511
58 1 -0.568511
58 2 -0.417713
58 3 -0.410303
58 4 -0.421938
58 5 -0.423100
58 6 -0.422231
58 7 -0.422096
58 8 -0.422159
58 9 -0.422173
58 10 -0.422169
58 11 -0.422167
58 12 -0.422168
58 13 -0.422168
58 14 -0.422168
58 15 -0.422168
58 16 -0.422168
58 17 -0.422168
58 18 -0.422168
58 19 -0.422168
58 20 -0.422168
58 21 -0.422168
58 22 -0.422169
58 23 -0.422169
58 24 -0.422169
58 25 -0.422169
58 26 -0.422169
58 27 -0.422169
58 28 -0.422169
58 29 -0.422169
58 30 -0.422169
58 31 -0.422169
58 32 -0.422169
58 33 -0.422169
58 34 -0.422169
58 35 -0.422169
58 36 -0.422169
58 37 -0.422169
58 38 -0.422169
58 39 -0.422169
58 40 -0.422169
58 41 -0.422169
58 42 -0.422169
58 43 -0.422169
58 44 -0.422169
58 45 -0.422169
58 46 -0.422169
58 47 -0.422169
58 48 -0.422169
58 49 -0.422169
58 50 -0.422169
58 51 -0.422169
58 52 -0.422169
58 53 -0.422169
58 54 -0.422169
58 55 -0.422169
58 56 -0.422169
58 57 -0.422169
58 58 -0.422169
58 59 -0.422169
58 60 -0.422169
58 61 -0.422169
58 62 -0.422169
58 63 -0.422169
59 0 -0.568512
59 1 -0.568512
59 2 -0.417713
59 3 -0.410303
59 4 -0.421939
59 5 -0.423100
59 6 -0.422232
59 7 -0.422097
59 8 -0.422159
59 9 -0.422173
59 10 -0.422169
59 11 -0.422168
59 12 -0.422168
59 13 -0.422168
59 14 -0.422168
59 15 -0.422168
59 16 -0.422169
59 17 -0.422169
59 18 -0.422169
59 19 -0.422169
59 20 -0.422169
59 21 -0.422169
59 22 -0.422169
59 23 -0.422169
59 24 -0.422169
59 25 -0.422169
59 26 -0.422169
59 27 -0.422169
59 28 -0.422169
59 29 -0.422169
59 30 -0.422169
59 31 -0.422169
59 32 -0.422170
59 33 -0.422170
59 34 -0.422170
59 35 -0.422170
59 36 -0.422170
59 37 -0.422170
59 38 -0.422170
59 39 -0.422170
59 40 -0.422170
59 41 -0.422170
59 42 -0.422170
59 43 -0.422170
59 44 -0.422170
59 45 -0.422170
59 46 -0.422170
59 47 -0.422170
59 48 -0.422170
59 49 -0.422170
59 50 -0.422170
59 51 -0.422170
59 52 -0.422170
59 53 -0.422170
59 54 -0.422170
59 55 -0.422170
59 56 -0.422170
59 57 -0.422170
59 58 -0.422170
59 59 -0.422170
59 60 -0.422170
59 61 -0.422170
59 62 -0.422170
59 63 -0.422170
60 0 -0.568512
60 1 -0.568512
60 2 -0.417713
60 3 -0.410303
60 4 -0.421939
60 5 -0.423101
60 6 -0.422232
60 7 -0.422097
60 8 -0.422159
60 9 -0.422173
60 10 -0.422169
60 11 -0.422168
60 12 -0.422168
60 13 -0.422169
60 14 -0.422169
60 15 -0.422169
60 16 -0.422169
60 17 -0.422169
60 18 -0.422169
60 19 -0.422169
60 20 -0.422169
60 21 -0.422169
60 22 -0.422169
60 23 -0.422170
60 24 -0.422170
60 25 -0.422170
60 26 -0.422170
60 27 -0.422170
60 28 -0.422170
60 29 -0.422170
60 30 -0.422170
60 31 -0.422170
60 32 -0.422170
60 33 -0.422170
60 34 -0.422170
60 35 -0.422170
60 36 -0.422170
60 37 -0.422170
60 38 -0.422170
60 39 -0.422170
60 40 -0.422170
60 41 -0.422170
60 42 -0.422170
60 43 -0.422171
60 44 -0.422171
60 45 -0.422171
60 46 -0.422171
60 47 -0.422171
60 48 -0.422171
60 49 -0.422171
60 50 -0.422171
60 51 -0.422171
60 52 -0.422171
60 53 -0.422171
60 54 -0.422171
60 55 -0.422171
60 56 -0.422171
60 57 -0.422171
60 58 -0.422171
60 59 -0.422171
60 60 -0.422171
60 61 -0.422171
60 62 -0.422171
60 63 -0.422171
61 0 -0.568512
61 1 -0.568512
61 2 -0.417713
61 3 -0.410303
61 4 -0.421939
61 5 -0.423101
61 6 -0.422232
61 7 -0.422097
61 8 -0.422160
61 9 -0.422174
61 10 -0.422170
61 11 -0.422168
61 12 -0.422169
61 13 -0.422169
61 14 -0.422169
61 15 -0.422169
61 16 -0.422169
61 17 -0.422170
61 18 -0.422170
61 19 -0.422170
61 20 -0.422170
61 21 -0.422170
61 22 -0.422170
61 23 -0.422170
61 24 -0.422170
61 25 -0.422170
61 26 -0.422170
61 27 -0.422170
61 28 -0.422170
61 29 -0.422171
61 30 -0.422171
61 31 -0.422171
61 32 -0.422171
61 33 -0.422171
61 34 -0.422171
61 35 -0.422171
61 36 -0.422171
61 37 -0.422171
61 38 -0.422171
61 39 -0.422171
61 40 -0.422171
61 41 -0.422171
61 42 -0.422171
61 43 -0.422171
61 44 -0.422171
61 45 -0.422171
61 46 -0.422171
61 47 -0.422171
61 48 -0.422171
61 49 -0.422171
61 50 -0.422171
61 51 -0.422171
61 52 -0.422171
61 53 -0.422171
61 54 -0.422171
61 55 -0.422171
61 56 -0.422171
61 57 -0.422171
61 58 -0.422171
61 59 -0.422171
61 60 -0.422171
61 61 -0.422171
61 62 -0.422171
61 63 -0.422171
62 0 -0.568512
62 1 -0.568512
62 2 -0.417714
62 3 -0.410304
62 4 -0.421939
62 5 -0.423101
62 6 -0.422232
62 7 -0.422097
62 8 -0.422160
62 9 -0.422174
62 10 -0.422170
62 11 -0.422169
62 12 -0.422169
62 13 -0.422170
62 14 -0.422170
62 15 -0.422170
62 16 -0.422170
62 17 -0.422170
62 18 -0.422170
62 19 -0.422170
62 20 -0.422170
62 21 -0.422170
62 22 -0.422171
62 23 -0.422171
62 24 -0.422171
62 25 -0.422171
62 26 -0.422171
62 27 -0.422171
62 28 -0.422171
62 29 -0.422171
62 30 -0.422171
62 31 -0.422171
62 32 -0.422171
62 33 -0.422171
62 34 -0.422171
62 35 -0.422172
62 36 -0.422172
62 37 -0.422172
62 38 -0.422172
62 39 -0.422172
62 40 -0.422172
62 41 -0.422172
62 42 -0.422172
62 43 -0.422172
62 44 -0.422172
62 45 -0.422172
62 46 -0.422172
62 47 -0.422172
62 48 -0.422172
62 49 -0.422172
62 50 -0.422172
62 51 -0.422172
62 52 -0.422172
62 53 -0.422172
62 54 -0.422172
62 55 -0.422172
62 56 -0.422172
62 57 -0.422172
62 58 -0.422172
62 59 -0.422172
62 60 -0.422172
62 61 -0.422172
62 62 -0.422172
62 63 -0.422172
63 0 0.000000
63 1 0.000000
63 2 0.000000
63 3 0.000000
63 4 0.000000
63 5 0.000000
63 6 0.000000
63 7 0.000000
63 8 0.000000
63 9 0.000000
63 10 0.000000
63 11 0.000000
63 12 0.000000
63 13 0.000000
63 14 0.000000
63 15 0.000000
63 16 0.000000
63 17 0.000000
63 18 0.000000
63 19 0.000000
63 20 0.000000
63 21 0.000000
63 22 0.000000
63 23 0.000000
63 24 0.000000
63 25 0.000000
63 26 0.000000
63 27 0.000000
63 28 0.000000
63 29 0.000000
63 30 0.000000
63 31 0.000000
63 32 0.000000
63 33 0.000000
63 34 0.000000
63 35 0.000000
63 36 0.000000
63 37 0.000000
63 38 0.000000
63 39 0.000000
63 40 0.000000
63 41 0.000000
63 42 0.000000
63 43 0.000000
63 44 0.000000
63 45 0.000000
63 46 0.000000
63 47 0.000000
63 48 0.000000
63 49 0.000000
63 50 0.000000
63 51 0.000000
63 52 0.000000
63 53 0.000000
63 54 0.000000
63 55 0.000000
63 56 0.000000
63 57 0.000000
63 58 0.000000
63 59 0.000000
63 60 0.000000
63 61 0.000000
63 62 0.000000
63 63 0.000000
