0 0 0.000000
0 1 0.000000
0 2 0.000000
0 3 0.000000
0 4 0.000000
0 5 0.000000
0 6 0.000000
0 7 0.000000
0 8 0.000000
0 9 0.000000
0 10 0.000000
0 11 0.000000
0 12 0.000000
0 13 0.000000
0 14 0.000000
0 15 0.000000
0 16 0.000000
0 17 0.000000
0 18 0.000000
0 19 0.000000
0 20 0.000000
0 21 0.000000
0 22 0.000000
0 23 0.000000
0 24 0.000000
0 25 0.000000
0 26 0.000000
0 27 0.000000
0 28 0.000000
0 29 0.000000
0 30 0.000000
0 31 0.000000
0 32 0.000000
0 33 0.000000
0 34 0.000000
0 35 0.000000
0 36 0.000000
0 37 0.000000
0 38 0.000000
0 39 0.000000
0 40 0.000000
0 41 0.000000
0 42 0.000000
0 43 0.000000
0 44 0.000000
0 45 0.000000
0 46 0.000000
0 47 0.000000
0 48 0.000000
0 49 0.000000
0 50 0.000000
0 51 0.000000
0 52 0.000000
0 53 0.000000
0 54 0.000000
0 55 0.000000
0 56 0.000000
0 57 0.000000
0 58 0.000000
0 59 0.000000
0 60 0.000000
0 61 0.000000
0 62 0.000000
0 63 0.000000
1 0 -0.598119
1 1 -0.598119
1 2 -0.439435
1 3 -0.431636
1 4 -0.443883
1 5 -0.445106
1 6 -0.444191
1 7 -0.444049
1 8 -0.444115
1 9 -0.444130
1 10 -0.444126
1 11 -0.444124
1 12 -0.444125
1 13 -0.444125
1 14 -0.444125
1 15 -0.444125
1 16 -0.444126
1 17 -0.444126
1 18 -0.444126
1 19 -0.444126
1 20 -0.444126
1 21 -0.444126
1 22 -0.444126
1 23 -0.444126
1 24 -0.444126
1 25 -0.444127
1 26 -0.444127
1 27 -0.444127
1 28 -0.444127
1 29 -0.444127
1 30 -0.444127
1 31 -0.444127
1 32 -0.444127
1 33 -0.444127
1 34 -0.444127
1 35 -0.444127
1 36 -0.444127
1 37 -0.444127
1 38 -0.444128
1 39 -0.444128
1 40 -0.444128
1 41 -0.444128
1 42 -0.444128
1 43 -0.444128
1 44 -0.444128
1 45 -0.444128
1 46 -0.444128
1 47 -0.444128
1 48 -0.444128
1 49 -0.444128
1 50 -0.444128
1 51 -0.444128
1 52 -0.444128
1 53 -0.444128
1 54 -0.444128
1 55 -0.444128
1 56 -0.444128
1 57 -0.444128
1 58 -0.444128
1 59 -0.444128
1 60 -0.444128
1 61 -0.444128
1 62 -0.444128
1 63 -0.444128
2 0 -0.598118
2 1 -0.598118
2 2 -0.439435
2 3 -0.431636
2 4 -0.443883
2 5 -0.445106
2 6 -0.444191
2 7 -0.444049
2 8 -0.444115
2 9 -0.444130
2 10 -0.444125
2 11 -0.444124
2 12 -0.444124
2 13 -0.444125
2 14 -0.444125
2 15 -0.444125
2 16 -0.444125
2 17 -0.444125
2 18 -0.444125
2 19 -0.444125
2 20 -0.444126
2 21 -0.444126
2 22 -0.444126
2 23 -0.444126
2 24 -0.444126
2 25 -0.444126
2 26 -0.444126
2 27 -0.444126
2 28 -0.444126
2 29 -0.444126
2 30 -0.444126
2 31 -0.444126
2 32 -0.444127
2 33 -0.444127
2 34 -0.444127
2 35 -0.444127
2 36 -0.444127
2 37 -0.444127
2 38 -0.444127
2 39 -0.444127
2 40 -0.444127
2 41 -0.444127
2 42 -0.444127
2 43 -0.444127
2 44 -0.444127
2 45 -0.444127
2 46 -0.444127
2 47 -0.444127
2 48 -0.444127
2 49 -0.444127
2 50 -0.444127
2 51 -0.444127
2 52 -0.444127
2 53 -0.444127
2 54 -0.444127
2 55 -0.444127
2 56 -0.444127
2 57 -0.444127
2 58 -0.444127
2 59 -0.444127
2 60 -0.444127
2 61 -0.444127
2 62 -0.444127
2 63 -0.444127
3 0 -0.598118
3 1 -0.598118
3 2 -0.439435
3 3 -0.431636
3 4 -0.443882
3 5 -0.445105
3 6 -0.444191
3 7 -0.444049
3 8 -0.444115
3 9 -0.444129
3 10 -0.444125
3 11 -0.444124
3 12 -0.444124
3 13 -0.444124
3 14 -0.444124
3 15 -0.444125
3 16 -0.444125
3 17 -0.444125
3 18 -0.444125
3 19 -0.444125
3 20 -0.444125
3 21 -0.444125
3 22 -0.444125
3 23 -0.444125
3 24 -0.444125
3 25 -0.444125
3 26 -0.444126
3 27 -0.444126
3 28 -0.444126
3 29 -0.444126
3 30 -0.444126
3 31 -0.444126
3 32 -0.444126
3 33 -0.444126
3 34 -0.444126
3 35 -0.444126
3 36 -0.444126
3 37 -0.444126
3 38 -0.444126
3 39 -0.444126
3 40 -0.444126
3 41 -0.444126
3 42 -0.444126
3 43 -0.444126
3 44 -0.444126
3 45 -0.444126
3 46 -0.444126
3 47 -0.444127
3 48 -0.444127
3 49 -0.444127
3 50 -0.444127
3 51 -0.444127
3 52 -0.444127
3 53 -0.444127
3 54 -0.444127
3 55 -0.444127
3 56 -0.444127
3 57 -0.444127
3 58 -0.444127
3 59 -0.444127
3 60 -0.444127
3 61 -0.444127
3 62 -0.444127
3 63 -0.444127
4 0 -0.598118
4 1 -0.598118
4 2 -0.439435
4 3 -0.431636
4 4 -0.443882
4 5 -0.445105
4 6 -0.444190
4 7 -0.444048
4 8 -0.444114
4 9 -0.444129
4 10 -0.444125
4 11 -0.444123
4 12 -0.444124
4 13 -0.444124
4 14 -0.444124
4 15 -0.444124
4 16 -0.444124
4 17 -0.444124
4 18 -0.444124
4 19 -0.444124
4 20 -0.444125
4 21 -0.444125
4 22 -0.444125
4 23 -0.444125
4 24 -0.444125
4 25 -0.444125
4 26 -0.444125
4 27 -0.444125
4 28 -0.444125
4 29 -0.444125
4 30 -0.444125
4 31 -0.444125
4 32 -0.444125
4 33 -0.444125
4 34 -0.444125
4 35 -0.444125
4 36 -0.444126
4 37 -0.444126
4 38 -0.444126
4 39 -0.444126
4 40 -0.444126
4 41 -0.444126
4 42 -0.444126
4 43 -0.444126
4 44 -0.444126
4 45 -0.444126
4 46 -0.444126
4 47 -0.444126
4 48 -0.444126
4 49 -0.444126
4 50 -0.444126
4 51 -0.444126
4 52 -0.444126
4 53 -0.444126
4 54 -0.444126
4 55 -0.444126
4 56 -0.444126
4 57 -0.444126
4 58 -0.444126
4 59 -0.444126
4 60 -0.444126
4 61 -0.444126
4 62 -0.444126
4 63 -0.444126
5 0 -0.598118
5 1 -0.598118
5 2 -0.439434
5 3 -0.431635
5 4 -0.443882
5 5 -0.445105
5 6 -0.444190
5 7 -0.444048
5 8 -0.444114
5 9 -0.444129
5 10 -0.444124
5 11 -0.444123
5 12 -0.444123
5 13 -0.444124
5 14 -0.444124
5 15 -0.444124
5 16 -0.444124
5 17 -0.444124
5 18 -0.444124
5 19 -0.444124
5 20 -0.444124
5 21 -0.444124
5 22 -0.444124
5 23 -0.444124
5 24 -0.444124
5 25 -0.444124
5 26 -0.444124
5 27 -0.444125
5 28 -0.444125
5 29 -0.444125
5 30 -0.444125
5 31 -0.444125
5 32 -0.444125
5 33 -0.444125
5 34 -0.444125
5 35 -0.444125
5 36 -0.444125
5 37 -0.444125
5 38 -0.444125
5 39 -0.444125
5 40 -0.444125
5 41 -0.444125
5 42 -0.444125
5 43 -0.444125
5 44 -0.444125
5 45 -0.444125
5 46 -0.444125
5 47 -0.444125
5 48 -0.444125
5 49 -0.444125
5 50 -0.444125
5 51 -0.444125
5 52 -0.444125
5 53 -0.444125
5 54 -0.444125
5 55 -0.444125
5 56 -0.444125
5 57 -0.444125
5 58 -0.444125
5 59 -0.444125
5 60 -0.444125
5 61 -0.444125
5 62 -0.444125
5 63 -0.444125
6 0 -0.598118
6 1 -0.598118
6 2 -0.439434
6 3 -0.431635
6 4 -0.443882
6 5 -0.445104
6 6 -0.444190
6 7 -0.444048
6 8 -0.444114
6 9 -0.444128
6 10 -0.444124
6 11 -0.444123
6 12 -0.444123
6 13 -0.444123
6 14 -0.444123
6 15 -0.444123
6 16 -0.444123
6 17 -0.444123
6 18 -0.444124
6 19 -0.444124
6 20 -0.444124
6 21 -0.444124
6 22 -0.444124
6 23 -0.444124
6 24 -0.444124
6 25 -0.444124
6 26 -0.444124
6 27 -0.444124
6 28 -0.444124
6 29 -0.444124
6 30 -0.444124
6 31 -0.444124
6 32 -0.444124
6 33 -0.444124
6 34 -0.444124
6 35 -0.444124
6 36 -0.444124
6 37 -0.444124
6 38 -0.444124
6 39 -0.444124
6 40 -0.444124
6 41 -0.444125
6 42 -0.444125
6 43 -0.444125
6 44 -0.444125
6 45 -0.444125
6 46 -0.444125
6 47 -0.444125
6 48 -0.444125
6 49 -0.444125
6 50 -0.444125
6 51 -0.444125
6 52 -0.444125
6 53 -0.444125
6 54 -0.444125
6 55 -0.444125
6 56 -0.444125
6 57 -0.444125
6 58 -0.444125
6 59 -0.444125
6 60 -0.444125
6 61 -0.444125
6 62 -0.444125
6 63 -0.444125
7 0 -0.598117
7 1 -0.598117
7 2 -0.439434
7 3 -0.431635
7 4 -0.443881
7 5 -0.445104
7 6 -0.444190
7 7 -0.444048
7 8 -0.444113
7 9 -0.444128
7 10 -0.444124
7 11 -0.444122
7 12 -0.444123
7 13 -0.444123
7 14 -0.444123
7 15 -0.444123
7 16 -0.444123
7 17 -0.444123
7 18 -0.444123
7 19 -0.444123
7 20 -0.444123
7 21 -0.444123
7 22 -0.444123
7 23 -0.444123
7 24 -0.444123
7 25 -0.444123
7 26 -0.444124
7 27 -0.444124
7 28 -0.444124
7 29 -0.444124
7 30 -0.444124
7 31 -0.444124
7 32 -0.444124
7 33 -0.444124
7 34 -0.444124
7 35 -0.444124
7 36 -0.444124
7 37 -0.444124
7 38 -0.444124
7 39 -0.444124
7 40 -0.444124
7 41 -0.444124
7 42 -0.444124
7 43 -0.444124
7 44 -0.444124
7 45 -0.444124
7 46 -0.444124
7 47 -0.444124
7 48 -0.444124
7 49 -0.444124
7 50 -0.444124
7 51 -0.444124
7 52 -0.444124
7 53 -0.444124
7 54 -0.444124
7 55 -0.444124
7 56 -0.444124
7 57 -0.444124
7 58 -0.444124
7 59 -0.444124
7 60 -0.444124
7 61 -0.444124
7 62 -0.444124
7 63 -0.444124
8 0 -0.598117
8 1 -0.598117
8 2 -0.439434
8 3 -0.431635
8 4 -0.443881
8 5 -0.445104
8 6 -0.444189
8 7 -0.444047
8 8 -0.444113
8 9 -0.444128
8 10 -0.444123
8 11 -0.444122
8 12 -0.444122
8 13 -0.444123
8 14 -0.444123
8 15 -0.444123
8 16 -0.444123
8 17 -0.444123
8 18 -0.444123
8 19 -0.444123
8 20 -0.444123
8 21 -0.444123
8 22 -0.444123
8 23 -0.444123
8 24 -0.444123
8 25 -0.444123
8 26 -0.444123
8 27 -0.444123
8 28 -0.444123
8 29 -0.444123
8 30 -0.444123
8 31 -0.444123
8 32 -0.444123
8 33 -0.444123
8 34 -0.444123
8 35 -0.444123
8 36 -0.444123
8 37 -0.444123
8 38 -0.444123
8 39 -0.444123
8 40 -0.444123
8 41 -0.444123
8 42 -0.444123
8 43 -0.444123
8 44 -0.444123
8 45 -0.444123
8 46 -0.444124
8 47 -0.444124
8 48 -0.444124
8 49 -0.444124
8 50 -0.444124
8 51 -0.444124
8 52 -0.444124
8 53 -0.444124
8 54 -0.444124
8 55 -0.444124
8 56 -0.444124
8 57 -0.444124
8 58 -0.444124
8 59 -0.444124
8 60 -0.444124
8 61 -0.444124
8 62 -0.444124
8 63 -0.444124
9 0 -0.598117
9 1 -0.598117
9 2 -0.439434
9 3 -0.431635
9 4 -0.443881
9 5 -0.445104
9 6 -0.444189
9 7 -0.444047
9 8 -0.444113
9 9 -0.444127
9 10 -0.444123
9 11 -0.444122
9 12 -0.444122
9 13 -0.444122
9 14 -0.444122
9 15 -0.444122
9 16 -0.444122
9 17 -0.444122
9 18 -0.444122
9 19 -0.444122
9 20 -0.444122
9 21 -0.444122
9 22 -0.444123
9 23 -0.444123
9 24 -0.444123
9 25 -0.444123
9 26 -0.444123
9 27 -0.444123
9 28 -0.444123
9 29 -0.444123
9 30 -0.444123
9 31 -0.444123
9 32 -0.444123
9 33 -0.444123
9 34 -0.444123
9 35 -0.444123
9 36 -0.444123
9 37 -0.444123
9 38 -0.444123
9 39 -0.444123
9 40 -0.444123
9 41 -0.444123
9 42 -0.444123
9 43 -0.444123
9 44 -0.444123
9 45 -0.444123
9 46 -0.444123
9 47 -0.444123
9 48 -0.444123
9 49 -0.444123
9 50 -0.444123
9 51 -0.444123
9 52 -0.444123
9 53 -0.444123
9 54 -0.444123
9 55 -0.444123
9 56 -0.444123
9 57 -0.444123
9 58 -0.444123
9 59 -0.444123
9 60 -0.444123
9 61 -0.444123
9 62 -0.444123
9 63 -0.444123
10 0 -0.598117
10 1 -0.598117
10 2 -0.439433
10 3 -0.431634
10 4 -0.443881
10 5 -0.445104
10 6 -0.444189
10 7 -0.444047
10 8 -0.444113
10 9 -0.444127
10 10 -0.444123
10 11 -0.444121
10 12 -0.444122
10 13 -0.444122
10 14 -0.444122
10 15 -0.444122
10 16 -0.444122
10 17 -0.444122
10 18 -0.444122
10 19 -0.444122
10 20 -0.444122
10 21 -0.444122
10 22 -0.444122
10 23 -0.444122
10 24 -0.444122
10 25 -0.444122
10 26 -0.444122
10 27 -0.444122
10 28 -0.444122
10 29 -0.444122
10 30 -0.444122
10 31 -0.444122
10 32 -0.444122
10 33 -0.444122
10 34 -0.444122
10 35 -0.444122
10 36 -0.444122
10 37 -0.444122
10 38 -0.444122
10 39 -0.444122
10 40 -0.444122
10 41 -0.444122
10 42 -0.444122
10 43 -0.444122
10 44 -0.444122
10 45 -0.444122
10 46 -0.444122
10 47 -0.444122
10 48 -0.444122
10 49 -0.444123
10 50 -0.444123
10 51 -0.444123
10 52 -0.444123
10 53 -0.444123
10 54 -0.444123
10 55 -0.444123
10 56 -0.444123
10 57 -0.444123
10 58 -0.444123
10 59 -0.444123
10 60 -0.444123
10 61 -0.444123
10 62 -0.444123
10 63 -0.444123
11 0 -0.598117
11 1 -0.598117
11 2 -0.439433
11 3 -0.431634
11 4 -0.443881
11 5 -0.445103
11 6 -0.444189
11 7 -0.444047
11 8 -0.444112
11 9 -0.444127
11 10 -0.444122
11 11 -0.444121
11 12 -0.444121
11 13 -0.444122
11 14 -0.444122
11 15 -0.444122
11 16 -0.444122
11 17 -0.444122
11 18 -0.444122
11 19 -0.444122
11 20 -0.444122
11 21 -0.444122
11 22 -0.444122
11 23 -0.444122
11 24 -0.444122
11 25 -0.444122
11 26 -0.444122
11 27 -0.444122
11 28 -0.444122
11 29 -0.444122
11 30 -0.444122
11 31 -0.444122
11 32 -0.444122
11 33 -0.444122
11 34 -0.444122
11 35 -0.444122
11 36 -0.444122
11 37 -0.444122
11 38 -0.444122
11 39 -0.444122
11 40 -0.444122
11 41 -0.444122
11 42 -0.444122
11 43 -0.444122
11 44 -0.444122
11 45 -0.444122
11 46 -0.444122
11 47 -0.444122
11 48 -0.444122
11 49 -0.444122
11 50 -0.444122
11 51 -0.444122
11 52 -0.444122
11 53 -0.444122
11 54 -0.444122
11 55 -0.444122
11 56 -0.444122
11 57 -0.444122
11 58 -0.444122
11 59 -0.444122
11 60 -0.444122
11 61 -0.444122
11 62 -0.444122
11 63 -0.444122
12 0 -0.598116
12 1 -0.598116
12 2 -0.439433
12 3 -0.431634
12 4 -0.443881
12 5 -0.445103
12 6 -0.444189
12 7 -0.444046
12 8 -0.444112
12 9 -0.444127
12 10 -0.444122
12 11 -0.444121
12 12 -0.444121
12 13 -0.444121
12 14 -0.444121
12 15 -0.444121
12 16 -0.444121
12 17 -0.444121
12 18 -0.444121
12 19 -0.444121
12 20 -0.444121
12 21 -0.444121
12 22 -0.444121
12 23 -0.444121
12 24 -0.444121
12 25 -0.444121
12 26 -0.444121
12 27 -0.444121
12 28 -0.444121
12 29 -0.444121
12 30 -0.444121
12 31 -0.444121
12 32 -0.444121
12 33 -0.444121
12 34 -0.444122
12 35 -0.444122
12 36 -0.444122
12 37 -0.444122
12 38 -0.444122
12 39 -0.444122
12 40 -0.444122
12 41 -0.444122
12 42 -0.444122
12 43 -0.444122
12 44 -0.444122
12 45 -0.444122
12 46 -0.444122
12 47 -0.444122
12 48 -0.444122
12 49 -0.444122
12 50 -0.444122
12 51 -0.444122
12 52 -0.444122
12 53 -0.444122
12 54 -0.444122
12 55 -0.444122
12 56 -0.444122
12 57 -0.444122
12 58 -0.444122
12 59 -0.444122
12 60 -0.444122
12 61 -0.444122
12 62 -0.444122
12 63 -0.444122
13 0 -0.598116
13 1 -0.598116
13 2 -0.439433
13 3 -0.431634
13 4 -0.443880
13 5 -0.445103
13 6 -0.444188
13 7 -0.444046
13 8 -0.444112
13 9 -0.444127
13 10 -0.444122
13 11 -0.444121
13 12 -0.444121
13 13 -0.444121
13 14 -0.444121
13 15 -0.444121
13 16 -0.444121
13 17 -0.444121
13 18 -0.444121
13 19 -0.444121
13 20 -0.444121
13 21 -0.444121
13 22 -0.444121
13 23 -0.444121
13 24 -0.444121
13 25 -0.444121
13 26 -0.444121
13 27 -0.444121
13 28 -0.444121
13 29 -0.444121
13 30 -0.444121
13 31 -0.444121
13 32 -0.444121
13 33 -0.444121
13 34 -0.444121
13 35 -0.444121
13 36 -0.444121
13 37 -0.444121
13 38 -0.444121
13 39 -0.444121
13 40 -0.444121
13 41 -0.444121
13 42 -0.444121
13 43 -0.444121
13 44 -0.444121
13 45 -0.444121
13 46 -0.444121
13 47 -0.444121
13 48 -0.444121
13 49 -0.444121
13 50 -0.444121
13 51 -0.444121
13 52 -0.444121
13 53 -0.444121
13 54 -0.444121
13 55 -0.444121
13 56 -0.444121
13 57 -0.444121
13 58 -0.444121
13 59 -0.444121
13 60 -0.444121
13 61 -0.444121
13 62 -0.444121
13 63 -0.444121
14 0 -0.598116
14 1 -0.598116
14 2 -0.439433
14 3 -0.431634
14 4 -0.443880
14 5 -0.445103
14 6 -0.444188
14 7 -0.444046
14 8 -0.444112
14 9 -0.444126
14 10 -0.444122
14 11 -0.444120
14 12 -0.444121
14 13 -0.444121
14 14 -0.444121
14 15 -0.444121
14 16 -0.444121
14 17 -0.444121
14 18 -0.444121
14 19 -0.444121
14 20 -0.444121
14 21 -0.444121
14 22 -0.444121
14 23 -0.444121
14 24 -0.444121
14 25 -0.444121
14 26 -0.444121
14 27 -0.444121
14 28 -0.444121
14 29 -0.444121
14 30 -0.444121
14 31 -0.444121
14 32 -0.444121
14 33 -0.444121
14 34 -0.444121
14 35 -0.444121
14 36 -0.444121
14 37 -0.444121
14 38 -0.444121
14 39 -0.444121
14 40 -0.444121
14 41 -0.444121
14 42 -0.444121
14 43 -0.444121
14 44 -0.444121
14 45 -0.444121
14 46 -0.444121
14 47 -0.444121
14 48 -0.444121
14 49 -0.444121
14 50 -0.444121
14 51 -0.444121
14 52 -0.444121
14 53 -0.444121
14 54 -0.444121
14 55 -0.444121
14 56 -0.444121
14 57 -0.444121
14 58 -0.444121
14 59 -0.444121
14 60 -0.444121
14 61 -0.444121
14 62 -0.444121
14 63 -0.444121
15 0 -0.598116
15 1 -0.598116
15 2 -0.439433
15 3 -0.431634
15 4 -0.443880
15 5 -0.445103
15 6 -0.444188
15 7 -0.444046
15 8 -0.444112
15 9 -0.444126
15 10 -0.444122
15 11 -0.444120
15 12 -0.444120
15 13 -0.444121
15 14 -0.444121
15 15 -0.444121
15 16 -0.444121
15 17 -0.444121
15 18 -0.444120
15 19 -0.444120
15 20 -0.444120
15 21 -0.444120
15 22 -0.444120
15 23 -0.444120
15 24 -0.444120
15 25 -0.444120
15 26 -0.444120
15 27 -0.444120
15 28 -0.444120
15 29 -0.444120
15 30 -0.444120
15 31 -0.444120
15 32 -0.444120
15 33 -0.444120
15 34 -0.444120
15 35 -0.444120
15 36 -0.444120
15 37 -0.444120
15 38 -0.444120
15 39 -0.444120
15 40 -0.444120
15 41 -0.444120
15 42 -0.444120
15 43 -0.444120
15 44 -0.444120
15 45 -0.444120
15 46 -0.444120
15 47 -0.444120
15 48 -0.444120
15 49 -0.444120
15 50 -0.444120
15 51 -0.444120
15 52 -0.444120
15 53 -0.444120
15 54 -0.444120
15 55 -0.444120
15 56 -0.444120
15 57 -0.444120
15 58 -0.444120
15 59 -0.444120
15 60 -0.444120
15 61 -0.444120
15 62 -0.444120
15 63 -0.444120
16 0 -0.598116
16 1 -0.598116
16 2 -0.439433
16 3 -0.431633
16 4 -0.443880
16 5 -0.445103
16 6 -0.444188
16 7 -0.444046
16 8 -0.444111
16 9 -0.444126
16 10 -0.444121
16 11 -0.444120
16 12 -0.444120
16 13 -0.444120
16 14 -0.444120
16 15 -0.444120
16 16 -0.444120
16 17 -0.444120
16 18 -0.444120
16 19 -0.444120
16 20 -0.444120
16 21 -0.444120
16 22 -0.444120
16 23 -0.444120
16 24 -0.444120
16 25 -0.444120
16 26 -0.444120
16 27 -0.444120
16 28 -0.444120
16 29 -0.444120
16 30 -0.444120
16 31 -0.444120
16 32 -0.444120
16 33 -0.444120
16 34 -0.444120
16 35 -0.444120
16 36 -0.444120
16 37 -0.444120
16 38 -0.444120
16 39 -0.444120
16 40 -0.444120
16 41 -0.444120
16 42 -0.444120
16 43 -0.444120
16 44 -0.444120
16 45 -0.444120
16 46 -0.444120
16 47 -0.444120
16 48 -0.444120
16 49 -0.444120
16 50 -0.444120
16 51 -0.444120
16 52 -0.444120
16 53 -0.444120
16 54 -0.444120
16 55 -0.444120
16 56 -0.444120
16 57 -0.444120
16 58 -0.444120
16 59 -0.444120
16 60 -0.444120
16 61 -0.444120
16 62 -0.444120
16 63 -0.444120
17 0 -0.598116
17 1 -0.598116
17 2 -0.439432
17 3 -0.431633
17 4 -0.443880
17 5 -0.445102
17 6 -0.444188
17 7 -0.444045
17 8 -0.444111
17 9 -0.444126
17 10 -0.444121
17 11 -0.444120
17 12 -0.444120
17 13 -0.444120
17 14 -0.444120
17 15 -0.444120
17 16 -0.444120
17 17 -0.444120
17 18 -0.444120
17 19 -0.444120
17 20 -0.444120
17 21 -0.444120
17 22 -0.444120
17 23 -0.444120
17 24 -0.444120
17 25 -0.444120
17 26 -0.444120
17 27 -0.444120
17 28 -0.444120
17 29 -0.444120
17 30 -0.444120
17 31 -0.444120
17 32 -0.444120
17 33 -0.444120
17 34 -0.444120
17 35 -0.444120
17 36 -0.444120
17 37 -0.444120
17 38 -0.444120
17 39 -0.444120
17 40 -0.444120
17 41 -0.444120
17 42 -0.444120
17 43 -0.444120
17 44 -0.444120
17 45 -0.444120
17 46 -0.444120
17 47 -0.444120
17 48 -0.444120
17 49 -0.444120
17 50 -0.444120
17 51 -0.444120
17 52 -0.444120
17 53 -0.444120
17 54 -0.444120
17 55 -0.444120
17 56 -0.444120
17 57 -0.444120
17 58 -0.444120
17 59 -0.444120
17 60 -0.444120
17 61 -0.444120
17 62 -0.444120
17 63 -0.444120
18 0 -0.598116
18 1 -0.598116
18 2 -0.439432
18 3 -0.431633
18 4 -0.443880
18 5 -0.445102
18 6 -0.444188
18 7 -0.444045
18 8 -0.444111
18 9 -0.444126
18 10 -0.444121
18 11 -0.444120
18 12 -0.444120
18 13 -0.444120
18 14 -0.444120
18 15 -0.444120
18 16 -0.444120
18 17 -0.444120
18 18 -0.444120
18 19 -0.444120
18 20 -0.444120
18 21 -0.444120
18 22 -0.444120
18 23 -0.444120
18 24 -0.444120
18 25 -0.444120
18 26 -0.444120
18 27 -0.444120
18 28 -0.444120
18 29 -0.444120
18 30 -0.444120
18 31 -0.444120
18 32 -0.444119
18 33 -0.444119
18 34 -0.444119
18 35 -0.444119
18 36 -0.444119
18 37 -0.444119
18 38 -0.444119
18 39 -0.444119
18 40 -0.444119
18 41 -0.444119
18 42 -0.444119
18 43 -0.444119
18 44 -0.444119
18 45 -0.444119
18 46 -0.444119
18 47 -0.444119
18 48 -0.444119
18 49 -0.444119
18 50 -0.444119
18 51 -0.444119
18 52 -0.444119
18 53 -0.444119
18 54 -0.444119
18 55 -0.444119
18 56 -0.444119
18 57 -0.444119
18 58 -0.444119
18 59 -0.444119
18 60 -0.444119
18 61 -0.444119
18 62 -0.444119
18 63 -0.444119
19 0 -0.598116
19 1 -0.598116
19 2 -0.439432
19 3 -0.431633
19 4 -0.443880
19 5 -0.445102
19 6 -0.444187
19 7 -0.444045
19 8 -0.444111
19 9 -0.444125
19 10 -0.444121
19 11 -0.444119
19 12 -0.444120
19 13 -0.444120
19 14 -0.444120
19 15 -0.444120
19 16 -0.444120
19 17 -0.444120
19 18 -0.444120
19 19 -0.444120
19 20 -0.444120
19 21 -0.444119
19 22 -0.444119
19 23 -0.444119
19 24 -0.444119
19 25 -0.444119
19 26 -0.444119
19 27 -0.444119
19 28 -0.444119
19 29 -0.444119
19 30 -0.444119
19 31 -0.444119
19 32 -0.444119
19 33 -0.444119
19 34 -0.444119
19 35 -0.444119
19 36 -0.444119
19 37 -0.444119
19 38 -0.444119
19 39 -0.444119
19 40 -0.444119
19 41 -0.444119
19 42 -0.444119
19 43 -0.444119
19 44 -0.444119
19 45 -0.444119
19 46 -0.444119
19 47 -0.444119
19 48 -0.444119
19 49 -0.444119
19 50 -0.444119
19 51 -0.444119
19 52 -0.444119
19 53 -0.444119
19 54 -0.444119
19 55 -0.444119
19 56 -0.444119
19 57 -0.444119
19 58 -0.444119
19 59 -0.444119
19 60 -0.444119
19 61 -0.444119
19 62 -0.444119
19 63 -0.444119
20 0 -0.598116
20 1 -0.598116
20 2 -0.439432
20 3 -0.431633
20 4 -0.443879
20 5 -0.445102
20 6 -0.444187
20 7 -0.444045
20 8 -0.444111
20 9 -0.444125
20 10 -0.444121
20 11 -0.444119
20 12 -0.444120
20 13 -0.444120
20 14 -0.444120
20 15 -0.444119
20 16 -0.444119
20 17 -0.444119
20 18 -0.444119
20 19 -0.444119
20 20 -0.444119
20 21 -0.444119
20 22 -0.444119
20 23 -0.444119
20 24 -0.444119
20 25 -0.444119
20 26 -0.444119
20 27 -0.444119
20 28 -0.444119
20 29 -0.444119
20 30 -0.444119
20 31 -0.444119
20 32 -0.444119
20 33 -0.444119
20 34 -0.444119
20 35 -0.444119
20 36 -0.444119
20 37 -0.444119
20 38 -0.444119
20 39 -0.444119
20 40 -0.444119
20 41 -0.444119
20 42 -0.444119
20 43 -0.444119
20 44 -0.444119
20 45 -0.444119
20 46 -0.444119
20 47 -0.444119
20 48 -0.444119
20 49 -0.444119
20 50 -0.444119
20 51 -0.444119
20 52 -0.444119
20 53 -0.444119
20 54 -0.444119
20 55 -0.444119
20 56 -0.444119
20 57 -0.444119
20 58 -0.444119
20 59 -0.444119
20 60 -0.444119
20 61 -0.444119
20 62 -0.444119
20 63 -0.444119
21 0 -0.598115
21 1 -0.598115
21 2 -0.439432
21 3 -0.431633
21 4 -0.443879
21 5 -0.445102
21 6 -0.444187
21 7 -0.444045
21 8 -0.444111
21 9 -0.444125
21 10 -0.444121
21 11 -0.444119
21 12 -0.444119
21 13 -0.444119
21 14 -0.444119
21 15 -0.444119
21 16 -0.444119
21 17 -0.444119
21 18 -0.444119
21 19 -0.444119
21 20 -0.444119
21 21 -0.444119
21 22 -0.444119
21 23 -0.444119
21 24 -0.444119
21 25 -0.444119
21 26 -0.444119
21 27 -0.444119
21 28 -0.444119
21 29 -0.444119
21 30 -0.444119
21 31 -0.444119
21 32 -0.444119
21 33 -0.444119
21 34 -0.444119
21 35 -0.444119
21 36 -0.444119
21 37 -0.444119
21 38 -0.444119
21 39 -0.444119
21 40 -0.444119
21 41 -0.444119
21 42 -0.444119
21 43 -0.444119
21 44 -0.444119
21 45 -0.444119
21 46 -0.444119
21 47 -0.444119
21 48 -0.444119
21 49 -0.444119
21 50 -0.444118
21 51 -0.444118
21 52 -0.444118
21 53 -0.444118
21 54 -0.444118
21 55 -0.444118
21 56 -0.444118
21 57 -0.444118
21 58 -0.444118
21 59 -0.444118
21 60 -0.444118
21 61 -0.444118
21 62 -0.444118
21 63 -0.444118
22 0 -0.598115
22 1 -0.598115
22 2 -0.439432
22 3 -0.431633
22 4 -0.443879
22 5 -0.445102
22 6 -0.444187
22 7 -0.444045
22 8 -0.444111
22 9 -0.444125
22 10 -0.444120
22 11 -0.444119
22 12 -0.444119
22 13 -0.444119
22 14 -0.444119
22 15 -0.444119
22 16 -0.444119
22 17 -0.444119
22 18 -0.444119
22 19 -0.444119
22 20 -0.444119
22 21 -0.444119
22 22 -0.444119
22 23 -0.444119
22 24 -0.444119
22 25 -0.444119
22 26 -0.444119
22 27 -0.444119
22 28 -0.444119
22 29 -0.444119
22 30 -0.444119
22 31 -0.444119
22 32 -0.444119
22 33 -0.444119
22 34 -0.444119
22 35 -0.444118
22 36 -0.444118
22 37 -0.444118
22 38 -0.444118
22 39 -0.444118
22 40 -0.444118
22 41 -0.444118
22 42 -0.444118
22 43 -0.444118
22 44 -0.444118
22 45 -0.444118
22 46 -0.444118
22 47 -0.444118
22 48 -0.444118
22 49 -0.444118
22 50 -0.444118
22 51 -0.444118
22 52 -0.444118
22 53 -0.444118
22 54 -0.444118
22 55 -0.444118
22 56 -0.444118
22 57 -0.444118
22 58 -0.444118
22 59 -0.444118
22 60 -0.444118
22 61 -0.444118
22 62 -0.444118
22 63 -0.444118
23 0 -0.598115
23 1 -0.598115
23 2 -0.439432
23 3 -0.431633
23 4 -0.443879
23 5 -0.445102
23 6 -0.444187
23 7 -0.444045
23 8 -0.444110
23 9 -0.444125
23 10 -0.444120
23 11 -0.444119
23 12 -0.444119
23 13 -0.444119
23 14 -0.444119
23 15 -0.444119
23 16 -0.444119
23 17 -0.444119
23 18 -0.444119
23 19 -0.444119
23 20 -0.444119
23 21 -0.444119
23 22 -0.444119
23 23 -0.444119
23 24 -0.444119
23 25 -0.444119
23 26 -0.444119
23 27 -0.444119
23 28 -0.444118
23 29 -0.444118
23 30 -0.444118
23 31 -0.444118
23 32 -0.444118
23 33 -0.444118
23 34 -0.444118
23 35 -0.444118
23 36 -0.444118
23 37 -0.444118
23 38 -0.444118
23 39 -0.444118
23 40 -0.444118
23 41 -0.444118
23 42 -0.444118
23 43 -0.444118
23 44 -0.444118
23 45 -0.444118
23 46 -0.444118
23 47 -0.444118
23 48 -0.444118
23 49 -0.444118
23 50 -0.444118
23 51 -0.444118
23 52 -0.444118
23 53 -0.444118
23 54 -0.444118
23 55 -0.444118
23 56 -0.444118
23 57 -0.444118
23 58 -0.444118
23 59 -0.444118
23 60 -0.444118
23 61 -0.444118
23 62 -0.444118
23 63 -0.444118
24 0 -0.598115
24 1 -0.598115
24 2 -0.439432
24 3 -0.431633
24 4 -0.443879
24 5 -0.445102
24 6 -0.444187
24 7 -0.444045
24 8 -0.444110
24 9 -0.444125
24 10 -0.444120
24 11 -0.444119
24 12 -0.444119
24 13 -0.444119
24 14 -0.444119
24 15 -0.444119
24 16 -0.444119
24 17 -0.444119
24 18 -0.444119
24 19 -0.444119
24 20 -0.444119
24 21 -0.444119
24 22 -0.444119
24 23 -0.444119
24 24 -0.444118
24 25 -0.444118
24 26 -0.444118
24 27 -0.444118
24 28 -0.444118
24 29 -0.444118
24 30 -0.444118
24 31 -0.444118
24 32 -0.444118
24 33 -0.444118
24 34 -0.444118
24 35 -0.444118
24 36 -0.444118
24 37 -0.444118
24 38 -0.444118
24 39 -0.444118
24 40 -0.444118
24 41 -0.444118
24 42 -0.444118
24 43 -0.444118
24 44 -0.444118
24 45 -0.444118
24 46 -0.444118
24 47 -0.444118
24 48 -0.444118
24 49 -0.444118
24 50 -0.444118
24 51 -0.444118
24 52 -0.444118
24 53 -0.444118
24 54 -0.444118
24 55 -0.444118
24 56 -0.444118
24 57 -0.444118
24 58 -0.444118
24 59 -0.444118
24 60 -0.444118
24 61 -0.444118
24 62 -0.444118
24 63 -0.444118
25 0 -0.598115
25 1 -0.598115
25 2 -0.439432
25 3 -0.431633
25 4 -0.443879
25 5 -0.445102
25 6 -0.444187
25 7 -0.444045
25 8 -0.444110
25 9 -0.444125
25 10 -0.444120
25 11 -0.444119
25 12 -0.444119
25 13 -0.444119
25 14 -0.444119
25 15 -0.444119
25 16 -0.444119
25 17 -0.444119
25 18 -0.444119
25 19 -0.444119
25 20 -0.444119
25 21 -0.444119
25 22 -0.444118
25 23 -0.444118
25 24 -0.444118
25 25 -0.444118
25 26 -0.444118
25 27 -0.444118
25 28 -0.444118
25 29 -0.444118
25 30 -0.444118
25 31 -0.444118
25 32 -0.444118
25 33 -0.444118
25 34 -0.444118
25 35 -0.444118
25 36 -0.444118
25 37 -0.444118
25 38 -0.444118
25 39 -0.444118
25 40 -0.444118
25 41 -0.444118
25 42 -0.444118
25 43 -0.444118
25 44 -0.444118
25 45 -0.444118
25 46 -0.444118
25 47 -0.444118
25 48 -0.444118
25 49 -0.444118
25 50 -0.444118
25 51 -0.444118
25 52 -0.444118
25 53 -0.444118
25 54 -0.444118
25 55 -0.444118
25 56 -0.444118
25 57 -0.444118
25 58 -0.444118
25 59 -0.444118
25 60 -0.444118
25 61 -0.444118
25 62 -0.444118
25 63 -0.444118
26 0 -0.598115
26 1 -0.598115
26 2 -0.439432
26 3 -0.431633
26 4 -0.443879
26 5 -0.445102
26 6 -0.444187
26 7 -0.444044
26 8 -0.444110
26 9 -0.444125
26 10 -0.444120
26 11 -0.444119
26 12 -0.444119
26 13 -0.444119
26 14 -0.444119
26 15 -0.444119
26 16 -0.444119
26 17 -0.444119
26 18 -0.444119
26 19 -0.444119
26 20 -0.444118
26 21 -0.444118
26 22 -0.444118
26 23 -0.444118
26 24 -0.444118
26 25 -0.444118
26 26 -0.444118
26 27 -0.444118
26 28 -0.444118
26 29 -0.444118
26 30 -0.444118
26 31 -0.444118
26 32 -0.444118
26 33 -0.444118
26 34 -0.444118
26 35 -0.444118
26 36 -0.444118
26 37 -0.444118
26 38 -0.444118
26 39 -0.444118
26 40 -0.444118
26 41 -0.444118
26 42 -0.444118
26 43 -0.444118
26 44 -0.444118
26 45 -0.444118
26 46 -0.444118
26 47 -0.444118
26 48 -0.444118
26 49 -0.444118
26 50 -0.444118
26 51 -0.444118
26 52 -0.444118
26 53 -0.444118
26 54 -0.444118
26 55 -0.444118
26 56 -0.444118
26 57 -0.444118
26 58 -0.444118
26 59 -0.444118
26 60 -0.444118
26 61 -0.444118
26 62 -0.444118
26 63 -0.444118
27 0 -0.598115
27 1 -0.598115
27 2 -0.439432
27 3 -0.431633
27 4 -0.443879
27 5 -0.445101
27 6 -0.444187
27 7 -0.444044
27 8 -0.444110
27 9 -0.444125
27 10 -0.444120
27 11 -0.444119
27 12 -0.444119
27 13 -0.444119
27 14 -0.444119
27 15 -0.444119
27 16 -0.444119
27 17 -0.444119
27 18 -0.444118
27 19 -0.444118
27 20 -0.444118
27 21 -0.444118
27 22 -0.444118
27 23 -0.444118
27 24 -0.444118
27 25 -0.444118
27 26 -0.444118
27 27 -0.444118
27 28 -0.444118
27 29 -0.444118
27 30 -0.444118
27 31 -0.444118
27 32 -0.444118
27 33 -0.444118
27 34 -0.444118
27 35 -0.444118
27 36 -0.444118
27 37 -0.444118
27 38 -0.444118
27 39 -0.444118
27 40 -0.444118
27 41 -0.444118
27 42 -0.444118
27 43 -0.444118
27 44 -0.444118
27 45 -0.444118
27 46 -0.444118
27 47 -0.444117
27 48 -0.444117
27 49 -0.444117
27 50 -0.444117
27 51 -0.444117
27 52 -0.444117
27 53 -0.444117
27 54 -0.444117
27 55 -0.444117
27 56 -0.444117
27 57 -0.444117
27 58 -0.444117
27 59 -0.444117
27 60 -0.444117
27 61 -0.444117
27 62 -0.444117
27 63 -0.444117
28 0 -0.598115
28 1 -0.598115
28 2 -0.439432
28 3 -0.431632
28 4 -0.443879
28 5 -0.445101
28 6 -0.444187
28 7 -0.444044
28 8 -0.444110
28 9 -0.444125
28 10 -0.444120
28 11 -0.444119
28 12 -0.444119
28 13 -0.444119
28 14 -0.444119
28 15 -0.444119
28 16 -0.444119
28 17 -0.444118
28 18 -0.444118
28 19 -0.444118
28 20 -0.444118
28 21 -0.444118
28 22 -0.444118
28 23 -0.444118
28 24 -0.444118
28 25 -0.444118
28 26 -0.444118
28 27 -0.444118
28 28 -0.444118
28 29 -0.444118
28 30 -0.444118
28 31 -0.444118
28 32 -0.444118
28 33 -0.444118
28 34 -0.444118
28 35 -0.444118
28 36 -0.444118
28 37 -0.444118
28 38 -0.444118
28 39 -0.444118
28 40 -0.444118
28 41 -0.444118
28 42 -0.444117
28 43 -0.444117
28 44 -0.444117
28 45 -0.444117
28 46 -0.444117
28 47 -0.444117
28 48 -0.444117
28 49 -0.444117
28 50 -0.444117
28 51 -0.444117
28 52 -0.444117
28 53 -0.444117
28 54 -0.444117
28 55 -0.444117
28 56 -0.444117
28 57 -0.444117
28 58 -0.444117
28 59 -0.444117
28 60 -0.444117
28 61 -0.444117
28 62 -0.444117
28 63 -0.444117
29 0 -0.598115
29 1 -0.598115
29 2 -0.439432
29 3 -0.431632
29 4 -0.443879
29 5 -0.445101
29 6 -0.444187
29 7 -0.444044
29 8 -0.444110
29 9 -0.444125
29 10 -0.444120
29 11 -0.444118
29 12 -0.444119
29 13 -0.444119
29 14 -0.444119
29 15 -0.444119
29 16 -0.444118
29 17 -0.444118
29 18 -0.444118
29 19 -0.444118
29 20 -0.444118
29 21 -0.444118
29 22 -0.444118
29 23 -0.444118
29 24 -0.444118
29 25 -0.444118
29 26 -0.444118
29 27 -0.444118
29 28 -0.444118
29 29 -0.444118
29 30 -0.444118
29 31 -0.444118
29 32 -0.444118
29 33 -0.444118
29 34 -0.444118
29 35 -0.444118
29 36 -0.444118
29 37 -0.444118
29 38 -0.444118
29 39 -0.444117
29 40 -0.444117
29 41 -0.444117
29 42 -0.444117
29 43 -0.444117
29 44 -0.444117
29 45 -0.444117
29 46 -0.444117
29 47 -0.444117
29 48 -0.444117
29 49 -0.444117
29 50 -0.444117
29 51 -0.444117
29 52 -0.444117
29 53 -0.444117
29 54 -0.444117
29 55 -0.444117
29 56 -0.444117
29 57 -0.444117
29 58 -0.444117
29 59 -0.444117
29 60 -0.444117
29 61 -0.444117
29 62 -0.444117
29 63 -0.444117
30 0 -0.598115
30 1 -0.598115
30 2 -0.439432
30 3 -0.431632
30 4 -0.443879
30 5 -0.445101
30 6 -0.444187
30 7 -0.444044
30 8 -0.444110
30 9 -0.444125
30 10 -0.444120
30 11 -0.444118
30 12 -0.444119
30 13 -0.444119
30 14 -0.444119
30 15 -0.444119
30 16 -0.444118
30 17 -0.444118
30 18 -0.444118
30 19 -0.444118
30 20 -0.444118
30 21 -0.444118
30 22 -0.444118
30 23 -0.444118
30 24 -0.444118
30 25 -0.444118
30 26 -0.444118
30 27 -0.444118
30 28 -0.444118
30 29 -0.444118
30 30 -0.444118
30 31 -0.444118
30 32 -0.444118
30 33 -0.444118
30 34 -0.444118
30 35 -0.444118
30 36 -0.444118
30 37 -0.444117
30 38 -0.444117
30 39 -0.444117
30 40 -0.444117
30 41 -0.444117
30 42 -0.444117
30 43 -0.444117
30 44 -0.444117
30 45 -0.444117
30 46 -0.444117
30 47 -0.444117
30 48 -0.444117
30 49 -0.444117
30 50 -0.444117
30 51 -0.444117
30 52 -0.444117
30 53 -0.444117
30 54 -0.444117
30 55 -0.444117
30 56 -0.444117
30 57 -0.444117
30 58 -0.444117
30 59 -0.444117
30 60 -0.444117
30 61 -0.444117
30 62 -0.444117
30 63 -0.444117
31 0 -0.598115
31 1 -0.598115
31 2 -0.439432
31 3 -0.431632
31 4 -0.443879
31 5 -0.445101
31 6 -0.444187
31 7 -0.444044
31 8 -0.444110
31 9 -0.444124
31 10 -0.444120
31 11 -0.444118
31 12 -0.444119
31 13 -0.444119
31 14 -0.444119
31 15 -0.444119
31 16 -0.444118
31 17 -0.444118
31 18 -0.444118
31 19 -0.444118
31 20 -0.444118
31 21 -0.444118
31 22 -0.444118
31 23 -0.444118
31 24 -0.444118
31 25 -0.444118
31 26 -0.444118
31 27 -0.444118
31 28 -0.444118
31 29 -0.444118
31 30 -0.444118
31 31 -0.444118
31 32 -0.444118
31 33 -0.444118
31 34 -0.444118
31 35 -0.444118
31 36 -0.444117
31 37 -0.444117
31 38 -0.444117
31 39 -0.444117
31 40 -0.444117
31 41 -0.444117
31 42 -0.444117
31 43 -0.444117
31 44 -0.444117
31 45 -0.444117
31 46 -0.444117
31 47 -0.444117
31 48 -0.444117
31 49 -0.444117
31 50 -0.444117
31 51 -0.444117
31 52 -0.444117
31 53 -0.444117
31 54 -0.444117
31 55 -0.444117
31 56 -0.444117
31 57 -0.444117
31 58 -0.444117
31 59 -0.444117
31 60 -0.444117
31 61 -0.444117
31 62 -0.444117
31 63 -0.444117
32 0 -0.598115
32 1 -0.598115
32 2 -0.439432
32 3 -0.431632
32 4 -0.443879
32 5 -0.445101
32 6 -0.444187
32 7 -0.444044
32 8 -0.444110
32 9 -0.444124
32 10 -0.444120
32 11 -0.444118
32 12 -0.444119
32 13 -0.444119
32 14 -0.444119
32 15 -0.444118
32 16 -0.444118
32 17 -0.444118
32 18 -0.444118
32 19 -0.444118
32 20 -0.444118
32 21 -0.444118
32 22 -0.444118
32 23 -0.444118
32 24 -0.444118
32 25 -0.444118
32 26 -0.444118
32 27 -0.444118
32 28 -0.444118
32 29 -0.444118
32 30 -0.444118
32 31 -0.444118
32 32 -0.444118
32 33 -0.444118
32 34 -0.444118
32 35 -0.444118
32 36 -0.444117
32 37 -0.444117
32 38 -0.444117
32 39 -0.444117
32 40 -0.444117
32 41 -0.444117
32 42 -0.444117
32 43 -0.444117
32 44 -0.444117
32 45 -0.444117
32 46 -0.444117
32 47 -0.444117
32 48 -0.444117
32 49 -0.444117
32 50 -0.444117
32 51 -0.444117
32 52 -0.444117
32 53 -0.444117
32 54 -0.444117
32 55 -0.444117
32 56 -0.444117
32 57 -0.444117
32 58 -0.444117
32 59 -0.444117
32 60 -0.444117
32 61 -0.444117
32 62 -0.444117
32 63 -0.444117
33 0 -0.598115
33 1 -0.598115
33 2 -0.439432
33 3 -0.431632
33 4 -0.443879
33 5 -0.445101
33 6 -0.444187
33 7 -0.444044
33 8 -0.444110
33 9 -0.444124
33 10 -0.444120
33 11 -0.444118
33 12 -0.444119
33 13 -0.444119
33 14 -0.444119
33 15 -0.444119
33 16 -0.444118
33 17 -0.444118
33 18 -0.444118
33 19 -0.444118
33 20 -0.444118
33 21 -0.444118
33 22 -0.444118
33 23 -0.444118
33 24 -0.444118
33 25 -0.444118
33 26 -0.444118
33 27 -0.444118
33 28 -0.444118
33 29 -0.444118
33 30 -0.444118
33 31 -0.444118
33 32 -0.444118
33 33 -0.444118
33 34 -0.444118
33 35 -0.444118
33 36 -0.444117
33 37 -0.444117
33 38 -0.444117
33 39 -0.444117
33 40 -0.444117
33 41 -0.444117
33 42 -0.444117
33 43 -0.444117
33 44 -0.444117
33 45 -0.444117
33 46 -0.444117
33 47 -0.444117
33 48 -0.444117
33 49 -0.444117
33 50 -0.444117
33 51 -0.444117
33 52 -0.444117
33 53 -0.444117
33 54 -0.444117
33 55 -0.444117
33 56 -0.444117
33 57 -0.444117
33 58 -0.444117
33 59 -0.444117
33 60 -0.444117
33 61 -0.444117
33 62 -0.444117
33 63 -0.444117
34 0 -0.598115
34 1 -0.598115
34 2 -0.439432
34 3 -0.431632
34 4 -0.443879
34 5 -0.445101
34 6 -0.444187
34 7 -0.444044
34 8 -0.444110
34 9 -0.444125
34 10 -0.444120
34 11 -0.444118
34 12 -0.444119
34 13 -0.444119
34 14 -0.444119
34 15 -0.444119
34 16 -0.444118
34 17 -0.444118
34 18 -0.444118
34 19 -0.444118
34 20 -0.444118
34 21 -0.444118
34 22 -0.444118
34 23 -0.444118
34 24 -0.444118
34 25 -0.444118
34 26 -0.444118
34 27 -0.444118
34 28 -0.444118
34 29 -0.444118
34 30 -0.444118
34 31 -0.444118
34 32 -0.444118
34 33 -0.444118
34 34 -0.444118
34 35 -0.444118
34 36 -0.444118
34 37 -0.444117
34 38 -0.444117
34 39 -0.444117
34 40 -0.444117
34 41 -0.444117
34 42 -0.444117
34 43 -0.444117
34 44 -0.444117
34 45 -0.444117
34 46 -0.444117
34 47 -0.444117
34 48 -0.444117
34 49 -0.444117
34 50 -0.444117
34 51 -0.444117
34 52 -0.444117
34 53 -0.444117
34 54 -0.444117
34 55 -0.444117
34 56 -0.444117
34 57 -0.444117
34 58 -0.444117
34 59 -0.444117
34 60 -0.444117
34 61 -0.444117
34 62 -0.444117
34 63 -0.444117
35 0 -0.598115
35 1 -0.598115
35 2 -0.439432
35 3 -0.431632
35 4 -0.443879
35 5 -0.445101
35 6 -0.444187
35 7 -0.444044
35 8 -0.444110
35 9 -0.444125
35 10 -0.444120
35 11 -0.444118
35 12 -0.444119
35 13 -0.444119
35 14 -0.444119
35 15 -0.444119
35 16 -0.444118
35 17 -0.444118
35 18 -0.444118
35 19 -0.444118
35 20 -0.444118
35 21 -0.444118
35 22 -0.444118
35 23 -0.444118
35 24 -0.444118
35 25 -0.444118
35 26 -0.444118
35 27 -0.444118
35 28 -0.444118
35 29 -0.444118
35 30 -0.444118
35 31 -0.444118
35 32 -0.444118
35 33 -0.444118
35 34 -0.444118
35 35 -0.444118
35 36 -0.444118
35 37 -0.444118
35 38 -0.444118
35 39 -0.444117
35 40 -0.444117
35 41 -0.444117
35 42 -0.444117
35 43 -0.444117
35 44 -0.444117
35 45 -0.444117
35 46 -0.444117
35 47 -0.444117
35 48 -0.444117
35 49 -0.444117
35 50 -0.444117
35 51 -0.444117
35 52 -0.444117
35 53 -0.444117
35 54 -0.444117
35 55 -0.444117
35 56 -0.444117
35 57 -0.444117
35 58 -0.444117
35 59 -0.444117
35 60 -0.444117
35 61 -0.444117
35 62 -0.444117
35 63 -0.444117
36 0 -0.598115
36 1 -0.598115
36 2 -0.439432
36 3 -0.431632
36 4 -0.443879
36 5 -0.445101
36 6 -0.444187
36 7 -0.444044
36 8 -0.444110
36 9 -0.444125
36 10 -0.444120
36 11 -0.444119
36 12 -0.444119
36 13 -0.444119
36 14 -0.444119
36 15 -0.444119
36 16 -0.444119
36 17 -0.444118
36 18 -0.444118
36 19 -0.444118
36 20 -0.444118
36 21 -0.444118
36 22 -0.444118
36 23 -0.444118
36 24 -0.444118
36 25 -0.444118
36 26 -0.444118
36 27 -0.444118
36 28 -0.444118
36 29 -0.444118
36 30 -0.444118
36 31 -0.444118
36 32 -0.444118
36 33 -0.444118
36 34 -0.444118
36 35 -0.444118
36 36 -0.444118
36 37 -0.444118
36 38 -0.444118
36 39 -0.444118
36 40 -0.444118
36 41 -0.444118
36 42 -0.444117
36 43 -0.444117
36 44 -0.444117
36 45 -0.444117
36 46 -0.444117
36 47 -0.444117
36 48 -0.444117
36 49 -0.444117
36 50 -0.444117
36 51 -0.444117
36 52 -0.444117
36 53 -0.444117
36 54 -0.444117
36 55 -0.444117
36 56 -0.444117
36 57 -0.444117
36 58 -0.444117
36 59 -0.444117
36 60 -0.444117
36 61 -0.444117
36 62 -0.444117
36 63 -0.444117
37 0 -0.598115
37 1 -0.598115
37 2 -0.439432
37 3 -0.431633
37 4 -0.443879
37 5 -0.445101
37 6 -0.444187
37 7 -0.444044
37 8 -0.444110
37 9 -0.444125
37 10 -0.444120
37 11 -0.444119
37 12 -0.444119
37 13 -0.444119
37 14 -0.444119
37 15 -0.444119
37 16 -0.444119
37 17 -0.444119
37 18 -0.444118
37 19 -0.444118
37 20 -0.444118
37 21 -0.444118
37 22 -0.444118
37 23 -0.444118
37 24 -0.444118
37 25 -0.444118
37 26 -0.444118
37 27 -0.444118
37 28 -0.444118
37 29 -0.444118
37 30 -0.444118
37 31 -0.444118
37 32 -0.444118
37 33 -0.444118
37 34 -0.444118
37 35 -0.444118
37 36 -0.444118
37 37 -0.444118
37 38 -0.444118
37 39 -0.444118
37 40 -0.444118
37 41 -0.444118
37 42 -0.444118
37 43 -0.444118
37 44 -0.444118
37 45 -0.444118
37 46 -0.444118
37 47 -0.444118
37 48 -0.444117
37 49 -0.444117
37 50 -0.444117
37 51 -0.444117
37 52 -0.444117
37 53 -0.444117
37 54 -0.444117
37 55 -0.444117
37 56 -0.444117
37 57 -0.444117
37 58 -0.444117
37 59 -0.444117
37 60 -0.444117
37 61 -0.444117
37 62 -0.444117
37 63 -0.444117
38 0 -0.598115
38 1 -0.598115
38 2 -0.439432
38 3 -0.431633
38 4 -0.443879
38 5 -0.445102
38 6 -0.444187
38 7 -0.444044
38 8 -0.444110
38 9 -0.444125
38 10 -0.444120
38 11 -0.444119
38 12 -0.444119
38 13 -0.444119
38 14 -0.444119
38 15 -0.444119
38 16 -0.444119
38 17 -0.444119
38 18 -0.444119
38 19 -0.444119
38 20 -0.444118
38 21 -0.444118
38 22 -0.444118
38 23 -0.444118
38 24 -0.444118
38 25 -0.444118
38 26 -0.444118
38 27 -0.444118
38 28 -0.444118
38 29 -0.444118
38 30 -0.444118
38 31 -0.444118
38 32 -0.444118
38 33 -0.444118
38 34 -0.444118
38 35 -0.444118
38 36 -0.444118
38 37 -0.444118
38 38 -0.444118
38 39 -0.444118
38 40 -0.444118
38 41 -0.444118
38 42 -0.444118
38 43 -0.444118
38 44 -0.444118
38 45 -0.444118
38 46 -0.444118
38 47 -0.444118
38 48 -0.444118
38 49 -0.444118
38 50 -0.444118
38 51 -0.444118
38 52 -0.444118
38 53 -0.444118
38 54 -0.444118
38 55 -0.444118
38 56 -0.444118
38 57 -0.444118
38 58 -0.444118
38 59 -0.444118
38 60 -0.444118
38 61 -0.444118
38 62 -0.444118
38 63 -0.444118
39 0 -0.598115
39 1 -0.598115
39 2 -0.439432
39 3 -0.431633
39 4 -0.443879
39 5 -0.445102
39 6 -0.444187
39 7 -0.444045
39 8 -0.444110
39 9 -0.444125
39 10 -0.444120
39 11 -0.444119
39 12 -0.444119
39 13 -0.444119
39 14 -0.444119
39 15 -0.444119
39 16 -0.444119
39 17 -0.444119
39 18 -0.444119
39 19 -0.444119
39 20 -0.444119
39 21 -0.444119
39 22 -0.444118
39 23 -0.444118
39 24 -0.444118
39 25 -0.444118
39 26 -0.444118
39 27 -0.444118
39 28 -0.444118
39 29 -0.444118
39 30 -0.444118
39 31 -0.444118
39 32 -0.444118
39 33 -0.444118
39 34 -0.444118
39 35 -0.444118
39 36 -0.444118
39 37 -0.444118
39 38 -0.444118
39 39 -0.444118
39 40 -0.444118
39 41 -0.444118
39 42 -0.444118
39 43 -0.444118
39 44 -0.444118
39 45 -0.444118
39 46 -0.444118
39 47 -0.444118
39 48 -0.444118
39 49 -0.444118
39 50 -0.444118
39 51 -0.444118
39 52 -0.444118
39 53 -0.444118
39 54 -0.444118
39 55 -0.444118
39 56 -0.444118
39 57 -0.444118
39 58 -0.444118
39 59 -0.444118
39 60 -0.444118
39 61 -0.444118
39 62 -0.444118
39 63 -0.444118
40 0 -0.598115
40 1 -0.598115
40 2 -0.439432
40 3 -0.431633
40 4 -0.443879
40 5 -0.445102
40 6 -0.444187
40 7 -0.444045
40 8 -0.444110
40 9 -0.444125
40 10 -0.444120
40 11 -0.444119
40 12 -0.444119
40 13 -0.444119
40 14 -0.444119
40 15 -0.444119
40 16 -0.444119
40 17 -0.444119
40 18 -0.444119
40 19 -0.444119
40 20 -0.444119
40 21 -0.444119
40 22 -0.444119
40 23 -0.444119
40 24 -0.444119
40 25 -0.444118
40 26 -0.444118
40 27 -0.444118
40 28 -0.444118
40 29 -0.444118
40 30 -0.444118
40 31 -0.444118
40 32 -0.444118
40 33 -0.444118
40 34 -0.444118
40 35 -0.444118
40 36 -0.444118
40 37 -0.444118
40 38 -0.444118
40 39 -0.444118
40 40 -0.444118
40 41 -0.444118
40 42 -0.444118
40 43 -0.444118
40 44 -0.444118
40 45 -0.444118
40 46 -0.444118
40 47 -0.444118
40 48 -0.444118
40 49 -0.444118
40 50 -0.444118
40 51 -0.444118
40 52 -0.444118
40 53 -0.444118
40 54 -0.444118
40 55 -0.444118
40 56 -0.444118
40 57 -0.444118
40 58 -0.444118
40 59 -0.444118
40 60 -0.444118
40 61 -0.444118
40 62 -0.444118
40 63 -0.444118
41 0 -0.598115
41 1 -0.598115
41 2 -0.439432
41 3 -0.431633
41 4 -0.443879
41 5 -0.445102
41 6 -0.444187
41 7 -0.444045
41 8 -0.444110
41 9 -0.444125
41 10 -0.444120
41 11 -0.444119
41 12 -0.444119
41 13 -0.444119
41 14 -0.444119
41 15 -0.444119
41 16 -0.444119
41 17 -0.444119
41 18 -0.444119
41 19 -0.444119
41 20 -0.444119
41 21 -0.444119
41 22 -0.444119
41 23 -0.444119
41 24 -0.444119
41 25 -0.444119
41 26 -0.444119
41 27 -0.444119
41 28 -0.444119
41 29 -0.444118
41 30 -0.444118
41 31 -0.444118
41 32 -0.444118
41 33 -0.444118
41 34 -0.444118
41 35 -0.444118
41 36 -0.444118
41 37 -0.444118
41 38 -0.444118
41 39 -0.444118
41 40 -0.444118
41 41 -0.444118
41 42 -0.444118
41 43 -0.444118
41 44 -0.444118
41 45 -0.444118
41 46 -0.444118
41 47 -0.444118
41 48 -0.444118
41 49 -0.444118
41 50 -0.444118
41 51 -0.444118
41 52 -0.444118
41 53 -0.444118
41 54 -0.444118
41 55 -0.444118
41 56 -0.444118
41 57 -0.444118
41 58 -0.444118
41 59 -0.444118
41 60 -0.444118
41 61 -0.444118
41 62 -0.444118
41 63 -0.444118
42 0 -0.598115
42 1 -0.598115
42 2 -0.439432
42 3 -0.431633
42 4 -0.443879
42 5 -0.445102
42 6 -0.444187
42 7 -0.444045
42 8 -0.444111
42 9 -0.444125
42 10 -0.444120
42 11 -0.444119
42 12 -0.444119
42 13 -0.444119
42 14 -0.444119
42 15 -0.444119
42 16 -0.444119
42 17 -0.444119
42 18 -0.444119
42 19 -0.444119
42 20 -0.444119
42 21 -0.444119
42 22 -0.444119
42 23 -0.444119
42 24 -0.444119
42 25 -0.444119
42 26 -0.444119
42 27 -0.444119
42 28 -0.444119
42 29 -0.444119
42 30 -0.444119
42 31 -0.444119
42 32 -0.444119
42 33 -0.444119
42 34 -0.444119
42 35 -0.444119
42 36 -0.444118
42 37 -0.444118
42 38 -0.444118
42 39 -0.444118
42 40 -0.444118
42 41 -0.444118
42 42 -0.444118
42 43 -0.444118
42 44 -0.444118
42 45 -0.444118
42 46 -0.444118
42 47 -0.444118
42 48 -0.444118
42 49 -0.444118
42 50 -0.444118
42 51 -0.444118
42 52 -0.444118
42 53 -0.444118
42 54 -0.444118
42 55 -0.444118
42 56 -0.444118
42 57 -0.444118
42 58 -0.444118
42 59 -0.444118
42 60 -0.444118
42 61 -0.444118
42 62 -0.444118
42 63 -0.444118
43 0 -0.598115
43 1 -0.598115
43 2 -0.439432
43 3 -0.431633
43 4 -0.443879
43 5 -0.445102
43 6 -0.444187
43 7 -0.444045
43 8 -0.444111
43 9 -0.444125
43 10 -0.444121
43 11 -0.444119
43 12 -0.444119
43 13 -0.444119
43 14 -0.444119
43 15 -0.444119
43 16 -0.444119
43 17 -0.444119
43 18 -0.444119
43 19 -0.444119
43 20 -0.444119
43 21 -0.444119
43 22 -0.444119
43 23 -0.444119
43 24 -0.444119
43 25 -0.444119
43 26 -0.444119
43 27 -0.444119
43 28 -0.444119
43 29 -0.444119
43 30 -0.444119
43 31 -0.444119
43 32 -0.444119
43 33 -0.444119
43 34 -0.444119
43 35 -0.444119
43 36 -0.444119
43 37 -0.444119
43 38 -0.444119
43 39 -0.444119
43 40 -0.444119
43 41 -0.444119
43 42 -0.444119
43 43 -0.444119
43 44 -0.444119
43 45 -0.444119
43 46 -0.444119
43 47 -0.444119
43 48 -0.444119
43 49 -0.444119
43 50 -0.444119
43 51 -0.444119
43 52 -0.444119
43 53 -0.444119
43 54 -0.444119
43 55 -0.444118
43 56 -0.444118
43 57 -0.444118
43 58 -0.444118
43 59 -0.444118
43 60 -0.444118
43 61 -0.444118
43 62 -0.444118
43 63 -0.444118
44 0 -0.598116
44 1 -0.598116
44 2 -0.439432
44 3 -0.431633
44 4 -0.443879
44 5 -0.445102
44 6 -0.444187
44 7 -0.444045
44 8 -0.444111
44 9 -0.444125
44 10 -0.444121
44 11 -0.444119
44 12 -0.444120
44 13 -0.444120
44 14 -0.444120
44 15 -0.444120
44 16 -0.444119
44 17 -0.444119
44 18 -0.444119
44 19 -0.444119
44 20 -0.444119
44 21 -0.444119
44 22 -0.444119
44 23 -0.444119
44 24 -0.444119
44 25 -0.444119
44 26 -0.444119
44 27 -0.444119
44 28 -0.444119
44 29 -0.444119
44 30 -0.444119
44 31 -0.444119
44 32 -0.444119
44 33 -0.444119
44 34 -0.444119
44 35 -0.444119
44 36 -0.444119
44 37 -0.444119
44 38 -0.444119
44 39 -0.444119
44 40 -0.444119
44 41 -0.444119
44 42 -0.444119
44 43 -0.444119
44 44 -0.444119
44 45 -0.444119
44 46 -0.444119
44 47 -0.444119
44 48 -0.444119
44 49 -0.444119
44 50 -0.444119
44 51 -0.444119
44 52 -0.444119
44 53 -0.444119
44 54 -0.444119
44 55 -0.444119
44 56 -0.444119
44 57 -0.444119
44 58 -0.444119
44 59 -0.444119
44 60 -0.444119
44 61 -0.444119
44 62 -0.444119
44 63 -0.444119
45 0 -0.598116
45 1 -0.598116
45 2 -0.439432
45 3 -0.431633
45 4 -0.443880
45 5 -0.445102
45 6 -0.444187
45 7 -0.444045
45 8 -0.444111
45 9 -0.444125
45 10 -0.444121
45 11 -0.444119
45 12 -0.444120
45 13 -0.444120
45 14 -0.444120
45 15 -0.444120
45 16 -0.444120
45 17 -0.444120
45 18 -0.444120
45 19 -0.444120
45 20 -0.444120
45 21 -0.444120
45 22 -0.444119
45 23 -0.444119
45 24 -0.444119
45 25 -0.444119
45 26 -0.444119
45 27 -0.444119
45 28 -0.444119
45 29 -0.444119
45 30 -0.444119
45 31 -0.444119
45 32 -0.444119
45 33 -0.444119
45 34 -0.444119
45 35 -0.444119
45 36 -0.444119
45 37 -0.444119
45 38 -0.444119
45 39 -0.444119
45 40 -0.444119
45 41 -0.444119
45 42 -0.444119
45 43 -0.444119
45 44 -0.444119
45 45 -0.444119
45 46 -0.444119
45 47 -0.444119
45 48 -0.444119
45 49 -0.444119
45 50 -0.444119
45 51 -0.444119
45 52 -0.444119
45 53 -0.444119
45 54 -0.444119
45 55 -0.444119
45 56 -0.444119
45 57 -0.444119
45 58 -0.444119
45 59 -0.444119
45 60 -0.444119
45 61 -0.444119
45 62 -0.444119
45 63 -0.444119
46 0 -0.598116
46 1 -0.598116
46 2 -0.439432
46 3 -0.431633
46 4 -0.443880
46 5 -0.445102
46 6 -0.444188
46 7 -0.444045
46 8 -0.444111
46 9 -0.444126
46 10 -0.444121
46 11 -0.444120
46 12 -0.444120
46 13 -0.444120
46 14 -0.444120
46 15 -0.444120
46 16 -0.444120
46 17 -0.444120
46 18 -0.444120
46 19 -0.444120
46 20 -0.444120
46 21 -0.444120
46 22 -0.444120
46 23 -0.444120
46 24 -0.444120
46 25 -0.444120
46 26 -0.444120
46 27 -0.444120
46 28 -0.444120
46 29 -0.444120
46 30 -0.444120
46 31 -0.444120
46 32 -0.444120
46 33 -0.444120
46 34 -0.444119
46 35 -0.444119
46 36 -0.444119
46 37 -0.444119
46 38 -0.444119
46 39 -0.444119
46 40 -0.444119
46 41 -0.444119
46 42 -0.444119
46 43 -0.444119
46 44 -0.444119
46 45 -0.444119
46 46 -0.444119
46 47 -0.444119
46 48 -0.444119
46 49 -0.444119
46 50 -0.444119
46 51 -0.444119
46 52 -0.444119
46 53 -0.444119
46 54 -0.444119
46 55 -0.444119
46 56 -0.444119
46 57 -0.444119
46 58 -0.444119
46 59 -0.444119
46 60 -0.444119
46 61 -0.444119
46 62 -0.444119
46 63 -0.444119
47 0 -0.598116
47 1 -0.598116
47 2 -0.439433
47 3 -0.431633
47 4 -0.443880
47 5 -0.445102
47 6 -0.444188
47 7 -0.444045
47 8 -0.444111
47 9 -0.444126
47 10 -0.444121
47 11 -0.444120
47 12 -0.444120
47 13 -0.444120
47 14 -0.444120
47 15 -0.444120
47 16 -0.444120
47 17 -0.444120
47 18 -0.444120
47 19 -0.444120
47 20 -0.444120
47 21 -0.444120
47 22 -0.444120
47 23 -0.444120
47 24 -0.444120
47 25 -0.444120
47 26 -0.444120
47 27 -0.444120
47 28 -0.444120
47 29 -0.444120
47 30 -0.444120
47 31 -0.444120
47 32 -0.444120
47 33 -0.444120
47 34 -0.444120
47 35 -0.444120
47 36 -0.444120
47 37 -0.444120
47 38 -0.444120
47 39 -0.444120
47 40 -0.444120
47 41 -0.444120
47 42 -0.444120
47 43 -0.444120
47 44 -0.444120
47 45 -0.444120
47 46 -0.444120
47 47 -0.444120
47 48 -0.444120
47 49 -0.444120
47 50 -0.444120
47 51 -0.444120
47 52 -0.444120
47 53 -0.444120
47 54 -0.444120
47 55 -0.444120
47 56 -0.444120
47 57 -0.444120
47 58 -0.444120
47 59 -0.444120
47 60 -0.444120
47 61 -0.444120
47 62 -0.444120
47 63 -0.444120
48 0 -0.598116
48 1 -0.598116
48 2 -0.439433
48 3 -0.431633
48 4 -0.443880
48 5 -0.445103
48 6 -0.444188
48 7 -0.444046
48 8 -0.444111
48 9 -0.444126
48 10 -0.444121
48 11 -0.444120
48 12 -0.444120
48 13 -0.444120
48 14 -0.444120
48 15 -0.444120
48 16 -0.444120
48 17 -0.444120
48 18 -0.444120
48 19 -0.444120
48 20 -0.444120
48 21 -0.444120
48 22 -0.444120
48 23 -0.444120
48 24 -0.444120
48 25 -0.444120
48 26 -0.444120
48 27 -0.444120
48 28 -0.444120
48 29 -0.444120
48 30 -0.444120
48 31 -0.444120
48 32 -0.444120
48 33 -0.444120
48 34 -0.444120
48 35 -0.444120
48 36 -0.444120
48 37 -0.444120
48 38 -0.444120
48 39 -0.444120
48 40 -0.444120
48 41 -0.444120
48 42 -0.444120
48 43 -0.444120
48 44 -0.444120
48 45 -0.444120
48 46 -0.444120
48 47 -0.444120
48 48 -0.444120
48 49 -0.444120
48 50 -0.444120
48 51 -0.444120
48 52 -0.444120
48 53 -0.444120
48 54 -0.444120
48 55 -0.444120
48 56 -0.444120
48 57 -0.444120
48 58 -0.444120
48 59 -0.444120
48 60 -0.444120
48 61 -0.444120
48 62 -0.444120
48 63 -0.444120
49 0 -0.598116
49 1 -0.598116
49 2 -0.439433
49 3 -0.431634
49 4 -0.443880
49 5 -0.445103
49 6 -0.444188
49 7 -0.444046
49 8 -0.444112
49 9 -0.444126
49 10 -0.444122
49 11 -0.444120
49 12 -0.444120
49 13 -0.444121
49 14 -0.444121
49 15 -0.444121
49 16 -0.444121
49 17 -0.444121
49 18 -0.444121
49 19 -0.444121
49 20 -0.444121
49 21 -0.444121
49 22 -0.444121
49 23 -0.444120
49 24 -0.444120
49 25 -0.444120
49 26 -0.444120
49 27 -0.444120
49 28 -0.444120
49 29 -0.444120
49 30 -0.444120
49 31 -0.444120
49 32 -0.444120
49 33 -0.444120
49 34 -0.444120
49 35 -0.444120
49 36 -0.444120
49 37 -0.444120
49 38 -0.444120
49 39 -0.444120
49 40 -0.444120
49 41 -0.444120
49 42 -0.444120
49 43 -0.444120
49 44 -0.444120
49 45 -0.444120
49 46 -0.444120
49 47 -0.444120
49 48 -0.444120
49 49 -0.444120
49 50 -0.444120
49 51 -0.444120
49 52 -0.444120
49 53 -0.444120
49 54 -0.444120
49 55 -0.444120
49 56 -0.444120
49 57 -0.444120
49 58 -0.444120
49 59 -0.444120
49 60 -0.444120
49 61 -0.444120
49 62 -0.444120
49 63 -0.444120
50 0 -0.598116
50 1 -0.598116
50 2 -0.439433
50 3 -0.431634
50 4 -0.443880
50 5 -0.445103
50 6 -0.444188
50 7 -0.444046
50 8 -0.444112
50 9 -0.444126
50 10 -0.444122
50 11 -0.444120
50 12 -0.444121
50 13 -0.444121
50 14 -0.444121
50 15 -0.444121
50 16 -0.444121
50 17 -0.444121
50 18 -0.444121
50 19 -0.444121
50 20 -0.444121
50 21 -0.444121
50 22 -0.444121
50 23 -0.444121
50 24 -0.444121
50 25 -0.444121
50 26 -0.444121
50 27 -0.444121
50 28 -0.444121
50 29 -0.444121
50 30 -0.444121
50 31 -0.444121
50 32 -0.444121
50 33 -0.444121
50 34 -0.444121
50 35 -0.444121
50 36 -0.444121
50 37 -0.444121
50 38 -0.444121
50 39 -0.444121
50 40 -0.444121
50 41 -0.444121
50 42 -0.444121
50 43 -0.444121
50 44 -0.444121
50 45 -0.444121
50 46 -0.444121
50 47 -0.444121
50 48 -0.444121
50 49 -0.444121
50 50 -0.444121
50 51 -0.444121
50 52 -0.444121
50 53 -0.444121
50 54 -0.444121
50 55 -0.444121
50 56 -0.444121
50 57 -0.444121
50 58 -0.444121
50 59 -0.444121
50 60 -0.444121
50 61 -0.444121
50 62 -0.444121
50 63 -0.444121
51 0 -0.598116
51 1 -0.598116
51 2 -0.439433
51 3 -0.431634
51 4 -0.443880
51 5 -0.445103
51 6 -0.444188
51 7 -0.444046
51 8 -0.444112
51 9 -0.444127
51 10 -0.444122
51 11 -0.444121
51 12 -0.444121
51 13 -0.444121
51 14 -0.444121
51 15 -0.444121
51 16 -0.444121
51 17 -0.444121
51 18 -0.444121
51 19 -0.444121
51 20 -0.444121
51 21 -0.444121
51 22 -0.444121
51 23 -0.444121
51 24 -0.444121
51 25 -0.444121
51 26 -0.444121
51 27 -0.444121
51 28 -0.444121
51 29 -0.444121
51 30 -0.444121
51 31 -0.444121
51 32 -0.444121
51 33 -0.444121
51 34 -0.444121
51 35 -0.444121
51 36 -0.444121
51 37 -0.444121
51 38 -0.444121
51 39 -0.444121
51 40 -0.444121
51 41 -0.444121
51 42 -0.444121
51 43 -0.444121
51 44 -0.444121
51 45 -0.444121
51 46 -0.444121
51 47 -0.444121
51 48 -0.444121
51 49 -0.444121
51 50 -0.444121
51 51 -0.444121
51 52 -0.444121
51 53 -0.444121
51 54 -0.444121
51 55 -0.444121
51 56 -0.444121
51 57 -0.444121
51 58 -0.444121
51 59 -0.444121
51 60 -0.444121
51 61 -0.444121
51 62 -0.444121
51 63 -0.444121
52 0 -0.598117
52 1 -0.598117
52 2 -0.439433
52 3 -0.431634
52 4 -0.443881
52 5 -0.445103
52 6 -0.444189
52 7 -0.444046
52 8 -0.444112
52 9 -0.444127
52 10 -0.444122
52 11 -0.444121
52 12 -0.444121
52 13 -0.444121
52 14 -0.444121
52 15 -0.444121
52 16 -0.444121
52 17 -0.444121
52 18 -0.444121
52 19 -0.444121
52 20 -0.444121
52 21 -0.444121
52 22 -0.444121
52 23 -0.444121
52 24 -0.444121
52 25 -0.444121
52 26 -0.444121
52 27 -0.444121
52 28 -0.444122
52 29 -0.444122
52 30 -0.444122
52 31 -0.444122
52 32 -0.444122
52 33 -0.444122
52 34 -0.444122
52 35 -0.444122
52 36 -0.444122
52 37 -0.444122
52 38 -0.444122
52 39 -0.444122
52 40 -0.444122
52 41 -0.444122
52 42 -0.444122
52 43 -0.444122
52 44 -0.444122
52 45 -0.444122
52 46 -0.444122
52 47 -0.444122
52 48 -0.444122
52 49 -0.444122
52 50 -0.444122
52 51 -0.444122
52 52 -0.444122
52 53 -0.444122
52 54 -0.444122
52 55 -0.444122
52 56 -0.444122
52 57 -0.444122
52 58 -0.444122
52 59 -0.444122
52 60 -0.444122
52 61 -0.444122
52 62 -0.444122
52 63 -0.444122
53 0 -0.598117
53 1 -0.598117
53 2 -0.439433
53 3 -0.431634
53 4 -0.443881
53 5 -0.445103
53 6 -0.444189
53 7 -0.444047
53 8 -0.444112
53 9 -0.444127
53 10 -0.444123
53 11 -0.444121
53 12 -0.444121
53 13 -0.444122
53 14 -0.444122
53 15 -0.444122
53 16 -0.444122
53 17 -0.444122
53 18 -0.444122
53 19 -0.444122
53 20 -0.444122
53 21 -0.444122
53 22 -0.444122
53 23 -0.444122
53 24 -0.444122
53 25 -0.444122
53 26 -0.444122
53 27 -0.444122
53 28 -0.444122
53 29 -0.444122
53 30 -0.444122
53 31 -0.444122
53 32 -0.444122
53 33 -0.444122
53 34 -0.444122
53 35 -0.444122
53 36 -0.444122
53 37 -0.444122
53 38 -0.444122
53 39 -0.444122
53 40 -0.444122
53 41 -0.444122
53 42 -0.444122
53 43 -0.444122
53 44 -0.444122
53 45 -0.444122
53 46 -0.444122
53 47 -0.444122
53 48 -0.444122
53 49 -0.444122
53 50 -0.444122
53 51 -0.444122
53 52 -0.444122
53 53 -0.444122
53 54 -0.444122
53 55 -0.444122
53 56 -0.444122
53 57 -0.444122
53 58 -0.444122
53 59 -0.444122
53 60 -0.444122
53 61 -0.444122
53 62 -0.444122
53 63 -0.444122
54 0 -0.598117
54 1 -0.598117
54 2 -0.439433
54 3 -0.431634
54 4 -0.443881
54 5 -0.445104
54 6 -0.444189
54 7 -0.444047
54 8 -0.444113
54 9 -0.444127
54 10 -0.444123
54 11 -0.444121
54 12 -0.444122
54 13 -0.444122
54 14 -0.444122
54 15 -0.444122
54 16 -0.444122
54 17 -0.444122
54 18 -0.444122
54 19 -0.444122
54 20 -0.444122
54 21 -0.444122
54 22 -0.444122
54 23 -0.444122
54 24 -0.444122
54 25 -0.444122
54 26 -0.444122
54 27 -0.444122
54 28 -0.444122
54 29 -0.444122
54 30 -0.444122
54 31 -0.444122
54 32 -0.444122
54 33 -0.444122
54 34 -0.444122
54 35 -0.444122
54 36 -0.444122
54 37 -0.444122
54 38 -0.444122
54 39 -0.444122
54 40 -0.444122
54 41 -0.444122
54 42 -0.444123
54 43 -0.444123
54 44 -0.444123
54 45 -0.444123
54 46 -0.444123
54 47 -0.444123
54 48 -0.444123
54 49 -0.444123
54 50 -0.444123
54 51 -0.444123
54 52 -0.444123
54 53 -0.444123
54 54 -0.444123
54 55 -0.444123
54 56 -0.444123
54 57 -0.444123
54 58 -0.444123
54 59 -0.444123
54 60 -0.444123
54 61 -0.444123
54 62 -0.444123
54 63 -0.444123
55 0 -0.598117
55 1 -0.598117
55 2 -0.439434
55 3 -0.431635
55 4 -0.443881
55 5 -0.445104
55 6 -0.444189
55 7 -0.444047
55 8 -0.444113
55 9 -0.444128
55 10 -0.444123
55 11 -0.444122
55 12 -0.444122
55 13 -0.444122
55 14 -0.444122
55 15 -0.444122
55 16 -0.444122
55 17 -0.444122
55 18 -0.444122
55 19 -0.444122
55 20 -0.444122
55 21 -0.444123
55 22 -0.444123
55 23 -0.444123
55 24 -0.444123
55 25 -0.444123
55 26 -0.444123
55 27 -0.444123
55 28 -0.444123
55 29 -0.444123
55 30 -0.444123
55 31 -0.444123
55 32 -0.444123
55 33 -0.444123
55 34 -0.444123
55 35 -0.444123
55 36 -0.444123
55 37 -0.444123
55 38 -0.444123
55 39 -0.444123
55 40 -0.444123
55 41 -0.444123
55 42 -0.444123
55 43 -0.444123
55 44 -0.444123
55 45 -0.444123
55 46 -0.444123
55 47 -0.444123
55 48 -0.444123
55 49 -0.444123
55 50 -0.444123
55 51 -0.444123
55 52 -0.444123
55 53 -0.444123
55 54 -0.444123
55 55 -0.444123
55 56 -0.444123
55 57 -0.444123
55 58 -0.444123
55 59 -0.444123
55 60 -0.444123
55 61 -0.444123
55 62 -0.444123
55 63 -0.444123
56 0 -0.598117
56 1 -0.598117
56 2 -0.439434
56 3 -0.431635
56 4 -0.443881
56 5 -0.445104
56 6 -0.444189
56 7 -0.444047
56 8 -0.444113
56 9 -0.444128
56 10 -0.444123
56 11 -0.444122
56 12 -0.444122
56 13 -0.444123
56 14 -0.444123
56 15 -0.444123
56 16 -0.444123
56 17 -0.444123
56 18 -0.444123
56 19 -0.444123
56 20 -0.444123
56 21 -0.444123
56 22 -0.444123
56 23 -0.444123
56 24 -0.444123
56 25 -0.444123
56 26 -0.444123
56 27 -0.444123
56 28 -0.444123
56 29 -0.444123
56 30 -0.444123
56 31 -0.444123
56 32 -0.444123
56 33 -0.444123
56 34 -0.444123
56 35 -0.444123
56 36 -0.444123
56 37 -0.444123
56 38 -0.444123
56 39 -0.444123
56 40 -0.444123
56 41 -0.444123
56 42 -0.444124
56 43 -0.444124
56 44 -0.444124
56 45 -0.444124
56 46 -0.444124
56 47 -0.444124
56 48 -0.444124
56 49 -0.444124
56 50 -0.444124
56 51 -0.444124
56 52 -0.444124
56 53 -0.444124
56 54 -0.444124
56 55 -0.444124
56 56 -0.444124
56 57 -0.444124
56 58 -0.444124
56 59 -0.444124
56 60 -0.444124
56 61 -0.444124
56 62 -0.444124
56 63 -0.444124
57 0 -0.598117
57 1 -0.598117
57 2 -0.439434
57 3 -0.431635
57 4 -0.443882
57 5 -0.445104
57 6 -0.444190
57 7 -0.444048
57 8 -0.444113
57 9 -0.444128
57 10 -0.444124
57 11 -0.444122
57 12 -0.444123
57 13 -0.444123
57 14 -0.444123
57 15 -0.444123
57 16 -0.444123
57 17 -0.444123
57 18 -0.444123
57 19 -0.444123
57 20 -0.444123
57 21 -0.444123
57 22 -0.444123
57 23 -0.444123
57 24 -0.444123
57 25 -0.444124
57 26 -0.444124
57 27 -0.444124
57 28 -0.444124
57 29 -0.444124
57 30 -0.444124
57 31 -0.444124
57 32 -0.444124
57 33 -0.444124
57 34 -0.444124
57 35 -0.444124
57 36 -0.444124
57 37 -0.444124
57 38 -0.444124
57 39 -0.444124
57 40 -0.444124
57 41 -0.444124
57 42 -0.444124
57 43 -0.444124
57 44 -0.444124
57 45 -0.444124
57 46 -0.444124
57 47 -0.444124
57 48 -0.444124
57 49 -0.444124
57 50 -0.444124
57 51 -0.444124
57 52 -0.444124
57 53 -0.444124
57 54 -0.444124
57 55 -0.444124
57 56 -0.444124
57 57 -0.444124
57 58 -0.444124
57 59 -0.444124
57 60 -0.444124
57 61 -0.444124
57 62 -0.444124
57 63 -0.444124
58 0 -0.598118
58 1 -0.598118
58 2 -0.439434
58 3 -0.431635
58 4 -0.443882
58 5 -0.445105
58 6 -0.444190
58 7 -0.444048
58 8 -0.444114
58 9 -0.444128
58 10 -0.444124
58 11 -0.444123
58 12 -0.444123
58 13 -0.444123
58 14 -0.444123
58 15 -0.444123
58 16 -0.444123
58 17 -0.444124
58 18 -0.444124
58 19 -0.444124
58 20 -0.444124
58 21 -0.444124
58 22 -0.444124
58 23 -0.444124
58 24 -0.444124
58 25 -0.444124
58 26 -0.444124
58 27 -0.444124
58 28 -0.444124
58 29 -0.444124
58 30 -0.444124
58 31 -0.444124
58 32 -0.444124
58 33 -0.444124
58 34 -0.444124
58 35 -0.444124
58 36 -0.444124
58 37 -0.444124
58 38 -0.444125
58 39 -0.444125
58 40 -0.444125
58 41 -0.444125
58 42 -0.444125
58 43 -0.444125
58 44 -0.444125
58 45 -0.444125
58 46 -0.444125
58 47 -0.444125
58 48 -0.444125
58 49 -0.444125
58 50 -0.444125
58 51 -0.444125
58 52 -0.444125
58 53 -0.444125
58 54 -0.444125
58 55 -0.444125
58 56 -0.444125
58 57 -0.444125
58 58 -0.444125
58 59 -0.444125
58 60 -0.444125
58 61 -0.444125
58 62 -0.444125
58 63 -0.444125
59 0 -0.598118
59 1 -0.598118
59 2 -0.439434
59 3 -0.431635
59 4 -0.443882
59 5 -0.445105
59 6 -0.444190
59 7 -0.444048
59 8 -0.444114
59 9 -0.444129
59 10 -0.444124
59 11 -0.444123
59 12 -0.444123
59 13 -0.444124
59 14 -0.444124
59 15 -0.444124
59 16 -0.444124
59 17 -0.444124
59 18 -0.444124
59 19 -0.444124
59 20 -0.444124
59 21 -0.444124
59 22 -0.444124
59 23 -0.444124
59 24 -0.444124
59 25 -0.444124
59 26 -0.444125
59 27 -0.444125
59 28 -0.444125
59 29 -0.444125
59 30 -0.444125
59 31 -0.444125
59 32 -0.444125
59 33 -0.444125
59 34 -0.444125
59 35 -0.444125
59 36 -0.444125
59 37 -0.444125
59 38 -0.444125
59 39 -0.444125
59 40 -0.444125
59 41 -0.444125
59 42 -0.444125
59 43 -0.444125
59 44 -0.444125
59 45 -0.444125
59 46 -0.444125
59 47 -0.444125
59 48 -0.444125
59 49 -0.444125
59 50 -0.444125
59 51 -0.444125
59 52 -0.444125
59 53 -0.444125
59 54 -0.444125
59 55 -0.444125
59 56 -0.444125
59 57 -0.444125
59 58 -0.444125
59 59 -0.444125
59 60 -0.444125
59 61 -0.444125
59 62 -0.444125
59 63 -0.444125
60 0 -0.598118
60 1 -0.598118
60 2 -0.439435
60 3 -0.431636
60 4 -0.443882
60 5 -0.445105
60 6 -0.444191
60 7 -0.444048
60 8 -0.444114
60 9 -0.444129
60 10 -0.444125
60 11 -0.444123
60 12 -0.444124
60 13 -0.444124
60 14 -0.444124
60 15 -0.444124
60 16 -0.444124
60 17 -0.444124
60 18 -0.444124
60 19 -0.444125
60 20 -0.444125
60 21 -0.444125
60 22 -0.444125
60 23 -0.444125
60 24 -0.444125
60 25 -0.444125
60 26 -0.444125
60 27 -0.444125
60 28 -0.444125
60 29 -0.444125
60 30 -0.444125
60 31 -0.444125
60 32 -0.444125
60 33 -0.444125
60 34 -0.444126
60 35 -0.444126
60 36 -0.444126
60 37 -0.444126
60 38 -0.444126
60 39 -0.444126
60 40 -0.444126
60 41 -0.444126
60 42 -0.444126
60 43 -0.444126
60 44 -0.444126
60 45 -0.444126
60 46 -0.444126
60 47 -0.444126
60 48 -0.444126
60 49 -0.444126
60 50 -0.444126
60 51 -0.444126
60 52 -0.444126
60 53 -0.444126
60 54 -0.444126
60 55 -0.444126
60 56 -0.444126
60 57 -0.444126
60 58 -0.444126
60 59 -0.444126
60 60 -0.444126
60 61 -0.444126
60 62 -0.444126
60 63 -0.444126
61 0 -0.598118
61 1 -0.598118
61 2 -0.439435
61 3 -0.431636
61 4 -0.443882
61 5 -0.445105
61 6 -0.444191
61 7 -0.444049
61 8 -0.444115
61 9 -0.444129
61 10 -0.444125
61 11 -0.444124
61 12 -0.444124
61 13 -0.444124
61 14 -0.444124
61 15 -0.444125
61 16 -0.444125
61 17 -0.444125
61 18 -0.444125
61 19 -0.444125
61 20 -0.444125
61 21 -0.444125
61 22 -0.444125
61 23 -0.444125
61 24 -0.444125
61 25 -0.444126
61 26 -0.444126
61 27 -0.444126
61 28 -0.444126
61 29 -0.444126
61 30 -0.444126
61 31 -0.444126
61 32 -0.444126
61 33 -0.444126
61 34 -0.444126
61 35 -0.444126
61 36 -0.444126
61 37 -0.444126
61 38 -0.444126
61 39 -0.444126
61 40 -0.444126
61 41 -0.444126
61 42 -0.444126
61 43 -0.444126
61 44 -0.444127
61 45 -0.444127
61 46 -0.444127
61 47 -0.444127
61 48 -0.444127
61 49 -0.444127
61 50 -0.444127
61 51 -0.444127
61 52 -0.444127
61 53 -0.444127
61 54 -0.444127
61 55 -0.444127
61 56 -0.444127
61 57 -0.444127
61 58 -0.444127
61 59 -0.444127
61 60 -0.444127
61 61 -0.444127
61 62 -0.444127
61 63 -0.444127
62 0 -0.598118
62 1 -0.598118
62 2 -0.439435
62 3 -0.431636
62 4 -0.443883
62 5 -0.445106
62 6 -0.444191
62 7 -0.444049
62 8 -0.444115
62 9 -0.444130
62 10 -0.444125
62 11 -0.444124
62 12 -0.444125
62 13 -0.444125
62 14 -0.444125
62 15 -0.444125
62 16 -0.444125
62 17 -0.444125
62 18 -0.444125
62 19 -0.444125
62 20 -0.444126
62 21 -0.444126
62 22 -0.444126
62 23 -0.444126
62 24 -0.444126
62 25 -0.444126
62 26 -0.444126
62 27 -0.444126
62 28 -0.444126
62 29 -0.444126
62 30 -0.444126
62 31 -0.444127
62 32 -0.444127
62 33 -0.444127
62 34 -0.444127
62 35 -0.444127
62 36 -0.444127
62 37 -0.444127
62 38 -0.444127
62 39 -0.444127
62 40 -0.444127
62 41 -0.444127
62 42 -0.444127
62 43 -0.444127
62 44 -0.444127
62 45 -0.444127
62 46 -0.444127
62 47 -0.444127
62 48 -0.444127
62 49 -0.444127
62 50 -0.444127
62 51 -0.444127
62 52 -0.444127
62 53 -0.444127
62 54 -0.444127
62 55 -0.444127
62 56 -0.444127
62 57 -0.444127
62 58 -0.444127
62 59 -0.444127
62 60 -0.444127
62 61 -0.444127
62 62 -0.444127
62 63 -0.444127
63 0 0.000000
63 1 0.000000
63 2 0.000000
63 3 0.000000
63 4 0.000000
63 5 0.000000
63 6 0.000000
63 7 0.000000
63 8 0.000000
63 9 0.000000
63 10 0.000000
63 11 0.000000
63 12 0.000000
63 13 0.000000
63 14 0.000000
63 15 0.000000
63 16 0.000000
63 17 0.000000
63 18 0.000000
63 19 0.000000
63 20 0.000000
63 21 0.000000
63 22 0.000000
63 23 0.000000
63 24 0.000000
63 25 0.000000
63 26 0.000000
63 27 0.000000
63 28 0.000000
63 29 0.000000
63 30 0.000000
63 31 0.000000
63 32 0.000000
63 33 0.000000
63 34 0.000000
63 35 0.000000
63 36 0.000000
63 37 0.000000
63 38 0.000000
63 39 0.000000
63 40 0.000000
63 41 0.000000
63 42 0.000000
63 43 0.000000
63 44 0.000000
63 45 0.000000
63 46 0.000000
63 47 0.000000
63 48 0.000000
63 49 0.000000
63 50 0.000000
63 51 0.000000
63 52 0.000000
63 53 0.000000
63 54 0.000000
63 55 0.000000
63 56 0.000000
63 57 0.000000
63 58 0.000000
63 59 0.000000
63 60 0.000000
63 61 0.000000
63 62 0.000000
63 63 0.000000
